89 3916
0 23 55 72 59 74 40
20 50 78 47 41 13 65
5 69 68 17 71 83 15
50 58 13 35 82 9 24
29 31 80 73 26 23 57
83 47 45 37 9 62 41
32 43 74 35 82 9 75
81 35 15 77 22 85 71
84 25 32 2 53 56 36
30 3 25 34 25 20 22
13 33 16 27 76 72 70
76 14 87 67 84 74 71
33 55 76 44 68 72 13
3 44 28 14 53 56 29
3 44 28 28 14 61 44
78 75 10 29 31 80 82
7 6 82 39 80 19 97
88 24 38 5 69 68 54
57 13 49 29 31 80 35
68 24 36 67 84 74 71
59 28 10 61 33 74 64
37 9 62 55 28 43 26
30 3 25 65 76 20 73
4 24 15 35 82 9 58
18 30 57 16 52 51 22
5 69 68 31 26 36 53
81 35 15 8 18 77 64
87 59 54 63 70 37 20
12 2 9 74 44 58 64
37 9 62 3 44 28 48
87 59 54 72 59 74 20
58 33 4 35 82 9 49
72 59 74 83 47 45 31
37 9 62 72 59 74 51
67 84 74 22 48 64 37
25 58 52 33 55 76 24
55 28 43 22 48 64 29
87 59 54 53 55 30 24
65 76 20 75 28 68 67
9 9 49 12 2 9 40
35 82 9 23 30 70 80
72 59 74 56 60 25 49
1 27 83 41 17 27 56
69 24 37 45 75 41 51
29 31 80 34 25 20 60
36 72 88 23 30 70 45
32 43 74 82 30 63 17
58 33 4 32 43 74 70
55 28 43 80 65 80 52
86 73 66 76 14 87 62
77 22 85 0 23 55 30
30 3 25 5 69 68 78
50 58 13 4 24 15 34
71 71 10 26 72 68 58
19 19 47 68 24 36 12
59 28 10 60 42 85 76
69 24 37 61 33 74 38
36 72 88 6 79 17 71
76 14 87 40 66 19 85
21 55 27 73 26 23 29
47 41 13 59 28 10 13
51 40 47 13 33 16 31
69 24 37 30 3 25 24
66 17 12 40 66 19 49
57 13 49 78 75 10 73
78 75 10 45 75 41 31
1 27 83 61 33 74 10
84 25 32 36 72 88 73
26 72 68 60 42 85 34
79 17 3 20 50 78 81
28 14 61 15 47 65 33
26 72 68 27 76 72 5
47 41 13 26 72 68 63
40 66 19 52 42 42 33
77 22 85 71 71 10 89
23 30 70 39 80 19 71
13 33 16 19 19 47 34
64 8 33 2 53 56 50
10 51 64 20 50 78 14
22 48 64 31 26 36 35
51 40 47 34 25 20 30
23 30 70 5 69 68 39
81 35 15 2 53 56 44
82 30 63 48 44 19 46
34 25 20 14 53 56 45
10 51 64 1 27 83 30
53 55 30 28 14 61 51
3 44 28 80 65 80 56
80 65 80 14 53 56 26
76 14 87 37 9 62 25
88 24 38 35 82 9 64
26 72 68 9 9 49 65
19 19 47 67 84 74 70
25 58 52 8 18 77 47
83 47 45 62 7 83 55
35 82 9 36 72 88 79
8 18 77 83 47 45 43
34 25 20 42 10 28 17
19 19 47 64 8 33 17
81 35 15 54 43 37 23
8 18 77 32 43 74 25
27 76 72 80 65 80 13
76 14 87 84 25 32 56
15 47 65 78 75 10 61
40 66 19 6 79 17 13
76 14 87 73 26 23 65
21 55 27 88 24 38 32
36 72 88 10 51 64 31
5 69 68 63 70 37 31
29 31 80 70 10 1 81
67 84 74 85 16 75 68
27 76 72 23 30 70 46
1 27 83 18 30 57 26
86 73 66 8 18 77 56
31 26 36 18 30 57 21
50 58 13 23 30 70 63
37 9 62 34 25 20 44
68 24 36 37 9 62 30
50 58 13 47 41 13 17
19 19 47 7 6 82 37
13 33 16 86 73 66 64
59 28 10 57 13 49 41
26 72 68 77 22 85 52
67 84 74 30 3 25 94
38 57 24 0 23 55 46
0 23 55 84 25 32 23
6 79 17 34 25 20 54
60 42 85 48 44 19 66
75 28 68 45 75 41 54
13 33 16 7 6 82 71
49 56 70 12 2 9 81
51 40 47 85 16 75 36
39 80 19 36 72 88 69
12 2 9 37 9 62 53
0 23 55 17 71 83 55
74 44 58 67 84 74 43
21 55 27 19 19 47 41
79 17 3 76 14 87 84
70 10 1 65 76 20 68
20 50 78 17 71 83 21
30 3 25 53 55 30 52
61 33 74 15 47 65 16
39 80 19 16 52 51 42
44 68 72 73 26 23 64
42 10 28 43 12 26 2
5 69 68 48 44 19 55
56 60 25 9 9 49 56
67 84 74 16 52 51 39
54 43 37 1 27 83 48
82 30 63 72 59 74 31
78 75 10 77 22 85 91
88 24 38 60 42 85 50
8 18 77 53 55 30 59
49 56 70 72 59 74 5
61 33 74 13 33 16 58
9 9 49 77 22 85 38
27 76 72 70 10 1 96
78 75 10 61 33 74 76
26 72 68 22 48 64 24
3 44 28 81 35 15 15
19 19 47 18 30 57 14
13 33 16 60 42 85 69
57 13 49 14 53 56 40
63 70 37 86 73 66 29
39 80 19 34 25 20 55
72 59 74 58 33 4 74
80 65 80 0 23 55 48
30 3 25 20 50 78 70
87 59 54 81 35 15 45
55 28 43 48 44 19 28
21 55 27 54 43 37 15
80 65 80 81 35 15 71
59 28 10 22 48 64 57
18 30 57 2 53 56 23
88 24 38 41 17 27 13
39 80 19 79 17 3 65
43 12 26 10 51 64 54
34 25 20 44 68 72 67
70 10 1 33 55 76 87
42 10 28 45 75 41 66
20 50 78 60 42 85 10
61 33 74 57 13 49 32
55 28 43 25 58 52 31
56 60 25 59 28 10 35
56 60 25 16 52 51 27
70 10 1 14 53 56 69
55 28 43 12 2 9 42
36 72 88 26 72 68 20
68 24 36 13 33 16 21
40 66 19 37 9 62 71
60 42 85 46 39 36 49
31 26 36 13 33 16 21
65 76 20 48 44 19 32
26 72 68 62 7 83 66
62 7 83 20 50 78 43
43 12 26 68 24 36 15
62 7 83 22 48 64 45
12 2 9 32 43 74 76
66 17 12 42 10 28 17
42 10 28 25 58 52 53
32 43 74 59 28 10 65
31 26 36 8 18 77 41
58 33 4 11 61 13 29
19 19 47 33 55 76 46
22 48 64 53 55 30 34
84 25 32 30 3 25 23
21 55 27 12 2 9 55
23 30 70 77 22 85 17
19 19 47 59 28 10 38
1 27 83 62 7 83 20
36 72 88 68 24 36 70
22 48 64 64 8 33 50
27 76 72 11 61 13 60
48 44 19 28 14 61 51
22 48 64 20 50 78 14
43 12 26 18 30 57 35
49 56 70 86 73 66 17
68 24 36 38 57 24 35
88 24 38 78 75 10 58
78 75 10 70 10 1 65
32 43 74 83 47 45 29
47 41 13 55 28 43 32
51 40 47 20 50 78 32
57 13 49 36 72 88 70
75 28 68 28 14 61 15
8 18 77 3 44 28 55
25 58 52 18 30 57 28
62 7 83 81 35 15 73
49 56 70 55 28 43 38
12 2 9 45 75 41 79
70 10 1 0 23 55 55
27 76 72 7 6 82 70
13 33 16 50 58 13 25
62 7 83 11 61 13 88
16 52 51 10 51 64 13
49 56 70 26 72 68 16
16 52 51 74 44 58 10
27 76 72 74 44 58 34
25 58 52 51 40 47 18
62 7 83 18 30 57 34
5 69 68 25 58 52 19
4 24 15 62 7 83 70
33 55 76 21 55 27 49
61 33 74 29 31 80 6
57 13 49 1 27 83 36
54 43 37 36 72 88 58
76 14 87 13 33 16 73
25 58 52 83 47 45 13
40 66 19 5 69 68 49
75 28 68 54 43 37 34
30 3 25 2 53 56 58
52 42 42 78 75 10 45
42 10 28 18 30 57 35
24 65 3 62 7 83 98
0 23 55 11 61 13 56
34 25 20 23 30 70 50
56 60 25 81 35 15 26
65 76 20 6 79 17 4
47 41 13 69 24 37 29
33 55 76 53 55 30 46
83 47 45 3 44 28 17
64 8 33 85 16 75 42
19 19 47 84 25 32 16
81 35 15 29 31 80 65
68 24 36 87 59 54 39
39 80 19 45 75 41 22
10 51 64 31 26 36 37
7 6 82 4 24 15 69
34 25 20 77 22 85 65
78 75 10 1 27 83 87
57 13 49 56 60 25 52
44 68 72 46 39 36 46
4 24 15 83 47 45 37
68 24 36 80 65 80 60
30 3 25 4 24 15 23
48 44 19 18 30 57 40
11 61 13 12 2 9 59
22 48 64 25 58 52 15
63 70 37 88 24 38 46
54 43 37 61 33 74 38
66 17 12 11 61 13 44
82 30 63 1 27 83 20
34 25 20 1 27 83 63
71 71 10 86 73 66 56
85 16 75 35 82 9 93
42 10 28 17 71 83 82
34 25 20 66 17 12 11
38 57 24 85 16 75 65
65 76 20 79 17 3 61
53 55 30 80 65 80 50
15 47 65 20 50 78 13
76 14 87 66 17 12 75
49 56 70 87 59 54 16
52 42 42 70 10 1 52
47 41 13 2 53 56 44
67 84 74 62 7 83 77
41 17 27 70 10 1 26
43 12 26 11 61 13 50
53 55 30 82 30 63 41
13 33 16 44 68 72 66
65 76 20 46 39 36 40
19 19 47 4 24 15 32
9 9 49 72 59 74 55
47 41 13 45 75 41 44
39 80 19 88 24 38 59
28 14 61 63 70 37 60
83 47 45 9 9 49 38
80 65 80 67 84 74 19
49 56 70 54 43 37 35
73 26 23 46 39 36 18
73 26 23 32 43 74 53
9 9 49 23 30 70 29
39 80 19 4 24 15 56
17 71 83 68 24 36 66
68 24 36 79 17 3 33
53 55 30 0 23 55 40
36 72 88 78 75 10 78
21 55 27 62 7 83 73
18 30 57 14 53 56 23
20 50 78 73 26 23 60
26 72 68 5 69 68 3
80 65 80 50 58 13 67
21 55 27 43 12 26 43
71 71 10 70 10 1 61
47 41 13 14 53 56 44
86 73 66 53 55 30 40
64 8 33 16 52 51 47
31 26 36 40 66 19 43
82 30 63 73 26 23 40
3 44 28 33 55 76 49
72 59 74 75 28 68 31
77 22 85 42 10 28 58
2 53 56 76 14 87 49
45 75 41 88 24 38 51
42 10 28 87 59 54 55
81 35 15 64 8 33 32
73 26 23 34 25 20 3
68 24 36 32 43 74 42
28 14 61 12 2 9 53
70 10 1 66 17 12 13
45 75 41 44 68 72 31
45 75 41 7 6 82 80
78 75 10 47 41 13 34
7 6 82 38 57 24 77
28 14 61 66 17 12 49
0 23 55 56 60 25 47
65 76 20 61 33 74 69
8 18 77 69 24 37 40
47 41 13 62 7 83 77
61 33 74 64 8 33 48
10 51 64 14 53 56 8
51 40 47 10 51 64 20
48 44 19 46 39 36 17
64 8 33 58 33 4 38
42 10 28 68 24 36 16
53 55 30 29 31 80 55
1 27 83 6 79 17 84
47 41 13 31 26 36 27
41 17 27 61 33 74 49
29 31 80 17 71 83 40
80 65 80 86 73 66 16
59 28 10 67 84 74 85
82 30 63 62 7 83 30
75 28 68 56 60 25 53
48 44 19 39 80 19 36
53 55 30 25 58 52 22
66 17 12 23 30 70 59
66 17 12 87 59 54 59
0 23 55 68 24 36 19
75 28 68 69 24 37 31
14 53 56 83 47 45 12
87 59 54 19 19 47 40
69 24 37 17 71 83 65
57 13 49 24 65 3 69
46 39 36 55 28 43 13
88 24 38 79 17 3 35
26 72 68 23 30 70 42
11 61 13 77 22 85 81
75 28 68 55 28 43 25
64 8 33 67 84 74 86
88 24 38 30 3 25 24
57 13 49 52 42 42 29
1 27 83 32 43 74 18
16 52 51 81 35 15 39
2 53 56 52 42 42 17
75 28 68 21 55 27 49
22 48 64 81 35 15 50
36 72 88 28 14 61 63
41 17 27 17 71 83 77
46 39 36 10 51 64 30
47 41 13 74 44 58 45
78 75 10 9 9 49 76
72 59 74 42 10 28 67
64 8 33 10 51 64 53
2 53 56 87 59 54 6
70 10 1 11 61 13 52
77 22 85 40 66 19 79
29 31 80 39 80 19 78
29 31 80 21 55 27 58
51 40 47 40 66 19 38
2 53 56 88 24 38 34
77 22 85 14 53 56 42
9 9 49 81 35 15 42
76 14 87 47 41 13 78
65 76 20 3 44 28 32
72 59 74 67 84 74 25
41 17 27 60 42 85 63
74 44 58 53 55 30 30
42 10 28 86 73 66 73
55 28 43 6 79 17 57
58 33 4 37 9 62 62
14 53 56 69 24 37 34
19 19 47 78 75 10 67
55 28 43 5 69 68 48
32 43 74 52 42 42 32
18 30 57 61 33 74 17
48 44 19 10 51 64 45
27 76 72 85 16 75 60
7 6 82 3 44 28 66
8 18 77 28 14 61 16
61 33 74 34 25 20 54
34 25 20 11 61 13 36
65 76 20 74 44 58 49
62 7 83 19 19 47 37
84 25 32 46 39 36 14
29 31 80 30 3 25 61
25 58 52 50 58 13 39
86 73 66 15 47 65 26
14 53 56 49 56 70 14
77 22 85 74 44 58 34
36 72 88 34 25 20 82
45 75 41 81 35 15 47
1 27 83 83 47 45 42
35 82 9 38 57 24 29
62 7 83 69 24 37 49
0 23 55 15 47 65 26
13 33 16 28 14 61 48
14 53 56 51 40 47 15
73 26 23 5 69 68 62
18 30 57 12 2 9 55
9 9 49 42 10 28 21
27 76 72 60 42 85 36
79 17 3 69 24 37 34
33 55 76 14 53 56 20
9 9 49 16 52 51 43
51 40 47 24 65 3 50
46 39 36 41 17 27 23
11 61 13 60 42 85 74
6 79 17 11 61 13 18
86 73 66 43 12 26 72
77 22 85 10 51 64 35
56 60 25 54 43 37 20
76 14 87 62 7 83 8
53 55 30 67 84 74 52
66 17 12 1 27 83 71
55 28 43 59 28 10 33
3 44 28 50 58 13 20
32 43 74 34 25 20 56
51 40 47 65 76 20 45
44 68 72 86 73 66 7
17 71 83 76 14 87 57
52 42 42 88 24 38 18
5 69 68 61 33 74 36
42 10 28 27 76 72 79
5 69 68 20 50 78 21
17 71 83 15 47 65 30
10 51 64 72 59 74 12
82 30 63 51 40 47 18
82 30 63 11 61 13 58
83 47 45 20 50 78 33
87 59 54 12 2 9 72
8 18 77 61 33 74 15
42 10 28 39 80 19 70
54 43 37 9 9 49 36
46 39 36 51 40 47 11
84 25 32 9 9 49 23
0 23 55 14 53 56 30
69 24 37 50 58 13 41
26 72 68 85 16 75 56
54 43 37 38 57 24 19
85 16 75 55 28 43 34
83 47 45 21 55 27 19
20 50 78 31 26 36 48
7 6 82 87 59 54 59
1 27 83 60 42 85 15
61 33 74 28 14 61 23
81 35 15 32 43 74 59
3 44 28 11 61 13 22
29 31 80 0 23 55 26
43 12 26 71 71 10 61
55 28 43 16 52 51 25
19 19 47 72 59 74 48
38 57 24 5 69 68 45
45 75 41 53 55 30 22
29 31 80 33 55 76 24
79 17 3 78 75 10 58
39 80 19 49 56 70 56
82 30 63 75 28 68 5
46 39 36 22 48 64 29
47 41 13 19 19 47 40
48 44 19 7 6 82 73
81 35 15 26 72 68 64
32 43 74 57 13 49 39
15 47 65 7 6 82 44
49 56 70 82 30 63 26
25 58 52 61 33 74 33
60 42 85 31 26 36 51
11 61 13 23 30 70 64
36 72 88 58 33 4 92
36 72 88 29 31 80 41
45 75 41 24 65 3 39
52 42 42 17 71 83 50
37 9 62 80 65 80 58
75 28 68 2 53 56 27
13 33 16 78 75 10 42
7 6 82 10 51 64 48
63 70 37 25 58 52 19
42 10 28 56 60 25 50
37 9 62 56 60 25 63
37 9 62 41 17 27 35
9 9 49 38 57 24 54
6 79 17 68 24 36 58
71 71 10 80 65 80 70
61 33 74 66 17 12 64
35 82 9 26 72 68 59
56 60 25 85 16 75 66
22 48 64 88 24 38 35
57 13 49 22 48 64 38
40 66 19 27 76 72 53
73 26 23 37 9 62 42
32 43 74 16 52 51 24
81 35 15 1 27 83 68
52 42 42 37 9 62 38
31 26 36 17 71 83 65
57 13 49 21 55 27 47
8 18 77 11 61 13 77
10 51 64 57 13 49 40
74 44 58 24 65 3 58
52 42 42 85 16 75 42
70 10 1 5 69 68 89
79 17 3 44 68 72 85
81 35 15 7 6 82 73
54 43 37 51 40 47 10
56 60 25 80 65 80 55
59 28 10 54 43 37 30
5 69 68 76 14 87 58
41 17 27 2 53 56 46
2 53 56 85 16 75 41
74 44 58 62 7 83 44
6 79 17 58 33 4 47
64 8 33 4 24 15 24
54 43 37 45 75 41 32
48 44 19 24 65 3 26
81 35 15 57 13 49 40
53 55 30 70 10 1 53
66 17 12 74 44 58 53
52 42 42 29 31 80 39
19 19 47 65 76 20 63
34 25 20 59 28 10 10
39 80 19 17 71 83 64
8 18 77 36 72 88 55
18 30 57 46 39 36 22
48 44 19 86 73 66 55
16 52 51 60 42 85 35
42 10 28 2 53 56 51
82 30 63 6 79 17 67
14 53 56 16 52 51 5
47 41 13 84 25 32 24
10 51 64 87 59 54 12
8 18 77 38 57 24 65
22 48 64 37 9 62 39
7 6 82 18 30 57 34
18 30 57 39 80 19 62
72 59 74 52 42 42 36
49 56 70 36 72 88 24
74 44 58 43 12 26 45
56 60 25 18 30 57 43
45 75 41 72 59 74 36
0 23 55 69 24 37 18
15 47 65 69 24 37 36
14 53 56 74 44 58 9
10 51 64 22 48 64 3
28 14 61 64 8 33 28
17 71 83 21 55 27 58
63 70 37 19 19 47 51
55 28 43 67 84 74 64
10 51 64 42 10 28 54
24 65 3 23 30 70 75
35 82 9 76 14 87 103
82 30 63 37 9 62 21
42 10 28 57 13 49 21
38 57 24 30 3 25 54
75 28 68 31 26 36 32
4 24 15 76 14 87 72
78 75 10 56 60 25 21
7 6 82 26 72 68 67
47 41 13 3 44 28 15
85 16 75 5 69 68 53
84 25 32 41 17 27 9
74 44 58 57 13 49 32
51 40 47 9 9 49 31
23 30 70 63 70 37 51
49 56 70 34 25 20 58
79 17 3 34 25 20 18
20 50 78 54 43 37 41
76 14 87 51 40 47 47
23 30 70 41 17 27 44
33 55 76 72 59 74 4
37 9 62 19 19 47 18
58 33 4 84 25 32 29
67 84 74 44 68 72 16
53 55 30 68 24 36 31
28 14 61 49 56 70 42
36 72 88 38 57 24 65
0 23 55 10 51 64 29
38 57 24 74 44 58 36
35 82 9 82 30 63 74
75 28 68 11 61 13 64
13 33 16 49 56 70 58
57 13 49 86 73 66 62
22 48 64 74 44 58 7
23 30 70 44 68 72 38
44 68 72 6 79 17 56
37 9 62 5 69 68 60
56 60 25 82 30 63 48
14 53 56 9 9 49 44
32 43 74 75 28 68 16
25 58 52 23 30 70 33
24 65 3 46 39 36 42
64 8 33 42 10 28 5
19 19 47 28 14 61 14
51 40 47 74 44 58 11
45 75 41 57 13 49 62
78 75 10 5 69 68 58
3 44 28 70 10 1 43
54 43 37 69 24 37 19
14 53 56 37 9 62 44
66 17 12 50 58 13 41
18 30 57 41 17 27 32
32 43 74 42 10 28 56
45 75 41 83 47 45 28
74 44 58 86 73 66 30
1 27 83 15 47 65 26
38 57 24 76 14 87 76
2 53 56 63 70 37 25
77 22 85 65 76 20 84
8 18 77 56 60 25 66
71 71 10 12 2 9 69
23 30 70 86 73 66 43
24 65 3 11 61 13 10
69 24 37 25 58 52 37
49 56 70 46 39 36 38
77 22 85 79 17 3 82
20 50 78 76 14 87 37
82 30 63 9 9 49 25
34 25 20 27 76 72 72
72 59 74 39 80 19 58
15 47 65 25 58 52 17
85 16 75 40 66 19 75
80 65 80 43 12 26 75
72 59 74 57 13 49 52
58 33 4 80 65 80 82
52 42 42 84 25 32 19
24 65 3 6 79 17 19
49 56 70 71 71 10 61
72 59 74 68 24 36 51
76 14 87 48 44 19 74
70 10 1 55 28 43 45
79 17 3 54 43 37 42
45 75 41 22 48 64 35
53 55 30 39 80 19 27
84 25 32 68 24 36 4
10 51 64 6 79 17 54
78 75 10 46 39 36 44
5 69 68 10 51 64 18
65 76 20 27 76 72 52
16 52 51 41 17 27 42
49 56 70 83 47 45 26
77 22 85 29 31 80 10
80 65 80 62 7 83 58
70 10 1 21 55 27 51
77 22 85 32 43 74 23
38 57 24 71 71 10 19
32 43 74 45 75 41 45
43 12 26 59 28 10 22
2 53 56 53 55 30 26
48 44 19 34 25 20 19
37 9 62 43 12 26 36
42 10 28 3 44 28 34
3 44 28 64 8 33 36
49 56 70 80 65 80 13
49 56 70 44 68 72 12
44 68 72 18 30 57 40
84 25 32 59 28 10 22
24 65 3 81 35 15 32
83 47 45 85 16 75 43
34 25 20 22 48 64 49
53 55 30 27 76 72 46
62 7 83 39 80 19 97
44 68 72 11 61 13 59
4 24 15 16 52 51 45
85 16 75 36 72 88 57
53 55 30 24 65 3 28
2 53 56 31 26 36 33
50 58 13 43 12 26 47
44 68 72 25 58 52 22
37 9 62 75 28 68 19
46 39 36 86 73 66 45
50 58 13 27 76 72 61
60 42 85 50 58 13 73
4 24 15 8 18 77 62
27 76 72 46 39 36 51
48 44 19 52 42 42 23
30 3 25 74 44 58 52
41 17 27 25 58 52 48
6 79 17 81 35 15 44
11 61 13 81 35 15 26
36 72 88 1 27 83 45
49 56 70 45 75 41 34
52 42 42 15 47 65 23
26 72 68 18 30 57 43
64 8 33 80 65 80 73
87 59 54 4 24 15 52
17 71 83 46 39 36 56
55 28 43 72 59 74 43
74 44 58 56 60 25 36
13 33 16 10 51 64 51
42 10 28 22 48 64 52
37 9 62 18 30 57 21
3 44 28 67 84 74 60
64 8 33 48 44 19 38
43 12 26 26 72 68 73
79 17 3 10 51 64 69
3 44 28 19 19 47 31
46 39 36 62 7 83 56
10 51 64 12 2 9 73
65 76 20 20 50 78 63
50 58 13 48 44 19 15
8 18 77 29 31 80 13
39 80 19 84 25 32 56
31 26 36 77 22 85 49
23 30 70 4 24 15 55
57 13 49 19 19 47 6
28 14 61 52 42 42 33
73 26 23 27 76 72 70
33 55 76 69 24 37 49
13 33 16 82 30 63 47
1 27 83 38 57 24 66
36 72 88 13 33 16 81
6 79 17 72 59 74 60
67 84 74 47 41 13 74
36 72 88 25 58 52 38
54 43 37 18 30 57 23
42 10 28 82 30 63 40
48 44 19 80 65 80 64
87 59 54 47 41 13 44
79 17 3 50 58 13 42
71 71 10 75 28 68 72
10 51 64 45 75 41 33
67 84 74 65 76 20 54
68 24 36 82 30 63 27
84 25 32 42 10 28 15
76 14 87 50 58 13 86
46 39 36 88 24 38 15
60 42 85 8 18 77 25
62 7 83 51 40 47 48
52 42 42 87 59 54 20
51 40 47 27 76 72 43
41 17 27 22 48 64 48
85 16 75 76 14 87 12
64 8 33 38 57 24 49
70 10 1 6 79 17 70
66 17 12 77 22 85 73
44 68 72 2 53 56 21
11 61 13 28 14 61 67
31 26 36 11 61 13 41
12 2 9 70 10 1 11
11 61 13 42 10 28 53
2 53 56 82 30 63 24
77 22 85 73 26 23 62
41 17 27 79 17 3 24
38 57 24 44 68 72 49
60 42 85 37 9 62 40
80 65 80 82 30 63 38
62 7 83 73 26 23 62
71 71 10 13 33 16 38
85 16 75 78 75 10 87
63 70 37 6 79 17 21
81 35 15 82 30 63 48
40 66 19 23 30 70 62
6 79 17 80 65 80 64
62 7 83 40 66 19 87
15 47 65 84 25 32 39
56 60 25 7 6 82 78
81 35 15 37 9 62 53
5 69 68 2 53 56 20
85 16 75 60 42 85 27
16 52 51 12 2 9 65
46 39 36 54 43 37 4
2 53 56 67 84 74 35
44 68 72 66 17 12 78
54 43 37 33 55 76 40
54 43 37 60 42 85 48
24 65 3 8 18 77 87
14 53 56 76 14 87 49
62 7 83 65 76 20 93
37 9 62 85 16 75 14
64 8 33 33 55 76 63
59 28 10 13 33 16 7
82 30 63 36 72 88 48
74 44 58 13 33 16 43
16 52 51 52 42 42 13
1 27 83 13 33 16 67
61 33 74 81 35 15 59
27 76 72 32 43 74 33
71 71 10 1 27 83 85
8 18 77 88 24 38 39
0 23 55 48 44 19 41
77 22 85 75 28 68 18
72 59 74 1 27 83 33
75 28 68 9 9 49 26
17 71 83 67 84 74 15
11 61 13 13 33 16 28
2 53 56 73 26 23 42
61 33 74 50 58 13 65
45 75 41 56 60 25 21
54 43 37 62 7 83 58
2 53 56 45 75 41 26
88 24 38 44 68 72 55
49 56 70 69 24 37 45
68 24 36 5 69 68 55
29 31 80 27 76 72 45
27 76 72 12 2 9 97
76 14 87 33 55 76 42
65 76 20 22 48 64 52
41 17 27 15 47 65 48
20 50 78 36 72 88 24
31 26 36 38 57 24 33
41 17 27 65 76 20 59
7 6 82 88 24 38 47
38 57 24 63 70 37 18
66 17 12 55 28 43 32
77 22 85 61 33 74 15
60 42 85 25 58 52 36
65 76 20 8 18 77 81
13 33 16 81 35 15 2
56 60 25 15 47 65 42
40 66 19 43 12 26 54
47 41 13 75 28 68 56
58 33 4 67 84 74 86
30 3 25 77 22 85 62
59 28 10 29 31 80 70
25 58 52 7 6 82 60
52 42 42 25 58 52 18
86 73 66 32 43 74 31
44 68 72 68 24 36 56
41 17 27 4 24 15 13
68 24 36 30 3 25 23
4 24 15 10 51 64 55
55 28 43 58 33 4 39
45 75 41 14 53 56 26
79 17 3 58 33 4 16
57 13 49 73 26 23 29
22 48 64 16 52 51 13
55 28 43 30 3 25 30
60 42 85 23 30 70 19
16 52 51 13 33 16 39
33 55 76 40 66 19 58
19 19 47 23 30 70 25
31 26 36 54 43 37 17
47 41 13 7 6 82 77
66 17 12 14 53 56 56
77 22 85 7 6 82 16
70 10 1 23 30 70 71
15 47 65 82 30 63 17
32 43 74 10 51 64 12
57 13 49 11 61 13 60
68 24 36 69 24 37 1
2 53 56 54 43 37 21
87 59 54 17 71 83 31
43 12 26 34 25 20 14
14 53 56 21 55 27 29
81 35 15 51 40 47 32
79 17 3 7 6 82 79
73 26 23 63 70 37 46
86 73 66 24 65 3 63
69 24 37 19 19 47 11
81 35 15 21 55 27 23
79 17 3 22 48 64 68
19 19 47 0 23 55 8
58 33 4 38 57 24 31
83 47 45 84 25 32 25
49 56 70 41 17 27 58
4 24 15 60 42 85 72
33 55 76 58 33 4 75
54 43 37 30 3 25 41
84 25 32 53 55 30 30
64 8 33 37 9 62 29
50 58 13 55 28 43 42
74 44 58 83 47 45 13
24 65 3 65 76 20 20
35 82 9 42 10 28 74
17 71 83 18 30 57 48
61 33 74 40 66 19 64
78 75 10 51 40 47 50
63 70 37 34 25 20 48
8 18 77 63 70 37 65
5 69 68 46 39 36 43
0 23 55 9 9 49 15
33 55 76 68 24 36 50
39 80 19 1 27 83 83
0 23 55 41 17 27 28
18 30 57 8 18 77 23
43 12 26 46 39 36 28
85 16 75 50 58 13 74
27 76 72 10 51 64 26
62 7 83 34 25 20 65
87 59 54 82 30 63 30
28 14 61 9 9 49 13
25 58 52 72 59 74 22
70 10 1 4 24 15 19
74 44 58 19 19 47 27
44 68 72 63 70 37 35
34 25 20 52 42 42 27
63 70 37 64 8 33 62
61 33 74 7 6 82 28
21 55 27 16 52 51 24
80 65 80 41 17 27 71
19 19 47 1 27 83 36
45 75 41 41 17 27 59
48 44 19 33 55 76 58
43 12 26 14 53 56 50
5 69 68 83 47 45 31
12 2 9 0 23 55 50
13 33 16 48 44 19 11
31 26 36 6 79 17 56
8 18 77 84 25 32 45
15 47 65 32 43 74 9
10 51 64 55 28 43 31
84 25 32 57 13 49 20
2 53 56 58 33 4 55
8 18 77 39 80 19 84
71 71 10 31 26 36 51
65 76 20 54 43 37 37
81 35 15 35 82 9 47
42 10 28 52 42 42 34
36 72 88 83 47 45 49
19 19 47 29 31 80 35
83 47 45 51 40 47 7
11 61 13 22 48 64 52
62 7 83 63 70 37 78
25 58 52 73 26 23 43
20 50 78 32 43 74 8
18 30 57 23 30 70 13
33 55 76 16 52 51 25
65 76 20 49 56 70 53
9 9 49 25 58 52 49
68 24 36 20 50 78 49
44 68 72 21 55 27 46
8 18 77 40 66 19 75
4 24 15 67 84 74 84
42 10 28 16 52 51 47
24 65 3 80 65 80 77
16 52 51 5 69 68 24
72 59 74 50 58 13 61
66 17 12 62 7 83 71
12 2 9 73 26 23 27
24 65 3 2 53 56 54
44 68 72 83 47 45 34
21 55 27 64 8 33 47
16 52 51 78 75 10 47
15 47 65 4 24 15 55
86 73 66 22 48 64 25
37 9 62 63 70 37 65
31 26 36 82 30 63 27
80 65 80 88 24 38 58
2 53 56 37 9 62 44
55 28 43 74 44 58 21
11 61 13 39 80 19 19
73 26 23 38 57 24 31
1 27 83 85 16 75 13
5 69 68 11 61 13 55
39 80 19 47 41 13 39
9 9 49 86 73 66 66
60 42 85 44 68 72 29
65 76 20 66 17 12 59
55 28 43 23 30 70 27
38 57 24 84 25 32 32
1 27 83 35 82 9 92
5 69 68 15 47 65 22
16 52 51 47 41 13 39
52 42 42 66 17 12 39
46 39 36 1 27 83 48
87 59 54 65 76 20 38
67 84 74 12 2 9 104
38 57 24 70 10 1 52
4 24 15 42 10 28 19
53 55 30 23 30 70 47
85 16 75 87 59 54 47
40 66 19 18 30 57 52
78 75 10 44 68 72 62
3 44 28 79 17 3 36
43 12 26 70 10 1 25
26 72 68 28 14 61 58
57 13 49 15 47 65 37
20 50 78 6 79 17 67
28 14 61 35 82 9 85
70 10 1 20 50 78 86
10 51 64 25 58 52 13
80 65 80 12 2 9 94
41 17 27 75 28 68 42
66 17 12 18 30 57 46
88 24 38 70 10 1 39
26 72 68 58 33 4 74
79 17 3 85 16 75 72
38 57 24 29 31 80 61
84 25 32 26 72 68 59
18 30 57 28 14 61 16
24 65 3 32 43 74 74
80 65 80 85 16 75 49
44 68 72 81 35 15 65
24 65 3 25 58 52 49
40 66 19 73 26 23 40
17 71 83 2 53 56 32
66 17 12 13 33 16 16
58 33 4 0 23 55 51
55 28 43 83 47 45 19
67 84 74 86 73 66 13
7 6 82 0 23 55 31
85 16 75 39 80 19 85
21 55 27 55 28 43 31
81 35 15 73 26 23 12
1 27 83 40 66 19 74
78 75 10 37 9 62 84
9 9 49 79 17 3 46
31 26 36 36 72 88 69
26 72 68 41 17 27 68
24 65 3 76 14 87 98
50 58 13 57 13 49 57
76 14 87 43 12 26 61
56 60 25 65 76 20 16
64 8 33 15 47 65 50
5 69 68 4 24 15 69
44 68 72 74 44 58 27
58 33 4 29 31 80 76
56 60 25 2 53 56 31
13 33 16 46 39 36 20
14 53 56 27 76 72 28
13 33 16 21 55 27 24
15 47 65 14 53 56 10
16 52 51 69 24 37 31
55 28 43 24 65 3 54
26 72 68 54 43 37 42
66 17 12 60 42 85 77
37 9 62 47 41 13 58
27 76 72 18 30 57 48
20 50 78 45 75 41 44
11 61 13 79 17 3 45
59 28 10 5 69 68 71
62 7 83 86 73 66 68
56 60 25 63 70 37 15
34 25 20 46 39 36 21
71 71 10 22 48 64 58
23 30 70 43 12 26 47
60 42 85 30 3 25 71
61 33 74 30 3 25 57
46 39 36 35 82 9 50
82 30 63 39 80 19 66
22 48 64 66 17 12 60
75 28 68 20 50 78 24
83 47 45 11 61 13 34
48 44 19 17 71 83 69
79 17 3 70 10 1 7
30 3 25 22 48 64 59
37 9 62 23 30 70 22
68 24 36 62 7 83 49
78 75 10 75 28 68 74
37 9 62 8 18 77 17
31 26 36 87 59 54 37
55 28 43 44 68 72 49
71 71 10 56 60 25 18
11 61 13 65 76 20 16
17 71 83 54 43 37 53
75 28 68 83 47 45 29
67 84 74 87 59 54 32
14 53 56 22 48 64 9
33 55 76 60 42 85 15
77 22 85 39 80 19 87
25 58 52 70 10 1 70
43 12 26 25 58 52 52
39 80 19 61 33 74 72
61 33 74 52 42 42 33
0 23 55 40 66 19 56
6 79 17 3 44 28 36
29 31 80 67 84 74 53
12 2 9 20 50 78 84
14 53 56 50 58 13 43
33 55 76 7 6 82 49
60 42 85 86 73 66 36
40 66 19 54 43 37 29
38 57 24 15 47 65 42
74 44 58 33 55 76 21
40 66 19 11 61 13 7
71 71 10 78 75 10 4
62 7 83 52 42 42 53
0 23 55 27 76 72 55
24 65 3 59 28 10 37
75 28 68 85 16 75 13
35 82 9 29 31 80 87
54 43 37 23 30 70 35
55 28 43 13 33 16 27
39 80 19 44 68 72 54
5 69 68 28 14 61 55
18 30 57 57 13 49 18
44 68 72 24 65 3 69
81 35 15 42 10 28 28
4 24 15 47 41 13 17
11 61 13 32 43 74 63
33 55 76 18 30 57 31
83 47 45 7 6 82 55
2 53 56 10 51 64 8
15 47 65 73 26 23 46
7 6 82 35 82 9 105
70 10 1 56 60 25 55
1 27 83 48 44 19 66
7 6 82 42 10 28 54
8 18 77 9 9 49 29
35 82 9 70 10 1 72
47 41 13 80 65 80 71
71 71 10 57 13 49 69
10 51 64 84 25 32 41
32 43 74 36 72 88 32
73 26 23 4 24 15 8
68 24 36 57 13 49 17
64 8 33 34 25 20 21
26 72 68 46 39 36 45
66 17 12 17 71 83 89
71 71 10 2 53 56 49
31 26 36 41 17 27 12
64 8 33 82 30 63 37
24 65 3 20 50 78 76
63 70 37 27 76 72 35
43 12 26 8 18 77 51
4 24 15 48 44 19 20
66 17 12 47 41 13 24
45 75 41 82 30 63 50
43 12 26 22 48 64 52
64 8 33 46 39 36 31
84 25 32 63 70 37 45
24 65 3 16 52 51 49
55 28 43 15 47 65 29
7 6 82 44 68 72 62
23 30 70 67 84 74 54
31 26 36 42 10 28 17
74 44 58 17 71 83 36
26 72 68 65 76 20 48
29 31 80 63 70 37 58
43 12 26 57 13 49 23
24 65 3 0 23 55 66
15 47 65 22 48 64 1
18 30 57 35 82 9 70
7 6 82 82 30 63 30
70 10 1 80 65 80 96
79 17 3 55 28 43 41
7 6 82 69 24 37 48
3 44 28 88 24 38 22
3 44 28 53 55 30 11
1 27 83 29 31 80 5
68 24 36 55 28 43 8
34 25 20 72 59 74 63
60 42 85 5 69 68 31
11 61 13 14 53 56 43
2 53 56 4 24 15 50
85 16 75 71 71 10 85
80 65 80 72 59 74 8
63 70 37 20 50 78 45
18 30 57 88 24 38 19
85 16 75 61 33 74 17
88 24 38 17 71 83 65
0 23 55 76 14 87 33
76 14 87 56 60 25 77
20 50 78 85 16 75 34
73 26 23 10 51 64 48
59 28 10 63 70 37 49
60 42 85 32 43 74 11
1 27 83 37 9 62 27
46 39 36 14 53 56 24
15 47 65 8 18 77 31
52 42 42 53 55 30 17
81 35 15 12 2 9 33
80 65 80 26 72 68 13
88 24 38 20 50 78 47
83 47 45 86 73 66 33
70 10 1 64 8 33 32
64 8 33 32 43 74 53
29 31 80 16 52 51 35
75 28 68 34 25 20 48
40 66 19 69 24 37 45
35 82 9 12 2 9 80
86 73 66 30 3 25 81
38 57 24 26 72 68 46
58 33 4 13 33 16 12
5 69 68 39 80 19 50
72 59 74 23 30 70 29
59 28 10 16 52 51 47
81 35 15 72 59 74 63
12 2 9 29 31 80 76
28 14 61 22 48 64 34
54 43 37 48 44 19 18
30 3 25 47 41 13 39
39 80 19 55 28 43 57
20 50 78 48 44 19 59
19 19 47 52 42 42 23
79 17 3 16 52 51 59
40 66 19 70 10 1 58
41 17 27 21 55 27 38
69 24 37 88 24 38 1
45 75 41 29 31 80 58
65 76 20 38 57 24 19
20 50 78 27 76 72 26
36 72 88 80 65 80 10
8 18 77 12 2 9 69
85 16 75 88 24 38 37
7 6 82 67 84 74 78
13 33 16 8 18 77 62
31 26 36 3 44 28 19
5 69 68 62 7 83 63
59 28 10 41 17 27 20
22 48 64 1 27 83 28
85 16 75 3 44 28 54
65 76 20 0 23 55 63
56 60 25 52 42 42 24
2 53 56 62 7 83 53
46 39 36 3 44 28 9
72 59 74 36 72 88 19
26 72 68 83 47 45 33
29 31 80 42 10 28 56
5 69 68 27 76 72 8
50 58 13 78 75 10 17
85 16 75 9 9 49 26
37 9 62 61 33 74 26
52 42 42 41 17 27 29
40 66 19 88 24 38 46
4 24 15 55 28 43 28
59 28 10 4 24 15 6
75 28 68 8 18 77 13
25 58 52 38 57 24 28
11 61 13 41 17 27 46
78 75 10 53 55 30 28
79 17 3 40 66 19 51
2 53 56 40 66 19 39
83 47 45 59 28 10 39
33 55 76 8 18 77 37
57 13 49 48 44 19 43
73 26 23 56 60 25 34
26 72 68 51 40 47 38
50 58 13 87 59 54 41
74 44 58 6 79 17 53
8 18 77 17 71 83 53
52 42 42 76 14 87 53
22 48 64 39 80 19 55
31 26 36 37 9 62 31
41 17 27 50 58 13 43
35 82 9 62 7 83 105
2 53 56 79 17 3 64
17 71 83 33 55 76 17
6 79 17 26 72 68 51
28 14 61 23 30 70 18
48 44 19 38 57 24 13
14 53 56 35 82 9 55
2 53 56 80 65 80 26
10 51 64 19 19 47 36
66 17 12 12 2 9 15
77 22 85 86 73 66 54
86 73 66 10 51 64 22
77 22 85 33 55 76 34
35 82 9 78 75 10 7
60 42 85 87 59 54 35
25 58 52 59 28 10 51
48 44 19 77 22 85 69
56 60 25 50 58 13 12
77 22 85 82 30 63 23
47 41 13 41 17 27 27
1 27 83 8 18 77 10
60 42 85 76 14 87 28
70 10 1 47 41 13 33
1 27 83 87 59 54 43
11 61 13 55 28 43 44
28 14 61 32 43 74 31
56 60 25 64 8 33 52
24 65 3 82 30 63 69
1 27 83 86 73 66 49
21 55 27 11 61 13 15
17 71 83 10 51 64 27
2 53 56 34 25 20 45
63 70 37 47 41 13 37
58 33 4 1 27 83 79
6 79 17 38 57 24 23
27 76 72 9 9 49 70
22 48 64 49 56 70 10
33 55 76 51 40 47 32
38 57 24 34 25 20 32
50 58 13 77 22 85 80
78 75 10 83 47 45 44
77 22 85 2 53 56 42
60 42 85 63 70 37 55
47 41 13 77 22 85 74
34 25 20 88 24 38 18
27 76 72 87 59 54 24
4 24 15 61 33 74 59
61 33 74 84 25 32 42
69 24 37 63 70 37 46
22 48 64 84 25 32 39
9 9 49 1 27 83 38
58 33 4 45 75 41 55
15 47 65 70 10 1 73
72 59 74 16 52 51 24
2 53 56 68 24 36 35
14 53 56 48 44 19 38
2 53 56 57 13 49 40
24 65 3 27 76 72 69
61 33 74 14 53 56 26
86 73 66 29 31 80 44
5 69 68 43 12 26 70
17 71 83 82 30 63 45
74 44 58 48 44 19 39
11 61 13 16 52 51 39
72 59 74 24 65 3 71
41 17 27 44 68 72 68
84 25 32 79 17 3 30
51 40 47 7 6 82 48
79 17 3 12 2 9 16
73 26 23 0 23 55 32
58 33 4 27 76 72 80
71 71 10 55 28 43 54
59 28 10 21 55 27 31
17 71 83 59 28 10 84
17 71 83 65 76 20 63
10 51 64 41 17 27 50
1 27 83 49 56 70 31
27 76 72 88 24 38 62
16 52 51 62 7 83 55
8 18 77 49 56 70 38
16 52 51 40 66 19 34
25 58 52 20 50 78 27
24 65 3 69 24 37 53
84 25 32 23 30 70 38
33 55 76 30 3 25 72
59 28 10 10 51 64 58
40 66 19 67 84 74 57
55 28 43 18 30 57 14
2 53 56 6 79 17 46
36 72 88 50 58 13 76
73 26 23 70 10 1 27
25 58 52 57 13 49 45
14 53 56 52 42 42 17
24 65 3 30 3 25 65
84 25 32 49 56 70 49
24 65 3 26 72 68 65
66 17 12 6 79 17 62
25 58 52 37 9 62 50
36 72 88 55 28 43 62
68 24 36 64 8 33 16
69 24 37 86 73 66 56
44 68 72 26 72 68 5
74 44 58 4 24 15 47
70 10 1 72 59 74 87
32 43 74 65 76 20 63
82 30 63 23 30 70 7
77 22 85 80 65 80 43
14 53 56 64 8 33 50
33 55 76 20 50 78 5
3 44 28 62 7 83 66
42 10 28 61 33 74 51
84 25 32 4 24 15 17
83 47 45 70 10 1 57
53 55 30 40 66 19 15
3 44 28 9 9 49 40
34 25 20 41 17 27 10
11 61 13 48 44 19 18
45 75 41 76 14 87 76
50 58 13 68 24 36 41
35 82 9 80 65 80 73
19 19 47 53 55 30 39
39 80 19 46 39 36 44
83 47 45 57 13 49 34
31 26 36 1 27 83 47
40 66 19 25 58 52 33
65 76 20 25 58 52 36
19 19 47 85 16 75 28
34 25 20 68 24 36 16
10 51 64 85 16 75 36
37 9 62 7 6 82 20
31 26 36 58 33 4 32
35 82 9 15 47 65 66
19 19 47 32 43 74 36
20 50 78 57 13 49 47
31 26 36 67 84 74 69
80 65 80 11 61 13 67
14 53 56 56 60 25 31
35 82 9 47 41 13 41
79 17 3 83 47 45 51
22 48 64 54 43 37 27
33 55 76 23 30 70 25
71 71 10 6 79 17 10
45 75 41 34 25 20 54
82 30 63 20 50 78 25
61 33 74 53 55 30 49
85 16 75 15 47 65 32
36 72 88 77 22 85 50
68 24 36 59 28 10 26
41 17 27 27 76 72 74
36 72 88 44 68 72 16
18 30 57 51 40 47 14
20 50 78 81 35 15 64
18 30 57 70 10 1 59
9 9 49 59 28 10 43
25 58 52 82 30 63 30
63 70 37 68 24 36 46
2 53 56 19 19 47 35
70 10 1 87 59 54 72
15 47 65 88 24 38 35
62 7 83 84 25 32 54
78 75 10 14 53 56 50
21 55 27 36 72 88 63
21 55 27 86 73 66 42
26 72 68 1 27 83 47
68 24 36 66 17 12 25
86 73 66 36 72 88 22
63 70 37 80 65 80 43
70 10 1 76 14 87 86
12 2 9 40 66 19 64
23 30 70 12 2 9 67
56 60 25 1 27 83 66
70 10 1 62 7 83 82
20 50 78 2 53 56 22
43 12 26 64 8 33 8
13 33 16 33 55 76 63
82 30 63 22 48 64 18
75 28 68 88 24 38 30
31 26 36 79 17 3 34
21 55 27 42 10 28 45
29 31 80 62 7 83 24
16 52 51 3 44 28 24
9 9 49 64 8 33 16
21 55 27 77 22 85 66
29 31 80 56 60 25 62
82 30 63 5 69 68 39
27 76 72 79 17 3 90
43 12 26 85 16 75 49
36 72 88 70 10 1 106
62 7 83 7 6 82 1
46 39 36 63 70 37 31
39 80 19 20 50 78 66
63 70 37 9 9 49 62
15 47 65 51 40 47 19
46 39 36 33 55 76 43
63 70 37 40 66 19 18
71 71 10 58 33 4 38
9 9 49 18 30 57 22
30 3 25 43 12 26 9
13 33 16 41 17 27 19
48 44 19 47 41 13 6
31 26 36 46 39 36 13
81 35 15 47 41 13 6
29 31 80 48 44 19 62
23 30 70 13 33 16 54
73 26 23 3 44 28 18
71 71 10 66 17 12 54
18 30 57 75 28 68 11
44 68 72 8 18 77 50
1 27 83 47 41 13 71
64 8 33 27 76 72 78
58 33 4 88 24 38 35
9 9 49 29 31 80 38
43 12 26 72 59 74 67
36 72 88 4 24 15 87
57 13 49 88 24 38 15
47 41 13 8 18 77 68
8 18 77 77 22 85 8
86 73 66 14 53 56 22
6 79 17 48 44 19 35
36 72 88 69 24 37 70
78 75 10 30 3 25 73
67 84 74 33 55 76 29
23 30 70 76 14 87 23
25 58 52 27 76 72 26
84 25 32 80 65 80 62
51 40 47 75 28 68 24
48 44 19 43 12 26 32
15 47 65 45 75 41 36
63 70 37 18 30 57 44
79 17 3 4 24 15 13
65 76 20 4 24 15 52
37 9 62 36 72 88 68
3 44 28 76 14 87 66
36 72 88 3 44 28 66
24 65 3 73 26 23 43
51 40 47 84 25 32 21
9 9 49 55 28 43 19
5 69 68 19 19 47 54
34 25 20 47 41 13 17
51 40 47 41 17 27 30
3 44 28 68 24 36 21
38 57 24 49 56 70 46
59 28 10 20 50 78 71
2 53 56 36 72 88 37
76 14 87 1 27 83 13
39 80 19 35 82 9 10
64 8 33 60 42 85 62
21 55 27 8 18 77 62
19 19 47 36 72 88 67
29 31 80 26 72 68 42
48 44 19 58 33 4 18
0 23 55 63 70 37 50
79 17 3 61 33 74 72
6 79 17 87 59 54 42
18 30 57 24 65 3 64
52 42 42 12 2 9 51
45 75 41 70 10 1 76
8 18 77 73 26 23 54
0 23 55 49 56 70 36
12 2 9 85 16 75 67
48 44 19 84 25 32 23
7 6 82 71 71 10 97
46 39 36 66 17 12 32
46 39 36 59 28 10 28
13 33 16 37 9 62 51
38 57 24 37 9 62 61
50 58 13 88 24 38 42
75 28 68 30 3 25 49
44 68 72 5 69 68 4
27 76 72 31 26 36 61
30 3 25 85 16 75 51
2 53 56 22 48 64 9
56 60 25 27 76 72 49
17 71 83 53 55 30 55
57 13 49 79 17 3 46
36 72 88 74 44 58 41
43 12 26 39 80 19 68
51 40 47 12 2 9 53
37 9 62 11 61 13 71
47 41 13 46 39 36 23
57 13 49 6 79 17 73
51 40 47 58 33 4 43
77 22 85 1 27 83 5
24 65 3 63 70 37 34
81 35 15 68 24 36 23
3 44 28 10 51 64 36
20 50 78 26 72 68 24
2 53 56 46 39 36 24
27 76 72 77 22 85 55
29 31 80 41 17 27 54
77 22 85 13 33 16 69
4 24 15 12 2 9 22
16 52 51 25 58 52 6
72 59 74 5 69 68 11
88 24 38 0 23 55 17
84 25 32 32 43 74 45
1 27 83 52 42 42 43
33 55 76 22 48 64 13
4 24 15 75 28 68 53
49 56 70 88 24 38 45
40 66 19 74 44 58 44
20 50 78 72 59 74 9
84 25 32 78 75 10 54
18 30 57 67 84 74 56
82 30 63 47 41 13 51
50 58 13 21 55 27 14
38 57 24 72 59 74 50
25 58 52 14 53 56 6
74 44 58 64 8 33 43
40 66 19 29 31 80 70
44 68 72 75 28 68 40
81 35 15 25 58 52 43
28 14 61 47 41 13 55
70 10 1 69 24 37 38
72 59 74 54 43 37 40
74 44 58 3 44 28 30
40 66 19 81 35 15 31
87 59 54 23 30 70 33
66 17 12 37 9 62 50
83 47 45 30 3 25 48
80 65 80 25 58 52 28
7 6 82 32 43 74 37
62 7 83 50 58 13 86
69 24 37 18 30 57 20
6 79 17 78 75 10 8
45 75 41 77 22 85 68
26 72 68 67 84 74 13
9 9 49 4 24 15 37
68 24 36 25 58 52 37
4 24 15 14 53 56 50
56 60 25 3 44 28 16
79 17 3 6 79 17 63
50 58 13 12 2 9 56
27 76 72 17 71 83 12
18 30 57 15 47 65 18
11 61 13 9 9 49 63
22 48 64 13 33 16 50
32 43 74 9 9 49 42
43 12 26 20 50 78 64
76 14 87 46 39 36 56
30 3 25 79 17 3 26
56 60 25 32 43 74 51
22 48 64 8 18 77 32
27 76 72 16 52 51 31
20 50 78 0 23 55 35
56 60 25 60 42 85 62
11 61 13 10 51 64 51
37 9 62 51 40 47 34
46 39 36 11 61 13 31
26 72 68 34 25 20 67
14 53 56 73 26 23 42
58 33 4 21 55 27 31
3 44 28 58 33 4 26
19 19 47 27 76 72 62
15 47 65 60 42 85 20
14 53 56 41 17 27 46
59 28 10 87 59 54 53
85 16 75 0 23 55 21
30 3 25 13 33 16 31
69 24 37 53 55 30 31
59 28 10 88 24 38 28
26 72 68 70 10 1 91
88 24 38 86 73 66 56
76 14 87 68 24 36 51
58 33 4 75 28 68 64
12 2 9 19 19 47 41
31 26 36 53 55 30 29
88 24 38 47 41 13 30
63 70 37 32 43 74 45
73 26 23 41 17 27 9
4 24 15 52 42 42 32
56 60 25 68 24 36 37
40 66 19 47 41 13 25
58 33 4 73 26 23 20
3 44 28 69 24 37 21
7 6 82 49 56 70 51
48 44 19 51 40 47 28
77 22 85 57 13 49 37
71 71 10 72 59 74 65
83 47 45 47 41 13 32
33 55 76 10 51 64 12
47 41 13 53 55 30 22
8 18 77 16 52 51 42
29 31 80 32 43 74 13
30 3 25 7 6 82 57
41 17 27 53 55 30 38
50 58 13 74 44 58 47
46 39 36 87 59 54 26
52 42 42 33 55 76 36
79 17 3 87 59 54 66
80 65 80 65 76 20 61
11 61 13 69 24 37 44
48 44 19 41 17 27 28
40 66 19 68 24 36 45
14 53 56 28 14 61 39
32 43 74 55 28 43 34
35 82 9 56 60 25 27
47 41 13 86 73 66 61
58 33 4 50 58 13 26
82 30 63 61 33 74 11
43 12 26 49 56 70 62
38 57 24 18 30 57 42
24 65 3 43 12 26 57
17 71 83 81 35 15 76
21 55 27 49 56 70 43
32 43 74 3 44 28 46
85 16 75 86 73 66 57
62 7 83 36 72 88 65
3 44 28 40 66 19 23
54 43 37 27 76 72 48
57 13 49 47 41 13 45
40 66 19 13 33 16 33
72 59 74 84 25 32 54
1 27 83 69 24 37 46
78 75 10 65 76 20 10
9 9 49 21 55 27 50
85 16 75 73 26 23 52
84 25 32 55 28 43 11
84 25 32 11 61 13 40
14 53 56 24 65 3 54
4 24 15 26 72 68 71
2 53 56 26 72 68 22
62 7 83 14 53 56 53
49 56 70 32 43 74 13
28 14 61 39 80 19 78
31 26 36 85 16 75 40
82 30 63 12 2 9 60
41 17 27 63 70 37 53
74 44 58 28 14 61 30
20 50 78 37 9 62 44
88 24 38 36 72 88 69
88 24 38 51 40 47 18
71 71 10 32 43 74 69
74 44 58 61 33 74 19
67 84 74 66 17 12 91
59 28 10 11 61 13 33
22 48 64 12 2 9 71
39 80 19 69 24 37 58
22 48 64 83 47 45 19
73 26 23 1 27 83 60
38 57 24 51 40 47 28
6 79 17 42 10 28 69
41 17 27 32 43 74 53
59 28 10 33 55 76 71
28 14 61 7 6 82 22
21 55 27 30 3 25 52
54 43 37 39 80 19 41
48 44 19 22 48 64 45
61 33 74 21 55 27 51
62 7 83 13 33 16 71
46 39 36 28 14 61 35
22 48 64 35 82 9 64
41 17 27 54 43 37 27
59 28 10 1 27 83 73
47 41 13 85 16 75 66
28 14 61 87 59 54 45
7 6 82 59 28 10 75
44 68 72 76 14 87 56
10 51 64 74 44 58 9
29 31 80 71 71 10 80
46 39 36 21 55 27 18
53 55 30 43 12 26 43
26 72 68 48 44 19 56
24 65 3 71 71 10 9
42 10 28 40 66 19 56
74 44 58 9 9 49 36
69 24 37 29 31 80 43
55 28 43 60 42 85 44
56 60 25 28 14 61 58
26 72 68 79 17 3 85
49 56 70 15 47 65 10
76 14 87 54 43 37 57
64 8 33 45 75 41 67
46 39 36 29 31 80 44
76 14 87 71 71 10 95
87 59 54 36 72 88 36
85 16 75 32 43 74 27
19 19 47 39 80 19 67
9 9 49 19 19 47 10
59 28 10 39 80 19 52
13 33 16 43 12 26 23
46 39 36 72 59 74 42
66 17 12 7 6 82 70
70 10 1 28 14 61 60
68 24 36 58 33 4 33
57 13 49 44 68 72 59
75 28 68 42 10 28 43
27 76 72 61 33 74 43
53 55 30 14 53 56 26
1 27 83 65 76 20 79
48 44 19 21 55 27 13
6 79 17 77 22 85 88
9 9 49 68 24 36 19
35 82 9 71 71 10 11
80 65 80 21 55 27 53
69 24 37 82 30 63 26
44 68 72 9 9 49 63
73 26 23 88 24 38 15
0 23 55 4 24 15 40
80 65 80 45 75 41 40
88 24 38 13 33 16 23
30 3 25 48 44 19 41
6 79 17 5 69 68 51
34 25 20 28 14 61 42
5 69 68 47 41 13 61
15 47 65 23 30 70 17
57 13 49 26 72 68 61
79 17 3 0 23 55 52
1 27 83 43 12 26 58
52 42 42 21 55 27 19
86 73 66 79 17 3 84
57 13 49 37 9 62 13
23 30 70 32 43 74 13
21 55 27 37 9 62 57
73 26 23 61 33 74 51
23 30 70 78 75 10 75
19 19 47 79 17 3 44
13 33 16 38 57 24 25
13 33 16 83 47 45 32
55 28 43 78 75 10 57
64 8 33 0 23 55 26
23 30 70 56 60 25 54
66 17 12 32 43 74 67
69 24 37 52 42 42 18
13 33 16 14 53 56 44
81 35 15 84 25 32 19
45 75 41 18 30 57 47
4 24 15 82 30 63 48
3 44 28 12 2 9 46
67 84 74 28 14 61 71
27 76 72 6 79 17 55
88 24 38 6 79 17 58
53 55 30 60 42 85 56
11 61 13 18 30 57 53
54 43 37 7 6 82 58
23 30 70 20 50 78 21
41 17 27 36 72 88 82
40 66 19 39 80 19 14
74 44 58 70 10 1 66
18 30 57 50 58 13 52
8 18 77 19 19 47 30
42 10 28 12 2 9 20
65 76 20 85 16 75 81
38 57 24 20 50 78 54
66 17 12 24 65 3 48
24 65 3 39 80 19 21
71 71 10 21 55 27 23
16 52 51 30 3 25 55
52 42 42 22 48 64 22
45 75 41 60 42 85 55
49 56 70 27 76 72 20
87 59 54 41 17 27 49
7 6 82 9 9 49 33
7 6 82 57 13 49 33
22 48 64 18 30 57 19
6 79 17 33 55 76 63
72 59 74 48 44 19 57
87 59 54 29 31 80 38
48 44 19 23 30 70 52
15 47 65 53 55 30 35
87 59 54 51 40 47 20
68 24 36 52 42 42 18
30 3 25 44 68 72 80
7 6 82 43 12 26 56
42 10 28 28 14 61 33
31 26 36 39 80 19 56
82 30 63 0 23 55 10
15 47 65 79 17 3 68
60 42 85 75 28 68 22
55 28 43 2 53 56 28
73 26 23 78 75 10 50
58 33 4 28 14 61 60
73 26 23 48 44 19 18
38 57 24 66 17 12 41
59 28 10 72 59 74 71
87 59 54 21 55 27 27
14 53 56 72 59 74 18
87 59 54 32 43 74 25
42 10 28 71 71 10 63
48 44 19 79 17 3 31
54 43 37 58 33 4 34
74 44 58 32 43 74 16
73 26 23 31 26 36 13
69 24 37 85 16 75 38
31 26 36 56 60 25 35
62 7 83 59 28 10 75
36 72 88 14 53 56 37
31 26 36 66 17 12 25
17 71 83 79 17 3 96
39 80 19 37 9 62 83
57 13 49 76 14 87 38
4 24 15 33 55 76 68
16 52 51 48 44 19 32
86 73 66 61 33 74 40
21 55 27 84 25 32 30
25 58 52 84 25 32 38
24 65 3 70 10 1 55
16 52 51 88 24 38 30
35 82 9 43 12 26 72
2 53 56 27 76 72 28
83 47 45 65 76 20 38
17 71 83 72 59 74 15
68 24 36 16 52 51 31
2 53 56 8 18 77 40
54 43 37 37 9 62 42
50 58 13 6 79 17 21
3 44 28 44 68 72 50
43 12 26 63 70 37 59
61 33 74 75 28 68 7
68 24 36 73 26 23 13
45 75 41 6 79 17 24
86 73 66 54 43 37 41
18 30 57 72 59 74 33
34 25 20 13 33 16 8
63 70 37 17 71 83 46
3 44 28 78 75 10 35
41 17 27 33 55 76 62
81 35 15 79 17 3 21
58 33 4 7 6 82 82
52 42 42 74 44 58 16
12 2 9 69 24 37 35
40 66 19 83 47 45 32
28 14 61 43 12 26 35
69 24 37 2 53 56 34
15 47 65 19 19 47 33
86 73 66 68 24 36 57
3 44 28 82 30 63 37
65 76 20 23 30 70 67
68 24 36 51 40 47 19
0 23 55 54 43 37 26
0 23 55 1 27 83 28
2 53 56 43 12 26 50
81 35 15 65 76 20 41
0 23 55 18 30 57 7
34 25 20 70 10 1 24
14 53 56 31 26 36 33
86 73 66 66 17 12 77
26 72 68 31 26 36 56
68 24 36 85 16 75 39
20 50 78 71 71 10 71
50 58 13 31 26 36 39
60 42 85 24 65 3 85
54 43 37 87 59 54 23
84 25 32 18 30 57 25
36 72 88 60 42 85 30
62 7 83 79 17 3 80
39 80 19 13 33 16 47
28 14 61 29 31 80 25
8 18 77 41 17 27 50
71 71 10 40 66 19 10
1 27 83 24 65 3 88
54 43 37 85 16 75 46
63 70 37 67 84 74 39
81 35 15 23 30 70 55
53 55 30 83 47 45 17
38 57 24 42 10 28 47
82 30 63 41 17 27 38
20 50 78 1 27 83 23
49 56 70 48 44 19 52
14 53 56 54 43 37 21
49 56 70 50 58 13 57
36 72 88 56 60 25 64
52 42 42 46 39 36 6
51 40 47 2 53 56 15
33 55 76 49 56 70 6
79 17 3 1 27 83 80
25 58 52 62 7 83 59
63 70 37 83 47 45 24
59 28 10 78 75 10 47
60 42 85 40 66 19 70
69 24 37 37 9 62 29
59 28 10 53 55 30 33
53 55 30 66 17 12 42
35 82 9 27 76 72 63
72 59 74 74 44 58 21
39 80 19 75 28 68 71
23 30 70 80 65 80 36
61 33 74 32 43 74 10
64 8 33 78 75 10 70
78 75 10 2 53 56 50
16 52 51 85 16 75 43
50 58 13 20 50 78 65
87 59 54 76 14 87 55
60 42 85 84 25 32 55
10 51 64 82 30 63 21
16 52 51 36 72 88 42
51 40 47 56 60 25 29
80 65 80 19 19 47 56
25 58 52 47 41 13 42
3 44 28 66 17 12 31
61 33 74 20 50 78 17
39 80 19 68 24 36 58
3 44 28 13 33 16 16
88 24 38 54 43 37 19
45 75 41 52 42 42 33
39 80 19 74 44 58 53
5 69 68 51 40 47 35
84 25 32 64 8 33 17
17 71 83 26 72 68 15
18 30 57 58 33 4 53
4 24 15 86 73 66 70
71 71 10 19 19 47 63
75 28 68 84 25 32 36
15 47 65 26 72 68 25
66 17 12 84 25 32 21
26 72 68 16 52 51 26
50 58 13 64 8 33 53
23 30 70 47 41 13 58
56 60 25 22 48 64 40
23 30 70 8 18 77 13
14 53 56 30 3 25 58
73 26 23 75 28 68 45
52 42 42 73 26 23 24
63 70 37 76 14 87 75
88 24 38 32 43 74 40
13 33 16 87 59 54 46
23 30 70 64 8 33 43
67 84 74 49 56 70 28
88 24 38 1 27 83 45
56 60 25 34 25 20 35
52 42 42 8 18 77 42
81 35 15 34 25 20 11
49 56 70 42 10 28 62
80 65 80 52 42 42 44
19 19 47 82 30 63 19
56 60 25 86 73 66 43
45 75 41 0 23 55 53
20 50 78 29 31 80 19
72 59 74 64 8 33 65
63 70 37 79 17 3 62
73 26 23 66 17 12 14
30 3 25 40 66 19 63
83 47 45 17 71 83 44
21 55 27 40 66 19 13
2 53 56 7 6 82 53
45 75 41 61 33 74 53
83 47 45 73 26 23 30
0 23 55 75 28 68 13
18 30 57 86 73 66 43
53 55 30 56 60 25 7
32 43 74 44 68 72 25
47 41 13 36 72 88 81
54 43 37 68 24 36 19
73 26 23 19 19 47 25
1 27 83 17 71 83 44
13 33 16 18 30 57 41
48 44 19 78 75 10 32
61 33 74 12 2 9 72
21 55 27 53 55 30 3
29 31 80 14 53 56 32
58 33 4 69 24 37 34
9 9 49 49 56 70 51
29 31 80 65 76 20 75
87 59 54 48 44 19 38
39 80 19 78 75 10 10
68 24 36 26 72 68 57
12 2 9 88 24 38 36
67 84 74 25 58 52 34
39 80 19 27 76 72 53
65 76 20 50 58 13 19
88 24 38 11 61 13 44
60 42 85 67 84 74 43
33 55 76 31 26 36 49
22 48 64 29 31 80 23
62 7 83 28 14 61 23
50 58 13 7 6 82 86
78 75 10 74 44 58 57
52 42 42 55 28 43 14
61 33 74 68 24 36 39
16 52 51 82 30 63 25
79 17 3 74 44 58 61
53 55 30 6 79 17 27
87 59 54 69 24 37 38
12 2 9 63 70 37 73
71 71 10 64 8 33 67
45 75 41 63 70 37 6
84 25 32 13 33 16 17
63 70 37 55 28 43 42
31 26 36 70 10 1 38
87 59 54 77 22 85 48
30 3 25 23 30 70 52
18 30 57 49 56 70 29
69 24 37 43 12 26 16
12 2 9 48 44 19 43
59 28 10 49 56 70 66
31 26 36 29 31 80 44
3 44 28 61 33 74 47
44 68 72 70 10 1 91
77 22 85 20 50 78 28
68 24 36 74 44 58 29
22 48 64 6 79 17 56
58 33 4 85 16 75 73
66 17 12 33 55 76 74
28 14 61 59 28 10 52
45 75 41 26 72 68 27
21 55 27 28 14 61 53
17 71 83 77 22 85 49
75 28 68 29 31 80 12
38 57 24 67 84 74 56
40 66 19 65 76 20 10
25 58 52 77 22 85 48
30 3 25 10 51 64 61
66 17 12 45 75 41 64
36 72 88 79 17 3 101
10 51 64 71 71 10 57
88 24 38 48 44 19 27
57 13 49 40 66 19 60
10 51 64 75 28 68 23
72 59 74 85 16 75 43
48 44 19 15 47 65 46
8 18 77 6 79 17 85
88 24 38 83 47 45 24
84 25 32 70 10 1 34
36 72 88 71 71 10 78
37 9 62 79 17 3 59
72 59 74 11 61 13 61
81 35 15 59 28 10 8
58 33 4 40 66 19 36
57 13 49 80 65 80 60
58 33 4 49 56 70 69
66 17 12 79 17 3 9
61 33 74 44 68 72 35
14 53 56 5 69 68 20
1 27 83 45 75 41 63
83 47 45 29 31 80 38
68 24 36 75 28 68 32
0 23 55 31 26 36 19
88 24 38 71 71 10 54
10 51 64 83 47 45 19
71 71 10 48 44 19 28
5 69 68 45 75 41 27
76 14 87 22 48 64 41
55 28 43 54 43 37 16
2 53 56 86 73 66 22
56 60 25 84 25 32 35
14 53 56 7 6 82 53
12 2 9 26 72 68 91
56 60 25 87 59 54 29
25 58 52 76 14 87 56
14 53 56 1 27 83 37
66 17 12 5 69 68 76
53 55 30 75 28 68 46
28 14 61 86 73 66 59
66 17 12 57 13 49 37
48 44 19 9 9 49 46
75 28 68 67 84 74 56
9 9 49 60 42 85 48
6 79 17 69 24 37 58
44 68 72 19 19 47 55
16 52 51 46 39 36 19
11 61 13 20 50 78 65
63 70 37 82 30 63 47
23 30 70 57 13 49 27
22 48 64 51 40 47 18
65 76 20 57 13 49 69
7 6 82 64 8 33 49
12 2 9 56 60 25 60
37 9 62 87 59 54 50
73 26 23 33 55 76 60
49 56 70 78 75 10 62
21 55 27 51 40 47 25
1 27 83 68 24 36 47
75 28 68 57 13 49 24
59 28 10 64 8 33 30
13 33 16 67 84 74 77
58 33 4 77 22 85 81
80 65 80 20 50 78 15
20 50 78 19 19 47 43
67 84 74 10 51 64 34
1 27 83 50 58 13 76
63 70 37 16 52 51 22
45 75 41 4 24 15 57
46 39 36 82 30 63 28
82 30 63 44 68 72 39
55 28 43 53 55 30 29
41 17 27 35 82 9 67
21 55 27 38 57 24 3
47 41 13 52 42 42 29
28 14 61 84 25 32 31
46 39 36 58 33 4 32
28 14 61 4 24 15 47
26 72 68 86 73 66 2
50 58 13 42 10 28 50
64 8 33 53 55 30 47
85 16 75 23 30 70 14
65 76 20 35 82 9 12
22 48 64 27 76 72 29
42 10 28 24 65 3 60
14 53 56 65 76 20 42
59 28 10 71 71 10 43
6 79 17 32 43 74 67
58 33 4 5 69 68 73
54 43 37 35 82 9 48
10 51 64 24 65 3 62
35 82 9 67 84 74 65
16 52 51 45 75 41 25
57 13 49 64 8 33 16
16 52 51 28 14 61 39
87 59 54 62 7 83 59
41 17 27 81 35 15 21
4 24 15 1 27 83 68
10 51 64 50 58 13 51
76 14 87 27 76 72 63
70 10 1 49 56 70 82
62 7 83 37 9 62 21
81 35 15 85 16 75 62
18 30 57 21 55 27 39
11 61 13 19 19 47 54
46 39 36 81 35 15 21
64 8 33 62 7 83 50
69 24 37 76 14 87 50
66 17 12 21 55 27 40
26 72 68 42 10 28 73
70 10 1 57 13 49 48
44 68 72 72 59 74 9
76 14 87 49 56 70 45
24 65 3 54 43 37 40
59 28 10 75 28 68 58
12 2 9 64 8 33 24
21 55 27 26 72 68 44
70 10 1 9 9 49 48
41 17 27 30 3 25 14
73 26 23 49 56 70 55
2 53 56 28 14 61 39
44 68 72 0 23 55 48
17 71 83 84 25 32 68
37 9 62 4 24 15 49
76 14 87 74 44 58 41
53 55 30 36 72 88 60
63 70 37 61 33 74 52
86 73 66 25 58 52 20
82 30 63 8 18 77 18
77 22 85 60 42 85 20
5 69 68 84 25 32 56
62 7 83 49 56 70 50
77 22 85 67 84 74 62
37 9 62 88 24 38 28
79 17 3 53 55 30 46
15 47 65 76 14 87 39
42 10 28 83 47 45 40
59 28 10 79 17 3 13
26 72 68 55 28 43 50
1 27 83 70 10 1 83
61 33 74 6 79 17 73
40 66 19 46 39 36 31
81 35 15 48 44 19 9
54 43 37 52 42 42 5
84 25 32 14 53 56 36
81 35 15 0 23 55 41
15 47 65 83 47 45 20
41 17 27 67 84 74 81
60 42 85 35 82 9 85
51 40 47 0 23 55 18
30 3 25 72 59 74 74
84 25 32 43 12 26 14
0 23 55 66 17 12 43
2 53 56 29 31 80 32
76 14 87 29 31 80 18
9 9 49 47 41 13 48
73 26 23 36 72 88 79
40 66 19 4 24 15 42
11 61 13 76 14 87 87
53 55 30 5 69 68 40
25 58 52 26 72 68 21
53 55 30 38 57 24 6
82 30 63 67 84 74 55
43 12 26 66 17 12 14
73 26 23 69 24 37 14
22 48 64 80 65 80 23
31 26 36 61 33 74 38
3 44 28 87 59 54 30
45 75 41 50 58 13 32
49 56 70 30 3 25 69
44 68 72 54 43 37 43
31 26 36 83 47 45 22
68 24 36 12 2 9 34
47 41 13 27 76 72 68
11 61 13 52 42 42 34
35 82 9 30 3 25 80
18 30 57 64 8 33 32
32 43 74 38 57 24 51
30 3 25 32 43 74 63
30 3 25 80 65 80 82
43 12 26 75 28 68 44
83 47 45 12 2 9 57
83 47 45 2 53 56 12
9 9 49 17 71 83 70
6 79 17 37 9 62 83
50 58 13 11 61 13 3
49 56 70 4 24 15 63
81 35 15 83 47 45 32
28 14 61 76 14 87 26
22 48 64 23 30 70 18
51 40 47 29 31 80 34
63 70 37 49 56 70 35
74 44 58 7 6 82 44
9 9 49 80 65 80 64
20 50 78 69 24 37 48
13 33 16 80 65 80 71
4 24 15 6 79 17 55
87 59 54 38 57 24 30
80 65 80 38 57 24 56
45 75 41 68 24 36 51
78 75 10 27 76 72 62
45 75 41 25 58 52 20
4 24 15 69 24 37 22
31 26 36 35 82 9 62
64 8 33 6 79 17 72
11 61 13 17 71 83 70
76 14 87 6 79 17 95
79 17 3 52 42 42 46
86 73 66 64 8 33 72
51 40 47 47 41 13 34
16 52 51 66 17 12 52
15 47 65 2 53 56 10
35 82 9 8 18 77 93
2 53 56 16 52 51 5
70 10 1 13 33 16 27
67 84 74 84 25 32 72
24 65 3 75 28 68 74
42 10 28 44 68 72 72
39 80 19 70 10 1 72
64 8 33 88 24 38 16
76 14 87 36 72 88 58
7 6 82 65 76 20 93
6 79 17 62 7 83 97
13 33 16 69 24 37 22
20 50 78 18 30 57 29
50 58 13 16 52 51 38
71 71 10 9 9 49 73
42 10 28 46 39 36 30
35 82 9 34 25 20 58
43 12 26 52 42 42 34
74 44 58 26 72 68 29
9 9 49 46 39 36 32
36 72 88 42 10 28 86
42 10 28 14 53 56 51
5 69 68 74 44 58 26
77 22 85 37 9 62 26
60 42 85 14 53 56 31
54 43 37 25 58 52 21
31 26 36 4 24 15 21
52 42 42 26 72 68 39
62 7 83 56 60 25 78
81 35 15 55 28 43 28
33 55 76 57 13 49 49
69 24 37 5 69 68 54
80 65 80 54 43 37 48
41 17 27 72 59 74 63
38 57 24 82 30 63 47
56 60 25 33 55 76 51
2 53 56 49 56 70 14
44 68 72 71 71 10 62
45 75 41 17 71 83 42
42 10 28 69 24 37 16
66 17 12 59 28 10 11
33 55 76 81 35 15 64
3 44 28 45 75 41 33
37 9 62 15 47 65 38
4 24 15 18 30 57 42
59 28 10 36 72 88 89
35 82 9 24 65 3 18
55 28 43 40 66 19 44
52 42 42 10 51 64 23
33 55 76 82 30 63 28
24 65 3 7 6 82 98
52 42 42 23 30 70 30
87 59 54 22 48 64 14
2 53 56 72 59 74 18
13 33 16 24 65 3 34
5 69 68 49 56 70 13
70 10 1 42 10 28 27
15 47 65 75 28 68 19
81 35 15 14 53 56 44
27 76 72 15 47 65 29
45 75 41 35 82 9 32
30 3 25 58 33 4 36
73 26 23 9 9 49 31
7 6 82 85 16 75 12
24 65 3 47 41 13 26
12 2 9 6 79 17 77
32 43 74 79 17 3 75
86 73 66 55 28 43 50
73 26 23 53 55 30 29
23 30 70 79 17 3 68
9 9 49 37 9 62 13
49 56 70 35 82 9 66
68 24 36 7 6 82 49
1 27 83 16 52 51 40
48 44 19 61 33 74 56
83 47 45 67 84 74 47
88 24 38 55 28 43 6
21 55 27 56 60 25 5
58 33 4 63 70 37 49
34 25 20 53 55 30 31
76 14 87 19 19 47 40
59 28 10 73 26 23 13
54 43 37 12 2 9 49
19 19 47 86 73 66 57
66 17 12 88 24 38 26
76 14 87 9 9 49 38
64 8 33 69 24 37 16
73 26 23 64 8 33 20
0 23 55 43 12 26 31
7 6 82 40 66 19 87
85 16 75 29 31 80 15
82 30 63 79 17 3 61
12 2 9 7 6 82 73
15 47 65 13 33 16 50
39 80 19 57 13 49 73
70 10 1 86 73 66 90
24 65 3 88 24 38 53
61 33 74 43 12 26 52
40 66 19 78 75 10 12
17 71 83 23 30 70 43
32 43 74 80 65 80 22
20 50 78 55 28 43 41
27 76 72 62 7 83 69
1 27 83 5 69 68 44
75 28 68 25 58 52 34
65 76 20 55 28 43 53
28 14 61 81 35 15 50
76 14 87 41 17 27 60
2 53 56 21 55 27 29
32 43 74 69 24 37 41
28 14 61 69 24 37 26
73 26 23 30 3 25 23
21 55 27 27 76 72 49
6 79 17 49 56 70 57
35 82 9 21 55 27 32
15 47 65 39 80 19 56
20 50 78 49 56 70 10
85 16 75 77 22 85 11
9 9 49 13 33 16 40
2 53 56 61 33 74 26
28 14 61 55 28 43 22
43 12 26 58 33 4 30
83 47 45 82 30 63 24
3 44 28 26 72 68 48
14 53 56 68 24 36 35
80 65 80 74 44 58 30
32 43 74 37 9 62 36
17 71 83 12 2 9 101
38 57 24 69 24 37 35
55 28 43 1 27 83 40
23 30 70 6 79 17 72
33 55 76 63 70 37 41
50 58 13 71 71 10 13
71 71 10 62 7 83 97
63 70 37 85 16 75 66
44 68 72 87 59 54 20
74 44 58 46 39 36 22
13 33 16 65 76 20 43
83 47 45 27 76 72 39
4 24 15 72 59 74 68
37 9 62 29 31 80 28
61 33 74 9 9 49 34
29 31 80 64 8 33 52
86 73 66 73 26 23 63
56 60 25 39 80 19 20
15 47 65 29 31 80 21
6 79 17 39 80 19 2
50 58 13 29 31 80 72
10 51 64 81 35 15 51
84 25 32 35 82 9 61
18 30 57 60 42 85 30
88 24 38 74 44 58 28
10 51 64 53 55 30 34
13 33 16 20 50 78 64
75 28 68 38 57 24 52
10 51 64 63 70 37 33
51 40 47 72 59 74 33
67 84 74 9 9 49 79
43 12 26 41 17 27 5
70 10 1 50 58 13 49
25 58 52 48 44 19 35
55 28 43 35 82 9 63
70 10 1 37 9 62 61
2 53 56 65 76 20 42
82 30 63 57 13 49 22
46 39 36 45 75 41 36
47 41 13 79 17 3 26
17 71 83 61 33 74 39
28 14 61 20 50 78 39
71 71 10 34 25 20 47
34 25 20 16 52 51 41
64 8 33 26 72 68 72
32 43 74 31 26 36 41
12 2 9 2 53 56 69
57 13 49 60 42 85 46
66 17 12 72 59 74 74
45 75 41 87 59 54 20
28 14 61 88 24 38 25
36 72 88 11 61 13 75
56 60 25 61 33 74 55
85 16 75 11 61 13 76
37 9 62 74 44 58 35
10 51 64 62 7 83 47
12 2 9 43 12 26 19
74 44 58 18 30 57 14
69 24 37 26 72 68 57
0 23 55 33 55 76 38
30 3 25 62 7 83 58
19 19 47 60 42 85 44
74 44 58 87 59 54 15
29 31 80 10 51 64 25
20 50 78 53 55 30 48
52 42 42 51 40 47 5
70 10 1 59 28 10 20
37 9 62 53 55 30 56
13 33 16 57 13 49 38
51 40 47 43 12 26 35
63 70 37 11 61 13 25
32 43 74 18 30 57 21
43 12 26 15 47 65 52
31 26 36 65 76 20 52
42 10 28 19 19 47 21
78 75 10 24 65 3 12
33 55 76 9 9 49 53
25 58 52 11 61 13 39
62 7 83 85 16 75 12
73 26 23 43 12 26 14
58 33 4 53 55 30 34
58 33 4 14 53 56 55
59 28 10 42 10 28 25
63 70 37 54 43 37 27
39 80 19 12 2 9 78
54 43 37 5 69 68 40
85 16 75 49 56 70 40
23 30 70 46 39 36 35
38 57 24 33 55 76 52
43 12 26 17 71 83 82
54 43 37 6 79 17 41
43 12 26 83 47 45 39
71 71 10 82 30 63 67
75 28 68 80 65 80 38
58 33 4 56 60 25 34
25 58 52 56 60 25 27
80 65 80 61 33 74 32
59 28 10 18 30 57 47
82 30 63 88 24 38 25
54 43 37 57 13 49 32
45 75 41 73 26 23 52
16 52 51 7 6 82 55
39 80 19 83 47 45 42
58 33 4 44 68 72 76
31 26 36 51 40 47 17
28 14 61 57 13 49 12
5 69 68 13 33 16 63
62 7 83 57 13 49 34
85 16 75 14 53 56 41
77 22 85 69 24 37 48
5 69 68 86 73 66 4
78 75 10 68 24 36 57
3 44 28 43 12 26 32
11 61 13 4 24 15 37
52 42 42 67 84 74 52
78 75 10 86 73 66 56
65 76 20 64 8 33 69
37 9 62 16 52 51 44
24 65 3 4 24 15 42
27 76 72 43 12 26 78
43 12 26 54 43 37 32
19 19 47 45 75 41 56
76 14 87 7 6 82 9
12 2 9 33 55 76 85
27 76 72 45 75 41 31
27 76 72 84 25 32 64
31 26 36 76 14 87 52
11 61 13 33 55 76 63
35 82 9 52 42 42 51
19 19 47 31 26 36 13
17 71 83 40 66 19 64
6 79 17 67 84 74 57
33 55 76 36 72 88 20
47 41 13 61 33 74 61
79 17 3 18 30 57 55
21 55 27 47 41 13 19
74 44 58 35 82 9 62
16 52 51 83 47 45 7
9 9 49 40 66 19 64
54 43 37 10 51 64 28
87 59 54 26 72 68 19
3 44 28 1 27 83 57
50 58 13 81 35 15 23
13 33 16 42 10 28 25
42 10 28 76 14 87 59
41 17 27 57 13 49 22
70 10 1 7 6 82 81
58 33 4 86 73 66 73
26 72 68 88 24 38 56
21 55 27 22 48 64 37
51 40 47 80 65 80 41
10 51 64 18 30 57 22
54 43 37 66 17 12 36
5 69 68 67 84 74 16
8 18 77 30 3 25 54
52 42 42 81 35 15 27
26 72 68 33 55 76 18
72 59 74 8 18 77 41
28 14 61 83 47 45 36
32 43 74 47 41 13 61
52 42 42 82 30 63 24
47 41 13 6 79 17 38
27 76 72 44 68 72 8
78 75 10 60 42 85 81
73 26 23 47 41 13 18
40 66 19 82 30 63 56
44 68 72 20 50 78 18
86 73 66 72 59 74 16
23 30 70 1 27 83 13
75 28 68 13 33 16 52
5 69 68 56 60 25 43
31 26 36 25 58 52 35
72 59 74 7 6 82 53
34 25 20 78 75 10 50
72 59 74 22 48 64 14
50 58 13 0 23 55 54
49 56 70 17 71 83 19
30 3 25 18 30 57 41
26 72 68 72 59 74 14
19 19 47 55 28 43 9
59 28 10 38 57 24 32
19 19 47 26 72 68 57
10 51 64 49 56 70 7
80 65 80 8 18 77 47
0 23 55 59 28 10 45
22 48 64 38 57 24 41
74 44 58 71 71 10 55
21 55 27 15 47 65 38
67 84 74 15 47 65 38
2 53 56 32 43 74 20
9 9 49 65 76 20 73
25 58 52 34 25 20 45
77 22 85 59 28 10 75
54 43 37 11 61 13 30
46 39 36 50 58 13 29
53 55 30 26 72 68 41
66 17 12 19 19 47 35
4 24 15 13 33 16 9
33 55 76 27 76 72 21
58 33 4 19 19 47 45
86 73 66 6 79 17 49
77 22 85 64 8 33 53
58 33 4 22 48 64 61
68 24 36 71 71 10 53
51 40 47 16 52 51 12
29 31 80 43 12 26 57
29 31 80 82 30 63 17
58 33 4 57 13 49 49
22 48 64 5 69 68 21
39 80 19 66 17 12 63
63 70 37 74 44 58 33
52 42 42 58 33 4 39
60 42 85 62 7 83 35
12 2 9 72 59 74 86
23 30 70 75 28 68 2
5 69 68 75 28 68 41
71 71 10 0 23 55 65
75 28 68 64 8 33 40
43 12 26 79 17 3 23
9 9 49 24 65 3 72
67 84 74 61 33 74 51
56 60 25 19 19 47 46
35 82 9 53 55 30 34
41 17 27 55 28 43 19
34 25 20 58 33 4 17
48 44 19 37 9 62 55
80 65 80 33 55 76 10
43 12 26 55 28 43 23
88 24 38 67 84 74 69
81 35 15 74 44 58 43
35 82 9 66 17 12 65
70 10 1 81 35 15 28
36 72 88 22 48 64 33
19 19 47 81 35 15 35
22 48 64 70 10 1 73
13 33 16 54 43 37 23
25 58 52 30 3 25 61
27 76 72 71 71 10 62
54 43 37 47 41 13 24
57 13 49 4 24 15 35
7 6 82 53 55 30 71
0 23 55 21 55 27 42
6 79 17 0 23 55 67
81 35 15 71 71 10 36
49 56 70 81 35 15 58
43 12 26 62 7 83 57
24 65 3 21 55 27 26
5 69 68 18 30 57 40
14 53 56 82 30 63 24
56 60 25 4 24 15 37
45 75 41 74 44 58 35
1 27 83 12 2 9 78
20 50 78 16 52 51 27
39 80 19 86 73 66 47
46 39 36 36 72 88 61
55 28 43 51 40 47 12
6 79 17 75 28 68 72
82 30 63 54 43 37 29
45 75 41 67 84 74 34
80 65 80 31 26 36 58
68 24 36 27 76 72 63
15 47 65 40 66 19 49
0 23 55 47 41 13 45
14 53 56 23 30 70 26
71 71 10 47 41 13 30
33 55 76 15 47 65 13
61 33 74 83 47 45 32
63 70 37 15 47 65 36
13 33 16 56 60 25 28
50 58 13 2 53 56 43
32 43 74 13 33 16 58
79 17 3 29 31 80 78
16 52 51 43 12 26 47
4 24 15 66 17 12 7
7 6 82 46 39 36 56
78 75 10 38 57 24 22
26 72 68 73 26 23 64
73 26 23 11 61 13 36
71 71 10 37 9 62 80
80 65 80 5 69 68 12
69 24 37 48 44 19 26
3 44 28 84 25 32 19
57 13 49 9 9 49 4
70 10 1 8 18 77 76
8 18 77 74 44 58 32
40 66 19 87 59 54 35
21 55 27 6 79 17 26
43 12 26 45 75 41 64
78 75 10 76 14 87 98
4 24 15 21 55 27 33
73 26 23 16 52 51 38
35 82 9 57 13 49 79
52 42 42 7 6 82 53
36 72 88 65 76 20 68
62 7 83 58 33 4 83
12 2 9 75 28 68 64
33 55 76 78 75 10 68
17 71 83 51 40 47 47
87 59 54 8 18 77 47
54 43 37 16 52 51 16
13 33 16 17 71 83 77
15 47 65 11 61 13 53
31 26 36 48 44 19 24
14 53 56 39 80 19 45
71 71 10 83 47 45 42
16 52 51 71 71 10 45
87 59 54 34 25 20 48
16 52 51 86 73 66 25
54 43 37 28 14 61 37
7 6 82 60 42 85 36
49 56 70 68 24 36 46
49 56 70 47 41 13 58
41 17 27 39 80 19 63
24 65 3 3 44 28 32
51 40 47 36 72 88 52
30 3 25 64 8 33 9
36 72 88 67 84 74 18
73 26 23 79 17 3 21
66 17 12 75 28 68 57
44 68 72 47 41 13 64
78 75 10 66 17 12 58
9 9 49 20 50 78 50
59 28 10 69 24 37 27
41 17 27 71 71 10 56
56 60 25 40 66 19 8
88 24 38 56 60 25 38
80 65 80 59 28 10 79
83 47 45 19 19 47 28
46 39 36 71 71 10 41
84 25 32 69 24 37 5
46 39 36 56 60 25 23
54 43 37 3 44 28 9
14 53 56 19 19 47 35
65 76 20 60 42 85 73
4 24 15 77 22 85 70
48 44 19 36 72 88 74
76 14 87 8 18 77 10
33 55 76 37 9 62 48
26 72 68 13 33 16 65
17 71 83 24 65 3 80
60 42 85 0 23 55 35
56 60 25 38 57 24 3
51 40 47 30 3 25 43
84 25 32 73 26 23 9
19 19 47 17 71 83 63
7 6 82 75 28 68 26
77 22 85 3 44 28 61
76 14 87 16 52 51 52
83 47 45 18 30 57 20
50 58 13 34 25 20 33
65 76 20 82 30 63 62
87 59 54 83 47 45 15
77 22 85 28 14 61 25
40 66 19 20 50 78 61
36 72 88 43 12 26 86
86 73 66 27 76 72 6
18 30 57 65 76 20 59
17 71 83 34 25 20 78
64 8 33 52 42 42 35
32 43 74 72 59 74 16
45 75 41 51 40 47 35
41 17 27 62 7 83 56
30 3 25 70 10 1 25
49 56 70 79 17 3 77
17 71 83 85 16 75 55
32 43 74 54 43 37 37
24 65 3 68 24 36 52
76 14 87 82 30 63 28
23 30 70 45 75 41 53
33 55 76 87 59 54 22
44 68 72 84 25 32 58
67 84 74 32 43 74 41
63 70 37 65 76 20 18
58 33 4 78 75 10 42
65 76 20 58 33 4 45
6 79 17 56 60 25 20
33 55 76 50 58 13 63
3 44 28 41 17 27 27
34 25 20 31 26 36 16
16 52 51 80 65 80 31
2 53 56 38 57 24 32
49 56 70 40 66 19 51
84 25 32 33 55 76 53
6 79 17 18 30 57 63
65 76 20 52 42 42 40
37 9 62 30 3 25 37
56 60 25 47 41 13 22
69 24 37 41 17 27 12
81 35 15 63 70 37 41
65 76 20 88 24 38 55
48 44 19 2 53 56 38
88 24 38 76 14 87 50
43 12 26 78 75 10 65
31 26 36 72 59 74 50
53 55 30 44 68 72 43
50 58 13 30 3 25 56
45 75 41 40 66 19 23
35 82 9 19 19 47 73
47 41 13 58 33 4 12
55 28 43 76 14 87 46
7 6 82 23 30 70 26
24 65 3 34 25 20 43
53 55 30 51 40 47 22
87 59 54 18 30 57 29
19 19 47 6 79 17 67
10 51 64 28 14 61 37
86 73 66 51 40 47 38
25 58 52 13 33 16 43
75 28 68 33 55 76 28
28 14 61 68 24 36 26
46 39 36 80 65 80 51
54 43 37 29 31 80 44
30 3 25 36 72 88 93
35 82 9 3 44 28 42
79 17 3 33 55 76 82
3 44 28 15 47 65 37
9 9 49 88 24 38 18
24 65 3 12 2 9 63
71 71 10 87 59 54 45
45 75 41 28 14 61 64
33 55 76 39 80 19 62
57 13 49 85 16 75 26
36 72 88 7 6 82 66
11 61 13 67 84 74 65
68 24 36 11 61 13 43
52 42 42 18 30 57 19
79 17 3 25 58 52 63
29 31 80 13 33 16 64
52 42 42 60 42 85 43
50 58 13 37 9 62 69
73 26 23 18 30 57 34
12 2 9 30 3 25 16
15 47 65 77 22 85 32
87 59 54 11 61 13 41
25 58 52 85 16 75 47
56 60 25 44 68 72 47
45 75 41 62 7 83 79
74 44 58 2 53 56 9
57 13 49 17 71 83 67
22 48 64 44 68 72 21
20 50 78 4 24 15 68
34 25 20 60 42 85 67
21 55 27 69 24 37 32
34 25 20 86 73 66 66
70 10 1 63 70 37 69
78 75 10 82 30 63 69
2 53 56 9 9 49 44
35 82 9 40 66 19 18
44 68 72 28 14 61 55
50 58 13 86 73 66 55
11 61 13 74 44 58 48
24 65 3 41 17 27 53
74 44 58 25 58 52 15
5 69 68 8 18 77 51
67 84 74 21 55 27 55
53 55 30 32 43 74 45
3 44 28 18 30 57 32
30 3 25 82 30 63 46
6 79 17 84 25 32 56
31 26 36 84 25 32 4
4 24 15 43 12 26 16
78 75 10 32 43 74 71
84 25 32 37 9 62 34
34 25 20 8 18 77 57
60 42 85 81 35 15 70
38 57 24 27 76 72 51
21 55 27 23 30 70 49
33 55 76 42 10 28 65
49 56 70 74 44 58 16
86 73 66 82 30 63 43
9 9 49 69 24 37 19
78 75 10 69 24 37 57
69 24 37 65 76 20 54
13 33 16 52 42 42 27
77 22 85 88 24 38 47
54 43 37 15 47 65 28
50 58 13 63 70 37 26
57 13 49 51 40 47 27
75 28 68 3 44 28 43
2 53 56 13 33 16 44
77 22 85 38 57 24 70
61 33 74 11 61 13 67
40 66 19 72 59 74 55
17 71 83 47 41 13 76
86 73 66 3 44 28 47
87 59 54 88 24 38 38
42 10 28 47 41 13 34
68 24 36 22 48 64 36
45 75 41 37 9 62 69
51 40 47 11 61 13 39
6 79 17 9 9 49 76
26 72 68 30 3 25 81
38 57 24 47 41 13 19
16 52 51 17 71 83 37
13 33 16 0 23 55 40
49 56 70 23 30 70 26
53 55 30 12 2 9 57
35 82 9 61 33 74 81
73 26 23 51 40 47 27
0 23 55 46 39 36 24
21 55 27 85 16 75 61
69 24 37 46 39 36 15
35 82 9 20 50 78 76
52 42 42 20 50 78 36
72 59 74 3 44 28 48
8 18 77 50 58 13 75
71 71 10 79 17 3 54
33 55 76 83 47 45 32
38 57 24 24 65 3 22
64 8 33 36 72 88 84
84 25 32 87 59 54 40
77 22 85 63 70 37 67
10 51 64 23 30 70 21
79 17 3 42 10 28 25
12 2 9 58 33 4 31
9 9 49 15 47 65 41
17 71 83 30 3 25 89
84 25 32 65 76 20 52
50 58 13 54 43 37 28
5 69 68 41 17 27 66
1 27 83 51 40 47 38
78 75 10 87 59 54 46
4 24 15 44 68 72 72
24 65 3 40 66 19 16
6 79 17 51 40 47 49
44 68 72 64 8 33 71
80 65 80 60 42 85 23
67 84 74 0 23 55 63
68 24 36 47 41 13 28
34 25 20 82 30 63 43
73 26 23 50 58 13 33
83 47 45 34 25 20 33
23 30 70 51 40 47 25
46 39 36 37 9 62 39
6 79 17 28 14 61 78
0 23 55 23 30 70 16
12 2 9 86 73 66 91
68 24 36 88 24 38 2
71 71 10 18 30 57 62
1 27 83 84 25 32 51
29 31 80 4 24 15 65
58 33 4 8 18 77 74
15 47 65 81 35 15 51
22 48 64 60 42 85 21
45 75 41 55 28 43 47
85 16 75 59 28 10 66
80 65 80 66 17 12 83
81 35 15 38 57 24 23
51 40 47 4 24 15 35
83 47 45 69 24 37 24
5 69 68 57 13 49 59
81 35 15 66 17 12 18
28 14 61 17 71 83 61
16 52 51 6 79 17 43
59 28 10 3 44 28 24
88 24 38 23 30 70 32
62 7 83 48 44 19 73
59 28 10 82 30 63 53
17 71 83 50 58 13 71
65 76 20 21 55 27 22
67 84 74 39 80 19 55
62 7 83 8 18 77 12
58 33 4 66 17 12 17
61 33 74 55 28 43 31
70 10 1 51 40 47 54
0 23 55 39 80 19 67
24 65 3 5 69 68 65
77 22 85 76 14 87 8
39 80 19 25 58 52 39
26 72 68 0 23 55 50
15 47 65 10 51 64 4
10 51 64 60 42 85 22
50 58 13 38 57 24 11
32 43 74 33 55 76 12
0 23 55 5 69 68 47
35 82 9 86 73 66 57
73 26 23 28 14 61 39
30 3 25 59 28 10 29
12 2 9 65 76 20 74
61 33 74 22 48 64 18
1 27 83 44 68 72 42
31 26 36 44 68 72 55
45 75 41 85 16 75 68
27 76 72 3 44 28 54
13 33 16 47 41 13 8
43 12 26 87 59 54 54
82 30 63 26 72 68 42
12 2 9 46 39 36 45
38 57 24 39 80 19 23
8 18 77 42 10 28 49
61 33 74 19 19 47 30
37 9 62 67 84 74 75
50 58 13 28 14 61 65
80 65 80 15 47 65 23
6 79 17 59 28 10 51
12 2 9 41 17 27 23
57 13 49 49 56 70 47
28 14 61 0 23 55 10
63 70 37 39 80 19 20
40 66 19 34 25 20 41
4 24 15 34 25 20 5
35 82 9 33 55 76 72
73 26 23 23 30 70 47
2 53 56 14 53 56 0
68 24 36 48 44 19 26
7 6 82 17 71 83 65
52 42 42 5 69 68 37
48 44 19 27 76 72 61
25 58 52 64 8 33 53
0 23 55 36 72 88 59
35 82 9 87 59 54 50
72 59 74 35 82 9 68
26 72 68 78 75 10 58
3 44 28 57 13 49 37
47 41 13 18 30 57 45
68 24 36 18 30 57 21
47 41 13 33 55 76 64
72 59 74 77 22 85 38
21 55 27 74 44 58 32
6 79 17 73 26 23 53
19 19 47 16 52 51 33
48 44 19 59 28 10 18
42 10 28 74 44 58 45
41 17 27 74 44 58 41
26 72 68 76 14 87 61
26 72 68 8 18 77 54
43 12 26 19 19 47 22
65 76 20 47 41 13 35
1 27 83 2 53 56 37
84 25 32 16 52 51 33
80 65 80 78 75 10 70
33 55 76 43 12 26 65
33 55 76 24 65 3 73
27 76 72 8 18 77 58
67 84 74 79 17 3 97
44 68 72 16 52 51 26
43 12 26 56 60 25 48
38 57 24 3 44 28 13
8 18 77 7 6 82 13
66 17 12 9 9 49 37
10 51 64 8 18 77 35
69 24 37 67 84 74 70
75 28 68 36 72 88 48
69 24 37 57 13 49 16
66 17 12 20 50 78 73
46 39 36 83 47 45 12
66 17 12 63 70 37 58
33 55 76 45 75 41 40
9 9 49 39 80 19 77
38 57 24 46 39 36 21
75 28 68 22 48 64 20
58 33 4 41 17 27 28
28 14 61 41 17 27 34
18 30 57 77 22 85 29
60 42 85 83 47 45 40
51 40 47 66 17 12 41
44 68 72 37 9 62 59
77 22 85 41 17 27 58
59 28 10 26 72 68 72
72 59 74 65 76 20 56
0 23 55 34 25 20 35
41 17 27 83 47 45 34
16 52 51 58 33 4 50
60 42 85 82 30 63 25
28 14 61 82 30 63 16
62 7 83 32 43 74 37
9 9 49 58 33 4 51
50 58 13 67 84 74 66
18 30 57 76 14 87 34
16 52 51 75 28 68 29
34 25 20 12 2 9 25
42 10 28 53 55 30 45
57 13 49 27 76 72 67
80 65 80 44 68 72 8
63 70 37 3 44 28 27
61 33 74 62 7 83 27
41 17 27 86 73 66 68
17 71 83 3 44 28 61
15 47 65 68 24 36 37
12 2 9 77 22 85 78
39 80 19 26 72 68 49
33 55 76 5 69 68 16
2 53 56 23 30 70 26
71 71 10 33 55 76 67
71 71 10 84 25 32 50
8 18 77 46 39 36 46
80 65 80 1 27 83 38
87 59 54 80 65 80 26
39 80 19 73 26 23 54
79 17 3 45 75 41 69
56 60 25 66 17 12 44
13 33 16 64 8 33 30
40 66 19 19 19 47 54
15 47 65 6 79 17 57
30 3 25 42 10 28 7
4 24 15 80 65 80 76
58 33 4 4 24 15 14
33 55 76 85 16 75 39
2 53 56 59 28 10 52
39 80 19 51 40 47 48
30 3 25 52 42 42 42
49 56 70 11 61 13 57
10 51 64 88 24 38 37
57 13 49 38 57 24 50
73 26 23 80 65 80 69
67 84 74 70 10 1 103
87 59 54 73 26 23 45
78 75 10 20 50 78 72
58 33 4 25 58 52 54
21 55 27 31 26 36 30
17 71 83 80 65 80 6
59 28 10 58 33 4 7
84 25 32 34 25 20 12
15 47 65 71 71 10 60
12 2 9 84 25 32 32
12 2 9 5 69 68 89
26 72 68 75 28 68 44
73 26 23 42 10 28 16
42 10 28 55 28 43 23
75 28 68 19 19 47 22
76 14 87 72 59 74 46
70 10 1 54 43 37 48
61 33 74 71 71 10 74
70 10 1 32 43 74 80
18 30 57 36 72 88 52
88 24 38 33 55 76 49
56 60 25 10 51 64 40
31 26 36 12 2 9 36
61 33 74 23 30 70 5
66 17 12 85 16 75 63
87 59 54 86 73 66 18
40 66 19 14 53 56 39
88 24 38 31 26 36 2
2 53 56 33 55 76 20
34 25 20 15 47 65 50
62 7 83 9 9 49 34
42 10 28 54 43 37 34
77 22 85 53 55 30 64
12 2 9 38 57 24 57
74 44 58 69 24 37 29
24 65 3 31 26 36 51
46 39 36 4 24 15 25
9 9 49 30 3 25 24
5 69 68 3 44 28 47
44 68 72 35 82 9 64
45 75 41 38 57 24 24
15 47 65 87 59 54 16
40 66 19 75 28 68 62
86 73 66 45 75 41 25
29 31 80 55 28 43 37
45 75 41 21 55 27 24
78 75 10 7 6 82 99
70 10 1 77 22 85 84
41 17 27 78 75 10 60
26 72 68 37 9 62 63
35 82 9 16 52 51 51
48 44 19 67 84 74 68
63 70 37 53 55 30 16
28 14 61 78 75 10 79
36 72 88 61 33 74 41
86 73 66 11 61 13 54
18 30 57 82 30 63 6
32 43 74 22 48 64 11
72 59 74 73 26 23 60
30 3 25 56 60 25 57
61 33 74 58 33 4 70
86 73 66 81 35 15 63
78 75 10 21 55 27 26
35 82 9 68 24 36 63
49 56 70 66 17 12 69
38 57 24 14 53 56 32
24 65 3 83 47 45 45
15 47 65 65 76 20 53
79 17 3 56 60 25 48
21 55 27 79 17 3 44
42 10 28 0 23 55 29
29 31 80 49 56 70 26
39 80 19 10 51 64 53
62 7 83 33 55 76 48
25 58 52 88 24 38 36
34 25 20 54 43 37 24
20 50 78 7 6 82 44
28 14 61 40 66 19 66
29 31 80 80 65 80 34
62 7 83 17 71 83 64
78 75 10 22 48 64 60
17 71 83 25 58 52 33
56 60 25 26 72 68 44
58 33 4 81 35 15 11
30 3 25 19 19 47 27
52 42 42 75 28 68 29
65 76 20 71 71 10 11
80 65 80 76 14 87 51
12 2 9 25 58 52 70
39 80 19 30 3 25 77
70 10 1 10 51 64 75
29 31 80 23 30 70 10
24 65 3 37 9 62 81
50 58 13 83 47 45 33
58 33 4 15 47 65 62
23 30 70 59 28 10 60
16 52 51 15 47 65 14
51 40 47 61 33 74 27
0 23 55 37 9 62 15
18 30 57 80 65 80 41
29 31 80 47 41 13 67
55 28 43 77 22 85 42
60 42 85 6 79 17 77
65 76 20 86 73 66 46
85 16 75 6 79 17 85
34 25 20 85 16 75 55
77 22 85 44 68 72 47
61 33 74 70 10 1 76
17 71 83 71 71 10 73
5 69 68 36 72 88 20
44 68 72 50 58 13 59
74 44 58 54 43 37 21
46 39 36 20 50 78 43
2 53 56 3 44 28 29
85 16 75 44 68 72 52
75 28 68 35 82 9 79
40 66 19 36 72 88 69
17 71 83 58 33 4 87
17 71 83 56 60 25 59
85 16 75 8 18 77 2
48 44 19 44 68 72 58
80 65 80 79 17 3 90
49 56 70 77 22 85 37
59 28 10 52 42 42 34
59 28 10 27 76 72 78
3 44 28 30 3 25 41
61 33 74 72 59 74 26
56 60 25 55 28 43 36
43 12 26 44 68 72 72
51 40 47 32 43 74 27
29 31 80 72 59 74 28
5 69 68 87 59 54 17
83 47 45 66 17 12 44
20 50 78 56 60 25 53
5 69 68 29 31 80 39
36 72 88 24 65 3 85
17 71 83 55 28 43 58
75 28 68 1 27 83 15
67 84 74 71 71 10 65
64 8 33 24 65 3 64
78 75 10 72 59 74 65
30 3 25 71 71 10 69
21 55 27 1 27 83 62
69 24 37 34 25 20 17
47 41 13 10 51 64 51
21 55 27 72 59 74 47
9 9 49 10 51 64 44
25 58 52 28 14 61 44
64 8 33 55 28 43 22
5 69 68 32 43 74 26
36 72 88 17 71 83 5
64 8 33 51 40 47 34
18 30 57 29 31 80 23
74 44 58 31 26 36 28
48 44 19 45 75 41 38
86 73 66 17 71 83 17
13 33 16 6 79 17 46
0 23 55 8 18 77 22
19 19 47 88 24 38 10
4 24 15 32 43 74 61
27 76 72 30 3 25 86
53 55 30 57 13 49 46
61 33 74 88 24 38 37
43 12 26 47 41 13 31
7 6 82 84 25 32 53
0 23 55 57 13 49 11
15 47 65 50 58 13 53
37 9 62 27 76 72 67
40 66 19 80 65 80 61
81 35 15 36 72 88 81
38 57 24 28 14 61 56
20 50 78 14 53 56 22
31 26 36 28 14 61 27
60 42 85 49 56 70 20
5 69 68 77 22 85 49
20 50 78 3 44 28 50
14 53 56 12 2 9 69
3 44 28 48 44 19 9
39 80 19 50 58 13 22
10 51 64 68 24 36 38
51 40 47 77 22 85 42
28 14 61 1 27 83 25
29 31 80 66 17 12 69
9 9 49 87 59 54 50
81 35 15 75 28 68 53
2 53 56 60 42 85 31
24 65 3 56 60 25 22
82 30 63 50 58 13 57
14 53 56 87 59 54 6
43 12 26 31 26 36 17
76 14 87 83 47 45 53
0 23 55 74 44 58 21
1 27 83 11 61 13 77
55 28 43 87 59 54 32
34 25 20 9 9 49 33
84 25 32 29 31 80 48
82 30 63 43 12 26 41
11 61 13 64 8 33 56
85 16 75 13 33 16 61
29 31 80 25 58 52 38
52 42 42 38 57 24 23
16 52 51 65 76 20 39
79 17 3 75 28 68 65
59 28 10 74 44 58 50
30 3 25 57 13 49 26
14 53 56 8 18 77 40
10 51 64 65 76 20 50
6 79 17 29 31 80 79
14 53 56 71 71 10 49
28 14 61 80 65 80 54
24 65 3 50 58 13 12
27 76 72 4 24 15 77
43 12 26 32 43 74 57
8 18 77 55 28 43 35
51 40 47 50 58 13 38
64 8 33 76 14 87 54
79 17 3 14 53 56 64
45 75 41 36 72 88 47
15 47 65 66 17 12 60
51 40 47 8 18 77 37
52 42 42 39 80 19 44
19 19 47 24 65 3 63
55 28 43 33 55 76 42
45 75 41 71 71 10 31
0 23 55 22 48 64 26
68 24 36 65 76 20 54
81 35 15 5 69 68 62
83 47 45 80 65 80 39
10 51 64 78 75 10 59
87 59 54 0 23 55 36
62 7 83 75 28 68 25
42 10 28 51 40 47 35
82 30 63 84 25 32 31
73 26 23 67 84 74 77
47 41 13 11 61 13 20
58 33 4 60 42 85 81
35 82 9 0 23 55 74
62 7 83 38 57 24 77
36 72 88 63 70 37 51
30 3 25 66 17 12 19
81 35 15 4 24 15 11
46 39 36 53 55 30 17
81 35 15 67 84 74 76
81 35 15 30 3 25 33
45 75 41 65 76 20 21
42 10 28 85 16 75 47
60 42 85 17 71 83 29
43 12 26 9 9 49 23
26 72 68 11 61 13 56
29 31 80 74 44 58 25
32 43 74 26 72 68 29
70 10 1 19 19 47 46
31 26 36 64 8 33 18
3 44 28 71 71 10 32
19 19 47 41 17 27 20
63 70 37 31 26 36 44
20 50 78 74 44 58 20
35 82 9 63 70 37 30
46 39 36 75 28 68 33
46 39 36 68 24 36 15
4 24 15 85 16 75 60
42 10 28 1 27 83 57
15 47 65 72 59 74 15
67 84 74 54 43 37 55
71 71 10 54 43 37 38
81 35 15 88 24 38 25
58 33 4 10 51 64 62
67 84 74 20 50 78 34
23 30 70 83 47 45 30
82 30 63 27 76 72 46
51 40 47 28 14 61 29
30 3 25 46 39 36 37
67 84 74 8 18 77 66
61 33 74 24 65 3 77
86 73 66 52 42 42 39
58 33 4 70 10 1 23
25 58 52 87 59 54 2
81 35 15 76 14 87 75
35 82 9 48 44 19 39
7 6 82 11 61 13 88
10 51 64 35 82 9 63
12 2 9 13 33 16 31
44 68 72 15 47 65 22
79 17 3 38 57 24 45
39 80 19 76 14 87 94
82 30 63 58 33 4 59
79 17 3 35 82 9 65
19 19 47 25 58 52 39
73 26 23 7 6 82 62
46 39 36 77 22 85 51
57 13 49 55 28 43 16
0 23 55 3 44 28 34
50 58 13 40 66 19 10
38 57 24 55 28 43 34
65 76 20 59 28 10 49
22 48 64 85 16 75 33
6 79 17 17 71 83 66
60 42 85 28 14 61 36
1 27 83 53 55 30 59
50 58 13 22 48 64 51
75 28 68 87 59 54 34
37 9 62 42 10 28 34
82 30 63 21 55 27 43
81 35 15 27 76 72 70
28 14 61 79 17 3 58
37 9 62 35 82 9 90
28 14 61 24 65 3 77
77 22 85 24 65 3 92
69 24 37 55 28 43 7
41 17 27 40 66 19 49
46 39 36 79 17 3 39
64 8 33 8 18 77 45
62 7 83 77 22 85 15
82 30 63 85 16 75 18
24 65 3 22 48 64 63
14 53 56 59 28 10 52
39 80 19 80 65 80 62
38 57 24 60 42 85 62
71 71 10 28 14 61 76
59 28 10 8 18 77 67
0 23 55 62 7 83 32
22 48 64 7 6 82 45
21 55 27 32 43 74 48
34 25 20 20 50 78 63
61 33 74 76 14 87 23
78 75 10 81 35 15 40
85 16 75 24 65 3 87
38 57 24 88 24 38 35
60 42 85 51 40 47 38
59 28 10 44 68 72 73
21 55 27 5 69 68 43
33 55 76 65 76 20 59
48 44 19 19 19 47 37
19 19 47 38 57 24 44
43 12 26 38 57 24 45
75 28 68 14 53 56 27
34 25 20 74 44 58 42
30 3 25 1 27 83 62
41 17 27 56 60 25 43
3 44 28 4 24 15 23
27 76 72 55 28 43 56
16 52 51 23 30 70 29
88 24 38 84 25 32 6
42 10 28 41 17 27 7
28 14 61 85 16 75 14
67 84 74 46 39 36 58
55 28 43 34 25 20 23
3 44 28 52 42 42 14
26 72 68 14 53 56 22
79 17 3 8 18 77 74
69 24 37 80 65 80 59
67 84 74 42 10 28 87
87 59 54 58 33 4 56
24 65 3 84 25 32 49
34 25 20 5 69 68 65
7 6 82 29 31 80 25
2 53 56 25 58 52 6
3 44 28 39 80 19 37
78 75 10 54 43 37 41
44 68 72 29 31 80 37
15 47 65 62 7 83 43
77 22 85 83 47 45 47
52 42 42 83 47 45 5
69 24 37 22 48 64 36
85 16 75 18 30 57 22
69 24 37 23 30 70 33
24 65 3 52 42 42 45
23 30 70 3 44 28 44
0 23 55 83 47 45 26
30 3 25 28 14 61 37
36 72 88 9 9 49 74
31 26 36 52 42 42 17
19 19 47 51 40 47 21
59 28 10 40 66 19 39
46 39 36 19 19 47 22
58 33 4 20 50 78 75
27 76 72 72 59 74 17
72 59 74 69 24 37 50
47 41 13 72 59 74 63
63 70 37 72 59 74 38
48 44 19 40 66 19 22
3 44 28 21 55 27 11
4 24 15 17 71 83 82
68 24 36 83 47 45 24
49 56 70 75 28 68 28
70 10 1 82 30 63 65
81 35 15 69 24 37 24
29 31 80 68 24 36 44
48 44 19 42 10 28 35
46 39 36 57 13 49 29
77 22 85 54 43 37 52
43 12 26 81 35 15 25
53 55 30 16 52 51 21
44 68 72 65 76 20 52
7 6 82 55 28 43 44
34 25 20 80 65 80 72
8 18 77 57 13 49 28
6 79 17 43 12 26 67
62 7 83 31 26 36 50
17 71 83 14 53 56 32
66 17 12 10 51 64 62
83 47 45 35 82 9 50
42 10 28 80 65 80 75
16 52 51 77 22 85 45
60 42 85 39 80 19 76
60 42 85 72 59 74 20
77 22 85 52 42 42 47
1 27 83 67 84 74 57
8 18 77 66 17 12 65
67 84 74 24 65 3 73
21 55 27 10 51 64 37
69 24 37 44 68 72 56
57 13 49 16 52 51 39
14 53 56 6 79 17 46
35 82 9 77 22 85 96
35 82 9 73 26 23 57
25 58 52 46 39 36 24
4 24 15 38 57 24 34
59 28 10 45 75 41 56
23 30 70 42 10 28 46
7 6 82 5 69 68 64
54 43 37 84 25 32 18
3 44 28 51 40 47 19
65 76 20 28 14 61 74
41 17 27 68 24 36 11
19 19 47 77 22 85 38
9 9 49 52 42 42 33
41 17 27 20 50 78 60
11 61 13 29 31 80 73
2 53 56 39 80 19 45
44 68 72 52 42 42 39
53 55 30 9 9 49 49
20 50 78 8 18 77 32
12 2 9 62 7 83 74
4 24 15 53 55 30 34
48 44 19 53 55 30 15
64 8 33 47 41 13 38
48 44 19 63 70 37 31
0 23 55 32 43 74 27
25 58 52 35 82 9 49
39 80 19 87 59 54 40
34 25 20 18 30 57 37
30 3 25 76 14 87 62
49 56 70 16 52 51 19
17 71 83 35 82 9 74
70 10 1 48 44 19 38
29 31 80 88 24 38 42
1 27 83 63 70 37 62
68 24 36 31 26 36 2
60 42 85 69 24 37 51
17 71 83 44 68 72 11
6 79 17 52 42 42 44
17 71 83 37 9 62 65
85 16 75 74 44 58 32
63 70 37 13 33 16 42
24 65 3 29 31 80 84
51 40 47 67 84 74 51
71 71 10 4 24 15 47
9 9 49 35 82 9 83
17 71 83 38 57 24 60
26 72 68 66 17 12 78
62 7 83 23 30 70 26
12 2 9 57 13 49 41
55 28 43 3 44 28 21
76 14 87 65 76 20 91
64 8 33 79 17 3 31
71 71 10 8 18 77 85
3 44 28 22 48 64 36
72 59 74 28 14 61 46
17 71 83 73 26 23 75
1 27 83 33 55 76 28
60 42 85 61 33 74 14
31 26 36 49 56 70 45
10 51 64 80 65 80 21
71 71 10 53 55 30 25
64 8 33 87 59 54 55
72 59 74 62 7 83 52
41 17 27 9 9 49 23
88 24 38 62 7 83 48
24 65 3 49 56 70 67
7 6 82 21 55 27 73
49 56 70 64 8 33 60
53 55 30 72 59 74 44
21 55 27 39 80 19 26
62 7 83 53 55 30 71
25 58 52 6 79 17 40
79 17 3 24 65 3 48
82 30 63 74 44 58 14
8 18 77 48 44 19 63
61 33 74 49 56 70 23
54 43 37 19 19 47 26
31 26 36 23 30 70 34
28 14 61 33 55 76 43
28 14 61 37 9 62 5
25 58 52 4 24 15 50
55 28 43 73 26 23 20
68 24 36 4 24 15 21
40 66 19 38 57 24 10
56 60 25 67 84 74 54
4 24 15 63 70 37 50
3 44 28 49 56 70 43
48 44 19 75 28 68 51
58 33 4 83 47 45 43
14 53 56 63 70 37 25
64 8 33 5 69 68 70
7 6 82 41 17 27 56
51 40 47 79 17 3 49
51 40 47 59 28 10 38
0 23 55 61 33 74 21
50 58 13 26 72 68 56
60 42 85 47 41 13 72
11 61 13 38 57 24 11
56 60 25 77 22 85 71
20 50 78 42 10 28 64
7 6 82 34 25 20 64
61 33 74 16 52 51 29
64 8 33 35 82 9 77
63 70 37 75 28 68 52
3 44 28 29 31 80 53
87 59 54 61 33 74 32
64 8 33 20 50 78 61
21 55 27 68 24 36 32
7 6 82 86 73 66 68
73 26 23 74 44 58 39
34 25 20 33 55 76 63
80 65 80 7 6 82 59
78 75 10 63 70 37 27
19 19 47 49 56 70 43
25 58 52 78 75 10 45
20 50 78 21 55 27 51
44 68 72 40 66 19 53
13 33 16 35 82 9 49
40 66 19 22 48 64 48
78 75 10 42 10 28 67
74 44 58 58 33 4 55
12 2 9 36 72 88 105
34 25 20 10 51 64 51
73 26 23 60 42 85 64
67 84 74 34 25 20 79
71 71 10 5 69 68 58
78 75 10 67 84 74 64
69 24 37 27 76 72 62
66 17 12 25 58 52 57
40 66 19 84 25 32 43
85 16 75 48 44 19 62
33 55 76 61 33 74 22
22 48 64 77 22 85 33
55 28 43 14 53 56 28
35 82 9 2 53 56 55
19 19 47 34 25 20 27
49 56 70 56 60 25 45
39 80 19 71 71 10 12
40 66 19 32 43 74 59
61 33 74 26 72 68 39
15 47 65 42 10 28 52
39 80 19 65 76 20 4
54 43 37 83 47 45 8
12 2 9 60 42 85 85
32 43 74 46 39 36 38
66 17 12 2 53 56 56
15 47 65 24 65 3 64
12 2 9 76 14 87 78
79 17 3 60 42 85 85
22 48 64 17 71 83 29
35 82 9 11 61 13 21
63 70 37 30 3 25 68
22 48 64 47 41 13 51
0 23 55 52 42 42 23
76 14 87 10 51 64 43
67 84 74 27 76 72 8
31 26 36 81 35 15 22
74 44 58 1 27 83 30
21 55 27 34 25 20 30
10 51 64 44 68 72 18
65 76 20 43 12 26 64
45 75 41 30 3 25 73
48 44 19 83 47 45 26
74 44 58 84 25 32 32
0 23 55 78 75 10 68
75 28 68 74 44 58 18
7 6 82 1 27 83 21
78 75 10 31 26 36 55
39 80 19 58 33 4 49
88 24 38 72 59 74 50
52 42 42 36 72 88 54
76 14 87 58 33 4 85
73 26 23 65 76 20 50
28 14 61 27 76 72 62
57 13 49 67 84 74 75
53 55 30 11 61 13 18
83 47 45 56 60 25 23
50 58 13 59 28 10 30
53 55 30 65 76 20 23
84 25 32 45 75 41 50
88 24 38 14 53 56 34
34 25 20 76 14 87 67
16 52 51 70 10 1 65
59 28 10 35 82 9 54
15 47 65 30 3 25 59
64 8 33 40 66 19 59
11 61 13 45 75 41 31
79 17 3 72 59 74 82
71 71 10 69 24 37 54
0 23 55 86 73 66 51
74 44 58 15 47 65 7
38 57 24 16 52 51 27
73 26 23 13 33 16 9
13 33 16 53 55 30 26
64 8 33 41 17 27 10
38 57 24 86 73 66 44
69 24 37 31 26 36 2
62 7 83 55 28 43 45
27 76 72 52 42 42 45
42 10 28 58 33 4 33
31 26 36 30 3 25 25
4 24 15 54 43 37 29
1 27 83 27 76 72 50
43 12 26 67 84 74 86
9 9 49 31 26 36 21
44 68 72 62 7 83 61
31 26 36 59 28 10 26
76 14 87 53 55 30 70
81 35 15 18 30 57 42
71 71 10 25 58 52 43
60 42 85 68 24 36 52
86 73 66 84 25 32 58
5 69 68 65 76 20 48
31 26 36 45 75 41 49
19 19 47 22 48 64 33
87 59 54 16 52 51 7
84 25 32 50 58 13 38
52 42 42 49 56 70 31
8 18 77 68 24 36 41
74 44 58 60 42 85 27
25 58 52 21 55 27 25
9 9 49 5 69 68 62
46 39 36 61 33 74 38
27 76 72 66 17 12 84
84 25 32 20 50 78 52
21 55 27 76 14 87 72
37 9 62 59 28 10 55
12 2 9 47 41 13 39
23 30 70 38 57 24 53
16 52 51 31 26 36 30
75 28 68 27 76 72 48
68 24 36 70 10 1 37
25 58 52 1 27 83 43
32 43 74 76 14 87 31
60 42 85 21 55 27 59
42 10 28 5 69 68 71
8 18 77 54 43 37 47
70 10 1 75 28 68 69
87 59 54 24 65 3 51
14 53 56 32 43 74 20
27 76 72 36 72 88 16
32 43 74 25 58 52 26
11 61 13 30 3 25 59
50 58 13 19 19 47 51
46 39 36 70 10 1 45
69 24 37 10 51 64 38
42 10 28 63 70 37 60
78 75 10 17 71 83 73
63 70 37 52 42 42 28
75 28 68 86 73 66 45
76 14 87 59 28 10 78
58 33 4 24 65 3 32
48 44 19 32 43 74 55
51 40 47 63 70 37 31
62 7 83 78 75 10 99
23 30 70 74 44 58 18
2 53 56 70 10 1 69
37 9 62 49 56 70 47
31 26 36 55 28 43 7
55 28 43 0 23 55 13
37 9 62 65 76 20 79
53 55 30 81 35 15 25
59 28 10 86 73 66 71
51 40 47 44 68 72 37
86 73 66 40 66 19 47
73 26 23 71 71 10 46
75 28 68 76 14 87 23
85 16 75 41 17 27 48
31 26 36 57 13 49 18
63 70 37 22 48 64 34
34 25 20 57 13 49 31
34 25 20 3 44 28 20
85 16 75 70 10 1 74
58 33 4 23 30 70 66
63 70 37 7 6 82 78
69 24 37 56 60 25 37
68 24 36 77 22 85 49
2 53 56 11 61 13 43
65 76 20 42 10 28 66
83 47 45 38 57 24 23
4 24 15 88 24 38 23
17 71 83 32 43 74 29
39 80 19 81 35 15 45
29 31 80 60 42 85 12
36 72 88 15 47 65 33
66 17 12 48 44 19 27
46 39 36 15 47 65 30
21 55 27 63 70 37 18
33 55 76 86 73 66 20
66 17 12 69 24 37 25
52 42 42 50 58 13 33
61 33 74 38 57 24 55
6 79 17 46 39 36 44
69 24 37 51 40 47 18
71 71 10 60 42 85 80
11 61 13 78 75 10 14
10 51 64 38 57 24 40
30 3 25 6 79 17 76
78 75 10 18 30 57 65
54 43 37 64 8 33 35
71 71 10 52 42 42 43
63 70 37 26 72 68 31
60 42 85 70 10 1 89
66 17 12 41 17 27 15
64 8 33 66 17 12 22
22 48 64 73 26 23 46
64 8 33 39 80 19 73
67 84 74 14 53 56 35
5 69 68 79 17 3 83
86 73 66 20 50 78 25
13 33 16 72 59 74 63
64 8 33 83 47 45 40
60 42 85 43 12 26 66
20 50 78 87 59 54 25
87 59 54 57 13 49 46
15 47 65 31 26 36 35
13 33 16 45 75 41 48
35 82 9 6 79 17 8
78 75 10 8 18 77 87
12 2 9 78 75 10 73
38 57 24 41 17 27 40
3 44 28 60 42 85 57
68 24 36 23 30 70 34
35 82 9 5 69 68 60
85 16 75 53 55 30 59
25 58 52 3 44 28 27
86 73 66 31 26 36 55
60 42 85 42 10 28 65
55 28 43 82 30 63 20
25 58 52 49 56 70 18
12 2 9 15 47 65 71
7 6 82 6 79 17 97
37 9 62 86 73 66 64
47 41 13 15 47 65 52
71 71 10 51 40 47 48
31 26 36 7 6 82 50
41 17 27 6 79 17 62
11 61 13 56 60 25 12
79 17 3 13 33 16 20
26 72 68 40 66 19 49
6 79 17 83 47 45 42
0 23 55 2 53 56 30
82 30 63 66 17 12 52
42 10 28 88 24 38 17
71 71 10 11 61 13 10
44 68 72 12 2 9 91
4 24 15 78 75 10 51
62 7 83 42 10 28 55
12 2 9 59 28 10 26
5 69 68 50 58 13 56
50 58 13 75 28 68 62
53 55 30 18 30 57 36
32 43 74 39 80 19 66
75 28 68 17 71 83 45
65 76 20 34 25 20 51
0 23 55 16 52 51 29
63 70 37 57 13 49 58
71 71 10 63 70 37 27
77 22 85 84 25 32 53
4 24 15 22 48 64 54
9 9 49 45 75 41 66
46 39 36 85 16 75 45
10 51 64 40 66 19 47
48 44 19 56 60 25 17
45 75 41 8 18 77 67
35 82 9 69 24 37 64
9 9 49 50 58 13 60
10 51 64 26 72 68 21
54 43 37 73 26 23 22
51 40 47 49 56 70 28
37 9 62 10 51 64 42
25 58 52 0 23 55 35
53 55 30 49 56 70 40
0 23 55 30 3 25 36
85 16 75 84 25 32 43
87 59 54 30 3 25 63
22 48 64 9 9 49 41
17 71 83 70 10 1 102
32 43 74 50 58 13 62
50 58 13 53 55 30 17
53 55 30 54 43 37 13
88 24 38 53 55 30 32
10 51 64 61 33 74 20
23 30 70 71 71 10 72
14 53 56 44 68 72 21
51 40 47 35 82 9 56
64 8 33 1 27 83 53
64 8 33 17 71 83 80
77 22 85 43 12 26 59
66 17 12 36 72 88 93
15 47 65 59 28 10 58
43 12 26 88 24 38 16