46 1035
27 17 21 32 21 4 17
12 39 7 38 19 43 41
7 9 35 36 28 17 26
6 17 31 19 45 5 38
16 24 14 15 32 12 8
27 17 21 41 33 23 16
7 9 35 34 35 18 31
41 33 23 42 41 35 14
34 35 18 27 17 21 18
24 42 36 7 9 35 33
18 34 23 27 17 21 17
22 14 45 31 29 41 15
39 29 17 14 0 23 29
15 32 12 28 13 25 23
19 45 5 25 24 39 39
15 32 12 45 26 44 32
12 39 7 14 0 23 42
7 9 35 42 41 35 32
42 41 35 37 45 6 29
12 39 7 17 38 6 1
24 42 36 25 24 39 18
12 39 7 8 22 6 17
43 29 5 17 38 6 9
3 3 18 16 24 14 21
13 10 45 34 35 18 36
23 17 0 14 0 23 28
36 28 17 39 29 17 1
15 32 12 42 41 35 24
14 0 23 0 45 26 45
31 29 41 44 10 40 19
9 42 30 17 38 6 24
39 29 17 44 10 40 29
31 29 41 43 29 5 36
10 0 4 22 14 45 43
24 42 36 1 1 35 41
38 19 43 6 17 31 12
12 39 7 32 21 4 18
31 29 41 28 13 25 22
16 24 14 18 34 23 13
18 34 23 33 11 11 25
36 28 17 21 13 31 20
3 3 18 31 29 41 34
33 11 11 26 36 12 25
17 38 6 3 3 18 37
40 43 23 28 13 25 30
27 17 21 39 29 17 12
35 10 42 8 22 6 37
20 25 31 31 29 41 10
20 25 31 39 29 17 14
40 43 23 41 33 23 10
19 45 5 10 0 4 45
10 0 4 3 3 18 14
4 38 12 43 29 5 11
23 17 0 11 2 16 21
39 29 17 0 45 26 18
25 24 39 2 28 6 33
3 3 18 41 33 23 30
5 31 5 6 17 31 29
37 45 6 0 45 26 20
1 1 35 40 43 23 43
9 42 30 5 31 5 27
27 17 21 21 13 31 10
42 41 35 27 17 21 27
32 21 4 40 43 23 29
27 17 21 6 17 31 10
9 42 30 34 35 18 13
26 36 12 4 38 12 2
14 0 23 6 17 31 18
17 38 6 0 45 26 21
37 45 6 13 10 45 52
16 24 14 7 9 35 25
28 13 25 25 24 39 17
27 17 21 14 0 23 17
18 34 23 38 19 43 25
27 17 21 43 29 5 20
29 37 25 37 45 6 20
40 43 23 30 5 40 41
13 10 45 17 38 6 48
14 0 23 11 2 16 7
28 13 25 7 9 35 10
28 13 25 26 36 12 26
44 10 40 13 10 45 5
15 32 12 31 29 41 29
29 37 25 41 33 23 4
44 10 40 19 45 5 49
42 41 35 21 13 31 28
33 11 11 8 22 6 12
23 17 0 7 9 35 35
32 21 4 13 10 45 42
45 26 44 19 45 5 43
2 28 6 19 45 5 17
0 45 26 16 24 14 24
11 2 16 44 10 40 25
12 39 7 20 25 31 27
42 41 35 4 38 12 23
39 29 17 8 22 6 13
35 10 42 23 17 0 42
3 3 18 21 13 31 16
37 45 6 38 19 43 45
13 10 45 7 9 35 10
23 17 0 4 38 12 24
11 2 16 19 45 5 44
34 35 18 43 29 5 14
29 37 25 31 29 41 17
31 29 41 19 45 5 39
5 31 5 13 10 45 45
19 45 5 8 22 6 23
6 17 31 4 38 12 28
9 42 30 18 34 23 10
16 24 14 32 21 4 10
3 3 18 6 17 31 19
35 10 42 28 13 25 17
32 21 4 15 32 12 13
30 5 40 19 45 5 53
17 38 6 7 9 35 41
8 22 6 27 17 21 15
37 45 6 11 2 16 44
1 1 35 26 36 12 41
27 17 21 26 36 12 21
10 0 4 5 31 5 31
8 22 6 0 45 26 30
44 10 40 29 37 25 30
10 0 4 17 38 6 38
40 43 23 42 41 35 12
20 25 31 17 38 6 28
37 45 6 2 28 6 17
41 33 23 13 10 45 31
29 37 25 18 34 23 3
24 42 36 19 45 5 31
34 35 18 11 2 16 33
20 25 31 29 37 25 13
4 38 12 25 24 39 30
13 10 45 21 13 31 14
2 28 6 9 42 30 27
24 42 36 35 10 42 32
27 17 21 4 38 12 22
34 35 18 37 45 6 15
15 32 12 43 29 5 7
39 29 17 35 10 42 31
7 9 35 5 31 5 37
37 45 6 18 34 23 20
2 28 6 21 13 31 29
21 13 31 24 42 36 29
44 10 40 12 39 7 43
18 34 23 11 2 16 32
7 9 35 37 45 6 46
21 13 31 23 17 0 31
2 28 6 41 33 23 17
1 1 35 42 41 35 40
26 36 12 45 26 44 33
29 37 25 0 45 26 8
10 0 4 20 25 31 36
37 45 6 28 13 25 37
5 31 5 23 17 0 14
27 17 21 0 45 26 28
43 29 5 14 0 23 34
3 3 18 35 10 42 25
45 26 44 21 13 31 18
12 39 7 29 37 25 18
9 42 30 0 45 26 5
29 37 25 13 10 45 33
7 9 35 32 21 4 33
33 11 11 9 42 30 36
15 32 12 36 28 17 6
11 2 16 27 17 21 15
17 38 6 6 17 31 32
29 37 25 45 26 44 21
32 21 4 28 13 25 22
16 24 14 11 2 16 22
13 10 45 25 24 39 15
18 34 23 17 38 6 17
33 11 11 11 2 16 10
8 22 6 38 19 43 37
30 5 40 10 0 4 36
43 29 5 26 36 12 9
43 29 5 37 45 6 16
44 10 40 23 17 0 40
30 5 40 12 39 7 47
13 10 45 20 25 31 20
9 42 30 45 26 44 21
21 13 31 19 45 5 41
29 37 25 1 1 35 37
6 17 31 24 42 36 25
21 13 31 34 35 18 25
16 24 14 40 43 23 21
4 38 12 10 0 4 38
1 1 35 11 2 16 19
43 29 5 10 0 4 29
19 45 5 15 32 12 14
30 5 40 8 22 6 38
31 29 41 24 42 36 13
45 26 44 14 0 23 33
45 26 44 7 9 35 19
15 32 12 37 45 6 14
42 41 35 25 24 39 17
27 17 21 2 28 6 18
19 45 5 4 38 12 9
38 19 43 29 37 25 25
6 17 31 8 22 6 25
22 14 45 29 37 25 30
43 29 5 42 41 35 32
11 2 16 2 28 6 27
6 17 31 29 37 25 20
0 45 26 19 45 5 21
12 39 7 1 1 35 47
41 33 23 17 38 6 17
17 38 6 35 10 42 45
29 37 25 2 28 6 21
2 28 6 15 32 12 7
30 5 40 39 29 17 33
4 38 12 13 10 45 43
23 17 0 40 43 23 34
29 37 25 26 36 12 13
28 13 25 27 17 21 5
33 11 11 34 35 18 25
16 24 14 2 28 6 8
34 35 18 29 37 25 7
8 22 6 13 10 45 40
22 14 45 35 10 42 5
42 41 35 8 22 6 34
45 26 44 34 35 18 27
31 29 41 27 17 21 23
45 26 44 3 3 18 34
28 13 25 36 28 17 17
19 45 5 9 42 30 25
33 11 11 40 43 23 34
0 45 26 22 14 45 36
13 10 45 24 42 36 33
12 39 7 37 45 6 6
44 10 40 25 24 39 14
24 42 36 15 32 12 26
22 14 45 11 2 16 31
36 28 17 32 21 4 14
16 24 14 35 10 42 31
42 41 35 20 25 31 16
25 24 39 23 17 0 39
2 28 6 23 17 0 12
38 19 43 19 45 5 46
32 21 4 8 22 6 2
32 21 4 29 37 25 26
2 28 6 43 29 5 1
45 26 44 12 39 7 39
20 25 31 8 22 6 25
21 13 31 14 0 23 15
8 22 6 24 42 36 36
21 13 31 41 33 23 21
8 22 6 22 14 45 39
24 42 36 2 28 6 33
31 29 41 11 2 16 36
32 21 4 18 34 23 23
4 38 12 1 1 35 43
44 10 40 10 0 4 37
23 17 0 10 0 4 17
41 33 23 19 45 5 21
42 41 35 38 19 43 23
43 29 5 19 45 5 16
15 32 12 21 13 31 26
6 17 31 43 29 5 28
31 29 41 41 33 23 18
20 25 31 36 28 17 14
9 42 30 14 0 23 42
8 22 6 7 9 35 31
40 43 23 31 29 41 22
5 31 5 27 17 21 21
23 17 0 1 1 35 38
34 35 18 19 45 5 16
14 0 23 16 24 14 25
42 41 35 22 14 45 28
20 25 31 41 33 23 11
3 3 18 43 29 5 29
22 14 45 44 10 40 6
31 29 41 34 35 18 23
22 14 45 23 17 0 45
32 21 4 39 29 17 15
33 11 11 44 10 40 29
16 24 14 22 14 45 32
5 31 5 18 34 23 18
6 17 31 1 1 35 16
10 0 4 24 42 36 52
9 42 30 26 36 12 18
23 17 0 28 13 25 25
15 32 12 27 17 21 17
45 26 44 1 1 35 26
30 5 40 4 38 12 43
27 17 21 24 42 36 29
34 35 18 14 0 23 35
35 10 42 30 5 40 5
17 38 6 27 17 21 25
32 21 4 14 0 23 28
39 29 17 9 42 30 18
16 24 14 31 29 41 27
12 39 7 28 13 25 31
24 42 36 26 36 12 24
22 14 45 36 28 17 31
23 17 0 43 29 5 13
7 9 35 38 19 43 12
0 45 26 43 29 5 26
44 10 40 9 42 30 33
30 5 40 18 34 23 33
6 17 31 32 21 4 27
21 13 31 0 45 26 32
26 36 12 13 10 45 42
42 41 35 11 2 16 43
2 28 6 8 22 6 6
42 41 35 18 34 23 13
33 11 11 45 26 44 36
31 29 41 35 10 42 19
21 13 31 1 1 35 12
45 26 44 13 10 45 16
32 21 4 37 45 6 24
26 36 12 14 0 23 37
0 45 26 15 32 12 19
3 3 18 28 13 25 12
34 35 18 17 38 6 12
27 17 21 35 10 42 22
31 29 41 2 28 6 35
8 22 6 14 0 23 27
11 2 16 9 42 30 42
29 37 25 9 42 30 7
28 13 25 20 25 31 13
6 17 31 10 0 4 31
26 36 12 44 10 40 38
11 2 16 38 19 43 31
23 17 0 19 45 5 28
14 0 23 41 33 23 33
24 42 36 34 35 18 19
45 26 44 35 10 42 16
24 42 36 42 41 35 1
22 14 45 27 17 21 24
38 19 43 43 29 5 39
16 24 14 37 45 6 22
36 28 17 34 35 18 7
1 1 35 15 32 12 38
10 0 4 38 19 43 43
29 37 25 15 32 12 13
3 3 18 44 10 40 23
42 41 35 23 17 0 42
19 45 5 18 34 23 21
27 17 21 19 45 5 32
30 5 40 15 32 12 38
6 17 31 13 10 45 15
43 29 5 28 13 25 25
20 25 31 0 45 26 20
44 10 40 14 0 23 19
34 35 18 1 1 35 38
17 38 6 8 22 6 16
30 5 40 24 42 36 37
34 35 18 15 32 12 6
24 42 36 18 34 23 15
11 2 16 45 26 44 36
13 10 45 9 42 30 35
25 24 39 41 33 23 18
5 31 5 41 33 23 18
25 24 39 20 25 31 8
2 28 6 26 36 12 10
29 37 25 14 0 23 37
33 11 11 4 38 12 27
43 29 5 5 31 5 2
0 45 26 41 33 23 12
16 24 14 42 41 35 27
25 24 39 26 36 12 29
9 42 30 43 29 5 28
5 31 5 42 41 35 31
25 24 39 34 35 18 23
35 10 42 38 19 43 9
24 42 36 40 43 23 13
13 10 45 30 5 40 7
34 35 18 3 3 18 32
42 41 35 45 26 44 17
40 43 23 10 0 4 47
8 22 6 1 1 35 35
23 17 0 29 37 25 32
16 24 14 23 17 0 15
25 24 39 39 29 17 22
42 41 35 14 0 23 42
30 5 40 36 28 17 32
15 32 12 25 24 39 28
41 33 23 39 29 17 7
23 17 0 31 29 41 42
8 22 6 5 31 5 9
28 13 25 30 5 40 17
1 1 35 43 29 5 41
42 41 35 6 17 31 24
0 45 26 44 10 40 37
38 19 43 39 29 17 27
25 24 39 35 10 42 14
18 34 23 25 24 39 18
20 25 31 4 38 12 23
30 5 40 1 1 35 6
16 24 14 43 29 5 10
15 32 12 13 10 45 39
25 24 39 8 22 6 33
44 10 40 17 38 6 44
25 24 39 7 9 35 15
14 0 23 3 3 18 5
25 24 39 12 39 7 35
15 32 12 6 17 31 24
22 14 45 13 10 45 4
6 17 31 26 36 12 26
23 17 0 38 19 43 43
15 32 12 41 33 23 11
30 5 40 5 31 5 43
28 13 25 14 0 23 13
13 10 45 12 39 7 47
36 28 17 43 29 5 12
43 29 5 20 25 31 26
12 39 7 0 45 26 19
25 24 39 45 26 44 5
26 36 12 34 35 18 6
3 3 18 1 1 35 17
5 31 5 33 11 11 20
29 37 25 35 10 42 31
2 28 6 42 41 35 31
37 45 6 14 0 23 48
45 26 44 2 28 6 38
33 11 11 10 0 4 13
22 14 45 2 28 6 41
27 17 21 1 1 35 21
1 1 35 7 9 35 8
6 17 31 39 29 17 18
8 22 6 31 29 41 35
19 45 5 36 28 17 20
30 5 40 17 38 6 47
3 3 18 25 24 39 29
0 45 26 6 17 31 28
10 0 4 12 39 7 39
10 0 4 42 41 35 51
17 38 6 5 31 5 7
19 45 5 42 41 35 30
33 11 11 23 17 0 12
32 21 4 35 10 42 39
24 42 36 43 29 5 33
6 17 31 22 14 45 14
35 10 42 36 28 17 30
31 29 41 39 29 17 24
18 34 23 28 13 25 21
20 25 31 9 42 30 17
29 37 25 43 29 5 21
33 11 11 6 17 31 20
24 42 36 38 19 43 24
18 34 23 8 22 6 20
36 28 17 45 26 44 27
21 13 31 12 39 7 35
17 38 6 38 19 43 41
37 45 6 19 45 5 1
32 21 4 24 42 36 38
20 25 31 40 43 23 19
26 36 12 5 31 5 8
36 28 17 41 33 23 7
30 5 40 44 10 40 5
27 17 21 25 24 39 19
37 45 6 30 5 40 52
44 10 40 6 17 31 11
9 42 30 12 39 7 23
36 28 17 6 17 31 17
39 29 17 7 9 35 26
45 26 44 20 25 31 13
45 26 44 32 21 4 40
9 42 30 1 1 35 41
38 19 43 21 13 31 13
24 42 36 29 37 25 12
45 26 44 23 17 0 44
42 41 35 44 10 40 31
12 39 7 41 33 23 17
17 38 6 42 41 35 29
22 14 45 7 9 35 11
33 11 11 35 10 42 31
40 43 23 0 45 26 3
37 45 6 33 11 11 34
44 10 40 45 26 44 16
30 5 40 45 26 44 21
21 13 31 18 34 23 22
12 39 7 2 28 6 11
20 25 31 35 10 42 18
16 24 14 8 22 6 8
39 29 17 1 1 35 33
19 45 5 39 29 17 20
4 38 12 29 37 25 13
44 10 40 21 13 31 9
39 29 17 16 24 14 5
23 17 0 3 3 18 22
2 28 6 44 10 40 38
25 24 39 10 0 4 42
39 29 17 10 0 4 31
15 32 12 26 36 12 4
29 37 25 16 24 14 17
45 26 44 39 29 17 27
41 33 23 26 36 12 11
2 28 6 36 28 17 11
40 43 23 27 17 21 26
10 0 4 32 21 4 21
31 29 41 25 24 39 5
26 36 12 8 22 6 15
3 3 18 37 45 6 43
32 21 4 41 33 23 22
11 2 16 5 31 5 31
24 42 36 17 38 6 30
9 42 30 37 45 6 24
44 10 40 20 25 31 17
0 45 26 26 36 12 16
12 39 7 31 29 41 35
12 39 7 42 41 35 28
20 25 31 18 34 23 12
36 28 17 18 34 23 8
17 38 6 39 29 17 14
39 29 17 5 31 5 12
23 17 0 8 22 6 7
13 10 45 43 29 5 44
4 38 12 3 3 18 35
22 14 45 4 38 12 40
32 21 4 38 19 43 39
40 43 23 13 10 45 39
11 2 16 26 36 12 34
21 13 31 40 43 23 31
29 37 25 30 5 40 35
40 43 23 35 10 42 38
25 24 39 32 21 4 35
14 0 23 36 28 17 28
3 3 18 27 17 21 14
28 13 25 4 38 12 28
33 11 11 39 29 17 18
30 5 40 22 14 45 10
39 29 17 18 34 23 7
39 29 17 24 42 36 23
22 14 45 3 3 18 29
24 42 36 9 42 30 6
31 29 41 38 19 43 10
10 0 4 35 10 42 39
25 24 39 22 14 45 11
34 35 18 28 13 25 23
27 17 21 45 26 44 24
11 2 16 8 22 6 22
16 24 14 30 5 40 32
21 13 31 39 29 17 21
10 0 4 41 33 23 38
40 43 23 29 37 25 6
21 13 31 5 31 5 31
36 28 17 5 31 5 12
1 1 35 36 28 17 32
34 35 18 12 39 7 11
35 10 42 6 17 31 13
36 28 17 16 24 14 5
20 25 31 38 19 43 13
18 34 23 23 17 0 28
34 35 18 18 34 23 5
21 13 31 4 38 12 31
26 36 12 12 39 7 5
0 45 26 30 5 40 42
39 29 17 15 32 12 5
8 22 6 10 0 4 22
27 17 21 7 9 35 16
6 17 31 41 33 23 17
15 32 12 12 39 7 8
11 2 16 43 29 5 29
1 1 35 10 0 4 31
3 3 18 30 5 40 22
13 10 45 19 45 5 53
28 13 25 17 38 6 31
9 42 30 16 24 14 24
11 2 16 6 17 31 21
28 13 25 19 45 5 37
4 38 12 8 22 6 17
21 13 31 8 22 6 26
32 21 4 4 38 12 18
4 38 12 2 28 6 11
36 28 17 10 0 4 30
20 25 31 15 32 12 20
30 5 40 26 36 12 41
24 42 36 4 38 12 24
31 29 41 17 38 6 36
3 3 18 33 11 11 10
6 17 31 7 9 35 8
0 45 26 7 9 35 37
21 13 31 6 17 31 4
34 35 18 44 10 40 33
18 34 23 14 0 23 34
37 45 6 31 29 41 38
1 1 35 2 28 6 39
4 38 12 11 2 16 36
1 1 35 16 24 14 31
10 0 4 11 2 16 12
37 45 6 45 26 44 42
24 42 36 20 25 31 17
44 10 40 40 43 23 37
44 10 40 1 1 35 10
31 29 41 36 28 17 24
18 34 23 26 36 12 11
34 35 18 4 38 12 6
13 10 45 35 10 42 3
7 9 35 18 34 23 27
21 13 31 20 25 31 12
20 25 31 14 0 23 26
28 13 25 21 13 31 6
7 9 35 4 38 12 37
41 33 23 24 42 36 15
45 26 44 5 31 5 39
40 43 23 34 35 18 9
37 45 6 10 0 4 45
3 3 18 9 42 30 40
38 19 43 5 31 5 39
36 28 17 26 36 12 9
22 14 45 32 21 4 41
26 36 12 37 45 6 10
36 28 17 40 43 23 16
17 38 6 23 17 0 21
5 31 5 35 10 42 42
45 26 44 17 38 6 39
14 0 23 4 38 12 39
22 14 45 40 43 23 36
19 45 5 12 39 7 6
42 41 35 31 29 41 13
8 22 6 37 45 6 23
40 43 23 8 22 6 27
44 10 40 32 21 4 37
13 10 45 14 0 23 24
21 13 31 17 38 6 35
10 0 4 27 17 21 24
30 5 40 43 29 5 42
0 45 26 24 42 36 10
10 0 4 21 13 31 29
23 17 0 26 36 12 22
8 22 6 29 37 25 24
35 10 42 19 45 5 50
31 29 41 33 11 11 34
3 3 18 8 22 6 22
40 43 23 7 9 35 36
5 31 5 14 0 23 35
22 14 45 37 45 6 49
27 17 21 20 25 31 12
36 28 17 0 45 26 19
38 19 43 33 11 11 32
33 11 11 22 14 45 34
2 28 6 20 25 31 25
7 9 35 43 29 5 36
3 3 18 0 45 26 42
39 29 17 23 17 0 20
10 0 4 13 10 45 42
25 24 39 0 45 26 24
38 19 43 36 28 17 27
10 0 4 34 35 18 37
2 28 6 18 34 23 18
9 42 30 38 19 43 26
14 0 23 22 14 45 26
5 31 5 34 35 18 13
37 45 6 36 28 17 20
5 31 5 15 32 12 7
10 0 4 14 0 23 19
33 11 11 41 33 23 25
41 33 23 35 10 42 29
25 24 39 40 43 23 24
29 37 25 17 38 6 19
37 45 6 44 10 40 48
25 24 39 21 13 31 13
9 42 30 35 10 42 34
6 17 31 34 35 18 22
43 29 5 21 13 31 30
42 41 35 36 28 17 22
40 43 23 38 19 43 31
25 24 39 6 17 31 10
26 36 12 31 29 41 29
20 25 31 30 5 40 21
37 45 6 23 17 0 28
16 24 14 5 31 5 11
1 1 35 25 24 39 23
17 38 6 33 11 11 27
6 17 31 40 43 23 27
31 29 41 0 45 26 21
4 38 12 15 32 12 6
17 38 6 37 45 6 7
5 31 5 40 43 23 21
37 45 6 25 24 39 39
20 25 31 5 31 5 26
12 39 7 33 11 11 28
42 41 35 29 37 25 10
44 10 40 43 29 5 39
42 41 35 26 36 12 23
28 13 25 38 19 43 18
28 13 25 45 26 44 23
29 37 25 28 13 25 24
15 32 12 18 34 23 11
33 11 11 19 45 5 34
26 36 12 17 38 6 6
38 19 43 13 10 45 9
32 21 4 33 11 11 12
14 0 23 1 1 35 12
26 36 12 10 0 4 36
44 10 40 35 10 42 2
41 33 23 34 35 18 5
5 31 5 3 3 18 30
42 41 35 32 21 4 36
3 3 18 7 9 35 18
6 17 31 37 45 6 37
40 43 23 17 38 6 17
41 33 23 18 34 23 1
34 35 18 32 21 4 19
40 43 23 43 29 5 22
7 9 35 9 42 30 33
34 35 18 42 41 35 18
43 29 5 12 39 7 10
4 38 12 40 43 23 12
36 28 17 9 42 30 19
16 24 14 41 33 23 12
22 14 45 21 13 31 14
3 3 18 15 32 12 29
11 2 16 28 13 25 14
30 5 40 27 17 21 22
18 34 23 44 10 40 29
3 3 18 2 28 6 27
30 5 40 7 9 35 6
2 28 6 40 43 23 22
4 38 12 41 33 23 12
28 13 25 16 24 14 15
41 33 23 45 26 44 22
11 2 16 15 32 12 30
0 45 26 28 13 25 32
28 13 25 8 22 6 21
41 33 23 7 9 35 26
3 3 18 29 37 25 34
1 1 35 5 31 5 42
14 0 23 30 5 40 17
35 10 42 43 29 5 41
22 14 45 38 19 43 5
6 17 31 31 29 41 15
12 39 7 36 28 17 14
34 35 18 22 14 45 34
30 5 40 2 28 6 41
13 10 45 1 1 35 13
32 21 4 1 1 35 36
11 2 16 3 3 18 2
15 32 12 17 38 6 8
33 11 11 27 17 21 11
18 34 23 43 29 5 18
27 17 21 9 42 30 26
28 13 25 42 41 35 29
23 17 0 24 42 36 43
33 11 11 1 1 35 26
19 45 5 26 36 12 11
6 17 31 18 34 23 18
43 29 5 41 33 23 18
21 13 31 35 10 42 11
31 29 41 5 31 5 36
16 24 14 10 0 4 26
14 0 23 24 42 36 43
28 13 25 1 1 35 15
18 34 23 10 0 4 38
11 2 16 29 37 25 36
40 43 23 9 42 30 7
21 13 31 32 21 4 28
16 24 14 38 19 43 29
38 19 43 44 10 40 9
26 36 12 32 21 4 17
20 25 31 16 24 14 17
15 32 12 33 11 11 21
16 24 14 6 17 31 18
8 22 6 41 33 23 20
31 29 41 9 42 30 17
13 10 45 27 17 21 25
27 17 21 12 39 7 26
4 38 12 45 26 44 34
15 32 12 9 42 30 20
16 24 14 44 10 40 29
44 10 40 24 42 36 32
25 24 39 30 5 40 19
12 39 7 5 31 5 8
20 25 31 32 21 4 27
31 29 41 32 21 4 37
4 38 12 37 45 6 9
39 29 17 37 45 6 19
33 11 11 13 10 45 34
28 13 25 10 0 4 24
39 29 17 22 14 45 31
31 29 41 21 13 31 18
13 10 45 39 29 17 33
28 13 25 9 42 30 29
40 43 23 37 45 6 17
1 1 35 0 45 26 44
35 10 42 34 35 18 34
2 28 6 6 17 31 27
38 19 43 27 17 21 22
41 33 23 9 42 30 11
19 45 5 5 31 5 14
37 45 6 24 42 36 30
25 24 39 33 11 11 30
29 37 25 21 13 31 24
32 21 4 2 28 6 7
27 17 21 23 17 0 21
31 29 41 10 0 4 47
28 13 25 39 29 17 17
42 41 35 39 29 17 21
9 42 30 22 14 45 31
0 45 26 38 19 43 31
29 37 25 25 24 39 19
21 13 31 30 5 40 12
17 38 6 36 28 17 14
3 3 18 38 19 43 29
32 21 4 43 29 5 8
43 29 5 45 26 44 39
16 24 14 24 42 36 28
11 2 16 25 24 39 31
16 24 14 25 24 39 25
0 45 26 23 17 0 38
12 39 7 4 38 12 5
25 24 39 36 28 17 22
11 2 16 24 42 36 44
38 19 43 4 38 12 36
24 42 36 45 26 44 17
38 19 43 26 36 12 35
33 11 11 36 28 17 18
12 39 7 24 42 36 29
3 3 18 26 36 12 33
39 29 17 29 37 25 11
21 13 31 7 9 35 5
8 22 6 34 35 18 17
14 0 23 31 29 41 34
36 28 17 24 42 36 23
39 29 17 11 2 16 27
12 39 7 18 34 23 16
25 24 39 38 19 43 6
16 24 14 19 45 5 22
20 25 31 7 9 35 16
14 0 23 25 24 39 28
20 25 31 11 2 16 27
19 45 5 32 21 4 24
18 34 23 31 29 41 18
6 17 31 30 5 40 15
26 36 12 7 9 35 35
30 5 40 33 11 11 29
34 35 18 38 19 43 29
16 24 14 13 10 45 34
3 3 18 24 42 36 42
7 9 35 15 32 12 32
5 31 5 28 13 25 26
0 45 26 33 11 11 37
12 39 7 16 24 14 16
9 42 30 42 41 35 5
15 32 12 22 14 45 37
39 29 17 2 28 6 11
35 10 42 11 2 16 27
0 45 26 32 21 4 32
17 38 6 4 38 12 6
3 3 18 18 34 23 31
14 0 23 2 28 6 32
19 45 5 1 1 35 53
31 29 41 13 10 45 19
16 24 14 26 36 12 12
23 17 0 13 10 45 45
39 29 17 3 3 18 26
45 26 44 8 22 6 38
15 32 12 14 0 23 33
1 1 35 41 33 23 34
22 14 45 43 29 5 42
33 11 11 16 24 14 13
28 13 25 6 17 31 7
28 13 25 2 28 6 24
24 42 36 5 31 5 32
5 31 5 2 28 6 3
35 10 42 15 32 12 37
37 45 6 21 13 31 40
14 0 23 33 11 11 16
19 45 5 14 0 23 48
17 38 6 2 28 6 10
28 13 25 22 14 45 20
42 41 35 0 45 26 9
45 26 44 10 0 4 47
1 1 35 22 14 45 16
43 29 5 8 22 6 7
5 31 5 44 10 40 40
45 26 44 31 29 41 4
28 13 25 13 10 45 20
41 33 23 37 45 6 20
18 34 23 22 14 45 29
40 43 23 12 39 7 16
40 43 23 39 29 17 15
29 37 25 5 31 5 20
34 35 18 0 45 26 12
14 0 23 38 19 43 27
45 26 44 0 45 26 26
41 33 23 30 5 40 32
40 43 23 18 34 23 9
32 21 4 17 38 6 17
32 21 4 3 3 18 22
37 45 6 20 25 31 32
0 45 26 5 31 5 25
4 38 12 0 45 26 15
15 32 12 44 10 40 35
30 5 40 38 19 43 14
7 9 35 35 10 42 7
19 45 5 22 14 45 50
23 17 0 30 5 40 41
16 24 14 45 26 44 30
44 10 40 41 33 23 28
38 19 43 41 33 23 24
42 41 35 30 5 40 36
44 10 40 7 9 35 5
12 39 7 6 17 31 32
33 11 11 43 29 5 18
13 10 45 18 34 23 32
14 0 23 17 38 6 41
23 17 0 36 28 17 20
1 1 35 37 45 6 52
36 28 17 8 22 6 12
23 17 0 6 17 31 31
15 32 12 40 43 23 15
9 42 30 6 17 31 25
11 2 16 21 13 31 18
29 37 25 19 45 5 21
8 22 6 9 42 30 31
45 26 44 22 14 45 12
2 28 6 13 10 45 42
34 35 18 2 28 6 13
33 11 11 2 28 6 17
1 1 35 35 10 42 11
30 5 40 9 42 30 38
0 45 26 2 28 6 26
39 29 17 34 35 18 6
22 14 45 17 38 6 45
11 2 16 0 45 26 44
18 34 23 0 45 26 11
15 32 12 23 17 0 19
27 17 21 36 28 17 11
23 17 0 34 35 18 25
44 10 40 8 22 6 36
40 43 23 26 36 12 13
9 42 30 23 17 0 39
12 39 7 39 29 17 14
15 32 12 8 22 6 11
36 28 17 11 2 16 26
7 9 35 33 11 11 24
9 42 30 32 21 4 33
20 25 31 19 45 5 32
22 14 45 41 33 23 29
38 19 43 2 28 6 38
14 0 23 40 43 23 43
30 5 40 31 29 41 24
41 33 23 23 17 0 28
35 10 42 14 0 23 21
23 17 0 20 25 31 32
13 10 45 42 41 35 32
33 11 11 24 42 36 39
2 28 6 7 9 35 34
45 26 44 40 43 23 27
29 37 25 27 17 21 20
13 10 45 36 28 17 33
26 36 12 20 25 31 21
12 39 7 22 14 45 45
16 24 14 4 38 12 14
26 36 12 35 10 42 39
11 2 16 7 9 35 20
3 3 18 19 45 5 43
5 31 5 32 21 4 10
33 11 11 20 25 31 24
21 13 31 33 11 11 20
39 29 17 26 36 12 8
9 42 30 4 38 12 18
12 39 7 11 2 16 38
33 11 11 42 41 35 38
11 2 16 30 5 40 24
7 9 35 14 0 23 15
16 24 14 17 38 6 16
9 42 30 25 24 39 20
25 24 39 17 38 6 35
4 38 12 36 28 17 11
44 10 40 4 38 12 39
7 9 35 12 39 7 41
18 34 23 1 1 35 35
38 19 43 1 1 35 19
15 32 12 10 0 4 32
7 9 35 31 29 41 20
44 10 40 27 17 21 20
34 35 18 20 25 31 16
7 9 35 29 37 25 29
6 17 31 20 25 31 8
28 13 25 44 10 40 15
20 25 31 22 14 45 17
5 31 5 37 45 6 14
44 10 40 36 28 17 29
27 17 21 16 24 14 9
31 29 41 1 1 35 28
7 9 35 19 45 5 46
11 2 16 32 21 4 22
23 17 0 12 39 7 23
34 35 18 30 5 40 37
39 29 17 43 29 5 12
3 3 18 42 41 35 41
24 42 36 22 14 45 29
3 3 18 13 10 45 27
18 34 23 35 10 42 30
32 21 4 30 5 40 39
21 13 31 9 42 30 29
31 29 41 4 38 12 30
16 24 14 34 35 18 11
16 24 14 21 13 31 20
11 2 16 13 10 45 30
6 17 31 45 26 44 15
19 45 5 17 38 6 7
26 36 12 21 13 31 29
40 43 23 19 45 5 18
20 25 31 1 1 35 24
0 45 26 10 0 4 50
29 37 25 36 28 17 12
3 3 18 40 43 23 40
35 10 42 2 28 6 40
35 10 42 12 39 7 45
4 38 12 39 29 17 10
17 38 6 11 2 16 37
5 31 5 25 24 39 34
20 25 31 3 3 18 25
28 13 25 33 11 11 14
40 43 23 11 2 16 41
5 31 5 22 14 45 43
28 13 25 41 33 23 20
37 45 6 27 17 21 31
10 0 4 9 42 30 49
17 38 6 1 1 35 47
0 45 26 13 10 45 39
22 14 45 26 36 12 39
35 10 42 37 45 6 50
25 24 39 43 29 5 34
3 3 18 36 28 17 25
29 37 25 10 0 4 42
33 11 11 29 37 25 29
35 10 42 0 45 26 38
42 41 35 35 10 42 31
10 0 4 7 9 35 32
4 38 12 18 34 23 11
45 26 44 38 19 43 7
28 13 25 24 42 36 31
18 34 23 45 26 44 22
12 39 7 3 3 18 37
4 38 12 5 31 5 9
41 33 23 11 2 16 31
35 10 42 4 38 12 41
32 21 4 23 17 0 5
15 32 12 38 19 43 33
2 28 6 10 0 4 28