39 741
17 2 17 34 30 34 32
11 34 32 38 21 4 30
16 20 4 0 37 19 22
15 31 4 35 21 29 26
33 29 29 1 9 23 20
38 21 4 8 4 20 23
23 27 32 29 6 38 21
18 32 22 37 34 11 11
33 29 29 13 34 36 8
22 16 9 29 6 38 30
29 6 38 24 28 31 23
2 24 8 12 18 27 19
15 31 4 0 37 19 16
1 9 23 8 4 20 5
15 31 4 5 23 24 21
22 16 9 36 32 29 25
27 25 36 29 6 38 19
19 1 0 26 16 20 25
19 1 0 27 25 36 43
29 6 38 3 7 26 12
17 2 17 6 22 29 23
12 18 27 9 10 8 20
37 34 11 33 29 29 18
0 37 19 34 30 34 16
28 4 1 38 21 4 17
28 4 1 26 16 20 22
15 31 4 12 18 27 26
28 4 1 10 9 0 5
26 16 20 38 21 4 16
0 37 19 12 18 27 20
34 30 34 3 7 26 24
33 29 29 38 21 4 26
18 32 22 26 16 20 16
18 32 22 8 4 20 28
29 6 38 36 32 29 27
38 21 4 19 1 0 20
27 25 36 16 20 4 32
27 25 36 18 32 22 15
8 4 20 5 23 24 19
12 18 27 28 4 1 29
34 30 34 5 23 24 12
17 2 17 20 8 0 18
32 16 18 18 32 22 16
12 18 27 7 5 22 13
10 9 0 15 31 4 22
0 37 19 1 9 23 28
6 22 29 37 34 11 21
8 4 20 19 1 0 20
28 4 1 32 16 18 20
38 21 4 32 16 18 14
18 32 22 29 6 38 30
14 26 24 23 27 32 8
24 28 31 14 26 24 7
16 20 4 11 34 32 31
29 6 38 20 8 0 38
33 29 29 14 26 24 5
13 34 36 7 5 22 32
2 24 8 25 8 15 17
25 8 15 37 34 11 26
13 34 36 22 16 9 32
34 30 34 14 26 24 10
16 20 4 2 24 8 5
37 34 11 7 5 22 31
11 34 32 4 35 11 21
9 10 8 15 31 4 21
12 18 27 38 21 4 23
3 7 26 0 37 19 30
21 35 27 36 32 29 3
28 4 1 7 5 22 21
10 9 0 12 18 27 28
1 9 23 19 1 0 24
20 8 0 33 29 29 35
27 25 36 7 5 22 24
9 10 8 7 5 22 14
0 37 19 5 23 24 14
12 18 27 21 35 27 17
22 16 9 7 5 22 17
7 5 22 5 23 24 18
3 7 26 17 2 17 10
4 35 11 1 9 23 28
38 21 4 5 23 24 20
29 6 38 28 4 1 37
20 8 0 13 34 36 44
37 34 11 0 37 19 8
27 25 36 26 16 20 18
18 32 22 12 18 27 14
30 13 14 2 24 8 12
15 31 4 21 35 27 23
10 9 0 32 16 18 19
30 13 14 29 6 38 25
12 18 27 32 16 18 9
32 16 18 2 24 8 12
16 20 4 26 16 20 16
34 30 34 24 28 31 3
36 32 29 19 1 0 42
6 22 29 14 26 24 6
17 2 17 35 21 29 22
38 21 4 17 2 17 23
10 9 0 2 24 8 17
14 26 24 26 16 20 10
37 34 11 15 31 4 7
32 16 18 5 23 24 9
1 9 23 9 10 8 15
18 32 22 11 34 32 10
28 4 1 33 29 29 37
19 1 0 3 7 26 26
23 27 32 18 32 22 11
1 9 23 23 27 32 20
31 23 29 13 34 36 13
28 4 1 3 7 26 25
9 10 8 38 21 4 11
5 23 24 26 16 20 8
21 35 27 25 8 15 29
22 16 9 3 7 26 19
8 4 20 33 29 29 26
36 32 29 18 32 22 7
16 20 4 12 18 27 23
19 1 0 16 20 4 19
16 20 4 4 35 11 16
9 10 8 23 27 32 29
2 24 8 7 5 22 23
4 35 11 6 22 29 22
23 27 32 21 35 27 9
7 5 22 6 22 29 18
22 16 9 26 16 20 11
34 30 34 13 34 36 4
20 8 0 30 13 14 14
5 23 24 22 16 9 16
7 5 22 21 35 27 30
31 23 29 5 23 24 5
9 10 8 37 34 11 24
8 4 20 21 35 27 31
22 16 9 18 32 22 20
13 34 36 37 34 11 25
32 16 18 17 2 17 14
30 13 14 4 35 11 22
17 2 17 18 32 22 30
14 26 24 29 6 38 24
9 10 8 28 4 1 9
16 20 4 5 23 24 20
8 4 20 12 18 27 15
10 9 0 17 2 17 18
6 22 29 26 16 20 10
5 23 24 11 34 32 13
27 25 36 28 4 1 40
0 37 19 17 2 17 35
30 13 14 10 9 0 14
26 16 20 11 34 32 21
37 34 11 34 30 34 23
0 37 19 35 21 29 18
22 16 9 19 1 0 17
6 22 29 1 9 23 14
28 4 1 22 16 9 14
20 8 0 31 23 29 32
18 32 22 3 7 26 25
36 32 29 5 23 24 10
29 6 38 12 18 27 16
4 35 11 10 9 0 28
10 9 0 7 5 22 22
6 22 29 34 30 34 9
16 20 4 37 34 11 15
16 20 4 38 21 4 1
0 37 19 4 35 11 8
19 1 0 2 24 8 24
37 34 11 21 35 27 16
14 26 24 21 35 27 9
33 29 29 10 9 0 35
10 9 0 21 35 27 37
32 16 18 15 31 4 20
12 18 27 4 35 11 23
38 21 4 29 6 38 37
33 29 29 27 25 36 8
22 16 9 4 35 11 19
19 1 0 23 27 32 41
36 32 29 6 22 29 10
24 28 31 6 22 29 6
25 8 15 8 4 20 6
4 35 11 36 32 29 18
23 27 32 13 34 36 8
2 24 8 8 4 20 23
19 1 0 25 8 15 16
0 37 19 25 8 15 29
3 7 26 25 8 15 11
16 20 4 36 32 29 27
21 35 27 20 8 0 38
13 34 36 9 10 8 36
8 4 20 13 34 36 34
20 8 0 8 4 20 20
26 16 20 31 23 29 11
36 32 29 7 5 22 27
16 20 4 9 10 8 10
6 22 29 9 10 8 24
32 16 18 30 13 14 5
13 34 36 2 24 8 29
12 18 27 27 25 36 11
6 22 29 2 24 8 21
23 27 32 26 16 20 16
13 34 36 15 31 4 32
27 25 36 30 13 14 25
8 4 20 9 10 8 13
28 4 1 24 28 31 38
3 7 26 11 34 32 27
33 29 29 26 16 20 15
11 34 32 10 9 0 40
25 8 15 14 26 24 20
26 16 20 7 5 22 11
23 27 32 25 8 15 25
2 24 8 38 21 4 5
24 28 31 17 2 17 29
1 9 23 31 23 29 15
18 32 22 21 35 27 5
31 23 29 11 34 32 11
11 34 32 15 31 4 28
18 32 22 4 35 11 11
14 26 24 22 16 9 18
24 28 31 2 24 8 23
22 16 9 12 18 27 18
1 9 23 27 25 36 20
7 5 22 16 20 4 23
10 9 0 35 21 29 31
20 8 0 32 16 18 19
1 9 23 24 28 31 20
29 6 38 34 30 34 24
10 9 0 23 27 32 36
22 16 9 20 8 0 12
4 35 11 25 8 15 27
7 5 22 15 31 4 31
20 8 0 34 30 34 40
35 21 29 5 23 24 5
22 16 9 2 24 8 8
5 23 24 6 22 29 5
10 9 0 22 16 9 11
18 32 22 9 10 8 26
2 24 8 36 32 29 22
1 9 23 37 34 11 27
20 8 0 35 21 29 31
2 24 8 11 34 32 26
0 37 19 36 32 29 11
22 16 9 31 23 29 21
4 35 11 21 35 27 16
8 4 20 26 16 20 12
14 26 24 5 23 24 3
14 26 24 9 10 8 22
22 16 9 0 37 19 23
20 8 0 2 24 8 17
16 20 4 31 23 29 25
15 31 4 20 8 0 23
24 28 31 11 34 32 6
18 32 22 20 8 0 32
35 21 29 24 28 31 7
33 29 29 16 20 4 26
16 20 4 3 7 26 25
30 13 14 7 5 22 11
11 34 32 6 22 29 12
8 4 20 14 26 24 22
36 32 29 33 29 29 3
1 9 23 32 16 18 8
2 24 8 37 34 11 10
38 21 4 14 26 24 20
37 34 11 20 8 0 28
34 30 34 25 8 15 29
37 34 11 26 16 20 20
10 9 0 29 6 38 38
26 16 20 1 9 23 7
25 8 15 29 6 38 23
9 10 8 33 29 29 28
17 2 17 12 18 27 18
2 24 8 29 6 38 34
0 37 19 20 8 0 34
33 29 29 12 18 27 11
24 28 31 10 9 0 36
0 37 19 14 26 24 12
27 25 36 24 28 31 5
26 16 20 13 34 36 24
20 8 0 4 35 11 29
17 2 17 33 29 29 29
35 21 29 32 16 18 12
30 13 14 18 32 22 20
5 23 24 10 9 0 27
6 22 29 12 18 27 4
32 16 18 27 25 36 20
23 27 32 31 23 29 5
14 26 24 27 25 36 12
25 8 15 31 23 29 20
4 35 11 34 30 34 23
38 21 4 36 32 29 27
15 31 4 8 4 20 31
37 34 11 4 35 11 1
11 34 32 27 25 36 9
37 34 11 17 2 17 32
23 27 32 24 28 31 1
9 10 8 27 25 36 31
10 9 0 16 20 4 11
34 30 34 27 25 36 5
16 20 4 22 16 9 6
30 13 14 21 35 27 25
20 8 0 16 20 4 12
26 16 20 3 7 26 10
3 7 26 13 34 36 28
6 22 29 31 23 29 1
9 10 8 31 23 29 24
25 8 15 32 16 18 8
24 28 31 25 8 15 25
30 13 14 25 8 15 5
35 21 29 18 32 22 13
27 25 36 35 21 29 8
9 10 8 0 37 19 29
20 8 0 28 4 1 4
33 29 29 34 30 34 5
37 34 11 12 18 27 22
18 32 22 34 30 34 12
17 2 17 16 20 4 22
19 1 0 7 5 22 22
19 1 0 11 34 32 45
3 7 26 14 26 24 19
14 26 24 10 9 0 29
21 35 27 34 30 34 8
27 25 36 13 34 36 9
9 10 8 26 16 20 13
1 9 23 14 26 24 17
30 13 14 11 34 32 27
5 23 24 23 27 32 8
10 9 0 26 16 20 21
26 16 20 20 8 0 21
19 1 0 15 31 4 30
11 34 32 20 8 0 41
5 23 24 9 10 8 20
3 7 26 4 35 11 31
38 21 4 30 13 14 12
13 34 36 16 20 4 34
2 24 8 18 32 22 16
19 1 0 18 32 22 38
36 32 29 17 2 17 32
38 21 4 21 35 27 26
27 25 36 6 22 29 7
35 21 29 28 4 1 32
21 35 27 9 10 8 31
10 9 0 37 34 11 27
25 8 15 9 10 8 7
23 27 32 30 13 14 22
26 16 20 30 13 14 6
23 27 32 12 18 27 10
27 25 36 22 16 9 28
20 8 0 19 1 0 7
21 35 27 2 24 8 21
25 8 15 28 4 1 14
31 23 29 33 29 29 6
15 31 4 28 4 1 27
25 8 15 22 16 9 10
31 23 29 29 6 38 19
34 30 34 9 10 8 32
14 26 24 20 8 0 30
2 24 8 15 31 4 8
35 21 29 3 7 26 14
3 7 26 9 10 8 18
13 34 36 12 18 27 18
11 34 32 13 34 36 4
6 22 29 23 27 32 5
10 9 0 8 4 20 20
8 4 20 3 7 26 6
32 16 18 29 6 38 22
34 30 34 38 21 4 31
13 34 36 25 8 15 33
27 25 36 0 37 19 20
28 4 1 17 2 17 16
36 32 29 37 34 11 18
12 18 27 24 28 31 10
16 20 4 28 4 1 16
11 34 32 12 18 27 16
37 34 11 27 25 36 26
25 8 15 6 22 29 19
24 28 31 15 31 4 27
27 25 36 2 24 8 28
38 21 4 23 27 32 28
25 8 15 18 32 22 25
35 21 29 13 34 36 14
29 6 38 21 35 27 31
34 30 34 7 5 22 27
19 1 0 10 9 0 8
16 20 4 1 9 23 21
10 9 0 34 30 34 39
36 32 29 20 8 0 37
3 7 26 6 22 29 15
0 37 19 19 1 0 40
15 31 4 38 21 4 10
17 2 17 29 6 38 21
4 35 11 24 28 31 21
11 34 32 17 2 17 35
36 32 29 26 16 20 18
33 29 29 32 16 18 17
1 9 23 28 4 1 22
13 34 36 19 1 0 48
8 4 20 23 27 32 25
32 16 18 23 27 32 17
30 13 14 28 4 1 15
21 35 27 13 34 36 9
30 13 14 33 29 29 21
9 10 8 32 16 18 11
1 9 23 10 9 0 23
32 16 18 0 37 19 21
14 26 24 17 2 17 25
26 16 20 24 28 31 16
21 35 27 33 29 29 6
35 21 29 9 10 8 23
1 9 23 29 6 38 15
11 34 32 21 35 27 5
31 23 29 0 37 19 17
38 21 4 18 32 22 21
13 34 36 5 23 24 16
5 23 24 24 28 31 8
27 25 36 21 35 27 13
17 2 17 21 35 27 34
36 32 29 1 9 23 23
29 6 38 5 23 24 22
26 16 20 25 8 15 9
36 32 29 35 21 29 11
2 24 8 5 23 24 16
14 26 24 19 1 0 34
14 26 24 37 34 11 15
7 5 22 11 34 32 30
34 30 34 2 24 8 26
15 31 4 6 22 29 26
38 21 4 20 8 0 13
37 34 11 28 4 1 31
34 30 34 22 16 9 28
31 23 29 10 9 0 32
18 32 22 16 20 4 21
1 9 23 3 7 26 3
10 9 0 18 32 22 31
26 16 20 35 21 29 10
22 16 9 38 21 4 7
30 13 14 9 10 8 6
26 16 20 21 35 27 20
15 31 4 34 30 34 30
23 27 32 33 29 29 3
37 34 11 23 27 32 22
5 23 24 30 13 14 14
0 37 19 33 29 29 12
15 31 4 27 25 36 32
34 30 34 19 1 0 44
30 13 14 35 21 29 17
34 30 34 28 4 1 42
16 20 4 8 4 20 22
31 23 29 21 35 27 12
8 4 20 11 34 32 32
14 26 24 31 23 29 5
33 29 29 4 35 11 18
12 18 27 25 8 15 15
14 26 24 32 16 18 11
0 37 19 11 34 32 13
20 8 0 25 8 15 15
11 34 32 32 16 18 22
8 4 20 22 16 9 16
29 6 38 7 5 22 16
8 4 20 34 30 34 29
32 16 18 19 1 0 23
1 9 23 35 21 29 13
14 26 24 4 35 11 15
6 22 29 16 20 4 25
33 29 29 24 28 31 2
32 16 18 36 32 29 19
19 1 0 6 22 29 35
28 4 1 14 26 24 31
32 16 18 4 35 11 20
16 20 4 34 30 34 31
38 21 4 10 9 0 12
2 24 8 31 23 29 21
19 1 0 30 13 14 18
35 21 29 37 34 11 22
19 1 0 28 4 1 3
14 26 24 13 34 36 14
28 4 1 36 32 29 39
33 29 29 3 7 26 22
18 32 22 33 29 29 7
9 10 8 4 35 11 25
33 29 29 29 6 38 24
5 23 24 25 8 15 17
26 16 20 17 2 17 14
3 7 26 23 27 32 20
2 24 8 3 7 26 24
32 16 18 13 34 36 25
17 2 17 7 5 22 5
12 18 27 1 9 23 9
22 16 9 30 13 14 5
35 21 29 22 16 9 20
10 9 0 20 8 0 1
17 2 17 9 10 8 12
22 16 9 37 34 11 18
8 4 20 28 4 1 19
11 34 32 36 32 29 3
0 37 19 7 5 22 32
6 22 29 29 6 38 18
20 8 0 1 9 23 23
38 21 4 3 7 26 26
30 13 14 8 4 20 10
36 32 29 25 8 15 27
21 35 27 19 1 0 43
35 21 29 34 30 34 10
2 24 8 35 21 29 21
15 31 4 14 26 24 20
22 16 9 9 10 8 6
32 16 18 3 7 26 12
1 9 23 13 34 36 28
18 32 22 24 28 31 9
12 18 27 19 1 0 31
16 20 4 23 27 32 28
24 28 31 20 8 0 36
32 16 18 21 35 27 21
23 27 32 34 30 34 3
31 23 29 37 34 11 21
1 9 23 17 2 17 9
4 35 11 17 2 17 33
25 8 15 7 5 22 7
5 23 24 17 2 17 22
1 9 23 22 16 9 15
7 5 22 33 29 29 25
36 32 29 10 9 0 37
24 28 31 0 37 19 15
25 8 15 11 34 32 31
23 27 32 15 31 4 28
20 8 0 27 25 36 39
13 34 36 4 35 11 25
32 16 18 34 30 34 21
11 34 32 23 27 32 7
23 27 32 28 4 1 38
38 21 4 24 28 31 27
27 25 36 4 35 11 26
0 37 19 30 13 14 24
27 25 36 8 4 20 26
33 29 29 2 24 8 21
28 4 1 31 23 29 33
17 2 17 19 1 0 17
7 5 22 32 16 18 11
18 32 22 28 4 1 35
16 20 4 24 28 31 28
32 16 18 24 28 31 17
21 35 27 24 28 31 8
18 32 22 13 34 36 14
17 2 17 8 4 20 3
27 25 36 17 2 17 29
10 9 0 27 25 36 39
0 37 19 8 4 20 33
14 26 24 12 18 27 8
36 32 29 13 34 36 7
37 34 11 5 23 24 17
14 26 24 36 32 29 7
1 9 23 5 23 24 14
5 23 24 21 35 27 12
7 5 22 1 9 23 4
34 30 34 1 9 23 23
35 21 29 11 34 32 13
12 18 27 3 7 26 11
14 26 24 35 21 29 7
29 6 38 35 21 29 17
8 4 20 6 22 29 20
10 9 0 25 8 15 15
3 7 26 36 32 29 25
23 27 32 2 24 8 24
15 31 4 1 9 23 29
31 23 29 12 18 27 5
6 22 29 32 16 18 12
28 4 1 4 35 11 32
3 7 26 21 35 27 28
33 29 29 15 31 4 25
4 35 11 38 21 4 15
5 23 24 19 1 0 32
31 23 29 15 31 4 26
16 20 4 14 26 24 20
23 27 32 35 21 29 6
6 22 29 30 13 14 17
3 7 26 15 31 4 32
31 23 29 36 32 29 9
4 35 11 8 4 20 32
26 16 20 32 16 18 2
16 20 4 15 31 4 11
18 32 22 14 26 24 6
33 29 29 5 23 24 7
6 22 29 10 9 0 31
9 10 8 11 34 32 33
4 35 11 7 5 22 31
7 5 22 14 26 24 21
2 24 8 28 4 1 21
18 32 22 5 23 24 9
3 7 26 37 34 11 30
27 25 36 3 7 26 20
8 4 20 36 32 29 29
17 2 17 25 8 15 6
37 34 11 19 1 0 34
7 5 22 31 23 29 19
34 30 34 11 34 32 4
9 10 8 10 9 0 8
22 16 9 23 27 32 25
38 21 4 7 5 22 24
35 21 29 19 1 0 35
33 29 29 19 1 0 40
17 2 17 31 23 29 24
32 16 18 31 23 29 13
11 34 32 14 26 24 11
8 4 20 37 34 11 31
16 20 4 35 21 29 25
31 23 29 24 28 31 5
12 18 27 35 21 29 3
38 21 4 35 21 29 25
26 16 20 4 35 11 21
22 16 9 15 31 4 15
30 13 14 31 23 29 18
2 24 8 9 10 8 14
19 1 0 4 35 11 35
5 23 24 4 35 11 17
7 5 22 8 4 20 2
5 23 24 27 25 36 12
6 22 29 22 16 9 20
8 4 20 32 16 18 12
22 16 9 21 35 27 26
30 13 14 37 34 11 21
13 34 36 24 28 31 7
1 9 23 30 13 14 9
28 4 1 0 37 19 37
27 25 36 38 21 4 32
9 10 8 24 28 31 29
3 7 26 10 9 0 26
15 31 4 4 35 11 8
11 34 32 1 9 23 26
24 28 31 3 7 26 21
38 21 4 1 9 23 22
35 21 29 33 29 29 8
4 35 11 35 21 29 22
31 23 29 18 32 22 11
31 23 29 38 21 4 25
27 25 36 25 8 15 27
11 34 32 29 6 38 28
5 23 24 28 4 1 29
34 30 34 36 32 29 5
6 22 29 33 29 29 7
16 20 4 25 8 15 16
13 34 36 0 37 19 17
3 7 26 30 13 14 13
9 10 8 19 1 0 12
31 23 29 35 21 29 2
21 35 27 28 4 1 40
5 23 24 20 8 0 28
0 37 19 23 27 32 16
15 31 4 30 13 14 20
6 22 29 13 34 36 13
14 26 24 2 24 8 16
30 13 14 16 20 4 12
14 26 24 30 13 14 16
2 24 8 26 16 20 14
33 29 29 22 16 9 23
33 29 29 25 8 15 25
11 34 32 37 34 11 21
6 22 29 35 21 29 1
17 2 17 13 34 36 37
24 28 31 30 13 14 22
1 9 23 25 8 15 8
23 27 32 36 32 29 5
25 8 15 38 21 4 17
12 18 27 30 13 14 13
31 23 29 4 35 11 21
26 16 20 34 30 34 19
11 34 32 22 16 9 29
29 6 38 0 37 19 36
4 35 11 23 27 32 22
1 9 23 2 24 8 21
31 23 29 3 7 26 16
0 37 19 2 24 8 17
19 1 0 31 23 29 36
27 25 36 23 27 32 4
0 37 19 21 35 27 8
30 13 14 17 2 17 11
12 18 27 26 16 20 7
11 34 32 28 4 1 43
24 28 31 36 32 29 4
36 32 29 15 31 4 25
23 27 32 20 8 0 37
18 32 22 6 22 29 12
31 23 29 8 4 20 21
0 37 19 18 32 22 5
29 6 38 37 34 11 38
10 9 0 0 37 19 33
38 21 4 13 34 36 34
16 20 4 29 6 38 36
34 30 34 12 18 27 13
30 13 14 34 30 34 26
13 34 36 29 6 38 28
21 35 27 16 20 4 27
15 31 4 29 6 38 42
29 6 38 19 1 0 38
20 8 0 9 10 8 8
26 16 20 15 31 4 21
11 34 32 33 29 29 5
38 21 4 6 22 29 25
32 16 18 37 34 11 19
18 32 22 15 31 4 18
24 28 31 8 4 20 26
7 5 22 24 28 31 24
6 22 29 0 37 19 18
23 27 32 7 5 22 24
18 32 22 1 9 23 23
9 10 8 29 6 38 30
28 4 1 13 34 36 46
30 13 14 36 32 29 24
18 32 22 7 5 22 27
32 16 18 16 20 4 14
21 35 27 35 21 29 14
22 16 9 24 28 31 25
3 7 26 20 8 0 26
3 7 26 7 5 22 4
15 31 4 25 8 15 25
2 24 8 17 2 17 23
6 22 29 28 4 1 33
17 2 17 15 31 4 31
34 30 34 31 23 29 8
38 21 4 0 37 19 21
22 16 9 32 16 18 9
5 23 24 12 18 27 5
31 23 29 27 25 36 7
38 21 4 37 34 11 14
6 22 29 20 8 0 32
7 5 22 35 21 29 17
17 2 17 22 16 9 16
12 18 27 36 32 29 14
12 18 27 20 8 0 28
7 5 22 20 8 0 22
17 2 17 23 27 32 29
26 16 20 0 37 19 21
4 35 11 2 24 8 11
4 35 11 29 6 38 39
25 8 15 35 21 29 19
24 28 31 19 1 0 41
29 6 38 26 16 20 20
8 4 20 35 21 29 19
8 4 20 29 6 38 18
27 25 36 36 32 29 9
13 34 36 10 9 0 43
3 7 26 5 23 24 16
30 13 14 13 34 36 30
9 10 8 36 32 29 30
1 9 23 21 35 27 26
6 22 29 21 35 27 13
24 28 31 37 34 11 20