97 4656
70 5 71 13 10 39 32
44 13 2 77 38 40 45
34 18 36 82 63 71 57
81 30 85 28 22 73 14
55 90 39 60 52 81 56
95 45 2 15 49 42 40
48 55 33 41 79 75 48
20 87 2 31 24 21 65
13 10 39 61 5 43 6
35 61 94 61 5 43 75
43 85 35 95 45 2 51
4 31 17 55 90 39 62
50 89 74 37 76 27 48
46 34 15 57 81 56 62
21 14 62 81 30 85 28
47 79 67 36 8 86 73
95 45 2 41 79 75 80
61 5 43 91 80 47 75
82 63 71 21 14 62 49
4 31 17 56 74 21 43
18 48 73 11 2 85 47
63 35 78 7 8 77 27
45 19 4 65 66 67 78
85 31 54 62 56 61 25
62 56 61 75 79 36 33
79 21 88 85 31 54 35
82 63 71 27 58 68 5
40 13 73 14 16 37 36
76 48 15 37 76 27 30
81 30 85 49 5 33 57
26 36 9 36 8 86 81
11 2 85 92 25 22 67
62 56 61 59 69 16 46
10 27 93 43 85 35 82
20 87 2 82 63 71 73
22 37 7 37 76 27 43
72 71 69 78 45 62 26
38 16 41 39 11 35 7
12 81 12 75 79 36 24
43 85 35 44 13 2 79
83 81 52 95 45 2 61
16 48 89 73 32 88 16
40 13 73 48 55 33 58
74 32 27 34 18 36 16
10 27 93 8 75 74 51
55 90 39 2 73 47 18
75 79 36 24 39 72 53
82 63 71 86 45 49 28
49 5 33 16 48 89 70
51 0 4 54 22 61 61
0 86 33 15 49 42 38
96 28 20 93 27 43 23
19 51 40 76 48 15 25
88 6 58 55 90 39 86
81 30 85 45 19 4 81
6 41 90 44 13 2 92
39 11 35 10 27 93 60
95 45 2 96 28 20 24
1 15 20 83 81 52 73
53 86 40 69 51 1 52
42 94 50 43 85 35 17
82 63 71 79 21 88 45
22 37 7 25 77 31 46
80 53 22 14 16 37 39
63 35 78 83 81 52 52
18 48 73 19 51 40 33
92 25 22 84 95 20 70
43 85 35 45 19 4 72
77 38 40 30 47 75 36
86 45 49 3 67 56 23
12 81 12 10 27 93 97
25 77 31 53 86 40 12
50 89 74 80 53 22 63
41 79 75 79 21 88 59
25 77 31 78 45 62 44
24 39 72 12 81 12 73
84 95 20 95 45 2 53
43 85 35 3 67 56 27
16 48 89 77 38 40 50
60 52 81 50 89 74 37
67 81 27 93 27 43 56
93 27 43 7 8 77 38
46 34 15 29 7 45 40
9 57 90 36 8 86 49
6 41 90 31 24 21 71
80 53 22 72 71 69 50
5 88 7 19 51 40 49
25 77 31 44 13 2 70
82 63 71 19 51 40 33
70 5 71 74 32 27 51
60 52 81 41 79 75 27
82 63 71 65 66 67 5
63 35 78 16 48 89 17
63 35 78 95 45 2 76
71 22 13 94 86 80 92
61 5 43 36 8 86 43
12 81 12 41 79 75 63
4 31 17 93 27 43 26
35 61 94 34 18 36 72
7 8 77 37 76 27 84
35 61 94 93 27 43 61
10 27 93 69 51 1 95
72 71 69 70 5 71 66
38 16 41 34 18 36 5
17 51 8 73 32 88 82
0 86 33 26 36 9 55
50 89 74 30 47 75 42
94 86 80 54 22 61 66
63 35 78 6 41 90 13
56 74 21 48 55 33 22
46 34 15 59 69 16 35
20 87 2 2 73 47 47
11 2 85 45 19 4 82
32 92 85 61 5 43 96
25 77 31 41 79 75 44
38 16 41 72 71 69 61
87 11 20 20 87 2 78
71 22 13 82 63 71 71
83 81 52 52 68 2 51
54 22 61 8 75 74 54
39 11 35 51 0 4 32
18 48 73 60 52 81 8
22 37 7 46 34 15 8
33 65 26 75 79 36 17
15 49 42 14 16 37 33
74 32 27 0 86 33 54
72 71 69 22 37 7 70
23 33 5 52 68 2 35
84 95 20 96 28 20 67
33 65 26 18 48 73 49
90 19 78 51 0 4 76
79 21 88 55 90 39 84
55 90 39 77 38 40 52
63 35 78 87 11 20 62
57 81 56 44 13 2 86
52 68 2 54 22 61 74
7 8 77 80 53 22 71
58 65 83 40 13 73 52
96 28 20 1 15 20 13
95 45 2 92 25 22 28
16 48 89 91 80 47 52
71 22 13 27 58 68 65
49 5 33 93 27 43 24
30 47 75 31 24 21 58
78 45 62 89 41 19 43
34 18 36 10 27 93 57
62 56 61 28 22 73 36
17 51 8 0 86 33 43
20 87 2 37 76 27 27
19 51 40 50 89 74 50
94 86 80 80 53 22 66
48 55 33 58 65 83 50
59 69 16 41 79 75 59
83 81 52 86 45 49 36
29 7 45 93 27 43 20
14 16 37 89 41 19 30
22 37 7 2 73 47 53
9 57 90 63 35 78 25
50 89 74 24 39 72 50
77 38 40 19 51 40 13
22 37 7 13 10 39 41
5 88 7 71 22 13 66
9 57 90 47 79 67 31
48 55 33 79 21 88 64
42 94 50 62 56 61 39
60 52 81 52 68 2 80
0 86 33 71 22 13 67
92 25 22 52 68 2 47
34 18 36 96 28 20 18
21 14 62 40 13 73 11
72 71 69 2 73 47 22
79 21 88 90 19 78 10
28 22 73 13 10 39 36
18 48 73 66 13 9 72
79 21 88 12 81 12 96
18 48 73 14 16 37 48
68 73 41 51 0 4 81
93 27 43 74 32 27 16
80 53 22 41 79 75 59
71 22 13 34 18 36 23
80 53 22 78 45 62 40
3 67 56 94 86 80 30
55 90 39 72 71 69 35
88 6 58 71 22 13 47
75 79 36 23 33 5 55
67 81 27 82 63 71 47
79 21 88 9 57 90 36
10 27 93 56 74 21 85
67 81 27 54 22 61 68
62 56 61 74 32 27 41
51 0 4 94 86 80 114
88 6 58 92 25 22 40
40 13 73 11 2 85 16
62 56 61 13 10 39 50
85 31 54 81 30 85 31
29 7 45 10 27 93 52
29 7 45 22 37 7 48
8 75 74 90 19 78 56
50 89 74 29 7 45 86
39 11 35 2 73 47 63
85 31 54 52 68 2 63
86 45 49 66 13 9 51
8 75 74 84 95 20 57
4 31 17 41 79 75 75
0 86 33 25 77 31 9
2 73 47 93 27 43 46
59 69 16 92 25 22 44
15 49 42 73 32 88 49
20 87 2 58 65 83 83
12 81 12 78 45 62 61
0 86 33 31 24 21 63
60 52 81 93 27 43 45
49 5 33 59 69 16 66
47 79 67 45 19 4 87
89 41 19 17 51 8 14
61 5 43 71 22 13 34
67 81 27 25 77 31 5
5 88 7 88 6 58 96
90 19 78 11 2 85 18
81 30 85 71 22 13 72
76 48 15 39 11 35 42
90 19 78 93 27 43 35
63 35 78 55 90 39 67
21 14 62 12 81 12 83
52 68 2 36 8 86 103
96 28 20 88 6 58 43
38 16 41 75 79 36 63
81 30 85 62 56 61 35
19 51 40 81 30 85 49
13 10 39 73 32 88 53
33 65 26 34 18 36 48
73 32 88 61 5 43 52
65 66 67 22 37 7 66
25 77 31 75 79 36 5
27 58 68 11 2 85 58
64 4 59 73 32 88 40
15 49 42 13 10 39 39
28 22 73 46 34 15 59
86 45 49 49 5 33 43
71 22 13 96 28 20 9
61 5 43 28 22 73 34
21 14 62 50 89 74 75
14 16 37 4 31 17 25
12 81 12 39 11 35 73
33 65 26 46 34 15 32
37 76 27 91 80 47 20
56 74 21 69 51 1 30
70 5 71 31 24 21 53
18 48 73 96 28 20 56
48 55 33 76 48 15 19
85 31 54 24 39 72 19
84 95 20 28 22 73 90
92 25 22 77 38 40 22
50 89 74 45 19 4 98
88 6 58 90 19 78 23
68 73 41 92 25 22 51
24 39 72 33 65 26 52
39 11 35 44 13 2 33
10 27 93 60 52 81 27
31 24 21 86 45 49 35
36 8 86 10 27 93 20
76 48 15 44 13 2 37
77 38 40 58 65 83 50
22 37 7 33 65 26 33
95 45 2 37 76 27 39
59 69 16 75 79 36 22
69 51 1 44 13 2 38
70 5 71 12 81 12 96
41 79 75 67 81 27 48
44 13 2 22 37 7 24
0 86 33 94 86 80 47
69 51 1 23 33 5 18
7 8 77 55 90 39 90
0 86 33 70 5 71 89
60 52 81 20 87 2 86
31 24 21 45 19 4 17
80 53 22 23 33 5 26
1 15 20 39 11 35 15
52 68 2 14 16 37 62
33 65 26 39 11 35 54
56 74 21 59 69 16 7
73 32 88 38 16 41 49
57 81 56 29 7 45 74
44 13 2 31 24 21 21
54 22 61 35 61 94 51
65 66 67 91 80 47 24
67 81 27 80 53 22 28
90 19 78 12 81 12 90
87 11 20 33 65 26 54
60 52 81 69 51 1 80
80 53 22 82 63 71 50
44 13 2 71 22 13 14
15 49 42 63 35 78 38
43 85 35 50 89 74 39
63 35 78 82 63 71 28
64 4 59 69 51 1 74
7 8 77 74 32 27 55
37 76 27 62 56 61 39
12 81 12 8 75 74 62
66 13 9 0 86 33 76
89 41 19 43 85 35 46
34 18 36 26 36 9 32
54 22 61 16 48 89 38
95 45 2 31 24 21 28
81 30 85 6 41 90 12
77 38 40 76 48 15 26
53 86 40 8 75 74 35
44 13 2 83 81 52 84
1 15 20 89 41 19 26
46 34 15 76 48 15 14
71 22 13 57 81 56 73
30 47 75 53 86 40 52
87 11 20 96 28 20 17
9 57 90 51 0 4 103
74 32 27 81 30 85 58
76 48 15 81 30 85 72
14 16 37 66 13 9 28
51 0 4 85 31 54 58
9 57 90 16 48 89 9
68 73 41 45 19 4 65
74 32 27 13 10 39 25
78 45 62 15 49 42 20
95 45 2 44 13 2 32
90 19 78 23 33 5 74
37 76 27 42 94 50 29
44 13 2 63 35 78 79
15 49 42 59 69 16 32
57 81 56 15 49 42 34
22 37 7 26 36 9 2
77 38 40 96 28 20 22
59 69 16 14 16 37 57
94 86 80 20 87 2 78
13 10 39 80 53 22 46
77 38 40 25 77 31 40
41 79 75 77 38 40 53
45 19 4 7 8 77 73
10 27 93 28 22 73 20
88 6 58 61 5 43 15
74 32 27 41 79 75 67
54 22 61 14 16 37 24
29 7 45 60 52 81 57
30 47 75 78 45 62 13
0 86 33 49 5 33 81
80 53 22 84 95 20 42
30 47 75 42 94 50 53
9 57 90 7 8 77 50
59 69 16 93 27 43 49
4 31 17 57 81 56 63
2 73 47 23 33 5 58
24 39 72 79 21 88 24
55 90 39 14 16 37 74
85 31 54 53 86 40 56
27 58 68 49 5 33 63
32 92 85 11 2 85 90
35 61 94 48 55 33 61
90 19 78 75 79 36 73
59 69 16 53 86 40 29
92 25 22 21 14 62 41
65 66 67 92 25 22 60
63 35 78 51 0 4 81
43 85 35 39 11 35 74
56 74 21 5 88 7 19
55 90 39 28 22 73 76
39 11 35 28 22 73 39
73 32 88 86 45 49 41
20 87 2 34 18 36 76
77 38 40 57 81 56 45
28 22 73 44 13 2 71
93 27 43 69 51 1 48
69 51 1 40 13 73 81
12 81 12 43 85 35 23
92 25 22 62 56 61 49
94 86 80 15 49 42 53
3 67 56 17 51 8 50
15 49 42 85 31 54 21
11 2 85 82 63 71 62
44 13 2 46 34 15 24
81 30 85 95 45 2 84
74 32 27 12 81 12 51
41 79 75 16 48 89 34
37 76 27 93 27 43 51
24 39 72 47 79 67 40
60 52 81 25 77 31 55
60 52 81 0 86 33 58
95 45 2 49 5 33 50
58 65 83 89 41 19 68
9 57 90 37 76 27 65
77 38 40 65 66 67 38
25 77 31 31 24 21 53
59 69 16 68 73 41 25
2 73 47 13 10 39 63
68 73 41 96 28 20 49
76 48 15 56 74 21 26
81 30 85 9 57 90 27
80 53 22 70 5 71 68
7 8 77 86 45 49 46
15 49 42 11 2 85 63
5 88 7 46 34 15 54
16 48 89 8 75 74 30
47 79 67 6 41 90 44
96 28 20 59 69 16 41
28 22 73 8 75 74 53
80 53 22 5 88 7 38
70 5 71 60 52 81 48
48 55 33 37 76 27 21
44 13 2 82 63 71 85
68 73 41 73 32 88 62
73 32 88 49 5 33 61
74 32 27 29 7 45 30
83 81 52 66 13 9 80
76 48 15 64 4 59 62
55 90 39 9 57 90 60
9 57 90 35 61 94 5
30 47 75 69 51 1 74
9 57 90 62 56 61 29
19 51 40 49 5 33 46
27 58 68 53 86 40 39
2 73 47 57 81 56 12
6 41 90 35 61 94 20
77 38 40 38 16 41 22
92 25 22 61 5 43 29
37 76 27 8 75 74 47
40 13 73 64 4 59 16
4 31 17 34 18 36 23
7 8 77 78 45 62 39
91 80 47 31 24 21 61
65 66 67 5 88 7 63
68 73 41 50 89 74 36
88 6 58 4 31 17 48
71 22 13 65 66 67 69
31 24 21 36 8 86 66
93 27 43 0 86 33 59
25 77 31 7 8 77 82
44 13 2 88 6 58 56
24 39 72 18 48 73 9
57 81 56 52 68 2 55
69 51 1 36 8 86 95
70 5 71 65 66 67 61
44 13 2 38 16 41 39
11 2 85 8 75 74 73
94 86 80 72 71 69 18
42 94 50 69 51 1 65
68 73 41 12 81 12 30
69 51 1 94 86 80 86
91 80 47 93 27 43 53
18 48 73 9 57 90 19
22 37 7 35 61 94 90
40 13 73 67 81 27 82
39 11 35 55 90 39 79
13 10 39 87 11 20 19
40 13 73 50 89 74 76
38 16 41 76 48 15 41
21 14 62 31 24 21 42
63 35 78 68 73 41 53
42 94 50 82 63 71 37
88 6 58 82 63 71 58
66 13 9 45 19 4 7
94 86 80 43 85 35 45
29 7 45 38 16 41 9
82 63 71 43 85 35 42
34 18 36 69 51 1 48
61 5 43 37 76 27 72
69 51 1 4 31 17 25
44 13 2 62 56 61 73
4 31 17 86 45 49 34
80 53 22 92 25 22 28
34 18 36 47 79 67 68
47 79 67 0 86 33 34
15 49 42 88 6 58 45
62 56 61 46 34 15 50
82 63 71 39 11 35 63
44 13 2 51 0 4 13
40 13 73 24 39 72 26
94 86 80 10 27 93 60
84 95 20 52 68 2 32
19 51 40 27 58 68 28
22 37 7 86 45 49 42
88 6 58 54 22 61 16
35 61 94 51 0 4 108
49 5 33 5 88 7 86
39 11 35 48 55 33 44
11 2 85 9 57 90 55
56 74 21 35 61 94 74
73 32 88 36 8 86 24
68 73 41 40 13 73 68
87 11 20 56 74 21 63
42 94 50 36 8 86 93
15 49 42 36 8 86 60
86 45 49 28 22 73 33
2 73 47 70 5 71 72
72 71 69 51 0 4 96
66 13 9 36 8 86 77
91 80 47 4 31 17 57
56 74 21 85 31 54 54
81 30 85 41 79 75 50
75 79 36 43 85 35 6
91 80 47 10 27 93 70
36 8 86 4 31 17 72
15 49 42 46 34 15 30
38 16 41 40 13 73 32
78 45 62 63 35 78 18
8 75 74 63 35 78 40
24 39 72 86 45 49 23
7 8 77 48 55 33 64
91 80 47 84 95 20 30
56 74 21 86 45 49 40
25 77 31 35 61 94 65
8 75 74 87 11 20 83
94 86 80 17 51 8 80
13 10 39 53 86 40 76
58 65 83 49 5 33 78
22 37 7 1 15 20 25
75 79 36 41 79 75 39
3 67 56 52 68 2 54
96 28 20 20 87 2 61
66 13 9 19 51 40 49
59 69 16 90 19 78 79
6 41 90 2 73 47 53
3 67 56 31 24 21 55
64 4 59 45 19 4 57
91 80 47 20 87 2 45
22 37 7 77 38 40 33
29 7 45 77 38 40 31
11 2 85 56 74 21 96
7 8 77 46 34 15 67
58 65 83 1 15 20 80
27 58 68 91 80 47 30
55 90 39 19 51 40 39
90 19 78 54 22 61 17
24 39 72 62 56 61 20
29 7 45 37 76 27 71
51 0 4 62 56 61 79
20 87 2 52 68 2 19
21 14 62 13 10 39 23
19 51 40 22 37 7 35
82 63 71 31 24 21 63
14 16 37 69 51 1 50
41 79 75 90 19 78 60
54 22 61 83 81 52 59
14 16 37 38 16 41 4
88 6 58 20 87 2 98
64 4 59 23 33 5 61
26 36 9 35 61 94 88
18 48 73 23 33 5 69
31 24 21 92 25 22 1
36 8 86 46 34 15 75
24 39 72 48 55 33 42
20 87 2 77 38 40 62
19 51 40 57 81 56 34
54 22 61 18 48 73 28
18 48 73 17 51 8 65
80 53 22 85 31 54 38
38 16 41 46 34 15 31
64 4 59 17 51 8 69
33 65 26 59 69 16 10
72 71 69 69 51 1 70
37 76 27 90 19 78 76
53 86 40 63 35 78 63
19 51 40 20 87 2 52
29 7 45 16 48 89 60
45 19 4 42 94 50 87
29 7 45 67 81 27 76
14 16 37 58 65 83 67
14 16 37 84 95 20 80
62 56 61 79 21 88 44
69 51 1 31 24 21 33
46 34 15 39 11 35 30
71 22 13 72 71 69 74
15 49 42 79 21 88 53
39 11 35 17 51 8 48
74 32 27 52 68 2 43
79 21 88 44 13 2 86
24 39 72 49 5 33 51
83 81 52 26 36 9 62
60 52 81 79 21 88 31
88 6 58 43 85 35 82
6 41 90 30 47 75 16
88 6 58 64 4 59 2
67 81 27 38 16 41 66
45 19 4 29 7 45 42
26 36 9 12 81 12 45
53 86 40 55 90 39 4
87 11 20 71 22 13 13
21 14 62 9 57 90 51
66 13 9 51 0 4 13
66 13 9 16 48 89 87
43 85 35 58 65 83 52
47 79 67 15 49 42 39
56 74 21 32 92 85 66
37 76 27 58 65 83 57
43 85 35 5 88 7 28
45 19 4 51 0 4 19
20 87 2 46 34 15 54
96 28 20 6 41 90 71
80 53 22 10 27 93 75
60 52 81 89 41 19 62
80 53 22 54 22 61 49
84 95 20 15 49 42 50
90 19 78 87 11 20 58
15 49 42 65 66 67 30
24 39 72 36 8 86 34
76 48 15 13 10 39 44
89 41 19 92 25 22 16
91 80 47 49 5 33 76
96 28 20 90 19 78 58
24 39 72 72 71 69 32
38 16 41 19 51 40 35
4 31 17 70 5 71 59
45 19 4 78 45 62 63
53 86 40 84 95 20 21
42 94 50 23 33 5 75
10 27 93 40 13 73 24
52 68 2 31 24 21 47
12 81 12 56 74 21 11
44 13 2 48 55 33 52
41 79 75 55 90 39 37
54 22 61 29 7 45 21
2 73 47 50 89 74 31
18 48 73 49 5 33 58
46 34 15 17 51 8 18
57 81 56 18 48 73 37
92 25 22 4 31 17 7
3 67 56 71 22 13 62
47 79 67 44 13 2 92
59 69 16 23 33 5 37
88 6 58 38 16 41 19
36 8 86 84 95 20 109
81 30 85 13 10 39 50
68 73 41 28 22 73 60
91 80 47 25 77 31 16
81 30 85 96 28 20 65
67 81 27 45 19 4 66
52 68 2 88 6 58 83
4 31 17 5 88 7 57
63 35 78 84 95 20 83
67 81 27 78 45 62 50
17 51 8 82 63 71 64
24 39 72 95 45 2 70
25 77 31 26 36 9 46
19 51 40 63 35 78 41
78 45 62 61 5 43 44
6 41 90 17 51 8 82
69 51 1 0 86 33 47
80 53 22 25 77 31 25
26 36 9 3 67 56 56
31 24 21 77 38 40 23
52 68 2 75 79 36 35
80 53 22 39 11 35 43
89 41 19 56 74 21 33
73 32 88 44 13 2 88
7 8 77 64 4 59 18
83 81 52 43 85 35 17
0 86 33 84 95 20 15
6 41 90 54 22 61 34
87 11 20 47 79 67 82
7 8 77 29 7 45 32
95 45 2 25 77 31 43
39 11 35 19 51 40 40
13 10 39 37 76 27 67
50 89 74 9 57 90 35
82 63 71 94 86 80 24
2 73 47 7 8 77 71
95 45 2 10 27 93 92
34 18 36 1 15 20 16
79 21 88 27 58 68 42
9 57 90 45 19 4 94
44 13 2 10 27 93 92
61 5 43 70 5 71 28
92 25 22 19 51 40 31
49 5 33 21 14 62 30
30 47 75 11 2 85 46
78 45 62 93 27 43 26
0 86 33 52 68 2 35
32 92 85 25 77 31 56
65 66 67 12 81 12 57
30 47 75 29 7 45 50
36 8 86 11 2 85 6
62 56 61 47 79 67 23
96 28 20 19 51 40 30
67 81 27 42 94 50 26
38 16 41 36 8 86 45
79 21 88 33 65 26 76
66 13 9 8 75 74 89
77 38 40 52 68 2 48
90 19 78 4 31 17 62
84 95 20 49 5 33 90
87 11 20 17 51 8 41
29 7 45 33 65 26 61
67 81 27 11 2 85 98
83 81 52 14 16 37 66
82 63 71 49 5 33 69
59 69 16 79 21 88 86
15 49 42 52 68 2 44
14 16 37 36 8 86 49
68 73 41 22 37 7 49
80 53 22 96 28 20 25
10 27 93 18 48 73 29
50 89 74 76 48 15 71
43 85 35 73 32 88 74
57 81 56 85 31 54 50
23 33 5 26 36 9 5
30 47 75 46 34 15 61
45 19 4 35 61 94 99
20 87 2 11 2 85 118
37 76 27 45 19 4 61
8 75 74 22 37 7 77
91 80 47 1 15 20 70
69 51 1 6 41 90 89
34 18 36 76 48 15 36
21 14 62 42 94 50 80
12 81 12 87 11 20 70
43 85 35 22 37 7 55
82 63 71 93 27 43 45
23 33 5 29 7 45 47
59 69 16 36 8 86 92
16 48 89 53 86 40 62
12 81 12 55 90 39 28
74 32 27 96 28 20 8
95 45 2 30 47 75 73
2 73 47 76 48 15 40
79 21 88 50 89 74 69
85 31 54 5 88 7 73
7 8 77 54 22 61 21
72 71 69 30 47 75 24
85 31 54 32 92 85 68
45 19 4 5 88 7 69
71 22 13 73 32 88 75
72 71 69 45 19 4 83
84 95 20 46 34 15 61
7 8 77 20 87 2 108
71 22 13 39 11 35 24
7 8 77 34 18 36 42
55 90 39 78 45 62 50
19 51 40 61 5 43 46
70 5 71 23 33 5 71
56 74 21 60 52 81 63
46 34 15 27 58 68 58
10 27 93 41 79 75 55
89 41 19 50 89 74 73
11 2 85 41 79 75 77
54 22 61 2 73 47 52
86 45 49 74 32 27 25
89 41 19 36 8 86 74
39 11 35 14 16 37 5
93 27 43 52 68 2 57
18 48 73 70 5 71 43
30 47 75 57 81 56 38
63 35 78 40 13 73 22
46 34 15 6 41 90 75
22 37 7 63 35 78 71
3 67 56 60 52 81 29
64 4 59 55 90 39 88
91 80 47 88 6 58 74
42 94 50 32 92 85 35
61 5 43 48 55 33 50
42 94 50 89 41 19 61
74 32 27 15 49 42 22
14 16 37 1 15 20 17
56 74 21 2 73 47 26
9 57 90 19 51 40 50
25 77 31 28 22 73 69
49 5 33 75 79 36 74
19 51 40 23 33 5 39
31 24 21 4 31 17 8
33 65 26 12 81 12 21
33 65 26 80 53 22 12
78 45 62 87 11 20 54
27 58 68 3 67 56 15
30 47 75 40 13 73 34
1 15 20 27 58 68 64
73 32 88 57 81 56 58
28 22 73 31 24 21 52
20 87 2 40 13 73 102
4 31 17 32 92 85 91
96 28 20 10 27 93 73
56 74 21 38 16 41 61
0 86 33 29 7 45 79
64 4 59 81 30 85 36
37 76 27 89 41 19 35
31 24 21 12 81 12 57
5 88 7 64 4 59 98
63 35 78 49 5 33 54
45 19 4 23 33 5 14
62 56 61 29 7 45 51
77 38 40 40 13 73 41
39 11 35 79 21 88 53
57 81 56 33 65 26 34
6 41 90 0 86 33 72
79 21 88 73 32 88 11
20 87 2 83 81 52 50
88 6 58 74 32 27 40
33 65 26 36 8 86 82
11 2 85 59 69 16 96
96 28 20 48 55 33 29
44 13 2 94 86 80 106
71 22 13 83 81 52 70
73 32 88 10 27 93 7
66 13 9 10 27 93 85
25 77 31 62 56 61 36
81 30 85 37 76 27 74
51 0 4 61 5 43 39
8 75 74 57 81 56 18
46 34 15 61 5 43 40
55 90 39 84 95 20 19
26 36 9 38 16 41 37
73 32 88 8 75 74 45
16 48 89 46 34 15 75
12 81 12 17 51 8 30
35 61 94 43 85 35 63
28 22 73 72 71 69 49
16 48 89 67 81 27 70
34 18 36 92 25 22 15
87 11 20 28 22 73 54
72 71 69 3 67 56 13
36 8 86 53 86 40 90
90 19 78 26 36 9 71
2 73 47 53 86 40 14
22 37 7 88 6 58 59
19 51 40 62 56 61 21
71 22 13 90 19 78 65
16 48 89 2 73 47 48
39 11 35 91 80 47 70
2 73 47 29 7 45 66
82 63 71 25 77 31 42
15 49 42 48 55 33 10
1 15 20 42 94 50 84
49 5 33 7 8 77 44
90 19 78 66 13 9 69
89 41 19 6 41 90 71
9 57 90 57 81 56 41
58 65 83 44 13 2 96
57 81 56 74 32 27 56
83 81 52 3 67 56 14
46 34 15 51 0 4 35
66 13 9 57 81 56 82
20 87 2 48 55 33 44
10 27 93 86 45 49 47
50 89 74 88 6 58 84
85 31 54 25 77 31 51
4 31 17 15 49 42 30
37 76 27 53 86 40 16
14 16 37 56 74 21 60
46 34 15 37 76 27 43
42 94 50 7 8 77 90
14 16 37 37 76 27 60
96 28 20 73 32 88 68
3 67 56 68 73 41 16
0 86 33 16 48 89 67
94 86 80 92 25 22 84
11 2 85 25 77 31 92
1 15 20 16 48 89 76
42 94 50 19 51 40 44
52 68 2 81 30 85 91
28 22 73 23 33 5 68
39 11 35 0 86 33 75
67 81 27 65 66 67 42
79 21 88 83 81 52 69
57 81 56 94 86 80 24
32 92 85 33 65 26 64
80 53 22 83 81 52 41
75 79 36 96 28 20 53
83 81 52 8 75 74 22
20 87 2 36 8 86 115
6 41 90 24 39 72 18
81 30 85 40 13 73 20
13 10 39 3 67 56 59
57 81 56 24 39 72 44
42 94 50 4 31 17 71
33 65 26 92 25 22 40
86 45 49 26 36 9 41
22 37 7 40 13 73 70
45 19 4 32 92 85 109
6 41 90 27 58 68 27
64 4 59 30 47 75 45
0 86 33 8 75 74 42
51 0 4 20 87 2 87
74 32 27 37 76 27 44
62 56 61 88 6 58 50
13 10 39 18 48 73 50
30 47 75 86 45 49 26
17 51 8 91 80 47 48
1 15 20 52 68 2 55
17 51 8 8 75 74 70
67 81 27 53 86 40 13
28 22 73 71 22 13 60
84 95 20 26 36 9 60
74 32 27 18 48 73 48
20 87 2 6 41 90 99
81 30 85 5 88 7 97
61 5 43 58 65 83 72
21 14 62 64 4 59 10
30 47 75 94 86 80 39
50 89 74 74 32 27 73
62 56 61 61 5 43 54
9 57 90 1 15 20 81
66 13 9 76 48 15 35
93 27 43 20 87 2 72
0 86 33 51 0 4 90
8 75 74 49 5 33 81
48 55 33 94 86 80 56
44 13 2 80 53 22 44
21 14 62 71 22 13 49
20 87 2 44 13 2 74
43 85 35 49 5 33 80
83 81 52 4 31 17 61
95 45 2 32 92 85 95
61 5 43 15 49 42 44
65 66 67 86 45 49 27
47 79 67 1 15 20 79
9 57 90 2 73 47 45
3 67 56 9 57 90 35
43 85 35 91 80 47 13
30 47 75 13 10 39 51
18 48 73 39 11 35 53
76 48 15 8 75 74 64
7 8 77 15 49 42 53
22 37 7 18 48 73 66
87 11 20 37 76 27 65
94 86 80 67 81 27 53
56 74 21 24 39 72 61
77 38 40 12 81 12 51
82 63 71 50 89 74 26
35 61 94 8 75 74 24
23 33 5 20 87 2 54
66 13 9 73 32 88 81
51 0 4 52 68 2 68
7 8 77 8 75 74 67
66 13 9 1 15 20 11
76 48 15 10 27 93 80
20 87 2 32 92 85 83
27 58 68 42 94 50 40
69 51 1 62 56 61 60
94 86 80 22 37 7 87
23 33 5 15 49 42 40
82 63 71 81 30 85 35
27 58 68 44 13 2 79
3 67 56 21 14 62 53
18 48 73 55 90 39 54
94 86 80 33 65 26 57
61 5 43 11 2 85 42
24 39 72 31 24 21 53
16 48 89 64 4 59 53
58 65 83 72 71 69 15
49 5 33 88 6 58 25
43 85 35 68 73 41 13
42 94 50 28 22 73 75
81 30 85 35 61 94 32
30 47 75 26 36 9 66
53 86 40 14 16 37 70
40 13 73 13 10 39 34
50 89 74 7 8 77 81
74 32 27 90 19 78 52
94 86 80 78 45 62 44
78 45 62 22 37 7 55
63 35 78 29 7 45 43
66 13 9 65 66 67 78
49 5 33 79 21 88 57
36 8 86 77 38 40 54
17 51 8 55 90 39 49
92 25 22 26 36 9 17
19 51 40 67 81 27 32
80 53 22 22 37 7 21
92 25 22 0 86 33 61
9 57 90 29 7 45 67
65 66 67 61 5 43 65
22 37 7 30 47 75 68
16 48 89 44 13 2 93
32 92 85 5 88 7 78
81 30 85 93 27 43 42
90 19 78 40 13 73 7
12 81 12 88 6 58 87
13 10 39 63 35 78 46
40 13 73 43 85 35 81
10 27 93 82 63 71 42
38 16 41 82 63 71 55
88 6 58 57 81 56 75
77 38 40 80 53 22 23
41 79 75 9 57 90 26
43 85 35 14 16 37 69
12 81 12 72 71 69 57
6 41 90 39 11 35 62
2 73 47 12 81 12 35
38 16 41 68 73 41 57
54 22 61 25 77 31 62
41 79 75 63 35 78 44
10 27 93 93 27 43 50
42 94 50 15 49 42 45
20 87 2 92 25 22 65
14 16 37 90 19 78 41
50 89 74 34 18 36 80
19 51 40 4 31 17 30
40 13 73 2 73 47 65
21 14 62 80 53 22 55
48 55 33 31 24 21 33
85 31 54 93 27 43 11
61 5 43 76 48 15 51
36 8 86 18 48 73 42
59 69 16 10 27 93 87
37 76 27 56 74 21 6
64 4 59 27 58 68 54
49 5 33 36 8 86 53
63 35 78 75 79 36 60
53 86 40 46 34 15 57
5 88 7 24 39 72 81
84 95 20 83 81 52 34
54 22 61 45 19 4 57
93 27 43 30 47 75 37
55 90 39 58 65 83 50
50 89 74 59 69 16 61
45 19 4 10 27 93 89
62 56 61 66 13 9 67
82 63 71 73 32 88 35
88 6 58 69 51 1 72
42 94 50 47 79 67 22
53 86 40 44 13 2 82
40 13 73 47 79 67 66
82 63 71 52 68 2 69
55 90 39 56 74 21 24
46 34 15 79 21 88 74
73 32 88 46 34 15 73
8 75 74 45 19 4 89
30 47 75 32 92 85 46
75 79 36 35 61 94 60
73 32 88 25 77 31 72
45 19 4 59 69 16 51
61 5 43 56 74 21 72
66 13 9 50 89 74 100
41 79 75 37 76 27 48
17 51 8 93 27 43 42
28 22 73 41 79 75 57
9 57 90 60 52 81 10
4 31 17 7 8 77 64
58 65 83 91 80 47 39
69 51 1 39 11 35 52
96 28 20 50 89 74 81
92 25 22 2 73 47 54
32 92 85 89 41 19 83
41 79 75 73 32 88 48
67 81 27 6 41 90 74
84 95 20 90 19 78 95
68 73 41 33 65 26 17
9 57 90 20 87 2 92
61 5 43 33 65 26 62
13 10 39 71 22 13 28
74 32 27 5 88 7 59
60 52 81 34 18 36 56
57 81 56 59 69 16 41
79 21 88 11 2 85 19
85 31 54 70 5 71 31
51 0 4 17 51 8 51
53 86 40 62 56 61 36
27 58 68 58 65 83 16
80 53 22 19 51 40 18
41 79 75 84 95 20 57
28 22 73 4 31 17 56
35 61 94 31 24 21 81
79 21 88 21 14 62 26
44 13 2 55 90 39 85
49 5 33 67 81 27 76
66 13 9 69 51 1 38
75 79 36 20 87 2 34
94 86 80 41 79 75 8
0 86 33 78 45 62 50
59 69 16 78 45 62 51
76 48 15 69 51 1 14
30 47 75 3 67 56 27
90 19 78 10 27 93 17
28 22 73 1 15 20 53
68 73 41 17 51 8 39
30 47 75 91 80 47 43
82 63 71 60 52 81 14
31 24 21 46 34 15 11
75 79 36 22 37 7 51
80 53 22 81 30 85 67
69 51 1 26 36 9 17
16 48 89 38 16 41 57
87 11 20 14 16 37 17
94 86 80 25 77 31 49
8 75 74 65 66 67 11
31 24 21 65 66 67 62
11 2 85 44 13 2 83
20 87 2 13 10 39 85
66 13 9 81 30 85 77
32 92 85 75 79 36 50
35 61 94 40 13 73 52
32 92 85 36 8 86 84
2 73 47 34 18 36 56
66 13 9 95 45 2 32
22 37 7 17 51 8 14
5 88 7 38 16 41 79
8 75 74 70 5 71 70
21 14 62 38 16 41 21
6 41 90 78 45 62 28
52 68 2 80 53 22 25
43 85 35 28 22 73 73
16 48 89 92 25 22 70
41 79 75 69 51 1 79
28 22 73 64 4 59 22
1 15 20 36 8 86 66
11 2 85 33 65 26 86
51 0 4 27 58 68 86
73 32 88 42 94 50 72
47 79 67 89 41 19 61
82 63 71 28 22 73 41
65 66 67 32 92 85 31
64 4 59 41 79 75 76
73 32 88 18 48 73 21
30 47 75 37 76 27 56
43 85 35 57 81 56 21
81 30 85 1 15 20 66
73 32 88 70 5 71 31
23 33 5 4 31 17 12
59 69 16 66 13 9 56
59 69 16 5 88 7 21
45 19 4 53 86 40 76
25 77 31 20 87 2 30
75 79 36 67 81 27 9
78 45 62 20 87 2 73
48 55 33 16 48 89 56
19 51 40 65 66 67 30
50 89 74 33 65 26 53
71 22 13 45 19 4 9
57 81 56 79 21 88 68
7 8 77 90 19 78 11
65 66 67 46 34 15 61
16 48 89 5 88 7 91
13 10 39 24 39 72 43
2 73 47 30 47 75 38
54 22 61 62 56 61 34
88 6 58 47 79 67 73
41 79 75 68 73 41 34
4 31 17 65 66 67 61
31 24 21 18 48 73 57
30 47 75 38 16 41 46
34 18 36 22 37 7 34
80 53 22 51 0 4 55
67 81 27 39 11 35 70
81 30 85 16 48 89 18
48 55 33 42 94 50 42
90 19 78 91 80 47 68
89 41 19 31 24 21 17
5 88 7 14 16 37 78
81 30 85 18 48 73 21
12 81 12 93 27 43 62
42 94 50 64 4 59 90
50 89 74 58 65 83 25
17 51 8 47 79 67 65
86 45 49 37 76 27 38
76 48 15 62 56 61 46
31 24 21 38 16 41 21
34 18 36 30 47 75 48
85 31 54 42 94 50 63
54 22 61 22 37 7 56
42 94 50 74 32 27 66
80 53 22 30 47 75 53
13 10 39 65 66 67 62
81 30 85 53 86 40 71
95 45 2 0 86 33 51
93 27 43 94 86 80 69
41 79 75 33 65 26 50
23 33 5 11 2 85 85
46 34 15 32 92 85 90
24 39 72 54 22 61 20
43 85 35 20 87 2 33
87 11 20 93 27 43 28
26 36 9 56 74 21 39
24 39 72 3 67 56 32
85 31 54 3 67 56 36
39 11 35 20 87 2 82
8 75 74 14 16 37 69
3 67 56 19 51 40 22
15 49 42 39 11 35 38
89 41 19 23 33 5 16
27 58 68 9 57 90 22
87 11 20 77 38 40 33
23 33 5 55 90 39 66
60 52 81 88 6 58 51
34 18 36 21 14 62 26
21 14 62 18 48 73 35
64 4 59 46 34 15 53
24 39 72 63 35 78 7
93 27 43 73 32 88 45
64 4 59 14 16 37 25
73 32 88 74 32 27 61
51 0 4 26 36 9 36
38 16 41 20 87 2 81
58 65 83 17 51 8 76
64 4 59 19 51 40 50
8 75 74 13 10 39 73
77 38 40 37 76 27 40
17 51 8 38 16 41 48
79 21 88 22 37 7 82
18 48 73 68 73 41 40
89 41 19 24 39 72 53
20 87 2 79 21 88 108
21 14 62 24 39 72 26
61 5 43 34 18 36 14
80 53 22 61 5 43 52
6 41 90 48 55 33 58
46 34 15 93 27 43 28
42 94 50 29 7 45 87
49 5 33 47 79 67 81
14 16 37 57 81 56 67
30 47 75 28 22 73 25
25 77 31 37 76 27 4
13 10 39 5 88 7 84
67 81 27 88 6 58 81
1 15 20 45 19 4 16
5 88 7 22 37 7 51
11 2 85 64 4 59 26
91 80 47 51 0 4 90
14 16 37 2 73 47 57
74 32 27 28 22 73 47
47 79 67 3 67 56 16
79 21 88 40 13 73 17
32 92 85 6 41 90 51
74 32 27 8 75 74 63
95 45 2 39 11 35 47
87 11 20 80 53 22 42
32 92 85 84 95 20 65
51 0 4 89 41 19 43
72 71 69 59 69 16 53
43 85 35 2 73 47 16
76 48 15 84 95 20 47
41 79 75 18 48 73 31
48 55 33 50 89 74 53
19 51 40 36 8 86 62
92 25 22 18 48 73 55
35 61 94 23 33 5 93
86 45 49 87 11 20 44
89 41 19 39 11 35 34
50 89 74 53 86 40 34
35 61 94 11 2 85 59
29 7 45 94 86 80 86
64 4 59 20 87 2 100
10 27 93 48 55 33 66
2 73 47 17 51 8 44
36 8 86 88 6 58 28
73 32 88 12 81 12 90
38 16 41 63 35 78 41
25 77 31 72 71 69 38
72 71 69 73 32 88 43
59 69 16 13 10 39 63
14 16 37 41 79 75 73
5 88 7 15 49 42 52
8 75 74 64 4 59 72
78 45 62 57 81 56 36
38 16 41 24 39 72 38
68 73 41 32 92 85 47
55 90 39 33 65 26 28
95 45 2 53 86 40 55
48 55 33 3 67 56 25
21 14 62 72 71 69 57
53 86 40 71 22 13 69
80 53 22 73 32 88 69
92 25 22 78 45 62 44
24 39 72 77 38 40 32
66 13 9 87 11 20 11
70 5 71 48 55 33 62
16 48 89 35 61 94 13
70 5 71 14 16 37 35
38 16 41 81 30 85 46
21 14 62 45 19 4 58
35 61 94 67 81 27 69
86 45 49 67 81 27 42
57 81 56 27 58 68 25
44 13 2 61 5 43 41
23 33 5 0 86 33 59
46 34 15 85 31 54 39
10 27 93 4 31 17 76
5 88 7 2 73 47 42
94 86 80 91 80 47 33
55 90 39 90 19 78 81
24 39 72 58 65 83 28
50 89 74 70 5 71 84
68 73 41 64 4 59 71
74 32 27 64 4 59 42
91 80 47 9 57 90 48
9 57 90 77 38 40 53
66 13 9 9 57 90 92
34 18 36 43 85 35 67
1 15 20 3 67 56 63
40 13 73 62 56 61 44
55 90 39 42 94 50 11
55 90 39 0 86 33 7
43 85 35 78 45 62 48
78 45 62 82 63 71 20
51 0 4 18 48 73 84
83 81 52 45 19 4 78
34 18 36 24 39 72 41
92 25 22 51 0 4 30
72 71 69 29 7 45 68
12 81 12 45 19 4 62
91 80 47 85 31 54 49
15 49 42 90 19 78 46
77 38 40 47 79 67 49
42 94 50 58 65 83 43
68 73 41 15 49 42 24
50 89 74 84 95 20 54
31 24 21 88 6 58 41
64 4 59 83 81 52 77
22 37 7 31 24 21 19
6 41 90 55 90 39 70
14 16 37 88 6 58 23
74 32 27 19 51 40 23
9 57 90 78 45 62 30
13 10 39 26 36 9 39
33 65 26 71 22 13 44
70 5 71 25 77 31 82
26 36 9 18 48 73 65
59 69 16 63 35 78 70
87 11 20 46 34 15 23
18 48 73 79 21 88 30
0 86 33 37 76 27 11
63 35 78 34 18 36 45
15 49 42 45 19 4 48
89 41 19 40 13 73 60
48 55 33 27 58 68 35
49 5 33 9 57 90 77
33 65 26 60 52 81 56
60 52 81 83 81 52 41
26 36 9 71 22 13 14
71 22 13 69 51 1 31
83 81 52 24 39 72 46
18 48 73 30 47 75 2
87 11 20 27 58 68 67
46 34 15 8 75 74 71
46 34 15 81 30 85 70
67 81 27 83 81 52 25
63 35 78 74 32 27 51
71 22 13 30 47 75 66
75 79 36 10 27 93 77
8 75 74 15 49 42 41
77 38 40 78 45 62 23
88 6 58 18 48 73 44
72 71 69 1 15 20 74
65 66 67 90 19 78 48
56 74 21 46 34 15 40
33 65 26 89 41 19 25
48 55 33 87 11 20 45
84 95 20 10 27 93 99
77 38 40 46 34 15 25
90 19 78 27 58 68 40
48 55 33 83 81 52 32
63 35 78 26 36 9 69
2 73 47 52 68 2 45
19 51 40 95 45 2 38
81 30 85 36 8 86 22
90 19 78 35 61 94 44
15 49 42 92 25 22 31
69 51 1 13 10 39 55
54 22 61 15 49 42 33
10 27 93 30 47 75 26
55 90 39 8 75 74 38
50 89 74 23 33 5 88
95 45 2 38 16 41 48
35 61 94 86 45 49 47
34 18 36 11 2 85 51
83 81 52 13 10 39 72
79 21 88 45 19 4 84
35 61 94 76 48 15 80
81 30 85 58 65 83 35
18 48 73 53 86 40 50
52 68 2 42 94 50 54
25 77 31 52 68 2 30
51 0 4 32 92 85 122
56 74 21 45 19 4 57
15 49 42 96 28 20 30
60 52 81 38 16 41 53
95 45 2 14 16 37 45
9 57 90 42 94 50 54
24 39 72 17 51 8 65
83 81 52 6 41 90 55
80 53 22 11 2 85 81
82 63 71 35 61 94 23
93 27 43 25 77 31 51
88 6 58 25 77 31 75
89 41 19 81 30 85 66
64 4 59 93 27 43 28
51 0 4 75 79 36 85
15 49 42 21 14 62 40
79 21 88 35 61 94 40
74 32 27 94 86 80 75
61 5 43 22 37 7 48
91 80 47 44 13 2 80
19 51 40 53 86 40 35
55 90 39 51 0 4 96
75 79 36 82 63 71 38
49 5 33 53 86 40 81
45 19 4 62 56 61 67
89 41 19 45 19 4 26
51 0 4 42 94 50 104
0 86 33 43 85 35 2
24 39 72 25 77 31 55
23 33 5 31 24 21 18
52 68 2 91 80 47 46
1 15 20 67 81 27 66
75 79 36 72 71 69 33
22 37 7 87 11 20 29
85 31 54 77 38 40 15
21 14 62 22 37 7 59
20 87 2 95 45 2 42
19 51 40 26 36 9 34
0 86 33 67 81 27 7
25 77 31 13 10 39 67
36 8 86 62 56 61 54
7 8 77 84 95 20 104
61 5 43 6 41 90 59
45 19 4 18 48 73 74
4 31 17 74 32 27 10
87 11 20 58 65 83 82
62 56 61 20 87 2 66
80 53 22 91 80 47 36
88 6 58 42 94 50 88
25 77 31 87 11 20 66
68 73 41 13 10 39 63
69 51 1 17 51 8 7
74 32 27 46 34 15 12
15 49 42 20 87 2 55
60 52 81 11 2 85 50
79 21 88 89 41 19 71
44 13 2 92 25 22 23
10 27 93 52 68 2 99
79 21 88 19 51 40 56
81 30 85 78 45 62 27
77 38 40 33 65 26 30
71 22 13 74 32 27 17
53 86 40 1 15 20 73
78 45 62 14 16 37 38
89 41 19 61 5 43 43
3 67 56 0 86 33 29
95 45 2 65 66 67 68
68 73 41 6 41 90 58
41 79 75 96 28 20 75
9 57 90 94 86 80 30
44 13 2 52 68 2 55
1 15 20 48 55 33 42
24 39 72 28 22 73 17
40 13 73 49 5 33 40
1 15 20 59 69 16 54
78 45 62 44 13 2 68
84 95 20 71 22 13 73
43 85 35 30 47 75 55
39 11 35 61 5 43 10
90 19 78 18 48 73 29
5 88 7 51 0 4 88
82 63 71 61 5 43 64
2 73 47 89 41 19 42
66 13 9 47 79 67 87
11 2 85 6 41 90 39
49 5 33 38 16 41 13
53 86 40 72 71 69 32
87 11 20 88 6 58 38
86 45 49 29 7 45 38
30 47 75 73 32 88 19
27 58 68 32 92 85 38
31 24 21 42 94 50 75
12 81 12 82 63 71 61
72 71 69 26 36 9 69
2 73 47 27 58 68 25
26 36 9 40 13 73 68
37 76 27 36 8 86 90
77 38 40 88 6 58 36
82 63 71 14 16 37 58
80 53 22 57 81 56 44
82 63 71 68 73 41 31
62 56 61 95 45 2 60
90 19 78 89 41 19 62
77 38 40 15 49 42 11
47 79 67 8 75 74 8
81 30 85 26 36 9 76
11 2 85 17 51 8 91
4 31 17 45 19 4 17
86 45 49 11 2 85 56
95 45 2 12 81 12 37
96 28 20 26 36 9 13
61 5 43 85 31 54 28
36 8 86 75 79 36 86
6 41 90 92 25 22 69
61 5 43 53 86 40 81
9 57 90 30 47 75 18
77 38 40 26 36 9 31
42 94 50 17 51 8 60
80 53 22 9 57 90 68
92 25 22 23 33 5 18
67 81 27 84 95 20 15
76 48 15 28 22 73 63
52 68 2 41 79 75 73
73 32 88 90 19 78 16
53 86 40 26 36 9 58
71 22 13 36 8 86 74
51 0 4 79 21 88 86
84 95 20 40 13 73 97
58 65 83 38 16 41 64
0 86 33 63 35 78 68
48 55 33 12 81 12 33
49 5 33 46 34 15 34
68 73 41 57 81 56 17
26 36 9 37 76 27 43
20 87 2 69 51 1 36
93 27 43 54 22 61 18
52 68 2 53 86 40 42
84 95 20 4 31 17 64
64 4 59 63 35 78 36
29 7 45 43 85 35 78
90 19 78 67 81 27 80
89 41 19 95 45 2 17
90 19 78 34 18 36 42
9 57 90 90 19 78 39
32 92 85 41 79 75 16
21 14 62 57 81 56 67
70 5 71 62 56 61 51
22 37 7 36 8 86 84
8 75 74 27 58 68 18
36 8 86 76 48 15 81
71 22 13 9 57 90 84
90 19 78 78 45 62 30
92 25 22 29 7 45 29
79 21 88 78 45 62 35
91 80 47 29 7 45 73
73 32 88 32 92 85 60
53 86 40 70 5 71 86
4 31 17 48 55 33 28
61 5 43 75 79 36 74
25 77 31 19 51 40 27
77 38 40 75 79 36 41
15 49 42 62 56 61 20
39 11 35 59 69 16 61
79 21 88 71 22 13 75
22 37 7 93 27 43 37
54 22 61 89 41 19 46
77 38 40 69 51 1 41
58 65 83 59 69 16 67
41 79 75 19 51 40 44
60 52 81 71 22 13 74
12 81 12 62 56 61 55
86 45 49 58 65 83 39
96 28 20 17 51 8 25
23 33 5 73 32 88 83
92 25 22 28 22 73 51
19 51 40 43 85 35 34
59 69 16 61 5 43 69
52 68 2 58 65 83 81
24 39 72 69 51 1 72
2 73 47 21 14 62 60
15 49 42 51 0 4 62
56 74 21 79 21 88 85
13 10 39 17 51 8 51
47 79 67 91 80 47 20
79 21 88 37 76 27 82
78 45 62 41 79 75 36
65 66 67 43 85 35 37
64 4 59 90 19 78 24
81 30 85 92 25 22 63
6 41 90 53 86 40 67
77 38 40 5 88 7 59
20 87 2 14 16 37 79
83 81 52 68 73 41 13
51 0 4 69 51 1 51
89 41 19 55 90 39 52
58 65 83 51 0 4 102
35 61 94 52 68 2 92
14 16 37 77 38 40 22
77 38 40 11 2 85 57
74 32 27 40 13 73 49
36 8 86 63 35 78 28
50 89 74 15 49 42 51
23 33 5 38 16 41 39
9 57 90 14 16 37 67
49 5 33 64 4 59 26
57 81 56 58 65 83 31
62 56 61 5 88 7 62
51 0 4 71 22 13 23
75 79 36 87 11 20 69
8 75 74 3 67 56 19
22 37 7 11 2 85 85
25 77 31 48 55 33 22
42 94 50 66 13 9 90
58 65 83 88 6 58 64
60 52 81 2 73 47 39
37 76 27 64 4 59 78
67 81 27 22 37 7 48
14 16 37 19 51 40 35
77 38 40 93 27 43 11
29 7 45 26 36 9 46
50 89 74 27 58 68 31
20 87 2 54 22 61 87
88 6 58 46 34 15 51
23 33 5 78 45 62 58
40 13 73 83 81 52 71
68 73 41 54 22 61 54
92 25 22 3 67 56 54
41 79 75 34 18 36 72
47 79 67 55 90 39 30
94 86 80 63 35 78 51
5 88 7 89 41 19 48
52 68 2 96 28 20 43
1 15 20 24 39 72 57
86 45 49 96 28 20 33
52 68 2 17 51 8 18
16 48 89 94 86 80 39
16 48 89 52 68 2 89
5 88 7 96 28 20 61
65 66 67 51 0 4 91
12 81 12 6 41 90 87
94 86 80 32 92 85 7
76 48 15 68 73 41 36
43 85 35 63 35 78 65
11 2 85 5 88 7 116
84 95 20 47 79 67 49
84 95 20 29 7 45 91
19 51 40 40 13 73 50
89 41 19 52 68 2 31
54 22 61 47 79 67 57
85 31 54 10 27 93 39
5 88 7 17 51 8 37
34 18 36 32 92 85 88
30 47 75 89 41 19 56
23 33 5 9 57 90 88
68 73 41 81 30 85 61
31 24 21 19 51 40 33
53 86 40 58 65 83 47
93 27 43 68 73 41 46
31 24 21 63 35 78 58
29 7 45 1 15 20 26
95 45 2 52 68 2 23
10 27 93 50 89 74 64
80 53 22 90 19 78 65
11 2 85 55 90 39 99
48 55 33 84 95 20 42
1 15 20 93 27 43 25
79 21 88 74 32 27 61
44 13 2 93 27 43 43
58 65 83 75 79 36 49
21 14 62 48 55 33 50
74 32 27 80 53 22 21
15 49 42 83 81 52 33
84 95 20 54 22 61 83
25 77 31 47 79 67 36
9 57 90 8 75 74 24
43 85 35 27 58 68 42
24 39 72 68 73 41 46
26 36 9 27 58 68 62
43 85 35 9 57 90 61
8 75 74 50 89 74 14
14 16 37 92 25 22 17
53 86 40 91 80 47 9
80 53 22 32 92 85 74
45 19 4 52 68 2 49
24 39 72 88 6 58 35
89 41 19 71 22 13 19
46 34 15 52 68 2 36
51 0 4 34 18 36 36
89 41 19 87 11 20 30
17 51 8 81 30 85 79
75 79 36 94 86 80 44
55 90 39 27 58 68 43
34 18 36 25 77 31 59
2 73 47 67 81 27 21
13 10 39 89 41 19 36
9 57 90 75 79 36 58
70 5 71 67 81 27 87
43 85 35 4 31 17 56
17 51 8 16 48 89 81
96 28 20 39 11 35 22
62 56 61 21 14 62 42
37 76 27 43 85 35 12
96 28 20 30 47 75 58
47 79 67 18 48 73 31
57 81 56 34 18 36 66
83 81 52 50 89 74 23
91 80 47 5 88 7 40
81 30 85 14 16 37 50
90 19 78 28 22 73 5
39 11 35 34 18 36 7
23 33 5 30 47 75 71
81 30 85 84 95 20 91
81 30 85 22 37 7 78
95 45 2 77 38 40 38
21 14 62 54 22 61 8
47 79 67 10 27 93 58
47 79 67 12 81 12 55
17 51 8 14 16 37 45
4 31 17 94 86 80 83
2 73 47 41 79 75 28
96 28 20 85 31 54 34
25 77 31 10 27 93 79
43 85 35 24 39 72 59
38 16 41 51 0 4 40
76 48 15 23 33 5 18
1 15 20 61 5 43 25
47 79 67 38 16 41 68
71 22 13 22 37 7 16
93 27 43 9 57 90 55
80 53 22 75 79 36 29
60 52 81 28 22 73 31
43 85 35 87 11 20 75
51 0 4 24 39 72 78
29 7 45 40 13 73 28
47 79 67 75 79 36 31
39 11 35 57 81 56 73
54 22 61 28 22 73 12
21 14 62 96 28 20 44
52 68 2 65 66 67 65
61 5 43 66 13 9 34
15 49 42 66 13 9 48
70 5 71 90 19 78 15
45 19 4 2 73 47 69
43 85 35 13 10 39 75
86 45 49 59 69 16 40
54 22 61 1 15 20 41
87 11 20 0 86 33 76
37 76 27 57 81 56 29
6 41 90 77 38 40 50
79 21 88 23 33 5 83
47 79 67 41 79 75 8
50 89 74 12 81 12 62
35 61 94 2 73 47 48
4 31 17 76 48 15 17
83 81 52 61 5 43 76
70 5 71 54 22 61 19
69 51 1 38 16 41 53
69 51 1 43 85 35 48
80 53 22 2 73 47 32
70 5 71 44 13 2 69
49 5 33 26 36 9 39
21 14 62 5 88 7 92
49 5 33 25 77 31 72
3 67 56 50 89 74 28
32 92 85 62 56 61 43
19 51 40 59 69 16 30
76 48 15 27 58 68 53
46 34 15 78 45 62 48
78 45 62 35 61 94 35
30 47 75 21 14 62 35
86 45 49 68 73 41 29
38 16 41 55 90 39 74
82 63 71 84 95 20 60
53 86 40 57 81 56 16
70 5 71 42 94 50 91
31 24 21 64 4 59 42
75 79 36 48 55 33 24
56 74 21 92 25 22 49
59 69 16 16 48 89 75
9 57 90 68 73 41 51
80 53 22 1 15 20 38
15 49 42 3 67 56 22
79 21 88 70 5 71 23
90 19 78 32 92 85 73
26 36 9 46 34 15 6
89 41 19 67 81 27 40
46 34 15 14 16 37 28
72 71 69 32 92 85 26
33 65 26 5 88 7 29
84 95 20 22 37 7 59
88 6 58 19 51 40 48
70 5 71 59 69 16 84
0 86 33 27 58 68 44
5 88 7 87 11 20 78
88 6 58 26 36 9 57
69 51 1 61 5 43 62
14 16 37 86 45 49 31
54 22 61 30 47 75 28
31 24 21 90 19 78 57
38 16 41 62 56 61 44
91 80 47 7 8 77 78
23 33 5 53 86 40 63
83 81 52 75 79 36 16
44 13 2 59 69 16 57
4 31 17 24 39 72 55
35 61 94 89 41 19 77
41 79 75 1 15 20 84
23 33 5 1 15 20 23
73 32 88 67 81 27 78
60 52 81 24 39 72 15
54 22 61 74 32 27 35
33 65 26 17 51 8 22
24 39 72 22 37 7 65
47 79 67 16 48 89 38
49 5 33 74 32 27 27
17 51 8 25 77 31 34
70 5 71 82 63 71 58
63 35 78 37 76 27 65
24 39 72 26 36 9 63
47 79 67 56 74 21 46
66 13 9 43 85 35 76
8 75 74 41 79 75 4
27 58 68 28 22 73 36
46 34 15 19 51 40 30
17 51 8 40 13 73 75
75 79 36 88 6 58 76
72 71 69 90 19 78 52
80 53 22 45 19 4 38
53 86 40 34 18 36 68
16 48 89 19 51 40 49
60 52 81 47 79 67 30
75 79 36 91 80 47 11
51 0 4 56 74 21 75
88 6 58 56 74 21 77
29 7 45 48 55 33 49
7 8 77 85 31 54 32
70 5 71 63 35 78 30
22 37 7 4 31 17 11
1 15 20 78 45 62 51
94 86 80 96 28 20 83
15 49 42 27 58 68 27
75 79 36 68 73 41 7
41 79 75 83 81 52 23
30 47 75 90 19 78 28
54 22 61 27 58 68 36
24 39 72 94 86 80 47
66 13 9 91 80 47 77
39 11 35 29 7 45 10
65 66 67 87 11 20 72
49 5 33 54 22 61 32
7 8 77 21 14 62 16
40 13 73 15 49 42 47
52 68 2 5 88 7 20
2 73 47 59 69 16 31
96 28 20 53 86 40 61
83 81 52 77 38 40 44
32 92 85 70 5 71 88
59 69 16 87 11 20 58
21 14 62 43 85 35 75
12 81 12 58 65 83 72
51 0 4 84 95 20 96
24 39 72 16 48 89 19
71 22 13 20 87 2 65
35 61 94 13 10 39 75
19 51 40 86 45 49 10
39 11 35 24 39 72 46
66 13 9 24 39 72 68
91 80 47 70 5 71 78
13 10 39 1 15 20 19
17 51 8 86 45 49 41
45 19 4 63 35 78 75
73 32 88 3 67 56 47
34 18 36 83 81 52 65
48 55 33 78 45 62 30
95 45 2 57 81 56 64
81 30 85 4 31 17 68
78 45 62 40 13 73 33
86 45 49 63 35 78 30
36 8 86 93 27 43 47
87 11 20 61 5 43 23
31 24 21 1 15 20 9
96 28 20 25 77 31 50
27 58 68 59 69 16 53
35 61 94 4 31 17 82
65 66 67 74 32 27 52
42 94 50 84 95 20 30
1 15 20 71 22 13 9
96 28 20 24 39 72 53
43 85 35 77 38 40 47
6 41 90 29 7 45 56
9 57 90 33 65 26 64
56 74 21 17 51 8 26
89 41 19 69 51 1 20
59 69 16 17 51 8 19
26 36 9 60 52 81 73
29 7 45 76 48 15 50
31 24 21 78 45 62 46
41 79 75 76 48 15 67
74 32 27 75 79 36 47
92 25 22 63 35 78 56
19 51 40 2 73 47 23
64 4 59 65 66 67 62
53 86 40 10 27 93 79
54 22 61 12 81 12 76
23 33 5 81 30 85 80
75 79 36 78 45 62 42
43 85 35 79 21 88 83
22 37 7 74 32 27 20
32 92 85 22 37 7 95
71 22 13 63 35 78 66
2 73 47 94 86 80 35
85 31 54 72 71 69 42
31 24 21 72 71 69 67
63 35 78 73 32 88 10
65 66 67 75 79 36 33
91 80 47 6 41 90 58
92 25 22 93 27 43 21
96 28 20 31 24 21 4
74 32 27 68 73 41 43
77 38 40 49 5 33 33
9 57 90 46 34 15 78
90 19 78 39 11 35 43
63 35 78 39 11 35 49
39 11 35 52 68 2 65
87 11 20 11 2 85 65
26 36 9 14 16 37 34
65 66 67 76 48 15 55
58 65 83 64 4 59 65
12 81 12 37 76 27 15
21 14 62 67 81 27 75
44 13 2 96 28 20 23
11 2 85 58 65 83 63
33 65 26 52 68 2 24
80 53 22 48 55 33 11
30 47 75 44 13 2 80
13 10 39 36 8 86 47
20 87 2 61 5 43 91
23 33 5 37 76 27 48
5 88 7 94 86 80 73
22 37 7 73 32 88 81
48 55 33 81 30 85 57
55 90 39 20 87 2 37
7 8 77 53 86 40 86
10 27 93 19 51 40 58
70 5 71 3 67 56 63
27 58 68 14 16 37 52
81 30 85 70 5 71 28
95 45 2 8 75 74 78
39 11 35 74 32 27 22
57 81 56 22 37 7 65
17 51 8 15 49 42 34
93 27 43 83 81 52 54
47 79 67 68 73 41 26
95 45 2 27 58 68 67
86 45 49 93 27 43 18
3 67 56 33 65 26 30
44 13 2 18 48 73 79
37 76 27 68 73 41 14
87 11 20 42 94 50 88
33 65 26 38 16 41 51
53 86 40 86 45 49 41
9 57 90 85 31 54 44
68 73 41 35 61 94 54
32 92 85 43 85 35 50
67 81 27 13 10 39 72
94 86 80 76 48 15 75
9 57 90 65 66 67 24
2 73 47 88 6 58 67
87 11 20 55 90 39 81
23 33 5 43 85 35 60
16 48 89 65 66 67 28
76 48 15 3 67 56 45
23 33 5 84 95 20 63
31 24 21 49 5 33 22
52 68 2 27 58 68 66
22 37 7 28 22 73 67
26 36 9 4 31 17 9
74 32 27 36 8 86 63
12 81 12 92 25 22 56
28 22 73 37 76 27 70
29 7 45 51 0 4 41
8 75 74 6 41 90 37
72 71 69 87 11 20 77
76 48 15 25 77 31 33
17 51 8 48 55 33 25
45 19 4 58 65 83 91
14 16 37 76 48 15 38
72 71 69 93 27 43 51
92 25 22 64 4 59 42
69 51 1 58 65 83 83
23 33 5 96 28 20 15
74 32 27 55 90 39 59
85 31 54 18 48 73 25
62 56 61 26 36 9 55
69 51 1 47 79 67 71
50 89 74 85 31 54 61
59 69 16 3 67 56 40
68 73 41 91 80 47 9
39 11 35 84 95 20 85
66 13 9 39 11 35 26
39 11 35 26 36 9 36
94 86 80 79 21 88 65
55 90 39 94 86 80 41
55 90 39 24 39 72 60
79 21 88 91 80 47 71
38 16 41 27 58 68 49
23 33 5 39 11 35 37
30 47 75 47 79 67 32
46 34 15 48 55 33 27
66 13 9 78 45 62 61
14 16 37 96 28 20 20
41 79 75 26 36 9 78
39 11 35 94 86 80 87
63 35 78 79 21 88 17
32 92 85 10 27 93 65
58 65 83 84 95 20 69
23 33 5 25 77 31 51
28 22 73 7 8 77 14
71 22 13 75 79 36 61
30 47 75 87 11 20 65
60 52 81 57 81 56 38
53 86 40 21 14 62 75
20 87 2 12 81 12 11
13 10 39 39 11 35 4
13 10 39 45 19 4 36
56 74 21 3 67 56 35
23 33 5 68 73 41 53
30 47 75 25 77 31 53
29 7 45 14 16 37 12
48 55 33 63 35 78 49
25 77 31 27 58 68 41
46 34 15 41 79 75 75
18 48 73 32 92 85 45
21 14 62 91 80 47 67
67 81 27 20 87 2 25
58 65 83 92 25 22 72
35 61 94 69 51 1 93
72 71 69 56 74 21 48
92 25 22 24 39 72 51
71 22 13 10 27 93 80
84 95 20 21 14 62 91
34 18 36 40 13 73 37
24 39 72 82 63 71 24
54 22 61 64 4 59 18
93 27 43 51 0 4 47
87 11 20 7 8 77 57
82 63 71 83 81 52 26
96 28 20 57 81 56 64
71 22 13 85 31 54 41
20 87 2 18 48 73 81
40 13 73 51 0 4 70
15 49 42 29 7 45 42
34 18 36 58 65 83 66
66 13 9 94 86 80 101
2 73 47 63 35 78 49
26 36 9 94 86 80 86
66 13 9 93 27 43 36
62 56 61 6 41 90 32
43 85 35 70 5 71 87
17 51 8 35 61 94 86
64 4 59 52 68 2 85
84 95 20 59 69 16 26
4 31 17 60 52 81 67
24 39 72 42 94 50 59
79 21 88 93 27 43 45
45 19 4 46 34 15 18
87 11 20 73 32 88 71
92 25 22 85 31 54 32
10 27 93 79 21 88 7
57 81 56 82 63 71 23
67 81 27 44 13 2 72
38 16 41 22 37 7 39
70 5 71 47 79 67 74
79 21 88 26 36 9 80
72 71 69 37 76 27 42
19 51 40 47 79 67 38
85 31 54 35 61 94 50
6 41 90 28 22 73 25
22 37 7 91 80 47 58
19 51 40 90 19 78 49
74 32 27 48 55 33 23
47 79 67 31 24 21 71
0 86 33 68 73 41 15
7 8 77 81 30 85 23
19 51 40 32 92 85 60
85 31 54 31 24 21 33
2 73 47 73 32 88 57
44 13 2 89 41 19 32
54 22 61 3 67 56 45
70 5 71 11 2 85 14
65 66 67 57 81 56 18
70 5 71 46 34 15 63
93 27 43 95 45 2 44
37 76 27 54 22 61 63
9 57 90 89 41 19 72
73 32 88 11 2 85 30
44 13 2 60 52 81 88
81 30 85 63 35 78 8
42 94 50 6 41 90 66
41 79 75 31 24 21 77
56 74 21 95 45 2 34
42 94 50 93 27 43 67
56 74 21 43 85 35 17
70 5 71 68 73 41 74
94 86 80 60 52 81 34
9 57 90 67 81 27 67
76 48 15 43 85 35 42
36 8 86 67 81 27 93
53 86 40 32 92 85 45
22 37 7 53 86 40 59
68 73 41 11 2 85 83
3 67 56 36 8 86 66
68 73 41 58 65 83 42
44 13 2 54 22 61 59
77 38 40 21 14 62 32
95 45 2 6 41 90 88
22 37 7 42 94 50 71
15 49 42 25 77 31 30
69 51 1 37 76 27 36
47 79 67 83 81 52 15
94 86 80 18 48 73 38
85 31 54 66 13 9 48
74 32 27 47 79 67 61
50 89 74 49 5 33 93
7 8 77 14 16 37 40
7 8 77 95 45 2 83
83 81 52 73 32 88 60
28 22 73 14 16 37 36
65 66 67 24 39 72 27
88 6 58 81 30 85 36
22 37 7 90 19 78 73
85 31 54 20 87 2 76
11 2 85 85 31 54 42
11 2 85 42 94 50 98
65 66 67 44 13 2 83
78 45 62 96 28 20 45
15 49 42 91 80 47 31
62 56 61 94 86 80 35
46 34 15 50 89 74 80
77 38 40 90 19 78 42
6 41 90 94 86 80 46
24 39 72 46 34 15 57
84 95 20 16 48 89 83
55 90 39 75 79 36 11
10 27 93 57 81 56 65
43 85 35 15 49 42 36
69 51 1 52 68 2 17
95 45 2 88 6 58 68
9 57 90 84 95 20 79
38 16 41 83 81 52 65
87 11 20 26 36 9 27
96 28 20 28 22 73 53
94 86 80 12 81 12 68
82 63 71 59 69 16 55
58 65 83 80 53 22 62
26 36 9 17 51 8 15
91 80 47 46 34 15 56
7 8 77 24 39 72 31
1 15 20 70 5 71 51
33 65 26 16 48 89 65
27 58 68 31 24 21 58
48 55 33 34 18 36 37
0 86 33 18 48 73 55
72 71 69 41 79 75 10
96 28 20 49 5 33 26
81 30 85 73 32 88 3
49 5 33 22 37 7 41
75 79 36 85 31 54 51
88 6 58 40 13 73 16
68 73 41 89 41 19 38
10 27 93 64 4 59 41
60 52 81 16 48 89 8
65 66 67 37 76 27 41
47 79 67 78 45 62 34
47 79 67 85 31 54 49
16 48 89 86 45 49 40
57 81 56 91 80 47 9
69 51 1 81 30 85 86
16 48 89 28 22 73 30
5 88 7 95 45 2 43
5 88 7 12 81 12 8
19 51 40 93 27 43 24
7 8 77 73 32 88 26
21 14 62 70 5 71 12
86 45 49 21 14 62 33
42 94 50 26 36 9 71
88 6 58 78 45 62 39
85 31 54 63 35 78 24
35 61 94 66 13 9 97
50 89 74 75 79 36 39
28 22 73 33 65 26 63
73 32 88 88 6 58 39
68 73 41 14 16 37 57
6 41 90 75 79 36 66
21 14 62 69 51 1 71
24 39 72 23 33 5 67
36 8 86 78 45 62 44
46 34 15 86 45 49 35
82 63 71 87 11 20 72
67 81 27 51 0 4 84
75 79 36 73 32 88 70
21 14 62 76 48 15 58
33 65 26 56 74 21 10
61 5 43 77 38 40 33
44 13 2 81 30 85 84
33 65 26 35 61 94 68
39 11 35 56 74 21 64
75 79 36 40 13 73 75
21 14 62 17 51 8 65
90 19 78 92 25 22 56
9 57 90 72 71 69 25
73 32 88 58 65 83 33
84 95 20 61 5 43 92
31 24 21 76 48 15 24
32 92 85 28 22 73 71
60 52 81 73 32 88 21
22 37 7 58 65 83 80
58 65 83 26 36 9 79
69 51 1 87 11 20 44
17 51 8 10 27 93 88
0 86 33 48 55 33 31
37 76 27 40 13 73 78
78 45 62 71 22 13 54
33 65 26 62 56 61 36
85 31 54 14 16 37 22
81 30 85 12 81 12 89
34 18 36 56 74 21 57
84 95 20 33 65 26 30
83 81 52 46 34 15 59
95 45 2 68 73 41 48
30 47 75 75 79 36 50
87 11 20 95 45 2 38
95 45 2 22 37 7 9
26 36 9 50 89 74 83
41 79 75 29 7 45 78
68 73 41 60 52 81 45
13 10 39 93 27 43 17
70 5 71 92 25 22 52
84 95 20 19 51 40 48
16 48 89 51 0 4 97
37 76 27 2 73 47 20
10 27 93 83 81 52 67
49 5 33 76 48 15 46
24 39 72 27 58 68 19
69 51 1 9 57 90 89
13 10 39 56 74 21 66
54 22 61 58 65 83 48
22 37 7 64 4 59 61
72 71 69 14 16 37 63
54 22 61 19 51 40 35
55 90 39 37 76 27 18
85 31 54 89 41 19 36
8 75 74 33 65 26 49
4 31 17 75 79 36 51
28 22 73 40 13 73 9
6 41 90 82 63 71 29
96 28 20 65 66 67 60
9 57 90 73 32 88 25
39 11 35 11 2 85 50
7 8 77 6 41 90 35
75 79 36 70 5 71 81
58 65 83 79 21 88 44
96 28 20 33 65 26 37
4 31 17 0 86 33 57
18 48 73 72 71 69 23
83 81 52 96 28 20 61
13 10 39 95 45 2 50
27 58 68 78 45 62 14
71 22 13 92 25 22 9
83 81 52 2 73 47 9
68 73 41 66 13 9 68
21 14 62 61 5 43 21
96 28 20 7 8 77 60
42 94 50 38 16 41 78
26 36 9 59 69 16 33
52 68 2 43 85 35 37
32 92 85 81 30 85 62
33 65 26 83 81 52 30
55 90 39 82 63 71 41
21 14 62 90 19 78 16
95 45 2 21 14 62 67
48 55 33 23 33 5 35
56 74 21 66 13 9 62
13 10 39 85 31 54 25
6 41 90 22 37 7 83
18 48 73 3 67 56 25
0 86 33 28 22 73 75
50 89 74 18 48 73 41
9 57 90 0 86 33 63
31 24 21 71 22 13 8
1 15 20 63 35 78 61
43 85 35 62 56 61 38
53 86 40 83 81 52 13
92 25 22 39 11 35 19
79 21 88 77 38 40 50
85 31 54 40 13 73 26
43 85 35 36 8 86 92
72 71 69 27 58 68 13
75 79 36 13 10 39 69
45 19 4 48 55 33 46
49 5 33 11 2 85 52
62 56 61 84 95 20 56
31 24 21 17 51 8 29
77 38 40 48 55 33 18
8 75 74 26 36 9 75
51 0 4 74 32 27 39
56 74 21 84 95 20 21
72 71 69 91 80 47 23
8 75 74 94 86 80 12
1 15 20 55 90 39 77
58 65 83 2 73 47 36
14 16 37 60 52 81 56
8 75 74 91 80 47 27
6 41 90 76 48 15 75
21 14 62 46 34 15 51
67 81 27 52 68 2 28
70 5 71 40 13 73 8
55 90 39 62 56 61 40
49 5 33 29 7 45 12
73 32 88 4 31 17 71
30 47 75 17 51 8 67
87 11 20 52 68 2 59
1 15 20 69 51 1 40
95 45 2 78 45 62 60
45 19 4 94 86 80 101
61 5 43 86 45 49 40
48 55 33 2 73 47 22
94 86 80 46 34 15 83
87 11 20 92 25 22 14
75 79 36 81 30 85 69
92 25 22 74 32 27 8
28 22 73 20 87 2 96
56 74 21 73 32 88 79
38 16 41 71 22 13 28
90 19 78 60 52 81 33
0 86 33 24 39 72 61
57 81 56 28 22 73 61
67 81 27 14 16 37 65
14 16 37 6 41 90 58
14 16 37 30 47 75 49
20 87 2 90 19 78 101
72 71 69 67 81 27 43
11 2 85 57 81 56 84
26 36 9 48 55 33 30
92 25 22 48 55 33 31
30 47 75 49 5 33 59
58 65 83 3 67 56 27
57 81 56 55 90 39 19
62 56 61 23 33 5 60
27 58 68 30 47 75 13
66 13 9 38 16 41 32
55 90 39 29 7 45 83
5 88 7 6 41 90 95
20 87 2 17 51 8 36
59 69 16 29 7 45 68
13 10 39 0 86 33 76
0 86 33 56 74 21 16
63 35 78 28 22 73 13
87 11 20 70 5 71 51
68 73 41 2 73 47 6
36 8 86 27 58 68 53
34 18 36 86 45 49 29
52 68 2 40 13 73 89
77 38 40 89 41 19 21
86 45 49 47 79 67 38
49 5 33 13 10 39 7
92 25 22 36 8 86 66
94 86 80 38 16 41 80
29 7 45 89 41 19 42
62 56 61 48 55 33 28
12 81 12 29 7 45 81
2 73 47 96 28 20 52
32 92 85 38 16 41 87
35 61 94 38 16 41 69
88 6 58 45 19 4 55
68 73 41 20 87 2 41
90 19 78 33 65 26 69
20 87 2 42 94 50 48
14 16 37 74 32 27 18
17 51 8 23 33 5 18
40 13 73 57 81 56 70
42 94 50 80 53 22 49
9 57 90 32 92 85 35
3 67 56 91 80 47 15
91 80 47 92 25 22 60
59 69 16 65 66 67 51
56 74 21 68 73 41 20
92 25 22 46 34 15 11
4 31 17 80 53 22 22
61 5 43 41 79 75 80
3 67 56 79 21 88 56
44 13 2 37 76 27 67
8 75 74 39 11 35 74
24 39 72 76 48 15 57
76 48 15 45 19 4 31
55 90 39 91 80 47 12
74 32 27 3 67 56 45
15 49 42 1 15 20 40
63 35 78 90 19 78 16
76 48 15 20 87 2 41
14 16 37 61 5 43 12
86 45 49 55 90 39 46
23 33 5 77 38 40 35
54 22 61 41 79 75 58
45 19 4 85 31 54 51
3 67 56 44 13 2 76
86 45 49 44 13 2 56
23 33 5 34 18 36 34
86 45 49 76 48 15 34
45 19 4 25 77 31 63
6 41 90 70 5 71 40
92 25 22 22 37 7 19
88 6 58 17 51 8 67
46 34 15 68 73 41 46
15 49 42 19 51 40 2
3 67 56 77 38 40 33
11 2 85 21 14 62 25
90 19 78 50 89 74 70
94 86 80 52 68 2 80
22 37 7 89 41 19 12
55 90 39 95 45 2 58
35 61 94 57 81 56 42
92 25 22 53 86 40 63
23 33 5 41 79 75 83
16 48 89 15 49 42 47
70 5 71 94 86 80 81
68 73 41 36 8 86 79
95 45 2 1 15 20 34
52 68 2 48 55 33 33
62 56 61 34 18 36 45
38 16 41 86 45 49 30
53 86 40 89 41 19 49
76 48 15 78 45 62 47
23 33 5 61 5 43 47
89 41 19 83 81 52 51
19 51 40 28 22 73 43
36 8 86 6 41 90 33
78 45 62 62 56 61 11
91 80 47 50 89 74 28
67 81 27 31 24 21 57
3 67 56 75 79 36 23
18 48 73 71 22 13 65
25 77 31 9 57 90 62
75 79 36 2 73 47 12
86 45 49 39 11 35 36
39 11 35 42 94 50 84
34 18 36 8 75 74 68
74 32 27 83 81 52 55
22 37 7 23 33 5 4
68 73 41 94 86 80 41
37 76 27 33 65 26 11
89 41 19 8 75 74 64
12 81 12 28 22 73 84
28 22 73 3 67 56 48
23 33 5 83 81 52 67
70 5 71 5 88 7 104
28 22 73 75 79 36 67
85 31 54 21 14 62 18
54 22 61 10 27 93 32
76 48 15 11 2 85 83
2 73 47 77 38 40 35
28 22 73 78 45 62 25
79 21 88 92 25 22 66
80 53 22 53 86 40 37
34 18 36 15 49 42 31
81 30 85 55 90 39 75
29 7 45 47 79 67 75
32 92 85 31 24 21 93
10 27 93 65 66 67 46
29 7 45 61 5 43 2
15 49 42 24 39 72 31
18 48 73 40 13 73 35
69 51 1 28 22 73 77
67 81 27 58 65 83 58
93 27 43 11 2 85 48
67 81 27 91 80 47 20
34 18 36 77 38 40 20
9 57 90 88 6 58 60
43 85 35 64 4 59 84
3 67 56 80 53 22 36
92 25 22 69 51 1 33
26 36 9 52 68 2 32
67 81 27 15 49 42 35
32 92 85 24 39 72 54
56 74 21 25 77 31 10
83 81 52 51 0 4 94
36 8 86 44 13 2 84
89 41 19 0 86 33 47
91 80 47 56 74 21 26
34 18 36 80 53 22 37
13 10 39 64 4 59 20
50 89 74 71 22 13 90
33 65 26 82 63 71 45
10 27 93 68 73 41 69
23 33 5 14 16 37 36
69 51 1 25 77 31 39
49 5 33 52 68 2 70
46 34 15 55 90 39 60
69 51 1 83 81 52 59
55 90 39 73 32 88 75
82 63 71 56 74 21 51
75 79 36 45 19 4 68
59 69 16 73 32 88 80
38 16 41 54 22 61 20
4 31 17 68 73 41 48
14 16 37 94 86 80 82
46 34 15 1 15 20 19
68 73 41 67 81 27 16
36 8 86 94 86 80 78
71 22 13 43 85 35 66
89 41 19 64 4 59 54
49 5 33 6 41 90 67
58 65 83 0 86 33 54
62 56 61 52 68 2 60
76 48 15 59 69 16 21
55 90 39 69 51 1 54
4 31 17 20 87 2 57
72 71 69 13 10 39 67
58 65 83 6 41 90 25
72 71 69 11 2 85 70
46 34 15 63 35 78 63
68 73 41 61 5 43 68
46 34 15 42 94 50 69
21 14 62 33 65 26 62
73 32 88 92 25 22 66
39 11 35 9 57 90 71
66 13 9 5 88 7 75
21 14 62 4 31 17 48
13 10 39 4 31 17 30
85 31 54 26 36 9 45
39 11 35 25 77 31 66
74 32 27 72 71 69 57
64 4 59 60 52 81 52
21 14 62 25 77 31 70
38 16 41 84 95 20 81
41 79 75 51 0 4 106
71 22 13 8 75 74 80
29 7 45 31 24 21 29
65 66 67 73 32 88 39
49 5 33 87 11 20 14
0 86 33 50 89 74 41
27 58 68 13 10 39 56
79 21 88 54 22 61 27
50 89 74 72 71 69 18
81 30 85 31 24 21 64
24 39 72 80 53 22 51
76 48 15 88 6 58 60
71 22 13 59 69 16 47
30 47 75 19 51 40 35
61 5 43 8 75 74 76
42 94 50 2 73 47 21
50 89 74 38 16 41 80
61 5 43 18 48 73 52
63 35 78 76 48 15 64
59 69 16 21 14 62 71
23 33 5 87 11 20 26
58 65 83 96 28 20 73
38 16 41 8 75 74 67
32 92 85 2 73 47 42
65 66 67 14 16 37 58
83 81 52 90 19 78 67
6 41 90 3 67 56 42
22 37 7 41 79 75 79
39 11 35 62 56 61 51
93 27 43 80 53 22 33
29 7 45 19 51 40 44
76 48 15 95 45 2 13
14 16 37 73 32 88 53
66 13 9 72 71 69 83
31 24 21 43 85 35 62
46 34 15 75 79 36 49
51 0 4 57 81 56 96
75 79 36 11 2 85 91
81 30 85 87 11 20 67
78 45 62 42 94 50 50
24 39 72 45 19 4 70
88 6 58 51 0 4 54
88 6 58 35 61 94 65
90 19 78 38 16 41 37
86 45 49 64 4 59 42
54 22 61 71 22 13 48
0 86 33 10 27 93 84
57 81 56 31 24 21 66
60 52 81 80 53 22 59
46 34 15 54 22 61 47
17 51 8 53 86 40 47
84 95 20 17 51 8 45
62 56 61 63 35 78 27
28 22 73 89 41 19 57
34 18 36 49 5 33 13
60 52 81 31 24 21 66
78 45 62 74 32 27 37
14 16 37 0 86 33 70
43 85 35 46 34 15 54
65 66 67 6 41 90 33
82 63 71 47 79 67 16
21 14 62 56 74 21 72
28 22 73 94 86 80 64
33 65 26 48 55 33 12
4 31 17 1 15 20 16
71 22 13 67 81 27 60
92 25 22 9 57 90 75
18 48 73 8 75 74 27
89 41 19 10 27 93 75
80 53 22 66 13 9 42
34 18 36 64 4 59 26
35 61 94 7 8 77 55
10 27 93 1 15 20 73
35 61 94 65 66 67 27
55 90 39 83 81 52 15
29 7 45 52 68 2 74
63 35 78 47 79 67 45
25 77 31 79 21 88 79
93 27 43 15 49 42 22
53 86 40 48 55 33 31
12 81 12 27 58 68 60
8 75 74 88 6 58 70
71 22 13 2 73 47 61
11 2 85 37 76 27 94
9 57 90 76 48 15 75
25 77 31 2 73 47 16
87 11 20 67 81 27 70
73 32 88 39 11 35 57
96 28 20 11 2 85 70
32 92 85 44 13 2 114
82 63 71 45 19 4 80
42 94 50 63 35 78 65
39 11 35 88 6 58 23
96 28 20 56 74 21 46
1 15 20 5 88 7 74
38 16 41 85 31 54 19
65 66 67 48 55 33 35
31 24 21 66 13 9 16
8 75 74 78 45 62 32
55 90 39 85 31 54 60
49 5 33 37 76 27 71
40 13 73 91 80 47 71
17 51 8 92 25 22 29
37 76 27 1 15 20 61
27 58 68 69 51 1 67
94 86 80 50 89 74 6
44 13 2 29 7 45 43
51 0 4 53 86 40 93
41 79 75 86 45 49 42
11 2 85 13 10 39 46
27 58 68 86 45 49 23
31 24 21 53 86 40 64
16 48 89 31 24 21 72
47 79 67 20 87 2 65
88 6 58 59 69 16 75
28 22 73 85 31 54 21
75 79 36 21 14 62 70
6 41 90 23 33 5 85
71 22 13 16 48 89 80
71 22 13 95 45 2 25
81 30 85 34 18 36 50
31 24 21 54 22 61 40
75 79 36 53 86 40 8
54 22 61 81 30 85 25
73 32 88 95 45 2 86
64 4 59 87 11 20 39
78 45 62 19 51 40 22
91 80 47 77 38 40 42
27 58 68 35 61 94 26
33 65 26 76 48 15 20
72 71 69 42 94 50 29
21 14 62 32 92 85 81
40 13 73 33 65 26 70
3 67 56 89 41 19 45
76 48 15 82 63 71 57
93 27 43 57 81 56 55
84 95 20 70 5 71 103
32 92 85 91 80 47 39
85 31 54 29 7 45 25
61 5 43 25 77 31 72
90 19 78 2 73 47 62
51 0 4 87 11 20 19
51 0 4 82 63 71 91
93 27 43 62 56 61 34
85 31 54 58 65 83 44
69 51 1 11 2 85 97
85 31 54 78 45 62 16
12 81 12 51 0 4 81
49 5 33 71 22 13 26
39 11 35 53 86 40 75
28 22 73 15 49 42 41
82 63 71 48 55 33 38
15 49 42 71 22 13 39
51 0 4 86 45 49 63
28 22 73 2 73 47 57
77 38 40 70 5 71 45
13 10 39 42 94 50 84
2 73 47 46 34 15 50
64 4 59 94 86 80 84
82 63 71 9 57 90 19
75 79 36 5 88 7 30
86 45 49 33 65 26 30
88 6 58 63 35 78 35
15 49 42 22 37 7 37
55 90 39 70 5 71 90
33 65 26 42 94 50 37
15 49 42 72 71 69 34
3 67 56 55 90 39 28
95 45 2 54 22 61 63
79 21 88 61 5 43 47
72 71 69 54 22 61 49
26 36 9 20 87 2 51
47 79 67 13 10 39 74
64 4 59 62 56 61 52
91 80 47 54 22 61 59
54 22 61 87 11 20 42
21 14 62 60 52 81 42
64 4 59 4 31 17 49
18 48 73 48 55 33 40
31 24 21 7 8 77 58
22 37 7 10 27 93 86
77 38 40 86 45 49 11
78 45 62 86 45 49 13
58 65 83 10 27 93 39
88 6 58 53 86 40 82
12 81 12 25 77 31 19
22 37 7 12 81 12 44
32 92 85 39 11 35 95
58 65 83 30 47 75 19
42 94 50 18 48 73 51
42 94 50 60 52 81 52
54 22 61 59 69 16 65
34 18 36 27 58 68 51
65 66 67 41 79 75 15
85 31 54 37 76 27 52
47 79 67 79 21 88 61
10 27 93 61 5 43 54
44 13 2 8 75 74 95
89 41 19 27 58 68 51
81 30 85 20 87 2 100
7 8 77 76 48 15 73
56 74 21 58 65 83 62
24 39 72 2 73 47 42
84 95 20 57 81 56 38
27 58 68 29 7 45 55
46 34 15 95 45 2 17
33 65 26 72 71 69 43
32 92 85 78 45 62 52
56 74 21 49 5 33 70
48 55 33 90 19 78 57
60 52 81 66 13 9 81
79 21 88 2 73 47 66
92 25 22 49 5 33 22
3 67 56 67 81 27 32
96 28 20 45 19 4 18
12 81 12 19 51 40 41
92 25 22 8 75 74 72
58 65 83 90 19 78 46
12 81 12 4 31 17 50
65 66 67 49 5 33 69
92 25 22 1 15 20 10
30 47 75 60 52 81 7
58 65 83 83 81 52 34
11 2 85 89 41 19 76
53 86 40 66 13 9 79
75 79 36 56 74 21 15
25 77 31 5 88 7 26
93 27 43 14 16 37 12
62 56 61 31 24 21 51
4 31 17 40 13 73 58
49 5 33 32 92 85 101
74 32 27 21 14 62 39
29 7 45 70 5 71 26
8 75 74 36 8 86 68
72 71 69 81 30 85 44
93 27 43 8 75 74 57
10 27 93 6 41 90 14
2 73 47 8 75 74 27
41 79 75 7 8 77 71
15 49 42 44 13 2 53
29 7 45 81 30 85 46
34 18 36 9 57 90 66
0 86 33 41 79 75 42
45 19 4 19 51 40 48
16 48 89 13 10 39 62
79 21 88 8 75 74 55
17 51 8 63 35 78 71
1 15 20 30 47 75 63
59 69 16 7 8 77 86
9 57 90 54 22 61 45
82 63 71 36 8 86 57
77 38 40 1 15 20 30
0 86 33 73 32 88 77
68 73 41 27 58 68 30
87 11 20 32 92 85 103
73 32 88 48 55 33 59
21 14 62 47 79 67 65
57 81 56 45 19 4 80
47 79 67 35 61 94 32
78 45 62 58 65 83 29
87 11 20 85 31 54 39
55 90 39 80 53 22 40
85 31 54 0 86 33 58
38 16 41 48 55 33 39
37 76 27 94 86 80 53
66 13 9 7 8 77 68
11 2 85 65 66 67 66
60 52 81 17 51 8 73
24 39 72 11 2 85 39
27 58 68 20 87 2 72
30 47 75 33 65 26 52
37 76 27 31 24 21 52
66 13 9 92 25 22 17
25 77 31 89 41 19 37
90 19 78 16 48 89 31
76 48 15 74 32 27 20
18 48 73 59 69 16 60
56 74 21 31 24 21 50
51 0 4 70 5 71 67
38 16 41 13 10 39 6
51 0 4 14 16 37 36
0 86 33 77 38 40 48
61 5 43 64 4 59 16
75 79 36 84 95 20 22
95 45 2 2 73 47 53
90 19 78 76 48 15 69
74 32 27 1 15 20 18
40 13 73 73 32 88 24
32 92 85 88 6 58 90
16 48 89 72 71 69 30
18 48 73 69 51 1 72
33 65 26 25 77 31 13
45 19 4 74 32 27 26
8 75 74 56 74 21 53
64 4 59 44 13 2 57
52 68 2 86 45 49 52
27 58 68 45 19 4 74
9 57 90 44 13 2 98
38 16 41 11 2 85 46
14 16 37 31 24 21 17
7 8 77 0 86 33 89
30 47 75 88 6 58 44
56 74 21 42 94 50 35
23 33 5 85 31 54 49
47 79 67 80 53 22 51
53 86 40 87 11 20 77
12 81 12 44 13 2 68
85 31 54 16 48 89 38
79 21 88 4 31 17 71
73 32 88 52 68 2 93
31 24 21 13 10 39 22
38 16 41 10 27 93 53
86 45 49 84 95 20 57
85 31 54 49 5 33 33
20 87 2 74 32 27 60
29 7 45 53 86 40 79
27 58 68 40 13 73 45
12 81 12 63 35 78 80
80 53 22 18 48 73 51
91 80 47 60 52 81 44
79 21 88 16 48 89 27
74 32 27 2 73 47 45
71 22 13 46 34 15 12
47 79 67 33 65 26 43
30 47 75 56 74 21 60
60 52 81 23 33 5 78
93 27 43 63 35 78 35
56 74 21 1 15 20 59
41 79 75 66 13 9 93
86 45 49 36 8 86 52
17 51 8 19 51 40 32
6 41 90 16 48 89 7
38 16 41 4 31 17 28
78 45 62 3 67 56 22
57 81 56 23 33 5 70
44 13 2 41 79 75 98
64 4 59 12 81 12 90
55 90 39 71 22 13 72
48 55 33 11 2 85 74
12 81 12 57 81 56 44
31 24 21 33 65 26 41
45 19 4 20 87 2 68
86 45 49 48 55 33 18
68 73 41 34 18 36 55
22 37 7 27 58 68 64
96 28 20 8 75 74 71
52 68 2 78 45 62 64
69 51 1 70 5 71 83
83 81 52 88 6 58 75
93 27 43 71 22 13 30
55 90 39 36 8 86 94
2 73 47 65 66 67 21
18 48 73 28 22 73 26
57 81 56 25 77 31 25
93 27 43 88 6 58 25
0 86 33 21 14 62 77
49 5 33 70 5 71 38
30 47 75 36 8 86 40
91 80 47 78 45 62 38
34 18 36 36 8 86 50
73 32 88 53 86 40 72
20 87 2 84 95 20 19
11 2 85 3 67 56 71
65 66 67 38 16 41 56
66 13 9 17 51 8 38
25 77 31 71 22 13 57
40 13 73 59 69 16 79
0 86 33 45 19 4 73
7 8 77 67 81 27 88
95 45 2 28 22 73 74
23 33 5 94 86 80 91
73 32 88 33 65 26 70
29 7 45 90 19 78 35
16 48 89 18 48 73 16
95 45 2 33 65 26 31
1 15 20 11 2 85 66
70 5 71 83 81 52 78
22 37 7 55 90 39 61
17 51 8 43 85 35 43
49 5 33 69 51 1 56
1 15 20 40 13 73 53
16 48 89 20 87 2 95
43 85 35 26 36 9 55
96 28 20 60 52 81 65
63 35 78 69 51 1 78
91 80 47 23 33 5 63
89 41 19 18 48 73 54
7 8 77 33 65 26 76
89 41 19 59 69 16 28
88 6 58 33 65 26 67
55 90 39 48 55 33 35
38 16 41 93 27 43 11
67 81 27 46 34 15 48
15 49 42 12 81 12 43
58 65 83 95 45 2 83
59 69 16 28 22 73 73
4 31 17 29 7 45 36
14 16 37 25 77 31 61
77 38 40 45 19 4 40
48 55 33 88 6 58 55
76 48 15 22 37 7 13
51 0 4 43 85 35 90
19 51 40 73 32 88 51
65 66 67 27 58 68 8
94 86 80 19 51 40 53
81 30 85 94 86 80 56
67 81 27 8 75 74 47
47 79 67 32 92 85 22
29 7 45 58 65 83 69
24 39 72 91 80 47 48
46 34 15 4 31 17 3
65 66 67 53 86 40 33
74 32 27 30 47 75 50
36 8 86 40 13 73 13
81 30 85 27 58 68 32
55 90 39 50 89 74 35
56 74 21 22 37 7 39
35 61 94 94 86 80 28
56 74 21 36 8 86 92
83 81 52 16 48 89 49
6 41 90 4 31 17 73
5 88 7 9 57 90 88
66 13 9 4 31 17 19
22 37 7 70 5 71 71
3 67 56 51 0 4 84
65 66 67 55 90 39 36
66 13 9 13 10 39 30
35 61 94 14 16 37 72
83 81 52 36 8 86 80
95 45 2 35 61 94 93
3 67 56 34 18 36 52
8 75 74 77 38 40 50
86 45 49 12 81 12 51
49 5 33 2 73 47 69
81 30 85 83 81 52 60
22 37 7 83 81 52 62
35 61 94 18 48 73 24
93 27 43 61 5 43 22
35 61 94 71 22 13 89
4 31 17 8 75 74 72
87 11 20 76 48 15 37
42 94 50 49 5 33 90
52 68 2 22 37 7 31
55 90 39 59 69 16 31
7 8 77 26 36 9 73
31 24 21 50 89 74 83
7 8 77 75 79 36 81
27 58 68 33 65 26 42
31 24 21 11 2 85 67
82 63 71 15 49 42 32
74 32 27 61 5 43 31
92 25 22 54 22 61 39
25 77 31 65 66 67 37
70 5 71 15 49 42 52
9 57 90 28 22 73 38
61 5 43 31 24 21 29
27 58 68 88 6 58 52
50 89 74 62 56 61 35
83 81 52 76 48 15 49
40 13 73 76 48 15 67
56 74 21 64 4 59 79
5 88 7 7 8 77 106
4 31 17 54 22 61 44
86 45 49 72 71 69 32
96 28 20 61 5 43 32
62 56 61 49 5 33 58
68 73 41 90 19 78 65
58 65 83 32 92 85 27
3 67 56 93 27 43 42
82 63 71 89 41 19 56
5 88 7 40 13 73 99
36 8 86 48 55 33 70
11 2 85 16 48 89 46
88 6 58 37 76 27 76
29 7 45 8 75 74 73
70 5 71 95 45 2 79
50 89 74 78 45 62 45
26 36 9 78 45 62 53
63 35 78 56 74 21 69
33 65 26 0 86 33 22
75 79 36 31 24 21 57
42 94 50 41 79 75 29
55 90 39 26 36 9 61
82 63 71 41 79 75 16
19 51 40 8 75 74 41
50 89 74 93 27 43 69
4 31 17 59 69 16 38
76 48 15 30 47 75 60
70 5 71 16 48 89 46
46 34 15 23 33 5 10
85 31 54 1 15 20 37
63 35 78 3 67 56 38
73 32 88 29 7 45 49
11 2 85 78 45 62 48
49 5 33 41 79 75 85
87 11 20 16 48 89 78
18 48 73 2 73 47 36
36 8 86 17 51 8 89
52 68 2 24 39 72 75
54 22 61 76 48 15 52
35 61 94 12 81 12 84
8 75 74 80 53 22 56
63 35 78 20 87 2 92
30 47 75 4 31 17 60
33 65 26 15 49 42 22
26 36 9 70 5 71 69
67 81 27 62 56 61 42
51 0 4 1 15 20 21
28 22 73 73 32 88 18
24 39 72 71 22 13 61
74 32 27 82 63 71 53
41 79 75 50 89 74 10
80 53 22 63 35 78 58
74 32 27 77 38 40 14
88 6 58 7 8 77 19
7 8 77 69 51 1 87
90 19 78 62 56 61 40
18 48 73 1 15 20 62
57 81 56 16 48 89 46
10 27 93 78 45 62 35
50 89 74 81 30 85 60
13 10 39 90 19 78 40
80 53 22 20 87 2 39
41 79 75 5 88 7 68
54 22 61 69 51 1 66
14 16 37 10 27 93 57
85 31 54 34 18 36 22
25 77 31 38 16 41 61
86 45 49 54 22 61 25
92 25 22 5 88 7 64
7 8 77 1 15 20 57
26 36 9 75 79 36 50
93 27 43 21 14 62 23
5 88 7 23 33 5 55
77 38 40 71 22 13 31
65 66 67 56 74 21 46
57 81 56 63 35 78 50
21 14 62 89 41 19 50
76 48 15 96 28 20 20
55 90 39 49 5 33 85
84 95 20 74 32 27 63
28 22 73 91 80 47 63
35 61 94 87 11 20 89
9 57 90 12 81 12 81
83 81 52 18 48 73 39
66 13 9 28 22 73 64
72 71 69 46 34 15 65
86 45 49 89 41 19 30
83 81 52 49 5 33 78
17 51 8 45 19 4 32
63 35 78 18 48 73 13
69 51 1 46 34 15 22
2 73 47 69 51 1 50
30 47 75 59 69 16 62
5 88 7 39 11 35 81
29 7 45 34 18 36 14
20 87 2 8 75 74 72
30 47 75 84 95 20 73
13 10 39 57 81 56 73
62 56 61 86 45 49 16
86 45 49 15 49 42 8
73 32 88 94 86 80 54
85 31 54 94 86 80 60
27 58 68 4 31 17 57
19 51 40 72 71 69 35
70 5 71 66 13 9 62
57 81 56 42 94 50 14
34 18 36 66 13 9 27
21 14 62 73 32 88 31
30 47 75 63 35 78 12
49 5 33 51 0 4 29
74 32 27 67 81 27 49
69 51 1 67 81 27 39
21 14 62 58 65 83 55
72 71 69 57 81 56 16
3 67 56 82 63 71 15
24 39 72 9 57 90 25
41 79 75 30 47 75 32
46 34 15 35 61 94 83
92 25 22 45 19 4 18
67 81 27 59 69 16 16
1 15 20 12 81 12 66
64 4 59 3 67 56 63
60 52 81 15 49 42 39
94 86 80 58 65 83 21
88 6 58 84 95 20 96
23 33 5 56 74 21 44
28 22 73 65 66 67 44
47 79 67 48 55 33 41
21 14 62 28 22 73 13
90 19 78 69 51 1 83
18 48 73 34 18 36 47
29 7 45 82 63 71 61
85 31 54 36 8 86 39
6 41 90 40 13 73 32
40 13 73 12 81 12 91
9 57 90 52 68 2 88
34 18 36 46 34 15 26
86 45 49 70 5 71 45
68 73 41 65 66 67 26
29 7 45 66 13 9 36
80 53 22 15 49 42 20
17 51 8 71 22 13 29
45 19 4 38 16 41 37
0 86 33 64 4 59 86
81 30 85 25 77 31 71
60 52 81 67 81 27 61
57 81 56 6 41 90 52
27 58 68 17 51 8 60
77 38 40 56 74 21 40
83 81 52 5 88 7 45
72 71 69 7 8 77 63
89 41 19 88 6 58 52
71 22 13 41 79 75 84
82 63 71 13 10 39 61
56 74 21 54 22 61 65
41 79 75 53 86 40 35
9 57 90 59 69 16 74
40 13 73 3 67 56 56
78 45 62 84 95 20 65
90 19 78 57 81 56 65
49 5 33 3 67 56 66
59 69 16 64 4 59 77
54 22 61 42 94 50 72
54 22 61 96 28 20 41
47 79 67 53 86 40 27
24 39 72 61 5 43 44
51 0 4 28 22 73 72
16 48 89 32 92 85 44
83 81 52 78 45 62 37
53 86 40 35 61 94 59
36 8 86 72 71 69 65
53 86 40 12 81 12 28
76 48 15 89 41 19 8
6 41 90 79 21 88 20
56 74 21 6 41 90 76
60 52 81 43 85 35 56
66 13 9 33 65 26 54
31 24 21 9 57 90 76
34 18 36 17 51 8 43
5 88 7 84 95 20 14
60 52 81 72 71 69 22
81 30 85 0 86 33 76
40 13 73 32 92 85 79
53 86 40 60 52 81 53
91 80 47 48 55 33 28
73 32 88 78 45 62 29
82 63 71 92 25 22 62
71 22 13 40 13 73 60
26 36 9 33 65 26 33
47 79 67 64 4 59 75
81 30 85 2 73 47 57
69 51 1 65 66 67 67
5 88 7 54 22 61 85
58 65 83 9 57 90 10
60 52 81 92 25 22 64
0 86 33 90 19 78 80
27 58 68 63 35 78 25
31 24 21 40 13 73 53
6 41 90 80 53 22 69
61 5 43 5 88 7 90
13 10 39 96 28 20 26
36 8 86 41 79 75 71
59 69 16 74 32 27 38
53 86 40 38 16 41 70
19 51 40 6 41 90 50
93 27 43 18 48 73 36
17 51 8 75 79 36 39
23 33 5 47 79 67 77
78 45 62 70 5 71 41
33 65 26 14 16 37 50
84 95 20 66 13 9 82
0 86 33 36 8 86 94
66 13 9 26 36 9 23
23 33 5 95 45 2 12
15 49 42 9 57 90 48
30 47 75 24 39 72 8
52 68 2 70 5 71 93
52 68 2 38 16 41 65
71 22 13 52 68 2 47
59 69 16 85 31 54 53
5 88 7 90 19 78 99
1 15 20 25 77 31 62
39 11 35 7 8 77 42
66 13 9 46 34 15 21
10 27 93 63 35 78 17
65 66 67 40 13 73 53
3 67 56 4 31 17 53
70 5 71 71 22 13 60
2 73 47 38 16 41 57
60 52 81 76 48 15 66
19 51 40 13 10 39 41
78 45 62 54 22 61 23
27 58 68 73 32 88 32
12 81 12 91 80 47 35
61 5 43 49 5 33 10
66 13 9 12 81 12 68
94 86 80 53 86 40 40
84 95 20 24 39 72 76
51 0 4 6 41 90 95
60 52 81 19 51 40 41
0 86 33 34 18 36 68
69 51 1 8 75 74 76
44 13 2 42 94 50 94
45 19 4 91 80 47 74
73 32 88 54 22 61 28
61 5 43 72 71 69 70
55 90 39 35 61 94 62
32 92 85 93 27 43 77
15 49 42 6 41 90 48
72 71 69 49 5 33 75
64 4 59 70 5 71 12
77 38 40 67 81 27 44
69 51 1 22 37 7 15
5 88 7 31 24 21 65
16 48 89 36 8 86 40
70 5 71 24 39 72 34
85 31 54 73 32 88 34
4 31 17 9 57 90 77
5 88 7 68 73 41 37
91 80 47 11 2 85 86
83 81 52 42 94 50 13
31 24 21 83 81 52 64
64 4 59 78 45 62 41
38 16 41 92 25 22 21
51 0 4 21 14 62 59
13 10 39 78 45 62 41
69 51 1 86 45 49 48
1 15 20 87 11 20 4
51 0 4 19 51 40 62
72 71 69 5 88 7 64
75 79 36 86 45 49 36
34 18 36 19 51 40 33
35 61 94 10 27 93 34
60 52 81 37 76 27 59
30 47 75 67 81 27 58
76 48 15 75 79 36 37
32 92 85 86 45 49 59
88 6 58 68 73 41 69
67 81 27 34 18 36 63
14 16 37 44 13 2 35
85 31 54 2 73 47 42
32 92 85 63 35 78 57
41 79 75 27 58 68 22
22 37 7 39 11 35 38
41 79 75 88 6 58 74
30 47 75 48 55 33 42
72 71 69 88 6 58 65
41 79 75 56 74 21 54
41 79 75 62 56 61 26
84 95 20 11 2 85 113
2 73 47 87 11 20 67
46 34 15 80 53 22 20
86 45 49 88 6 58 40
26 36 9 16 48 89 80
4 31 17 95 45 2 20
36 8 86 58 65 83 57
5 88 7 86 45 49 60
21 14 62 94 86 80 74
64 4 59 38 16 41 21
92 25 22 76 48 15 24
58 65 83 7 8 77 57
75 79 36 34 18 36 61
41 79 75 89 41 19 67
26 36 9 91 80 47 58
53 86 40 3 67 56 24
84 95 20 93 27 43 71
91 80 47 62 56 61 27
17 51 8 9 57 90 82
74 32 27 66 13 9 26
90 19 78 17 51 8 76
41 79 75 38 16 41 71
48 55 33 64 4 59 57
16 48 89 23 33 5 85
80 53 22 49 5 33 49
64 4 59 84 95 20 99
86 45 49 91 80 47 35
83 81 52 92 25 22 63
14 16 37 3 67 56 54
90 19 78 44 13 2 76
28 22 73 80 53 22 59
51 0 4 33 65 26 68
87 11 20 18 48 73 64
34 18 36 6 41 90 58
6 41 90 74 32 27 63
51 0 4 10 27 93 93
69 51 1 32 92 85 93
35 61 94 62 56 61 33
71 22 13 7 8 77 65
39 11 35 85 31 54 27
11 2 85 51 0 4 81
60 52 81 77 38 40 43
32 92 85 1 15 20 100
27 58 68 10 27 93 39
55 90 39 45 19 4 79
83 81 52 94 86 80 28
60 52 81 95 45 2 79
45 19 4 90 19 78 74
43 85 35 92 25 22 61
3 67 56 90 19 78 52
49 5 33 10 27 93 63
35 61 94 24 39 72 31
43 85 35 74 32 27 53
81 30 85 56 74 21 77
67 81 27 24 39 72 61
43 85 35 90 19 78 78
79 21 88 68 73 41 70
15 49 42 41 79 75 44
79 21 88 64 4 59 33
32 92 85 76 48 15 82
41 79 75 17 51 8 72
16 48 89 96 28 20 71
59 69 16 77 38 40 39
57 81 56 49 5 33 79
88 6 58 13 10 39 19
80 53 22 65 66 67 46
44 13 2 19 51 40 53
0 86 33 59 69 16 24
24 39 72 93 27 43 31
66 13 9 75 79 36 71
0 86 33 2 73 47 19
89 41 19 66 13 9 29
57 81 56 56 74 21 35
45 19 4 36 8 86 82
67 81 27 63 35 78 68
7 8 77 61 5 43 34
1 15 20 26 36 9 23
68 73 41 52 68 2 39
16 48 89 56 74 21 72
19 51 40 11 2 85 66
44 13 2 56 74 21 63
9 57 90 83 81 52 44
5 88 7 79 21 88 105
34 18 36 5 88 7 75
85 31 54 43 85 35 57
21 14 62 65 66 67 52
93 27 43 41 79 75 61
6 41 90 25 77 31 69
45 19 4 22 37 7 18
27 58 68 66 13 9 74
29 7 45 83 81 52 74
94 86 80 90 19 78 67
58 65 83 18 48 73 19
80 53 22 68 73 41 27
31 24 21 55 90 39 68
46 34 15 11 2 85 76
95 45 2 64 4 59 70
42 94 50 61 5 43 89
90 19 78 52 68 2 90
55 90 39 66 13 9 82
57 81 56 54 22 61 59
8 75 74 31 24 21 73
13 10 39 79 21 88 50
25 77 31 36 8 86 88
35 61 94 21 14 62 56
23 33 5 32 92 85 99
36 8 86 35 61 94 53
24 39 72 44 13 2 74
48 55 33 32 92 85 63
15 49 42 81 30 85 47
56 74 21 15 49 42 32
29 7 45 13 10 39 6
17 51 8 74 32 27 26
80 53 22 79 21 88 73
74 32 27 16 48 89 64
85 31 54 4 31 17 37
59 69 16 37 76 27 13
17 51 8 29 7 45 57
0 86 33 44 13 2 79
18 48 73 7 8 77 40
21 14 62 41 79 75 66
84 95 20 69 51 1 47
7 8 77 83 81 52 77
55 90 39 61 5 43 85
52 68 2 63 35 78 82
80 53 22 27 58 68 46
73 32 88 24 39 72 17
55 90 39 68 73 41 17
47 79 67 26 36 9 72
85 31 54 19 51 40 24
40 13 73 8 75 74 62
12 81 12 34 18 36 67
89 41 19 46 34 15 8
78 45 62 53 86 40 46
35 61 94 20 87 2 95
11 2 85 81 30 85 28
96 28 20 0 86 33 59
84 95 20 35 61 94 81
68 73 41 19 51 40 22
45 19 4 95 45 2 26
91 80 47 82 63 71 29
48 55 33 59 69 16 22
90 19 78 46 34 15 64
33 65 26 43 85 35 21
84 95 20 1 15 20 80
85 31 54 54 22 61 11
50 89 74 54 22 61 68
7 8 77 68 73 41 74
95 45 2 48 55 33 32
58 65 83 25 77 31 53
88 6 58 21 14 62 8
87 11 20 29 7 45 25
8 75 74 58 65 83 13
91 80 47 0 86 33 15
11 2 85 62 56 61 59
50 89 74 56 74 21 55
71 22 13 6 41 90 79
2 73 47 44 13 2 75
35 61 94 1 15 20 87
89 41 19 75 79 36 41
38 16 41 87 11 20 21
29 7 45 79 21 88 45
85 31 54 88 6 58 25
71 22 13 47 79 67 78
78 45 62 38 16 41 35
93 27 43 6 41 90 49
89 41 19 4 31 17 10
6 41 90 1 15 20 74
70 5 71 17 51 8 78
34 18 36 31 24 21 16
0 86 33 76 48 15 42
84 95 20 65 66 67 55
8 75 74 52 68 2 72
10 27 93 13 10 39 56
90 19 78 86 45 49 38
13 10 39 9 57 90 69
60 52 81 39 11 35 61
5 88 7 0 86 33 26
11 2 85 74 32 27 65
43 85 35 80 53 22 34
75 79 36 79 21 88 77
23 33 5 27 58 68 67
56 74 21 74 32 27 42
40 13 73 39 11 35 38
62 56 61 27 58 68 7
20 87 2 49 5 33 87
4 31 17 53 86 40 59
40 13 73 45 19 4 69
96 28 20 9 57 90 75
58 65 83 60 52 81 13
6 41 90 38 16 41 55
15 49 42 69 51 1 41
6 41 90 26 36 9 81
66 13 9 21 14 62 53
12 81 12 71 22 13 59
11 2 85 71 22 13 74
95 45 2 61 5 43 57
34 18 36 91 80 47 62
0 86 33 65 66 67 39
10 27 93 9 57 90 30
60 52 81 74 32 27 57
38 16 41 37 76 27 61
72 71 69 84 95 20 54
15 49 42 30 47 75 33
66 13 9 11 2 85 76
28 22 73 29 7 45 31
82 63 71 95 45 2 71
8 75 74 43 85 35 40
8 75 74 60 52 81 24
41 79 75 85 31 54 52
58 65 83 46 34 15 74
75 79 36 0 86 33 7
22 37 7 0 86 33 55
75 79 36 29 7 45 72
16 48 89 10 27 93 21
76 48 15 17 51 8 7
18 48 73 12 81 12 69
30 47 75 82 63 71 16
23 33 5 72 71 69 74
66 13 9 79 21 88 79
15 49 42 31 24 21 32
73 32 88 45 19 4 85
42 94 50 34 18 36 77
13 10 39 54 22 61 25
28 22 73 38 16 41 32
96 28 20 55 90 39 64
93 27 43 58 65 83 55
50 89 74 64 4 59 86
59 69 16 12 81 12 12
20 87 2 89 41 19 49
8 75 74 42 94 50 30
83 81 52 37 76 27 25
7 8 77 47 79 67 71
25 77 31 66 13 9 67
2 73 47 47 79 67 20
64 4 59 82 63 71 60
10 27 93 15 49 42 55
9 57 90 22 37 7 85
54 22 61 39 11 35 28
95 45 2 75 79 36 48
37 76 27 51 0 4 79
33 65 26 10 27 93 77
7 8 77 57 81 56 75
14 16 37 34 18 36 2
79 21 88 86 45 49 45
67 81 27 12 81 12 15
85 31 54 76 48 15 42
25 77 31 59 69 16 17
95 45 2 9 57 90 88
88 6 58 10 27 93 40
81 30 85 33 65 26 68
39 11 35 27 58 68 57
20 87 2 50 89 74 72
76 48 15 80 53 22 8
18 48 73 62 56 61 14
51 0 4 23 33 5 33
76 48 15 71 22 13 26
53 86 40 9 57 90 57
16 48 89 37 76 27 68
41 79 75 39 11 35 78
85 31 54 44 13 2 55
36 8 86 96 28 20 68
55 90 39 40 13 73 84
11 2 85 26 36 9 83
49 5 33 45 19 4 32
87 11 20 15 49 42 43
45 19 4 60 52 81 83
51 0 4 47 79 67 101
1 15 20 44 13 2 18
31 24 21 74 32 27 10
12 81 12 85 31 54 65
72 71 69 8 75 74 6
28 22 73 93 27 43 30
83 81 52 62 56 61 26
42 94 50 75 79 36 20
42 94 50 95 45 2 68
30 47 75 65 66 67 20
82 63 71 66 13 9 79
74 32 27 91 80 47 52
31 24 21 94 86 80 85
20 87 2 41 79 75 73
26 36 9 28 22 73 65
43 85 35 72 71 69 36
90 19 78 82 63 71 44
57 81 56 20 87 2 54
21 14 62 39 11 35 27
96 28 20 38 16 41 24
68 73 41 62 56 61 26
95 45 2 18 48 73 71
1 15 20 8 75 74 80
16 48 89 62 56 61 29
10 27 93 62 56 61 43
76 48 15 12 81 12 33
8 75 74 5 88 7 68
6 41 90 60 52 81 14
51 0 4 64 4 59 55
24 39 72 20 87 2 84
10 27 93 67 81 27 85
36 8 86 90 19 78 13
95 45 2 79 21 88 89
24 39 72 14 16 37 41
6 41 90 37 76 27 72
8 75 74 23 33 5 80
92 25 22 32 92 85 91
70 5 71 96 28 20 55
45 19 4 44 13 2 6
81 30 85 43 85 35 74
9 57 90 64 4 59 61
3 67 56 69 51 1 57
69 51 1 85 31 54 56
1 15 20 75 79 36 65
63 35 78 25 77 31 63
57 81 56 86 45 49 36
41 79 75 92 25 22 75
81 30 85 3 67 56 47
45 19 4 69 51 1 32
19 51 40 52 68 2 41
95 45 2 86 45 49 47
71 22 13 42 94 50 80
65 66 67 47 79 67 13
80 53 22 29 7 45 51
26 36 9 5 88 7 52
24 39 72 78 45 62 11
75 79 36 37 76 27 9
25 77 31 51 0 4 81
83 81 52 32 92 85 34
19 51 40 87 11 20 44
92 25 22 7 8 77 57
70 5 71 76 48 15 70
32 92 85 54 22 61 74
24 39 72 41 79 75 40
7 8 77 82 63 71 55
69 51 1 74 32 27 32
48 55 33 67 81 27 26
33 65 26 44 13 2 57
53 86 40 43 85 35 5
39 11 35 72 71 69 68
77 38 40 73 32 88 48
65 66 67 79 21 88 49
82 63 71 2 73 47 26
3 67 56 37 76 27 30
6 41 90 52 68 2 92
21 14 62 68 73 41 62
14 16 37 13 10 39 6
86 45 49 6 41 90 41
6 41 90 85 31 54 37
65 66 67 81 30 85 40
40 13 73 56 74 21 80
60 52 81 13 10 39 59
81 30 85 47 79 67 52
82 63 71 8 75 74 12
29 7 45 35 61 94 72
37 76 27 18 48 73 53
21 14 62 36 8 86 24
63 35 78 89 41 19 59
92 25 22 55 90 39 67
53 86 40 68 73 41 13
64 4 59 29 7 45 14
7 8 77 52 68 2 96
3 67 56 84 95 20 45
85 31 54 8 75 74 48
5 88 7 47 79 67 60
83 81 52 30 47 75 41
70 5 71 10 27 93 31
52 68 2 12 81 12 16
27 58 68 7 8 77 50
45 19 4 84 95 20 77
60 52 81 61 5 43 60
60 52 81 81 30 85 22
54 22 61 17 51 8 60
94 86 80 86 45 49 51
6 41 90 88 6 58 47
82 63 71 22 37 7 69
2 73 47 4 31 17 51
96 28 20 89 41 19 13
9 57 90 86 45 49 42
30 47 75 85 31 54 26
8 75 74 59 69 16 58
87 11 20 21 14 62 42
0 86 33 19 51 40 35
80 53 22 37 76 27 23
72 71 69 76 48 15 58
15 49 42 38 16 41 33
82 63 71 23 33 5 72
84 95 20 6 41 90 88
47 79 67 94 86 80 14
77 38 40 62 56 61 27
56 74 21 94 86 80 60
41 79 75 6 41 90 40
69 51 1 33 65 26 28
30 47 75 51 0 4 85
30 47 75 52 68 2 75
58 65 83 47 79 67 21
33 65 26 49 5 33 60
86 45 49 85 31 54 14
29 7 45 95 45 2 57
72 71 69 4 31 17 65
89 41 19 65 66 67 54
74 32 27 58 65 83 65
78 45 62 29 7 45 41
61 5 43 16 48 89 62
2 73 47 3 67 56 10
24 39 72 90 19 78 20
59 69 16 80 53 22 17
58 65 83 31 24 21 74
37 76 27 10 27 93 82
29 7 45 18 48 73 49
23 33 5 3 67 56 61
24 39 72 8 75 74 36
43 85 35 38 16 41 69
78 45 62 2 73 47 31
43 85 35 86 45 49 42
63 35 78 14 16 37 45
85 31 54 60 52 81 34
17 51 8 57 81 56 56
22 37 7 3 67 56 57
77 38 40 27 58 68 34
86 45 49 8 75 74 39
74 32 27 89 41 19 12
45 19 4 14 16 37 33
96 28 20 3 67 56 53
13 10 39 7 8 77 38
32 92 85 0 86 33 52
42 94 50 25 77 31 25
83 81 52 39 11 35 72
81 30 85 10 27 93 8
71 22 13 64 4 59 49
40 13 73 72 71 69 58
38 16 41 89 41 19 33
37 76 27 67 81 27 5
54 22 61 77 38 40 26
81 30 85 8 75 74 46
38 16 41 74 32 27 21
61 5 43 94 86 80 89
50 89 74 16 48 89 43
89 41 19 15 49 42 24
28 22 73 5 88 7 93
43 85 35 16 48 89 65
68 73 41 16 48 89 54
19 51 40 33 65 26 19
96 28 20 64 4 59 45
2 73 47 31 24 21 55
11 2 85 2 73 47 80
82 63 71 54 22 61 42
80 53 22 95 45 2 21
34 18 36 73 32 88 53
68 73 41 44 13 2 71
88 6 58 0 86 33 83
79 21 88 87 11 20 68
61 5 43 67 81 27 77
28 22 73 83 81 52 62
49 5 33 68 73 41 68
80 53 22 40 13 73 64
50 89 74 36 8 86 81
72 71 69 17 51 8 64
32 92 85 52 68 2 86
17 51 8 4 31 17 21
91 80 47 81 30 85 62
82 63 71 96 28 20 61
79 21 88 69 51 1 92
83 81 52 65 66 67 21
57 81 56 64 4 59 77
7 8 77 60 52 81 44
56 74 21 90 19 78 79
76 48 15 57 81 56 52
33 65 26 20 87 2 32
51 0 4 8 75 74 102
39 11 35 31 24 21 19
65 66 67 62 56 61 11
72 71 69 48 55 33 39
32 92 85 77 38 40 70
1 15 20 60 52 81 71
18 48 73 75 79 36 48
0 86 33 54 22 61 69
49 5 33 66 13 9 25
43 85 35 6 41 90 70
53 86 40 90 19 78 77
89 41 19 16 48 89 70
91 80 47 63 35 78 54
70 5 71 93 27 43 35
88 6 58 65 66 67 60
46 34 15 82 63 71 63
35 61 94 39 11 35 77
79 21 88 34 18 36 52
50 89 74 51 0 4 113
18 48 73 15 49 42 31
64 4 59 35 61 94 66
40 13 73 53 86 40 80
14 16 37 16 48 89 61
27 58 68 67 81 27 47
6 41 90 45 19 4 88
42 94 50 65 66 67 32
66 13 9 96 28 20 18
71 22 13 48 55 33 38
4 31 17 47 79 67 69
14 16 37 75 79 36 63
65 66 67 58 65 83 16
74 32 27 53 86 40 55
1 15 20 86 45 49 41
68 73 41 39 11 35 62
42 94 50 79 21 88 82
3 67 56 45 19 4 70
45 19 4 41 79 75 92
28 22 73 35 61 94 44
81 30 85 77 38 40 45
4 31 17 58 65 83 74
10 27 93 55 90 39 82
19 51 40 35 61 94 54
1 15 20 2 73 47 63
68 73 41 85 31 54 43
71 22 13 91 80 47 67
28 22 73 67 81 27 74
44 13 2 21 14 62 60
22 37 7 47 79 67 73
55 90 39 5 88 7 32
40 13 73 60 52 81 39
32 92 85 50 89 74 11
50 89 74 95 45 2 84
32 92 85 12 81 12 73
7 8 77 62 56 61 50
12 81 12 96 28 20 53
90 19 78 6 41 90 25
66 13 9 48 55 33 48
94 86 80 13 10 39 86
89 41 19 34 18 36 28
5 88 7 73 32 88 98
5 88 7 44 13 2 75
90 19 78 61 5 43 37
73 32 88 37 76 27 75
12 81 12 38 16 41 71
50 89 74 11 2 85 87
50 89 74 47 79 67 12
62 56 61 8 75 74 23
53 86 40 42 94 50 12
39 11 35 45 19 4 32
20 87 2 86 45 49 63
59 69 16 47 79 67 51
77 38 40 72 71 69 43
52 68 2 55 90 39 43
70 5 71 35 61 94 60
13 10 39 48 55 33 45
42 94 50 77 38 40 56
50 89 74 65 66 67 24
71 22 13 32 92 85 100
34 18 36 44 13 2 34
20 87 2 21 14 62 94
48 55 33 93 27 43 29
23 33 5 63 35 78 73
51 0 4 48 55 33 62
74 32 27 32 92 85 83
24 39 72 59 69 16 63
79 21 88 53 86 40 80
59 69 16 35 61 94 78
68 73 41 84 95 20 30
33 65 26 64 4 59 69
23 33 5 44 13 2 20
69 51 1 16 48 89 88
33 65 26 6 41 90 68
93 27 43 27 58 68 39
21 14 62 23 33 5 60
65 66 67 94 86 80 23
44 13 2 75 79 36 74
71 22 13 29 7 45 35
70 5 71 33 65 26 75
93 27 43 5 88 7 70
66 13 9 6 41 90 85
86 45 49 18 48 73 24
19 51 40 1 15 20 41
11 2 85 63 35 78 33
3 67 56 5 88 7 53
69 51 1 5 88 7 37
9 57 90 48 55 33 57
51 0 4 2 73 47 84
52 68 2 66 13 9 55
16 48 89 34 18 36 60
48 55 33 68 73 41 19
73 32 88 6 41 90 9
60 52 81 62 56 61 20
64 4 59 53 86 40 84
15 49 42 75 79 36 30
66 13 9 77 38 40 39
36 8 86 57 81 56 78
60 52 81 59 69 16 67
95 45 2 85 31 54 53
66 13 9 2 73 47 71
96 28 20 4 31 17 4
15 49 42 37 76 27 30
92 25 22 35 61 94 80
40 13 73 25 77 31 76
20 87 2 22 37 7 50
34 18 36 59 69 16 54
19 51 40 69 51 1 39
82 63 71 1 15 20 70
10 27 93 77 38 40 54
11 2 85 10 27 93 26
0 86 33 11 2 85 98
62 56 61 72 71 69 17
23 33 5 40 13 73 70
0 86 33 80 53 22 34
18 48 73 43 85 35 53
10 27 93 31 24 21 72
7 8 77 10 27 93 24
88 6 58 94 86 80 82
32 92 85 60 52 81 40
43 85 35 48 55 33 30
20 87 2 53 86 40 38
78 45 62 18 48 73 11
78 45 62 51 0 4 73
65 66 67 72 71 69 5
12 81 12 89 41 19 40
15 49 42 55 90 39 41
30 47 75 61 5 43 52
67 81 27 47 79 67 40
47 79 67 90 19 78 61
17 51 8 44 13 2 38
70 5 71 9 57 90 55
68 73 41 69 51 1 45
91 80 47 38 16 41 64
52 68 2 37 76 27 26
31 24 21 51 0 4 29
73 32 88 91 80 47 63
38 16 41 18 48 73 45
58 65 83 63 35 78 30
56 74 21 28 22 73 73
26 36 9 10 27 93 84
79 21 88 28 22 73 15
47 79 67 73 32 88 51
26 36 9 93 27 43 35
93 27 43 75 79 36 52
22 37 7 60 52 81 75
40 13 73 9 57 90 47
27 58 68 47 79 67 21
3 67 56 57 81 56 14
87 11 20 3 67 56 66
32 92 85 37 76 27 60
10 27 93 23 33 5 88
87 11 20 4 31 17 20
7 8 77 89 41 19 66
16 48 89 3 67 56 38
33 65 26 23 33 5 38
75 79 36 39 11 35 68
39 11 35 50 89 74 87
82 63 71 26 36 9 67
77 38 40 94 86 80 62
65 66 67 3 67 56 11
17 51 8 61 5 43 57
86 45 49 42 94 50 49
56 74 21 19 51 40 29
42 94 50 0 86 33 18
22 37 7 16 48 89 82
4 31 17 52 68 2 39
28 22 73 48 55 33 51
17 51 8 77 38 40 34
33 65 26 78 45 62 41
13 10 39 34 18 36 8
84 95 20 85 31 54 72
53 86 40 77 38 40 48
9 57 90 74 32 27 67
88 6 58 79 21 88 33
21 14 62 8 75 74 62
50 89 74 22 37 7 84
44 13 2 66 13 9 7
85 31 54 48 55 33 31
0 86 33 53 86 40 7
84 95 20 25 77 31 21
65 66 67 34 18 36 57
1 15 20 90 19 78 58
82 63 71 4 31 17 62
17 51 8 65 66 67 60
36 8 86 5 88 7 112
76 48 15 42 94 50 57
27 58 68 21 14 62 44
40 13 73 95 45 2 77
60 52 81 46 34 15 68
32 92 85 79 21 88 71
20 87 2 1 15 20 74
63 35 78 65 66 67 32
0 86 33 38 16 41 70
67 81 27 92 25 22 56
49 5 33 90 19 78 47
7 8 77 38 16 41 36
93 27 43 53 86 40 59
71 22 13 19 51 40 39
32 92 85 14 16 37 89
51 0 4 60 52 81 92
16 48 89 88 6 58 52
76 48 15 5 88 7 40
49 5 33 4 31 17 30
79 21 88 84 95 20 100
30 47 75 55 90 39 56
57 81 56 1 15 20 75
53 86 40 33 65 26 25
36 8 86 51 0 4 82
79 21 88 81 30 85 9
48 55 33 69 51 1 32
80 53 22 86 45 49 28
35 61 94 58 65 83 11
63 35 78 35 61 94 30
61 5 43 27 58 68 58
43 85 35 41 79 75 40
52 68 2 34 18 36 60
3 67 56 66 13 9 71
67 81 27 32 92 85 59
14 16 37 62 56 61 46
84 95 20 43 85 35 18
41 79 75 57 81 56 19
84 95 20 18 48 73 70
16 48 89 21 14 62 43
23 33 5 67 81 27 52
57 81 56 67 81 27 29
78 45 62 69 51 1 61
79 21 88 72 71 69 53
52 68 2 21 14 62 80
19 51 40 24 39 72 34
92 25 22 13 10 39 22
39 11 35 77 38 40 27
76 48 15 55 90 39 48
18 48 73 25 77 31 51
70 5 71 28 22 73 17
9 57 90 61 5 43 70
55 90 39 43 85 35 6
23 33 5 86 45 49 45
7 8 77 22 37 7 75
72 71 69 92 25 22 65
62 56 61 30 47 75 16
13 10 39 86 45 49 36
22 37 7 85 31 54 47
41 79 75 58 65 83 16
85 31 54 82 63 71 36
83 81 52 12 81 12 40
66 13 9 58 65 83 90
92 25 22 47 79 67 70
33 65 26 2 73 47 22
7 8 77 56 74 21 86
1 15 20 88 6 58 39
5 88 7 67 81 27 21
14 16 37 22 37 7 36
47 79 67 11 2 85 79
47 79 67 76 48 15 60
86 45 49 71 22 13 42
26 36 9 89 41 19 11
4 31 17 11 2 85 73
22 37 7 51 0 4 37
91 80 47 33 65 26 25
52 68 2 50 89 74 75
81 30 85 86 45 49 39
88 6 58 66 13 9 49
86 45 49 60 52 81 32
26 36 9 57 81 56 65
85 31 54 90 19 78 26
63 35 78 77 38 40 38
45 19 4 86 45 49 51
62 56 61 2 73 47 22
39 11 35 81 30 85 53
48 55 33 19 51 40 8
26 36 9 2 73 47 53
95 45 2 59 69 16 27
46 34 15 47 79 67 68
91 80 47 69 51 1 54
72 71 69 63 35 78 37
26 36 9 74 32 27 18
75 79 36 92 25 22 55
51 0 4 76 48 15 49
7 8 77 40 13 73 6
6 41 90 87 11 20 76
62 56 61 73 32 88 36
59 69 16 94 86 80 66
51 0 4 96 28 20 32
62 56 61 89 41 19 44
45 19 4 70 5 71 68
35 61 94 77 38 40 58
0 86 33 57 81 56 23
50 89 74 13 10 39 86
77 38 40 7 8 77 47
65 66 67 60 52 81 19
34 18 36 87 11 20 17
80 53 22 38 16 41 41
36 8 86 80 53 22 78
20 87 2 66 13 9 74
84 95 20 27 58 68 60
50 89 74 25 77 31 44
30 47 75 68 73 41 42
30 47 75 70 5 71 42
55 90 39 13 10 39 80
65 66 67 78 45 62 21
42 94 50 40 13 73 84
21 14 62 29 7 45 18
3 67 56 7 8 77 62
40 13 73 94 86 80 73
42 94 50 10 27 93 79
61 5 43 45 19 4 41
4 31 17 62 56 61 50
8 75 74 25 77 31 43
26 36 9 61 5 43 46
1 15 20 17 51 8 37
18 48 73 52 68 2 73
11 2 85 53 86 40 95
70 5 71 57 81 56 77
73 32 88 35 61 94 29
72 71 69 68 73 41 28
44 13 2 49 5 33 32
23 33 5 93 27 43 38
42 94 50 94 86 80 31
20 87 2 65 66 67 68
77 38 40 28 22 73 36
64 4 59 66 13 9 50
29 7 45 25 77 31 71
51 0 4 81 30 85 86
23 33 5 65 66 67 70
47 79 67 96 28 20 69
0 86 33 30 47 75 57
81 30 85 57 81 56 58
58 65 83 62 56 61 23
62 56 61 82 63 71 12
31 24 21 84 95 20 71
93 27 43 56 74 21 51
26 36 9 31 24 21 16
23 33 5 54 22 61 57
47 79 67 95 45 2 73
73 32 88 89 41 19 69
95 45 2 16 48 89 87
7 8 77 16 48 89 41
61 5 43 81 30 85 48
63 35 78 21 14 62 26
30 47 75 12 81 12 71
75 79 36 8 75 74 38
79 21 88 67 81 27 85
10 27 93 46 34 15 78
50 89 74 5 88 7 67
24 39 72 53 86 40 56
44 13 2 50 89 74 104
33 65 26 45 19 4 50
3 67 56 32 92 85 38
60 52 81 12 81 12 74
10 27 93 5 88 7 105
95 45 2 67 81 27 43
73 32 88 20 87 2 102
61 5 43 3 67 56 63
87 11 20 91 80 47 74
88 6 58 28 22 73 21
59 69 16 6 41 90 79
34 18 36 78 45 62 37
70 5 71 38 16 41 31
19 51 40 7 8 77 56
46 34 15 25 77 31 45
92 25 22 27 58 68 56
18 48 73 64 4 59 46
28 22 73 49 5 33 43
84 95 20 37 76 27 20
93 27 43 45 19 4 39
82 63 71 5 88 7 68
21 14 62 19 51 40 43
14 16 37 48 55 33 39
35 61 94 0 86 33 65
39 11 35 30 47 75 53
33 65 26 1 15 20 50
4 31 17 67 81 27 50
45 19 4 87 11 20 17
71 22 13 4 31 17 9
77 38 40 4 31 17 24
89 41 19 49 5 33 38
38 16 41 79 21 88 47
33 65 26 54 22 61 55
17 51 8 95 45 2 8
40 13 73 16 48 89 38
41 79 75 35 61 94 26
7 8 77 94 86 80 78
2 73 47 15 49 42 24
0 86 33 20 87 2 31
70 5 71 7 8 77 6
95 45 2 69 51 1 6
84 95 20 89 41 19 54
8 75 74 68 73 41 33
48 55 33 49 5 33 50
42 94 50 5 88 7 43
57 81 56 48 55 33 34
85 31 54 67 81 27 56
35 61 94 32 92 85 32
42 94 50 3 67 56 27
16 48 89 39 11 35 65
76 48 15 58 65 83 70
36 8 86 12 81 12 103
62 56 61 57 81 56 25
94 86 80 84 95 20 60
68 73 41 25 77 31 10
30 47 75 20 87 2 83
67 81 27 81 30 85 77
83 81 52 85 31 54 50
66 13 9 40 13 73 64
0 86 33 62 56 61 41
66 13 9 67 81 27 70
25 77 31 43 85 35 8
37 76 27 70 5 71 83
89 41 19 93 27 43 27
37 76 27 39 11 35 65
29 7 45 96 28 20 32
17 51 8 85 31 54 50
11 2 85 43 85 35 96
17 51 8 67 81 27 35
95 45 2 3 67 56 58
13 10 39 44 13 2 37
6 41 90 9 57 90 16
2 73 47 61 5 43 68
26 36 9 15 49 42 35
54 22 61 60 52 81 36
18 48 73 82 63 71 15
7 8 77 17 51 8 81
65 66 67 39 11 35 63
55 90 39 25 77 31 15
1 15 20 76 48 15 33
5 88 7 20 87 2 5
72 71 69 89 41 19 58
61 5 43 0 86 33 81
27 58 68 37 76 27 44
27 58 68 56 74 21 49
18 48 73 6 41 90 18
51 0 4 95 45 2 45
30 47 75 16 48 89 14
95 45 2 34 18 36 43
34 18 36 54 22 61 25
35 61 94 83 81 52 46
92 25 22 37 76 27 51
12 81 12 13 10 39 75
5 88 7 29 7 45 89
5 88 7 57 81 56 49
92 25 22 86 45 49 33
41 79 75 87 11 20 87
43 85 35 7 8 77 87
42 94 50 68 73 41 22
31 24 21 93 27 43 22
37 76 27 78 45 62 46
23 33 5 74 32 27 22
12 81 12 80 53 22 29
10 27 93 20 87 2 109
28 22 73 47 79 67 57
25 77 31 90 19 78 74
72 71 69 35 61 94 26
42 94 50 90 19 78 80
61 5 43 63 35 78 46
11 2 85 94 86 80 84
57 81 56 89 41 19 54
32 92 85 15 49 42 60
52 68 2 76 48 15 23
4 31 17 18 48 73 58
73 32 88 31 24 21 67
94 86 80 34 18 36 80
18 48 73 56 74 21 58
16 48 89 78 45 62 27
4 31 17 33 65 26 35
42 94 50 92 25 22 74
91 80 47 96 28 20 58
12 81 12 49 5 33 78
34 18 36 84 95 20 78
35 61 94 50 89 74 34
6 41 90 50 89 74 50
26 36 9 76 48 15 13
67 81 27 26 36 9 48
7 8 77 23 33 5 76
28 22 73 45 19 4 69
0 86 33 1 15 20 72
40 13 73 96 28 20 55
13 10 39 33 65 26 56
91 80 47 19 51 40 29
67 81 27 50 89 74 47
4 31 17 37 76 27 46
38 16 41 57 81 56 66
35 61 94 80 53 22 72
95 45 2 11 2 85 93
0 86 33 79 21 88 85
81 30 85 42 94 50 72
96 28 20 63 35 78 58
77 38 40 51 0 4 52
59 69 16 69 51 1 23
44 13 2 72 71 69 88
68 73 41 26 36 9 48
37 76 27 96 28 20 48
46 34 15 40 13 73 61
89 41 19 91 80 47 48
84 95 20 87 11 20 84
6 41 90 21 14 62 38
58 65 83 28 22 73 44
12 81 12 14 16 37 69
0 86 33 82 63 71 44
16 48 89 45 19 4 89
10 27 93 87 11 20 74
64 4 59 67 81 27 83
33 65 26 85 31 54 44
61 5 43 43 85 35 80
86 45 49 50 89 74 50
7 8 77 30 47 75 39
85 31 54 64 4 59 27
0 86 33 83 81 52 19
96 28 20 46 34 15 7
30 47 75 79 21 88 29
80 53 22 26 36 9 21
65 66 67 7 8 77 58
27 58 68 70 5 71 53
17 51 8 50 89 74 76
62 56 61 56 74 21 43
16 48 89 25 77 31 64
50 89 74 14 16 37 81
30 47 75 5 88 7 79
95 45 2 90 19 78 80
30 47 75 81 30 85 19
48 55 33 60 52 81 48
49 5 33 1 15 20 16
79 21 88 17 51 8 85
55 90 39 67 81 27 15
26 36 9 21 14 62 57
47 79 67 93 27 43 57
32 92 85 17 51 8 87
74 32 27 95 45 2 28
96 28 20 72 71 69 65
87 11 20 44 13 2 18
55 90 39 32 92 85 46
74 32 27 25 77 31 45
17 51 8 62 56 61 53
56 74 21 20 87 2 23
36 8 86 64 4 59 27
68 73 41 31 24 21 52
64 4 59 24 39 72 37
59 69 16 22 37 7 33
42 94 50 35 61 94 55
91 80 47 18 48 73 41
54 22 61 75 79 36 62
74 32 27 85 31 54 27
94 86 80 49 5 33 93
18 48 73 5 88 7 77
44 13 2 40 13 73 71
66 13 9 63 35 78 72
82 63 71 72 71 69 8
69 51 1 12 81 12 31
69 51 1 82 63 71 71
2 73 47 91 80 47 7
36 8 86 87 11 20 66
42 94 50 16 48 89 60
35 61 94 96 28 20 81
34 18 36 93 27 43 11
22 37 7 62 56 61 57
33 65 26 74 32 27 33
11 2 85 83 81 52 85
32 92 85 57 81 56 31
67 81 27 43 85 35 8
64 4 59 72 71 69 67
14 16 37 11 2 85 50
94 86 80 95 45 2 88
36 8 86 29 7 45 41
44 13 2 4 31 17 23
47 79 67 57 81 56 11
38 16 41 3 67 56 53
4 31 17 51 0 4 33
83 81 52 57 81 56 4
45 19 4 30 47 75 76
36 8 86 28 22 73 19
37 76 27 71 22 13 55
89 41 19 94 86 80 75
17 51 8 28 22 73 71
77 38 40 64 4 59 38
56 74 21 83 81 52 31
79 21 88 76 48 15 77
96 28 20 69 51 1 29
52 68 2 61 5 43 75
4 31 17 50 89 74 81
30 47 75 66 13 9 74
20 87 2 72 71 69 68
96 28 20 67 81 27 53
14 16 37 71 22 13 24
92 25 22 10 27 93 71
26 36 9 44 13 2 24
64 4 59 1 15 20 40
25 77 31 4 31 17 48
63 35 78 60 52 81 17
62 56 61 71 22 13 58
2 73 47 84 95 20 34
23 33 5 88 6 58 59
61 5 43 54 22 61 24
61 5 43 50 89 74 89
77 38 40 50 89 74 61
92 25 22 57 81 56 65
11 2 85 29 7 45 40
84 95 20 44 13 2 83
72 71 69 10 27 93 50
66 13 9 37 76 27 65
16 48 89 55 90 39 65
49 5 33 14 16 37 11
62 56 61 1 15 20 57
5 88 7 60 52 81 82
16 48 89 80 53 22 67
56 74 21 53 86 40 22
50 89 74 73 32 88 58
30 47 75 8 75 74 28
72 71 69 83 81 52 19
61 5 43 57 81 56 77
86 45 49 25 77 31 36
25 77 31 83 81 52 21
75 79 36 27 58 68 38
27 58 68 74 32 27 48
19 51 40 37 76 27 28
12 81 12 0 86 33 21
39 11 35 58 65 83 72
3 67 56 46 34 15 52
39 11 35 78 45 62 43
56 74 21 78 45 62 50
39 11 35 47 79 67 75
19 51 40 70 5 71 55
0 86 33 86 45 49 44
58 65 83 33 65 26 57
32 92 85 29 7 45 93
39 11 35 64 4 59 25
54 22 61 55 90 39 71
41 79 75 40 13 73 66
56 74 21 9 57 90 71
56 74 21 67 81 27 9
80 53 22 69 51 1 21
10 27 93 2 73 47 65
26 36 9 95 45 2 11
49 5 33 78 45 62 49
32 92 85 59 69 16 72
12 81 12 7 8 77 97
68 73 41 77 38 40 35
66 13 9 32 92 85 109
41 79 75 13 10 39 77
21 14 62 1 15 20 42
65 66 67 29 7 45 62
33 65 26 93 27 43 41
49 5 33 17 51 8 52
49 5 33 39 11 35 6
88 6 58 34 18 36 25
5 88 7 53 86 40 33
24 39 72 74 32 27 45
29 7 45 68 73 41 66
49 5 33 60 52 81 67
25 77 31 64 4 59 78
89 41 19 48 55 33 19
39 11 35 4 31 17 26
5 88 7 48 55 33 42
40 13 73 61 5 43 31
64 4 59 26 36 9 59
88 6 58 11 2 85 27
36 8 86 2 73 47 75
86 45 49 2 73 47 28
88 6 58 70 5 71 13
21 14 62 37 76 27 71
11 2 85 12 81 12 107
9 57 90 38 16 41 63
26 36 9 73 32 88 79
40 13 73 86 45 49 40
84 95 20 77 38 40 60
0 86 33 46 34 15 55
3 67 56 35 61 94 38
24 39 72 87 11 20 59
17 51 8 80 53 22 14
69 51 1 50 89 74 82
79 21 88 14 16 37 51
33 65 26 67 81 27 16
56 74 21 71 22 13 52
31 24 21 80 53 22 29
13 10 39 77 38 40 28
74 32 27 87 11 20 22
21 14 62 78 45 62 31
36 8 86 95 45 2 91
37 76 27 24 39 72 58
51 0 4 59 69 16 70
91 80 47 42 94 50 14
4 31 17 63 35 78 61
71 22 13 80 53 22 32
37 76 27 17 51 8 31
6 41 90 72 71 69 36
94 86 80 1 15 20 92
51 0 4 13 10 39 36
35 61 94 60 52 81 15
18 48 73 65 66 67 18
23 33 5 36 8 86 84
23 33 5 49 5 33 39
60 52 81 78 45 62 20
40 13 73 0 86 33 83
55 90 39 34 18 36 72
70 5 71 58 65 83 61
52 68 2 72 71 69 67
23 33 5 66 13 9 20
36 8 86 91 80 47 81
82 63 71 37 76 27 45
54 22 61 11 2 85 31
70 5 71 36 8 86 15
27 58 68 18 48 73 11
84 95 20 12 81 12 16
56 74 21 80 53 22 21
26 36 9 32 92 85 94
59 69 16 20 87 2 22
32 92 85 96 28 20 91
15 49 42 53 86 40 37
21 14 62 55 90 39 79
16 48 89 4 31 17 73
85 31 54 27 58 68 30
76 48 15 91 80 47 45
16 48 89 76 48 15 74
57 81 56 50 89 74 19
74 32 27 10 27 93 66
80 53 22 62 56 61 39
75 79 36 60 52 81 52
91 80 47 41 79 75 28
25 77 31 3 67 56 26
44 13 2 35 61 94 103
37 76 27 34 18 36 58
3 67 56 29 7 45 61
81 30 85 90 19 78 13
16 48 89 82 63 71 23
64 4 59 6 41 90 48
75 79 36 57 81 56 20
53 86 40 76 48 15 45
29 7 45 56 74 21 71
93 27 43 65 66 67 45
12 81 12 46 34 15 47
54 22 61 40 13 73 15
87 11 20 50 89 74 94
59 69 16 38 16 41 58
29 7 45 88 6 58 13
34 18 36 45 19 4 32
81 30 85 24 39 72 15
47 79 67 52 68 2 65
66 13 9 54 22 61 52
17 51 8 83 81 52 53
67 81 27 76 48 15 35
58 65 83 5 88 7 79
79 21 88 31 24 21 67
36 8 86 79 21 88 13
82 63 71 40 13 73 50
82 63 71 53 86 40 38
83 81 52 59 69 16 37
27 58 68 96 28 20 56
18 48 73 76 48 15 58
31 24 21 59 69 16 45
58 65 83 71 22 13 82
87 11 20 40 13 73 53
73 32 88 84 95 20 92
54 22 61 26 36 9 53
85 31 54 65 66 67 37
7 8 77 51 0 4 73
47 79 67 72 71 69 8
63 35 78 5 88 7 88
92 25 22 40 13 73 52
52 68 2 28 22 73 84
96 28 20 42 94 50 72
73 32 88 51 0 4 89
65 66 67 36 8 86 61
87 11 20 31 24 21 13
26 36 9 65 66 67 65
34 18 36 70 5 71 37
64 4 59 2 73 47 70
43 85 35 1 15 20 71
3 67 56 10 27 93 54
43 85 35 54 22 61 68
78 45 62 5 88 7 69
73 32 88 76 48 15 74
12 81 12 61 5 43 82
39 11 35 93 27 43 17
17 51 8 78 45 62 54
27 58 68 94 86 80 30
92 25 22 96 28 20 3
94 86 80 87 11 20 96
39 11 35 36 8 86 51
77 38 40 18 48 73 34
87 11 20 68 73 41 65
87 11 20 62 56 61 60
36 8 86 54 22 61 28
42 94 50 14 16 37 79
14 16 37 91 80 47 64
63 35 78 33 65 26 60
45 19 4 26 36 9 17
13 10 39 46 34 15 33
5 88 7 27 58 68 67
87 11 20 83 81 52 76
70 5 71 89 41 19 63
12 81 12 3 67 56 46
61 5 43 47 79 67 77
53 86 40 28 22 73 72
34 18 36 28 22 73 37
57 81 56 87 11 20 78
4 31 17 78 45 62 47
56 74 21 52 68 2 19
12 81 12 42 94 50 40
30 47 75 35 61 94 23
91 80 47 95 45 2 57
84 95 20 60 52 81 74
96 28 20 62 56 61 49
43 85 35 93 27 43 58
16 48 89 75 79 36 61
72 71 69 0 86 33 39
44 13 2 7 8 77 75
19 51 40 58 65 83 45
60 52 81 36 8 86 44
15 49 42 64 4 59 48
67 81 27 18 48 73 56
71 22 13 68 73 41 58
60 52 81 87 11 20 73
64 4 59 91 80 47 76
59 69 16 81 30 85 79
35 61 94 49 5 33 82
52 68 2 11 2 85 106
37 76 27 47 79 67 40
96 28 20 43 85 35 58
80 53 22 64 4 59 61
54 22 61 63 35 78 21
4 31 17 61 5 43 36
26 36 9 9 57 90 83
10 27 93 21 14 62 33
13 10 39 91 80 47 70
58 65 83 15 49 42 44
13 10 39 58 65 83 70
21 14 62 14 16 37 25
59 69 16 91 80 47 32
23 33 5 13 10 39 41
38 16 41 1 15 20 21
22 37 7 48 55 33 31
89 41 19 19 51 40 23
29 7 45 20 87 2 90
65 66 67 54 22 61 44
87 11 20 9 57 90 83
93 27 43 16 48 89 50
16 48 89 58 65 83 18
69 51 1 57 81 56 62
96 28 20 22 37 7 15
69 51 1 75 79 36 44
61 5 43 38 16 41 11
56 74 21 70 5 71 85
15 49 42 49 5 33 44
21 14 62 83 81 52 67
11 2 85 7 8 77 10
16 48 89 27 58 68 23
33 65 26 65 66 67 41
63 35 78 50 89 74 54
42 94 50 59 69 16 42
77 38 40 82 63 71 39
46 34 15 18 48 73 59
25 77 31 92 25 22 52
65 66 67 1 15 20 69
47 79 67 43 85 35 32
40 13 73 93 27 43 33
70 5 71 41 79 75 74
39 11 35 3 67 56 59
66 13 9 22 37 7 24
83 81 52 91 80 47 5
15 49 42 76 48 15 27
35 61 94 15 49 42 53
5 88 7 37 76 27 23
20 87 2 3 67 56 57
71 22 13 66 13 9 9
79 21 88 96 28 20 68
29 7 45 69 51 1 62
88 6 58 3 67 56 61
72 71 69 34 18 36 62
20 87 2 70 5 71 107
74 32 27 35 61 94 73
16 48 89 12 81 12 83
93 27 43 55 90 39 63
95 45 2 72 71 69 71
1 15 20 73 32 88 70
44 13 2 74 32 27 31
23 33 5 12 81 12 48
70 5 71 39 11 35 36
37 76 27 35 61 94 68
24 39 72 10 27 93 24
48 55 33 8 75 74 45
79 21 88 1 15 20 68
80 53 22 89 41 19 12
53 86 40 54 22 61 67
79 21 88 7 8 77 17
6 41 90 13 10 39 59
50 89 74 28 22 73 67
82 63 71 32 92 85 32
47 79 67 14 16 37 69
83 81 52 19 51 40 32
19 51 40 75 79 36 28
32 92 85 64 4 59 91
24 39 72 29 7 45 41
52 68 2 79 21 88 98
92 25 22 50 89 74 82
73 32 88 69 51 1 89
36 8 86 7 8 77 9
8 75 74 32 92 85 20
1 15 20 50 89 74 91
80 53 22 88 6 58 59
68 73 41 78 45 62 35
27 58 68 60 52 81 14
7 8 77 32 92 85 84
43 85 35 59 69 16 24
35 61 94 5 88 7 91
13 10 39 52 68 2 68
32 92 85 13 10 39 94
83 81 52 27 58 68 28
3 67 56 41 79 75 22
58 65 83 23 33 5 84
30 47 75 92 25 22 57
84 95 20 13 10 39 87
93 27 43 76 48 15 35
23 33 5 71 22 13 13
82 63 71 58 65 83 12
52 68 2 59 69 16 14
48 55 33 54 22 61 43
42 94 50 50 89 74 24
11 2 85 28 22 73 23
35 61 94 91 80 47 50
1 15 20 68 73 41 61
3 67 56 62 56 61 12
75 79 36 64 4 59 78
87 11 20 39 11 35 15