93 4278
58 76 88 34 37 24 74
23 1 87 61 87 5 118
29 65 67 78 20 82 47
37 35 74 63 13 22 56
13 45 42 37 35 74 33
85 48 54 10 79 51 31
20 68 5 58 76 88 83
32 36 42 51 58 55 25
92 59 40 37 35 74 41
39 1 67 58 76 88 77
69 59 8 46 17 22 44
0 87 36 27 63 76 46
7 47 83 11 80 64 38
16 88 57 23 1 87 92
36 16 68 91 2 69 14
86 37 10 64 74 1 38
26 1 48 3 90 65 90
13 45 42 25 6 21 44
62 83 29 25 6 21 77
18 59 22 42 70 21 11
59 36 55 28 92 31 60
88 76 60 35 71 86 26
27 63 76 61 87 5 74
34 37 24 64 74 1 43
29 65 67 13 45 42 32
12 80 48 32 36 42 44
6 78 83 89 80 58 25
62 83 29 30 52 55 40
82 9 4 21 26 14 19
9 49 68 60 48 2 66
23 1 87 38 71 2 110
61 87 5 66 79 81 76
29 65 67 12 80 48 24
48 84 56 50 79 42 14
2 71 10 91 2 69 90
9 49 68 64 74 1 71
47 75 48 67 54 7 46
80 66 11 84 18 41 56
17 20 50 91 2 69 26
45 91 64 0 87 36 28
36 16 68 92 59 40 51
54 50 79 0 87 36 56
61 87 5 59 36 55 71
54 50 79 16 88 57 43
88 76 60 73 49 73 29
51 58 55 9 49 68 15
3 90 65 19 28 88 66
67 54 7 3 90 65 68
11 80 64 36 16 68 64
49 12 86 32 36 42 50
61 87 5 5 77 81 76
39 1 67 73 49 73 48
24 70 1 73 49 73 75
38 71 2 68 71 78 76
5 77 81 22 90 31 51
16 88 57 78 20 82 72
65 24 7 15 31 22 16
81 46 80 67 54 7 73
78 20 82 69 59 8 83
74 60 3 19 28 88 90
36 16 68 24 70 1 86
20 68 5 24 70 1 4
8 25 77 1 88 57 66
12 80 48 22 90 31 19
21 26 14 8 25 77 63
85 48 54 5 77 81 39
87 55 47 17 20 50 35
92 59 40 12 80 48 22
13 45 42 58 76 88 55
69 59 8 85 48 54 47
43 7 38 34 37 24 33
79 15 61 6 78 83 66
75 51 18 59 36 55 39
21 26 14 16 88 57 75
13 45 42 36 16 68 38
5 77 81 83 91 40 43
71 1 29 45 91 64 96
90 92 45 15 31 22 65
90 92 45 27 63 76 42
15 31 22 46 17 22 14
71 1 29 75 51 18 51
13 45 42 75 51 18 24
53 49 59 50 79 42 34
32 36 42 13 45 42 9
25 6 21 22 90 31 84
72 68 27 25 6 21 62
74 60 3 71 1 29 64
38 71 2 12 80 48 46
69 59 8 54 50 79 71
39 1 67 13 45 42 50
16 88 57 17 20 50 68
36 16 68 53 49 59 34
32 36 42 20 68 5 48
76 73 12 29 65 67 55
7 47 83 77 67 87 20
54 50 79 41 67 50 33
51 58 55 26 1 48 57
64 74 1 3 90 65 65
32 36 42 0 87 36 51
84 18 41 3 90 65 75
23 1 87 83 91 40 101
54 50 79 86 37 10 70
74 60 3 79 15 61 73
28 92 31 87 55 47 40
41 67 50 90 92 45 25
53 49 59 32 36 42 21
35 71 86 65 24 7 91
85 48 54 90 92 45 44
33 42 4 71 1 29 48
88 76 60 74 60 3 59
5 77 81 3 90 65 20
44 51 31 31 16 52 40
33 42 4 92 59 40 39
5 77 81 39 1 67 77
9 49 68 92 59 40 29
76 73 12 84 18 41 62
0 87 36 64 74 1 37
7 47 83 83 91 40 61
34 37 24 70 67 33 31
7 47 83 23 1 87 46
42 70 21 74 60 3 20
17 20 50 74 60 3 61
54 50 79 24 70 1 80
80 66 11 79 15 61 71
5 77 81 52 38 66 41
44 51 31 5 77 81 56
92 59 40 40 42 31 19
74 60 3 39 1 67 87
62 83 29 31 16 52 70
68 71 78 78 20 82 51
84 18 41 2 71 10 61
79 15 61 13 45 42 35
43 7 38 28 92 31 85
78 20 82 65 24 7 75
44 51 31 29 65 67 38
10 79 51 7 47 83 45
87 55 47 62 83 29 33
15 31 22 82 9 4 28
53 49 59 13 45 42 17
4 35 61 18 59 22 45
23 1 87 27 63 76 62
32 36 42 58 76 88 60
76 73 12 39 1 67 90
87 55 47 83 91 40 36
69 59 8 1 88 57 56
70 67 33 64 74 1 32
67 54 7 22 90 31 43
30 52 55 58 76 88 40
9 49 68 10 79 51 34
68 71 78 36 16 68 55
5 77 81 50 79 42 39
41 67 50 91 2 69 67
8 25 77 40 42 31 49
60 48 2 76 73 12 26
27 63 76 4 35 61 31
39 1 67 91 2 69 2
48 84 56 62 83 29 27
32 36 42 9 49 68 29
48 84 56 22 90 31 25
41 67 50 9 49 68 25
54 50 79 89 80 58 36
84 18 41 38 71 2 65
55 63 74 57 17 60 48
18 59 22 89 80 58 41
42 70 21 36 16 68 71
71 1 29 41 67 50 69
89 80 58 20 68 5 54
70 67 33 27 63 76 43
62 83 29 78 20 82 82
40 42 31 80 66 11 31
73 49 73 26 1 48 54
74 60 3 9 49 68 65
52 38 66 71 1 29 52
3 90 65 24 70 1 67
89 80 58 91 2 69 78
61 87 5 33 42 4 45
83 91 40 58 76 88 50
91 2 69 29 65 67 63
63 13 22 34 37 24 24
59 36 55 77 67 87 44
69 59 8 92 59 40 32
0 87 36 74 60 3 42
35 71 86 86 37 10 83
59 36 55 16 88 57 52
23 1 87 53 49 59 55
44 51 31 35 71 86 58
50 79 42 28 92 31 17
65 24 7 87 55 47 50
53 49 59 73 49 73 14
18 59 22 74 60 3 19
21 26 14 63 13 22 15
69 59 8 58 76 88 81
46 17 22 45 91 64 85
46 17 22 16 88 57 79
55 63 74 89 80 58 23
16 88 57 28 92 31 26
18 59 22 48 84 56 42
40 42 31 32 36 42 12
42 70 21 59 36 55 48
81 46 80 80 66 11 71
31 16 52 89 80 58 64
41 67 50 39 1 67 68
57 17 60 29 65 67 48
21 26 14 30 52 55 48
1 88 57 10 79 51 10
92 59 40 47 75 48 17
63 13 22 40 42 31 30
67 54 7 68 71 78 73
11 80 64 79 15 61 65
12 80 48 70 67 33 19
39 1 67 81 46 80 46
43 7 38 49 12 86 48
81 46 80 72 68 27 57
23 1 87 67 54 7 95
75 51 18 81 46 80 62
39 1 67 46 17 22 47
43 7 38 62 83 29 76
16 88 57 13 45 42 45
31 16 52 91 2 69 22
58 76 88 45 91 64 28
25 6 21 47 75 48 74
35 71 86 23 1 87 70
24 70 1 46 17 22 57
55 63 74 83 91 40 44
65 24 7 29 65 67 72
41 67 50 57 17 60 50
89 80 58 40 42 31 46
19 28 88 55 63 74 37
8 25 77 48 84 56 62
90 92 45 67 54 7 53
71 1 29 43 7 38 10
22 90 31 0 87 36 5
34 37 24 52 38 66 42
46 17 22 21 26 14 12
74 60 3 51 58 55 52
14 8 4 35 71 86 103
61 87 5 30 52 55 61
85 48 54 72 68 27 33
17 20 50 71 1 29 28
56 82 74 54 50 79 32
28 92 31 58 76 88 59
15 31 22 14 8 4 29
18 59 22 81 46 80 59
2 71 10 21 26 14 45
90 92 45 77 67 87 48
82 9 4 77 67 87 101
61 87 5 24 70 1 17
74 60 3 33 42 4 18
82 9 4 24 70 1 61
67 54 7 34 37 24 24
45 91 64 80 66 11 58
66 79 81 37 35 74 44
8 25 77 30 52 55 34
59 36 55 49 12 86 39
80 66 11 62 83 29 24
51 58 55 58 76 88 37
48 84 56 90 92 45 13
30 52 55 60 48 2 53
9 49 68 4 35 61 15
51 58 55 24 70 1 55
49 12 86 65 24 7 79
49 12 86 11 80 64 71
54 50 79 85 48 54 25
87 55 47 21 26 14 43
7 47 83 71 1 29 70
88 76 60 23 1 87 79
49 12 86 26 1 48 39
20 68 5 75 51 18 21
77 67 87 47 75 48 39
22 90 31 23 1 87 105
23 1 87 52 38 66 42
15 31 22 49 12 86 66
5 77 81 75 51 18 68
29 65 67 41 67 50 17
32 36 42 79 15 61 28
85 48 54 45 91 64 44
75 51 18 36 16 68 61
65 24 7 43 7 38 35
9 49 68 79 15 61 34
84 18 41 49 12 86 45
64 74 1 10 79 51 50
52 38 66 17 20 50 24
73 49 73 25 6 21 67
37 35 74 36 16 68 19
74 60 3 7 47 83 81
30 52 55 78 20 82 41
38 71 2 47 75 48 46
63 13 22 32 36 42 30
55 63 74 73 49 73 14
78 20 82 87 55 47 49
88 76 60 64 74 1 59
41 67 50 1 88 57 22
76 73 12 45 91 64 55
22 90 31 51 58 55 40
14 8 4 68 71 78 97
9 49 68 39 1 67 48
33 42 4 72 68 27 34
29 65 67 40 42 31 42
33 42 4 42 70 21 32
2 71 10 52 38 66 65
32 36 42 10 79 51 43
21 26 14 51 58 55 52
30 52 55 74 60 3 52
42 70 21 90 92 45 32
19 28 88 63 13 22 67
36 16 68 77 67 87 54
19 28 88 11 80 64 57
49 12 86 53 49 59 45
86 37 10 17 20 50 43
85 48 54 65 24 7 52
62 83 29 85 48 54 43
17 20 50 77 67 87 59
42 70 21 27 63 76 55
57 17 60 40 42 31 38
30 52 55 39 1 67 52
33 42 4 49 12 86 87
55 63 74 11 80 64 19
56 82 74 49 12 86 71
44 51 31 16 88 57 45
30 52 55 4 35 61 18
60 48 2 29 65 67 67
17 20 50 50 79 42 59
69 59 8 22 90 31 38
2 71 10 19 28 88 89
37 35 74 35 71 86 37
4 35 61 55 63 74 30
1 88 57 5 77 81 26
72 68 27 12 80 48 24
16 88 57 73 49 73 42
23 1 87 1 88 57 92
59 36 55 45 91 64 55
24 70 1 86 37 10 34
29 65 67 38 71 2 65
15 31 22 50 79 42 52
62 83 29 69 59 8 31
45 91 64 22 90 31 33
27 63 76 8 25 77 38
37 35 74 52 38 66 8
24 70 1 35 71 86 85
23 1 87 79 15 61 29
10 79 51 47 75 48 5
59 36 55 62 83 29 53
91 2 69 64 74 1 99
57 17 60 74 60 3 71
51 58 55 15 31 22 42
86 37 10 38 71 2 34
56 82 74 78 20 82 62
57 17 60 23 1 87 31
60 48 2 10 79 51 57
10 79 51 66 79 81 30
23 1 87 34 37 24 72
14 8 4 54 50 79 85
84 18 41 13 45 42 27
12 80 48 61 87 5 43
53 49 59 74 60 3 57
24 70 1 56 82 74 73
73 49 73 27 63 76 14
0 87 36 58 76 88 53
6 78 83 9 49 68 32
20 68 5 56 82 74 70
88 76 60 10 79 51 9
2 71 10 72 68 27 17
89 80 58 35 71 86 29
67 54 7 88 76 60 57
0 87 36 88 76 60 26
19 28 88 53 49 59 35
0 87 36 63 13 22 75
53 49 59 5 77 81 35
85 48 54 34 37 24 31
37 35 74 76 73 12 72
66 79 81 81 46 80 33
69 59 8 4 35 61 58
57 17 60 67 54 7 64
18 59 22 77 67 87 65
9 49 68 76 73 12 60
21 26 14 72 68 27 43
25 6 21 8 25 77 59
21 26 14 41 67 50 54
92 59 40 1 88 57 33
22 90 31 18 59 22 32
32 36 42 26 1 48 35
21 26 14 5 77 81 84
48 84 56 45 91 64 10
30 52 55 65 24 7 55
74 60 3 45 91 64 68
71 1 29 2 71 10 72
75 51 18 50 79 42 36
42 70 21 80 66 11 10
56 82 74 8 25 77 57
49 12 86 34 37 24 66
9 49 68 53 49 59 9
27 63 76 77 67 87 11
48 84 56 84 18 41 67
53 49 59 81 46 80 21
35 71 86 76 73 12 74
22 90 31 37 35 74 69
88 76 60 24 70 1 59
53 49 59 88 76 60 27
42 70 21 75 51 18 19
57 17 60 6 78 83 65
46 17 22 43 7 38 18
78 20 82 79 15 61 21
44 51 31 11 80 64 43
65 24 7 7 47 83 79
64 74 1 85 48 54 59
42 70 21 53 49 59 43
0 87 36 47 75 48 16
33 42 4 3 90 65 77
62 83 29 68 71 78 50
32 36 42 15 31 22 20
82 9 4 80 66 11 57
75 51 18 84 18 41 40
41 67 50 35 71 86 36
66 79 81 91 2 69 77
1 88 57 78 20 82 72
39 1 67 55 63 74 62
30 52 55 69 59 8 47
10 79 51 80 66 11 42
40 42 31 26 1 48 44
58 76 88 86 37 10 87
67 54 7 75 51 18 11
62 83 29 1 88 57 28
18 59 22 53 49 59 38
23 1 87 11 80 64 82
9 49 68 8 25 77 25
44 51 31 33 42 4 28
87 55 47 50 79 42 24
56 82 74 55 63 74 19
10 79 51 63 13 22 72
55 63 74 82 9 4 88
12 80 48 63 13 22 71
2 71 10 92 59 40 32
3 90 65 56 82 74 12
0 87 36 67 54 7 43
17 20 50 22 90 31 72
43 7 38 29 65 67 64
47 75 48 72 68 27 22
54 50 79 17 20 50 41
80 66 11 25 6 21 60
87 55 47 18 59 22 25
26 1 48 24 70 1 83
92 59 40 29 65 67 27
83 91 40 53 49 59 46
78 20 82 15 31 22 61
59 36 55 60 48 2 54
21 26 14 64 74 1 49
12 80 48 35 71 86 39
54 50 79 80 66 11 69
47 75 48 17 20 50 55
1 88 57 67 54 7 60
91 2 69 86 37 10 68
5 77 81 43 7 38 82
92 59 40 20 68 5 36
21 26 14 6 78 83 86
73 49 73 86 37 10 64
5 77 81 54 50 79 27
73 49 73 72 68 27 49
68 71 78 84 18 41 64
69 59 8 48 84 56 54
67 54 7 71 1 29 57
53 49 59 56 82 74 36
34 37 24 39 1 67 56
8 25 77 70 67 33 60
15 31 22 5 77 81 74
47 75 48 8 25 77 57
19 28 88 91 2 69 32
10 79 51 17 20 50 59
18 59 22 92 59 40 18
29 65 67 88 76 60 13
16 88 57 1 88 57 0
42 70 21 22 90 31 22
34 37 24 74 60 3 31
26 1 48 53 49 59 49
42 70 21 41 67 50 29
2 71 10 76 73 12 2
57 17 60 92 59 40 46
41 67 50 36 16 68 54
51 58 55 29 65 67 13
9 49 68 86 37 10 59
55 63 74 32 36 42 41
20 68 5 43 7 38 69
18 59 22 70 67 33 13
12 80 48 3 90 65 19
1 88 57 31 16 52 72
10 79 51 16 88 57 10
57 17 60 51 58 55 41
79 15 61 29 65 67 50
70 67 33 45 91 64 39
44 51 31 21 26 14 30
15 31 22 7 47 83 63
6 78 83 63 13 22 89
34 37 24 83 91 40 56
52 38 66 90 92 45 57
84 18 41 58 76 88 74
37 35 74 14 8 4 75
20 68 5 88 76 60 55
76 73 12 74 60 3 15
16 88 57 89 80 58 8
48 84 56 61 87 5 51
3 90 65 65 24 7 87
52 38 66 26 1 48 41
41 67 50 65 24 7 60
82 9 4 41 67 50 74
57 17 60 66 79 81 65
25 6 21 41 67 50 67
15 31 22 73 49 73 54
64 74 1 75 51 18 28
20 68 5 1 88 57 55
88 76 60 9 49 68 28
22 90 31 30 52 55 44
63 13 22 20 68 5 57
76 73 12 23 1 87 103
43 7 38 22 90 31 83
13 45 42 89 80 58 38
27 63 76 56 82 74 19
31 16 52 8 25 77 26
17 20 50 76 73 12 65
60 48 2 75 51 18 16
65 24 7 44 51 31 36
70 67 33 53 49 59 31
26 1 48 39 1 67 19
65 24 7 22 90 31 70
18 59 22 7 47 83 62
6 78 83 2 71 10 73
60 48 2 36 16 68 73
79 15 61 30 52 55 37
90 92 45 13 45 42 47
73 49 73 1 88 57 42
35 71 86 30 52 55 36
38 71 2 26 1 48 83
80 66 11 87 55 47 37
43 7 38 52 38 66 41
7 47 83 81 46 80 3
47 75 48 49 12 86 73
44 51 31 4 35 61 34
34 37 24 89 80 58 54
26 1 48 31 16 52 15
71 1 29 84 18 41 20
39 1 67 89 80 58 79
57 17 60 24 70 1 79
43 7 38 26 1 48 11
58 76 88 40 42 31 66
24 70 1 21 26 14 45
11 80 64 32 36 42 49
88 76 60 12 80 48 12
77 67 87 69 59 8 79
30 52 55 12 80 48 28
4 35 61 43 7 38 36
75 51 18 82 9 4 44
16 88 57 48 84 56 4
89 80 58 70 67 33 28
75 51 18 31 16 52 48
72 68 27 17 20 50 53
16 88 57 67 54 7 60
44 51 31 36 16 68 50
71 1 29 31 16 52 27
30 52 55 53 49 59 5
56 82 74 43 7 38 83
68 71 78 20 68 5 73
83 91 40 66 79 81 42
51 58 55 67 54 7 48
50 79 42 33 42 4 53
82 9 4 73 49 73 79
61 87 5 38 71 2 16
76 73 12 53 49 59 52
33 42 4 36 16 68 69
85 48 54 36 16 68 34
29 65 67 90 92 45 34
69 59 8 72 68 27 21
12 80 48 1 88 57 12
37 35 74 12 80 48 51
51 58 55 28 92 31 41
15 31 22 41 67 50 45
56 82 74 70 67 33 43
36 16 68 63 13 22 46
58 76 88 52 38 66 43
13 45 42 43 7 38 38
57 17 60 12 80 48 64
31 16 52 82 9 4 48
81 46 80 83 91 40 60
49 12 86 3 90 65 80
27 63 76 47 75 48 30
29 65 67 87 55 47 22
27 63 76 28 92 31 53
41 67 50 70 67 33 17
12 80 48 50 79 42 6
6 78 83 48 84 56 27
80 66 11 2 71 10 5
45 91 64 83 91 40 24
31 16 52 48 84 56 68
17 20 50 78 20 82 32
39 1 67 52 38 66 37
46 17 22 82 9 4 19
49 12 86 81 46 80 34
75 51 18 74 60 3 17
31 16 52 46 17 22 30
9 49 68 15 31 22 49
84 18 41 7 47 83 51
50 79 42 23 1 87 90
75 51 18 17 20 50 44
0 87 36 42 70 21 22
47 75 48 75 51 18 38
37 35 74 4 35 61 13
74 60 3 43 7 38 63
35 71 86 20 68 5 81
80 66 11 27 63 76 65
73 49 73 59 36 55 22
55 63 74 68 71 78 8
18 59 22 82 9 4 53
47 75 48 11 80 64 16
43 7 38 31 16 52 16
29 65 67 56 82 74 18
30 52 55 18 59 22 33
79 15 61 40 42 31 40
44 51 31 8 25 77 52
79 15 61 31 16 52 9
40 42 31 82 9 4 42
1 88 57 60 48 2 68
38 71 2 2 71 10 8
78 20 82 63 13 22 60
69 59 8 27 63 76 68
23 1 87 66 79 81 78
28 92 31 74 60 3 42
25 6 21 92 59 40 56
6 78 83 1 88 57 27
6 78 83 77 67 87 11
1 88 57 15 31 22 66
38 71 2 48 84 56 55
90 92 45 19 28 88 77
65 24 7 74 60 3 36
68 71 78 90 92 45 39
40 42 31 7 47 83 52
32 36 42 60 48 2 41
27 63 76 79 15 61 50
57 17 60 15 31 22 40
92 59 40 73 49 73 34
60 48 2 70 67 33 36
75 51 18 91 2 69 70
14 8 4 71 1 29 25
11 80 64 30 52 55 29
14 8 4 70 67 33 65
47 75 48 33 42 4 55
90 92 45 84 18 41 74
89 80 58 61 87 5 53
47 75 48 74 60 3 47
82 9 4 35 71 86 102
32 36 42 73 49 73 33
76 73 12 77 67 87 75
55 63 74 88 76 60 19
12 80 48 7 47 83 48
22 90 31 28 92 31 2
53 49 59 28 92 31 51
20 68 5 50 79 42 38
6 78 83 82 9 4 104
86 37 10 52 38 66 56
67 54 7 4 35 61 57
61 87 5 81 46 80 85
29 65 67 23 1 87 67
89 80 58 47 75 48 11
26 1 48 22 90 31 90
58 76 88 66 79 81 7
23 1 87 51 58 55 65
3 90 65 71 1 29 96
83 91 40 15 31 22 62
33 42 4 70 67 33 38
30 52 55 82 9 4 66
15 31 22 12 80 48 55
45 91 64 49 12 86 82
39 1 67 38 71 2 95
50 79 42 69 59 8 39
63 13 22 57 17 60 38
12 80 48 83 91 40 13
46 17 22 0 87 36 71
59 36 55 3 90 65 54
90 92 45 60 48 2 61
73 49 73 42 70 21 56
4 35 61 54 50 79 23
36 16 68 22 90 31 82
61 87 5 32 36 42 63
76 73 12 28 92 31 26
51 58 55 85 48 54 10
76 73 12 1 88 57 47
25 6 21 77 67 87 89
37 35 74 41 67 50 40
36 16 68 49 12 86 18
27 63 76 76 73 12 64
37 35 74 29 65 67 30
68 71 78 74 60 3 75
84 18 41 36 16 68 27
3 90 65 36 16 68 74
34 37 24 40 42 31 8
88 76 60 78 20 82 60
67 54 7 12 80 48 48
54 50 79 35 71 86 22
27 63 76 67 54 7 69
2 71 10 54 50 79 72
54 50 79 52 38 66 17
77 67 87 14 8 4 101
22 90 31 7 47 83 67
63 13 22 27 63 76 73
75 51 18 22 90 31 41
69 59 8 90 92 45 49
47 75 48 44 51 31 29
61 87 5 19 28 88 101
85 48 54 31 16 52 32
79 15 61 61 87 5 91
80 66 11 19 28 88 85
55 63 74 15 31 22 61
13 45 42 81 46 80 38
30 52 55 47 75 48 24
63 13 22 61 87 5 75
31 16 52 28 92 31 78
81 46 80 5 77 81 31
37 35 74 56 82 74 47
64 74 1 81 46 80 83
18 59 22 67 54 7 15
15 31 22 59 36 55 33
84 18 41 50 79 42 61
15 31 22 71 1 29 30
13 45 42 47 75 48 30
92 59 40 62 83 29 26
83 91 40 48 84 56 17
91 2 69 74 60 3 87
39 1 67 18 59 22 73
32 36 42 27 63 76 43
86 37 10 57 17 60 53
32 36 42 90 92 45 56
65 24 7 33 42 4 18
42 70 21 43 7 38 65
60 48 2 69 59 8 12
87 55 47 27 63 76 30
69 59 8 2 71 10 12
75 51 18 10 79 51 43
10 79 51 76 73 12 39
4 35 61 1 88 57 53
47 75 48 80 66 11 38
75 51 18 29 65 67 50
80 66 11 23 1 87 100
18 59 22 59 36 55 40
3 90 65 53 49 59 41
29 65 67 10 79 51 21
73 49 73 5 77 81 29
61 87 5 82 9 4 78
80 66 11 51 58 55 44
45 91 64 31 16 52 75
83 91 40 61 87 5 35
14 8 4 4 35 61 63
59 36 55 19 28 88 33
76 73 12 87 55 47 39
60 48 2 82 9 4 39
34 37 24 30 52 55 34
14 8 4 80 66 11 58
8 25 77 89 80 58 58
35 71 86 83 91 40 50
66 79 81 86 37 10 82
30 52 55 77 67 87 35
14 8 4 31 16 52 48
33 42 4 53 49 59 55
55 63 74 5 77 81 15
62 83 29 11 80 64 35
54 50 79 40 42 31 48
82 9 4 90 92 45 92
67 54 7 28 92 31 44
24 70 1 72 68 27 26
6 78 83 43 7 38 84
39 1 67 65 24 7 64
41 67 50 75 51 18 35
16 88 57 22 90 31 26
37 35 74 86 37 10 64
31 16 52 61 87 5 85
48 84 56 0 87 36 20
81 46 80 65 24 7 76
62 83 29 40 42 31 41
10 79 51 48 84 56 7
33 42 4 73 49 73 69
32 36 42 59 36 55 13
17 20 50 36 16 68 18
23 1 87 5 77 81 76
11 80 64 84 18 41 66
34 37 24 26 1 48 43
89 80 58 12 80 48 10
13 45 42 11 80 64 41
27 63 76 13 45 42 38
83 91 40 60 48 2 57
42 70 21 14 8 4 64
54 50 79 92 59 40 40
90 92 45 10 79 51 14
55 63 74 51 58 55 19
10 79 51 78 20 82 66
26 1 48 87 55 47 54
58 76 88 42 70 21 67
13 45 42 6 78 83 52
86 37 10 56 82 74 78
55 63 74 20 68 5 69
25 6 21 23 1 87 66
56 82 74 39 1 67 81
16 88 57 60 48 2 68
45 91 64 3 90 65 1
11 80 64 71 1 29 86
73 49 73 18 59 22 51
79 15 61 0 87 36 76
22 90 31 83 91 40 9
91 2 69 58 76 88 76
4 35 61 75 51 18 45
24 70 1 66 79 81 80
31 16 52 33 42 4 54
81 46 80 59 36 55 26
68 71 78 17 20 50 58
31 16 52 13 45 42 30
7 47 83 75 51 18 65
5 77 81 2 71 10 71
36 16 68 4 35 61 20
87 55 47 49 12 86 58
44 51 31 22 90 31 39
47 75 48 70 67 33 17
29 65 67 63 13 22 68
17 20 50 19 28 88 38
25 6 21 21 26 14 21
72 68 27 71 1 29 67
78 20 82 74 60 3 88
24 70 1 85 48 54 57
52 38 66 65 24 7 60
6 78 83 10 79 51 32
41 67 50 47 75 48 8
19 28 88 7 47 83 19
35 71 86 15 31 22 75
2 71 10 16 88 57 49
75 51 18 27 63 76 59
66 79 81 8 25 77 54
4 35 61 85 48 54 14
13 45 42 56 82 74 48
28 92 31 47 75 48 24
10 79 51 11 80 64 13
26 1 48 1 88 57 87
90 92 45 71 1 29 92
80 66 11 28 92 31 32
8 25 77 20 68 5 83
14 8 4 3 90 65 102
80 66 11 38 71 2 10
42 70 21 66 79 81 60
57 17 60 18 59 22 56
11 80 64 40 42 31 50
61 87 5 47 75 48 44
49 12 86 39 1 67 21
66 79 81 55 63 74 17
13 45 42 65 24 7 40
40 42 31 48 84 56 48
81 46 80 63 13 22 66
80 66 11 35 71 86 75
56 82 74 36 16 68 66
70 67 33 32 36 42 32
13 45 42 60 48 2 40
21 26 14 23 1 87 77
48 84 56 65 24 7 77
52 38 66 47 75 48 41
56 82 74 17 20 50 66
71 1 29 6 78 83 94
75 51 18 49 12 86 78
80 66 11 53 49 59 50
66 79 81 56 82 74 7
69 59 8 49 12 86 91
15 31 22 34 37 24 6
28 92 31 2 71 10 29
52 38 66 12 80 48 45
72 68 27 61 87 5 29
11 80 64 76 73 12 52
49 12 86 73 49 73 39
74 60 3 66 79 81 80
67 54 7 42 70 21 21
35 71 86 68 71 78 8
33 42 4 32 36 42 38
82 9 4 54 50 79 85
21 26 14 45 91 64 82
71 1 29 22 90 31 89
48 84 56 89 80 58 4
10 79 51 23 1 87 85
1 88 57 54 50 79 43
81 46 80 33 42 4 76
72 68 27 44 51 31 17
3 90 65 41 67 50 27
91 2 69 6 78 83 77
35 71 86 26 1 48 79
18 59 22 85 48 54 33
32 36 42 75 51 18 28
56 82 74 61 87 5 69
17 20 50 26 1 48 19
72 68 27 13 45 42 27
62 83 29 64 74 1 29
22 90 31 74 60 3 41
3 90 65 37 35 74 55
8 25 77 36 16 68 12
81 46 80 79 15 61 36
28 92 31 46 17 22 75
60 48 2 62 83 29 44
30 52 55 67 54 7 48
23 1 87 60 48 2 97
65 24 7 62 83 29 62
16 88 57 31 16 52 72
36 16 68 74 60 3 78
23 1 87 86 37 10 85
35 71 86 10 79 51 35
5 77 81 92 59 40 44
59 36 55 52 38 66 11
37 35 74 48 84 56 52
14 8 4 69 59 8 51
77 67 87 35 71 86 4
61 87 5 51 58 55 57
45 91 64 37 35 74 56
24 70 1 40 42 31 41
9 49 68 85 48 54 14
37 35 74 69 59 8 70
66 79 81 38 71 2 79
49 12 86 30 52 55 50
21 26 14 71 1 29 29
77 67 87 13 45 42 50
61 87 5 43 7 38 86
58 76 88 80 66 11 77
35 71 86 29 65 67 19
51 58 55 63 13 22 55
27 63 76 39 1 67 62
48 84 56 59 36 55 48
23 1 87 92 59 40 74
63 13 22 47 75 48 67
40 42 31 33 42 4 27
73 49 73 54 50 79 6
49 12 86 19 28 88 16
26 1 48 76 73 12 80
34 37 24 44 51 31 15
53 49 59 65 24 7 57
16 88 57 87 55 47 34
90 92 45 76 73 12 38
87 55 47 44 51 31 16
59 36 55 76 73 12 56
5 77 81 27 63 76 14
6 78 83 68 71 78 8
73 49 73 38 71 2 74
10 79 51 61 87 5 46
48 84 56 15 31 22 62
20 68 5 76 73 12 8
69 59 8 20 68 5 9
55 63 74 49 12 86 52
59 36 55 31 16 52 20
82 9 4 81 46 80 84
71 1 29 81 46 80 68
84 18 41 0 87 36 69
49 12 86 89 80 58 73
28 92 31 85 48 54 49
13 45 42 61 87 5 55
90 92 45 57 17 60 76
7 47 83 70 67 33 53
73 49 73 37 35 74 14
12 80 48 77 67 87 41
63 13 22 52 38 66 50
19 28 88 81 46 80 19
49 12 86 40 42 31 62
84 18 41 15 31 22 23
63 13 22 26 1 48 28
54 50 79 21 26 14 69
33 42 4 38 71 2 29
44 51 31 79 15 61 46
10 79 51 65 24 7 70
90 92 45 28 92 31 14
32 36 42 16 88 57 54
28 92 31 71 1 29 91
81 46 80 27 63 76 17
72 68 27 60 48 2 32
85 48 54 8 25 77 32
75 51 18 45 91 64 60
75 51 18 44 51 31 13
6 78 83 72 68 27 56
25 6 21 16 88 57 89
17 20 50 23 1 87 41
75 51 18 51 58 55 37
40 42 31 51 58 55 28
70 67 33 81 46 80 51
3 90 65 69 59 8 64
4 35 61 13 45 42 21
45 91 64 72 68 27 43
87 55 47 25 6 21 55
64 74 1 30 52 55 58
18 59 22 17 20 50 48
5 77 81 29 65 67 18
82 9 4 91 2 69 65
88 76 60 3 90 65 14
5 77 81 25 6 21 92
49 12 86 54 50 79 38
19 28 88 45 91 64 67
74 60 3 54 50 79 76
62 83 29 84 18 41 66
34 37 24 54 50 79 56
13 45 42 74 60 3 41
6 78 83 38 71 2 81
13 45 42 40 42 31 11
66 79 81 14 8 4 104
50 79 42 47 75 48 7
48 84 56 72 68 27 33
90 92 45 34 37 24 58
32 36 42 45 91 64 59
92 59 40 26 1 48 58
11 80 64 68 71 78 16
8 25 77 65 24 7 70
44 51 31 25 6 21 46
20 68 5 22 90 31 34
68 71 78 83 91 40 42
67 54 7 55 63 74 67
84 18 41 10 79 51 61
18 59 22 1 88 57 45
55 63 74 6 78 83 17
37 35 74 91 2 69 33
73 49 73 69 59 8 65
64 74 1 19 28 88 98
40 42 31 90 92 45 51
66 79 81 39 1 67 79
40 42 31 16 88 57 52
68 71 78 76 73 12 66
45 91 64 52 38 66 53
37 35 74 2 71 10 73
38 71 2 15 31 22 44
51 58 55 13 45 42 18
30 52 55 89 80 58 28
14 8 4 53 49 59 68
4 35 61 64 74 1 71
43 7 38 54 50 79 59
55 63 74 27 63 76 2
36 16 68 82 9 4 64
45 91 64 33 42 4 77
16 88 57 63 13 22 82
44 51 31 1 88 57 45
39 1 67 33 42 4 75
44 51 31 57 17 60 44
31 16 52 70 67 33 54
40 42 31 31 16 52 33
11 80 64 0 87 36 28
44 51 31 73 49 73 42
27 63 76 86 37 10 70
8 25 77 58 76 88 52
27 63 76 92 59 40 36
0 87 36 4 35 61 57
66 79 81 41 67 50 33
43 7 38 48 84 56 79
18 59 22 45 91 64 52
71 1 29 46 17 22 17
24 70 1 75 51 18 25
49 12 86 91 2 69 19
46 17 22 77 67 87 82
87 55 47 72 68 27 23
40 42 31 47 75 48 37
24 70 1 48 84 56 56
21 26 14 22 90 31 66
10 79 51 36 16 68 65
64 74 1 16 88 57 57
57 17 60 59 36 55 19
90 92 45 8 25 77 74
71 1 29 5 77 81 92
46 17 22 55 63 74 69
64 74 1 45 91 64 65
60 48 2 56 82 74 79
56 82 74 30 52 55 35
14 8 4 64 74 1 66
11 80 64 82 9 4 92
12 80 48 9 49 68 36
67 54 7 62 83 29 36
6 78 83 33 42 4 86
70 67 33 46 17 22 51
46 17 22 66 79 81 85
67 54 7 78 20 82 82
25 6 21 66 79 81 94
39 1 67 83 91 40 93
62 83 29 36 16 68 77
36 16 68 66 79 81 64
80 66 11 67 54 7 12
24 70 1 63 13 22 60
15 31 22 19 28 88 66
57 17 60 88 76 60 59
58 76 88 33 42 4 90
8 25 77 11 80 64 56
6 78 83 32 36 42 58
42 70 21 72 68 27 6
9 49 68 66 79 81 32
66 79 81 84 18 41 72
30 52 55 54 50 79 24
62 83 29 32 36 42 48
53 49 59 34 37 24 37
17 20 50 29 65 67 48
23 1 87 33 42 4 92
84 18 41 20 68 5 61
62 83 29 53 49 59 45
70 67 33 76 73 12 21
3 90 65 8 25 77 66
30 52 55 75 51 18 37
37 35 74 67 54 7 69
29 65 67 16 88 57 25
60 48 2 43 7 38 54
78 20 82 43 7 38 45
38 71 2 70 67 33 31
18 59 22 58 76 88 68
74 60 3 4 35 61 63
15 31 22 43 7 38 28
35 71 86 85 48 54 39
16 88 57 45 91 64 7
47 75 48 14 8 4 80
16 88 57 33 42 4 70
66 79 81 34 37 24 70
3 90 65 18 59 22 53
79 15 61 4 35 61 20
41 67 50 79 15 61 53
28 92 31 5 77 81 52
86 37 10 6 78 83 83
53 49 59 41 67 50 20
86 37 10 30 52 55 47
77 67 87 28 92 31 61
16 88 57 27 63 76 31
37 35 74 53 49 59 20
43 7 38 79 15 61 24
56 82 74 65 24 7 88
33 42 4 88 76 60 65
76 73 12 79 15 61 75
22 90 31 19 28 88 84
37 35 74 6 78 83 43
81 46 80 24 70 1 82
32 36 42 65 24 7 37
31 16 52 18 59 22 52
89 80 58 73 49 73 34
57 17 60 4 35 61 18
42 70 21 35 71 86 65
29 65 67 3 90 65 25
44 51 31 58 76 88 62
70 67 33 16 88 57 31
62 83 29 18 59 22 25
65 24 7 16 88 57 81
0 87 36 8 25 77 74
41 67 50 45 91 64 27
2 71 10 0 87 36 30
17 20 50 58 76 88 67
43 7 38 9 49 68 51
72 68 27 30 52 55 32
67 54 7 11 80 64 62
58 76 88 41 67 50 39
45 91 64 27 63 76 30
36 16 68 2 71 10 79
35 71 86 6 78 83 7
44 51 31 30 52 55 24
5 77 81 70 67 33 49
79 15 61 24 70 1 81
24 70 1 80 66 11 10
52 38 66 40 42 31 35
20 68 5 25 6 21 64
52 38 66 13 45 42 25
72 68 27 90 92 45 30
77 67 87 45 91 64 33
42 70 21 86 37 10 34
15 31 22 44 51 31 21
88 76 60 56 82 74 15
34 37 24 79 15 61 43
87 55 47 45 91 64 39
63 13 22 22 90 31 77
0 87 36 44 51 31 36
71 1 29 34 37 24 36
28 92 31 38 71 2 35
91 2 69 42 70 21 83
32 36 42 19 28 88 46
55 63 74 74 60 3 71
91 2 69 65 24 7 65
13 45 42 49 12 86 55
73 49 73 57 17 60 34
52 38 66 4 35 61 5
40 42 31 6 78 83 63
34 37 24 56 82 74 67
57 17 60 62 83 29 72
53 49 59 52 38 66 13
55 63 74 0 87 36 44
2 71 10 24 70 1 9
50 79 42 6 78 83 41
44 51 31 69 59 8 24
64 74 1 65 24 7 50
76 73 12 13 45 42 41
82 9 4 28 92 31 87
77 67 87 26 1 48 76
56 82 74 45 91 64 13
25 6 21 74 60 3 56
41 67 50 10 79 51 12
85 48 54 52 38 66 15
17 20 50 63 13 22 28
79 15 61 84 18 41 20
54 50 79 11 80 64 33
67 54 7 40 42 31 26
9 49 68 11 80 64 31
3 90 65 72 68 27 43
62 83 29 34 37 24 46
68 71 78 92 59 40 39
78 20 82 42 70 21 78
39 1 67 14 8 4 63
34 37 24 11 80 64 58
34 37 24 27 63 76 58
28 92 31 63 13 22 79
27 63 76 46 17 22 70
32 36 42 17 20 50 17
22 90 31 31 16 52 76
82 9 4 62 83 29 78
62 83 29 81 46 80 63
5 77 81 78 20 82 57
88 76 60 50 79 42 18
31 16 52 73 49 73 39
68 71 78 13 45 42 44
42 70 21 26 1 48 74
32 36 42 3 90 65 58
48 84 56 12 80 48 8
37 35 74 19 28 88 15
87 55 47 77 67 87 41
47 75 48 34 37 24 44
51 58 55 87 55 47 8
14 8 4 78 20 82 78
54 50 79 63 13 22 67
28 92 31 20 68 5 35
27 63 76 68 71 78 8
47 75 48 85 48 54 27
74 60 3 21 26 14 35
10 79 51 33 42 4 59
46 17 22 90 92 45 78
74 60 3 6 78 83 82
54 50 79 8 25 77 25
41 67 50 87 55 47 12
1 88 57 83 91 40 17
65 24 7 71 1 29 31
85 48 54 11 80 64 33
60 48 2 55 63 74 73
59 36 55 37 35 74 19
33 42 4 83 91 40 60
22 90 31 90 92 45 14
62 83 29 71 1 29 82
78 20 82 24 70 1 95
1 88 57 72 68 27 36
36 16 68 64 74 1 88
40 42 31 85 48 54 23
50 79 42 81 46 80 50
34 37 24 91 2 69 57
55 63 74 76 73 12 62
39 1 67 53 49 59 48
67 54 7 26 1 48 67
90 92 45 39 1 67 93
81 46 80 0 87 36 60
56 82 74 31 16 52 69
58 76 88 57 17 60 65
35 71 86 32 36 42 56
7 47 83 37 35 74 15
77 67 87 44 51 31 58
43 7 38 66 79 81 83
25 6 21 67 54 7 50
43 7 38 53 49 59 46
33 42 4 46 17 22 30
92 59 40 19 28 88 57
64 74 1 90 92 45 47
12 80 48 6 78 83 35
48 84 56 77 67 87 35
5 77 81 13 45 42 50
29 65 67 28 92 31 45
40 42 31 65 24 7 30
63 13 22 65 24 7 18
68 71 78 28 92 31 51
45 91 64 26 1 48 91
46 17 22 54 50 79 65
71 1 29 53 49 59 56
88 76 60 49 12 86 69
44 51 31 49 12 86 67
50 79 42 37 35 74 54
63 13 22 41 67 50 60
18 59 22 90 92 45 40
91 2 69 62 83 29 90
53 49 59 24 70 1 61
11 80 64 61 87 5 59
65 24 7 17 20 50 43
14 8 4 46 17 22 20
21 26 14 18 59 22 33
18 59 22 28 92 31 34
58 76 88 38 71 2 86
77 67 87 11 80 64 26
17 20 50 42 70 21 57
24 70 1 5 77 81 80
90 92 45 1 88 57 12
68 71 78 43 7 38 75
88 76 60 25 6 21 80
11 80 64 33 42 4 71
91 2 69 60 48 2 81
4 35 61 29 65 67 30
29 65 67 49 12 86 56
56 82 74 59 36 55 49
58 76 88 35 71 86 5
12 80 48 76 73 12 36
66 79 81 17 20 50 66
34 37 24 1 88 57 60
44 51 31 23 1 87 75
69 59 8 83 91 40 45
5 77 81 62 83 29 52
4 35 61 32 36 42 19
20 68 5 27 63 76 71
34 37 24 3 90 65 67
92 59 40 87 55 47 8
17 20 50 84 18 41 9
84 18 41 19 28 88 48
56 82 74 25 6 21 92
78 20 82 82 9 4 78
22 90 31 13 45 42 46
31 16 52 64 74 1 77
73 49 73 79 15 61 36
89 80 58 56 82 74 16
41 67 50 13 45 42 23
85 48 54 67 54 7 47
26 1 48 23 1 87 39
60 48 2 51 58 55 53
34 37 24 31 16 52 35
61 87 5 70 67 33 34
7 47 83 78 20 82 27
80 66 11 50 79 42 33
17 20 50 40 42 31 29
56 82 74 92 59 40 41
2 71 10 3 90 65 58
17 20 50 9 49 68 34
70 67 33 17 20 50 49
38 71 2 50 79 42 40
0 87 36 14 8 4 85
31 16 52 54 50 79 43
9 49 68 89 80 58 32
80 66 11 66 79 81 71
0 87 36 5 77 81 46
5 77 81 68 71 78 6
5 77 81 10 79 51 30
46 17 22 75 51 18 34
78 20 82 32 36 42 43
36 16 68 23 1 87 24
79 15 61 72 68 27 62
24 70 1 33 42 4 28
40 42 31 0 87 36 45
65 24 7 82 9 4 15
43 7 38 17 20 50 17
43 7 38 63 13 22 17
30 52 55 17 20 50 32
89 80 58 5 77 81 23
82 9 4 37 35 74 74
55 63 74 80 66 11 63
76 73 12 24 70 1 11
8 25 77 29 65 67 41
33 42 4 66 79 81 85
91 2 69 0 87 36 91
71 1 29 66 79 81 93
88 76 60 58 76 88 28
41 67 50 31 16 52 51
5 77 81 35 71 86 7
85 48 54 49 12 86 48
33 42 4 75 51 18 16
85 48 54 80 66 11 46
89 80 58 46 17 22 72
60 48 2 28 92 31 52
57 17 60 38 71 2 79
84 18 41 92 59 40 41
68 71 78 81 46 80 25
41 67 50 69 59 8 42
89 80 58 0 87 36 23
92 59 40 72 68 27 15
43 7 38 90 92 45 85
77 67 87 3 90 65 31
46 17 22 81 46 80 64
14 8 4 57 17 60 56
27 63 76 62 83 29 51
3 90 65 35 71 86 28
26 1 48 85 48 54 47
30 52 55 19 28 88 40
79 15 61 89 80 58 65
66 79 81 5 77 81 2
51 58 55 8 25 77 39
92 59 40 3 90 65 39
29 65 67 2 71 10 57
72 68 27 8 25 77 65
56 82 74 12 80 48 26
70 67 33 78 20 82 67
30 52 55 9 49 68 13
51 58 55 49 12 86 55
91 2 69 8 25 77 24
14 8 4 76 73 12 65
3 90 65 38 71 2 65
90 92 45 53 49 59 45
16 88 57 57 17 60 71
71 1 29 9 49 68 61
61 87 5 85 48 54 62
63 13 22 86 37 10 26
40 42 31 3 90 65 58
79 15 61 36 16 68 7
1 88 57 55 63 74 30
41 67 50 30 52 55 15
65 24 7 67 54 7 30
8 25 77 23 1 87 26
13 45 42 8 25 77 40
8 25 77 71 1 29 53
15 31 22 29 65 67 56
25 6 21 28 92 31 86
41 67 50 23 1 87 75
86 37 10 68 71 78 76
38 71 2 88 76 60 58
91 2 69 87 55 47 57
13 45 42 18 59 22 24
11 80 64 22 90 31 34
63 13 22 2 71 10 59
22 90 31 1 88 57 26
10 79 51 67 54 7 50
18 59 22 10 79 51 35
87 55 47 89 80 58 27
76 73 12 51 58 55 45
0 87 36 31 16 52 72
71 1 29 63 13 22 13
31 16 52 5 77 81 67
60 48 2 2 71 10 24
14 8 4 48 84 56 92
41 67 50 46 17 22 57
60 48 2 52 38 66 64
30 52 55 83 91 40 41
53 49 59 59 36 55 13
82 9 4 26 1 48 44
88 76 60 8 25 77 53
43 7 38 39 1 67 29
80 66 11 4 35 61 58
73 49 73 47 75 48 36
72 68 27 28 92 31 24
38 71 2 25 6 21 67
64 74 1 76 73 12 11
43 7 38 47 75 48 68
44 51 31 52 38 66 37
54 50 79 81 46 80 4
57 17 60 81 46 80 35
79 15 61 69 59 8 68
16 88 57 19 28 88 67
6 78 83 30 52 55 38
72 68 27 18 59 22 10
58 76 88 75 51 18 74
5 77 81 86 37 10 81
30 52 55 15 31 22 39
41 67 50 34 37 24 39
8 25 77 82 9 4 74
3 90 65 21 26 14 81
12 80 48 0 87 36 13
67 54 7 54 50 79 72
11 80 64 43 7 38 77
43 7 38 82 9 4 34
6 78 83 73 49 73 30
17 20 50 2 71 10 64
35 71 86 72 68 27 59
68 71 78 82 9 4 96
5 77 81 32 36 42 56
91 2 69 59 36 55 36
15 31 22 20 68 5 40
73 49 73 9 49 68 5
81 46 80 74 60 3 78
88 76 60 41 67 50 13
0 87 36 76 73 12 27
36 16 68 52 38 66 22
33 42 4 56 82 74 80
68 71 78 56 82 74 11
80 66 11 3 90 65 59
80 66 11 26 1 48 74
11 80 64 6 78 83 19
46 17 22 19 28 88 66
34 37 24 24 70 1 40
11 80 64 12 80 48 16
82 9 4 76 73 12 64
2 71 10 11 80 64 54
36 16 68 15 31 22 48
12 80 48 55 63 74 31
47 75 48 35 71 86 38
74 60 3 69 59 8 5
39 1 67 87 55 47 57
52 38 66 61 87 5 78
15 31 22 74 60 3 34
42 70 21 10 79 51 31
55 63 74 64 74 1 73
84 18 41 44 51 31 34
68 71 78 58 76 88 11
1 88 57 68 71 78 27
22 90 31 87 55 47 38
79 15 61 51 58 55 43
89 80 58 77 67 87 31
88 76 60 86 37 10 63
47 75 48 15 31 22 51
88 76 60 44 51 31 38
64 74 1 80 66 11 12
4 35 61 16 88 57 53
48 84 56 60 48 2 64
36 16 68 29 65 67 49
32 36 42 57 17 60 26
92 59 40 75 51 18 23
48 84 56 55 63 74 27
38 71 2 45 91 64 65
88 76 60 43 7 38 72
14 8 4 52 38 66 68
83 91 40 21 26 14 70
45 91 64 44 51 31 51
75 51 18 54 50 79 61
29 65 67 31 16 52 51
38 71 2 60 48 2 23
69 59 8 82 9 4 50
77 67 87 37 35 74 34
47 75 48 22 90 31 22
4 35 61 22 90 31 62
4 35 61 46 17 22 42
48 84 56 81 46 80 44
42 70 21 68 71 78 57
1 88 57 29 65 67 25
30 52 55 92 59 40 16
79 15 61 49 12 86 25
86 37 10 31 16 52 46
27 63 76 72 68 27 49
86 37 10 44 51 31 25
28 92 31 37 35 74 71
39 1 67 7 47 83 48
65 24 7 14 8 4 16
60 48 2 46 17 22 36
13 45 42 9 49 68 26
83 91 40 64 74 1 42
51 58 55 81 46 80 27
92 59 40 32 36 42 23
10 79 51 54 50 79 40
53 49 59 20 68 5 57
87 55 47 5 77 81 40
84 18 41 45 91 64 76
57 17 60 76 73 12 73
74 60 3 29 65 67 64
88 76 60 70 67 33 28
68 71 78 64 74 1 77
56 82 74 58 76 88 15
73 49 73 23 1 87 50
57 17 60 77 67 87 56
9 49 68 91 2 69 47
13 45 42 88 76 60 35
9 49 68 16 88 57 40
79 15 61 5 77 81 65
59 36 55 92 59 40 27
74 60 3 63 13 22 50
78 20 82 33 42 4 81
78 20 82 19 28 88 10
4 35 61 83 91 40 59
20 68 5 62 83 29 28
7 47 83 91 2 69 47
56 82 74 83 91 40 35
37 35 74 62 83 29 65
20 68 5 13 45 42 43
82 9 4 64 74 1 65
9 49 68 54 50 79 11
38 71 2 75 51 18 25
66 79 81 79 15 61 67
69 59 8 84 18 41 52
44 51 31 41 67 50 24
8 25 77 7 47 83 22
43 7 38 27 63 76 67
85 48 54 27 63 76 26
71 1 29 79 15 61 34
59 36 55 8 25 77 24
17 20 50 89 80 58 60
32 36 42 23 1 87 57
25 6 21 49 12 86 65
49 12 86 68 71 78 59
71 1 29 44 51 31 50
11 80 64 38 71 2 62
81 46 80 90 92 45 57
15 31 22 80 66 11 36
0 87 36 70 67 33 20
68 71 78 3 90 65 23
33 42 4 29 65 67 67
14 8 4 84 18 41 38
16 88 57 42 70 21 40
36 16 68 90 92 45 79
74 60 3 2 71 10 13
38 71 2 20 68 5 4
35 71 86 46 17 22 83
22 90 31 50 79 42 15
56 82 74 50 79 42 32
2 71 10 57 17 60 73
85 48 54 20 68 5 52
92 59 40 66 79 81 45
79 15 61 15 31 22 42
7 47 83 5 77 81 30
66 79 81 67 54 7 78
39 1 67 6 78 83 78
42 70 21 62 83 29 15
18 59 22 86 37 10 25
33 42 4 34 37 24 20
46 17 22 78 20 82 60
55 63 74 36 16 68 47
14 8 4 2 71 10 63
31 16 52 27 63 76 52
83 91 40 46 17 22 76
21 26 14 59 36 55 42
83 91 40 67 54 7 49
36 16 68 78 20 82 14
43 7 38 92 59 40 52
49 12 86 70 67 33 76
6 78 83 44 51 31 58
49 12 86 5 77 81 65
25 6 21 58 76 88 96
14 8 4 61 87 5 79
37 35 74 49 12 86 25
64 74 1 32 36 42 55
37 35 74 72 68 27 57
64 74 1 41 67 50 49
62 83 29 83 91 40 13
71 1 29 1 88 57 91
54 50 79 60 48 2 77
53 49 59 69 59 8 51
64 74 1 42 70 21 20
35 71 86 50 79 42 44
40 42 31 37 35 74 43
67 54 7 15 31 22 27
61 87 5 55 63 74 73
91 2 69 92 59 40 63
91 2 69 79 15 61 15
78 20 82 57 17 60 22
82 9 4 1 88 57 95
5 77 81 38 71 2 79
8 25 77 78 20 82 7
87 55 47 66 79 81 41
18 59 22 83 91 40 36
1 88 57 17 20 50 68
71 1 29 26 1 48 19
77 67 87 75 51 18 70
20 68 5 59 36 55 59
86 37 10 50 79 42 52
47 75 48 58 76 88 40
23 1 87 42 70 21 95
58 76 88 64 74 1 87
6 78 83 29 65 67 20
51 58 55 84 18 41 42
80 66 11 44 51 31 25
33 42 4 80 66 11 25
84 18 41 60 48 2 49
37 35 74 32 36 42 32
52 38 66 11 80 64 42
65 24 7 57 17 60 53
90 92 45 5 77 81 39
30 52 55 26 1 48 51
39 1 67 51 58 55 58
9 49 68 18 59 22 47
22 90 31 84 18 41 72
90 92 45 59 36 55 56
27 63 76 50 79 42 37
87 55 47 33 42 4 44
21 26 14 88 76 60 67
31 16 52 32 36 42 22
81 46 80 47 75 48 43
33 42 4 12 80 48 58
53 49 59 44 51 31 28
57 17 60 9 49 68 32
71 1 29 30 52 55 57
61 87 5 40 42 31 51
55 63 74 24 70 1 73
56 82 74 48 84 56 18
35 71 86 38 71 2 84
66 79 81 45 91 64 20
15 31 22 62 83 29 52
45 91 64 35 71 86 29
37 35 74 81 46 80 12
5 77 81 80 66 11 70
33 42 4 9 49 68 64
14 8 4 5 77 81 103
25 6 21 53 49 59 57
85 48 54 32 36 42 16
60 48 2 81 46 80 78
73 49 73 17 20 50 37
70 67 33 30 52 55 26
33 42 4 68 71 78 79
29 65 67 7 47 83 24
31 16 52 74 60 3 65
11 80 64 16 88 57 10
20 68 5 90 92 45 46
35 71 86 52 38 66 38
77 67 87 9 49 68 26
89 80 58 45 91 64 12
34 37 24 68 71 78 63
35 71 86 79 15 61 61
88 76 60 59 36 55 40
71 1 29 56 82 74 92
27 63 76 17 20 50 50
55 63 74 70 67 33 41
19 28 88 88 76 60 55
26 1 48 46 17 22 30
79 15 61 55 63 74 49
75 51 18 88 76 60 48
3 90 65 58 76 88 26
70 67 33 26 1 48 67
2 71 10 90 92 45 40
5 77 81 30 52 55 36
92 59 40 83 91 40 32
59 36 55 11 80 64 44
72 68 27 65 24 7 48
14 8 4 38 71 2 63
88 76 60 37 35 74 43
37 35 74 23 1 87 36
60 48 2 79 15 61 67
1 88 57 32 36 42 54
79 15 61 2 71 10 75
19 28 88 43 7 38 54
45 91 64 17 20 50 72
83 91 40 26 1 48 90
73 49 73 63 13 22 62
65 24 7 77 67 87 90
75 51 18 37 35 74 58
53 49 59 66 79 81 37
65 24 7 12 80 48 69
9 49 68 87 55 47 21
54 50 79 39 1 67 50
38 71 2 0 87 36 37
46 17 22 56 82 74 83
87 55 47 20 68 5 43
11 80 64 72 68 27 38
15 31 22 45 91 64 73
70 67 33 65 24 7 50
73 49 73 28 92 31 60
46 17 22 32 36 42 27
44 51 31 55 63 74 44
35 71 86 8 25 77 46
30 52 55 16 88 57 36
51 58 55 18 59 22 33
3 90 65 13 45 42 50
48 84 56 71 1 29 87
5 77 81 36 16 68 62
29 65 67 18 59 22 45
1 88 57 45 91 64 7
27 63 76 37 35 74 28
28 92 31 9 49 68 56
25 6 21 14 8 4 17
26 1 48 60 48 2 65
77 67 87 85 48 54 38
72 68 27 56 82 74 49
66 79 81 51 58 55 33
21 26 14 37 35 74 60
58 76 88 16 88 57 33
82 9 4 84 18 41 38
35 71 86 18 59 22 65
13 45 42 64 74 1 50
6 78 83 67 54 7 79
65 24 7 0 87 36 69
44 51 31 50 79 42 30
83 91 40 76 73 12 33
28 92 31 15 31 22 61
75 51 18 56 82 74 64
72 68 27 53 49 59 37
39 1 67 84 18 41 31
30 52 55 87 55 47 8
15 31 22 40 42 31 14
10 79 51 79 15 61 64
30 52 55 43 7 38 48
37 35 74 87 55 47 33
1 88 57 63 13 22 82
64 74 1 61 87 5 13
43 7 38 25 6 21 17
39 1 67 1 88 57 87
43 7 38 7 47 83 60
69 59 8 11 80 64 59
42 70 21 84 18 41 55
68 71 78 88 76 60 18
41 67 50 20 68 5 45
86 37 10 14 8 4 29
54 50 79 19 28 88 23
62 83 29 14 8 4 79
7 47 83 44 51 31 52
31 16 52 24 70 1 74
57 17 60 5 77 81 63
89 80 58 14 8 4 90
16 88 57 84 18 41 71
62 83 29 6 78 83 54
1 88 57 51 58 55 30
80 66 11 68 71 78 67
73 49 73 29 65 67 17
49 12 86 42 70 21 87
51 58 55 38 71 2 54
90 92 45 44 51 31 43
56 82 74 44 51 31 53
81 46 80 76 73 12 73
26 1 48 5 77 81 82
23 1 87 71 1 29 58
57 17 60 54 50 79 38
83 91 40 17 20 50 71
6 78 83 23 1 87 77
62 83 29 0 87 36 8
58 76 88 59 36 55 51
34 37 24 2 71 10 36
89 80 58 42 70 21 38
84 18 41 52 38 66 32
16 88 57 92 59 40 33
7 47 83 80 66 11 74
26 1 48 55 63 74 67
2 71 10 39 1 67 90
33 42 4 60 48 2 6
15 31 22 72 68 27 37
12 80 48 75 51 18 41
3 90 65 17 20 50 71
77 67 87 2 71 10 77
45 91 64 47 75 48 22
21 26 14 67 54 7 28
46 17 22 23 1 87 66
36 16 68 69 59 8 73
49 12 86 74 60 3 95
65 24 7 24 70 1 46
43 7 38 67 54 7 56
75 51 18 65 24 7 29
87 55 47 43 7 38 48
36 16 68 38 71 2 85
45 91 64 57 17 60 74
87 55 47 63 13 22 48
25 6 21 9 49 68 63
4 35 61 19 28 88 27
48 84 56 88 76 60 8
47 75 48 36 16 68 62
89 80 58 24 70 1 57
3 90 65 46 17 22 84
79 15 61 53 49 59 34
80 66 11 11 80 64 54
37 35 74 5 77 81 42
71 1 29 0 87 36 86
3 90 65 55 63 74 28
58 76 88 6 78 83 5
11 80 64 17 20 50 61
55 63 74 23 1 87 63
46 17 22 36 16 68 46
59 36 55 65 24 7 49
22 90 31 56 82 74 43
31 16 52 19 28 88 37
30 52 55 85 48 54 4
25 6 21 35 71 86 91
24 70 1 30 52 55 56
6 78 83 65 24 7 93
91 2 69 55 63 74 61
31 16 52 25 6 21 32
65 24 7 80 66 11 42
78 20 82 61 87 5 102
39 1 67 31 16 52 21
41 67 50 22 90 31 29
52 38 66 32 36 42 24
46 17 22 13 45 42 34
73 49 73 51 58 55 20
6 78 83 7 47 83 31
34 37 24 17 20 50 31
8 25 77 69 59 8 76
56 82 74 14 8 4 101
4 35 61 33 42 4 57
82 9 4 14 8 4 1
59 36 55 78 20 82 31
23 1 87 74 60 3 102
22 90 31 6 78 83 53
84 18 41 27 63 76 57
91 2 69 44 51 31 62
1 88 57 47 75 48 15
64 74 1 67 54 7 20
47 75 48 79 15 61 61
82 9 4 89 80 58 89
87 55 47 23 1 87 67
54 50 79 29 65 67 19
4 35 61 34 37 24 37
13 45 42 71 1 29 45
68 71 78 30 52 55 29
50 79 42 51 58 55 24
40 42 31 91 2 69 55
86 37 10 53 49 59 50
56 82 74 28 92 31 44
43 7 38 73 49 73 54
39 1 67 23 1 87 20
74 60 3 73 49 73 70
81 46 80 29 65 67 23
31 16 52 67 54 7 58
34 37 24 22 90 31 53
90 92 45 30 52 55 41
61 87 5 2 71 10 16
72 68 27 51 58 55 29
42 70 21 34 37 24 33
87 55 47 60 48 2 45
21 26 14 20 68 5 42
39 1 67 12 80 48 81
62 83 29 33 42 4 48
79 15 61 3 90 65 75
61 87 5 74 60 3 27
45 91 64 43 7 38 87
57 17 60 25 6 21 40
73 49 73 66 79 81 31
6 78 83 41 67 50 34
70 67 33 66 79 81 49
34 37 24 14 8 4 35
35 71 86 48 84 56 32
13 45 42 67 54 7 36
51 58 55 89 80 58 22
35 71 86 13 45 42 51
14 8 4 23 1 87 83
18 59 22 49 12 86 79
62 83 29 7 47 83 64
5 77 81 18 59 22 61
12 80 48 10 79 51 3
28 92 31 10 79 51 23
76 73 12 66 79 81 69
43 7 38 40 42 31 35
6 78 83 14 8 4 105
9 49 68 68 71 78 24
42 70 21 83 91 40 28
86 37 10 85 48 54 45
87 55 47 75 51 18 29
76 73 12 92 59 40 31
50 79 42 78 20 82 71
71 1 29 55 63 74 76
74 60 3 1 88 57 60
5 77 81 42 70 21 60
12 80 48 20 68 5 44
47 75 48 46 17 22 63
79 15 61 19 28 88 29
24 70 1 43 7 38 73
65 24 7 88 76 60 74
9 49 68 90 92 45 48
86 37 10 8 25 77 68
13 45 42 83 91 40 46
87 55 47 73 49 73 26
89 80 58 22 90 31 28
56 82 74 40 42 31 58
48 84 56 33 42 4 66
21 26 14 57 17 60 46
20 68 5 7 47 83 80
64 74 1 17 20 50 72
66 79 81 22 90 31 51
71 1 29 69 59 8 61
69 59 8 34 37 24 27
42 70 21 51 58 55 36
50 79 42 32 36 42 43
2 71 10 70 67 33 23
37 35 74 15 31 22 52
69 59 8 31 16 52 61
64 74 1 49 12 86 105
76 73 12 50 79 42 30
81 46 80 77 67 87 22
75 51 18 19 28 88 73
48 84 56 7 47 83 45
37 35 74 68 71 78 36
17 20 50 24 70 1 70
24 70 1 27 63 76 75
47 75 48 91 2 69 75
75 51 18 86 37 10 16
5 77 81 91 2 69 75
67 54 7 58 76 88 83
59 36 55 14 8 4 58
34 37 24 18 59 22 22
16 88 57 35 71 86 33
8 25 77 37 35 74 10
56 82 74 23 1 87 82
38 71 2 53 49 59 61
3 90 65 43 7 38 87
46 17 22 73 49 73 60
54 50 79 12 80 48 43
46 17 22 7 47 83 67
63 13 22 72 68 27 55
87 55 47 11 80 64 30
55 63 74 9 49 68 15
68 71 78 22 90 31 50
31 16 52 76 73 12 69
61 87 5 41 67 50 49
22 90 31 88 76 60 32
27 63 76 88 76 60 20
41 67 50 16 88 57 22
44 51 31 89 80 58 39
55 63 74 43 7 38 66
57 17 60 7 47 83 37
9 49 68 49 12 86 41
23 1 87 59 36 55 47
9 49 68 82 9 4 75
44 51 31 62 83 29 32
22 90 31 72 68 27 22
89 80 58 81 46 80 40
20 68 5 6 78 83 78
22 90 31 14 8 4 86
75 51 18 0 87 36 40
6 78 83 78 20 82 58
70 67 33 13 45 42 23
46 17 22 10 79 51 68
46 17 22 84 18 41 19
92 59 40 46 17 22 45
50 79 42 49 12 86 80
80 66 11 29 65 67 56
42 70 21 40 42 31 29
68 71 78 61 87 5 74
81 46 80 44 51 31 49
52 38 66 38 71 2 72
77 67 87 0 87 36 54
90 92 45 31 16 52 76
79 15 61 57 17 60 2
24 70 1 4 35 61 69
9 49 68 2 71 10 62
87 55 47 0 87 36 33
65 24 7 45 91 64 87
69 59 8 13 45 42 36
63 13 22 62 83 29 70
27 63 76 89 80 58 24
47 75 48 66 79 81 33
42 70 21 24 70 1 20
74 60 3 82 9 4 51
16 88 57 51 58 55 30
15 31 22 33 42 4 21
17 20 50 82 9 4 47
91 2 69 71 1 29 40
57 17 60 1 88 57 71
64 74 1 52 38 66 74
33 42 4 55 63 74 73
69 59 8 21 26 14 33
61 87 5 6 78 83 78
6 78 83 47 75 48 35
88 76 60 47 75 48 12
53 49 59 48 84 56 35
50 79 42 39 1 67 81
71 1 29 60 48 2 54
43 7 38 76 73 12 70
64 74 1 12 80 48 47
12 80 48 28 92 31 20
22 90 31 85 48 54 47
14 8 4 58 76 88 108
68 71 78 25 6 21 86
6 78 83 25 6 21 95
76 73 12 52 38 66 64
52 38 66 89 80 58 42
48 84 56 3 90 65 10
65 24 7 38 71 2 47
53 49 59 45 91 64 42
55 63 74 65 24 7 77
59 36 55 68 71 78 41
84 18 41 65 24 7 34
15 31 22 31 16 52 33
21 26 14 1 88 57 75
9 49 68 67 54 7 61
25 6 21 60 48 2 46
57 17 60 13 45 42 33
47 75 48 5 77 81 33
47 75 48 65 24 7 65
64 74 1 84 18 41 68
37 35 74 83 91 40 65
25 6 21 42 70 21 64
17 20 50 35 71 86 62
48 84 56 41 67 50 18
32 36 42 44 51 31 18
2 71 10 8 25 77 81
57 17 60 35 71 86 59
50 79 42 13 45 42 34
46 17 22 25 6 21 11
54 50 79 90 92 45 54
33 42 4 13 45 42 38
34 37 24 59 36 55 31
64 74 1 8 25 77 90
33 42 4 91 2 69 76
3 90 65 54 50 79 42
91 2 69 80 66 11 86
55 63 74 2 71 10 64
78 20 82 72 68 27 73
25 6 21 64 74 1 70
77 67 87 67 54 7 81
6 78 83 59 36 55 50
3 90 65 50 79 42 25
7 47 83 0 87 36 61
28 92 31 1 88 57 26
68 71 78 16 88 57 27
62 83 29 72 68 27 15
15 31 22 85 48 54 36
12 80 48 47 75 48 5
14 8 4 1 88 57 95
20 68 5 81 46 80 78
20 68 5 60 48 2 20
9 49 68 65 24 7 65
38 71 2 67 54 7 17
88 76 60 90 92 45 21
80 66 11 8 25 77 77
6 78 83 5 77 81 2
61 87 5 58 76 88 83
12 80 48 26 1 48 79
77 67 87 55 63 74 13
85 48 54 41 67 50 19
87 55 47 36 16 68 44
31 16 52 23 1 87 38
53 49 59 10 79 51 31
13 45 42 26 1 48 44
84 18 41 26 1 48 18
78 20 82 45 91 64 73
77 67 87 73 49 73 22
38 71 2 17 20 50 70
37 35 74 78 20 82 17
56 82 74 90 92 45 30
40 42 31 50 79 42 38
52 38 66 87 55 47 25
17 20 50 67 54 7 54
78 20 82 41 67 50 56
19 28 88 38 71 2 96
79 15 61 39 1 67 15
1 88 57 84 18 41 71
43 7 38 81 46 80 57
29 65 67 82 9 4 84
50 79 42 89 80 58 16
90 92 45 11 80 64 22
60 48 2 42 70 21 29
73 49 73 11 80 64 32
52 38 66 49 12 86 32
17 20 50 4 35 61 18
2 71 10 22 90 31 28
4 35 61 65 24 7 55
57 17 60 43 7 38 24
40 42 31 20 68 5 36
74 60 3 77 67 87 84
52 38 66 25 6 21 55
32 36 42 88 76 60 43
47 75 48 29 65 67 21
28 92 31 84 18 41 74
69 59 8 5 77 81 75
22 90 31 10 79 51 22
19 28 88 86 37 10 78
21 26 14 55 63 74 70
31 16 52 21 26 14 39
9 49 68 24 70 1 70
51 58 55 37 35 74 29
62 83 29 61 87 5 24
19 28 88 12 80 48 65
12 80 48 74 60 3 49
10 79 51 59 36 55 43
31 16 52 6 78 83 69
69 59 8 88 76 60 54
26 1 48 19 28 88 48
20 68 5 39 1 67 91
72 68 27 31 16 52 57
91 2 69 61 87 5 106
69 59 8 33 42 4 17
45 91 64 14 8 4 102
18 59 22 11 80 64 46
33 42 4 84 18 41 44
62 83 29 19 28 88 80
17 20 50 57 17 60 10
80 66 11 43 7 38 64
9 49 68 72 68 27 45
54 50 79 48 84 56 41
10 79 51 14 8 4 85
33 42 4 14 8 4 34
41 67 50 17 20 50 47
87 55 47 7 47 83 36
10 79 51 25 6 21 78
76 73 12 36 16 68 79
88 76 60 17 20 50 56
82 9 4 53 49 59 68
70 67 33 43 7 38 60
42 70 21 71 1 29 69
58 76 88 24 70 1 87
68 71 78 72 68 27 51
37 35 74 31 16 52 29
35 71 86 90 92 45 46
65 24 7 27 63 76 79
80 66 11 39 1 67 85
68 71 78 60 48 2 79
10 79 51 81 46 80 43
42 70 21 46 17 22 53
19 28 88 39 1 67 34
31 16 52 55 63 74 51
51 58 55 4 35 61 23
54 50 79 18 59 22 57
42 70 21 3 90 65 48
21 26 14 39 1 67 58
73 49 73 50 79 42 43
76 73 12 34 37 24 37
33 42 4 28 92 31 56
32 36 42 76 73 12 47
39 1 67 57 17 60 17
59 36 55 83 91 40 57
66 79 81 78 20 82 59
56 82 74 42 70 21 54
62 83 29 3 90 65 36
2 71 10 58 76 88 78
11 80 64 42 70 21 44
20 68 5 23 1 87 105
3 90 65 87 55 47 39
82 9 4 86 37 10 28
14 8 4 74 60 3 52
38 71 2 42 70 21 19
50 79 42 59 36 55 44
28 92 31 7 47 83 68
77 67 87 58 76 88 9
59 36 55 44 51 31 28
9 49 68 0 87 36 49
16 88 57 36 16 68 72
9 49 68 59 36 55 18
91 2 69 90 92 45 93
33 42 4 25 6 21 39
77 67 87 78 20 82 47
80 66 11 60 48 2 20
51 58 55 30 52 55 6
91 2 69 10 79 51 79
17 20 50 90 92 45 72
25 6 21 71 1 29 9
54 50 79 13 45 42 37
11 80 64 37 35 74 46
92 59 40 4 35 61 31
4 35 61 42 70 21 53
27 63 76 38 71 2 74
75 51 18 25 6 21 45
36 16 68 1 88 57 72
4 35 61 50 79 42 47
81 46 80 12 80 48 46
43 7 38 38 71 2 73
70 67 33 23 1 87 85
25 6 21 91 2 69 48
4 35 61 45 91 64 56
82 9 4 88 76 60 87
51 58 55 2 71 10 46
32 36 42 43 7 38 29
22 90 31 40 42 31 48
54 50 79 15 31 22 60
81 46 80 14 8 4 84
4 35 61 39 1 67 34
80 66 11 89 80 58 49
56 82 74 67 54 7 72
15 31 22 66 79 81 76
23 1 87 2 71 10 104
80 66 11 16 88 57 50
23 1 87 90 92 45 100
35 71 86 53 49 59 34
59 36 55 46 17 22 38
56 82 74 11 80 64 10
12 80 48 51 58 55 23
70 67 33 74 60 3 30
74 60 3 24 70 1 10
33 42 4 67 54 7 12
69 59 8 18 59 22 14
81 46 80 85 48 54 26
34 37 24 92 59 40 27
67 54 7 79 15 61 66
77 67 87 70 67 33 54
86 37 10 7 47 83 73
89 80 58 32 36 42 46
2 71 10 20 68 5 5
10 79 51 0 87 36 17
38 71 2 55 63 74 72
3 90 65 27 63 76 29
13 45 42 73 49 73 31
28 92 31 52 38 66 64
44 51 31 17 20 50 36
63 13 22 7 47 83 69
43 7 38 91 2 69 31
25 6 21 69 59 8 54
67 54 7 44 51 31 24
41 67 50 0 87 36 24
58 76 88 12 80 48 40
27 63 76 11 80 64 20
35 71 86 0 87 36 52
53 49 59 57 17 60 32
70 67 33 4 35 61 42
60 48 2 8 25 77 78
62 83 29 10 79 51 22
14 8 4 20 68 5 60
76 73 12 72 68 27 15
84 18 41 74 60 3 56
74 60 3 20 68 5 8
86 37 10 36 16 68 61
50 79 42 34 37 24 45
61 87 5 8 25 77 95
15 31 22 42 70 21 39
69 59 8 29 65 67 59
87 55 47 19 28 88 49
80 66 11 30 52 55 46
70 67 33 72 68 27 6
25 6 21 4 35 61 49
77 67 87 23 1 87 66
34 37 24 55 63 74 56
41 67 50 12 80 48 13
41 67 50 72 68 27 23
19 28 88 34 37 24 64
44 51 31 43 7 38 44
91 2 69 68 71 78 69
14 8 4 49 12 86 82
70 67 33 9 49 68 39
47 75 48 84 18 41 57
46 17 22 52 38 66 48
30 52 55 31 16 52 36
34 37 24 48 84 56 56
35 71 86 27 63 76 12
11 80 64 86 37 10 69
87 55 47 61 87 5 52
31 16 52 50 79 42 63
51 58 55 46 17 22 52
62 83 29 9 49 68 51
20 68 5 34 37 24 36
33 42 4 77 67 87 86
76 73 12 22 90 31 25
6 78 83 16 88 57 27
54 50 79 37 35 74 15
20 68 5 82 9 4 59
59 36 55 64 74 1 66
73 49 73 83 91 40 53
92 59 40 48 84 56 29
3 90 65 20 68 5 63
53 49 59 67 54 7 52
26 1 48 81 46 80 55
19 28 88 47 75 48 61
83 91 40 49 12 86 91
26 1 48 36 16 68 25
46 17 22 18 59 22 42
81 46 80 52 38 66 16
0 87 36 80 66 11 32
19 28 88 66 79 81 51
28 92 31 66 79 81 51
11 80 64 66 79 81 17
83 91 40 85 48 54 45
27 63 76 9 49 68 16
73 49 73 60 48 2 71
85 48 54 76 73 12 48
66 79 81 40 42 31 62
80 66 11 36 16 68 75
2 71 10 81 46 80 74
82 9 4 4 35 61 62
62 83 29 86 37 10 49
58 76 88 54 50 79 27
10 79 51 38 71 2 49
30 52 55 66 79 81 37
56 82 74 32 36 42 56
4 35 61 66 79 81 48
29 65 67 20 68 5 62
92 59 40 81 46 80 42
73 49 73 12 80 48 39
5 77 81 20 68 5 76
70 67 33 87 55 47 18
16 88 57 52 38 66 50
40 42 31 25 6 21 37
20 68 5 72 68 27 22
14 8 4 87 55 47 63
50 79 42 36 16 68 68
35 71 86 19 28 88 43
46 17 22 37 35 74 55
45 91 64 82 9 4 101
37 35 74 90 92 45 63
54 50 79 65 24 7 76
52 38 66 79 15 61 23
24 70 1 16 88 57 58
27 63 76 40 42 31 49
2 71 10 30 52 55 48
41 67 50 43 7 38 61
27 63 76 64 74 1 75
18 59 22 66 79 81 62
38 71 2 9 49 68 69
77 67 87 49 12 86 55
77 67 87 42 70 21 66
28 92 31 13 45 42 48
35 71 86 7 47 83 24
26 1 48 62 83 29 84
31 16 52 63 13 22 30
41 67 50 62 83 29 26
47 75 48 78 20 82 64
22 90 31 86 37 10 57
55 63 74 7 47 83 18
36 16 68 34 37 24 48
83 91 40 8 25 77 75
79 15 61 14 8 4 57
72 68 27 64 74 1 26
59 36 55 72 68 27 42
20 68 5 86 37 10 31
91 2 69 83 91 40 93
87 55 47 2 71 10 40
25 6 21 48 84 56 85
18 59 22 32 36 42 30
45 91 64 25 6 21 95
48 84 56 76 73 12 45
21 26 14 78 20 82 68
6 78 83 66 79 81 2
53 49 59 6 78 83 37
61 87 5 71 1 29 89
23 1 87 18 59 22 87
10 79 51 52 38 66 43
31 16 52 10 79 51 63
90 92 45 38 71 2 47
36 16 68 81 46 80 32
58 76 88 79 15 61 66
21 26 14 60 48 2 25
62 83 29 28 92 31 9
63 13 22 3 90 65 88
17 20 50 55 63 74 49
40 42 31 81 46 80 49
41 67 50 84 18 41 49
88 76 60 34 37 24 53
41 67 50 49 12 86 65
6 78 83 90 92 45 40
34 37 24 9 49 68 45
48 84 56 66 79 81 25
81 46 80 1 88 57 47
15 31 22 0 87 36 57
67 54 7 73 49 73 66
81 46 80 11 80 64 37
31 16 52 51 58 55 42
10 79 51 58 76 88 37
31 16 52 83 91 40 75
68 71 78 73 49 73 22
65 24 7 37 35 74 67
78 20 82 13 45 42 47
5 77 81 88 76 60 21
88 76 60 30 52 55 24
11 80 64 24 70 1 63
66 79 81 29 65 67 19
67 54 7 92 59 40 33
29 65 67 27 63 76 9
76 73 12 91 2 69 91
28 92 31 11 80 64 35
84 18 41 77 67 87 67
33 42 4 18 59 22 24
71 1 29 27 63 76 77
46 17 22 34 37 24 20
52 38 66 0 87 36 57
17 20 50 0 87 36 68
12 80 48 18 59 22 33
51 58 55 86 37 10 49
39 1 67 35 71 86 72
86 37 10 40 42 31 21
7 47 83 4 35 61 25
54 50 79 88 76 60 32
80 66 11 49 12 86 92
18 59 22 37 35 74 57
80 66 11 75 51 18 16
79 15 61 22 90 31 80
49 12 86 66 79 81 67
12 80 48 8 25 77 62
50 79 42 10 79 51 9
89 80 58 19 28 88 60
53 49 59 85 48 54 5
27 63 76 26 1 48 68
82 9 4 10 79 51 84
58 76 88 55 63 74 19
83 91 40 89 80 58 21
18 59 22 79 15 61 58
35 71 86 78 20 82 51
73 49 73 81 46 80 7
65 24 7 25 6 21 22
36 16 68 54 50 79 35
20 68 5 77 67 87 82
46 17 22 72 68 27 51
64 74 1 87 55 47 49
38 71 2 79 15 61 81
73 49 73 48 84 56 38
52 38 66 62 83 29 58
91 2 69 85 48 54 48
46 17 22 65 24 7 16
63 13 22 83 91 40 80
90 92 45 16 88 57 12
64 74 1 38 71 2 3
58 76 88 62 83 29 59
75 51 18 6 78 83 70
61 87 5 84 18 41 77
30 52 55 36 16 68 38
67 54 7 5 77 81 77
21 26 14 14 8 4 20
63 13 22 68 71 78 80
7 47 83 42 70 21 66
30 52 55 59 36 55 16
64 74 1 77 67 87 86
12 80 48 46 17 22 68
83 91 40 75 51 18 45
39 1 67 24 70 1 95
42 70 21 88 76 60 39
13 45 42 21 26 14 33
26 1 48 56 82 74 85
2 71 10 82 9 4 62
91 2 69 27 63 76 61
63 13 22 76 73 12 60
40 42 31 12 80 48 41
54 50 79 44 51 31 48
91 2 69 84 18 41 32
10 79 51 92 59 40 22
61 87 5 9 49 68 73
72 68 27 14 8 4 64
52 38 66 27 63 76 26
61 87 5 18 59 22 32
47 75 48 86 37 10 53
36 16 68 89 80 58 64
90 92 45 25 6 21 89
8 25 77 28 92 31 81
12 80 48 31 16 52 64
6 78 83 46 17 22 86
5 77 81 11 80 64 17
42 70 21 39 1 67 82
0 87 36 6 78 83 47
16 88 57 18 59 22 45
5 77 81 59 36 55 48
24 70 1 23 1 87 110
15 31 22 56 82 74 72
16 88 57 12 80 48 12
76 73 12 15 31 22 43
6 78 83 18 59 22 63
24 70 1 0 87 36 38
5 77 81 8 25 77 52
52 38 66 21 26 14 53
16 88 57 62 83 29 28
33 42 4 30 52 55 51
77 67 87 86 37 10 82
68 71 78 47 75 48 30
83 91 40 36 16 68 80
39 1 67 44 51 31 61
31 16 52 11 80 64 65
31 16 52 17 20 50 4
42 70 21 54 50 79 61
20 68 5 45 91 64 63
65 24 7 42 70 21 48
90 92 45 89 80 58 17
14 8 4 26 1 48 44
9 49 68 45 91 64 42
55 63 74 72 68 27 47
16 88 57 38 71 2 57
92 59 40 7 47 83 44
60 48 2 85 48 54 52
25 6 21 81 46 80 71
57 17 60 22 90 31 78
88 76 60 60 48 2 64
35 71 86 63 13 22 86
36 16 68 65 24 7 61
18 59 22 24 70 1 23
77 67 87 31 16 52 61
57 17 60 19 28 88 30
82 9 4 83 91 40 89
35 71 86 55 63 74 14
51 58 55 83 91 40 36
61 87 5 3 90 65 60
6 78 83 80 66 11 72
75 51 18 23 1 87 85
15 31 22 8 25 77 55
56 82 74 19 28 88 55
77 67 87 16 88 57 36
62 83 29 39 1 67 90
88 76 60 77 67 87 28
12 80 48 80 66 11 39
42 70 21 47 75 48 27
24 70 1 12 80 48 48
23 1 87 43 7 38 49
74 60 3 50 79 42 43
73 49 73 45 91 64 42
47 75 48 82 9 4 79
58 76 88 29 65 67 23
39 1 67 71 1 29 38
11 80 64 65 24 7 79
49 12 86 76 73 12 95
21 26 14 15 31 22 9
69 59 8 39 1 67 82
77 67 87 63 13 22 84
29 65 67 25 6 21 74
91 2 69 30 52 55 51
62 83 29 8 25 77 75
62 83 29 35 71 86 58
38 71 2 74 60 3 11
58 76 88 85 48 54 44
40 42 31 55 63 74 47
27 63 76 18 59 22 54
40 42 31 76 73 12 36
39 1 67 17 20 50 25
7 47 83 64 74 1 86
47 75 48 55 63 74 28
33 42 4 8 25 77 74
64 74 1 39 1 67 98
82 9 4 87 55 47 62
84 18 41 81 46 80 48
6 78 83 60 48 2 86
71 1 29 64 74 1 78
25 6 21 50 79 42 75
78 20 82 58 76 88 56
40 42 31 1 88 57 52
9 49 68 20 68 5 65
68 71 78 79 15 61 58
2 71 10 89 80 58 48
9 49 68 80 66 11 59
44 51 31 42 70 21 21
45 91 64 86 37 10 76
84 18 41 55 63 74 55
35 71 86 91 2 69 71
30 52 55 14 8 4 67
56 82 74 77 67 87 19
37 35 74 30 52 55 25
60 48 2 15 31 22 26
52 38 66 20 68 5 67
90 92 45 45 91 64 19
65 24 7 90 92 45 77
63 13 22 13 45 42 37
62 83 29 73 49 73 55
39 1 67 28 92 31 97
69 59 8 9 49 68 60
75 51 18 72 68 27 19
4 35 61 91 2 69 33
66 79 81 54 50 79 29
64 74 1 54 50 79 81
69 59 8 51 58 55 47
7 47 83 21 26 14 72
56 82 74 2 71 10 64
64 74 1 43 7 38 76
24 70 1 70 67 33 32
49 12 86 71 1 29 58
46 17 22 87 55 47 45
22 90 31 62 83 29 7
38 71 2 83 91 40 42
9 49 68 56 82 74 33
92 59 40 64 74 1 41
68 71 78 0 87 36 44
55 63 74 62 83 29 49
82 9 4 66 79 81 104
71 1 29 10 79 51 81
51 58 55 27 63 76 21
74 60 3 62 83 29 34
89 80 58 3 90 65 12
23 1 87 45 91 64 92
2 71 10 75 51 18 21
38 71 2 87 55 47 47
73 49 73 21 26 14 63
7 47 83 82 9 4 87
28 92 31 78 20 82 88
14 8 4 55 63 74 89
50 79 42 9 49 68 39
9 49 68 37 35 74 15
47 75 48 62 83 29 20
26 1 48 54 50 79 57
67 54 7 14 8 4 46
46 17 22 38 71 2 57
46 17 22 44 51 31 35
83 91 40 9 49 68 50
68 71 78 32 36 42 50
61 87 5 60 48 2 39
83 91 40 14 8 4 90
77 67 87 1 88 57 36
1 88 57 89 80 58 8
38 71 2 13 45 42 47
27 63 76 21 26 14 72
78 20 82 48 84 56 69
2 71 10 62 83 29 22
18 59 22 56 82 74 56
19 28 88 10 79 51 63
37 35 74 80 66 11 70
18 59 22 0 87 36 31
61 87 5 73 49 73 77
22 90 31 46 17 22 73
60 48 2 11 80 64 69
38 71 2 56 82 74 72
10 79 51 86 37 10 58
50 79 42 19 28 88 68
41 67 50 5 77 81 32
0 87 36 39 1 67 91
59 36 55 33 42 4 51
14 8 4 40 42 31 43
55 63 74 10 79 51 28
79 15 61 42 70 21 68
62 83 29 12 80 48 19
21 26 14 35 71 86 84
68 71 78 24 70 1 77
77 67 87 91 2 69 67
2 71 10 32 36 42 47
13 45 42 17 20 50 26
59 36 55 89 80 58 44
92 59 40 52 38 66 33
70 67 33 25 6 21 62
0 87 36 34 37 24 51
4 35 61 76 73 12 62
5 77 81 40 42 31 61
71 1 29 68 71 78 85
55 63 74 22 90 31 50
15 31 22 27 63 76 62
49 12 86 23 1 87 11
26 1 48 68 71 78 76
15 31 22 24 70 1 44
3 90 65 4 35 61 55
78 20 82 75 51 18 71
49 12 86 72 68 27 81
84 18 41 6 78 83 73
0 87 36 60 48 2 51
7 47 83 25 6 21 74
36 16 68 25 6 21 48
49 12 86 57 17 60 26
44 51 31 3 90 65 51
22 90 31 3 90 65 34
90 92 45 33 42 4 64
7 47 83 54 50 79 5
61 87 5 54 50 79 82
85 48 54 55 63 74 25
29 65 67 70 67 33 34
37 35 74 61 87 5 86
75 51 18 26 1 48 58
53 49 59 87 55 47 13
89 80 58 64 74 1 57
26 1 48 74 60 3 74
74 60 3 41 67 50 47
79 15 61 21 26 14 48
52 38 66 70 67 33 43
92 59 40 44 51 31 12
41 67 50 4 35 61 33
18 59 22 25 6 21 53
39 1 67 40 42 31 54
13 45 42 42 70 21 32
64 74 1 50 79 42 41
92 59 40 58 76 88 50
49 12 86 82 9 4 82
71 1 29 40 42 31 41
31 16 52 4 35 61 21
38 71 2 8 25 77 87
10 79 51 45 91 64 17
22 90 31 81 46 80 65
24 70 1 6 78 83 82
69 59 8 68 71 78 71
69 59 8 57 17 60 66
8 25 77 84 18 41 36
50 79 42 55 63 74 35
50 79 42 11 80 64 22
64 74 1 20 68 5 7
9 49 68 21 26 14 58
70 67 33 63 13 22 55
67 54 7 7 47 83 76
10 79 51 72 68 27 26
57 17 60 28 92 31 80
4 35 61 40 42 31 30
77 67 87 29 65 67 20
19 28 88 70 67 33 67
64 74 1 56 82 74 73
5 77 81 72 68 27 54
64 74 1 44 51 31 37
43 7 38 2 71 10 69
38 71 2 34 37 24 40
52 38 66 18 59 22 48
28 92 31 49 12 86 97
32 36 42 30 52 55 20
5 77 81 9 49 68 30
57 17 60 36 16 68 8
46 17 22 88 76 60 70
73 49 73 4 35 61 18
29 65 67 0 87 36 38
17 20 50 85 48 54 28
90 92 45 24 70 1 49
13 45 42 62 83 29 40
1 88 57 79 15 61 73
36 16 68 31 16 52 16
12 80 48 78 20 82 68
78 20 82 31 16 52 30
70 67 33 91 2 69 74
14 8 4 60 48 2 40
22 90 31 29 65 67 43
80 66 11 69 59 8 7
1 88 57 9 49 68 40
15 31 22 86 37 10 13
53 49 59 54 50 79 20
67 54 7 8 25 77 75
59 36 55 86 37 10 45
59 36 55 7 47 83 30
49 12 86 2 71 10 96
26 1 48 91 2 69 21
36 16 68 18 59 22 62
74 60 3 56 82 74 74
41 67 50 8 25 77 49
86 37 10 78 20 82 73
41 67 50 26 1 48 66
37 35 74 0 87 36 64
68 71 78 54 50 79 21
25 6 21 19 28 88 70
54 50 79 71 1 29 70
51 58 55 65 24 7 58
92 59 40 11 80 64 31
37 35 74 39 1 67 34
79 15 61 92 59 40 48
51 58 55 45 91 64 34
11 80 64 29 65 67 15
14 8 4 63 13 22 18
16 88 57 82 9 4 95
21 26 14 12 80 48 63
75 51 18 39 1 67 70
78 20 82 40 42 31 55
2 71 10 44 51 31 29
31 16 52 80 66 11 64
7 47 83 32 36 42 42
3 90 65 66 79 81 19
38 71 2 22 90 31 34
61 87 5 28 92 31 26
52 38 66 88 76 60 38
10 79 51 69 59 8 47
86 37 10 71 1 29 40
26 1 48 89 80 58 79
87 55 47 13 45 42 11
72 68 27 83 91 40 26
38 71 2 62 83 29 29
0 87 36 50 79 42 10
82 9 4 56 82 74 101
50 79 42 46 17 22 65
26 1 48 64 74 1 86
7 47 83 31 16 52 43
83 91 40 84 18 41 73
43 7 38 0 87 36 80
90 92 45 63 13 22 82
68 71 78 52 38 66 35
41 67 50 68 71 78 28
91 2 69 53 49 59 48
37 35 74 26 1 48 42
39 1 67 72 68 27 78
82 9 4 52 38 66 68
67 54 7 89 80 58 57
8 25 77 46 17 22 55
81 46 80 31 16 52 41
81 46 80 21 26 14 68
70 67 33 35 71 86 53
62 83 29 70 67 33 16
49 12 86 38 71 2 102
3 90 65 51 58 55 33
72 68 27 80 66 11 16
84 18 41 86 37 10 36
73 49 73 75 51 18 55
74 60 3 60 48 2 12
72 68 27 34 37 24 31
46 17 22 74 60 3 47
22 90 31 24 70 1 36
14 8 4 7 47 83 88
55 63 74 28 92 31 51
68 71 78 85 48 54 33
3 90 65 74 60 3 68
64 74 1 48 84 56 55
82 9 4 25 6 21 17
46 17 22 48 84 56 75
1 88 57 49 12 86 81
12 80 48 82 9 4 83
50 79 42 61 87 5 37
45 91 64 24 70 1 66
64 74 1 37 35 74 82
50 79 42 66 79 81 39
23 1 87 58 76 88 75
70 67 33 80 66 11 22
35 71 86 60 48 2 87
38 71 2 72 68 27 25
69 59 8 7 47 83 75
43 7 38 16 88 57 83
92 59 40 17 20 50 40
74 60 3 32 36 42 45
58 76 88 70 67 33 55
92 59 40 88 76 60 26
10 79 51 77 67 87 37
1 88 57 52 38 66 50
13 45 42 91 2 69 50
62 83 29 21 26 14 58
18 59 22 91 2 69 73
49 12 86 86 37 10 80
63 13 22 30 52 55 51
59 36 55 80 66 11 53
87 55 47 48 84 56 30
61 87 5 21 26 14 61
14 8 4 32 36 42 47
85 48 54 46 17 22 44
13 45 42 55 63 74 36
8 25 77 87 55 47 42
57 17 60 89 80 58 63
51 58 55 11 80 64 23
8 25 77 45 91 64 67
25 6 21 79 15 61 41
24 70 1 91 2 69 96
88 76 60 45 91 64 15
84 18 41 37 35 74 37
92 59 40 21 26 14 42
42 70 21 69 59 8 17
26 1 48 25 6 21 27
77 67 87 72 68 27 60
49 12 86 35 71 86 59
41 67 50 50 79 42 14
37 35 74 47 75 48 47
0 87 36 82 9 4 84
63 13 22 15 31 22 18
63 13 22 33 42 4 34
36 16 68 39 1 67 15
6 78 83 8 25 77 53
33 42 4 51 58 55 53
13 45 42 2 71 10 41
54 50 79 87 55 47 32
67 54 7 46 17 22 39
67 54 7 61 87 5 33
41 67 50 2 71 10 40
24 70 1 13 45 42 48
52 38 66 55 63 74 26
58 76 88 4 35 61 49
4 35 61 49 12 86 33
13 45 42 48 84 56 41
36 16 68 28 92 31 84
14 8 4 75 51 18 45
75 51 18 79 15 61 56
8 25 77 18 59 22 64
35 71 86 36 16 68 57
78 20 82 60 48 2 84
51 58 55 88 76 60 18
30 52 55 45 91 64 40
79 15 61 37 35 74 23
16 88 57 66 79 81 25
64 74 1 22 90 31 34
64 74 1 51 58 55 56
63 13 22 79 15 61 39
92 59 40 55 63 74 34
92 59 40 70 67 33 10
61 87 5 42 70 21 23
83 91 40 80 66 11 38
90 92 45 78 20 82 80
50 79 42 57 17 60 64
63 13 22 9 49 68 58
35 71 86 84 18 41 69
43 7 38 58 76 88 85
53 49 59 4 35 61 14
89 80 58 33 42 4 66
21 26 14 53 49 59 50
29 65 67 9 49 68 16
13 45 42 59 36 55 15
6 78 83 69 59 8 77
80 66 11 78 20 82 84
85 48 54 92 59 40 17
3 90 65 15 31 22 73
67 54 7 60 48 2 7
53 49 59 55 63 74 20
72 68 27 67 54 7 24
3 90 65 16 88 57 8
40 42 31 77 67 87 61
85 48 54 71 1 29 53
9 49 68 36 16 68 33
87 55 47 15 31 22 34
5 77 81 34 37 24 69
11 80 64 48 84 56 8
74 60 3 8 25 77 81
11 80 64 21 26 14 73
8 25 77 53 49 59 30
85 48 54 25 6 21 53
7 47 83 85 48 54 29
31 16 52 3 90 65 75
40 42 31 19 28 88 58
26 1 48 47 75 48 74
57 17 60 20 68 5 75
53 49 59 40 42 31 28
78 20 82 55 63 74 43
3 90 65 25 6 21 94
40 42 31 28 92 31 50
68 71 78 23 1 87 70
19 28 88 1 88 57 67
85 48 54 78 20 82 39
44 51 31 40 42 31 9
67 54 7 52 38 66 61
5 77 81 77 67 87 11
50 79 42 30 52 55 29
44 51 31 74 60 3 29
72 68 27 0 87 36 21
90 92 45 62 83 29 18
6 78 83 81 46 80 32
65 24 7 69 59 8 35
61 87 5 17 20 50 80
89 80 58 69 59 8 54
39 1 67 22 90 31 96
16 88 57 88 76 60 12
29 65 67 67 54 7 61
34 37 24 78 20 82 60
0 87 36 21 26 14 64
29 65 67 61 87 5 65
36 16 68 58 76 88 63
41 67 50 18 59 22 29
34 37 24 60 48 2 24
90 92 45 26 1 48 91
8 25 77 42 70 21 71
38 71 2 40 42 31 41
37 35 74 71 1 29 56
82 9 4 34 37 24 34
80 66 11 92 59 40 29
73 49 73 10 79 51 37
6 78 83 26 1 48 84
24 70 1 8 25 77 88
32 36 42 66 79 81 58
64 74 1 33 42 4 32
84 18 41 54 50 79 49
66 79 81 27 63 76 16
69 59 8 56 82 74 69
51 58 55 17 20 50 38
48 84 56 80 66 11 48
74 60 3 67 54 7 7
57 17 60 27 63 76 48
28 92 31 69 59 8 40
24 70 1 67 54 7 17
74 60 3 37 35 74 75
56 82 74 73 49 73 33
56 82 74 63 13 22 86
53 49 59 63 13 22 51
61 87 5 26 1 48 96
41 67 50 24 70 1 49
72 68 27 88 76 60 33
76 73 12 78 20 82 87
20 68 5 30 52 55 52
0 87 36 56 82 74 38
6 78 83 88 76 60 23
76 73 12 75 51 18 22
60 48 2 49 12 86 91
40 42 31 75 51 18 15
61 87 5 1 88 57 52
15 31 22 11 80 64 64
28 92 31 70 67 33 25
81 46 80 87 55 47 34
18 59 22 64 74 1 25
63 13 22 45 91 64 88
64 74 1 6 78 83 82
42 70 21 52 38 66 55
41 67 50 86 37 10 50
68 71 78 65 24 7 85
11 80 64 58 76 88 24
14 8 4 88 76 60 88
7 47 83 76 73 12 75
48 84 56 63 13 22 78
34 37 24 16 88 57 60
87 55 47 86 37 10 41
40 42 31 60 48 2 29
80 66 11 46 17 22 50
30 52 55 23 1 87 60
32 36 42 87 55 47 19
15 31 22 52 38 66 44
15 31 22 16 88 57 66
54 50 79 77 67 87 18
48 84 56 30 52 55 32
92 59 40 82 9 4 61
78 20 82 9 49 68 32
51 58 55 6 78 83 34
17 20 50 20 68 5 65
38 71 2 18 59 22 23
9 49 68 46 17 22 56
83 91 40 43 7 38 84
13 45 42 80 66 11 37
85 48 54 57 17 60 31
86 37 10 74 60 3 24
66 79 81 7 47 83 32
77 67 87 53 49 59 33
69 59 8 43 7 38 60
40 42 31 64 74 1 43
81 46 80 58 76 88 31
48 84 56 58 76 88 32
36 16 68 71 1 29 41
12 80 48 90 92 45 12
8 25 77 43 7 38 42
14 8 4 50 79 42 80
70 67 33 90 92 45 27
0 87 36 49 12 86 90
47 75 48 90 92 45 17
41 67 50 11 80 64 19
68 71 78 2 71 10 68
60 48 2 18 59 22 22
67 54 7 59 36 55 51
79 15 61 56 82 74 68
38 71 2 37 35 74 80
58 76 88 49 12 86 64
73 49 73 58 76 88 30
14 8 4 19 28 88 86
12 80 48 13 45 42 35
47 75 48 71 1 29 76
87 55 47 47 75 48 20
69 59 8 76 73 12 14
1 88 57 30 52 55 36
15 31 22 25 6 21 25
86 37 10 21 26 14 11
73 49 73 71 1 29 65
37 35 74 34 37 24 50
1 88 57 42 70 21 40
49 12 86 20 68 5 98
37 35 74 24 70 1 80
24 70 1 92 59 40 40
89 80 58 72 68 27 33
45 91 64 60 48 2 75
19 28 88 69 59 8 85
55 63 74 75 51 18 57
33 42 4 22 90 31 55
62 83 29 51 58 55 36
71 1 29 35 71 86 90
81 46 80 78 20 82 26
1 88 57 50 79 42 17
52 38 66 50 79 42 47
45 91 64 79 15 61 76
62 83 29 75 51 18 33
88 76 60 79 15 61 61
57 17 60 33 42 4 61
69 59 8 26 1 48 70
27 63 76 59 36 55 34
79 15 61 77 67 87 58
79 15 61 86 37 10 55
61 87 5 76 73 12 15
50 79 42 29 65 67 28
21 26 14 43 7 38 30
84 18 41 21 26 14 28
37 35 74 43 7 38 45
3 90 65 85 48 54 43
16 88 57 83 91 40 17
19 28 88 33 42 4 85
31 16 52 66 79 81 69
22 90 31 32 36 42 55
10 79 51 51 58 55 21
70 67 33 50 79 42 15
42 70 21 45 91 64 47
91 2 69 23 1 87 18
44 51 31 10 79 51 34
85 48 54 63 13 22 47
57 17 60 70 67 33 56
66 79 81 88 76 60 21
0 87 36 25 6 21 82
30 52 55 13 45 42 14
26 1 48 21 26 14 42
14 8 4 17 20 50 47
84 18 41 89 80 58 64
77 67 87 34 37 24 69
82 9 4 19 28 88 86
84 18 41 23 1 87 49
37 35 74 10 79 51 49
70 67 33 1 88 57 31
22 90 31 77 67 87 60
84 18 41 18 59 22 45
68 71 78 39 1 67 70
39 1 67 88 76 60 75
14 8 4 51 58 55 71
47 75 48 39 1 67 76
87 55 47 24 70 1 48
82 9 4 38 71 2 62
31 16 52 87 55 47 39
87 55 47 56 82 74 38
28 92 31 14 8 4 88
44 51 31 13 45 42 12
48 84 56 20 68 5 53
77 67 87 60 48 2 87
45 91 64 5 77 81 22
80 66 11 73 49 73 64
62 83 29 89 80 58 29
1 88 57 59 36 55 52
70 67 33 68 71 78 45
18 59 22 55 63 74 52
55 63 74 37 35 74 28
48 84 56 28 92 31 26
60 48 2 44 51 31 29
80 66 11 22 90 31 31
74 60 3 83 91 40 48
58 76 88 9 49 68 33
31 16 52 92 59 40 44
57 17 60 42 70 21 65
69 59 8 23 1 87 98
14 8 4 43 7 38 34
60 48 2 47 75 48 53
48 84 56 75 51 18 50
32 36 42 42 70 21 39
78 20 82 89 80 58 64
40 42 31 46 17 22 26
83 91 40 90 92 45 5
4 35 61 21 26 14 47
6 78 83 4 35 61 48
26 1 48 2 71 10 79
43 7 38 72 68 27 61
70 67 33 79 15 61 59
89 80 58 21 26 14 69
33 42 4 52 38 66 62
23 1 87 63 13 22 66
11 80 64 26 1 48 80
78 20 82 18 59 22 71
47 75 48 51 58 55 18
74 60 3 85 48 54 52
5 77 81 82 9 4 102
90 92 45 61 87 5 40
29 65 67 68 71 78 12
73 49 73 30 52 55 18
73 49 73 19 28 88 25
48 84 56 49 12 86 78
92 59 40 13 45 42 14
11 80 64 83 91 40 26
46 17 22 63 13 22 4
46 17 22 64 74 1 60
12 80 48 34 37 24 49
84 18 41 40 42 31 26
69 59 8 45 91 64 64
36 16 68 27 63 76 47
58 76 88 71 1 29 95
67 54 7 63 13 22 43
5 77 81 60 48 2 84
36 16 68 88 76 60 60
69 59 8 91 2 69 83
16 88 57 20 68 5 55
89 80 58 25 6 21 82
73 49 73 90 92 45 51
15 31 22 22 90 31 59
76 73 12 42 70 21 9
60 48 2 86 37 10 13
26 1 48 8 25 77 37
35 71 86 28 92 31 58
91 2 69 1 88 57 86
91 2 69 88 76 60 74
54 50 79 79 15 61 39
86 37 10 4 35 61 51
59 36 55 22 90 31 59
50 79 42 42 70 21 22
36 16 68 70 67 33 61
76 73 12 88 76 60 48
36 16 68 73 49 73 33
83 91 40 20 68 5 41
61 87 5 77 67 87 84
83 91 40 25 6 21 87
43 7 38 35 71 86 80
46 17 22 2 71 10 55
63 13 22 69 59 8 48
35 71 86 40 42 31 62
89 80 58 43 7 38 75
51 58 55 78 20 82 46
58 76 88 5 77 81 7
57 17 60 60 48 2 65
61 87 5 80 66 11 21
10 79 51 13 45 42 35
35 71 86 9 49 68 28
51 58 55 77 67 87 33
8 25 77 10 79 51 59
35 71 86 56 82 74 16
4 35 61 89 80 58 45
82 9 4 23 1 87 83
29 65 67 83 91 40 37
91 2 69 22 90 31 95
92 59 40 65 24 7 48
30 52 55 7 47 83 28
90 92 45 14 8 4 93
55 63 74 41 67 50 24
15 31 22 64 74 1 47
61 87 5 88 76 60 56
42 70 21 6 78 83 62
47 75 48 64 74 1 47
7 47 83 49 12 86 35
66 79 81 75 51 18 68
75 51 18 53 49 59 41
51 58 55 25 6 21 62
18 59 22 88 76 60 41
45 91 64 55 63 74 29
92 59 40 89 80 58 27
73 49 73 85 48 54 19
66 79 81 90 92 45 38
86 37 10 67 54 7 17
57 17 60 52 38 66 21
92 59 40 0 87 36 28
22 90 31 8 25 77 79
69 59 8 0 87 36 39
47 75 48 7 47 83 44
64 74 1 57 17 60 82
77 67 87 15 31 22 74
88 76 60 84 18 41 61
7 47 83 36 16 68 34
53 49 59 0 87 36 44
66 79 81 0 87 36 45
39 1 67 60 48 2 80
68 71 78 66 79 81 8
92 59 40 53 49 59 21
29 65 67 62 83 29 42
90 92 45 7 47 83 58
39 1 67 86 37 10 67
33 42 4 41 67 50 52
65 24 7 66 79 81 92
0 87 36 78 20 82 81
63 13 22 92 59 40 49
64 74 1 53 49 59 63
78 20 82 52 38 66 24
50 79 42 45 91 64 25
87 55 47 74 60 3 44
90 92 45 86 37 10 65
2 71 10 1 88 57 49
51 58 55 44 51 31 25
40 42 31 68 71 78 55
30 52 55 25 6 21 57
44 51 31 66 79 81 57
10 79 51 21 26 14 64
71 1 29 78 20 82 56
59 36 55 47 75 48 39
91 2 69 15 31 22 55
73 49 73 52 38 66 13
70 67 33 83 91 40 25
43 7 38 12 80 48 73
3 90 65 1 88 57 8
59 36 55 79 15 61 21
84 18 41 12 80 48 62
28 92 31 89 80 58 29
26 1 48 78 20 82 38
1 88 57 87 55 47 34
67 54 7 70 67 33 29
68 71 78 7 47 83 24
32 36 42 39 1 67 43
14 8 4 85 48 54 64
85 48 54 39 1 67 48
41 67 50 40 42 31 31
81 46 80 9 49 68 12
31 16 52 42 70 21 62
53 49 59 2 71 10 53
10 79 51 89 80 58 7
3 90 65 28 92 31 34
7 47 83 34 37 24 59
57 17 60 37 35 74 22
80 66 11 1 88 57 50
60 48 2 24 70 1 22
27 63 76 78 20 82 43
71 1 29 92 59 40 59
9 49 68 40 42 31 37
0 87 36 51 58 55 34
28 92 31 19 28 88 85
5 77 81 65 24 7 91
84 18 41 24 70 1 65
66 79 81 12 80 48 33
17 20 50 46 17 22 28
54 50 79 20 68 5 76
39 1 67 25 6 21 46
84 18 41 56 82 74 72
63 13 22 59 36 55 40
74 60 3 10 79 51 51
70 67 33 42 70 21 12
85 48 54 44 51 31 23
11 80 64 91 2 69 78
66 79 81 1 88 57 25
61 87 5 35 71 86 82
46 17 22 76 73 12 56
84 18 41 9 49 68 41
18 59 22 14 8 4 54
61 87 5 16 88 57 52
20 68 5 91 2 69 91
86 37 10 76 73 12 36
35 71 86 51 58 55 33
19 28 88 68 71 78 44
23 1 87 4 35 61 42
79 15 61 48 84 56 69
89 80 58 15 31 22 60
66 79 81 62 83 29 52
37 35 74 16 88 57 55
50 79 42 82 9 4 79
90 92 45 49 12 86 89
58 76 88 89 80 58 30
60 48 2 4 35 61 60
67 54 7 76 73 12 19
4 35 61 84 18 41 26
45 91 64 62 83 29 35
27 63 76 54 50 79 13
77 67 87 8 25 77 43
39 1 67 77 67 87 68
57 17 60 11 80 64 63
16 88 57 56 82 74 18
61 87 5 49 12 86 110
36 16 68 0 87 36 77
79 15 61 20 68 5 77
14 8 4 13 45 42 53
87 55 47 40 42 31 20
57 17 60 84 18 41 19
24 70 1 64 74 1 4
4 35 61 88 76 60 41
65 24 7 73 49 73 70
51 58 55 91 2 69 57
88 76 60 40 42 31 44
0 87 36 85 48 54 42
63 13 22 39 1 67 46
3 90 65 60 48 2 75
24 70 1 59 36 55 63
46 17 22 53 49 59 48
72 68 27 26 1 48 70
90 92 45 50 79 42 13
56 82 74 1 88 57 18
6 78 83 17 20 50 66
69 59 8 61 87 5 28
48 84 56 17 20 50 64
4 35 61 2 71 10 62
23 1 87 81 46 80 45
84 18 41 73 49 73 44
20 68 5 70 67 33 28
84 18 41 32 36 42 18
90 92 45 92 59 40 33
44 51 31 28 92 31 41
9 49 68 23 1 87 51
33 42 4 21 26 14 18
26 1 48 10 79 51 78
83 91 40 10 79 51 16
83 91 40 6 78 83 44
70 67 33 75 51 18 21
41 67 50 38 71 2 48
17 20 50 8 25 77 27
34 37 24 28 92 31 55
19 28 88 72 68 27 72
63 13 22 25 6 21 7
54 50 79 51 58 55 25
17 20 50 12 80 48 60
75 51 18 1 88 57 53
21 26 14 80 66 11 40
49 12 86 92 59 40 65
65 24 7 89 80 58 75
50 79 42 58 76 88 46
50 79 42 83 91 40 12
50 79 42 24 70 1 41
92 59 40 35 71 86 47
82 9 4 32 36 42 46
42 70 21 19 28 88 79
33 42 4 17 20 50 50
19 28 88 65 24 7 81
70 67 33 11 80 64 33
42 70 21 29 65 67 46
28 92 31 45 91 64 33
78 20 82 11 80 64 62
35 71 86 59 36 55 46
88 76 60 83 91 40 25
38 71 2 81 46 80 81
76 73 12 25 6 21 67
51 58 55 52 38 66 22
4 35 61 12 80 48 46
78 20 82 3 90 65 72
67 54 7 84 18 41 49
49 12 86 62 83 29 91
34 37 24 32 36 42 18
9 49 68 75 51 18 50
76 73 12 44 51 31 29
25 6 21 59 36 55 45
8 25 77 68 71 78 46
65 24 7 50 79 42 65
59 36 55 17 20 50 16
15 31 22 70 67 33 37
28 92 31 92 59 40 34
8 25 77 50 79 42 64
19 28 88 44 51 31 61
13 45 42 66 79 81 51
44 51 31 24 70 1 35
50 79 42 85 48 54 33
44 51 31 68 71 78 51
26 1 48 48 84 56 83
3 90 65 83 91 40 25
34 37 24 61 87 5 53
17 20 50 80 66 11 60
25 6 21 78 20 82 62
44 51 31 37 35 74 45
33 42 4 79 15 61 63
79 15 61 64 74 1 84
21 26 14 66 79 81 85
16 88 57 71 1 29 91
87 55 47 58 76 88 46
27 63 76 60 48 2 75
71 1 29 82 9 4 26
14 8 4 12 80 48 84
89 80 58 11 80 64 6
56 82 74 85 48 54 39
11 80 64 1 88 57 10
20 68 5 37 35 74 76
85 48 54 88 76 60 28
10 79 51 87 55 47 24
0 87 36 3 90 65 29
69 59 8 15 31 22 31
69 59 8 75 51 18 12
74 60 3 5 77 81 79
71 1 29 19 28 88 64
17 20 50 28 92 31 74
78 20 82 2 71 10 88
22 90 31 70 67 33 23
90 92 45 58 76 88 45
78 20 82 73 49 73 30
30 52 55 10 79 51 27
27 63 76 53 49 59 22
89 80 58 7 47 83 41
33 42 4 1 88 57 70
52 38 66 8 25 77 17
62 83 29 17 20 50 66
23 1 87 89 80 58 84
4 35 61 28 92 31 64
47 75 48 31 16 52 59
3 90 65 23 1 87 91
47 75 48 54 50 79 39
7 47 83 33 42 4 79
6 78 83 56 82 74 9
51 58 55 48 84 56 26
86 37 10 70 67 33 37
58 76 88 65 24 7 96
62 83 29 4 35 61 57
74 60 3 59 36 55 57
9 49 68 47 75 48 32
11 80 64 75 51 18 54
15 31 22 23 1 87 71
21 26 14 85 48 54 45
38 71 2 85 48 54 56
47 75 48 2 71 10 38
71 1 29 4 35 61 46
38 71 2 92 59 40 39
11 80 64 45 91 64 11
86 37 10 65 24 7 13
19 28 88 27 63 76 37
12 80 48 59 36 55 44
58 76 88 31 16 52 69
58 76 88 76 73 12 76
42 70 21 48 84 56 37
87 55 47 69 59 8 39
87 55 47 79 15 61 42
66 79 81 35 71 86 9
19 28 88 67 54 7 85
66 79 81 85 48 54 41
16 88 57 72 68 27 36
84 18 41 34 37 24 25
74 60 3 27 63 76 73
16 88 57 8 25 77 66
29 65 67 48 84 56 21
55 63 74 8 25 77 38
77 67 87 24 70 1 86
29 65 67 26 1 48 66
18 59 22 26 1 48 63
48 84 56 23 1 87 88
41 67 50 7 47 83 38
19 28 88 52 38 66 24
54 50 79 70 67 33 49
48 84 56 44 51 31 41
54 50 79 76 73 12 70
19 28 88 85 48 54 39
59 36 55 71 1 29 43
83 91 40 41 67 50 26
70 67 33 3 90 65 39
42 70 21 2 71 10 11
8 25 77 92 59 40 50
75 51 18 89 80 58 49
80 66 11 63 13 22 54
50 79 42 54 50 79 47
4 35 61 78 20 82 25
87 55 47 71 1 29 56
38 71 2 4 35 61 69
81 46 80 88 76 60 36
45 91 64 7 47 83 47
91 2 69 81 46 80 45
85 48 54 42 70 21 39
26 1 48 88 76 60 75
2 71 10 45 91 64 57
91 2 69 14 8 4 65
83 91 40 52 38 66 59
52 38 66 74 60 3 66
21 26 14 91 2 69 60
25 6 21 54 50 79 72
20 68 5 47 75 48 43
15 31 22 26 1 48 39
2 71 10 10 79 51 41
56 82 74 21 26 14 82
1 88 57 25 6 21 89
25 6 21 61 87 5 82
44 51 31 9 49 68 37
5 77 81 76 73 12 69
38 71 2 76 73 12 10
90 92 45 80 66 11 42
1 88 57 64 74 1 57
73 49 73 2 71 10 66
64 74 1 63 13 22 64
79 15 61 62 83 29 75
90 92 45 21 26 14 72
8 25 77 39 1 67 26
15 31 22 2 71 10 41
46 17 22 11 80 64 75
88 76 60 80 66 11 50
78 20 82 92 59 40 57
0 87 36 30 52 55 39
56 82 74 4 35 61 48
0 87 36 33 42 4 55
44 51 31 20 68 5 31
52 38 66 22 90 31 62
32 36 42 86 37 10 32
8 25 77 76 73 12 80
60 48 2 58 76 88 90
3 90 65 75 51 18 61
56 82 74 57 17 60 66
13 45 42 1 88 57 45
47 75 48 21 26 14 59
42 70 21 20 68 5 16
68 71 78 87 55 47 34
67 54 7 32 36 42 39
24 70 1 1 88 57 58
59 36 55 39 1 67 37
39 1 67 48 84 56 83
86 37 10 33 42 4 7
2 71 10 27 63 76 66
91 2 69 48 84 56 83
25 6 21 17 20 50 32
3 90 65 6 78 83 21
21 26 14 50 79 42 59
73 49 73 91 2 69 47
22 90 31 61 87 5 26
58 76 88 15 31 22 79
8 25 77 63 13 22 56
48 84 56 68 71 78 25
21 26 14 36 16 68 54
33 42 4 35 71 86 86
50 79 42 43 7 38 72
27 63 76 7 47 83 17
83 91 40 57 17 60 76
9 49 68 3 90 65 41
57 17 60 72 68 27 60
86 37 10 28 92 31 58
8 25 77 32 36 42 36
52 38 66 31 16 52 26
56 82 74 80 66 11 65
71 1 29 51 58 55 62
90 92 45 51 58 55 35
33 42 4 26 1 48 60
83 91 40 44 51 31 41
56 82 74 81 46 80 36
2 71 10 18 59 22 16
78 20 82 39 1 67 24
92 59 40 51 58 55 15
81 46 80 4 35 61 21
91 2 69 67 54 7 80
25 6 21 34 37 24 31
34 37 24 87 55 47 29
7 47 83 3 90 65 46
69 59 8 66 79 81 75
25 6 21 11 80 64 85
36 16 68 48 84 56 69
34 37 24 75 51 18 15
26 1 48 4 35 61 36
66 79 81 2 71 10 71
45 91 64 91 2 69 89
17 20 50 7 47 83 42
88 76 60 15 31 22 58
32 36 42 69 59 8 41
33 42 4 82 9 4 33
52 38 66 80 66 11 61
41 67 50 51 58 55 10
67 54 7 45 91 64 67
48 84 56 52 38 66 47
85 48 54 82 9 4 63
51 58 55 34 37 24 37
29 65 67 59 36 55 31
25 6 21 27 63 76 79
53 49 59 60 48 2 57
70 67 33 71 1 29 66
18 59 22 71 1 29 58
84 18 41 70 67 33 49
42 70 21 82 9 4 63
36 16 68 14 8 4 64
27 63 76 12 80 48 32
73 49 73 70 67 33 43
60 48 2 89 80 58 64
24 70 1 28 92 31 37
43 7 38 1 88 57 83
36 16 68 40 42 31 45
71 1 29 76 73 12 73
70 67 33 21 26 14 45
24 70 1 7 47 83 85
19 28 88 51 58 55 44
67 54 7 41 67 50 44
70 67 33 51 58 55 23
53 49 59 11 80 64 31
55 63 74 25 6 21 77
15 31 22 17 20 50 30
10 79 51 34 37 24 49
33 42 4 5 77 81 84
28 92 31 32 36 42 57
77 67 87 43 7 38 77
50 79 42 91 2 69 81
41 67 50 80 66 11 39
48 84 56 57 17 60 67
19 28 88 9 49 68 29
22 90 31 58 76 88 58
72 68 27 40 42 31 26
73 49 73 22 90 31 58
13 45 42 82 9 4 52
19 28 88 58 76 88 48
37 35 74 25 6 21 60
5 77 81 51 58 55 32
90 92 45 75 51 18 49
3 90 65 30 52 55 39
54 50 79 32 36 42 39
58 76 88 27 63 76 17
34 37 24 8 25 77 54
83 91 40 19 28 88 79
6 78 83 70 67 33 51
53 49 59 84 18 41 35
55 63 74 86 37 10 69
79 15 61 8 25 77 18
55 63 74 63 13 22 72
62 83 29 46 17 22 66
52 38 66 3 90 65 52
35 71 86 2 71 10 76
92 59 40 41 67 50 12
32 36 42 21 26 14 29
6 78 83 49 12 86 66
90 92 45 3 90 65 20
62 83 29 23 1 87 100
49 12 86 46 17 22 64
0 87 36 73 49 73 53
77 67 87 80 66 11 76
23 1 87 47 75 48 83
12 80 48 60 48 2 56
65 24 7 20 68 5 44
55 63 74 54 50 79 13
82 9 4 58 76 88 107
28 92 31 54 50 79 63
81 46 80 69 59 8 73
83 91 40 28 92 31 9
10 79 51 57 17 60 62
61 87 5 46 17 22 72
57 17 60 61 87 5 89
77 67 87 92 59 40 47
65 24 7 31 16 52 45
53 49 59 12 80 48 32
33 42 4 85 48 54 50
30 52 55 27 63 76 23
48 84 56 5 77 81 25
70 67 33 69 59 8 26
30 52 55 81 46 80 25
68 71 78 15 31 22 68
69 59 8 55 63 74 66
31 16 52 84 18 41 11
86 37 10 80 66 11 29
20 68 5 67 54 7 14
83 91 40 54 50 79 56
18 59 22 15 31 22 28
82 9 4 67 54 7 45
29 65 67 72 68 27 40
83 91 40 65 24 7 74
12 80 48 42 70 21 28
53 49 59 17 20 50 30
23 1 87 78 20 82 19
86 37 10 3 90 65 76
31 16 52 60 48 2 59
69 59 8 67 54 7 5
57 17 60 91 2 69 17
33 42 4 43 7 38 48
19 28 88 5 77 81 49
61 87 5 45 91 64 59
68 71 78 75 51 18 63
87 55 47 42 70 21 30
33 42 4 2 71 10 29
86 37 10 16 88 57 69
20 68 5 46 17 22 53
1 88 57 46 17 22 79
53 49 59 89 80 58 31
92 59 40 22 90 31 32
65 24 7 1 88 57 81
23 1 87 40 42 31 69
40 42 31 2 71 10 35
13 45 42 45 91 64 50
86 37 10 2 71 10 34
47 75 48 56 82 74 26
41 67 50 60 48 2 51
51 58 55 82 9 4 70
78 20 82 20 68 5 90
63 13 22 60 48 2 40
61 87 5 86 37 10 50
26 1 48 0 87 36 86
42 70 21 63 13 22 57
16 88 57 81 46 80 47
45 91 64 34 37 24 67
77 67 87 4 35 61 41
87 55 47 6 78 83 42
91 2 69 72 68 27 78
76 73 12 33 42 4 32
79 15 61 82 9 4 57
20 68 5 18 59 22 19
19 28 88 20 68 5 92
92 59 40 39 1 67 63
1 88 57 48 84 56 4
19 28 88 6 78 83 50
88 76 60 28 92 31 33
22 90 31 9 49 68 55
46 17 22 58 76 88 88
78 20 82 84 18 41 41
7 47 83 79 15 61 38
24 70 1 25 6 21 67
26 1 48 50 79 42 78
91 2 69 12 80 48 80
78 20 82 38 71 2 94
34 37 24 57 17 60 41
30 52 55 46 17 22 48
69 59 8 59 36 55 52
71 1 29 77 67 87 87
10 79 51 49 12 86 75
16 88 57 50 79 42 17
3 90 65 47 75 48 22
31 16 52 38 71 2 74
48 84 56 67 54 7 57
53 49 59 78 20 82 37
81 46 80 34 37 24 56
64 74 1 35 71 86 85
48 84 56 74 60 3 58
28 92 31 30 52 55 46
64 74 1 78 20 82 97
89 80 58 63 13 22 76
14 8 4 16 88 57 95
7 47 83 13 45 42 41
17 20 50 5 77 81 64
74 60 3 35 71 86 83
59 36 55 55 63 74 33
50 79 42 18 59 22 28
4 35 61 5 77 81 46
88 76 60 2 71 10 50
86 37 10 25 6 21 32
52 38 66 56 82 74 44
23 1 87 64 74 1 112
90 92 45 79 15 61 78
69 59 8 38 71 2 13
4 35 61 47 75 48 42
81 46 80 15 31 22 59
79 15 61 26 1 48 19
14 8 4 8 25 77 74
21 26 14 76 73 12 47
43 7 38 51 58 55 53
0 87 36 13 45 42 42
16 88 57 74 60 3 60
4 35 61 15 31 22 39
40 42 31 18 59 22 19
44 51 31 27 63 76 46
88 76 60 62 83 29 31
2 71 10 83 91 40 36
4 35 61 48 84 56 49
35 71 86 67 54 7 80
81 46 80 35 71 86 25
20 68 5 71 1 29 71
48 84 56 82 9 4 91
14 8 4 44 51 31 50
14 8 4 29 65 67 84
42 70 21 81 46 80 63
40 42 31 59 36 55 24
19 28 88 21 26 14 74
37 35 74 85 48 54 23
15 31 22 13 45 42 24
24 70 1 14 8 4 62
36 16 68 32 36 42 32
76 73 12 16 88 57 47
63 13 22 44 51 31 39
79 15 61 16 88 57 73
70 67 33 85 48 54 28
78 20 82 54 50 79 30
91 2 69 56 82 74 80
42 70 21 37 35 74 63
88 76 60 71 1 29 81
70 67 33 59 36 55 38
8 25 77 73 49 73 24
3 90 65 91 2 69 88
30 52 55 40 42 31 26
32 36 42 41 67 50 32
40 42 31 45 91 64 59
20 68 5 31 16 52 70
37 35 74 58 76 88 43
10 79 51 68 71 78 28
88 76 60 89 80 58 4
41 67 50 76 73 12 38
48 84 56 70 67 33 28
29 65 67 53 49 59 17
13 45 42 19 28 88 49
72 68 27 66 79 81 55
61 87 5 44 51 31 44
31 16 52 53 49 59 33
37 35 74 1 88 57 55
12 80 48 87 55 47 25
41 67 50 56 82 74 28
74 60 3 40 42 31 33
35 71 86 75 51 18 70
11 80 64 14 8 4 93
47 75 48 48 84 56 12
28 92 31 91 2 69 97
65 24 7 18 59 22 38
84 18 41 63 13 22 19
48 84 56 9 49 68 37
43 7 38 18 59 22 54
5 77 81 16 88 57 26
39 1 67 67 54 7 80
46 17 22 5 77 81 84
52 38 66 41 67 50 33
59 36 55 38 71 2 63
1 88 57 35 71 86 33
12 80 48 23 1 87 88
32 36 42 71 1 29 37
37 35 74 60 48 2 73
84 18 41 43 7 38 11
41 67 50 19 28 88 54
36 16 68 20 68 5 81
34 37 24 86 37 10 14
45 91 64 12 80 48 19
75 51 18 85 48 54 36
58 76 88 7 47 83 29
65 24 7 23 1 87 83
19 28 88 77 67 87 39
49 12 86 63 13 22 64
3 90 65 76 73 12 55
46 17 22 86 37 10 23
33 42 4 20 68 5 26
14 8 4 9 49 68 76
26 1 48 9 49 68 52
35 71 86 4 35 61 43
69 59 8 64 74 1 16
12 80 48 68 71 78 31
2 71 10 48 84 56 47
49 12 86 21 26 14 73
81 46 80 17 20 50 39
75 51 18 63 13 22 38
71 1 29 57 17 60 34
69 59 8 12 80 48 45
65 24 7 76 73 12 49
20 68 5 0 87 36 36
30 52 55 57 17 60 35
86 37 10 89 80 58 64
10 79 51 27 63 76 29
81 46 80 8 25 77 21
4 35 61 20 68 5 65
49 12 86 16 88 57 81
89 80 58 71 1 29 84
69 59 8 47 75 48 43
34 37 24 29 65 67 51
74 60 3 80 66 11 10
35 71 86 22 90 31 58
50 79 42 62 83 29 13
68 71 78 31 16 52 60
47 75 48 53 49 59 28
23 1 87 54 50 79 49
84 18 41 5 77 81 71
2 71 10 25 6 21 65
12 80 48 25 6 21 78
69 59 8 86 37 10 22
85 48 54 2 71 10 49
4 35 61 90 92 45 59
12 80 48 2 71 10 39
55 63 74 16 88 57 30
85 48 54 43 7 38 44
61 87 5 20 68 5 19
54 50 79 22 90 31 62
79 15 61 17 20 50 12
28 92 31 26 1 48 92
28 92 31 79 15 61 82
52 38 66 69 59 8 61
32 36 42 72 68 27 35
34 37 24 35 71 86 70
43 7 38 36 16 68 31
76 73 12 18 59 22 17
26 1 48 65 24 7 47
74 60 3 64 74 1 14
32 36 42 29 65 67 38
82 9 4 70 67 33 64
7 47 83 53 49 59 24
6 78 83 27 63 76 16
87 55 47 59 36 55 20
68 71 78 53 49 59 29
60 48 2 17 20 50 55
50 79 42 77 67 87 46
47 75 48 18 59 22 30
79 15 61 65 24 7 54
11 80 64 4 35 61 45
4 35 61 72 68 27 47
92 59 40 61 87 5 44
29 65 67 71 1 29 74
36 16 68 12 80 48 67
73 49 73 40 42 31 42
75 51 18 28 92 31 43
76 73 12 80 66 11 7
7 47 83 56 82 74 36
75 51 18 57 17 60 54
38 71 2 44 51 31 35
88 76 60 63 13 22 73
82 9 4 59 36 55 57
53 49 59 51 58 55 9
27 63 76 49 12 86 51
46 17 22 29 65 67 65
20 68 5 66 79 81 76
11 80 64 35 71 86 23
58 76 88 74 60 3 86
19 28 88 36 16 68 23
61 87 5 4 35 61 76
30 52 55 84 18 41 36
45 91 64 39 1 67 90
68 71 78 77 67 87 9
73 49 73 35 71 86 25
11 80 64 39 1 67 79
75 51 18 16 88 57 53
76 73 12 47 75 48 36
91 2 69 78 20 82 22
11 80 64 63 13 22 79
16 88 57 91 2 69 86
71 1 29 83 91 40 90
82 9 4 63 13 22 18
21 26 14 38 71 2 46
87 55 47 90 92 45 37
1 88 57 7 47 83 48
28 92 31 41 67 50 31
85 48 54 48 84 56 36
5 77 81 64 74 1 80
12 80 48 85 48 54 32
16 88 57 69 59 8 56
57 17 60 87 55 47 40
6 78 83 54 50 79 28
31 16 52 9 49 68 36
30 52 55 52 38 66 17
73 49 73 34 37 24 50
3 90 65 11 80 64 10
20 68 5 11 80 64 60
61 87 5 15 31 22 58
40 42 31 21 26 14 23
26 1 48 20 68 5 79
45 91 64 92 59 40 40
7 47 83 51 58 55 30
86 37 10 29 65 67 63
48 84 56 86 37 10 65
62 83 29 24 70 1 30
91 2 69 63 13 22 48
29 65 67 45 91 64 26
69 59 8 40 42 31 28
88 76 60 31 16 52 60
71 1 29 12 80 48 81
59 36 55 36 16 68 23
19 28 88 24 70 1 96
79 15 61 46 17 22 39
91 2 69 38 71 2 96
60 48 2 7 47 83 81
67 54 7 36 16 68 71
66 79 81 26 1 48 84
80 66 11 57 17 60 69
45 91 64 54 50 79 43
54 50 79 33 42 4 75
29 65 67 21 26 14 65
41 67 50 27 63 76 26
79 15 61 50 79 42 66
92 59 40 6 78 83 47
50 79 42 60 48 2 50
49 12 86 12 80 48 77
89 80 58 41 67 50 15
49 12 86 8 25 77 15
53 49 59 15 31 22 41
49 12 86 22 90 31 95
21 26 14 58 76 88 89
17 20 50 37 35 74 28
75 51 18 52 38 66 49
77 67 87 32 36 42 54
18 59 22 63 13 22 46
24 70 1 10 79 51 50
3 90 65 57 17 60 73
39 1 67 3 90 65 89
62 83 29 76 73 12 19
24 70 1 69 59 8 13
4 35 61 59 36 55 6
81 46 80 86 37 10 70
70 67 33 40 42 31 25
34 37 24 21 26 14 14
34 37 24 80 66 11 31
19 28 88 8 25 77 11
59 36 55 26 1 48 35
7 47 83 88 76 60 37
34 37 24 65 24 7 21
60 48 2 22 90 31 51
55 63 74 81 46 80 18
76 73 12 56 82 74 62
13 45 42 34 37 24 19
90 92 45 74 60 3 52
72 68 27 52 38 66 49
18 59 22 19 28 88 72
23 1 87 28 92 31 106
29 65 67 89 80 58 17
82 9 4 22 90 31 85
22 90 31 53 49 59 49
38 71 2 77 67 87 85
71 1 29 24 70 1 74
22 90 31 27 63 76 52
60 48 2 19 28 88 88
50 79 42 63 13 22 68
11 80 64 88 76 60 5
59 36 55 51 58 55 22
16 88 57 0 87 36 21
1 88 57 53 49 59 39
44 51 31 78 20 82 59
10 79 51 70 67 33 21
28 92 31 0 87 36 7
1 88 57 0 87 36 21
44 51 31 18 59 22 12
10 79 51 15 31 22 56
83 91 40 24 70 1 44
55 63 74 87 55 47 28
72 68 27 54 50 79 55
84 18 41 72 68 27 51
59 36 55 54 50 79 27
83 91 40 78 20 82 82
1 88 57 88 76 60 12
55 63 74 29 65 67 7
13 45 42 86 37 10 32
38 71 2 63 13 22 61
44 51 31 82 9 4 49
56 82 74 51 58 55 30
52 38 66 66 79 81 43
83 91 40 32 36 42 55
22 90 31 78 20 82 86
39 1 67 29 65 67 64
58 76 88 53 49 59 39
74 60 3 11 80 64 64
31 16 52 35 71 86 64
82 9 4 57 17 60 56
18 59 22 75 51 18 8
20 68 5 51 58 55 50
45 91 64 81 46 80 47
38 71 2 1 88 57 57
72 68 27 82 9 4 63
75 51 18 61 87 5 38
5 77 81 12 80 48 33
77 67 87 41 67 50 37
38 71 2 89 80 58 56
21 26 14 17 20 50 36
89 80 58 74 60 3 58
92 59 40 74 60 3 37
73 49 73 64 74 1 76
10 79 51 4 35 61 45
42 70 21 21 26 14 44
80 66 11 32 36 42 43
64 74 1 11 80 64 63
86 37 10 83 91 40 61
30 52 55 76 73 12 47
77 67 87 21 26 14 83
0 87 36 57 17 60 74
85 48 54 89 80 58 32
30 52 55 29 65 67 17
6 78 83 28 92 31 53
57 17 60 68 71 78 56
30 52 55 55 63 74 21
0 87 36 83 91 40 5
76 73 12 19 28 88 88
62 83 29 56 82 74 45
49 12 86 31 16 52 34
42 70 21 55 63 74 53
81 46 80 3 90 65 46
26 1 48 7 47 83 57
19 28 88 0 87 36 78
13 45 42 23 1 87 62
69 59 8 17 20 50 57
57 17 60 8 25 77 18
14 8 4 92 59 40 62
12 80 48 79 15 61 66
91 2 69 54 50 79 49
48 84 56 19 28 88 64
36 16 68 45 91 64 75
59 36 55 2 71 10 57
67 54 7 87 55 47 40
90 92 45 55 63 74 41
87 55 47 85 48 54 9
85 48 54 16 88 57 40
17 20 50 49 12 86 36
43 7 38 75 51 18 48
50 79 42 67 54 7 43
5 77 81 63 13 22 87
7 47 83 9 49 68 15
28 92 31 21 26 14 68
46 17 22 68 71 78 77
29 65 67 19 28 88 42
61 87 5 7 47 83 87
28 92 31 42 70 21 24
73 49 73 3 90 65 41
31 16 52 57 17 60 8
87 55 47 84 18 41 37
72 68 27 7 47 83 59
48 84 56 32 36 42 50
29 65 67 84 18 41 53
72 68 27 50 79 42 18
64 74 1 60 48 2 26
73 49 73 41 67 50 29
14 8 4 27 63 76 90
4 35 61 68 71 78 39
85 48 54 23 1 87 57
84 18 41 85 48 54 32
24 70 1 49 12 86 102
85 48 54 6 78 83 41
50 79 42 68 71 78 36
80 66 11 20 68 5 6
83 91 40 40 42 31 49
35 71 86 69 59 8 78
2 71 10 67 54 7 17
39 1 67 70 67 33 74
86 37 10 92 59 40 37
29 65 67 64 74 1 66
6 78 83 52 38 66 43
48 84 56 27 63 76 29
63 13 22 66 79 81 88
62 83 29 77 67 87 60
27 63 76 33 42 4 75
28 92 31 65 24 7 72
29 65 67 52 38 66 27
89 80 58 37 35 74 47
76 73 12 89 80 58 46
4 35 61 87 55 47 24
6 78 83 36 16 68 63
16 88 57 39 1 67 87
92 59 40 42 70 21 21
83 91 40 79 15 61 78
61 87 5 0 87 36 31
38 71 2 7 47 83 84
82 9 4 39 1 67 63
14 8 4 41 67 50 74
59 36 55 84 18 41 22
57 17 60 47 75 48 59
68 71 78 21 26 14 78
43 7 38 10 79 51 73
77 67 87 83 91 40 52
86 37 10 72 68 27 35
66 79 81 89 80 58 23
4 35 61 8 25 77 18
0 87 36 86 37 10 56
49 12 86 78 20 82 8
85 48 54 79 15 61 33
84 18 41 25 6 21 23
54 50 79 62 83 29 59
3 90 65 82 9 4 101
6 78 83 76 73 12 71
57 17 60 46 17 22 38
47 75 48 83 91 40 17
21 26 14 48 84 56 71
85 48 54 13 45 42 12
31 16 52 2 71 10 69
46 17 22 91 2 69 49
51 58 55 68 71 78 26
15 31 22 92 59 40 33
92 59 40 50 79 42 20
36 16 68 51 58 55 43
7 47 83 52 38 66 19
26 1 48 16 88 57 87
47 75 48 16 88 57 15
64 74 1 2 71 10 9
7 47 83 2 71 10 76
64 74 1 28 92 31 34
20 68 5 73 49 73 70
73 49 73 76 73 12 65
32 36 42 91 2 69 43
0 87 36 59 36 55 54
85 48 54 1 88 57 40
39 1 67 61 87 5 106
38 71 2 71 1 29 75
9 49 68 52 38 66 11
14 8 4 73 49 73 80
63 13 22 4 35 61 44
65 24 7 21 26 14 7
1 88 57 58 76 88 33
23 1 87 19 28 88 27
24 70 1 38 71 2 1
71 1 29 80 66 11 67
36 16 68 61 87 5 94
59 36 55 43 7 38 33
27 63 76 82 9 4 90
9 49 68 42 70 21 51
10 79 51 56 82 74 23
57 17 60 26 1 48 20
39 1 67 10 79 51 79
72 68 27 58 76 88 61
16 88 57 53 49 59 39
65 24 7 2 71 10 47
74 60 3 72 68 27 25
61 87 5 65 24 7 63
54 50 79 38 71 2 79
38 71 2 32 36 42 53
1 88 57 86 37 10 69
32 36 42 81 46 80 39
58 76 88 63 13 22 91
12 80 48 86 37 10 57
25 6 21 32 36 42 36
60 48 2 92 59 40 39
23 1 87 72 68 27 89
26 1 48 44 51 31 52
90 92 45 0 87 36 10
73 49 73 7 47 83 10
15 31 22 6 78 83 77
16 88 57 7 47 83 48
75 51 18 15 31 22 20
91 2 69 52 38 66 36
47 75 48 32 36 42 39
81 46 80 41 67 50 36
44 51 31 12 80 48 33
49 12 86 67 54 7 89
26 1 48 86 37 10 52
50 79 42 7 47 83 52
5 77 81 56 82 74 8
43 7 38 86 37 10 41
40 42 31 10 79 51 42
33 42 4 37 35 74 70
3 90 65 10 79 51 17
65 24 7 60 48 2 24
71 1 29 50 79 42 79
70 67 33 44 51 31 16
24 70 1 32 36 42 53
27 63 76 1 88 57 31
66 79 81 64 74 1 80
77 67 87 66 79 81 13
38 71 2 30 52 55 56
24 70 1 47 75 48 47
59 36 55 66 79 81 50
45 91 64 6 78 83 23
52 38 66 24 70 1 72
87 55 47 35 71 86 42
80 66 11 18 59 22 13
60 48 2 66 79 81 84
85 48 54 59 36 55 12
39 1 67 15 31 22 54
58 76 88 26 1 48 85
27 63 76 83 91 40 45
68 71 78 89 80 58 21
45 91 64 68 71 78 24
2 71 10 50 79 42 32
18 59 22 68 71 78 57
0 87 36 23 1 87 99
81 46 80 28 92 31 67
24 70 1 29 65 67 66
53 49 59 61 87 5 66
52 38 66 77 67 87 35
21 26 14 75 51 18 25
41 67 50 59 36 55 31
6 78 83 34 37 24 71
8 25 77 75 51 18 64
87 55 47 88 76 60 24
30 52 55 42 70 21 38
10 79 51 20 68 5 47
29 65 67 85 48 54 21
37 35 74 70 67 33 52
72 68 27 36 16 68 66