10 45
5 8 4 1 4 7 5
2 7 4 4 3 7 5
9 6 9 6 9 9 3
9 6 9 3 5 1 8
9 6 9 7 4 3 6
7 4 3 6 9 9 7
1 4 7 6 9 9 5
3 5 1 5 8 4 4
6 9 9 2 7 4 5
0 8 9 4 3 7 5
9 6 9 4 3 7 3
7 4 3 2 7 4 3
6 9 9 5 8 4 5
8 3 8 5 8 4 6
1 4 7 7 4 3 4
2 7 4 5 8 4 1
3 5 1 2 7 4 3
5 8 4 4 3 7 5
5 8 4 9 6 9 5
8 3 8 2 7 4 5
0 8 9 5 8 4 5
7 4 3 8 3 8 5
3 5 1 4 3 7 6
0 8 9 7 4 3 7
1 4 7 2 7 4 4
8 3 8 0 8 9 5
0 8 9 9 6 9 2
8 3 8 6 9 9 6
9 6 9 8 3 8 3
0 8 9 1 4 7 4
3 5 1 7 4 3 2
7 4 3 4 3 7 4
1 4 7 8 3 8 1
8 3 8 3 5 1 7
2 7 4 0 8 9 5
8 3 8 4 3 7 1
7 4 3 5 8 4 4
6 9 9 4 3 7 6
3 5 1 1 4 7 6
6 9 9 3 5 1 8
9 6 9 1 4 7 2
9 6 9 2 7 4 5
6 9 9 0 8 9 1
1 4 7 4 3 7 1
3 5 1 0 8 9 8