77 2926
24 64 32 21 67 72 40
73 19 7 70 10 5 9
36 76 26 13 48 66 48
43 61 71 27 58 68 4
37 0 17 62 64 46 70
26 12 41 39 14 26 15
43 61 71 35 64 58 13
67 24 61 47 51 13 55
40 5 74 38 55 59 52
66 32 61 70 10 5 60
9 46 76 52 20 25 57
67 24 61 76 7 33 32
12 9 37 11 30 9 35
4 64 44 44 20 57 45
49 23 59 61 19 69 10
11 30 9 14 22 58 49
33 69 40 20 11 23 60
70 10 5 24 64 32 60
70 10 5 36 76 26 69
43 61 71 21 67 72 6
74 1 76 24 64 32 76
50 67 74 20 11 23 75
41 27 24 19 13 75 52
53 71 68 2 61 36 33
38 55 59 50 67 74 19
14 22 58 55 13 69 14
62 64 46 33 69 40 7
35 64 58 17 74 33 26
64 22 26 63 7 57 34
75 64 69 62 64 46 23
39 14 26 8 75 20 61
54 56 13 74 1 76 83
6 55 37 66 32 61 33
4 64 44 54 56 13 32
20 11 23 16 69 9 59
74 1 76 29 5 70 7
74 1 76 40 5 74 4
69 2 46 22 51 3 65
48 8 19 63 7 57 38
36 76 26 56 27 31 49
8 75 20 57 42 3 37
0 45 45 25 39 55 11
44 20 57 56 27 31 26
45 51 65 35 64 58 14
37 0 17 63 7 57 40
2 61 36 19 13 75 61
40 5 74 76 7 33 41
64 22 26 50 67 74 65
19 13 75 74 1 76 12
38 55 59 36 76 26 39
40 5 74 50 67 74 62
17 74 33 37 0 17 75
57 42 3 18 17 55 57
40 5 74 46 13 61 15
56 27 31 46 13 61 33
74 1 76 23 17 25 53
62 64 46 56 27 31 39
48 8 19 18 17 55 37
31 21 22 21 67 72 67
39 14 26 37 0 17 16
53 71 68 25 39 55 34
13 48 66 30 26 6 63
66 32 61 7 63 58 31
37 0 17 35 64 58 76
60 58 2 15 2 61 81
29 5 70 69 2 46 24
73 19 7 61 19 69 62
1 66 17 44 20 57 60
59 66 43 3 33 61 37
62 64 46 25 39 55 26
50 67 74 3 33 61 36
31 21 22 34 21 52 30
48 8 19 24 64 32 57
37 0 17 42 70 41 74
12 9 37 57 42 3 47
29 5 70 18 17 55 19
38 55 59 51 36 9 53
19 13 75 64 22 26 49
18 17 55 46 13 61 7
29 5 70 47 51 13 73
56 27 31 59 66 43 40
3 33 61 51 36 9 52
16 69 9 18 17 55 69
57 42 3 6 55 37 36
57 42 3 75 64 69 69
23 17 25 33 69 40 54
56 27 31 19 13 75 46
58 12 53 71 63 4 70
5 23 68 53 71 68 48
0 45 45 48 8 19 45
55 13 69 46 13 61 8
1 66 17 30 26 6 41
48 8 19 38 55 59 61
62 64 46 24 64 32 14
75 64 69 74 1 76 63
8 75 20 64 22 26 53
58 12 53 18 17 55 5
33 69 40 48 8 19 64
37 0 17 32 16 67 52
20 11 23 1 66 17 55
74 1 76 52 20 25 54
21 67 72 70 10 5 87
25 39 55 5 23 68 20
59 66 43 60 58 2 41
8 75 20 54 56 13 20
18 17 55 2 61 36 47
12 9 37 4 64 44 55
20 11 23 55 13 69 46
7 63 58 26 12 41 53
40 5 74 10 69 13 88
46 13 61 52 20 25 36
65 39 50 15 2 61 38
58 12 53 22 51 3 63
19 13 75 61 19 69 8
5 23 68 24 64 32 54
29 5 70 62 64 46 63
38 55 59 63 7 57 48
22 51 3 71 63 4 12
27 58 68 26 12 41 53
51 36 9 9 46 76 67
9 46 76 41 27 24 55
40 5 74 62 64 46 65
27 58 68 21 67 72 9
49 23 59 70 10 5 55
63 7 57 22 51 3 69
59 66 43 5 23 68 49
14 22 58 29 5 70 20
54 56 13 11 30 9 26
50 67 74 25 39 55 33
15 2 61 0 45 45 45
61 19 69 60 58 2 77
38 55 59 44 20 57 35
59 66 43 45 51 65 26
26 12 41 75 64 69 59
50 67 74 44 20 57 49
22 51 3 42 70 41 42
20 11 23 30 26 6 22
9 46 76 11 30 9 68
13 48 66 14 22 58 27
22 51 3 52 20 25 38
13 48 66 28 63 63 15
64 22 26 30 26 6 20
24 64 32 4 64 44 12
68 63 18 56 27 31 38
16 69 9 11 30 9 39
74 1 76 73 19 7 71
33 69 40 42 70 41 1
65 39 50 61 19 69 27
26 12 41 74 1 76 36
23 17 25 12 9 37 14
60 58 2 8 75 20 24
61 19 69 8 75 20 74
76 7 33 37 0 17 17
76 7 33 64 22 26 16
26 12 41 28 63 63 55
5 23 68 58 12 53 18
46 13 61 72 60 60 47
12 9 37 46 13 61 24
58 12 53 21 67 72 58
37 0 17 16 69 9 69
4 64 44 37 0 17 69
25 39 55 43 61 71 27
28 63 63 71 63 4 59
4 64 44 65 39 50 25
20 11 23 62 64 46 57
46 13 61 62 64 46 53
76 7 33 65 39 50 36
42 70 41 19 13 75 66
5 23 68 76 7 33 38
13 48 66 11 30 9 59
16 69 9 1 66 17 8
70 10 5 23 17 25 21
19 13 75 52 20 25 50
56 27 31 8 75 20 49
5 23 68 2 61 36 49
19 13 75 23 17 25 50
73 19 7 26 12 41 34
28 63 63 8 75 20 44
31 21 22 41 27 24 6
19 13 75 9 46 76 33
24 64 32 17 74 33 10
75 64 69 23 17 25 64
67 24 61 45 51 65 27
49 23 59 39 14 26 34
21 67 72 38 55 59 17
17 74 33 48 8 19 67
39 14 26 2 61 36 48
49 23 59 67 24 61 2
67 24 61 19 13 75 17
48 8 19 40 5 74 55
0 45 45 10 69 13 40
56 27 31 71 63 4 45
57 42 3 44 20 57 58
51 36 9 8 75 20 40
75 64 69 41 27 24 58
8 75 20 45 51 65 51
72 60 60 70 10 5 74
43 61 71 59 66 43 28
74 1 76 43 61 71 60
27 58 68 30 26 6 69
76 7 33 28 63 63 63
8 75 20 65 39 50 46
20 11 23 58 12 53 30
32 16 67 10 69 13 75
17 74 33 41 27 24 47
3 33 61 22 51 3 60
75 64 69 25 39 55 28
3 33 61 73 19 7 55
70 10 5 6 55 37 55
67 24 61 24 64 32 49
59 66 43 1 66 17 26
39 14 26 43 61 71 65
43 61 71 57 42 3 70
68 63 18 52 20 25 43
29 5 70 46 13 61 12
74 1 76 10 69 13 92
3 33 61 20 11 23 43
33 69 40 18 17 55 54
3 33 61 45 51 65 18
47 51 13 24 64 32 23
75 64 69 3 33 61 32
5 23 68 66 32 61 11
47 51 13 9 46 76 63
60 58 2 53 71 68 67
18 17 55 38 55 59 38
23 17 25 15 2 61 39
69 2 46 4 64 44 62
76 7 33 14 22 58 29
5 23 68 18 17 55 14
60 58 2 74 1 76 93
66 32 61 47 51 13 51
33 69 40 51 36 9 45
46 13 61 64 22 26 36
9 46 76 54 56 13 63
56 27 31 76 7 33 20
41 27 24 70 10 5 25
71 63 4 40 5 74 90
74 1 76 53 71 68 70
25 39 55 41 27 24 33
34 21 52 22 51 3 57
36 76 26 61 19 69 71
11 30 9 67 24 61 52
6 55 37 4 64 44 11
24 64 32 23 17 25 47
56 27 31 48 8 19 22
45 51 65 27 58 68 7
52 20 25 16 69 9 51
71 63 4 4 64 44 40
39 14 26 24 64 32 50
54 56 13 22 51 3 11
63 7 57 50 67 74 62
51 36 9 7 63 58 55
47 51 13 7 63 58 46
41 27 24 4 64 44 42
2 61 36 14 22 58 44
49 23 59 52 20 25 34
0 45 45 28 63 63 25
12 9 37 71 63 4 63
4 64 44 46 13 61 53
49 23 59 28 63 63 40
65 39 50 29 5 70 39
47 51 13 27 58 68 55
12 9 37 61 19 69 33
5 23 68 32 16 67 7
54 56 13 57 42 3 17
29 5 70 75 64 69 59
28 63 63 70 10 5 78
29 5 70 68 63 18 77
42 70 41 44 20 57 52
59 66 43 14 22 58 46
70 10 5 37 0 17 15
58 12 53 19 13 75 22
68 63 18 63 7 57 68
47 51 13 18 17 55 54
76 7 33 7 63 58 61
26 12 41 36 76 26 65
0 45 45 4 64 44 19
30 26 6 50 67 74 79
37 0 17 13 48 66 68
41 27 24 26 12 41 22
1 66 17 68 63 18 3
61 19 69 32 16 67 3
65 39 50 10 69 13 47
13 48 66 4 64 44 27
26 12 41 8 75 20 66
6 55 37 53 71 68 34
7 63 58 10 69 13 45
48 8 19 76 7 33 14
42 70 41 58 12 53 59
59 66 43 35 64 58 15
13 48 66 1 66 17 52
34 21 52 66 32 61 14
27 58 68 58 12 53 48
38 55 59 2 61 36 23
63 7 57 14 22 58 15
7 63 58 32 16 67 47
46 13 61 42 70 41 60
43 61 71 9 46 76 15
45 51 65 68 63 18 48
69 2 46 25 39 55 38
45 51 65 5 23 68 28
37 0 17 66 32 61 54
19 13 75 3 33 61 24
28 63 63 30 26 6 67
19 13 75 27 58 68 45
40 5 74 56 27 31 48
56 27 31 37 0 17 30
15 2 61 34 21 52 21
15 2 61 6 55 37 58
39 14 26 30 26 6 23
21 67 72 5 23 68 44
51 36 9 60 58 2 23
71 63 4 24 64 32 28
11 30 9 57 42 3 13
74 1 76 42 70 41 77
76 7 33 30 26 6 33
52 20 25 39 14 26 6
40 5 74 0 45 45 49
71 63 4 47 51 13 15
28 63 63 75 64 69 6
65 39 50 47 51 13 38
17 74 33 33 69 40 8
46 13 61 26 12 41 20
27 58 68 15 2 61 56
48 8 19 22 51 3 45
20 11 23 29 5 70 47
22 51 3 64 22 26 37
76 7 33 75 64 69 67
66 32 61 57 42 3 58
53 71 68 34 21 52 52
57 42 3 48 8 19 37
5 23 68 7 63 58 41
17 74 33 25 39 55 41
13 48 66 15 2 61 46
26 12 41 32 16 67 26
26 12 41 62 64 46 52
2 61 36 23 17 25 45
57 42 3 35 64 58 59
1 66 17 48 8 19 58
1 66 17 36 76 26 13
68 63 18 50 67 74 56
68 63 18 8 75 20 12
37 0 17 52 20 25 21
31 21 22 11 30 9 15
35 64 58 1 66 17 41
27 58 68 11 30 9 65
69 2 46 30 26 6 46
44 20 57 39 14 26 31
47 51 13 56 27 31 30
44 20 57 61 19 69 12
67 24 61 30 26 6 55
72 60 60 55 13 69 47
50 67 74 76 7 33 72
19 13 75 13 48 66 36
53 71 68 27 58 68 13
36 76 26 10 69 13 14
50 67 74 70 10 5 89
75 64 69 5 23 68 41
74 1 76 18 17 55 26
35 64 58 63 7 57 57
13 48 66 16 69 9 60
33 69 40 32 16 67 59
30 26 6 18 17 55 49
31 21 22 48 8 19 13
74 1 76 51 36 9 75
20 11 23 49 23 59 37
28 63 63 74 1 76 63
14 22 58 38 55 59 33
29 5 70 19 13 75 9
40 5 74 11 30 9 69
69 2 46 48 8 19 27
8 75 20 23 17 25 58
51 36 9 46 13 61 56
42 70 41 54 56 13 31
11 30 9 0 45 45 39
10 69 13 9 46 76 67
16 69 9 2 61 36 28
10 69 13 12 9 37 64
19 13 75 66 32 61 23
73 19 7 10 69 13 50
49 23 59 1 66 17 60
62 64 46 61 19 69 50
41 27 24 43 61 71 58
11 30 9 42 70 41 51
9 46 76 70 10 5 79
23 17 25 53 71 68 69
73 19 7 20 11 23 17
72 60 60 5 23 68 37
73 19 7 1 66 17 48
12 9 37 41 27 24 22
63 7 57 15 2 61 6
31 21 22 60 58 2 42
16 69 9 62 64 46 37
71 63 4 55 13 69 82
76 7 33 63 7 57 24
63 7 57 0 45 45 39
51 36 9 42 70 41 46
63 7 57 46 13 61 7
15 2 61 21 67 72 65
76 7 33 39 14 26 9
31 21 22 74 1 76 57
50 67 74 71 63 4 70
25 39 55 67 24 61 16
47 51 13 48 8 19 43
7 63 58 54 56 13 45
17 74 33 36 76 26 7
16 69 9 57 42 3 27
62 64 46 0 45 45 19
57 42 3 34 21 52 53
48 8 19 5 23 68 51
14 22 58 35 64 58 42
53 71 68 66 32 61 39
43 61 71 1 66 17 54
1 66 17 76 7 33 61
24 64 32 69 2 46 63
61 19 69 17 74 33 65
64 22 26 39 14 26 8
1 66 17 41 27 24 39
42 70 41 7 63 58 18
51 36 9 45 51 65 57
68 63 18 38 55 59 41
71 63 4 15 2 61 83
33 69 40 47 51 13 32
68 63 18 39 14 26 49
44 20 57 66 32 61 12
63 7 57 1 66 17 71
35 64 58 6 55 37 22
63 7 57 12 9 37 20
41 27 24 13 48 66 46
75 64 69 52 20 25 62
8 75 20 27 58 68 50
4 64 44 15 2 61 64
72 60 60 64 22 26 50
47 51 13 61 19 69 64
27 58 68 14 22 58 37
34 21 52 12 9 37 19
32 16 67 50 67 74 51
54 56 13 65 39 50 40
58 12 53 37 0 17 37
38 55 59 34 21 52 34
14 22 58 30 26 6 52
54 56 13 27 58 68 55
29 5 70 30 26 6 67
21 67 72 32 16 67 51
27 58 68 69 2 46 60
26 12 41 10 69 13 63
48 8 19 70 10 5 14
51 36 9 2 61 36 36
21 67 72 39 14 26 70
24 64 32 7 63 58 26
47 51 13 46 13 61 61
6 55 37 30 26 6 42
26 12 41 63 7 57 16
5 23 68 27 58 68 35
49 23 59 21 67 72 45
32 16 67 3 33 61 18
74 1 76 6 55 37 66
66 32 61 29 5 70 28
7 63 58 38 55 59 8
24 64 32 73 19 7 51
53 71 68 18 17 55 55
23 17 25 50 67 74 70
72 60 60 28 63 63 4
61 19 69 43 61 71 42
16 69 9 72 60 60 51
26 12 41 68 63 18 55
30 26 6 63 7 57 54
34 21 52 59 66 43 45
30 26 6 70 10 5 16
53 71 68 15 2 61 69
63 7 57 21 67 72 61
32 16 67 69 2 46 25
1 66 17 14 22 58 60
59 66 43 21 67 72 29
48 8 19 16 69 9 61
18 17 55 54 56 13 57
49 23 59 5 23 68 9
52 20 25 7 63 58 54
33 69 40 26 12 41 57
14 22 58 37 0 17 46
1 66 17 54 56 13 10
16 69 9 6 55 37 31
12 9 37 69 2 46 11
69 2 46 11 30 9 46
43 61 71 67 24 61 38
45 51 65 15 2 61 49
2 61 36 32 16 67 54
15 2 61 70 10 5 56
0 45 45 31 21 22 33
38 55 59 61 19 69 37
46 13 61 33 69 40 59
51 36 9 69 2 46 50
48 8 19 41 27 24 19
20 11 23 23 17 25 6
64 22 26 58 12 53 28
54 56 13 59 66 43 31
61 19 69 2 61 36 53
52 20 25 33 69 40 51
9 46 76 36 76 26 58
64 22 26 69 2 46 28
45 51 65 4 64 44 24
60 58 2 25 39 55 56
42 70 41 50 67 74 33
51 36 9 68 63 18 28
54 56 13 10 69 13 13
8 75 20 43 61 71 52
2 61 36 26 12 41 49
31 21 22 30 26 6 16
49 23 59 42 70 41 50
68 63 18 76 7 33 57
31 21 22 61 19 69 47
40 5 74 53 71 68 66
63 7 57 39 14 26 31
68 63 18 20 11 23 52
65 39 50 33 69 40 31
60 58 2 71 63 4 5
49 23 59 41 27 24 35
20 11 23 45 51 65 58
46 13 61 36 76 26 72
34 21 52 48 8 19 35
75 64 69 33 69 40 29
22 51 3 39 14 26 43
1 66 17 29 5 70 80
76 7 33 51 36 9 37
44 20 57 34 21 52 5
46 13 61 53 71 68 58
14 22 58 39 14 26 32
65 39 50 50 67 74 36
41 27 24 56 27 31 7
50 67 74 24 64 32 42
50 67 74 39 14 26 71
44 20 57 62 64 46 45
64 22 26 32 16 67 41
57 42 3 72 60 60 59
21 67 72 47 51 13 61
41 27 24 24 64 32 37
72 60 60 29 5 70 55
45 51 65 39 14 26 53
5 23 68 37 0 17 55
56 27 31 6 55 37 28
29 5 70 35 64 58 60
70 10 5 64 22 26 24
46 13 61 50 67 74 55
8 75 20 29 5 70 86
56 27 31 49 23 59 28
41 27 24 59 66 43 43
42 70 41 61 19 69 58
50 67 74 62 64 46 28
1 66 17 27 58 68 51
47 51 13 43 61 71 58
38 55 59 37 0 17 69
30 26 6 75 64 69 73
71 63 4 44 20 57 68
63 7 57 51 36 9 56
68 63 18 48 8 19 55
30 26 6 72 60 60 63
1 66 17 23 17 25 49
24 64 32 58 12 53 56
45 51 65 63 7 57 44
0 45 45 47 51 13 32
56 27 31 31 21 22 10
12 9 37 22 51 3 54
35 64 58 61 19 69 46
49 23 59 53 71 68 48
3 33 61 36 76 26 55
55 13 69 22 51 3 76
31 21 22 47 51 13 31
46 13 61 20 11 23 38
10 69 13 68 63 18 7
40 5 74 9 46 76 41
37 0 17 3 33 61 55
41 27 24 64 22 26 5
30 26 6 45 51 65 64
52 20 25 61 19 69 44
4 64 44 25 39 55 27
23 17 25 68 63 18 46
48 8 19 35 64 58 68
35 64 58 16 69 9 49
7 63 58 58 12 53 51
52 20 25 67 24 61 36
3 33 61 4 64 44 35
54 56 13 52 20 25 37
45 51 65 46 13 61 38
12 9 37 1 66 17 60
65 39 50 35 64 58 26
40 5 74 35 64 58 61
71 63 4 6 55 37 33
27 58 68 55 13 69 45
66 32 61 75 64 69 32
10 69 13 15 2 61 82
21 67 72 23 17 25 68
69 2 46 47 51 13 59
57 42 3 20 11 23 36
61 19 69 45 51 65 32
45 51 65 65 39 50 19
21 67 72 6 55 37 37
66 32 61 41 27 24 37
55 13 69 45 51 65 38
59 66 43 69 2 46 64
75 64 69 54 56 13 56
8 75 20 30 26 6 50
38 55 59 53 71 68 18
3 33 61 76 7 33 38
0 45 45 43 61 71 30
50 67 74 74 1 76 66
58 12 53 48 8 19 34
13 48 66 68 63 18 50
42 70 41 65 39 50 32
37 0 17 54 56 13 56
7 63 58 28 63 63 5
26 12 41 20 11 23 18
50 67 74 69 2 46 70
67 24 61 74 1 76 27
3 33 61 66 32 61 1
74 1 76 45 51 65 51
26 12 41 48 8 19 22
51 36 9 71 63 4 27
66 32 61 4 64 44 36
3 33 61 33 69 40 41
23 17 25 43 61 71 63
1 66 17 58 12 53 64
16 69 9 29 5 70 88
19 13 75 15 2 61 17
72 60 60 42 70 41 21
67 24 61 66 32 61 8
55 13 69 19 13 75 6
32 16 67 18 17 55 12
52 20 25 50 67 74 67
2 61 36 13 48 66 32
34 21 52 46 13 61 12
25 39 55 56 27 31 26
27 58 68 24 64 32 36
67 24 61 72 60 60 36
23 17 25 13 48 66 51
54 56 13 2 61 36 23
41 27 24 55 13 69 47
42 70 41 35 64 58 18
7 63 58 57 42 3 58
31 21 22 70 10 5 20
10 69 13 58 12 53 69
63 7 57 6 55 37 52
22 51 3 37 0 17 52
4 64 44 31 21 22 48
38 55 59 46 13 61 42
3 33 61 60 58 2 64
46 13 61 28 63 63 50
31 21 22 58 12 53 32
53 71 68 12 9 37 69
25 39 55 55 13 69 29
7 63 58 74 1 76 64
60 58 2 62 64 46 44
66 32 61 26 12 41 28
75 64 69 31 21 22 63
43 61 71 68 63 18 53
28 63 63 50 67 74 11
8 75 20 17 74 33 13
67 24 61 55 13 69 13
6 55 37 3 33 61 32
11 30 9 19 13 75 68
27 58 68 41 27 24 53
28 63 63 5 23 68 40
66 32 61 48 8 19 48
10 69 13 4 64 44 31
18 17 55 60 58 2 67
9 46 76 3 33 61 19
66 32 61 14 22 58 10
66 32 61 42 70 41 42
30 26 6 22 51 3 25
61 19 69 74 1 76 19
15 2 61 44 20 57 18
33 69 40 16 69 9 31
14 22 58 54 56 13 56
32 16 67 67 24 61 10
18 17 55 75 64 69 49
58 12 53 15 2 61 12
45 51 65 16 69 9 58
42 70 41 68 63 18 24
41 27 24 40 5 74 54
6 55 37 24 64 32 10
60 58 2 45 51 65 63
19 13 75 71 63 4 86
58 12 53 6 55 37 45
22 51 3 14 22 58 62
34 21 52 76 7 33 23
30 26 6 51 36 9 10
67 24 61 59 66 43 45
57 42 3 0 45 45 42
23 17 25 63 7 57 33
6 55 37 43 61 71 34
14 22 58 74 1 76 27
53 71 68 3 33 61 38
55 13 69 50 67 74 54
36 76 26 53 71 68 42
3 33 61 34 21 52 15
65 39 50 67 24 61 18
47 51 13 12 9 37 48
2 61 36 33 69 40 8
7 63 58 56 27 31 45
55 13 69 31 21 22 47
12 9 37 44 20 57 22
33 69 40 15 2 61 70
38 55 59 3 33 61 22
3 33 61 61 19 69 16
4 64 44 5 23 68 47
55 13 69 76 7 33 36
55 13 69 56 27 31 40
60 58 2 22 51 3 7
28 63 63 43 61 71 8
34 21 52 16 69 9 64
5 23 68 65 39 50 24
34 21 52 45 51 65 32
19 13 75 12 9 37 38
7 63 58 65 39 50 25
64 22 26 49 23 59 33
26 12 41 5 23 68 29
25 39 55 37 0 17 54
70 10 5 45 51 65 72
35 64 58 5 23 68 42
65 39 50 27 58 68 26
66 32 61 61 19 69 15
35 64 58 56 27 31 45
15 2 61 16 69 9 84
18 17 55 4 64 44 48
33 69 40 50 67 74 34
55 13 69 18 17 55 14
56 27 31 33 69 40 42
25 39 55 21 67 72 32
14 22 58 6 55 37 39
31 21 22 62 64 46 49
51 36 9 32 16 67 61
44 20 57 17 74 33 59
43 61 71 26 12 41 57
56 27 31 43 61 71 52
38 55 59 73 19 7 63
48 8 19 2 61 36 55
28 63 63 73 19 7 71
26 12 41 0 45 45 33
2 61 36 15 2 61 64
12 9 37 73 19 7 31
60 58 2 10 69 13 15
4 64 44 33 69 40 6
50 67 74 19 13 75 54
13 48 66 56 27 31 40
9 46 76 58 12 53 41
31 21 22 49 23 59 37
65 39 50 14 22 58 18
37 0 17 48 8 19 8
55 13 69 74 1 76 13
24 64 32 10 69 13 19
23 17 25 66 32 61 39
31 21 22 1 66 17 45
59 66 43 57 42 3 46
37 0 17 55 13 69 53
47 51 13 38 55 59 46
32 16 67 31 21 22 45
59 66 43 15 2 61 66
46 13 61 59 66 43 55
21 67 72 40 5 74 62
47 51 13 1 66 17 15
17 74 33 71 63 4 31
24 64 32 46 13 61 58
11 30 9 38 55 59 55
30 26 6 5 23 68 62
6 55 37 73 19 7 46
32 16 67 74 1 76 17
2 61 36 7 63 58 22
72 60 60 49 23 59 37
11 30 9 59 66 43 49
14 22 58 50 67 74 47
14 22 58 16 69 9 67
27 58 68 40 5 74 53
32 16 67 46 13 61 6
0 45 45 16 69 9 43
40 5 74 29 5 70 4
6 55 37 31 21 22 37
20 11 23 75 64 69 70
13 48 66 59 66 43 29
68 63 18 33 69 40 22
52 20 25 25 39 55 35
59 66 43 70 10 5 67
29 5 70 15 2 61 9
51 36 9 48 8 19 29
9 46 76 27 58 68 14
56 27 31 70 10 5 31
61 19 69 34 21 52 17
21 67 72 56 27 31 57
4 64 44 32 16 67 53
65 39 50 25 39 55 5
43 61 71 5 23 68 38
2 61 36 42 70 41 10
11 30 9 17 74 33 50
66 32 61 63 7 57 25
38 55 59 8 75 20 43
74 1 76 22 51 3 88
3 33 61 15 2 61 31
19 13 75 54 56 13 75
52 20 25 53 71 68 66
37 0 17 75 64 69 82
22 51 3 32 16 67 72
46 13 61 5 23 68 12
34 21 52 28 63 63 43
44 20 57 27 58 68 39
76 7 33 13 48 66 52
38 55 59 13 48 66 9
26 12 41 9 46 76 48
38 55 59 62 64 46 15
36 76 26 60 58 2 30
7 63 58 19 13 75 52
52 20 25 58 12 53 29
45 51 65 13 48 66 3
75 64 69 60 58 2 67
33 69 40 13 48 66 33
43 61 71 40 5 74 56
32 16 67 16 69 9 78
38 55 59 29 5 70 51
6 55 37 22 51 3 34
42 70 41 28 63 63 23
46 13 61 66 32 61 19
32 16 67 47 51 13 64
65 39 50 0 45 45 7
38 55 59 19 13 75 44
10 69 13 22 51 3 20
29 5 70 56 27 31 44
63 7 57 20 11 23 34
6 55 37 19 13 75 56
54 56 13 15 2 61 72
62 64 46 64 22 26 46
55 13 69 48 8 19 50
58 12 53 26 12 41 12
0 45 45 37 0 17 53
66 32 61 39 14 26 39
60 58 2 50 67 74 72
44 20 57 65 39 50 20
3 33 61 28 63 63 30
12 9 37 17 74 33 65
58 12 53 13 48 66 38
73 19 7 0 45 45 46
42 70 41 76 7 33 63
59 66 43 33 69 40 4
40 5 74 16 69 9 91
51 36 9 20 11 23 28
69 2 46 18 17 55 17
36 76 26 48 8 19 68
20 11 23 38 55 59 56
50 67 74 7 63 58 16
40 5 74 45 51 65 46
73 19 7 19 13 75 68
71 63 4 7 63 58 54
72 60 60 73 19 7 67
59 66 43 72 60 60 18
52 20 25 26 12 41 17
69 2 46 40 5 74 28
15 2 61 39 14 26 37
17 74 33 57 42 3 43
71 63 4 23 17 25 50
40 5 74 14 22 58 23
71 63 4 76 7 33 63
23 17 25 48 8 19 10
35 64 58 27 58 68 11
73 19 7 15 2 61 56
44 20 57 40 5 74 22
65 39 50 40 5 74 41
73 19 7 69 2 46 42
36 76 26 74 1 76 90
57 42 3 62 64 46 48
37 0 17 61 19 69 55
40 5 74 52 20 25 51
25 39 55 3 33 61 8
33 69 40 40 5 74 72
14 22 58 0 45 45 26
18 17 55 19 13 75 20
32 16 67 43 61 71 45
36 76 26 35 64 58 34
66 32 61 72 60 60 28
69 2 46 56 27 31 29
37 0 17 67 24 61 50
66 32 61 59 66 43 38
62 64 46 6 55 37 12
10 69 13 33 69 40 27
8 75 20 1 66 17 9
11 30 9 22 51 3 21
32 16 67 11 30 9 59
51 36 9 57 42 3 8
70 10 5 76 7 33 28
70 10 5 71 63 4 53
26 12 41 13 48 66 43
18 17 55 31 21 22 33
43 61 71 33 69 40 32
57 42 3 2 61 36 38
75 64 69 42 70 41 28
52 20 25 72 60 60 53
36 76 26 43 61 71 47
2 61 36 17 74 33 13
11 30 9 18 17 55 47
66 32 61 69 2 46 33
59 66 43 22 51 3 42
16 69 9 76 7 33 66
35 64 58 25 39 55 25
24 64 32 20 11 23 53
76 7 33 17 74 33 67
21 67 72 46 13 61 55
12 9 37 31 21 22 19
56 27 31 51 36 9 23
44 20 57 49 23 59 3
56 27 31 64 22 26 7
25 39 55 13 48 66 14
5 23 68 63 7 57 19
3 33 61 64 22 26 36
30 26 6 57 42 3 16
17 74 33 49 23 59 57
36 76 26 75 64 69 44
51 36 9 39 14 26 27
35 64 58 2 61 36 22
47 51 13 55 13 69 67
55 13 69 44 20 57 13
18 17 55 27 58 68 43
4 64 44 7 63 58 14
9 46 76 30 26 6 72
25 39 55 54 56 13 45
41 27 24 7 63 58 49
20 11 23 37 0 17 12
66 32 61 38 55 59 23
36 76 26 49 23 59 62
36 76 26 25 39 55 47
73 19 7 54 56 13 37
42 70 41 10 69 13 28
49 23 59 8 75 20 65
70 10 5 35 64 58 75
0 45 45 6 55 37 12
29 5 70 36 76 26 83
31 21 22 38 55 59 50
64 22 26 31 21 22 4
19 13 75 48 8 19 56
74 1 76 13 48 66 48
72 60 60 1 66 17 43
47 51 13 52 20 25 33
40 5 74 54 56 13 79
65 39 50 11 30 9 41
32 16 67 1 66 17 70
49 23 59 69 2 46 24
54 56 13 56 27 31 34
20 11 23 66 32 61 43
14 22 58 58 12 53 11
33 69 40 55 13 69 63
65 39 50 19 13 75 36
52 20 25 14 22 58 33
67 24 61 23 17 25 36
22 51 3 62 64 46 44
38 55 59 6 55 37 22
22 51 3 75 64 69 67
66 32 61 17 74 33 50
46 13 61 22 51 3 69
63 7 57 59 66 43 60
2 61 36 1 66 17 19
50 67 74 47 51 13 63
15 2 61 12 9 37 25
64 22 26 52 20 25 2
3 33 61 44 20 57 13
73 19 7 2 61 36 51
53 71 68 51 36 9 68
60 58 2 55 13 69 80
48 8 19 62 64 46 62
53 71 68 21 67 72 5
7 63 58 39 14 26 58
16 69 9 71 63 4 7
15 2 61 42 70 41 70
62 64 46 55 13 69 55
51 36 9 64 22 26 22
5 23 68 51 36 9 60
9 46 76 5 23 68 24
8 75 20 59 66 43 24
61 19 69 27 58 68 39
18 17 55 23 17 25 30
58 12 53 63 7 57 6
10 69 13 23 17 25 53
34 21 52 30 26 6 46
73 19 7 44 20 57 50
73 19 7 59 66 43 59
53 71 68 1 66 17 51
72 60 60 32 16 67 44
64 22 26 68 63 18 41
34 21 52 73 19 7 45
70 10 5 11 30 9 20
51 36 9 36 76 26 43
28 63 63 20 11 23 65
39 14 26 41 27 24 13
19 13 75 32 16 67 8
19 13 75 57 42 3 77
14 22 58 17 74 33 57
34 21 52 75 64 69 46
34 21 52 58 12 53 9
67 24 61 48 8 19 44
33 69 40 1 66 17 23
42 70 41 32 16 67 59
18 17 55 14 22 58 5
1 66 17 62 64 46 29
60 58 2 42 70 41 40
67 24 61 62 64 46 42
51 36 9 10 69 13 33
65 39 50 31 21 22 33
73 19 7 64 22 26 19
66 32 61 10 69 13 60
31 21 22 14 22 58 36
33 69 40 61 19 69 57
60 58 2 63 7 57 75
66 32 61 32 16 67 17
72 60 60 54 56 13 47
13 48 66 49 23 59 25
29 5 70 4 64 44 64
8 75 20 42 70 41 21
54 56 13 21 67 72 60
43 61 71 60 58 2 69
60 58 2 34 21 52 62
38 55 59 26 12 41 46
22 51 3 13 48 66 63
50 67 74 16 69 9 65
36 76 26 59 66 43 19
55 13 69 69 2 46 25
35 64 58 30 26 6 64
67 24 61 40 5 74 23
34 21 52 2 61 36 43
66 32 61 36 76 26 56
41 27 24 45 51 65 47
7 63 58 16 69 9 49
66 32 61 16 69 9 63
15 2 61 28 63 63 61
72 60 60 62 64 46 14
21 67 72 69 2 46 70
76 7 33 19 13 75 42
34 21 52 49 23 59 7
57 42 3 60 58 2 16
41 27 24 33 69 40 44
65 39 50 1 66 17 42
53 71 68 42 70 41 27
53 71 68 10 69 13 55
30 26 6 15 2 61 60
27 58 68 57 42 3 66
25 39 55 59 66 43 29
1 66 17 9 46 76 62
26 12 41 16 69 9 65
66 32 61 74 1 76 34
11 30 9 52 20 25 18
9 46 76 34 21 52 34
19 13 75 24 64 32 66
47 51 13 23 17 25 36
70 10 5 16 69 9 59
34 21 52 39 14 26 26
47 51 13 72 60 60 47
56 27 31 1 66 17 41
0 45 45 7 63 58 22
40 5 74 28 63 63 59
67 24 61 0 45 45 26
28 63 63 10 69 13 50
18 17 55 42 70 41 54
65 39 50 68 63 18 40
9 46 76 65 39 50 26
70 10 5 38 55 59 70
58 12 53 70 10 5 48
43 61 71 50 67 74 6
45 51 65 75 64 69 13
65 39 50 28 63 63 27
46 13 61 37 0 17 45
19 13 75 1 66 17 78
37 0 17 12 9 37 21
24 64 32 38 55 59 28
40 5 74 2 61 36 67
21 67 72 3 33 61 35
41 27 24 8 75 20 48
75 64 69 53 71 68 7
19 13 75 44 20 57 19
47 51 13 70 10 5 41
28 63 63 67 24 61 39
66 32 61 68 63 18 53
36 76 26 45 51 65 46
59 66 43 23 17 25 52
58 12 53 72 60 60 48
31 21 22 29 5 70 50
32 16 67 24 64 32 59
75 64 69 27 58 68 6
35 64 58 34 21 52 43
4 64 44 30 26 6 53
76 7 33 23 17 25 12
43 61 71 73 19 7 76
28 63 63 36 76 26 39
56 27 31 28 63 63 48
26 12 41 57 42 3 48
67 24 61 16 69 9 68
17 74 33 15 2 61 77
67 24 61 15 2 61 22
34 21 52 32 16 67 15
48 8 19 71 63 4 57
68 63 18 37 0 17 63
40 5 74 32 16 67 13
39 14 26 42 70 41 57
34 21 52 17 74 33 56
68 63 18 41 27 24 36
42 70 41 9 46 76 42
5 23 68 50 67 74 44
14 22 58 28 63 63 41
43 61 71 14 22 58 41
33 69 40 66 32 61 42
25 39 55 23 17 25 37
19 13 75 14 22 58 19
32 16 67 28 63 63 47
48 8 19 45 51 65 62
58 12 53 2 61 36 51
62 64 46 21 67 72 26
25 39 55 19 13 75 32
51 36 9 72 60 60 56
18 17 55 24 64 32 52
76 7 33 31 21 22 17
45 51 65 69 2 46 52
72 60 60 4 64 44 16
42 70 41 12 9 37 61
21 67 72 72 60 60 13
49 23 59 0 45 45 26
33 69 40 8 75 20 20
56 27 31 16 69 9 47
68 63 18 21 67 72 54
57 42 3 33 69 40 45
21 67 72 55 13 69 54
10 69 13 18 17 55 66
22 51 3 38 55 59 56
38 55 59 16 69 9 51
58 12 53 56 27 31 26
42 70 41 6 55 37 15
10 69 13 63 7 57 76
62 64 46 11 30 9 50
68 63 18 3 33 61 52
73 19 7 37 0 17 21
46 13 61 67 24 61 11
65 39 50 63 7 57 32
8 75 20 37 0 17 75
57 42 3 36 76 26 41
10 69 13 46 13 61 73
33 69 40 0 45 45 24
30 26 6 48 8 19 22
3 33 61 40 5 74 30
23 17 25 64 22 26 5
59 66 43 30 26 6 54
55 13 69 39 14 26 43
19 13 75 60 58 2 85
25 39 55 73 19 7 52
65 39 50 17 74 33 38
9 46 76 14 22 58 30
16 69 9 53 71 68 59
75 64 69 49 23 59 42
62 64 46 65 39 50 25
56 27 31 65 39 50 22
7 63 58 29 5 70 59
52 20 25 45 51 65 50
8 75 20 70 10 5 66
8 75 20 47 51 13 25
3 33 61 13 48 66 15
45 51 65 47 51 13 52
50 67 74 61 19 69 48
56 27 31 63 7 57 32
24 64 32 15 2 61 68
12 9 37 55 13 69 32
45 51 65 58 12 53 40
48 8 19 52 20 25 13
58 12 53 40 5 74 22
24 64 32 61 19 69 58
47 51 13 35 64 58 46
11 30 9 56 27 31 22
27 58 68 48 8 19 70
4 64 44 74 1 76 70
44 20 57 11 30 9 49
67 24 61 2 61 36 44
5 23 68 62 64 46 46
35 64 58 60 58 2 56
13 48 66 71 63 4 63
22 51 3 27 58 68 65
63 7 57 69 2 46 12
28 63 63 61 19 69 44
71 63 4 73 19 7 44
11 30 9 68 63 18 34
47 51 13 58 12 53 55
14 22 58 12 9 37 24
30 26 6 60 58 2 32
0 45 45 46 13 61 35
28 63 63 16 69 9 54
73 19 7 68 63 18 45
61 19 69 54 56 13 67
18 17 55 70 10 5 50
9 46 76 32 16 67 31
42 70 41 47 51 13 33
8 75 20 5 23 68 70
71 63 4 32 16 67 78
40 5 74 25 39 55 38
37 0 17 69 2 46 29
13 48 66 73 19 7 65
38 55 59 33 69 40 23
7 63 58 40 5 74 60
12 9 37 74 1 76 39
1 66 17 24 64 32 15
33 69 40 63 7 57 64
71 63 4 37 0 17 64
13 48 66 12 9 37 48
36 76 26 76 7 33 69
61 19 69 39 14 26 43
44 20 57 70 10 5 52
74 1 76 41 27 24 58
33 69 40 44 20 57 51
51 36 9 43 61 71 66
63 7 57 24 64 32 62
13 48 66 54 56 13 53
71 63 4 75 64 69 65
19 13 75 59 66 43 61
52 20 25 15 2 61 40
8 75 20 12 9 37 68
39 14 26 1 66 17 52
25 39 55 30 26 6 50
2 61 36 50 67 74 38
68 63 18 57 42 3 25
11 30 9 15 2 61 59
62 64 46 23 17 25 51
67 24 61 26 12 41 23
8 75 20 11 30 9 46
42 70 41 62 64 46 7
46 13 61 73 19 7 54
3 33 61 58 12 53 22
38 55 59 1 66 17 43
18 17 55 15 2 61 16
14 22 58 62 64 46 43
37 0 17 40 5 74 57
67 24 61 70 10 5 57
66 32 61 51 36 9 52
29 5 70 12 9 37 33
3 33 61 52 20 25 38
32 16 67 17 74 33 67
14 22 58 26 12 41 19
6 55 37 12 9 37 46
75 64 69 19 13 75 51
2 61 36 74 1 76 72
9 46 76 21 67 72 21
25 39 55 34 21 52 18
43 61 71 24 64 32 39
73 19 7 27 58 68 72
49 23 59 35 64 58 41
57 42 3 37 0 17 44
46 13 61 44 20 57 8
70 10 5 75 64 69 83
64 22 26 40 5 74 50
47 51 13 16 69 9 18
39 14 26 57 42 3 36
3 33 61 62 64 46 34
68 63 18 54 56 13 8
45 51 65 42 70 41 30
47 51 13 3 33 61 51
13 48 66 50 67 74 20
49 23 59 66 32 61 9
44 20 57 41 27 24 33
0 45 45 64 22 26 29
38 55 59 28 63 63 8
54 56 13 23 17 25 40
71 63 4 59 66 43 39
35 64 58 74 1 76 65
1 66 17 21 67 72 55
61 19 69 9 46 76 27
24 64 32 49 23 59 49
71 63 4 64 22 26 46
36 76 26 58 12 53 69
64 22 26 16 69 9 49
61 19 69 41 27 24 45
30 26 6 36 76 26 53
38 55 59 58 12 53 43
47 51 13 40 5 74 76
11 30 9 36 76 26 49
20 11 23 43 61 71 69
8 75 20 9 46 76 63
51 36 9 73 19 7 17
2 61 36 3 33 61 37
7 63 58 37 0 17 75
21 67 72 48 8 19 79
14 22 58 60 58 2 66
59 66 43 31 21 22 49
22 51 3 15 2 61 75
32 16 67 65 39 50 28
54 56 13 34 21 52 52
23 17 25 40 5 74 50
7 63 58 60 58 2 56
29 5 70 67 24 61 21
46 13 61 60 58 2 74
32 16 67 49 23 59 10
15 2 61 7 63 58 61
19 13 75 4 64 44 59
17 74 33 26 12 41 62
41 27 24 38 55 59 44
6 55 37 50 67 74 38
29 5 70 60 58 2 86
45 51 65 6 55 37 28
65 39 50 20 11 23 38
61 19 69 25 39 55 24
46 13 61 71 63 4 75
28 63 63 31 21 22 58
30 26 6 38 55 59 60
28 63 63 4 64 44 19
20 11 23 9 46 76 63
22 51 3 33 69 40 41
67 24 61 8 75 20 65
22 51 3 26 12 41 54
74 1 76 63 7 57 19
35 64 58 64 22 26 52
71 63 4 9 46 76 73
9 46 76 56 27 31 48
27 58 68 2 61 36 32
0 45 45 52 20 25 32
39 14 26 70 10 5 21
44 20 57 5 23 68 11
25 39 55 46 13 61 26
61 19 69 59 66 43 53
59 66 43 16 69 9 34
42 70 41 59 66 43 4
21 67 72 36 76 26 46
2 61 36 28 63 63 27
4 64 44 50 67 74 30
48 8 19 72 60 60 66
27 58 68 50 67 74 10
37 0 17 47 51 13 51
21 67 72 26 12 41 63
6 55 37 51 36 9 33
17 74 33 46 13 61 67
67 24 61 44 20 57 5
5 23 68 55 13 69 10
0 45 45 5 23 68 31
6 55 37 7 63 58 22
60 58 2 11 30 9 28
46 13 61 23 17 25 36
40 5 74 49 23 59 23
58 12 53 55 13 69 16
35 64 58 33 69 40 18
1 66 17 6 55 37 22
65 39 50 43 61 71 30
55 13 69 24 64 32 63
65 39 50 51 36 9 41
18 17 55 44 20 57 3
17 74 33 18 17 55 61
62 64 46 27 58 68 22
21 67 72 52 20 25 66
68 63 18 59 66 43 25
45 51 65 54 56 13 52
8 75 20 44 20 57 66
62 64 46 51 36 9 46
53 71 68 31 21 22 67
34 21 52 1 66 17 57
23 17 25 58 12 53 28
25 39 55 1 66 17 46
62 64 46 47 51 13 35
31 21 22 71 63 4 45
27 58 68 6 55 37 31
19 13 75 62 64 46 58
76 7 33 60 58 2 59
48 8 19 53 71 68 79
44 20 57 37 0 17 44
2 61 36 37 0 17 63
66 32 61 21 67 72 36
46 13 61 58 12 53 8
57 42 3 24 64 32 36
21 67 72 42 70 41 31
10 69 13 29 5 70 85
69 2 46 1 66 17 70
54 56 13 49 23 59 56
37 0 17 27 58 68 77
28 63 63 54 56 13 50
50 67 74 12 9 37 68
71 63 4 45 51 65 62
54 56 13 41 27 24 31
11 30 9 51 36 9 6
70 10 5 0 45 45 53
49 23 59 10 69 13 65
10 69 13 13 48 66 57
14 22 58 47 51 13 53
42 70 41 36 76 26 16
71 63 4 2 61 36 32
63 7 57 7 63 58 56
31 21 22 10 69 13 48
53 71 68 62 64 46 23
6 55 37 23 17 25 39
30 26 6 37 0 17 28
58 12 53 25 39 55 27
48 8 19 28 63 63 70
3 33 61 26 12 41 29
33 69 40 12 9 37 60
13 48 66 29 5 70 43
32 16 67 12 9 37 30
46 13 61 8 75 20 74
0 45 45 3 33 61 20
54 56 13 62 64 46 33
71 63 4 65 39 50 51
74 1 76 38 55 59 56
32 16 67 56 27 31 37
54 56 13 24 64 32 20
24 64 32 26 12 41 52
14 22 58 4 64 44 44
63 7 57 32 16 67 13
64 22 26 48 8 19 15
37 0 17 24 64 32 65
27 58 68 29 5 70 53
47 51 13 20 11 23 41
8 75 20 31 21 22 54
63 7 57 34 21 52 14
9 46 76 25 39 55 22
44 20 57 22 51 3 62
19 13 75 22 51 3 81
70 10 5 68 63 18 54
53 71 68 56 27 31 57
68 63 18 18 17 55 59
68 63 18 27 58 68 50
8 75 20 10 69 13 9
33 69 40 49 23 59 49
11 30 9 63 7 57 53
71 63 4 52 20 25 47
48 8 19 60 58 2 52
22 51 3 29 5 70 81
9 46 76 28 63 63 21
31 21 22 19 13 75 53
68 63 18 36 76 26 15
38 55 59 75 64 69 13
0 45 45 27 58 68 26
2 61 36 55 13 69 58
36 76 26 67 24 61 62
65 39 50 2 61 36 26
23 17 25 9 46 76 58
13 48 66 46 13 61 35
7 63 58 12 9 37 57
57 42 3 21 67 72 73
22 51 3 67 24 61 63
64 22 26 65 39 50 29
30 26 6 24 64 32 46
10 69 13 38 55 59 48
75 64 69 4 64 44 25
57 42 3 13 48 66 63
50 67 74 72 60 60 15
40 5 74 34 21 52 27
8 75 20 53 71 68 48
59 66 43 4 64 44 2
71 63 4 62 64 46 42
69 2 46 23 17 25 25
58 12 53 29 5 70 18
42 70 41 23 17 25 55
10 69 13 69 2 46 74
23 17 25 41 27 24 10
47 51 13 15 2 61 68
18 17 55 40 5 74 22
17 74 33 64 22 26 52
75 64 69 39 14 26 65
0 45 45 72 60 60 21
63 7 57 25 39 55 32
36 76 26 54 56 13 23
36 76 26 73 19 7 60
64 22 26 18 17 55 29
34 21 52 56 27 31 21
14 22 58 70 10 5 54
29 5 70 34 21 52 24
41 27 24 11 30 9 15
37 0 17 18 17 55 41
13 48 66 63 7 57 41
23 17 25 37 0 17 18
33 69 40 21 67 72 32
62 64 46 70 10 5 67
33 69 40 11 30 9 49
44 20 57 45 51 65 32
6 55 37 11 30 9 37
3 33 61 41 27 24 37
14 22 58 64 22 26 32
20 11 23 31 21 22 10
55 13 69 38 55 59 43
1 66 17 18 17 55 62
12 9 37 43 61 71 62
10 69 13 21 67 72 59
51 36 9 26 12 41 40
21 67 72 29 5 70 62
25 39 55 68 63 18 44
53 71 68 61 19 69 52
59 66 43 32 16 67 55
76 7 33 32 16 67 35
8 75 20 52 20 25 55
7 63 58 61 19 69 45
73 19 7 23 17 25 18
44 20 57 54 56 13 56
28 63 63 25 39 55 25
18 17 55 61 19 69 14
4 64 44 68 63 18 26
41 27 24 73 19 7 18
32 16 67 13 48 66 32
52 20 25 51 36 9 22
64 22 26 15 2 61 40
29 5 70 33 69 40 70
34 21 52 70 10 5 48
56 27 31 22 51 3 36
71 63 4 0 45 45 44
56 27 31 10 69 13 45
38 55 59 57 42 3 57
65 39 50 55 13 69 32
76 7 33 9 46 76 58
10 69 13 2 61 36 24
50 67 74 15 2 61 66
42 70 41 1 66 17 24
71 63 4 25 39 55 56
20 11 23 52 20 25 9
49 23 59 19 13 75 18
45 51 65 62 64 46 23
61 19 69 20 11 23 46
35 64 58 67 24 61 40
25 39 55 66 32 61 9
40 5 74 6 55 37 62
68 63 18 7 63 58 40
59 66 43 29 5 70 66
76 7 33 25 39 55 38
35 64 58 62 64 46 12
50 67 74 48 8 19 80
4 64 44 49 23 59 43
50 67 74 41 27 24 64
29 5 70 53 71 68 66
64 22 26 45 51 65 48
9 46 76 57 42 3 73
30 26 6 12 9 37 35
8 75 20 13 48 66 53
14 22 58 68 63 18 57
39 14 26 35 64 58 59
27 58 68 32 16 67 42
69 2 46 15 2 61 15
32 16 67 52 20 25 42
51 36 9 34 21 52 45
21 67 72 11 30 9 73
31 21 22 26 12 41 21
47 51 13 36 76 26 28
24 64 32 8 75 20 16
39 14 26 20 11 23 4
42 70 41 4 64 44 6
60 58 2 2 61 36 34
67 24 61 50 67 74 44
62 64 46 18 17 55 47
30 26 6 11 30 9 5
31 21 22 25 39 55 37
75 64 69 67 24 61 40
64 22 26 13 48 66 47
30 26 6 56 27 31 25
58 12 53 76 7 33 20
35 64 58 32 16 67 48
72 60 60 36 76 26 37
9 46 76 75 64 69 19
43 61 71 69 2 46 64
8 75 20 15 2 61 83
6 55 37 52 20 25 37
56 27 31 52 20 25 9
47 51 13 11 30 9 21
67 24 61 42 70 41 50
38 55 59 45 51 65 7
22 51 3 49 23 59 62
5 23 68 57 42 3 67
75 64 69 21 67 72 4
6 55 37 33 69 40 14
5 23 68 56 27 31 37
4 64 44 36 76 26 21
32 16 67 25 39 55 25
26 12 41 12 9 37 5
51 36 9 15 2 61 62
18 17 55 65 39 50 22
66 32 61 52 20 25 37
1 66 17 74 1 76 87
74 1 76 44 20 57 26
21 67 72 20 11 23 74
30 26 6 52 20 25 19
12 9 37 35 64 58 58
19 13 75 72 60 60 49
37 0 17 1 66 17 66
7 63 58 11 30 9 59
75 64 69 73 19 7 76
72 60 60 12 9 37 55
12 9 37 16 69 9 66
54 56 13 63 7 57 65
26 12 41 47 51 13 48
34 21 52 55 13 69 18
60 58 2 33 69 40 39
21 67 72 4 64 44 28
26 12 41 72 60 60 51
46 13 61 57 42 3 64
28 63 63 37 0 17 78
59 66 43 12 9 37 57
2 61 36 70 10 5 59
69 2 46 52 20 25 27
75 64 69 11 30 9 68
43 61 71 48 8 19 74
66 32 61 24 64 32 43
10 69 13 64 22 26 48
11 30 9 72 60 60 59
57 42 3 71 63 4 21
13 48 66 67 24 61 24
64 22 26 2 61 36 40
21 67 72 17 74 33 39
62 64 46 36 76 26 23
10 69 13 1 66 17 5
44 20 57 47 51 13 53
57 42 3 49 23 59 59
72 60 60 8 75 20 42
18 17 55 20 11 23 32
74 1 76 34 21 52 31
51 36 9 22 51 3 16
15 2 61 14 22 58 20
45 51 65 43 61 71 11
74 1 76 65 39 50 46
30 26 6 3 33 61 55
17 74 33 3 33 61 49
37 0 17 26 12 41 26
70 10 5 57 42 3 32
0 45 45 66 32 61 20
13 48 66 20 11 23 56
42 70 41 29 5 70 71
68 63 18 69 2 46 67
72 60 60 45 51 65 10
50 67 74 21 67 72 2
3 33 61 55 13 69 21
13 48 66 44 20 57 29
23 17 25 29 5 70 46
51 36 9 1 66 17 31
20 11 23 44 20 57 35
17 74 33 28 63 63 31
15 2 61 20 11 23 39
50 67 74 35 64 58 16
63 7 57 9 46 76 43
57 42 3 52 20 25 31
2 61 36 21 67 72 36
28 63 63 53 71 68 9
63 7 57 28 63 63 56
44 20 57 10 69 13 65
49 23 59 45 51 65 28
11 30 9 61 19 69 61
44 20 57 31 21 22 35
7 63 58 1 66 17 41
1 66 17 0 45 45 35
57 42 3 14 22 58 58
42 70 41 13 48 66 33
48 8 19 44 20 57 39
24 64 32 40 5 74 72
55 13 69 68 63 18 71
4 64 44 58 12 53 52
5 23 68 68 63 18 64
14 22 58 20 11 23 36
70 10 5 25 39 55 57
40 5 74 73 19 7 68
63 7 57 73 19 7 51
26 12 41 69 2 46 11
63 7 57 29 5 70 13
18 17 55 72 60 60 43
67 24 61 7 63 58 39
71 63 4 68 63 18 14
47 51 13 74 1 76 80
2 61 36 59 66 43 8
59 66 43 26 12 41 54
3 33 61 10 69 13 60
72 60 60 61 19 69 41
10 69 13 25 39 55 51
6 55 37 28 63 63 27
30 26 6 73 19 7 7
13 48 66 9 46 76 10
58 12 53 62 64 46 52
50 67 74 57 42 3 75
22 51 3 28 63 63 61
64 22 26 67 24 61 35
75 64 69 24 64 32 37
61 19 69 57 42 3 69
0 45 45 68 63 18 32
60 58 2 16 69 9 13
48 8 19 3 33 61 48
63 7 57 55 13 69 13
19 13 75 40 5 74 8
72 60 60 34 21 52 39
60 58 2 47 51 13 13
0 45 45 50 67 74 36
70 10 5 61 19 69 64
58 12 53 11 30 9 47
39 14 26 47 51 13 39
54 56 13 32 16 67 67
74 1 76 57 42 3 83
66 32 61 11 30 9 52
66 32 61 13 48 66 16
15 2 61 38 55 59 53
47 51 13 76 7 33 48
17 74 33 20 11 23 63
71 63 4 43 61 71 67
27 58 68 20 11 23 65
39 14 26 25 39 55 38
67 24 61 17 74 33 57
19 13 75 0 45 45 43
44 20 57 76 7 33 27
4 64 44 67 24 61 43
55 13 69 23 17 25 44
5 23 68 16 69 9 74
65 39 50 46 13 61 28
55 13 69 35 64 58 52
29 5 70 76 7 33 37
64 22 26 34 21 52 26
26 12 41 44 20 57 17
4 64 44 60 58 2 42
29 5 70 2 61 36 65
51 36 9 58 12 53 50
54 56 13 66 32 61 53
76 7 33 10 69 13 65
71 63 4 10 69 13 10
69 2 46 28 63 63 63
67 24 61 51 36 9 53
56 27 31 74 1 76 51
38 55 59 4 64 44 17
27 58 68 4 64 44 24
27 58 68 66 32 61 26
69 2 46 36 76 26 76
30 26 6 41 27 24 18
20 11 23 12 9 37 14
20 11 23 67 24 61 40
33 69 40 24 64 32 9
54 56 13 47 51 13 5
60 58 2 65 39 50 51
12 9 37 54 56 13 52
71 63 4 66 32 61 64
6 55 37 65 39 50 20
32 16 67 45 51 65 35
63 7 57 27 58 68 52
37 0 17 53 71 68 87
22 51 3 25 39 55 53
6 55 37 48 8 19 50
33 69 40 70 10 5 68
13 48 66 72 60 60 13
9 46 76 31 21 22 59
30 26 6 53 71 68 76
76 7 33 73 19 7 28
17 74 33 73 19 7 60
46 13 61 49 23 59 10
70 10 5 60 58 2 48
35 64 58 3 33 61 31
40 5 74 13 48 66 43
70 10 5 42 70 41 69
40 5 74 42 70 41 72
53 71 68 7 63 58 12
35 64 58 41 27 24 50
2 61 36 49 23 59 44
59 66 43 39 14 26 54
32 16 67 30 26 6 61
11 30 9 24 64 32 41
19 13 75 34 21 52 24
73 19 7 58 12 53 46
54 56 13 46 13 61 64
16 69 9 30 26 6 43
49 23 59 16 69 9 67
36 76 26 40 5 74 85
43 61 71 11 30 9 69
74 1 76 72 60 60 61
76 7 33 57 42 3 46
62 64 46 32 16 67 52
42 70 41 56 27 31 44
4 64 44 61 19 69 51
49 23 59 43 61 71 39
51 36 9 55 13 69 64
14 22 58 32 16 67 10
73 19 7 8 75 20 57
74 1 76 11 30 9 73
35 64 58 53 71 68 12
45 51 65 76 7 33 54
66 32 61 30 26 6 55
47 51 13 75 64 69 57
51 36 9 70 10 5 26
73 19 7 57 42 3 23
46 13 61 43 61 71 49
43 61 71 18 17 55 46
22 51 3 2 61 36 34
55 13 69 28 63 63 50
49 23 59 55 13 69 14
23 17 25 45 51 65 52
69 2 46 62 64 46 62
29 5 70 5 23 68 18
31 21 22 45 51 65 52
5 23 68 33 69 40 53
75 64 69 43 61 71 3
49 23 59 26 12 41 21
33 69 40 72 60 60 21
57 42 3 32 16 67 69
58 12 53 17 74 33 65
41 27 24 18 17 55 32
57 42 3 29 5 70 76
44 20 57 25 39 55 19
42 70 41 69 2 46 68
67 24 61 54 56 13 57
38 55 59 56 27 31 39
13 48 66 39 14 26 52
68 63 18 75 64 69 51
6 55 37 64 22 26 34
73 19 7 4 64 44 58
10 69 13 30 26 6 43
23 17 25 27 58 68 59
39 14 26 69 2 46 23
41 27 24 57 42 3 25
4 64 44 43 61 71 27
65 39 50 48 8 19 43
73 19 7 42 70 41 61
25 39 55 51 36 9 46
72 60 60 40 5 74 56
35 64 58 20 11 23 63
0 45 45 36 76 26 36
47 51 13 17 74 33 30
20 11 23 64 22 26 11
35 64 58 66 32 61 32
44 20 57 63 7 57 13
20 11 23 10 69 13 58
38 55 59 23 17 25 50
61 19 69 15 2 61 18
19 13 75 43 61 71 48
31 21 22 27 58 68 59
76 7 33 8 75 20 69
73 19 7 66 32 61 55
5 23 68 70 10 5 64
42 70 41 25 39 55 34
39 14 26 29 5 70 44
37 0 17 45 51 65 70
6 55 37 49 23 59 38
7 63 58 45 51 65 13
16 69 9 41 27 24 44
33 69 40 54 56 13 29
7 63 58 23 17 25 56
65 39 50 49 23 59 18
13 48 66 6 55 37 29
13 48 66 34 21 52 30
74 1 76 71 63 4 95
9 46 76 35 64 58 25
65 39 50 21 67 72 35
22 51 3 16 69 9 18
68 63 18 2 61 36 18
15 2 61 68 63 18 74
35 64 58 46 13 61 51
12 9 37 62 64 46 55
59 66 43 48 8 19 62
9 46 76 0 45 45 31
18 17 55 45 51 65 35
34 21 52 11 30 9 43
42 70 41 27 58 68 29
17 74 33 59 66 43 12
42 70 41 3 33 61 42
47 51 13 51 36 9 15
34 21 52 18 17 55 5
10 69 13 6 55 37 27
17 74 33 13 48 66 42
51 36 9 18 17 55 49
25 39 55 47 51 13 43
46 13 61 61 19 69 10
56 27 31 12 9 37 18
4 64 44 22 51 3 43
31 21 22 35 64 58 56
34 21 52 62 64 46 43
12 9 37 0 45 45 36
3 33 61 7 63 58 30
36 76 26 71 63 4 25
69 2 46 38 55 59 54
20 11 23 74 1 76 53
2 61 36 75 64 69 33
59 66 43 58 12 53 54
24 64 32 56 27 31 37
36 76 26 22 51 3 33
68 63 18 30 26 6 38
9 46 76 15 2 61 46
0 45 45 42 70 41 25
7 63 58 34 21 52 42
67 24 61 39 14 26 36
26 12 41 25 39 55 30
72 60 60 2 61 36 24
5 23 68 54 56 13 64
22 51 3 21 67 72 70
48 8 19 61 19 69 51
18 17 55 39 14 26 29
14 22 58 73 19 7 51
50 67 74 45 51 65 18
47 51 13 59 66 43 33
75 64 69 48 8 19 75
25 39 55 33 69 40 33
34 21 52 14 22 58 6
15 2 61 36 76 26 81
63 7 57 2 61 36 57
65 39 50 13 48 66 18
31 21 22 15 2 61 43
45 51 65 2 61 36 30
21 67 72 16 69 9 63
60 58 2 58 12 53 68
65 39 50 72 60 60 23
54 56 13 16 69 9 13
75 64 69 56 27 31 53
65 39 50 57 42 3 47
16 69 9 10 69 13 4
5 23 68 67 24 61 7
5 23 68 41 27 24 44
0 45 45 8 75 20 39
48 8 19 20 11 23 5
70 10 5 1 66 17 57
44 20 57 21 67 72 49
7 63 58 33 69 40 18
51 36 9 44 20 57 50
16 69 9 42 70 41 32
41 27 24 46 13 61 39
11 30 9 50 67 74 74
58 12 53 57 42 3 58
36 76 26 27 58 68 45
63 7 57 53 71 68 64
74 1 76 64 22 26 54
7 63 58 69 2 46 62
33 69 40 31 21 22 51
6 55 37 44 20 57 40
62 64 46 15 2 61 63
27 58 68 70 10 5 79
2 61 36 69 2 46 59
17 74 33 7 63 58 27
34 21 52 42 70 41 50
65 39 50 59 66 43 27
56 27 31 73 19 7 25
48 8 19 25 39 55 47
17 74 33 56 27 31 47
9 46 76 16 69 9 70
68 63 18 34 21 52 54
73 19 7 9 46 76 74
63 7 57 42 70 41 65
54 56 13 43 61 71 58
47 51 13 6 55 37 24
24 64 32 64 22 26 42
76 7 33 35 64 58 62
3 33 61 63 7 57 26
66 32 61 64 22 26 36
51 36 9 28 63 63 60
57 42 3 69 2 46 58
1 66 17 11 30 9 36
52 20 25 29 5 70 47
12 9 37 18 17 55 19
43 61 71 17 74 33 40
41 27 24 32 16 67 44
8 75 20 48 8 19 67
20 11 23 34 21 52 30
13 48 66 27 58 68 10
76 7 33 43 61 71 66
5 23 68 13 48 66 25
71 63 4 30 26 6 37
3 33 61 74 1 76 35
72 60 60 68 63 18 42
2 61 36 12 9 37 52
71 63 4 20 11 23 55
31 21 22 13 48 66 51
53 71 68 24 64 32 36
7 63 58 55 13 69 51
2 61 36 56 27 31 34
35 64 58 58 12 53 52
35 64 58 21 67 72 14
6 55 37 61 19 69 48
15 2 61 56 27 31 39
34 21 52 43 61 71 44
38 55 59 60 58 2 57
1 66 17 52 20 25 46
64 22 26 37 0 17 23
32 16 67 23 17 25 42
61 19 69 68 63 18 67
8 75 20 18 17 55 67
24 64 32 14 22 58 49
1 66 17 60 58 2 17
61 19 69 63 7 57 16
40 5 74 30 26 6 71
9 46 76 38 55 59 19
57 42 3 10 69 13 28
9 46 76 33 69 40 42
11 30 9 10 69 13 39
2 61 36 9 46 76 42
64 22 26 25 39 55 33
33 69 40 69 2 46 67
52 20 25 55 13 69 44
66 32 61 62 64 46 35
64 22 26 38 55 59 46
39 14 26 73 19 7 19
71 63 4 69 2 46 74
15 2 61 1 66 17 77
15 2 61 75 64 69 62
61 19 69 67 24 61 9
16 69 9 27 58 68 60
50 67 74 51 36 9 72
72 60 60 3 33 61 27
27 58 68 59 66 43 26
0 45 45 69 2 46 43
25 39 55 11 30 9 46
53 71 68 55 13 69 58
50 67 74 10 69 13 61
18 17 55 76 7 33 24
52 20 25 36 76 26 56
6 55 37 39 14 26 42
71 63 4 26 12 41 63
62 64 46 9 46 76 34
52 20 25 5 23 68 43
25 39 55 27 58 68 23
63 7 57 72 60 60 53
20 11 23 76 7 33 10
41 27 24 67 24 61 37
34 21 52 24 64 32 47
63 7 57 75 64 69 58
67 24 61 57 42 3 60
15 2 61 35 64 58 62
26 12 41 15 2 61 22
4 64 44 39 14 26 53
66 32 61 1 66 17 55
53 71 68 20 11 23 75
61 19 69 51 36 9 62
23 17 25 5 23 68 43
40 5 74 22 51 3 84
76 7 33 27 58 68 61
37 0 17 11 30 9 31
8 75 20 20 11 23 64
7 63 58 20 11 23 62
4 64 44 8 75 20 26
39 14 26 23 17 25 3
5 23 68 17 74 33 61
52 20 25 34 21 52 27
52 20 25 31 21 22 3
45 51 65 29 5 70 46
25 39 55 29 5 70 37
50 67 74 53 71 68 7
34 21 52 36 76 26 60
28 63 63 58 12 53 51
57 42 3 47 51 13 13
66 32 61 2 61 36 38
67 24 61 6 55 37 39
22 51 3 9 46 76 73
41 27 24 72 60 60 48
64 22 26 44 20 57 31
2 61 36 47 51 13 25
1 66 17 75 64 69 52
74 1 76 21 67 72 66
70 10 5 54 56 13 46
73 19 7 65 39 50 47
5 23 68 69 2 46 30
1 66 17 64 22 26 44
5 23 68 38 55 59 33
6 55 37 41 27 24 30
9 46 76 68 63 18 60
69 2 46 58 12 53 12
18 17 55 66 32 61 16
24 64 32 22 51 3 31
16 69 9 75 64 69 60
29 5 70 54 56 13 76
33 69 40 28 63 63 23
41 27 24 10 69 13 43
15 2 61 49 23 59 21
60 58 2 28 63 63 61
68 63 18 32 16 67 67
51 36 9 75 64 69 66
18 17 55 36 76 26 65
42 70 41 14 22 58 50
23 17 25 35 64 58 57
37 0 17 29 5 70 53
21 67 72 28 63 63 9
60 58 2 20 11 23 51
3 33 61 57 42 3 58
59 66 43 20 11 23 58
44 20 57 30 26 6 51
25 39 55 74 1 76 43
36 76 26 55 13 69 76
22 51 3 5 23 68 70
7 63 58 72 60 60 3
3 33 61 8 75 20 58
20 11 23 32 16 67 44
12 9 37 36 76 26 67
20 11 23 36 76 26 65
64 22 26 29 5 70 47
27 58 68 28 63 63 7
21 67 72 45 51 65 17
46 13 61 30 26 6 56
43 61 71 38 55 59 13
8 75 20 40 5 74 88
5 23 68 61 19 69 4
0 45 45 2 61 36 18
65 39 50 26 12 41 28
25 39 55 8 75 20 50
6 55 37 69 2 46 53
0 45 45 39 14 26 36
6 55 37 2 61 36 6
21 67 72 19 13 75 54
0 45 45 74 1 76 53
44 20 57 0 45 45 27
40 5 74 17 74 33 80
37 0 17 36 76 26 76
52 20 25 23 17 25 3
12 9 37 65 39 50 32
30 26 6 49 23 59 53
29 5 70 49 23 59 21
71 63 4 5 23 68 75
0 45 45 21 67 72 34
3 33 61 29 5 70 29
26 12 41 54 56 13 52
39 14 26 33 69 40 56
55 13 69 11 30 9 62
51 36 9 12 9 37 38
26 12 41 60 58 2 60
68 63 18 67 24 61 58
46 13 61 16 69 9 76
64 22 26 4 64 44 45
47 51 13 49 23 59 53
51 36 9 16 69 9 33
34 21 52 10 69 13 61
11 30 9 71 63 4 33
45 51 65 9 46 76 12
58 12 53 16 69 9 72
35 64 58 11 30 9 59
52 20 25 44 20 57 32
9 46 76 69 2 46 53
60 58 2 52 20 25 44
37 0 17 9 46 76 74
22 51 3 50 67 74 72
41 27 24 76 7 33 21
36 76 26 2 61 36 18
15 2 61 5 23 68 22
28 63 63 68 63 18 45
17 74 33 68 63 18 18
26 12 41 6 55 37 43
44 20 57 69 2 46 21
39 14 26 3 33 61 39
8 75 20 14 22 58 65
17 74 33 31 21 22 54
5 23 68 74 1 76 23
49 23 59 12 9 37 26
52 20 25 43 61 71 61
3 33 61 43 61 71 29
24 64 32 35 64 58 26
59 66 43 6 55 37 12
22 51 3 72 60 60 57
48 8 19 14 22 58 41
45 51 65 25 39 55 15
48 8 19 15 2 61 42
56 27 31 61 19 69 38
17 74 33 4 64 44 14
35 64 58 13 48 66 17
66 32 61 31 21 22 40
33 69 40 71 63 4 36
39 14 26 38 55 59 52
53 71 68 47 51 13 58
49 23 59 51 36 9 51
55 13 69 32 16 67 3
41 27 24 51 36 9 17
57 42 3 63 7 57 64
20 11 23 2 61 36 51
32 16 67 36 76 26 72
33 69 40 37 0 17 72
17 74 33 52 20 25 54
44 20 57 9 46 76 32
49 23 59 50 67 74 46
14 22 58 21 67 72 47
71 63 4 14 22 58 67
8 75 20 69 2 46 77
4 64 44 76 7 33 58
74 1 76 48 8 19 57
76 7 33 26 12 41 9
0 45 45 41 27 24 27
12 9 37 48 8 19 18
40 5 74 5 23 68 18
31 21 22 16 69 9 49
14 22 58 67 24 61 3
73 19 7 49 23 59 52
64 22 26 12 9 37 17
27 58 68 38 55 59 9
7 63 58 8 75 20 39
22 51 3 47 51 13 10
14 22 58 75 64 69 43
22 51 3 45 51 65 62
38 55 59 0 45 45 17
56 27 31 14 22 58 27
7 63 58 75 64 69 11
0 45 45 17 74 33 31
64 22 26 26 12 41 18
13 48 66 52 20 25 49
36 76 26 31 21 22 55
23 17 25 3 33 61 39
20 11 23 22 51 3 44
31 21 22 72 60 60 54
30 26 6 54 56 13 30
30 26 6 65 39 50 45
40 5 74 4 64 44 66
59 66 43 28 63 63 20
55 13 69 59 66 43 59
62 64 46 74 1 76 69
38 55 59 59 66 43 19
73 19 7 48 8 19 16
39 14 26 31 21 22 8
75 64 69 65 39 50 31
21 67 72 76 7 33 71
17 74 33 50 67 74 41
22 51 3 17 74 33 37
28 63 63 64 22 26 55
38 55 59 49 23 59 32
25 39 55 7 63 58 24
76 7 33 54 56 13 52
51 36 9 13 48 66 58
7 63 58 36 76 26 34
22 51 3 66 32 61 61
6 55 37 25 39 55 24
65 39 50 69 2 46 37
67 24 61 73 19 7 54
75 64 69 6 55 37 33
39 14 26 53 71 68 70
20 11 23 0 45 45 40
60 58 2 32 16 67 77
44 20 57 53 71 68 52
36 76 26 39 14 26 62
33 69 40 67 24 61 49
46 13 61 7 63 58 50
15 2 61 32 16 67 15
50 67 74 54 56 13 61
64 22 26 11 30 9 18
6 55 37 68 63 18 20
5 23 68 20 11 23 46
52 20 25 76 7 33 15
25 39 55 24 64 32 33
24 64 32 31 21 22 44
50 67 74 29 5 70 62
44 20 57 2 61 36 46
75 64 69 12 9 37 63
58 12 53 0 45 45 33
76 7 33 15 2 61 28
48 8 19 42 70 41 65
31 21 22 5 23 68 46
30 26 6 19 13 75 70
10 69 13 67 24 61 65
70 10 5 46 13 61 56
41 27 24 37 0 17 27
66 32 61 15 2 61 30
52 20 25 73 19 7 18
55 13 69 57 42 3 72
35 64 58 22 51 3 56
36 76 26 65 39 50 44
51 36 9 24 64 32 36
31 21 22 23 17 25 5
40 5 74 12 9 37 37
76 7 33 69 2 46 13
12 9 37 24 64 32 55
41 27 24 71 63 4 41
60 58 2 39 14 26 50
13 48 66 21 67 72 19
18 17 55 22 51 3 62
2 61 36 24 64 32 5
40 5 74 57 42 3 80
3 33 61 18 17 55 17
3 33 61 16 69 9 63
62 64 46 28 63 63 17
23 17 25 65 39 50 33
5 23 68 14 22 58 10
66 32 61 8 75 20 59
69 2 46 46 13 61 18
71 63 4 18 17 55 68
53 71 68 64 22 26 64
75 64 69 69 2 46 66
34 21 52 71 63 4 63
19 13 75 33 69 40 66
69 2 46 13 48 66 50
54 56 13 6 55 37 24
43 61 71 16 69 9 62
75 64 69 64 22 26 60
59 66 43 44 20 57 48
54 56 13 71 63 4 11
44 20 57 28 63 63 43
56 27 31 67 24 61 30
36 76 26 19 13 75 79
39 14 26 17 74 33 60
16 69 9 55 13 69 82
72 60 60 17 74 33 30
0 45 45 45 51 65 20
29 5 70 24 64 32 70
44 20 57 43 61 71 43
58 12 53 65 39 50 27
71 63 4 35 64 58 54
60 58 2 37 0 17 59
54 56 13 0 45 45 33
29 5 70 17 74 33 78
74 1 76 58 12 53 25
10 69 13 48 8 19 61
64 22 26 54 56 13 36
42 70 41 71 63 4 37
23 17 25 60 58 2 47
55 13 69 54 56 13 70
14 22 58 23 17 25 33
50 67 74 73 19 7 82
41 27 24 36 76 26 49
11 30 9 5 23 68 59
72 60 60 6 55 37 23
7 63 58 31 21 22 55
12 9 37 68 63 18 57
0 45 45 29 5 70 47
45 51 65 14 22 58 29
48 8 19 49 23 59 42
40 5 74 1 66 17 83
29 5 70 6 55 37 59
54 56 13 60 58 2 11
53 71 68 68 63 18 50
46 13 61 31 21 22 39
29 5 70 44 20 57 19
51 36 9 35 64 58 56
13 48 66 18 17 55 32
45 51 65 53 71 68 20
22 51 3 43 61 71 68
65 39 50 38 55 59 18
20 11 23 70 10 5 18
69 2 46 53 71 68 72
0 45 45 56 27 31 22
26 12 41 70 10 5 36
54 56 13 39 14 26 43
51 36 9 19 13 75 69
34 21 52 8 75 20 62
62 64 46 8 75 20 28
34 21 52 27 58 68 40
27 58 68 46 13 61 45
10 69 13 61 19 69 75
14 22 58 25 39 55 17
36 76 26 6 55 37 23
75 64 69 13 48 66 16
69 2 46 41 27 24 33
7 63 58 27 58 68 11
57 42 3 23 17 25 33
63 7 57 16 69 9 78
74 1 76 59 66 43 72
16 69 9 24 64 32 23
33 69 40 73 19 7 59
13 48 66 24 64 32 37
27 58 68 51 36 9 62
35 64 58 72 60 60 4
39 14 26 71 63 4 53
68 63 18 46 13 61 65
4 64 44 57 42 3 46
3 33 61 54 56 13 53
28 63 63 18 17 55 46
22 51 3 68 63 18 19
49 23 59 76 7 33 30
23 17 25 44 20 57 32
27 58 68 74 1 76 57
55 13 69 1 66 17 74
6 55 37 18 17 55 42
16 69 9 25 39 55 54
10 69 13 45 51 65 55
14 22 58 53 71 68 50
13 48 66 0 45 45 21
35 64 58 8 75 20 39
0 45 45 18 17 55 29
75 64 69 8 75 20 50
24 64 32 36 76 26 13
74 1 76 15 2 61 15
2 61 36 30 26 6 46
42 70 41 52 20 25 52
1 66 17 17 74 33 17
64 22 26 61 19 69 43
60 58 2 64 22 26 43
53 71 68 65 39 50 36
53 71 68 72 60 60 13
68 63 18 62 64 46 28
62 64 46 13 48 66 25
40 5 74 39 14 26 48
49 23 59 23 17 25 34
49 23 59 18 17 55 7
52 20 25 59 66 43 49
23 17 25 11 30 9 20
53 71 68 59 66 43 25
30 26 6 62 64 46 55
31 21 22 69 2 46 30
61 19 69 26 12 41 28
35 64 58 19 13 75 53
64 22 26 47 51 13 31
7 63 58 70 10 5 74
66 32 61 76 7 33 37
10 69 13 37 0 17 69
47 51 13 73 19 7 32
42 70 41 26 12 41 58
20 11 23 42 70 41 61
59 66 43 51 36 9 45
15 2 61 41 27 24 44
58 12 53 44 20 57 8
50 67 74 8 75 20 54
9 46 76 60 58 2 74
47 51 13 68 63 18 13
70 10 5 69 2 46 41
76 7 33 24 64 32 57
23 17 25 72 60 60 55
40 5 74 15 2 61 13
64 22 26 57 42 3 30
16 69 9 19 13 75 86
6 55 37 17 74 33 19
72 60 60 14 22 58 38
30 26 6 55 13 69 64
75 64 69 40 5 74 59
59 66 43 64 22 26 47
12 9 37 58 12 53 16
39 14 26 27 58 68 60
6 55 37 9 46 76 40
40 5 74 61 19 69 14
17 74 33 70 10 5 69
53 71 68 41 27 24 62
53 71 68 4 64 44 25
9 46 76 46 13 61 36
31 21 22 73 19 7 15
55 13 69 42 70 41 63
49 23 59 59 66 43 45
64 22 26 21 67 72 64
2 61 36 43 61 71 35
72 60 60 9 46 76 21
55 13 69 26 12 41 28
53 71 68 73 19 7 80
16 69 9 69 2 46 76
5 23 68 1 66 17 66
51 36 9 4 64 44 44
21 67 72 60 58 2 70
64 22 26 5 23 68 42
65 39 50 52 20 25 31
51 36 9 14 22 58 50
19 13 75 37 0 17 59
14 22 58 61 19 69 11
10 69 13 27 58 68 56
0 45 45 30 26 6 43
30 26 6 7 63 58 63
60 58 2 73 19 7 39
41 27 24 60 58 2 38
4 64 44 63 7 57 58
57 42 3 15 2 61 70
43 61 71 30 26 6 73
32 16 67 29 5 70 11
6 55 37 34 21 52 37
43 61 71 15 2 61 59
18 17 55 59 66 43 50
28 63 63 41 27 24 53
1 66 17 67 24 61 60
16 69 9 23 17 25 54
68 63 18 31 21 22 42
19 13 75 28 63 63 51
13 48 66 48 8 19 61
8 75 20 71 63 4 20
50 67 74 75 64 69 5
16 69 9 17 74 33 24
44 20 57 68 63 18 58
54 56 13 48 8 19 48
44 20 57 24 64 32 50
73 19 7 18 17 55 48
55 13 69 10 69 13 79
3 33 61 71 63 4 64
26 12 41 56 27 31 18
30 26 6 74 1 76 74
21 67 72 51 36 9 70
9 46 76 74 1 76 45
59 66 43 10 69 13 30
51 36 9 17 74 33 44
21 67 72 34 21 52 50
70 10 5 32 16 67 62
60 58 2 0 45 45 44
17 74 33 27 58 68 38
10 69 13 35 64 58 45
16 69 9 4 64 44 35
64 22 26 43 61 71 59
5 23 68 6 55 37 44
7 63 58 44 20 57 43
49 23 59 71 63 4 68
8 75 20 16 69 9 12
51 36 9 40 5 74 72
32 16 67 75 64 69 48
34 21 52 69 2 46 19
48 8 19 29 5 70 51
38 55 59 42 70 41 23
12 9 37 5 23 68 34
68 63 18 40 5 74 80
52 20 25 27 58 68 57
63 7 57 62 64 46 58
9 46 76 29 5 70 41
42 70 41 43 61 71 31
70 10 5 10 69 13 59
74 1 76 16 69 9 95
50 67 74 56 27 31 58
2 61 36 46 13 61 54
28 63 63 57 42 3 63
52 20 25 35 64 58 55
32 16 67 48 8 19 48
18 17 55 9 46 76 35
28 63 63 23 17 25 59
51 36 9 37 0 17 36
21 67 72 7 63 58 14
40 5 74 66 32 61 29
13 48 66 70 10 5 71
58 12 53 30 26 6 49
21 67 72 30 26 6 77
53 71 68 26 12 41 64
4 64 44 47 51 13 33
41 27 24 20 11 23 16
19 13 75 47 51 13 72
2 61 36 31 21 22 42
43 61 71 37 0 17 81
8 75 20 21 67 72 52
72 60 60 44 20 57 40
39 14 26 9 46 76 59
56 27 31 60 58 2 42
62 64 46 7 63 58 12
62 64 46 73 19 7 59
33 69 40 45 51 65 30
71 63 4 72 60 60 56
49 23 59 9 46 76 28
68 63 18 49 23 59 57
59 66 43 24 64 32 11
61 19 69 76 7 33 37
33 69 40 58 12 53 58
50 67 74 26 12 41 64
6 55 37 8 75 20 26
8 75 20 32 16 67 75
69 2 46 67 24 61 26
56 27 31 39 14 26 13
3 33 61 27 58 68 25
76 7 33 33 69 40 62
74 1 76 76 7 33 43
32 16 67 58 12 53 14
70 10 5 74 1 76 71
16 69 9 36 76 26 18
55 13 69 43 61 71 48
13 48 66 53 71 68 23
11 30 9 3 33 61 52
31 21 22 67 24 61 39
0 45 45 51 36 9 37
50 67 74 58 12 53 58
21 67 72 41 27 24 62
57 42 3 31 21 22 28
16 69 9 61 19 69 78
11 30 9 26 12 41 36
35 64 58 68 63 18 40
19 13 75 53 71 68 58
53 71 68 22 51 3 68
27 58 68 49 23 59 36
56 27 31 18 17 55 26
36 76 26 8 75 20 6
5 23 68 42 70 41 54
44 20 57 14 22 58 2
59 66 43 62 64 46 3
63 7 57 19 13 75 18
19 13 75 68 63 18 75
35 64 58 54 56 13 45
63 7 57 36 76 26 75
68 63 18 58 12 53 61
25 39 55 12 9 37 34
26 12 41 30 26 6 37
63 7 57 47 51 13 62
55 13 69 73 19 7 62
67 24 61 34 21 52 9
52 20 25 38 55 59 48
24 64 32 52 20 25 44
32 16 67 6 55 37 49
73 19 7 29 5 70 64
61 19 69 30 26 6 63
75 64 69 46 13 61 51
62 64 46 4 64 44 2
23 17 25 36 76 26 59
43 61 71 13 48 66 13
70 10 5 29 5 70 65
15 2 61 25 39 55 37
20 11 23 4 64 44 57
34 21 52 4 64 44 43
74 1 76 49 23 59 27
51 36 9 31 21 22 19
40 5 74 31 21 22 54
17 74 33 19 13 75 74
11 30 9 76 7 33 33
58 12 53 61 19 69 17
61 19 69 21 67 72 48
15 2 61 55 13 69 13
29 5 70 61 19 69 14
7 63 58 49 23 59 40
70 10 5 63 7 57 52
17 74 33 30 26 6 55
53 71 68 11 30 9 71
59 66 43 37 0 17 70
41 27 24 63 7 57 38
41 27 24 52 20 25 7
20 11 23 40 5 74 51
24 64 32 0 45 45 23
28 63 63 11 30 9 63
19 13 75 5 23 68 12
71 63 4 29 5 70 87
45 51 65 73 19 7 66
41 27 24 58 12 53 32
2 61 36 8 75 20 21
27 58 68 60 58 2 66
55 13 69 8 75 20 79
31 21 22 3 33 61 40
41 27 24 29 5 70 50
56 27 31 4 64 44 39
60 58 2 12 9 37 60
60 58 2 40 5 74 89
41 27 24 14 22 58 34
26 12 41 18 17 55 14
58 12 53 75 64 69 54
50 67 74 9 46 76 21
25 39 55 49 23 59 16
44 20 57 35 64 58 44
39 14 26 16 69 9 57
34 21 52 37 0 17 40
16 69 9 68 63 18 10
75 64 69 10 69 13 56
52 20 25 18 17 55 30
18 17 55 63 7 57 10
67 24 61 18 17 55 9
40 5 74 55 13 69 9
75 64 69 44 20 57 45
65 39 50 3 33 61 12
11 30 9 4 64 44 48
62 64 46 17 74 33 16
20 11 23 19 13 75 52
30 26 6 42 70 41 56
39 14 26 58 12 53 27
17 74 33 63 7 57 71
46 13 61 3 33 61 20
38 55 59 72 60 60 5
37 0 17 49 23 59 47
49 23 59 63 7 57 16
29 5 70 26 12 41 29
19 13 75 10 69 13 83
76 7 33 53 71 68 72
20 11 23 54 56 13 46
30 26 6 23 17 25 21
5 23 68 34 21 52 16
9 46 76 67 24 61 26
14 22 58 7 63 58 41
71 63 4 27 58 68 64
23 17 25 0 45 45 34
57 42 3 22 51 3 9
74 1 76 68 63 18 84
19 13 75 8 75 20 82
62 64 46 43 61 71 25
40 5 74 70 10 5 69
40 5 74 59 66 43 68
51 36 9 54 56 13 20
67 24 61 53 71 68 47
23 17 25 34 21 52 27
16 69 9 44 20 57 68
60 58 2 5 23 68 74
43 61 71 10 69 13 58
65 39 50 34 21 52 18
46 13 61 14 22 58 9
67 24 61 21 67 72 44
73 19 7 22 51 3 32
2 61 36 62 64 46 10
61 19 69 69 2 46 28
43 61 71 63 7 57 55
6 55 37 46 13 61 48
31 21 22 37 0 17 21
12 9 37 28 63 63 59
70 10 5 19 13 75 70
61 19 69 0 45 45 35
55 13 69 75 64 69 51
45 51 65 1 66 17 50
38 55 59 67 24 61 31
72 60 60 76 7 33 59
47 51 13 10 69 13 18
45 51 65 28 63 63 12
19 13 75 69 2 46 31
3 33 61 24 64 32 42
69 2 46 54 56 13 63
57 42 3 42 70 41 47
28 63 63 39 14 26 61
1 66 17 61 19 69 70
53 71 68 0 45 45 34
35 64 58 0 45 45 23
57 42 3 25 39 55 52
34 21 52 50 67 74 50
45 51 65 24 64 32 35
40 5 74 63 7 57 17
32 16 67 0 45 45 36
60 58 2 66 32 61 64
58 12 53 8 75 20 71
63 7 57 31 21 22 37
38 55 59 12 9 37 50
65 39 50 37 0 17 51
20 11 23 25 39 55 42
35 64 58 73 19 7 68
54 56 13 38 55 59 46
8 75 20 22 51 3 29
36 76 26 44 20 57 64
64 22 26 9 46 76 55
9 46 76 24 64 32 47
56 27 31 27 58 68 48
64 22 26 27 58 68 55
49 23 59 58 12 53 12
39 14 26 11 30 9 23
9 46 76 55 13 69 33
47 51 13 30 26 6 25
65 39 50 41 27 24 28
35 64 58 26 12 41 54
62 64 46 10 69 13 33
19 13 75 46 13 61 14
66 32 61 45 51 65 19
24 64 32 65 39 50 30
53 71 68 9 46 76 26
66 32 61 65 39 50 13
41 27 24 2 61 36 36
52 20 25 12 9 37 16
22 51 3 76 7 33 53
36 76 26 50 67 74 48
62 64 46 41 27 24 43
23 17 25 26 12 41 16
39 14 26 72 60 60 57
74 1 76 37 0 17 59
47 51 13 41 27 24 26
53 71 68 32 16 67 55
36 76 26 33 69 40 15
72 60 60 20 11 23 61
10 69 13 14 22 58 65
25 39 55 2 61 36 29
56 27 31 66 32 61 30
0 45 45 76 7 33 39
21 67 72 12 9 37 67
37 0 17 21 67 72 86
50 67 74 31 21 22 69
60 58 2 49 23 59 66
66 32 61 55 13 69 20
62 64 46 49 23 59 43
33 69 40 74 1 76 76
28 63 63 24 64 32 31
42 70 41 64 22 26 50
40 5 74 26 12 41 33
47 51 13 28 63 63 51
37 0 17 50 67 74 87
56 27 31 72 60 60 43
71 63 4 38 55 59 55
13 48 66 7 63 58 17
75 64 69 72 60 60 9
9 46 76 7 63 58 24
48 8 19 39 14 26 9
2 61 36 52 20 25 42
70 10 5 55 13 69 64
67 24 61 63 7 57 17
41 27 24 22 51 3 31
60 58 2 69 2 46 71
61 19 69 23 17 25 44
29 5 70 43 61 71 56
56 27 31 3 33 61 30
45 51 65 56 27 31 41
12 9 37 67 24 61 28
72 60 60 10 69 13 47
28 63 63 1 66 17 46
55 13 69 29 5 70 8
71 63 4 63 7 57 77
5 23 68 47 51 13 61
5 23 68 73 19 7 61
50 67 74 18 17 55 53
70 10 5 43 61 71 83
71 63 4 1 66 17 13
4 64 44 2 61 36 8
28 63 63 66 32 61 31
53 71 68 17 74 33 35
34 21 52 33 69 40 49
26 12 41 45 51 65 45
18 17 55 21 67 72 52
46 13 61 11 30 9 54
7 63 58 59 66 43 15
72 60 60 69 2 46 59
50 67 74 66 32 61 37
71 63 4 61 19 69 78
4 64 44 26 12 41 52
25 39 55 18 17 55 22
64 22 26 33 69 40 49
17 74 33 74 1 76 84
35 64 58 38 55 59 9
21 67 72 71 63 4 68
31 21 22 54 56 13 36
70 10 5 12 9 37 32
35 64 58 18 17 55 47
58 12 53 43 61 71 52
44 20 57 32 16 67 10
20 11 23 11 30 9 23
1 66 17 26 12 41 59
48 8 19 4 64 44 61
65 39 50 16 69 9 50
3 33 61 69 2 46 34
72 60 60 60 58 2 58
13 48 66 61 19 69 29
53 71 68 58 12 53 60
13 48 66 55 13 69 35
19 13 75 26 12 41 34
23 17 25 4 64 44 50
42 70 41 17 74 33 8
11 30 9 49 23 59 50
6 55 37 37 0 17 58
10 69 13 52 20 25 50
49 23 59 3 33 61 10
32 16 67 39 14 26 41
7 63 58 18 17 55 46
3 33 61 12 9 37 33
36 76 26 14 22 58 62
68 63 18 60 58 2 16
37 0 17 15 2 61 44
15 2 61 46 13 61 11
36 76 26 5 23 68 67
0 45 45 34 21 52 25
17 74 33 9 46 76 51
16 69 9 73 19 7 50
62 64 46 76 7 33 58
0 45 45 59 66 43 21
39 14 26 46 13 61 35
0 45 45 75 64 69 30
55 13 69 0 45 45 40
3 33 61 70 10 5 60
7 63 58 73 19 7 67
29 5 70 11 30 9 65
24 64 32 72 60 60 28
74 1 76 46 13 61 19
6 55 37 60 58 2 35
75 64 69 59 66 43 26
20 11 23 56 27 31 17
2 61 36 11 30 9 41
23 17 25 56 27 31 11
7 63 58 22 51 3 56
30 26 6 33 69 40 54
55 13 69 17 74 33 70
34 21 52 47 51 13 49
13 48 66 60 58 2 64
4 64 44 9 46 76 36
34 21 52 41 27 24 28
4 64 44 1 66 17 27
61 19 69 22 51 3 73
3 33 61 5 23 68 12
17 74 33 45 51 65 39
76 7 33 46 13 61 28
23 17 25 17 74 33 57
7 63 58 43 61 71 13
17 74 33 10 69 13 20
39 14 26 12 9 37 12
72 60 60 25 39 55 21
76 7 33 6 55 37 48
69 2 46 74 1 76 30
3 33 61 14 22 58 11
12 9 37 45 51 65 50
52 20 25 62 64 46 48
55 13 69 6 55 37 52
33 69 40 53 71 68 28
48 8 19 9 46 76 68
65 39 50 70 10 5 53
38 55 59 32 16 67 39
53 71 68 70 10 5 87
11 30 9 73 19 7 11
55 13 69 4 64 44 56
63 7 57 52 20 25 34
46 13 61 48 8 19 42
59 66 43 76 7 33 59
20 11 23 6 55 37 46
75 64 69 35 64 58 11
10 69 13 5 23 68 71
1 66 17 50 67 74 57
24 64 32 60 58 2 30
17 74 33 54 56 13 26
53 71 68 57 42 3 71
53 71 68 43 61 71 10
74 1 76 39 14 26 51
75 64 69 17 74 33 37
42 70 41 41 27 24 46
12 9 37 66 32 61 33
42 70 41 24 64 32 10
57 42 3 1 66 17 27
69 2 46 14 22 58 23
17 74 33 69 2 46 73
67 24 61 3 33 61 9
25 39 55 38 55 59 16
22 51 3 23 17 25 40
19 13 75 39 14 26 49
67 24 61 58 12 53 14
4 64 44 52 20 25 47
71 63 4 67 24 61 69
42 70 41 31 21 22 52
7 63 58 35 64 58 1
31 21 22 22 51 3 35
50 67 74 59 66 43 31
20 11 23 69 2 46 24
8 75 20 63 7 57 77
43 61 71 66 32 61 30
56 27 31 57 42 3 31
38 55 59 17 74 33 32
4 64 44 70 10 5 66
5 23 68 39 14 26 42
46 13 61 1 66 17 68
28 63 63 35 64 58 5
45 51 65 19 13 75 39
72 60 60 27 58 68 8
60 58 2 44 20 57 66
67 24 61 60 58 2 68
13 48 66 47 51 13 53
24 64 32 68 63 18 14
11 30 9 45 51 65 59
28 63 63 52 20 25 57
27 58 68 67 24 61 34
60 58 2 17 74 33 34
53 71 68 54 56 13 57
75 64 69 61 19 69 45
76 7 33 38 55 59 54
36 76 26 64 22 26 54
53 71 68 71 63 4 64
48 8 19 7 63 58 67
1 66 17 3 33 61 55
72 60 60 37 0 17 73
55 13 69 64 22 26 43
39 14 26 65 39 50 34
72 60 60 43 61 71 11
61 19 69 55 13 69 6
74 1 76 8 75 20 92
28 63 63 29 5 70 58
21 67 72 73 19 7 80
22 51 3 65 39 50 48
0 45 45 22 51 3 42
70 10 5 52 20 25 22
73 19 7 32 16 67 60
27 58 68 33 69 40 30
15 2 61 72 60 60 58
45 51 65 57 42 3 62
66 32 61 58 12 53 21
39 14 26 10 69 13 56
12 9 37 27 58 68 57
76 7 33 12 9 37 4
4 64 44 35 64 58 14
34 21 52 26 12 41 14
7 63 58 64 22 26 52
51 36 9 29 5 70 68
12 9 37 9 46 76 53
62 64 46 39 14 26 53
14 22 58 49 23 59 1
9 46 76 59 66 43 38
9 46 76 66 32 61 20
11 30 9 48 8 19 24
51 36 9 23 17 25 24
70 10 5 22 51 3 41
1 66 17 22 51 3 20
76 7 33 2 61 36 54
33 69 40 14 22 58 50
35 64 58 69 2 46 63
43 61 71 31 21 22 63
54 56 13 58 12 53 59