32 496
30 20 25 2 29 10 17
0 30 17 5 2 27 29
4 25 3 22 30 11 9
18 27 29 27 11 1 32
30 20 25 22 30 11 17
29 19 1 14 15 9 8
8 0 14 16 28 9 28
1 26 12 14 15 9 11
21 4 19 3 21 1 24
12 5 23 7 14 1 23
12 5 23 6 2 17 6
1 26 12 17 16 27 18
5 2 27 20 25 8 29
29 19 1 31 16 21 20
7 14 1 31 16 21 20
8 0 14 24 20 22 21
1 26 12 11 24 20 8
0 30 17 28 7 9 24
14 15 9 5 2 27 22
20 25 8 19 27 12 4
19 27 12 21 4 19 24
9 14 12 22 30 11 16
3 21 1 8 0 14 24
23 22 13 17 16 27 15
31 16 21 0 30 17 14
19 27 12 30 20 25 14
31 16 21 22 30 11 17
5 2 27 23 22 13 24
30 20 25 7 14 1 24
26 20 1 20 25 8 8
17 16 27 27 11 1 26
30 20 25 8 0 14 22
11 24 20 24 20 22 4
6 2 17 17 16 27 17
30 20 25 15 4 24 16
25 31 20 1 26 12 9
0 30 17 12 5 23 25
17 16 27 16 28 9 21
29 19 1 13 0 11 21
22 30 11 25 31 20 9
7 14 1 0 30 17 22
19 27 12 7 14 1 17
5 2 27 18 27 29 25
1 26 12 10 29 18 6
29 19 1 8 0 14 23
27 11 1 9 14 12 11
9 14 12 10 29 18 16
26 20 1 13 0 11 22
14 15 9 26 20 1 9
23 22 13 27 11 1 16
18 27 29 24 20 22 9
17 16 27 20 25 8 21
18 27 29 19 27 12 17
19 27 12 12 5 23 24
26 20 1 10 29 18 19
25 31 20 16 28 9 11
14 15 9 16 28 9 13
4 25 3 7 14 1 11
16 28 9 15 4 24 28
23 22 13 20 25 8 5
30 20 25 3 21 1 24
28 7 9 10 29 18 23
14 15 9 17 16 27 18
17 16 27 26 20 1 26
21 4 19 5 2 27 8
27 11 1 7 14 1 3
21 4 19 7 14 1 20
21 4 19 20 25 8 23
21 4 19 18 27 29 25
7 14 1 5 2 27 28
15 4 24 31 16 21 12
23 22 13 7 14 1 14
21 4 19 25 31 20 27
21 4 19 11 24 20 20
28 7 9 1 26 12 19
11 24 20 3 21 1 19
25 31 20 7 14 1 25
30 20 25 10 29 18 11
16 28 9 18 27 29 20
15 4 24 17 16 27 12
8 0 14 31 16 21 17
9 14 12 30 20 25 14
31 16 21 25 31 20 15
29 19 1 3 21 1 2
29 19 1 11 24 20 19
24 20 22 21 4 19 16
22 30 11 13 0 11 30
22 30 11 11 24 20 10
17 16 27 30 20 25 4
0 30 17 19 27 12 5
31 16 21 12 5 23 11
31 16 21 5 2 27 15
29 19 1 7 14 1 5
2 29 10 9 14 12 15
18 27 29 31 16 21 13
24 20 22 10 29 18 9
1 26 12 8 0 14 26
21 4 19 29 19 1 23
30 20 25 25 31 20 12
17 16 27 8 0 14 20
0 30 17 13 0 11 30
31 16 21 23 22 13 10
19 27 12 29 19 1 13
23 22 13 28 7 9 15
13 0 11 19 27 12 27
12 5 23 11 24 20 19
11 24 20 17 16 27 10
9 14 12 7 14 1 11
8 0 14 4 25 3 27
4 25 3 3 21 1 4
8 0 14 21 4 19 6
25 31 20 6 2 17 29
17 16 27 10 29 18 15
21 4 19 13 0 11 8
20 25 8 30 20 25 17
17 16 27 24 20 22 6
0 30 17 6 2 17 28
21 4 19 28 7 9 10
30 20 25 21 4 19 17
15 4 24 4 25 3 29
6 2 17 1 26 12 24
10 29 18 21 4 19 25
11 24 20 23 22 13 7
15 4 24 27 11 1 24
26 20 1 1 26 12 12
16 28 9 5 2 27 31
14 15 9 7 14 1 8
14 15 9 6 2 17 15
4 25 3 26 20 1 5
26 20 1 28 7 9 15
14 15 9 11 24 20 14
23 22 13 14 15 9 8
17 16 27 18 27 29 11
28 7 9 25 31 20 26
0 30 17 27 11 1 24
28 7 9 31 16 21 15
30 20 25 29 19 1 24
9 14 12 13 0 11 14
16 28 9 30 20 25 17
4 25 3 28 7 9 18
29 19 1 26 20 1 1
18 27 29 3 21 1 28
14 15 9 21 4 19 14
1 26 12 3 21 1 12
12 5 23 23 22 13 19
31 16 21 13 0 11 18
15 4 24 24 20 22 16
30 20 25 1 26 12 14
20 25 8 15 4 24 26
23 22 13 22 30 11 8
28 7 9 27 11 1 8
27 11 1 30 20 25 25
15 4 24 25 31 20 27
17 16 27 4 25 3 25
25 31 20 14 15 9 19
20 25 8 10 29 18 10
10 29 18 14 15 9 16
2 29 10 22 30 11 1
14 15 9 22 30 11 15
15 4 24 8 0 14 10
31 16 21 16 28 9 16
6 2 17 29 19 1 23
19 27 12 26 20 1 13
8 0 14 7 14 1 19
27 11 1 25 31 20 27
5 2 27 24 20 22 18
4 25 3 21 4 19 26
6 2 17 16 28 9 27
5 2 27 17 16 27 14
15 4 24 21 4 19 5
16 28 9 19 27 12 3
24 20 22 7 14 1 21
13 0 11 23 22 13 22
14 15 9 31 16 21 12
2 29 10 23 22 13 7
7 14 1 13 0 11 17
6 2 17 28 7 9 9
30 20 25 5 2 27 18
6 2 17 21 4 19 2
7 14 1 16 28 9 16
4 25 3 9 14 12 14
20 25 8 0 30 17 10
17 16 27 7 14 1 26
1 26 12 15 4 24 25
5 2 27 25 31 20 29
20 25 8 28 7 9 18
24 20 22 25 31 20 11
6 2 17 20 25 8 24
25 31 20 18 27 29 9
0 30 17 11 24 20 6
11 24 20 10 29 18 5
15 4 24 10 29 18 25
4 25 3 2 29 10 8
30 20 25 24 20 22 3
9 14 12 18 27 29 21
16 28 9 28 7 9 21
0 30 17 22 30 11 6
11 24 20 30 20 25 6
6 2 17 24 20 22 18
23 22 13 3 21 1 12
11 24 20 18 27 29 9
28 7 9 30 20 25 20
14 15 9 28 7 9 8
22 30 11 7 14 1 18
5 2 27 4 25 3 33
25 31 20 29 19 1 22
16 28 9 26 20 1 11
20 25 8 11 24 20 12
1 26 12 2 29 10 3
10 29 18 5 2 27 28
2 29 10 13 0 11 29
17 16 27 9 14 12 15
22 30 11 29 19 1 14
16 28 9 21 4 19 26
29 19 1 16 28 9 12
0 30 17 1 26 12 6
18 27 29 28 7 9 28
3 21 1 31 16 21 20
26 20 1 31 16 21 20
4 25 3 27 11 1 14
2 29 10 19 27 12 2
15 4 24 18 27 29 23
29 19 1 27 11 1 8
3 21 1 25 31 20 21
23 22 13 29 19 1 12
3 21 1 28 7 9 16
19 27 12 15 4 24 25
3 21 1 12 5 23 27
14 15 9 3 21 1 10
16 28 9 11 24 20 11
17 16 27 25 31 20 16
12 5 23 9 14 12 14
31 16 21 27 11 1 20
16 28 9 0 30 17 8
4 25 3 19 27 12 9
26 20 1 12 5 23 26
0 30 17 26 20 1 18
11 24 20 25 31 20 7
3 21 1 24 20 22 21
0 30 17 9 14 12 16
24 20 22 31 16 21 4
13 0 11 15 4 24 13
11 24 20 8 0 14 24
12 5 23 29 19 1 26
20 25 8 18 27 29 21
22 30 11 20 25 8 5
18 27 29 14 15 9 23
20 25 8 16 28 9 3
16 28 9 13 0 11 28
10 29 18 7 14 1 22
30 20 25 18 27 29 8
15 4 24 29 19 1 27
9 14 12 1 26 12 12
8 0 14 10 29 18 29
18 27 29 7 14 1 30
15 4 24 28 7 9 15
5 2 27 6 2 17 10
12 5 23 18 27 29 22
2 29 10 29 19 1 13
2 29 10 12 5 23 27
11 24 20 31 16 21 8
19 27 12 31 16 21 14
3 21 1 15 4 24 28
24 20 22 2 29 10 15
26 20 1 25 31 20 21
17 16 27 0 30 17 17
25 31 20 4 25 3 18
23 22 13 24 20 22 9
19 27 12 8 0 14 27
13 0 11 8 0 14 3
23 22 13 19 27 12 5
10 29 18 2 29 10 8
5 2 27 29 19 1 31
5 2 27 15 4 24 3
23 22 13 21 4 19 18
10 29 18 6 2 17 27
13 0 11 10 29 18 29
4 25 3 6 2 17 26
2 29 10 0 30 17 7
9 14 12 3 21 1 13
27 11 1 24 20 22 22
24 20 22 4 25 3 19
13 0 11 17 16 27 22
0 30 17 30 20 25 12
9 14 12 31 16 21 9
21 4 19 2 29 10 26
12 5 23 14 15 9 17
25 31 20 12 5 23 26
18 27 29 1 26 12 17
6 2 17 18 27 29 27
19 27 12 25 31 20 8
12 5 23 24 20 22 15
10 29 18 4 25 3 15
2 29 10 14 15 9 14
14 15 9 19 27 12 12
6 2 17 31 16 21 14
9 14 12 5 2 27 19
28 7 9 5 2 27 18
4 25 3 13 0 11 26
1 26 12 16 28 9 3
4 25 3 31 16 21 20
2 29 10 26 20 1 12
22 30 11 1 26 12 4
22 30 11 10 29 18 7
6 2 17 8 0 14 3
24 20 22 14 15 9 13
3 21 1 6 2 17 24
18 27 29 23 22 13 16
26 20 1 9 14 12 12
15 4 24 12 5 23 1
13 0 11 20 25 8 25
11 24 20 13 0 11 25
29 19 1 20 25 8 9
22 30 11 6 2 17 28
11 24 20 4 25 3 17
28 7 9 7 14 1 10
21 4 19 31 16 21 12
0 30 17 25 31 20 3
4 25 3 23 22 13 10
28 7 9 8 0 14 8
28 7 9 22 30 11 23
5 2 27 22 30 11 32
12 5 23 27 11 1 22
27 11 1 26 20 1 9
29 19 1 24 20 22 21
19 27 12 17 16 27 18
25 31 20 9 14 12 18
27 11 1 11 24 20 23
4 25 3 14 15 9 11
27 11 1 3 21 1 10
22 30 11 21 4 19 27
8 0 14 27 11 1 17
17 16 27 2 29 10 21
9 14 12 19 27 12 13
28 7 9 9 14 12 7
21 4 19 1 26 12 23
30 20 25 31 16 21 5
15 4 24 14 15 9 18
22 30 11 12 5 23 27
6 2 17 30 20 25 19
8 0 14 12 5 23 10
18 27 29 0 30 17 12
17 16 27 21 4 19 14
4 25 3 1 26 12 9
11 24 20 15 4 24 20
2 29 10 3 21 1 12
9 14 12 14 15 9 3
26 20 1 23 22 13 12
8 0 14 14 15 9 15
9 14 12 11 24 20 12
30 20 25 26 20 1 24
13 0 11 30 20 25 24
22 30 11 16 28 9 2
13 0 11 3 21 1 23
21 4 19 27 11 1 19
2 29 10 16 28 9 1
27 11 1 16 28 9 18
28 7 9 12 5 23 14
23 22 13 6 2 17 20
1 26 12 5 2 27 28
19 27 12 1 26 12 1
26 20 1 7 14 1 6
20 25 8 27 11 1 15
23 22 13 0 30 17 8
31 16 21 1 26 12 13
10 29 18 27 11 1 24
14 15 9 30 20 25 16
29 19 1 0 30 17 19
10 29 18 19 27 12 6
29 19 1 18 27 29 29
29 19 1 4 25 3 6
23 22 13 15 4 24 21
2 29 10 15 4 24 28
25 31 20 20 25 8 13
14 15 9 20 25 8 10
13 0 11 28 7 9 7
6 2 17 26 20 1 24
7 14 1 15 4 24 25
0 30 17 3 21 1 18
28 7 9 29 19 1 14
12 5 23 21 4 19 4
30 20 25 4 25 3 22
1 26 12 27 11 1 18
3 21 1 17 16 27 26
10 29 18 29 19 1 19
2 29 10 6 2 17 27
19 27 12 11 24 20 8
2 29 10 25 31 20 10
8 0 14 25 31 20 31
7 14 1 3 21 1 7
12 5 23 30 20 25 15
10 29 18 12 5 23 24
13 0 11 24 20 22 22
25 31 20 10 29 18 2
13 0 11 27 11 1 14
24 20 22 26 20 1 21
16 28 9 9 14 12 14
27 11 1 5 2 27 27
3 21 1 5 2 27 32
27 11 1 6 2 17 18
21 4 19 26 20 1 24
14 15 9 27 11 1 8
16 28 9 4 25 3 6
23 22 13 25 31 20 11
26 20 1 3 21 1 1
26 20 1 15 4 24 28
8 0 14 26 20 1 23
3 21 1 16 28 9 10
18 27 29 2 29 10 19
17 16 27 22 30 11 21
20 25 8 31 16 21 15
10 29 18 16 28 9 9
29 19 1 17 16 27 26
0 30 17 10 29 18 1
24 20 22 22 30 11 14
22 30 11 8 0 14 30
28 7 9 2 29 10 22
25 31 20 13 0 11 32
10 29 18 3 21 1 18
20 25 8 7 14 1 13
0 30 17 8 0 14 30
20 25 8 3 21 1 8
18 27 29 10 29 18 11
3 21 1 22 30 11 13
8 0 14 20 25 8 25
2 29 10 27 11 1 20
26 20 1 18 27 29 28
2 29 10 5 2 27 31
16 28 9 24 20 22 15
14 15 9 0 30 17 17
12 5 23 20 25 8 25
21 4 19 0 30 17 26
7 14 1 6 2 17 20
15 4 24 0 30 17 26
4 25 3 18 27 29 26
30 20 25 23 22 13 12
17 16 27 12 5 23 11
29 19 1 9 14 12 12
11 24 20 2 29 10 11
9 14 12 23 22 13 8
0 30 17 24 20 22 11
13 0 11 14 15 9 15
22 30 11 19 27 12 3
1 26 12 29 19 1 13
13 0 11 5 2 27 16
28 7 9 11 24 20 20
19 27 12 5 2 27 29
5 2 27 11 24 20 23
9 14 12 8 0 14 14
26 20 1 22 30 11 14
26 20 1 5 2 27 31
8 0 14 23 22 13 22
4 25 3 20 25 8 5
9 14 12 6 2 17 13
27 11 1 19 27 12 19
2 29 10 8 0 14 29
17 16 27 28 7 9 20
22 30 11 15 4 24 29
24 20 22 9 14 12 11
24 20 22 1 26 12 11
12 5 23 4 25 3 28
3 21 1 19 27 12 12
12 5 23 13 0 11 13
19 27 12 24 20 22 12
20 25 8 9 14 12 11
23 22 13 10 29 18 8
7 14 1 2 29 10 17
20 25 8 24 20 22 14
1 26 12 20 25 8 4
10 29 18 31 16 21 13
7 14 1 11 24 20 21
8 0 14 18 27 29 30
9 14 12 15 4 24 15
17 16 27 31 16 21 6
20 25 8 2 29 10 4
28 7 9 19 27 12 20
21 4 19 9 14 12 12
31 16 21 2 29 10 17
12 5 23 5 2 27 5
28 7 9 24 20 22 18
15 4 24 6 2 17 7
19 27 12 6 2 17 25
11 24 20 26 20 1 19
1 26 12 7 14 1 16
16 28 9 23 22 13 7
22 30 11 18 27 29 18
18 27 29 13 0 11 32
1 26 12 13 0 11 26
13 0 11 6 2 17 6
4 25 3 0 30 17 14
6 2 17 11 24 20 22
23 22 13 1 26 12 4
22 30 11 27 11 1 21
12 5 23 1 26 12 23
16 28 9 12 5 23 26
5 2 27 8 0 14 13