40 780
34 7 31 5 38 18 33
22 29 26 5 38 18 12
18 21 1 13 1 22 29
33 30 0 7 36 1 6
26 11 4 16 12 6 2
13 1 22 36 19 18 18
37 34 35 5 38 18 17
13 1 22 9 28 9 29
4 39 4 37 34 35 31
27 18 25 7 36 1 30
26 11 4 6 29 5 18
5 38 18 7 36 1 17
20 33 33 31 6 33 27
36 19 18 8 28 31 15
14 35 7 29 29 10 6
3 38 4 6 29 5 9
15 21 1 34 7 31 33
5 38 18 30 35 33 15
8 28 31 27 18 25 11
9 28 9 23 10 17 19
34 7 31 31 6 33 2
6 29 5 38 35 36 31
39 0 14 21 16 13 16
36 19 18 19 14 4 14
6 29 5 5 38 18 15
0 25 39 6 29 5 34
31 6 33 14 35 7 38
16 12 6 1 10 36 30
1 10 36 5 38 18 33
38 35 36 15 21 1 37
25 4 0 32 32 8 29
35 22 29 14 35 7 25
27 18 25 39 0 14 21
22 29 26 20 33 33 8
3 38 4 24 10 11 28
18 21 1 15 21 1 0
24 10 11 9 28 9 18
35 22 29 15 21 1 28
35 22 29 13 1 22 22
12 28 20 25 4 0 31
13 1 22 15 21 1 29
39 0 14 16 12 6 14
21 16 13 8 28 31 21
15 21 1 0 25 39 38
37 34 35 11 8 27 27
32 32 8 21 16 13 16
9 28 9 18 21 1 10
38 35 36 29 29 10 26
23 10 17 4 39 4 31
33 30 0 32 32 8 8
18 21 1 29 29 10 12
10 8 23 12 28 20 20
24 10 11 27 18 25 16
15 21 1 10 8 23 25
22 29 26 14 35 7 19
37 34 35 23 10 17 30
3 38 4 17 20 39 39
9 28 9 6 29 5 4
12 28 20 32 32 8 12
14 35 7 15 21 1 15
5 38 18 35 22 29 19
21 16 13 17 20 39 26
14 35 7 30 35 33 26
6 29 5 4 39 4 10
38 35 36 23 10 17 31
23 10 17 13 1 22 10
2 32 17 33 30 0 17
36 19 18 15 21 1 17
2 32 17 24 10 11 22
25 4 0 26 11 4 8
17 20 39 35 22 29 10
6 29 5 25 4 0 25
20 33 33 4 39 4 29
37 34 35 10 8 23 28
26 11 4 23 10 17 13
2 32 17 26 11 4 24
14 35 7 26 11 4 24
18 21 1 17 20 39 38
11 8 27 39 0 14 15
13 1 22 19 14 4 22
5 38 18 16 12 6 28
23 10 17 24 10 11 6
19 14 4 15 21 1 7
1 10 36 25 4 0 36
21 16 13 23 10 17 7
36 19 18 11 8 27 14
23 10 17 30 35 33 29
16 12 6 21 16 13 8
0 25 39 1 10 36 15
34 7 31 17 20 39 15
15 21 1 17 20 39 38
37 34 35 32 32 8 27
4 39 4 13 1 22 42
19 14 4 35 22 29 26
6 29 5 27 18 25 22
20 33 33 39 0 14 38
6 29 5 7 36 1 8
14 35 7 33 30 0 8
32 32 8 8 28 31 23
1 10 36 2 32 17 29
35 22 29 25 4 0 34
28 24 12 16 12 6 13
24 10 11 38 35 36 35
12 28 20 1 10 36 24
39 0 14 7 36 1 38
31 6 33 5 38 18 35
28 24 12 10 8 23 19
36 19 18 27 18 25 7
34 7 31 32 32 8 33
9 28 9 17 20 39 31
31 6 33 18 21 1 35
1 10 36 30 35 33 25
21 16 13 36 19 18 5
27 18 25 37 34 35 18
9 28 9 15 21 1 10
2 32 17 13 1 22 31
23 10 17 31 6 33 16
24 10 11 28 24 12 14
31 6 33 32 32 8 36
36 19 18 1 10 36 20
7 36 1 23 10 17 30
12 28 20 28 24 12 8
22 29 26 29 29 10 16
19 14 4 10 8 23 19
25 4 0 9 28 9 25
17 20 39 12 28 20 20
23 10 17 16 12 6 11
31 6 33 21 16 13 22
27 18 25 4 39 4 29
3 38 4 12 28 20 18
34 7 31 21 16 13 20
27 18 25 13 1 22 17
2 32 17 8 28 31 14
26 11 4 39 0 14 14
16 12 6 0 25 39 35
10 8 23 5 38 18 30
6 29 5 29 29 10 5
18 21 1 21 16 13 13
32 32 8 6 29 5 4
28 24 12 26 11 4 15
34 7 31 33 30 0 38
9 28 9 22 29 26 17
26 11 4 0 25 39 37
11 8 27 25 4 0 27
13 1 22 25 4 0 22
35 22 29 33 30 0 30
34 7 31 38 35 36 28
0 25 39 39 0 14 35
8 28 31 34 7 31 21
11 8 27 4 39 4 38
36 19 18 20 33 33 20
2 32 17 15 21 1 19
11 8 27 28 24 12 21
2 32 17 12 28 20 5
5 38 18 8 28 31 16
22 29 26 39 0 14 31
18 21 1 23 10 17 19
32 32 8 26 11 4 21
26 11 4 18 21 1 10
38 35 36 27 18 25 20
23 10 17 1 10 36 19
30 35 33 25 4 0 45
25 4 0 8 28 31 39
25 4 0 14 35 7 31
35 22 29 12 28 20 10
15 21 1 27 18 25 24
27 18 25 0 25 39 15
11 8 27 7 36 1 38
8 28 31 17 20 39 11
24 10 11 36 19 18 11
6 29 5 37 34 35 30
0 25 39 34 7 31 19
27 18 25 16 12 6 19
6 29 5 14 35 7 6
18 21 1 32 32 8 13
1 10 36 3 38 4 42
37 34 35 17 20 39 14
0 25 39 17 20 39 5
12 28 20 11 8 27 21
32 32 8 4 39 4 8
22 29 26 17 20 39 15
29 29 10 4 39 4 11
20 33 33 17 20 39 14
2 32 17 27 18 25 16
5 38 18 24 10 11 28
15 21 1 3 38 4 17
8 28 31 13 1 22 28
36 19 18 34 7 31 17
38 35 36 30 35 33 3
39 0 14 3 38 4 39
9 28 9 26 11 4 17
33 30 0 3 38 4 8
20 33 33 15 21 1 34
32 32 8 28 24 12 8
3 38 4 23 10 17 30
0 25 39 35 22 29 10
7 36 1 31 6 33 43
23 10 17 11 8 27 10
34 7 31 22 29 26 22
25 4 0 29 29 10 26
26 11 4 11 8 27 23
38 35 36 35 22 29 14
4 39 4 24 10 11 29
25 4 0 15 21 1 17
13 1 22 0 25 39 29
12 28 20 22 29 26 6
0 25 39 9 28 9 30
30 35 33 6 29 5 28
23 10 17 22 29 26 21
30 35 33 10 8 23 28
11 8 27 35 22 29 14
33 30 0 18 21 1 9
1 10 36 27 18 25 13
38 35 36 21 16 13 29
11 8 27 32 32 8 30
12 28 20 34 7 31 23
13 1 22 10 8 23 7
33 30 0 16 12 6 18
37 34 35 35 22 29 13
39 0 14 1 10 36 24
15 21 1 1 10 36 36
32 32 8 30 35 33 25
12 28 20 36 19 18 9
28 24 12 18 21 1 11
19 14 4 21 16 13 9
11 8 27 27 18 25 10
16 12 6 4 39 4 27
27 18 25 30 35 33 18
5 38 18 23 10 17 28
4 39 4 14 35 7 5
31 6 33 1 10 36 5
0 25 39 2 32 17 23
6 29 5 21 16 13 15
20 33 33 32 32 8 25
30 35 33 21 16 13 27
38 35 36 39 0 14 41
0 25 39 23 10 17 26
23 10 17 28 24 12 14
17 20 39 4 39 4 39
7 36 1 28 24 12 16
20 33 33 2 32 17 16
34 7 31 29 29 10 30
27 18 25 18 21 1 24
4 39 4 22 29 26 24
18 21 1 3 38 4 17
29 29 10 3 38 4 10
2 32 17 10 8 23 24
18 21 1 6 29 5 8
1 10 36 18 21 1 36
33 30 0 9 28 9 9
19 14 4 23 10 17 13
33 30 0 39 0 14 33
5 38 18 15 21 1 24
36 19 18 22 29 26 12
0 25 39 14 35 7 33
28 24 12 37 34 35 25
1 10 36 17 20 39 10
18 21 1 20 33 33 34
4 39 4 18 21 1 18
10 8 23 25 4 0 23
27 18 25 21 16 13 12
3 38 4 32 32 8 7
32 32 8 13 1 22 34
18 21 1 30 35 33 34
2 32 17 35 22 29 15
34 7 31 24 10 11 20
8 28 31 4 39 4 29
19 14 4 0 25 39 36
34 7 31 14 35 7 36
27 18 25 14 35 7 24
34 7 31 28 24 12 25
31 6 33 3 38 4 43
3 38 4 4 39 4 1
16 12 6 24 10 11 5
10 8 23 38 35 36 29
21 16 13 33 30 0 19
21 16 13 2 32 17 16
13 1 22 33 30 0 36
8 28 31 14 35 7 25
34 7 31 26 11 4 27
28 24 12 19 14 4 12
35 22 29 9 28 9 20
2 32 17 11 8 27 26
14 35 7 16 12 6 23
16 12 6 19 14 4 2
34 7 31 13 1 22 10
19 14 4 38 35 36 38
19 14 4 1 10 36 32
10 8 23 33 30 0 31
15 21 1 37 34 35 36
9 28 9 1 10 36 32
8 28 31 22 29 26 5
4 39 4 33 30 0 9
33 30 0 22 29 26 26
9 28 9 4 39 4 12
33 30 0 20 33 33 33
4 39 4 38 35 36 32
15 21 1 39 0 14 24
10 8 23 1 10 36 13
26 11 4 17 20 39 36
29 29 10 8 28 31 21
16 12 6 2 32 17 22
28 24 12 29 29 10 5
1 10 36 35 22 29 13
21 16 13 20 33 33 26
12 28 20 39 0 14 28
11 8 27 1 10 36 9
37 34 35 38 35 36 1
8 28 31 35 22 29 6
21 16 13 11 8 27 16
29 29 10 33 30 0 10
24 10 11 22 29 26 24
22 29 26 38 35 36 11
20 33 33 12 28 20 13
17 20 39 11 8 27 16
17 20 39 38 35 36 15
33 30 0 1 10 36 41
22 29 26 30 35 33 9
35 22 29 21 16 13 17
30 35 33 36 19 18 21
39 0 14 4 39 4 40
16 12 6 13 1 22 19
39 0 14 34 7 31 18
6 29 5 8 28 31 26
10 8 23 39 0 14 12
28 24 12 25 4 0 23
5 38 18 38 35 36 18
38 35 36 31 6 33 29
34 7 31 10 8 23 8
28 24 12 30 35 33 23
19 14 4 30 35 33 35
1 10 36 8 28 31 18
37 34 35 3 38 4 31
24 10 11 17 20 39 29
28 24 12 39 0 14 24
11 8 27 33 30 0 34
31 6 33 15 21 1 35
35 22 29 27 18 25 5
25 4 0 31 6 33 33
24 10 11 7 36 1 27
13 1 22 22 29 26 28
16 12 6 6 29 5 17
36 19 18 26 11 4 16
32 32 8 35 22 29 23
22 29 26 19 14 4 26
19 14 4 17 20 39 35
13 1 22 30 35 33 35
9 28 9 11 8 27 26
0 25 39 12 28 20 19
6 29 5 35 22 29 25
36 19 18 35 22 29 11
39 0 14 31 6 33 19
3 38 4 30 35 33 29
33 30 0 12 28 20 20
13 1 22 29 29 10 30
11 8 27 3 38 4 37
36 19 18 38 35 36 24
29 29 10 21 16 13 13
29 29 10 11 8 27 27
24 10 11 26 11 4 7
27 18 25 12 28 20 11
38 35 36 32 32 8 28
20 33 33 25 4 0 43
38 35 36 26 11 4 40
7 36 1 25 4 0 32
4 39 4 26 11 4 28
9 28 9 21 16 13 12
38 35 36 2 32 17 19
8 28 31 12 28 20 11
2 32 17 4 39 4 14
2 32 17 37 34 35 18
36 19 18 3 38 4 23
32 32 8 29 29 10 3
15 21 1 22 29 26 26
13 1 22 26 11 4 20
6 29 5 2 32 17 12
17 20 39 36 19 18 21
31 6 33 8 28 31 22
32 32 8 17 20 39 33
14 35 7 12 28 20 14
20 33 33 5 38 18 15
18 21 1 0 25 39 38
6 29 5 11 8 27 30
14 35 7 20 33 33 26
32 32 8 7 36 1 8
36 19 18 0 25 39 21
21 16 13 22 29 26 18
33 30 0 27 18 25 27
19 14 4 34 7 31 27
10 8 23 3 38 4 35
19 14 4 18 21 1 7
28 24 12 14 35 7 12
2 32 17 23 10 17 22
10 8 23 0 25 39 23
15 21 1 30 35 33 34
1 10 36 26 11 4 32
18 21 1 37 34 35 36
27 18 25 34 7 31 12
39 0 14 32 32 8 32
7 36 1 14 35 7 6
39 0 14 2 32 17 32
26 11 4 5 38 18 30
25 4 0 3 38 4 34
0 25 39 37 34 35 9
29 29 10 16 12 6 17
4 39 4 1 10 36 43
6 29 5 39 0 14 30
31 6 33 6 29 5 36
32 32 8 10 8 23 28
29 29 10 15 21 1 12
6 29 5 13 1 22 32
23 10 17 39 0 14 10
25 4 0 16 12 6 10
28 24 12 33 30 0 13
1 10 36 34 7 31 5
4 39 4 25 4 0 35
27 18 25 23 10 17 11
0 25 39 38 35 36 10
17 20 39 31 6 33 15
35 22 29 24 10 11 21
17 20 39 39 0 14 32
28 24 12 17 20 39 27
31 6 33 28 24 12 27
10 8 23 26 11 4 19
6 29 5 17 20 39 35
19 14 4 7 36 1 22
24 10 11 13 1 22 14
7 36 1 13 1 22 40
8 28 31 37 34 35 7
36 19 18 37 34 35 22
12 28 20 26 11 4 23
29 29 10 0 25 39 29
0 25 39 30 35 33 11
37 34 35 33 30 0 35
17 20 39 30 35 33 16
31 6 33 27 18 25 14
18 21 1 5 38 18 24
5 38 18 19 14 4 27
25 4 0 27 18 25 28
19 14 4 11 8 27 23
9 28 9 10 8 23 24
10 8 23 20 33 33 26
34 7 31 35 22 29 15
12 28 20 13 1 22 27
31 6 33 36 19 18 19
32 32 8 16 12 6 20
0 25 39 3 38 4 37
0 25 39 4 39 4 37
8 28 31 3 38 4 28
16 12 6 38 35 36 37
27 18 25 28 24 12 14
32 32 8 24 10 11 22
31 6 33 19 14 4 30
27 18 25 5 38 18 21
8 28 31 30 35 33 7
27 18 25 32 32 8 22
5 38 18 17 20 39 27
15 21 1 6 29 5 8
39 0 14 24 10 11 10
7 36 1 4 39 4 4
26 11 4 37 34 35 38
11 8 27 16 12 6 21
1 10 36 28 24 12 27
9 28 9 27 18 25 18
19 14 4 33 30 0 16
5 38 18 28 24 12 15
1 10 36 24 10 11 25
15 21 1 24 10 11 14
26 11 4 20 33 33 36
39 0 14 36 19 18 19
39 0 14 35 22 29 26
28 24 12 2 32 17 9
11 8 27 31 6 33 6
0 25 39 32 32 8 31
33 30 0 38 35 36 36
9 28 9 3 38 4 11
23 10 17 33 30 0 26
26 11 4 31 6 33 29
31 6 33 29 29 10 32
6 29 5 34 7 31 34
30 35 33 29 29 10 23
21 16 13 1 10 36 23
7 36 1 37 34 35 34
36 19 18 33 30 0 21
28 24 12 4 39 4 17
17 20 39 2 32 17 25
30 35 33 11 8 27 27
38 35 36 28 24 12 26
16 12 6 35 22 29 25
20 33 33 1 10 36 23
0 25 39 21 16 13 27
11 8 27 13 1 22 8
10 8 23 8 28 31 21
24 10 11 18 21 1 14
22 29 26 11 8 27 21
8 28 31 33 30 0 31
31 6 33 33 30 0 40
11 8 27 8 28 31 20
9 28 9 16 12 6 16
19 14 4 32 32 8 18
39 0 14 29 29 10 29
20 33 33 3 38 4 29
13 1 22 21 16 13 17
18 21 1 10 8 23 25
35 22 29 18 21 1 28
9 28 9 36 19 18 12
31 6 33 0 25 39 19
22 29 26 27 18 25 11
37 34 35 19 14 4 36
4 39 4 15 21 1 18
12 28 20 16 12 6 21
37 34 35 16 12 6 36
21 16 13 26 11 4 10
3 38 4 28 24 12 16
9 28 9 32 32 8 4
28 24 12 13 1 22 25
22 29 26 2 32 17 9
27 18 25 29 29 10 18
24 10 11 33 30 0 22
35 22 29 10 8 23 15
28 24 12 0 25 39 27
5 38 18 9 28 9 13
16 12 6 31 6 33 27
26 11 4 27 18 25 22
21 16 13 24 10 11 6
7 36 1 8 28 31 31
10 8 23 29 29 10 24
2 32 17 34 7 31 28
33 30 0 6 29 5 5
11 8 27 15 21 1 29
9 28 9 31 6 33 32
5 38 18 25 4 0 38
25 4 0 37 34 35 46
36 19 18 4 39 4 24
19 14 4 4 39 4 25
30 35 33 26 11 4 37
8 28 31 15 21 1 30
18 21 1 36 19 18 17
7 36 1 9 28 9 11
22 29 26 3 38 4 23
3 38 4 38 35 36 32
25 4 0 33 30 0 26
5 38 18 12 28 20 10
35 22 29 31 6 33 16
29 29 10 24 10 11 19
15 21 1 33 30 0 9
0 25 39 20 33 33 10
1 10 36 7 36 1 43
23 10 17 29 29 10 20
9 28 9 29 29 10 1
19 14 4 25 4 0 10
22 29 26 28 24 12 14
39 0 14 13 1 22 8
22 29 26 31 6 33 24
18 21 1 16 12 6 10
19 14 4 3 38 4 24
4 39 4 5 38 18 14
7 36 1 22 29 26 25
5 38 18 32 32 8 11
37 34 35 30 35 33 2
34 7 31 25 4 0 31
4 39 4 12 28 20 19
19 14 4 29 29 10 16
13 1 22 3 38 4 41
24 10 11 30 35 33 33
21 16 13 28 24 12 8
34 7 31 7 36 1 41
6 29 5 23 10 17 22
18 21 1 7 36 1 15
38 35 36 20 33 33 3
21 16 13 10 8 23 12
35 22 29 29 29 10 20
10 8 23 11 8 27 4
23 10 17 8 28 31 22
16 12 6 3 38 4 26
8 28 31 26 11 4 31
38 35 36 14 35 7 29
11 8 27 14 35 7 33
2 32 17 30 35 33 16
3 38 4 5 38 18 14
2 32 17 3 38 4 14
19 14 4 27 18 25 21
35 22 29 23 10 17 16
39 0 14 14 35 7 35
17 20 39 13 1 22 25
16 12 6 22 29 26 26
3 38 4 21 16 13 23
39 0 14 37 34 35 39
35 22 29 3 38 4 29
2 32 17 18 21 1 19
38 35 36 13 1 22 36
30 35 33 33 30 0 33
3 38 4 14 35 7 4
35 22 29 7 36 1 31
7 36 1 30 35 33 32
9 28 9 8 28 31 22
33 30 0 5 38 18 19
12 28 20 9 28 9 11
2 32 17 25 4 0 32
38 35 36 11 8 27 28
25 4 0 17 20 39 42
11 8 27 18 21 1 29
0 25 39 22 29 26 13
17 20 39 27 18 25 14
26 11 4 3 38 4 27
35 22 29 28 24 12 17
28 24 12 8 28 31 19
28 24 12 36 19 18 7
21 16 13 12 28 20 13
38 35 36 9 28 9 27
19 14 4 39 0 14 17
13 1 22 14 35 7 37
22 29 26 35 22 29 7
20 33 33 37 34 35 2
21 16 13 15 21 1 13
7 36 1 29 29 10 11
5 38 18 0 25 39 24
34 7 31 11 8 27 4
16 12 6 17 20 39 33
2 32 17 5 38 18 6
14 35 7 18 21 1 15
14 35 7 36 19 18 19
6 29 5 20 33 33 28
10 8 23 27 18 25 10
24 10 11 12 28 20 20
37 34 35 34 7 31 27
17 20 39 10 8 23 20
36 19 18 7 36 1 24
27 18 25 20 33 33 17
19 14 4 26 11 4 3
25 4 0 21 16 13 17
32 32 8 1 10 36 35
13 1 22 5 38 18 37
12 28 20 7 36 1 20
29 29 10 5 38 18 12
6 29 5 22 29 26 21
19 14 4 14 35 7 21
10 8 23 22 29 26 21
26 11 4 29 29 10 18
36 19 18 32 32 8 16
3 38 4 27 18 25 29
5 38 18 36 19 18 19
15 21 1 26 11 4 10
37 34 35 9 28 9 26
32 32 8 14 35 7 3
38 35 36 7 36 1 35
17 20 39 33 30 0 40
31 6 33 12 28 20 25
7 36 1 3 38 4 3
6 29 5 12 28 20 15
30 35 33 16 12 6 35
39 0 14 30 35 33 39
6 29 5 19 14 4 15
36 19 18 25 4 0 23
35 22 29 4 39 4 30
9 28 9 19 14 4 14
39 0 14 9 28 9 28
14 35 7 24 10 11 25
39 0 14 5 38 18 38
8 28 31 39 0 14 32
0 25 39 11 8 27 20
23 10 17 25 4 0 18
21 16 13 37 34 35 28
6 29 5 1 10 36 36
7 36 1 26 11 4 25
18 21 1 8 28 31 30
0 25 39 25 4 0 44
24 10 11 11 8 27 16
16 12 6 7 36 1 24
0 25 39 7 36 1 39
19 14 4 24 10 11 8
37 34 35 12 28 20 16
30 35 33 4 39 4 29
35 22 29 30 35 33 13
25 4 0 18 21 1 17
22 29 26 1 10 36 21
28 24 12 15 21 1 11
8 28 31 16 12 6 29
9 28 9 20 33 33 24
6 29 5 24 10 11 19
23 10 17 17 20 39 24
23 10 17 20 33 33 28
22 29 26 37 34 35 10
36 19 18 23 10 17 9
29 29 10 36 19 18 12
21 16 13 7 36 1 23
5 38 18 11 8 27 31
29 29 10 20 33 33 23
4 39 4 31 6 33 43
31 6 33 10 8 23 10
24 10 11 8 28 31 26
29 29 10 17 20 39 30
32 32 8 15 21 1 13
12 28 20 30 35 33 14
23 10 17 15 21 1 19
30 35 33 20 33 33 2
31 6 33 13 1 22 12
20 33 33 35 22 29 11
2 32 17 7 36 1 16
22 29 26 25 4 0 36
28 24 12 9 28 9 5
15 21 1 7 36 1 15
4 39 4 34 7 31 41
39 0 14 18 21 1 24
36 19 18 6 29 5 16
31 6 33 37 34 35 28
36 19 18 16 12 6 13
5 38 18 14 35 7 11
17 20 39 14 35 7 35
31 6 33 2 32 17 30
32 32 8 22 29 26 18
18 21 1 34 7 31 33
8 28 31 0 25 39 8
24 10 11 31 6 33 22
0 25 39 24 10 11 31
2 32 17 9 28 9 8
15 21 1 12 28 20 20
2 32 17 29 29 10 7
31 6 33 30 35 33 29
6 29 5 10 8 23 27
6 29 5 28 24 12 8
23 10 17 14 35 7 26
13 1 22 1 10 36 16
16 12 6 10 8 23 17
34 7 31 9 28 9 30
11 8 27 20 33 33 25
17 20 39 7 36 1 41
18 21 1 22 29 26 26
30 35 33 9 28 9 25
12 28 20 38 35 36 17
33 30 0 0 25 39 39
1 10 36 14 35 7 38
2 32 17 32 32 8 9
24 10 11 25 4 0 12
9 28 9 14 35 7 7
1 10 36 29 29 10 32
13 1 22 20 33 33 33
21 16 13 14 35 7 19
37 34 35 24 10 11 33
20 33 33 28 24 12 22
14 35 7 2 32 17 10
1 10 36 38 35 36 25
19 14 4 2 32 17 22
38 35 36 18 21 1 37
23 10 17 10 8 23 6
26 11 4 35 22 29 27
8 28 31 19 14 4 30
14 35 7 37 34 35 28
29 29 10 37 34 35 25
12 28 20 18 21 1 20
23 10 17 34 7 31 14
13 1 22 37 34 35 35
14 35 7 10 8 23 31
32 32 8 23 10 17 23
7 36 1 10 8 23 35
24 10 11 10 8 23 12
24 10 11 20 33 33 31
2 32 17 36 19 18 13
26 11 4 33 30 0 19
38 35 36 25 4 0 47
20 33 33 7 36 1 32
8 28 31 20 33 33 5
10 8 23 36 19 18 12
12 28 20 19 14 4 21
12 28 20 29 29 10 10
16 12 6 15 21 1 10
30 35 33 34 7 31 28
38 35 36 8 28 31 8
37 34 35 1 10 36 24
20 33 33 34 7 31 26
21 16 13 4 39 4 24
22 29 26 26 11 4 28
19 14 4 20 33 33 34
25 4 0 39 0 14 14
34 7 31 3 38 4 41
16 12 6 34 7 31 25
20 33 33 16 12 6 34
4 39 4 10 8 23 36
12 28 20 23 10 17 18
21 16 13 5 38 18 22