20 190
4 12 12 16 18 9 6
19 13 0 10 19 14 15
18 16 3 11 2 17 19
6 7 11 3 5 0 11
4 12 12 14 3 6 10
0 6 9 17 13 17 10
14 3 6 19 13 0 11
1 5 4 14 3 6 2
17 13 17 2 14 19 2
11 2 17 4 12 12 11
8 17 11 18 16 3 8
5 4 19 2 14 19 10
9 11 13 5 4 19 9
4 12 12 7 2 3 13
12 2 1 11 2 17 16
16 18 9 5 4 19 17
8 17 11 0 6 9 11
12 2 1 3 5 0 3
17 13 17 7 2 3 17
4 12 12 8 17 11 5
15 3 17 11 2 17 1
11 2 17 8 17 11 16
9 11 13 3 5 0 14
5 4 19 6 7 11 8
5 4 19 12 2 1 18
13 5 0 8 17 11 16
9 11 13 7 2 3 13
18 16 3 14 3 6 13
11 2 17 14 3 6 11
8 17 11 9 11 13 6
14 3 6 15 3 17 11
14 3 6 8 17 11 14
0 6 9 7 2 3 7
11 2 17 10 19 14 17
8 17 11 12 2 1 18
19 13 0 9 11 13 13
17 13 17 6 7 11 8
9 11 13 17 13 17 4
19 13 0 3 5 0 8
0 6 9 9 11 13 6
12 2 1 18 16 3 14
7 2 3 10 19 14 20
12 2 1 13 5 0 3
2 14 19 0 6 9 12
0 6 9 16 18 9 12
5 4 19 13 5 0 19
19 13 0 2 14 19 19
7 2 3 18 16 3 14
13 5 0 19 13 0 8
1 5 4 10 19 14 17
14 3 6 2 14 19 17
16 18 9 6 7 11 11
11 2 17 9 11 13 9
14 3 6 12 2 1 5
14 3 6 5 4 19 13
17 13 17 14 3 6 14
16 18 9 3 5 0 15
13 5 0 17 13 17 18
17 13 17 18 16 3 14
1 5 4 5 4 19 15
10 19 14 17 13 17 6
15 3 17 16 18 9 17
10 19 14 18 16 3 11
1 5 4 8 17 11 13
7 2 3 8 17 11 17
15 3 17 17 13 17 10
19 13 0 6 7 11 12
11 2 17 2 14 19 12
0 6 9 12 2 1 8
3 5 0 11 2 17 17
13 5 0 11 2 17 17
9 11 13 1 5 4 10
16 18 9 1 5 4 13
13 5 0 1 5 4 4
4 12 12 12 2 1 14
10 19 14 6 7 11 12
19 13 0 17 13 17 17
5 4 19 4 12 12 10
3 5 0 5 4 19 19
9 11 13 18 16 3 11
4 12 12 3 5 0 13
14 3 6 13 5 0 6
6 7 11 15 3 17 7
1 5 4 6 7 11 7
3 5 0 1 5 4 4
16 18 9 19 13 0 10
18 16 3 19 13 0 4
0 6 9 10 19 14 13
16 18 9 13 5 0 15
13 5 0 7 2 3 4
4 12 12 10 19 14 7
1 5 4 7 2 3 3
15 3 17 12 2 1 16
11 2 17 6 7 11 7
16 18 9 9 11 13 8
11 2 17 1 5 4 13
1 5 4 12 2 1 4
7 2 3 6 7 11 9
2 14 19 18 16 3 16
2 14 19 9 11 13 6
2 14 19 13 5 0 21
8 17 11 16 18 9 2
7 2 3 16 18 9 17
18 16 3 1 5 4 11
3 5 0 14 3 6 6
16 18 9 12 2 1 17
2 14 19 12 2 1 21
8 17 11 6 7 11 10
9 11 13 15 3 17 8
4 12 12 2 14 19 7
15 3 17 13 5 0 17
19 13 0 15 3 17 19
15 3 17 1 5 4 13
1 5 4 4 12 12 10
4 12 12 18 16 3 9
4 12 12 15 3 17 10
10 19 14 12 2 1 21
0 6 9 1 5 4 5
8 17 11 10 19 14 3
12 2 1 17 13 17 19
14 3 6 0 6 9 4
7 2 3 5 4 19 16
5 4 19 8 17 11 15
1 5 4 19 13 0 8
2 14 19 8 17 11 8
8 17 11 3 5 0 16
13 5 0 18 16 3 11
15 3 17 3 5 0 17
5 4 19 11 2 17 2
4 12 12 13 5 0 13
10 19 14 15 3 17 16
2 14 19 7 2 3 20
3 5 0 0 6 9 9
18 16 3 6 7 11 12
5 4 19 17 13 17 9
17 13 17 8 17 11 7
5 4 19 18 16 3 20
13 5 0 10 19 14 19
17 13 17 1 5 4 15
9 11 13 14 3 6 10
19 13 0 12 2 1 11
4 12 12 0 6 9 6
0 6 9 18 16 3 11
3 5 0 10 19 14 19
10 19 14 9 11 13 8
18 16 3 3 5 0 11
16 18 9 17 13 17 9
7 2 3 14 3 6 3
9 11 13 4 12 12 1
17 13 17 4 12 12 5
13 5 0 6 7 11 11
6 7 11 14 3 6 6
19 13 0 8 17 11 11
10 19 14 16 18 9 5
7 2 3 11 2 17 14
2 14 19 6 7 11 10
15 3 17 8 17 11 15
5 4 19 10 19 14 15
0 6 9 11 2 17 8
3 5 0 2 14 19 21
19 13 0 4 12 12 12
5 4 19 0 6 9 10
19 13 0 11 2 17 20
14 3 6 16 18 9 15
10 19 14 2 14 19 7
19 13 0 0 6 9 11
15 3 17 0 6 9 8
6 7 11 4 12 12 5
11 2 17 17 13 17 11
14 3 6 10 19 14 17
0 6 9 6 7 11 2
16 18 9 2 14 19 10
0 6 9 13 5 0 9
15 3 17 2 14 19 11
3 5 0 17 13 17 18
3 5 0 13 5 0 0
7 2 3 15 3 17 14
7 2 3 3 5 0 4
12 2 1 7 2 3 2
7 2 3 19 13 0 11
15 3 17 18 16 3 19
5 4 19 15 3 17 2
19 13 0 5 4 19 21
12 2 1 9 11 13 15
11 2 17 16 18 9 17
1 5 4 2 14 19 17
13 5 0 9 11 13 14
18 16 3 16 18 9 6
6 7 11 9 11 13 4
6 7 11 12 2 1 11