62 1891
11 54 21 39 59 11 11
34 37 17 44 28 25 12
60 12 15 18 16 57 42
53 30 58 15 14 45 20
34 37 17 43 42 43 26
43 42 43 6 34 46 8
55 29 10 21 19 34 26
31 32 14 30 3 17 29
58 37 49 22 14 25 33
43 42 43 37 36 0 43
56 59 60 13 50 25 36
38 15 2 20 55 18 43
14 31 45 46 29 39 6
20 55 18 50 30 42 34
46 29 39 49 1 43 28
4 13 60 30 3 17 44
52 56 6 36 20 27 41
50 30 42 6 34 46 5
39 59 11 36 20 27 42
33 59 46 48 18 43 41
57 6 48 61 48 58 43
17 52 52 45 20 18 46
44 28 25 32 56 28 28
14 31 45 20 55 18 36
54 43 10 41 40 54 44
55 29 10 16 14 9 15
17 52 52 27 52 30 22
4 13 60 28 56 44 45
29 32 54 41 40 54 8
28 56 44 51 1 11 64
5 14 1 0 40 61 65
39 59 11 49 1 43 66
61 48 58 43 42 43 16
40 25 16 10 59 17 34
56 59 60 16 14 9 68
3 30 15 36 20 27 15
35 57 39 2 3 32 54
1 50 8 37 36 0 16
51 1 11 18 16 57 48
21 19 34 42 37 61 32
25 22 12 28 56 44 46
8 24 50 55 29 10 40
19 34 52 4 13 60 22
24 43 51 20 55 18 35
44 28 25 7 26 17 8
33 59 46 27 52 30 17
13 50 25 16 14 9 39
43 42 43 5 14 1 50
6 34 46 37 36 0 46
50 30 42 44 28 25 17
17 52 52 47 44 37 17
37 36 0 50 30 42 42
40 25 16 18 16 57 41
32 56 28 3 30 15 29
55 29 10 20 55 18 27
55 29 10 49 1 43 43
13 50 25 34 37 17 15
44 28 25 43 42 43 22
51 1 11 27 52 30 54
35 57 39 44 28 25 32
45 20 18 7 26 17 6
5 14 1 19 34 52 54
9 58 57 15 14 45 45
47 44 37 39 59 11 30
59 45 1 45 20 18 30
2 3 32 13 50 25 47
61 48 58 25 22 12 52
25 22 12 59 45 1 25
48 18 43 31 32 14 32
61 48 58 14 31 45 21
2 3 32 48 18 43 18
36 20 27 5 14 1 26
10 59 17 43 42 43 31
7 26 17 9 58 57 51
30 3 17 38 15 2 19
28 56 44 24 43 51 14
47 44 37 21 19 34 25
7 26 17 52 56 6 31
15 14 45 59 45 1 53
43 42 43 49 1 43 41
16 14 9 7 26 17 14
40 25 16 6 34 46 31
15 14 45 38 15 2 43
30 3 17 1 50 8 47
19 34 52 7 26 17 35
13 50 25 57 6 48 49
50 30 42 19 34 52 10
44 28 25 59 45 1 29
49 1 43 3 30 15 40
1 50 8 9 58 57 49
10 59 17 24 43 51 37
17 52 52 53 30 58 22
30 3 17 50 30 42 36
26 53 1 23 52 14 13
47 44 37 42 37 61 25
3 30 15 44 28 25 10
33 59 46 24 43 51 16
4 13 60 56 59 60 46
22 14 25 45 20 18 9
43 42 43 56 59 60 24
12 38 8 52 56 6 18
10 59 17 26 53 1 17
6 34 46 3 30 15 31
21 19 34 59 45 1 42
23 52 14 28 56 44 30
51 1 11 57 6 48 37
31 32 14 26 53 1 24
49 1 43 0 40 61 42
34 37 17 11 54 21 17
15 14 45 51 1 11 36
35 57 39 25 22 12 44
11 54 21 9 58 57 36
59 45 1 8 24 50 53
28 56 44 33 59 46 3
52 56 6 59 45 1 12
12 38 8 29 32 54 46
29 32 54 51 1 11 53
58 37 49 9 58 57 22
8 24 50 58 37 49 13
27 52 30 34 37 17 19
35 57 39 17 52 52 13
5 14 1 3 30 15 21
15 14 45 39 59 11 56
27 52 30 2 3 32 49
50 30 42 17 52 52 24
43 42 43 19 34 52 12
28 56 44 9 58 57 13
19 34 52 34 37 17 35
26 53 1 6 34 46 48
42 37 61 53 30 58 7
22 14 25 44 28 25 14
47 44 37 6 34 46 13
32 56 28 11 54 21 7
25 22 12 1 50 8 28
20 55 18 54 43 10 14
51 1 11 9 58 57 73
40 25 16 30 3 17 22
39 59 11 20 55 18 8
25 22 12 12 38 8 16
0 40 61 25 22 12 52
47 44 37 61 48 58 21
25 22 12 40 25 16 5
37 36 0 38 15 2 21
5 14 1 16 14 9 8
32 56 28 0 40 61 36
5 14 1 35 57 39 57
56 59 60 19 34 52 26
52 56 6 50 30 42 44
15 14 45 54 43 10 45
24 43 51 3 30 15 38
25 22 12 14 31 45 34
42 37 61 50 30 42 20
36 20 27 44 28 25 8
35 57 39 41 40 54 22
21 19 34 27 52 30 33
29 32 54 49 1 43 32
10 59 17 8 24 50 48
22 14 25 16 14 9 16
29 32 54 20 55 18 42
37 36 0 52 56 6 20
1 50 8 11 54 21 13
13 50 25 37 36 0 28
12 38 8 7 26 17 15
35 57 39 45 20 18 42
57 6 48 27 52 30 49
26 53 1 21 19 34 47
41 40 54 49 1 43 40
6 34 46 31 32 14 32
51 1 11 2 3 32 21
9 58 57 30 3 17 68
34 37 17 29 32 54 37
56 59 60 18 16 57 43
9 58 57 44 28 25 43
48 18 43 47 44 37 26
19 34 52 53 30 58 7
31 32 14 52 56 6 25
42 37 61 43 42 43 18
4 13 60 21 19 34 26
43 42 43 18 16 57 29
14 31 45 28 56 44 25
21 19 34 50 30 42 13
42 37 61 8 24 50 17
1 50 8 5 14 1 36
31 32 14 51 1 11 31
10 59 17 49 1 43 63
45 20 18 54 43 10 24
21 19 34 32 56 28 37
2 3 32 60 12 15 19
52 56 6 11 54 21 15
17 52 52 2 3 32 52
0 40 61 51 1 11 63
57 6 48 11 54 21 55
50 30 42 45 20 18 26
54 43 10 40 25 16 18
25 22 12 51 1 11 21
22 14 25 6 34 46 29
3 30 15 14 31 45 30
58 37 49 28 56 44 19
45 20 18 42 37 61 46
59 45 1 56 59 60 60
43 42 43 11 54 21 25
5 14 1 59 45 1 31
57 6 48 25 22 12 39
33 59 46 23 52 14 32
56 59 60 20 55 18 42
15 14 45 27 52 30 40
53 30 58 39 59 11 55
22 14 25 37 36 0 33
60 12 15 4 13 60 45
22 14 25 48 18 43 18
25 22 12 42 37 61 51
27 52 30 41 40 54 26
6 34 46 32 56 28 28
56 59 60 22 14 25 57
12 38 8 23 52 14 15
53 30 58 40 25 16 42
34 37 17 8 24 50 35
13 50 25 30 3 17 47
10 59 17 9 58 57 40
21 19 34 0 40 61 34
33 59 46 1 50 8 39
23 52 14 18 16 57 56
11 54 21 5 14 1 44
30 3 17 41 40 54 52
4 13 60 22 14 25 35
44 28 25 11 54 21 26
33 59 46 4 13 60 48
23 52 14 2 3 32 52
27 52 30 53 30 58 35
16 14 9 35 57 39 52
56 59 60 3 30 15 53
2 3 32 43 42 43 40
1 50 8 31 32 14 18
59 45 1 60 12 15 35
29 32 54 6 34 46 8
60 12 15 32 56 28 45
1 50 8 13 50 25 17
2 3 32 24 43 51 44
1 50 8 41 40 54 47
57 6 48 35 57 39 51
5 14 1 12 38 8 25
23 52 14 13 50 25 11
30 3 17 10 59 17 56
32 56 28 48 18 43 40
2 3 32 10 59 17 57
44 28 25 31 32 14 11
39 59 11 4 13 60 67
55 29 10 40 25 16 7
20 55 18 0 40 61 45
61 48 58 4 13 60 35
46 29 39 47 44 37 15
16 14 9 21 19 34 25
9 58 57 21 19 34 45
60 12 15 41 40 54 48
0 40 61 14 31 45 18
13 50 25 50 30 42 26
43 42 43 36 20 27 27
1 50 8 7 26 17 25
34 37 17 56 59 60 48
59 45 1 47 44 37 36
37 36 0 49 1 43 55
0 40 61 1 50 8 53
3 30 15 38 15 2 19
35 57 39 36 20 27 38
22 14 25 21 19 34 10
4 13 60 59 45 1 67
12 38 8 55 29 10 9
48 18 43 17 52 52 35
28 56 44 55 29 10 43
49 1 43 33 59 46 58
59 45 1 0 40 61 60
8 24 50 54 43 10 44
39 59 11 12 38 8 21
56 59 60 17 52 52 10
55 29 10 1 50 8 21
36 20 27 0 40 61 39
12 38 8 30 3 17 36
13 50 25 44 28 25 22
32 56 28 58 37 49 28
50 30 42 51 1 11 42
0 40 61 10 59 17 47
18 16 57 4 13 60 4
11 54 21 36 20 27 34
43 42 43 54 43 10 33
41 40 54 25 22 12 45
14 31 45 54 43 10 37
48 18 43 59 45 1 49
53 30 58 16 14 9 51
43 42 43 22 14 25 33
16 14 9 29 32 54 48
42 37 61 48 18 43 26
29 32 54 18 16 57 16
37 36 0 44 28 25 26
47 44 37 30 3 17 45
10 59 17 4 13 60 62
49 1 43 30 3 17 26
2 3 32 29 32 54 36
38 15 2 36 20 27 25
45 20 18 24 43 51 40
2 3 32 26 53 1 58
42 37 61 40 25 16 46
2 3 32 12 38 8 42
56 59 60 40 25 16 55
57 6 48 20 55 18 57
54 43 10 23 52 14 9
38 15 2 14 31 45 45
11 54 21 49 1 43 57
8 24 50 52 56 6 54
25 22 12 45 20 18 6
19 34 52 17 52 52 18
51 1 11 30 3 17 6
38 15 2 22 14 25 23
38 15 2 19 34 52 53
35 57 39 46 29 39 28
58 37 49 13 50 25 27
34 37 17 21 19 34 24
40 25 16 14 31 45 29
39 59 11 8 24 50 52
52 56 6 0 40 61 57
27 52 30 30 3 17 50
15 14 45 6 34 46 20
19 34 52 33 59 46 25
51 1 11 1 50 8 49
47 44 37 19 34 52 18
31 32 14 55 29 10 5
6 34 46 28 56 44 22
43 42 43 29 32 54 14
59 45 1 50 30 42 43
61 48 58 12 38 8 50
29 32 54 7 26 17 37
60 12 15 54 43 10 31
52 56 6 16 14 9 42
59 45 1 12 38 8 9
20 55 18 23 52 14 5
1 50 8 12 38 8 12
23 52 14 59 45 1 14
2 3 32 9 58 57 60
21 19 34 45 20 18 16
29 32 54 50 30 42 12
6 34 46 27 52 30 24
33 59 46 32 56 28 18
2 3 32 16 14 9 25
56 59 60 29 32 54 27
21 19 34 61 48 58 37
44 28 25 48 18 43 20
14 31 45 48 18 43 13
26 53 1 46 29 39 44
15 14 45 45 20 18 27
42 37 61 5 14 1 64
23 52 14 5 14 1 40
0 40 61 42 37 61 3
36 20 27 18 16 57 30
4 13 60 55 29 10 52
26 53 1 29 32 54 57
12 38 8 49 1 43 50
0 40 61 57 6 48 36
42 37 61 41 40 54 7
29 32 54 23 52 14 44
6 34 46 24 43 51 10
61 48 58 59 45 1 57
28 56 44 36 20 27 39
29 32 54 25 22 12 43
53 30 58 3 30 15 43
14 31 45 36 20 27 21
43 42 43 14 31 45 11
34 37 17 1 50 8 15
8 24 50 18 16 57 10
20 55 18 10 59 17 4
61 48 58 3 30 15 46
50 30 42 2 3 32 28
49 1 43 53 30 58 32
45 20 18 37 36 0 24
37 36 0 8 24 50 51
48 18 43 61 48 58 33
42 37 61 49 1 43 40
56 59 60 27 52 30 30
41 40 54 21 19 34 29
40 25 16 44 28 25 9
8 24 50 53 30 58 10
54 43 10 27 52 30 21
31 32 14 23 52 14 20
59 45 1 54 43 10 9
46 29 39 45 20 18 22
52 56 6 29 32 54 53
8 24 50 50 30 42 10
2 3 32 42 37 61 44
6 34 46 48 18 43 16
46 29 39 5 14 1 40
21 19 34 14 31 45 16
9 58 57 42 37 61 21
41 40 54 40 25 16 40
13 50 25 11 54 21 5
25 22 12 10 59 17 37
60 12 15 47 44 37 38
10 59 17 28 56 44 27
1 50 8 23 52 14 6
55 29 10 61 48 58 51
60 12 15 22 14 25 10
36 20 27 1 50 8 35
52 56 6 58 37 49 47
49 1 43 54 43 10 53
14 31 45 6 34 46 3
26 53 1 25 22 12 32
5 14 1 10 59 17 47
49 1 43 59 45 1 60
16 14 9 47 44 37 41
36 20 27 7 26 17 11
61 48 58 60 12 15 56
22 14 25 40 25 16 14
47 44 37 32 56 28 15
12 38 8 24 43 51 43
29 32 54 32 56 28 35
20 55 18 41 40 54 39
38 15 2 29 32 54 54
11 54 21 60 12 15 42
16 14 9 4 13 60 51
14 31 45 24 43 51 13
24 43 51 50 30 42 15
23 52 14 32 56 28 14
15 14 45 40 25 16 31
2 3 32 31 32 14 34
57 6 48 41 40 54 34
30 3 17 6 34 46 42
57 6 48 16 14 9 39
55 29 10 33 59 46 46
57 6 48 58 37 49 31
5 14 1 7 26 17 20
11 54 21 19 34 52 36
8 24 50 31 32 14 36
24 43 51 37 36 0 51
34 37 17 58 37 49 32
10 59 17 60 12 15 47
8 24 50 23 52 14 45
10 59 17 42 37 61 49
7 26 17 55 29 10 7
24 43 51 25 22 12 44
34 37 17 35 57 39 29
3 30 15 52 56 6 27
0 40 61 16 14 9 58
59 45 1 38 15 2 30
14 31 45 44 28 25 20
33 59 46 13 50 25 22
57 6 48 46 29 39 24
1 50 8 24 43 51 43
55 29 10 56 59 60 58
53 30 58 31 32 14 44
21 19 34 49 1 43 20
55 29 10 18 16 57 48
45 20 18 31 32 14 12
38 15 2 51 1 11 16
54 43 10 36 20 27 28
12 38 8 46 29 39 32
28 56 44 47 44 37 13
16 14 9 15 14 45 36
27 52 30 44 28 25 24
53 30 58 41 40 54 10
50 30 42 18 16 57 20
25 22 12 22 14 25 15
6 34 46 21 19 34 19
20 55 18 21 19 34 39
18 16 57 33 59 46 44
55 29 10 43 42 43 35
61 48 58 10 59 17 42
54 43 10 42 37 61 51
14 31 45 50 30 42 3
5 14 1 33 59 46 63
53 30 58 36 20 27 32
32 56 28 4 13 60 53
10 59 17 52 56 6 11
48 18 43 39 59 11 52
17 52 52 33 59 46 9
21 19 34 57 6 48 19
12 38 8 51 1 11 37
14 31 45 34 37 17 28
45 20 18 43 42 43 33
29 32 54 11 54 21 39
39 59 11 59 45 1 17
16 14 9 38 15 2 7
40 25 16 39 59 11 34
50 30 42 58 37 49 9
54 43 10 11 54 21 15
8 24 50 3 30 15 35
4 13 60 29 32 54 19
18 16 57 3 30 15 44
47 44 37 7 26 17 26
57 6 48 30 3 17 31
44 28 25 33 59 46 37
10 59 17 53 30 58 50
17 52 52 30 3 17 60
33 59 46 36 20 27 43
6 34 46 0 40 61 16
53 30 58 25 22 12 46
15 14 45 32 56 28 45
57 6 48 23 52 14 57
54 43 10 26 53 1 13
48 18 43 15 14 45 4
55 29 10 11 54 21 27
36 20 27 29 32 54 29
34 37 17 26 53 1 22
47 44 37 55 29 10 30
58 37 49 53 30 58 11
30 3 17 55 29 10 26
13 50 25 54 43 10 16
60 12 15 8 24 50 37
22 14 25 52 56 6 46
9 58 57 54 43 10 49
40 25 16 23 52 14 27
17 52 52 12 38 8 46
58 37 49 38 15 2 51
53 30 58 32 56 28 39
20 55 18 8 24 50 44
7 26 17 60 12 15 14
32 56 28 37 36 0 34
24 43 51 26 53 1 50
26 53 1 39 59 11 11
38 15 2 24 43 51 56
55 29 10 42 37 61 51
52 56 6 33 59 46 40
11 54 21 12 38 8 20
26 53 1 47 44 37 37
34 37 17 47 44 37 21
9 58 57 14 31 45 29
4 13 60 58 37 49 26
31 32 14 12 38 8 8
5 14 1 47 44 37 46
29 32 54 19 34 52 2
19 34 52 52 56 6 50
31 32 14 38 15 2 20
5 14 1 41 40 54 59
55 29 10 38 15 2 16
25 22 12 31 32 14 10
45 20 18 55 29 10 12
42 37 61 46 29 39 23
0 40 61 3 30 15 47
53 30 58 24 43 51 14
58 37 49 42 37 61 12
35 57 39 3 30 15 36
48 18 43 30 3 17 30
20 55 18 28 56 44 26
12 38 8 47 44 37 29
52 56 6 23 52 14 8
60 12 15 43 42 43 41
11 54 21 3 30 15 24
17 52 52 36 20 27 40
21 19 34 48 18 43 9
33 59 46 12 38 8 43
13 50 25 32 56 28 6
57 6 48 47 44 37 39
49 1 43 2 3 32 11
9 58 57 36 20 27 48
33 59 46 61 48 58 16
26 53 1 53 30 58 61
61 48 58 23 52 14 44
14 31 45 19 34 52 7
45 20 18 38 15 2 16
7 26 17 51 1 11 25
43 42 43 40 25 16 31
1 50 8 35 57 39 31
51 1 11 40 25 16 24
34 37 17 36 20 27 19
11 54 21 24 43 51 31
39 59 11 32 56 28 17
30 3 17 58 37 49 46
47 44 37 9 58 57 24
27 52 30 43 42 43 16
31 32 14 20 55 18 23
5 14 1 24 43 51 57
18 16 57 30 3 17 42
18 16 57 24 43 51 27
39 59 11 34 37 17 22
31 32 14 41 40 54 40
8 24 50 4 13 60 14
12 38 8 60 12 15 26
7 26 17 46 29 39 22
54 43 10 58 37 49 39
54 43 10 21 19 34 33
45 20 18 19 34 52 36
19 34 52 12 38 8 44
24 43 51 46 29 39 18
12 38 8 50 30 42 34
19 34 52 41 40 54 6
18 16 57 1 50 8 59
16 14 9 30 3 17 13
0 40 61 17 52 52 15
19 34 52 27 52 30 28
34 37 17 45 20 18 17
57 6 48 45 20 18 33
18 16 57 42 37 61 21
37 36 0 35 57 39 44
5 14 1 4 13 60 59
55 29 10 24 43 51 43
14 31 45 23 52 14 37
21 19 34 58 37 49 23
13 50 25 14 31 45 27
20 55 18 43 42 43 28
32 56 28 56 59 60 32
2 3 32 32 56 28 53
47 44 37 35 57 39 13
56 59 60 11 54 21 39
58 37 49 37 36 0 49
19 34 52 40 25 16 37
34 37 17 30 3 17 34
37 36 0 4 13 60 64
55 29 10 26 53 1 25
45 20 18 33 59 46 48
29 32 54 44 28 25 29
26 53 1 7 26 17 31
18 16 57 6 34 46 21
25 22 12 5 14 1 13
31 32 14 54 43 10 11
42 37 61 56 59 60 22
13 50 25 28 56 44 19
45 20 18 16 14 9 10
5 14 1 56 59 60 74
5 14 1 48 18 43 42
18 16 57 20 55 18 55
46 29 39 19 34 52 13
20 55 18 19 34 52 39
45 20 18 12 38 8 20
28 56 44 15 14 45 42
61 48 58 50 30 42 24
31 32 14 43 42 43 30
30 3 17 46 29 39 34
18 16 57 10 59 17 58
4 13 60 45 20 18 42
53 30 58 46 29 39 19
18 16 57 13 50 25 46
35 57 39 60 12 15 51
53 30 58 61 48 58 18
27 52 30 24 43 51 22
14 31 45 49 1 43 30
55 29 10 25 22 12 7
18 16 57 41 40 54 24
22 14 25 32 56 28 42
45 20 18 44 28 25 10
34 37 17 46 29 39 23
52 56 6 45 20 18 37
25 22 12 8 24 50 38
10 59 17 55 29 10 30
1 50 8 53 30 58 53
14 31 45 8 24 50 8
10 59 17 1 50 8 12
9 58 57 19 34 52 24
7 26 17 24 43 51 38
61 48 58 42 37 61 11
47 44 37 43 42 43 6
17 52 52 61 48 58 7
5 14 1 37 36 0 22
37 36 0 54 43 10 12
51 1 11 36 20 27 24
49 1 43 27 52 30 52
33 59 46 41 40 54 20
56 59 60 9 58 57 3
55 29 10 48 18 43 34
60 12 15 20 55 18 43
43 42 43 16 14 9 44
48 18 43 23 52 14 44
5 14 1 50 30 42 44
35 57 39 49 1 43 56
30 3 17 61 48 58 60
33 59 46 0 40 61 24
10 59 17 31 32 14 27
60 12 15 37 36 0 28
37 36 0 39 59 11 25
35 57 39 23 52 14 25
26 53 1 44 28 25 34
11 54 21 6 34 46 32
53 30 58 29 32 54 4
22 14 25 33 59 46 49
58 37 49 29 32 54 7
11 54 21 15 14 45 46
28 56 44 30 3 17 59
6 34 46 23 52 14 36
42 37 61 6 34 46 15
22 14 25 17 52 52 46
31 32 14 33 59 46 41
57 6 48 55 29 10 44
9 58 57 16 14 9 65
46 29 39 8 24 50 12
34 37 17 41 40 54 37
42 37 61 30 3 17 55
17 52 52 18 16 57 36
25 22 12 7 26 17 6
28 56 44 52 56 6 38
30 3 17 26 53 1 52
13 50 25 3 30 15 22
53 30 58 22 14 25 36
28 56 44 31 32 14 38
22 14 25 36 20 27 6
0 40 61 54 43 10 51
41 40 54 39 59 11 47
49 1 43 32 56 28 57
37 36 0 26 53 1 17
4 13 60 7 26 17 44
2 3 32 39 59 11 59
10 59 17 34 37 17 22
13 50 25 55 29 10 25
3 30 15 41 40 54 40
61 48 58 56 59 60 11
14 31 45 12 38 8 37
15 14 45 1 50 8 51
19 34 52 59 45 1 52
13 50 25 27 52 30 5
44 28 25 1 50 8 27
0 40 61 24 43 51 10
34 37 17 54 43 10 9
15 14 45 20 55 18 49
42 37 61 44 28 25 37
49 1 43 13 50 25 52
38 15 2 49 1 43 43
55 29 10 17 52 52 47
4 13 60 42 37 61 24
45 20 18 9 58 57 54
4 13 60 27 52 30 49
9 58 57 3 30 15 50
31 32 14 60 12 15 20
61 48 58 46 29 39 26
53 30 58 52 56 6 58
17 52 52 25 22 12 50
46 29 39 0 40 61 24
17 52 52 24 43 51 9
50 30 42 0 40 61 21
38 15 2 43 42 43 49
27 52 30 0 40 61 33
8 24 50 1 50 8 49
35 57 39 15 14 45 43
24 43 51 61 48 58 8
12 38 8 20 55 18 19
49 1 43 22 14 25 22
34 37 17 52 56 6 21
48 18 43 54 43 10 41
39 59 11 45 20 18 39
40 25 16 38 15 2 17
52 56 6 42 37 61 58
43 42 43 0 40 61 18
38 15 2 34 37 17 26
21 19 34 18 16 57 23
16 14 9 12 38 8 24
16 14 9 3 30 15 17
51 1 11 45 20 18 20
31 32 14 39 59 11 27
51 1 11 35 57 39 62
2 3 32 38 15 2 32
35 57 39 7 26 17 38
54 43 10 53 30 58 49
48 18 43 10 59 17 48
21 19 34 44 28 25 12
49 1 43 61 48 58 49
25 22 12 15 14 45 33
30 3 17 53 30 58 49
60 12 15 5 14 1 14
16 14 9 17 52 52 57
9 58 57 46 29 39 34
50 30 42 40 25 16 26
45 20 18 18 16 57 39
39 59 11 58 37 49 43
40 25 16 61 48 58 47
32 56 28 55 29 10 32
14 31 45 17 52 52 22
40 25 16 48 18 43 27
16 14 9 46 29 39 33
22 14 25 51 1 11 19
38 15 2 4 13 60 58
37 36 0 36 20 27 31
17 52 52 29 32 54 20
39 59 11 57 6 48 64
61 48 58 2 3 32 51
10 59 17 39 59 11 6
31 32 14 13 50 25 21
50 30 42 48 18 43 12
26 53 1 27 52 30 29
59 45 1 30 3 17 44
27 52 30 55 29 10 30
6 34 46 41 40 54 10
33 59 46 3 30 15 42
36 20 27 42 37 61 38
22 14 25 15 14 45 20
35 57 39 24 43 51 18
22 14 25 41 40 54 38
3 30 15 28 56 44 38
4 13 60 23 52 14 60
40 25 16 3 30 15 5
46 29 39 2 3 32 26
19 34 52 39 59 11 48
57 6 48 43 42 43 36
15 14 45 2 3 32 17
52 56 6 48 18 43 53
39 59 11 6 34 46 43
45 20 18 53 30 58 41
12 38 8 15 14 45 44
35 57 39 54 43 10 32
18 16 57 34 37 17 45
58 37 49 12 38 8 41
46 29 39 4 13 60 26
58 37 49 48 18 43 19
3 30 15 42 37 61 46
16 14 9 31 32 14 18
41 40 54 45 20 18 41
11 54 21 20 55 18 3
48 18 43 29 32 54 17
18 16 57 9 58 57 42
3 30 15 22 14 25 18
6 34 46 13 50 25 26
14 31 45 29 32 54 9
6 34 46 61 48 58 18
46 29 39 40 25 16 23
49 1 43 16 14 9 36
56 59 60 31 32 14 53
0 40 61 19 34 52 10
34 37 17 6 34 46 29
51 1 11 53 30 58 55
41 40 54 13 50 25 30
60 12 15 50 30 42 32
25 22 12 49 1 43 37
45 20 18 32 56 28 37
12 38 8 53 30 58 50
48 18 43 4 13 60 17
60 12 15 34 37 17 25
3 30 15 58 37 49 34
12 38 8 42 37 61 53
21 19 34 37 36 0 38
2 3 32 25 22 12 27
60 12 15 39 59 11 47
58 37 49 24 43 51 6
43 42 43 30 3 17 46
20 55 18 27 52 30 12
52 56 6 55 29 10 27
8 24 50 5 14 1 50
11 54 21 22 14 25 40
41 40 54 46 29 39 18
29 32 54 55 29 10 44
56 59 60 45 20 18 57
18 16 57 46 29 39 22
26 53 1 51 1 11 52
46 29 39 54 43 10 32
49 1 43 20 55 18 59
28 56 44 39 59 11 33
26 53 1 45 20 18 37
3 30 15 26 53 1 26
57 6 48 22 14 25 24
13 50 25 53 30 58 38
15 14 45 58 37 49 23
21 19 34 13 50 25 32
38 15 2 10 59 17 46
59 45 1 28 56 44 44
9 58 57 39 59 11 46
15 14 45 26 53 1 58
49 1 43 18 16 57 20
50 30 42 10 59 17 38
25 22 12 46 29 39 27
8 24 50 16 14 9 42
37 36 0 3 30 15 16
28 56 44 5 14 1 60
49 1 43 52 56 6 66
25 22 12 11 54 21 33
49 1 43 47 44 37 43
6 34 46 52 56 6 45
33 59 46 43 42 43 17
50 30 42 27 52 30 25
2 3 32 7 26 17 27
4 13 60 52 56 6 69
55 29 10 36 20 27 19
20 55 18 58 37 49 35
58 37 49 59 45 1 48
37 36 0 40 25 16 19
30 3 17 56 59 60 70
46 29 39 59 45 1 41
9 58 57 48 18 43 42
18 16 57 0 40 61 24
24 43 51 39 59 11 43
61 48 58 0 40 61 8
52 56 6 21 19 34 46
30 3 17 7 26 17 23
18 16 57 25 22 12 45
21 19 34 17 52 52 37
46 29 39 60 12 15 29
48 18 43 27 52 30 36
53 30 58 57 6 48 26
20 55 18 37 36 0 26
60 12 15 58 37 49 42
4 13 60 47 44 37 38
40 25 16 13 50 25 26
44 28 25 4 13 60 38
9 58 57 12 38 8 52
39 59 11 7 26 17 33
48 18 43 53 30 58 19
5 14 1 55 29 10 17
38 15 2 6 34 46 47
56 59 60 57 6 48 54
1 50 8 22 14 25 39
9 58 57 49 1 43 58
10 59 17 44 28 25 32
34 37 17 9 58 57 45
58 37 49 47 44 37 13
28 56 44 44 28 25 33
35 57 39 19 34 52 26
15 14 45 8 24 50 11
13 50 25 29 32 54 34
14 31 45 10 59 17 39
50 30 42 56 59 60 34
1 50 8 58 37 49 43
2 3 32 1 50 8 52
6 34 46 5 14 1 49
61 48 58 39 59 11 48
55 29 10 15 14 45 38
36 20 27 47 44 37 26
32 56 28 46 29 39 29
39 59 11 52 56 6 5
36 20 27 6 34 46 23
32 56 28 25 22 12 37
8 24 50 2 3 32 27
52 56 6 35 57 39 33
41 40 54 48 18 43 24
46 29 39 27 52 30 24
38 15 2 25 22 12 12
34 37 17 23 52 14 15
26 53 1 22 14 25 45
11 54 21 4 13 60 56
41 40 54 15 14 45 27
44 28 25 39 59 11 34
36 20 27 49 1 43 24
47 44 37 0 40 61 24
49 1 43 23 52 14 58
12 38 8 0 40 61 53
53 30 58 38 15 2 57
23 52 14 19 34 52 42
22 14 25 5 14 1 24
14 31 45 56 59 60 31
11 54 21 8 24 50 41
34 37 17 40 25 16 12
32 56 28 10 59 17 11
9 58 57 0 40 61 18
39 59 11 17 52 52 41
20 55 18 7 26 17 29
61 48 58 44 28 25 38
11 54 21 10 59 17 6
32 56 28 16 14 9 46
23 52 14 3 30 15 22
52 56 6 41 40 54 50
56 59 60 26 53 1 59
61 48 58 11 54 21 37
39 59 11 22 14 25 47
58 37 49 0 40 61 12
23 52 14 58 37 49 38
39 59 11 51 1 11 58
56 59 60 2 3 32 62
8 24 50 30 3 17 39
8 24 50 22 14 25 26
11 54 21 38 15 2 43
49 1 43 1 50 8 60
35 57 39 53 30 58 33
24 43 51 54 43 10 41
19 34 52 48 18 43 18
9 58 57 33 59 46 11
38 15 2 23 52 14 38
1 50 8 4 13 60 63
7 26 17 61 48 58 46
51 1 11 46 29 39 39
9 58 57 41 40 54 18
6 34 46 20 55 18 35
34 37 17 17 52 52 38
60 12 15 45 20 18 8
32 56 28 1 50 8 20
38 15 2 54 43 10 29
24 43 51 32 56 28 26
25 22 12 20 55 18 33
59 45 1 57 6 48 61
15 14 45 36 20 27 18
57 6 48 36 20 27 25
1 50 8 61 48 58 50
3 30 15 7 26 17 4
22 14 25 23 52 14 39
43 42 43 12 38 8 35
19 34 52 18 16 57 18
43 42 43 15 14 45 28
37 36 0 55 29 10 12
55 29 10 0 40 61 52
16 14 9 25 22 12 8
4 13 60 50 30 42 24
32 56 28 34 37 17 21
14 31 45 45 20 18 29
54 43 10 2 3 32 45
13 50 25 9 58 57 32
17 52 52 57 6 48 46
19 34 52 1 50 8 46
18 16 57 44 28 25 34
5 14 1 14 31 45 47
15 14 45 24 43 51 29
54 43 10 47 44 37 27
60 12 15 0 40 61 53
23 52 14 16 14 9 38
54 43 10 51 1 11 42
37 36 0 42 37 61 61
23 52 14 43 42 43 30
12 38 8 32 56 28 26
25 22 12 43 42 43 36
2 3 32 21 19 34 16
11 54 21 50 30 42 31
39 59 11 21 19 34 46
19 34 52 24 43 51 9
9 58 57 6 34 46 26
25 22 12 39 59 11 37
27 52 30 16 14 9 43
44 28 25 47 44 37 20
9 58 57 37 36 0 61
47 44 37 10 59 17 25
37 36 0 34 37 17 17
47 44 37 31 32 14 25
52 56 6 60 12 15 44
52 56 6 46 29 39 42
53 30 58 43 42 43 19
43 42 43 32 56 28 20
55 29 10 39 59 11 30
5 14 1 27 52 30 47
47 44 37 2 3 32 41
2 3 32 11 54 21 52
39 59 11 3 30 15 29
28 56 44 41 40 54 18
2 3 32 20 55 18 53
6 34 46 53 30 58 12
56 59 60 28 56 44 16
45 20 18 49 1 43 31
34 37 17 20 55 18 18
28 56 44 21 19 34 38
36 20 27 41 40 54 33
31 32 14 19 34 52 38
52 56 6 54 43 10 13
35 57 39 12 38 8 36
24 43 51 8 24 50 19
44 28 25 41 40 54 31
36 20 27 16 14 9 18
5 14 1 21 19 34 33
22 14 25 2 3 32 13
17 52 52 59 45 1 51
2 3 32 57 6 48 16
8 24 50 36 20 27 23
38 15 2 28 56 44 58
24 43 51 49 1 43 42
42 37 61 16 14 9 56
41 40 54 4 13 60 27
37 36 0 31 32 14 14
59 45 1 9 58 57 57
23 52 14 24 43 51 38
15 14 45 47 44 37 31
27 52 30 40 25 16 30
2 3 32 40 25 16 27
27 52 30 9 58 57 27
41 40 54 47 44 37 17
34 37 17 55 29 10 10
44 28 25 23 52 14 26
14 31 45 35 57 39 26
24 43 51 13 50 25 26
57 6 48 44 28 25 31
11 54 21 58 37 49 32
61 48 58 26 53 1 57
6 34 46 17 52 52 18
17 52 52 32 56 28 24
29 32 54 47 44 37 20
32 56 28 31 32 14 27
54 43 10 18 16 57 54
37 36 0 33 59 46 51
3 30 15 46 29 39 24
48 18 43 38 15 2 41
26 53 1 11 54 21 20
18 16 57 47 44 37 34
47 44 37 1 50 8 29
16 14 9 20 55 18 41
51 1 11 37 36 0 36
29 32 54 5 14 1 55
56 59 60 52 56 6 54
42 37 61 11 54 21 43
5 14 1 52 56 6 42
51 1 11 32 56 28 57
4 13 60 53 30 58 17
1 50 8 28 56 44 36
7 26 17 50 30 42 25
26 53 1 41 40 54 54
15 14 45 23 52 14 49
56 59 60 44 28 25 46
29 32 54 9 58 57 26
10 59 17 58 37 49 38
51 1 11 59 45 1 45
56 59 60 41 40 54 19
54 43 10 56 59 60 52
57 6 48 14 31 45 25
32 56 28 5 14 1 49
55 29 10 3 30 15 5
22 14 25 30 3 17 13
27 52 30 37 36 0 34
7 26 17 10 59 17 33
58 37 49 33 59 46 22
1 50 8 50 30 42 39
25 22 12 56 59 60 60
32 56 28 7 26 17 31
34 37 17 12 38 8 9
43 42 43 17 52 52 13
37 36 0 18 16 57 60
44 28 25 58 37 49 25
6 34 46 25 22 12 36
52 56 6 1 50 8 6
22 14 25 42 37 61 42
6 34 46 49 1 43 33
34 37 17 31 32 14 5
51 1 11 52 56 6 55
51 1 11 17 52 52 65
53 30 58 50 30 42 16
11 54 21 33 59 46 25
32 56 28 52 56 6 22
7 26 17 8 24 50 33
25 22 12 44 28 25 14
39 59 11 29 32 54 50
39 59 11 56 59 60 49
44 28 25 12 38 8 19
21 19 34 33 59 46 41
50 30 42 3 30 15 27
31 32 14 18 16 57 45
13 50 25 17 52 52 27
24 43 51 4 13 60 31
20 55 18 32 56 28 10
1 50 8 29 32 54 49
60 12 15 26 53 1 43
23 52 14 39 59 11 7
54 43 10 29 32 54 45
8 24 50 32 56 28 38
31 32 14 22 14 25 21
58 37 49 2 3 32 38
53 30 58 7 26 17 41
30 3 17 3 30 15 27
37 36 0 25 22 12 18
42 37 61 51 1 11 61
37 36 0 59 45 1 9
46 29 39 10 59 17 37
19 34 52 44 28 25 27
60 12 15 1 50 8 38
57 6 48 8 24 50 18
40 25 16 17 52 52 45
58 37 49 14 31 45 7
50 30 42 16 14 9 36
13 50 25 4 13 60 50
17 52 52 54 43 10 42
43 42 43 7 26 17 30
60 12 15 24 43 51 47
39 59 11 14 31 45 44
13 50 25 48 18 43 36
10 59 17 29 32 54 45
7 26 17 31 32 14 6
36 20 27 46 29 39 15
20 55 18 36 20 27 36
32 56 28 27 52 30 4
30 3 17 45 20 18 17
59 45 1 11 54 21 21
39 59 11 16 14 9 45
60 12 15 56 59 60 65
37 36 0 61 48 58 59
31 32 14 59 45 1 18
14 31 45 26 53 1 49
21 19 34 46 29 39 11
52 56 6 27 52 30 24
61 48 58 45 20 18 48
15 14 45 10 59 17 53
4 13 60 9 58 57 45
16 14 9 60 12 15 6
13 50 25 7 26 17 25
45 20 18 48 18 43 25
7 26 17 59 45 1 24
19 34 52 60 12 15 43
59 45 1 29 32 54 54
23 52 14 42 37 61 49
48 18 43 36 20 27 16
8 24 50 9 58 57 34
45 20 18 28 56 44 44
17 52 52 37 36 0 54
6 34 46 45 20 18 31
56 59 60 24 43 51 18
25 22 12 48 18 43 31
20 55 18 52 56 6 12
35 57 39 29 32 54 29
44 28 25 17 52 52 36
24 43 51 51 1 11 58
35 57 39 28 56 44 5
37 36 0 23 52 14 21
57 6 48 29 32 54 26
18 16 57 2 3 32 28
21 19 34 30 3 17 23
1 50 8 57 6 48 59
61 48 58 58 37 49 14
10 59 17 36 20 27 40
56 59 60 0 40 61 19
26 53 1 58 37 49 50
53 30 58 56 59 60 29
21 19 34 15 14 45 12
18 16 57 27 52 30 45
44 28 25 5 14 1 27
53 30 58 0 40 61 10
31 32 14 5 14 1 22
44 28 25 20 55 18 27
31 32 14 3 30 15 2
48 18 43 0 40 61 28
10 59 17 41 40 54 41
58 37 49 43 42 43 7
34 37 17 42 37 61 44
22 14 25 10 59 17 45
11 54 21 21 19 34 37
15 14 45 57 6 48 8
38 15 2 42 37 61 62
33 59 46 26 53 1 45
61 48 58 16 14 9 59
51 1 11 49 1 43 32
17 52 52 28 56 44 8
33 59 46 7 26 17 43
35 57 39 32 56 28 11
36 20 27 13 50 25 30
20 55 18 9 58 57 39
33 59 46 39 59 11 35
17 52 52 4 13 60 39
35 57 39 11 54 21 18
23 52 14 50 30 42 35
59 45 1 42 37 61 60
23 52 14 56 59 60 46
20 55 18 30 3 17 52
36 20 27 21 19 34 7
10 59 17 51 1 11 58
30 3 17 39 59 11 56
46 29 39 44 28 25 14
54 43 10 19 34 52 42
40 25 16 35 57 39 39
55 29 10 50 30 42 32
36 20 27 32 56 28 36
60 12 15 14 31 45 35
28 56 44 60 12 15 52
33 59 46 10 59 17 29
57 6 48 7 26 17 36
40 25 16 52 56 6 32
21 19 34 29 32 54 23
40 25 16 31 32 14 7
7 26 17 54 43 10 18
19 34 52 42 37 61 9
8 24 50 29 32 54 8
61 48 58 38 15 2 65
31 32 14 0 40 61 47
51 1 11 47 44 37 50
41 40 54 8 24 50 16
19 34 52 55 29 10 42
9 58 57 26 53 1 56
51 1 11 13 50 25 50
54 43 10 12 38 8 5
10 59 17 16 14 9 45
7 26 17 21 19 34 18
38 15 2 12 38 8 23
36 20 27 50 30 42 18
38 15 2 21 19 34 32
15 14 45 31 32 14 35
46 29 39 11 54 21 30
38 15 2 46 29 39 39
18 16 57 12 38 8 53
60 12 15 51 1 11 11
26 53 1 0 40 61 61
6 34 46 55 29 10 36
35 57 39 0 40 61 27
46 29 39 58 37 49 12
38 15 2 47 44 37 45
28 56 44 32 56 28 16
1 50 8 54 43 10 7
9 58 57 5 14 1 71
33 59 46 15 14 45 45
44 28 25 8 24 50 25
1 50 8 59 45 1 8
27 52 30 59 45 1 29
33 59 46 53 30 58 31
29 32 54 40 25 16 38
24 43 51 48 18 43 26
47 44 37 52 56 6 33
29 32 54 3 30 15 39
58 37 49 55 29 10 39
30 3 17 24 43 51 52
37 36 0 19 34 52 52
51 1 11 5 14 1 16
55 29 10 59 45 1 18
48 18 43 49 1 43 17
2 3 32 3 30 15 31
39 59 11 18 16 57 62
22 14 25 46 29 39 20
17 52 52 58 37 49 15
29 32 54 0 40 61 10
4 13 60 36 20 27 33
22 14 25 29 32 54 34
24 43 51 16 14 9 51
49 1 43 60 12 15 30
28 56 44 19 34 52 23
13 50 25 47 44 37 13
14 31 45 53 30 58 13
7 26 17 17 52 52 43
58 37 49 31 32 14 35
59 45 1 16 14 9 32
20 55 18 51 1 11 54
61 48 58 35 57 39 21
35 57 39 43 42 43 15
57 6 48 31 32 14 42
14 31 45 42 37 61 17
41 40 54 55 29 10 45
21 19 34 31 32 14 23
39 59 11 5 14 1 46
23 52 14 55 29 10 23
6 34 46 1 50 8 41
57 6 48 9 58 57 52
9 58 57 24 43 51 16
0 40 61 39 59 11 53
7 26 17 28 56 44 40
49 1 43 56 59 60 60
50 30 42 47 44 37 14
13 50 25 19 34 52 31
26 53 1 28 56 44 43
49 1 43 28 56 44 55
17 52 52 11 54 21 31
59 45 1 43 42 43 42
51 1 11 16 14 9 13
47 44 37 25 22 12 33
4 13 60 51 1 11 50
23 52 14 60 12 15 40
28 56 44 2 3 32 54
49 1 43 34 37 17 44
61 48 58 29 32 54 16
44 28 25 0 40 61 37
34 37 17 5 14 1 28
15 14 45 37 36 0 50
28 56 44 43 42 43 14
37 36 0 2 3 32 45
14 31 45 2 3 32 30
43 42 43 48 18 43 24
46 29 39 20 55 18 33
46 29 39 33 59 46 30
15 14 45 14 31 45 17
40 25 16 58 37 49 35
6 34 46 46 29 39 8
23 52 14 0 40 61 48
15 14 45 46 29 39 16
23 52 14 45 20 18 32
23 52 14 11 54 21 7
10 59 17 12 38 8 22
20 55 18 26 53 1 17
34 37 17 28 56 44 33
33 59 46 2 3 32 57
34 37 17 3 30 15 7
57 6 48 48 18 43 13
41 40 54 24 43 51 4
51 1 11 43 42 43 52
36 20 27 25 22 12 15
8 24 50 27 52 30 34
45 20 18 36 20 27 9
2 3 32 19 34 52 36
21 19 34 35 57 39 38
35 57 39 20 55 18 21
2 3 32 41 40 54 43
25 22 12 52 56 6 34
18 16 57 59 45 1 63
19 34 52 16 14 9 47
33 59 46 38 15 2 62
19 34 52 51 1 11 52
57 6 48 24 43 51 37
18 16 57 57 6 48 13
38 15 2 13 50 25 41
15 14 45 52 56 6 57
0 40 61 38 15 2 64
35 57 39 13 50 25 15
27 52 30 28 56 44 14
30 3 17 33 59 46 63
7 26 17 27 52 30 29
30 3 17 44 28 25 26
41 40 54 43 42 43 11
36 20 27 40 25 16 12
43 42 43 24 43 51 8
16 14 9 1 50 8 36
0 40 61 28 56 44 23
34 37 17 61 48 58 42
19 34 52 25 22 12 41
42 37 61 27 52 30 34
15 14 45 3 30 15 34
14 31 45 59 45 1 46
36 20 27 19 34 52 28
34 37 17 53 30 58 41
34 37 17 2 3 32 37
58 37 49 6 34 46 4
58 37 49 45 20 18 35
7 26 17 40 25 16 1
60 12 15 48 18 43 28
47 44 37 45 20 18 30
57 6 48 28 56 44 50
26 53 1 52 56 6 5
18 16 57 28 56 44 42
33 59 46 6 34 46 25
21 19 34 3 30 15 21
7 26 17 34 37 17 11
42 37 61 24 43 51 11
19 34 52 58 37 49 4
61 48 58 18 16 57 32
45 20 18 3 30 15 10
50 30 42 57 6 48 24
32 56 28 42 37 61 38
10 59 17 59 45 1 21
9 58 57 55 29 10 55
13 50 25 15 14 45 41
1 50 8 21 19 34 40
51 1 11 55 29 10 28
4 13 60 0 40 61 27
8 24 50 19 34 52 10
33 59 46 35 57 39 7
36 20 27 12 38 8 26
53 30 58 11 54 21 44
16 14 9 40 25 16 13
9 58 57 43 42 43 21
18 16 57 22 14 25 32
11 54 21 37 36 0 27
36 20 27 24 43 51 33
27 52 30 29 32 54 31
42 37 61 1 50 8 54
9 58 57 50 30 42 31
8 24 50 56 59 60 36
45 20 18 8 24 50 32
16 14 9 58 37 49 46
18 16 57 15 14 45 12
4 13 60 6 34 46 25
37 36 0 56 59 60 64
5 14 1 40 25 16 18
22 14 25 12 38 8 29
18 16 57 32 56 28 49
52 56 6 17 52 52 46
28 56 44 37 36 0 48
1 50 8 20 55 18 11
27 52 30 47 44 37 10
61 48 58 22 14 25 47
59 45 1 34 37 17 17
52 56 6 2 3 32 59
54 43 10 55 29 10 14
14 31 45 55 29 10 35
26 53 1 57 6 48 66
8 24 50 61 48 58 25
41 40 54 51 1 11 58
35 57 39 50 30 42 27
40 25 16 11 54 21 29
7 26 17 15 14 45 30
58 37 49 5 14 1 53
40 25 16 24 43 51 39
28 56 44 16 14 9 54
3 30 15 54 43 10 13
20 55 18 47 44 37 21
56 59 60 46 29 39 36
37 36 0 14 31 45 45
59 45 1 41 40 54 53
3 30 15 12 38 8 10
34 37 17 51 1 11 36
23 52 14 30 3 17 49
15 14 45 42 37 61 28
3 30 15 43 42 43 30
21 19 34 8 24 50 16
14 31 45 22 14 25 26
32 56 28 26 53 1 27
50 30 42 49 1 43 29
19 34 52 10 59 17 43
6 34 46 35 57 39 24
0 40 61 37 36 0 61
1 50 8 43 42 43 35
43 42 43 13 50 25 19
33 59 46 29 32 54 28
27 52 30 58 37 49 24
13 50 25 61 48 58 33
19 34 52 3 30 15 37
19 34 52 26 53 1 54
58 37 49 49 1 43 36
9 58 57 61 48 58 10
7 26 17 48 18 43 27
5 14 1 17 52 52 63
59 45 1 20 55 18 19
14 31 45 7 26 17 28
11 54 21 51 1 11 53
6 34 46 44 28 25 21
22 14 25 34 37 17 24
40 25 16 59 45 1 25
60 12 15 17 52 52 54
29 32 54 45 20 18 37
31 32 14 17 52 52 42
5 14 1 20 55 18 44
27 52 30 11 54 21 9
45 20 18 11 54 21 34
22 14 25 47 44 37 32
21 19 34 25 22 12 22
57 6 48 52 56 6 65
41 40 54 61 48 58 8
18 16 57 5 14 1 56
60 12 15 6 34 46 38
35 57 39 27 52 30 10
49 1 43 4 13 60 20
5 14 1 45 20 18 18
53 30 58 18 16 57 14
43 42 43 21 19 34 24
39 59 11 42 37 61 54
27 52 30 23 52 14 16
11 54 21 47 44 37 18
60 12 15 36 20 27 14
40 25 16 28 56 44 41
22 14 25 27 52 30 38
39 59 11 54 43 10 16
29 32 54 31 32 14 40
17 52 52 23 52 14 38
44 28 25 24 43 51 30
22 14 25 35 57 39 45
56 59 60 35 57 39 21
3 30 15 20 55 18 25
14 31 45 52 56 6 46
18 16 57 7 26 17 41
9 58 57 17 52 52 7
14 31 45 41 40 54 12
10 59 17 17 52 52 35
21 19 34 23 52 14 38
35 57 39 26 53 1 38
56 59 60 33 59 46 14
42 37 61 28 56 44 25
37 36 0 7 26 17 19
40 25 16 32 56 28 33
48 18 43 20 55 18 44
53 30 58 37 36 0 58
12 38 8 57 6 48 51
13 50 25 46 29 39 25
24 43 51 22 14 25 38
2 3 32 4 13 60 29
38 15 2 27 52 30 46
0 40 61 2 3 32 47
13 50 25 8 24 50 36
10 59 17 13 50 25 12
39 59 11 38 15 2 44
59 45 1 24 43 51 50
17 52 52 1 50 8 44
44 28 25 51 1 11 30
32 56 28 50 30 42 29
56 59 60 12 38 8 56
49 1 43 19 34 52 34
40 25 16 20 55 18 30
49 1 43 17 52 52 51
8 24 50 28 56 44 32
20 55 18 4 13 60 59
53 30 58 47 44 37 25
31 32 14 35 57 39 35
4 13 60 43 42 43 33
35 57 39 39 59 11 28
31 32 14 11 54 21 23
14 31 45 31 32 14 31
19 34 52 22 14 25 33
53 30 58 28 56 44 29
14 31 45 18 16 57 19
53 30 58 59 45 1 58
12 38 8 26 53 1 16
41 40 54 0 40 61 7
29 32 54 46 29 39 15
45 20 18 1 50 8 31
54 43 10 32 56 28 22
12 38 8 27 52 30 26
61 48 58 51 1 11 66
32 56 28 19 34 52 32
1 50 8 39 59 11 9
41 40 54 12 38 8 46
59 45 1 6 34 46 46
14 31 45 16 14 9 39
6 34 46 54 43 10 37
54 43 10 5 14 1 30
16 14 9 54 43 10 29
9 58 57 35 57 39 18
49 1 43 44 28 25 32
7 26 17 22 14 25 14
26 53 1 50 30 42 47
27 52 30 39 59 11 20
2 3 32 45 20 18 22
15 14 45 56 59 60 47
58 37 49 51 1 11 52
36 20 27 59 45 1 36
22 14 25 20 55 18 41
29 32 54 37 36 0 54
8 24 50 48 18 43 9
38 15 2 57 6 48 46
38 15 2 50 30 42 42
16 14 9 26 53 1 39
21 19 34 56 59 60 47
1 50 8 3 30 15 21
44 28 25 2 3 32 25
7 26 17 58 37 49 33
21 19 34 10 59 17 43
40 25 16 9 58 57 52
13 50 25 59 45 1 24
49 1 43 57 6 48 7
18 16 57 58 37 49 22
40 25 16 8 24 50 34
53 30 58 21 19 34 26
18 16 57 26 53 1 67
14 31 45 32 56 28 30
33 59 46 8 24 50 35
33 59 46 25 22 12 50
13 50 25 52 56 6 19
27 52 30 25 22 12 34
51 1 11 3 30 15 29
57 6 48 6 34 46 28
11 54 21 48 18 43 42
40 25 16 49 1 43 36
31 32 14 61 48 58 46
22 14 25 9 58 57 54
15 14 45 19 34 52 21
3 30 15 4 13 60 48
49 1 43 5 14 1 43
16 14 9 48 18 43 34
2 3 32 59 45 1 52
27 52 30 1 50 8 22
27 52 30 60 12 15 42
36 20 27 61 48 58 41
59 45 1 33 59 46 47
14 31 45 1 50 8 41
40 25 16 45 20 18 5
11 54 21 41 40 54 35
58 37 49 25 22 12 39
17 52 52 42 37 61 17
17 52 52 46 29 39 26
57 6 48 40 25 16 37
38 15 2 17 52 52 62
38 15 2 5 14 1 1
41 40 54 37 36 0 54
41 40 54 50 30 42 15
30 3 17 29 32 54 47
33 59 46 16 14 9 58
52 56 6 44 28 25 33
36 20 27 58 37 49 27
36 20 27 31 32 14 17
18 16 57 48 18 43 14
35 57 39 38 15 2 55
33 59 46 42 37 61 26
35 57 39 59 45 1 39
60 12 15 44 28 25 18
35 57 39 48 18 43 39
21 19 34 60 12 15 20
34 37 17 57 6 48 43
16 14 9 18 16 57 48
4 13 60 26 53 1 71
40 25 16 1 50 8 26
8 24 50 38 15 2 48
13 50 25 5 14 1 43
35 57 39 18 16 57 44
42 37 61 57 6 48 33
24 43 51 52 56 6 46
42 37 61 26 53 1 62
3 30 15 27 52 30 26
15 14 45 60 12 15 30
51 1 11 48 18 43 36
38 15 2 44 28 25 26
10 59 17 37 36 0 28
5 14 1 61 48 58 66
10 59 17 6 34 46 38
38 15 2 7 26 17 18
25 22 12 60 12 15 10
0 40 61 7 26 17 46
20 55 18 42 37 61 46
53 30 58 5 14 1 59
10 59 17 54 43 10 17
11 54 21 16 14 9 41
56 59 60 6 34 46 28
55 29 10 44 28 25 15
32 56 28 59 45 1 29
2 3 32 36 20 27 17
20 55 18 45 20 18 35
7 26 17 6 34 46 30
0 40 61 30 3 17 57
30 3 17 15 14 45 30
53 30 58 9 58 57 28
12 38 8 28 56 44 40
43 42 43 8 24 50 19
9 58 57 60 12 15 62
43 42 43 46 29 39 13
30 3 17 11 54 21 51
39 59 11 43 42 43 36
37 36 0 57 6 48 56
59 45 1 3 30 15 20
54 43 10 33 59 46 39
33 59 46 57 6 48 53
29 32 54 60 12 15 43
54 43 10 50 30 42 34
0 40 61 15 14 45 30
26 53 1 40 25 16 31
11 54 21 0 40 61 42
27 52 30 61 48 58 28
47 44 37 40 25 16 28
59 45 1 22 14 25 39
5 14 1 26 53 1 39
8 24 50 0 40 61 19
2 3 32 53 30 58 37
29 32 54 28 56 44 26
9 58 57 23 52 14 43
61 48 58 52 56 6 52
53 30 58 20 55 18 47
21 19 34 51 1 11 29
5 14 1 57 6 48 47
37 36 0 12 38 8 8
0 40 61 22 14 25 44
52 56 6 43 42 43 39
35 57 39 4 13 60 48
30 3 17 60 12 15 9
61 48 58 28 56 44 16
1 50 8 48 18 43 47
40 25 16 0 40 61 47
8 24 50 12 38 8 44
57 6 48 32 56 28 53
13 50 25 12 38 8 20
38 15 2 32 56 28 48
34 37 17 33 59 46 36
30 3 17 14 31 45 39
42 37 61 60 12 15 52
23 52 14 53 30 58 49
26 53 1 48 18 43 54
52 56 6 30 3 17 54
5 14 1 15 14 45 44
60 12 15 55 29 10 17
35 57 39 8 24 50 34
12 38 8 21 19 34 32
36 20 27 27 52 30 32
10 59 17 3 30 15 29
33 59 46 40 25 16 45
11 54 21 14 31 45 33
50 30 42 33 59 46 29
26 53 1 1 50 8 7
18 16 57 52 56 6 64
41 40 54 23 52 14 41
1 50 8 56 59 60 52
33 59 46 60 12 15 56
20 55 18 61 48 58 40
47 44 37 23 52 14 24
7 26 17 49 1 43 36
43 42 43 26 53 1 43
42 37 61 31 32 14 47
15 14 45 29 32 54 20
27 52 30 31 32 14 25
13 50 25 25 22 12 30
17 52 52 41 40 54 12
28 56 44 50 30 42 26
25 22 12 30 3 17 19
14 31 45 47 44 37 15
41 40 54 38 15 2 57
50 30 42 31 32 14 28
59 45 1 26 53 1 8
49 1 43 26 53 1 66
25 22 12 3 30 15 8
53 30 58 55 29 10 48
56 59 60 10 59 17 43
9 58 57 38 15 2 69
32 56 28 30 3 17 54
35 57 39 42 37 61 29
56 59 60 51 1 11 75
50 30 42 34 37 17 25
41 40 54 16 14 9 51
10 59 17 45 20 18 39
23 52 14 46 29 39 33
4 13 60 54 43 10 58
8 24 50 6 34 46 10
52 56 6 38 15 2 41
13 50 25 39 59 11 16
15 14 45 50 30 42 16
21 19 34 24 43 51 29
44 28 25 16 14 9 21
13 50 25 45 20 18 30
46 29 39 50 30 42 3
53 30 58 44 28 25 33
49 1 43 8 24 50 24
39 59 11 50 30 42 42
56 59 60 36 20 27 51
46 29 39 37 36 0 39
33 59 46 20 55 18 28
43 42 43 50 30 42 12
49 1 43 15 14 45 13
41 40 54 58 37 49 5
58 37 49 35 57 39 22
13 50 25 26 53 1 24
56 59 60 38 15 2 72
18 16 57 11 54 21 52
4 13 60 57 6 48 13
34 37 17 16 14 9 24
7 26 17 23 52 14 26
32 56 28 61 48 58 31
15 14 45 4 13 60 15
46 29 39 28 56 44 27
9 58 57 32 56 28 29
22 14 25 28 56 44 46
20 55 18 13 50 25 8
10 59 17 35 57 39 22
37 36 0 48 18 43 46
57 6 48 54 43 10 53
60 12 15 40 25 16 13
8 24 50 17 52 52 28
6 34 46 16 14 9 42
12 38 8 48 18 43 40
36 20 27 26 53 1 42
33 59 46 47 44 37 17
54 43 10 61 48 58 48
23 52 14 36 20 27 34
10 59 17 27 52 30 14
44 28 25 15 14 45 24
19 34 52 6 34 46 6
42 37 61 7 26 17 45
26 53 1 38 15 2 38
52 56 6 9 58 57 51
40 25 16 12 38 8 15
4 13 60 31 32 14 49
56 59 60 47 44 37 27
12 38 8 4 13 60 57
2 3 32 55 29 10 34
24 43 51 31 32 14 38
32 56 28 41 40 54 30
22 14 25 54 43 10 32
48 18 43 56 59 60 44
25 22 12 4 13 60 48
16 14 9 37 36 0 23
11 54 21 28 56 44 23
4 13 60 34 37 17 49
14 31 45 51 1 11 45
25 22 12 54 43 10 21
18 16 57 38 15 2 55
25 22 12 23 52 14 30
27 52 30 45 20 18 34
30 3 17 37 36 0 37
36 20 27 30 3 17 19
3 30 15 48 18 43 30
21 19 34 19 34 52 23
10 59 17 57 6 48 61
21 19 34 40 25 16 18
34 37 17 15 14 45 36
7 26 17 11 54 21 28
2 3 32 6 34 46 34
34 37 17 25 22 12 15
30 3 17 54 43 10 40
46 29 39 31 32 14 25
13 50 25 60 12 15 39
37 36 0 47 44 37 37
26 53 1 17 52 52 51
13 50 25 42 37 61 38
47 44 37 3 30 15 26
0 40 61 13 50 25 37
24 43 51 29 32 54 11
46 29 39 55 29 10 29
14 31 45 4 13 60 23
44 28 25 54 43 10 21
2 3 32 30 3 17 15
2 3 32 5 14 1 32
0 40 61 34 37 17 44
23 52 14 51 1 11 51
57 6 48 19 34 52 28
47 44 37 8 24 50 23
3 30 15 57 6 48 40
14 31 45 27 52 30 25
48 18 43 46 29 39 11
56 59 60 7 26 17 54
49 1 43 31 32 14 42
1 50 8 38 15 2 35
55 29 10 35 57 39 40
39 59 11 46 29 39 41
6 34 46 51 1 11 48
60 12 15 3 30 15 18
25 22 12 9 58 57 57
6 34 46 12 38 8 38
30 3 17 5 14 1 19
48 18 43 34 37 17 32
10 59 17 23 52 14 7
13 50 25 22 14 25 36
30 3 17 19 34 52 46
1 50 8 46 29 39 37
7 26 17 41 40 54 39
8 24 50 26 53 1 56
15 14 45 17 52 52 38
48 18 43 28 56 44 38
17 52 52 3 30 15 43
4 13 60 40 25 16 45
15 14 45 61 48 58 36
8 24 50 51 1 11 45
22 14 25 55 29 10 21
58 37 49 56 59 60 24
53 30 58 60 12 15 46
60 12 15 57 6 48 33
19 34 52 61 48 58 15
33 59 46 14 31 45 28
50 30 42 22 14 25 23
24 43 51 34 37 17 34
30 3 17 35 57 39 58
28 56 44 54 43 10 36
47 44 37 24 43 51 14
9 58 57 31 32 14 50
60 12 15 38 15 2 13
33 59 46 51 1 11 67
20 55 18 17 52 52 34
29 32 54 42 37 61 8
50 30 42 25 22 12 31
45 20 18 0 40 61 47