50 1225
40 33 25 23 11 15 24
11 49 29 44 43 42 14
10 46 33 19 5 15 44
19 5 15 40 33 25 29
4 39 6 25 29 3 10
29 15 41 37 26 49 13
39 49 3 47 24 25 33
36 9 42 20 24 44 15
5 30 49 46 44 17 34
4 39 6 10 46 33 27
44 43 42 33 49 29 14
35 26 10 26 22 36 26
35 26 10 15 45 32 29
24 14 26 42 10 3 23
5 30 49 33 49 29 27
43 46 23 35 26 10 23
33 49 29 38 25 15 27
21 25 6 27 33 21 17
9 2 11 33 49 29 50
24 14 26 29 15 41 15
26 22 36 13 42 19 26
11 49 29 33 49 29 0
5 30 49 35 26 10 39
18 44 4 3 20 6 24
12 8 41 41 8 6 35
30 4 11 41 8 6 6
48 23 33 40 33 25 12
21 25 6 13 42 19 21
44 43 42 19 5 15 46
18 44 4 38 25 15 21
43 46 23 0 8 4 42
11 49 29 45 39 4 26
39 49 3 10 46 33 30
30 4 11 21 25 6 21
45 39 4 13 42 19 15
15 45 32 7 13 23 33
23 11 15 4 39 6 29
3 20 6 1 1 8 19
38 25 15 28 17 32 18
18 44 4 39 49 3 5
46 44 17 12 8 41 43
4 39 6 9 2 11 37
22 11 28 9 2 11 19
10 46 33 21 25 6 34
3 20 6 2 9 1 12
3 20 6 4 39 6 19
36 9 42 33 49 29 42
0 8 4 30 4 11 8
17 45 38 13 42 19 19
6 3 25 36 9 42 18
24 14 26 28 17 32 6
48 23 33 44 43 42 21
0 8 4 4 39 6 31
37 26 49 32 41 42 16
24 14 26 48 23 33 11
13 42 19 23 11 15 31
39 49 3 8 40 30 28
9 2 11 2 9 1 12
27 33 21 25 29 3 18
47 24 25 17 45 38 24
30 4 11 9 2 11 2
45 39 4 3 20 6 19
13 42 19 29 15 41 34
28 17 32 11 49 29 32
35 26 10 22 11 28 23
39 49 3 30 4 11 45
29 15 41 48 23 33 11
43 46 23 25 29 3 26
26 22 36 5 30 49 15
1 1 8 21 25 6 24
20 24 44 8 40 30 21
12 8 41 49 49 17 47
14 12 37 38 25 15 25
46 44 17 28 17 32 30
12 8 41 14 12 37 5
49 49 17 2 9 1 43
12 8 41 43 46 23 42
10 46 33 12 8 41 38
45 39 4 43 46 23 20
29 15 41 4 39 6 42
47 24 25 45 39 4 25
14 12 37 7 13 23 14
43 46 23 23 11 15 35
12 8 41 25 29 3 43
6 3 25 32 41 42 41
24 14 26 5 30 49 28
26 22 36 49 49 17 33
40 33 25 3 20 6 23
38 25 15 30 4 11 21
13 42 19 28 17 32 28
14 12 37 42 10 3 34
37 26 49 34 37 44 12
37 26 49 25 29 3 46
14 12 37 40 33 25 24
18 44 4 22 11 28 40
17 45 38 14 12 37 33
23 11 15 2 9 1 14
12 8 41 2 9 1 40
2 9 1 13 42 19 37
7 13 23 40 33 25 20
1 1 8 27 33 21 34
28 17 32 35 26 10 23
10 46 33 27 33 21 17
42 10 3 1 1 8 10
45 39 4 0 8 4 31
22 11 28 2 9 1 27
19 5 15 11 49 29 46
41 8 6 11 49 29 47
5 30 49 34 37 44 8
18 44 4 47 24 25 29
19 5 15 28 17 32 20
16 37 45 18 44 4 41
6 3 25 45 39 4 41
34 37 44 47 24 25 23
27 33 21 33 49 29 17
9 2 11 15 45 32 47
20 24 44 28 17 32 13
36 9 42 15 45 32 37
15 45 32 29 15 41 31
1 1 8 24 14 26 22
25 29 3 19 5 15 26
45 39 4 38 25 15 17
38 25 15 7 13 23 14
15 45 32 6 3 25 42
37 26 49 18 44 4 48
5 30 49 28 17 32 21
19 5 15 18 44 4 40
47 24 25 37 26 49 24
11 49 29 37 26 49 30
14 12 37 11 49 29 37
35 26 10 10 46 33 30
9 2 11 19 5 15 5
1 1 8 12 8 41 33
44 43 42 36 9 42 34
8 40 30 2 9 1 42
9 2 11 47 24 25 26
31 4 32 27 33 21 31
48 23 33 34 37 44 17
22 11 28 5 30 49 28
46 44 17 14 12 37 37
45 39 4 2 9 1 30
35 26 10 44 43 42 36
9 2 11 29 15 41 32
13 42 19 46 44 17 2
14 12 37 34 37 44 25
23 11 15 15 45 32 38
25 29 3 2 9 1 20
23 11 15 31 4 32 18
47 24 25 29 15 41 18
37 26 49 31 4 32 27
9 2 11 38 25 15 23
36 9 42 17 45 38 36
28 17 32 21 25 6 27
23 11 15 17 45 38 41
19 5 15 20 24 44 34
6 3 25 33 49 29 46
25 29 3 45 39 4 10
33 49 29 45 39 4 26
21 25 6 40 33 25 20
24 14 26 49 49 17 36
20 24 44 47 24 25 19
5 30 49 36 9 42 22
4 39 6 26 22 36 34
16 37 45 2 9 1 52
22 11 28 39 49 3 45
38 25 15 22 11 28 19
34 37 44 29 15 41 22
8 40 30 41 8 6 40
23 11 15 11 49 29 40
12 8 41 8 40 30 33
44 43 42 1 1 8 54
27 33 21 44 43 42 23
23 11 15 36 9 42 27
35 26 10 17 45 38 33
28 17 32 23 11 15 18
12 8 41 16 37 45 29
33 49 29 7 13 23 36
0 8 4 9 2 11 9
36 9 42 45 39 4 48
25 29 3 20 24 44 41
5 30 49 32 41 42 13
46 44 17 4 39 6 12
39 49 3 40 33 25 27
22 11 28 0 8 4 24
31 4 32 46 44 17 42
46 44 17 37 26 49 36
28 17 32 44 43 42 27
21 25 6 33 49 29 33
3 20 6 41 8 6 12
20 24 44 45 39 4 42
34 37 44 31 4 32 35
0 8 4 5 30 49 50
34 37 44 13 42 19 25
18 44 4 25 29 3 15
17 45 38 10 46 33 5
14 12 37 47 24 25 16
33 49 29 34 37 44 19
27 33 21 32 41 42 22
36 9 42 11 49 29 42
33 49 29 25 29 3 32
22 11 28 42 10 3 25
47 24 25 24 14 26 10
16 37 45 42 10 3 49
18 44 4 45 39 4 5
24 14 26 4 39 6 32
46 44 17 1 1 8 43
43 46 23 39 49 3 20
17 45 38 6 3 25 43
1 1 8 6 3 25 17
2 9 1 35 26 10 19
28 17 32 10 46 33 29
35 26 10 49 49 17 24
20 24 44 3 20 6 38
19 5 15 29 15 41 27
17 45 38 34 37 44 10
15 45 32 42 10 3 45
33 49 29 39 49 3 26
22 11 28 8 40 30 29
16 37 45 13 42 19 26
31 4 32 24 14 26 11
19 5 15 22 11 28 14
18 44 4 20 24 44 44
2 9 1 41 8 6 5
6 3 25 49 49 17 46
13 42 19 25 29 3 20
38 25 15 0 8 4 20
37 26 49 19 5 15 39
37 26 49 28 17 32 19
28 17 32 40 33 25 17
20 24 44 9 2 11 39
0 8 4 28 17 32 29
32 41 42 25 29 3 40
15 45 32 2 9 1 47
36 9 42 49 49 17 47
2 9 1 44 43 42 53
19 5 15 3 20 6 17
11 49 29 47 24 25 25
48 23 33 7 13 23 14
38 25 15 37 26 49 34
0 8 4 49 49 17 43
49 49 17 31 4 32 47
42 10 3 17 45 38 49
28 17 32 31 4 32 13
8 40 30 30 4 11 40
39 49 3 7 13 23 41
3 20 6 6 3 25 25
29 15 41 32 41 42 26
39 49 3 13 42 19 17
34 37 44 0 8 4 49
45 39 4 30 4 11 35
42 10 3 34 37 44 49
34 37 44 45 39 4 40
16 37 45 28 17 32 23
10 46 33 37 26 49 25
0 8 4 37 26 49 48
35 26 10 36 9 42 36
49 49 17 32 41 42 26
22 11 28 31 4 32 8
26 22 36 10 46 33 24
24 14 26 0 8 4 22
39 49 3 4 39 6 10
14 12 37 29 15 41 5
0 8 4 7 13 23 19
36 9 42 14 12 37 5
47 24 25 23 11 15 16
40 33 25 1 1 8 36
47 24 25 5 30 49 24
16 37 45 46 44 17 28
35 26 10 0 8 4 18
37 26 49 17 45 38 21
18 44 4 33 49 29 25
11 49 29 21 25 6 33
24 14 26 9 2 11 19
40 33 25 5 30 49 24
35 26 10 1 1 8 25
4 39 6 33 49 29 25
6 3 25 28 17 32 15
14 12 37 9 2 11 27
42 10 3 19 5 15 13
44 43 42 21 25 6 40
12 8 41 37 26 49 19
10 46 33 30 4 11 47
19 5 15 23 11 15 6
14 12 37 45 39 4 42
1 1 8 49 49 17 48
30 4 11 13 42 19 38
16 37 45 14 12 37 26
46 44 17 7 13 23 31
27 33 21 38 25 15 10
49 49 17 27 33 21 16
49 49 17 18 44 4 13
11 49 29 34 37 44 19
3 20 6 16 37 45 42
34 37 44 7 13 23 31
32 41 42 41 8 6 48
43 46 23 5 30 49 30
27 33 21 34 37 44 23
21 25 6 25 29 3 5
34 37 44 18 44 4 40
5 30 49 23 11 15 38
32 41 42 3 20 6 41
45 39 4 31 4 32 44
0 8 4 44 43 42 51
2 9 1 48 23 33 34
32 41 42 4 39 6 36
4 39 6 19 5 15 35
13 42 19 35 26 10 18
35 26 10 47 24 25 15
17 45 38 43 46 23 15
2 9 1 19 5 15 14
32 41 42 15 45 32 10
43 46 23 11 49 29 6
26 22 36 29 15 41 8
45 39 4 35 26 10 14
11 49 29 42 10 3 46
31 4 32 39 49 3 53
27 33 21 24 14 26 19
47 24 25 28 17 32 9
27 33 21 36 9 42 31
34 37 44 6 3 25 38
18 44 4 40 33 25 23
36 9 42 3 20 6 37
17 45 38 3 20 6 40
36 9 42 26 22 36 14
41 8 6 29 15 41 35
3 20 6 48 23 33 27
46 44 17 47 24 25 21
43 46 23 21 25 6 27
37 26 49 21 25 6 43
23 11 15 30 4 11 8
48 23 33 43 46 23 25
48 23 33 17 45 38 22
19 5 15 41 8 6 9
42 10 3 48 23 33 32
16 37 45 37 26 49 11
12 8 41 27 33 21 32
41 8 6 24 14 26 20
36 9 42 12 8 41 1
39 49 3 32 41 42 39
15 45 32 49 49 17 15
48 23 33 10 46 33 23
36 9 42 16 37 45 28
28 17 32 22 11 28 7
11 49 29 49 49 17 12
48 23 33 35 26 10 23
31 4 32 10 46 33 42
15 45 32 46 44 17 15
18 44 4 13 42 19 15
2 9 1 5 30 49 52
3 20 6 39 49 3 29
30 4 11 47 24 25 24
19 5 15 12 8 41 26
41 8 6 17 45 38 48
27 33 21 30 4 11 30
17 45 38 7 13 23 35
10 46 33 43 46 23 10
17 45 38 44 43 42 4
3 20 6 7 13 23 18
1 1 8 11 49 29 52
5 30 49 48 23 33 17
6 3 25 7 13 23 10
10 46 33 11 49 29 5
33 49 29 42 10 3 46
48 23 33 16 37 45 18
38 25 15 8 40 30 21
15 45 32 30 4 11 46
16 37 45 21 25 6 40
41 8 6 43 46 23 41
49 49 17 44 43 42 25
19 5 15 32 41 42 45
40 33 25 0 8 4 32
37 26 49 43 46 23 32
26 22 36 18 44 4 38
0 8 4 27 33 21 30
41 8 6 0 8 4 2
29 15 41 49 49 17 41
8 40 30 0 8 4 41
48 23 33 37 26 49 16
32 41 42 38 25 15 31
11 49 29 22 11 28 38
32 41 42 44 43 42 2
3 20 6 35 26 10 7
38 25 15 39 49 3 26
32 41 42 2 9 1 52
43 46 23 46 44 17 6
27 33 21 29 15 41 26
44 43 42 39 49 3 39
2 9 1 17 45 38 51
17 45 38 12 8 41 37
11 49 29 3 20 6 37
15 45 32 10 46 33 1
42 10 3 38 25 15 19
29 15 41 43 46 23 35
13 42 19 11 49 29 12
19 5 15 6 3 25 10
40 33 25 47 24 25 9
10 46 33 1 1 8 51
4 39 6 48 23 33 31
47 24 25 25 29 3 22
21 25 6 17 45 38 37
43 46 23 13 42 19 5
40 33 25 32 41 42 18
49 49 17 30 4 11 45
35 26 10 24 14 26 20
14 12 37 30 4 11 27
31 4 32 42 10 3 29
24 14 26 32 41 42 31
23 11 15 35 26 10 15
3 20 6 22 11 28 23
33 49 29 16 37 45 20
11 49 29 6 3 25 46
20 24 44 34 37 44 13
32 41 42 1 1 8 52
1 1 8 2 9 1 10
6 3 25 16 37 45 39
37 26 49 3 20 6 43
2 9 1 10 46 33 48
25 29 3 7 13 23 25
2 9 1 20 24 44 45
12 8 41 21 25 6 38
26 22 36 40 33 25 15
44 43 42 26 22 36 21
41 8 6 35 26 10 18
17 45 38 1 1 8 53
1 1 8 28 17 32 28
29 15 41 20 24 44 9
3 20 6 15 45 32 36
0 8 4 46 44 17 38
23 11 15 9 2 11 9
49 49 17 4 39 6 14
21 25 6 8 40 30 28
33 49 29 24 14 26 35
12 8 41 5 30 49 23
14 12 37 24 14 26 11
47 24 25 38 25 15 10
31 4 32 2 9 1 31
41 8 6 48 23 33 30
6 3 25 12 8 41 16
48 23 33 6 3 25 21
45 39 4 15 45 32 28
11 49 29 32 41 42 15
11 49 29 0 8 4 48
16 37 45 27 33 21 24
30 4 11 6 3 25 14
36 9 42 28 17 32 12
46 44 17 17 45 38 21
15 45 32 22 11 28 34
48 23 33 15 45 32 22
31 4 32 14 12 37 9
10 46 33 3 20 6 37
33 49 29 13 42 19 12
41 8 6 46 44 17 37
47 24 25 19 5 15 21
25 29 3 16 37 45 42
2 9 1 40 33 25 33
22 11 28 10 46 33 35
29 15 41 0 8 4 37
39 49 3 42 10 3 39
39 49 3 24 14 26 41
20 24 44 44 43 42 19
14 12 37 35 26 10 30
20 24 44 17 45 38 21
15 45 32 37 26 49 25
18 44 4 11 49 29 25
17 45 38 19 5 15 46
24 14 26 44 43 42 33
14 12 37 23 11 15 22
39 49 3 14 12 37 50
39 49 3 11 49 29 26
15 45 32 16 37 45 15
23 11 15 22 11 28 13
19 5 15 7 13 23 11
37 26 49 41 8 6 46
26 22 36 19 5 15 27
21 25 6 3 20 6 5
11 49 29 25 29 3 32
19 5 15 14 12 37 23
39 49 3 12 8 41 55
41 8 6 23 11 15 9
16 37 45 5 30 49 8
33 49 29 8 40 30 9
26 22 36 37 26 49 13
7 13 23 35 26 10 18
0 8 4 17 45 38 50
3 20 6 23 11 15 12
18 44 4 48 23 33 35
34 37 44 38 25 15 31
40 33 25 10 46 33 15
36 9 42 7 13 23 19
20 24 44 39 49 3 48
4 39 6 38 25 15 16
23 11 15 32 41 42 40
21 25 6 26 22 36 30
5 30 49 13 42 19 32
21 25 6 42 10 3 15
8 40 30 10 46 33 6
23 11 15 45 39 4 30
17 45 38 49 49 17 21
34 37 44 8 40 30 14
24 14 26 36 9 42 16
46 44 17 26 22 36 29
35 26 10 34 37 44 35
14 12 37 0 8 4 33
41 8 6 40 33 25 31
34 37 44 10 46 33 14
10 46 33 20 24 44 24
32 41 42 46 44 17 25
2 9 1 30 4 11 11
43 46 23 44 43 42 19
29 15 41 3 20 6 35
24 14 26 46 44 17 31
40 33 25 24 14 26 19
9 2 11 37 26 49 44
11 49 29 48 23 33 26
14 12 37 49 49 17 42
34 37 44 36 9 42 28
6 3 25 42 10 3 23
45 39 4 1 1 8 38
23 11 15 1 1 8 12
16 37 45 19 5 15 43
26 22 36 25 29 3 33
33 49 29 14 12 37 37
5 30 49 45 39 4 45
30 4 11 24 14 26 18
29 15 41 39 49 3 50
30 4 11 37 26 49 43
19 5 15 15 45 32 43
4 39 6 8 40 30 24
20 24 44 40 33 25 21
11 49 29 2 9 1 48
19 5 15 33 49 29 46
15 45 32 17 45 38 6
23 11 15 44 43 42 41
11 49 29 29 15 41 36
37 26 49 4 39 6 44
6 3 25 27 33 21 30
25 29 3 30 4 11 26
0 8 4 39 49 3 41
35 26 10 16 37 45 36
40 33 25 29 15 41 24
35 26 10 33 49 29 29
26 22 36 11 49 29 27
23 11 15 29 15 41 26
43 46 23 32 41 42 19
30 4 11 3 20 6 16
3 20 6 43 46 23 31
36 9 42 4 39 6 46
12 8 41 28 17 32 12
16 37 45 20 24 44 13
1 1 8 47 24 25 28
28 17 32 30 4 11 24
13 42 19 0 8 4 37
44 43 42 6 3 25 43
26 22 36 2 9 1 37
40 33 25 8 40 30 8
6 3 25 37 26 49 33
37 26 49 42 10 3 48
26 22 36 14 12 37 10
4 39 6 31 4 32 43
45 39 4 22 11 28 36
35 26 10 39 49 3 24
37 26 49 44 43 42 18
21 25 6 29 15 41 36
9 2 11 41 8 6 7
34 37 44 39 49 3 42
19 5 15 48 23 33 25
16 37 45 0 8 4 50
18 44 4 0 8 4 36
39 49 3 19 5 15 45
7 13 23 13 42 19 29
15 45 32 43 46 23 9
38 25 15 40 33 25 12
31 4 32 43 46 23 42
41 8 6 22 11 28 22
14 12 37 22 11 28 9
15 45 32 0 8 4 46
46 44 17 44 43 42 25
45 39 4 39 49 3 10
38 25 15 46 44 17 19
0 8 4 26 22 36 34
32 41 42 31 4 32 38
4 39 6 13 42 19 13
1 1 8 36 9 42 34
24 14 26 21 25 6 22
3 20 6 38 25 15 10
5 30 49 41 8 6 48
49 49 17 10 46 33 16
27 33 21 28 17 32 19
31 4 32 20 24 44 23
7 13 23 30 4 11 15
31 4 32 13 42 19 40
44 43 42 12 8 41 35
27 33 21 20 24 44 24
28 17 32 18 44 4 38
38 25 15 21 25 6 9
14 12 37 1 1 8 31
34 37 44 15 45 32 14
35 26 10 32 41 42 35
14 12 37 32 41 42 29
36 9 42 21 25 6 39
49 49 17 7 13 23 36
34 37 44 32 41 42 4
16 37 45 4 39 6 39
20 24 44 7 13 23 23
30 4 11 19 5 15 4
20 24 44 23 11 15 31
36 9 42 47 24 25 22
49 49 17 21 25 6 26
7 13 23 22 11 28 5
49 49 17 25 29 3 24
9 2 11 31 4 32 21
26 22 36 31 4 32 18
31 4 32 11 49 29 45
10 46 33 24 14 26 32
15 45 32 14 12 37 33
32 41 42 20 24 44 17
16 37 45 41 8 6 48
48 23 33 27 33 21 15
28 17 32 25 29 3 31
26 22 36 45 39 4 36
15 45 32 41 8 6 45
22 11 28 29 15 41 13
4 39 6 14 12 37 41
32 41 42 42 10 3 49
23 11 15 33 49 29 40
48 23 33 49 49 17 30
47 24 25 3 20 6 19
15 45 32 39 49 3 29
43 46 23 26 22 36 27
39 49 3 41 8 6 41
40 33 25 44 43 42 19
26 22 36 20 24 44 8
14 12 37 37 26 49 18
2 9 1 43 46 23 43
24 14 26 18 44 4 37
35 26 10 21 25 6 4
3 20 6 44 43 42 42
12 8 41 29 15 41 7
39 49 3 26 22 36 42
34 37 44 23 11 15 38
16 37 45 30 4 11 47
32 41 42 9 2 11 49
47 24 25 42 10 3 26
20 24 44 38 25 15 29
16 37 45 49 49 17 30
20 24 44 0 8 4 43
22 11 28 36 9 42 14
23 11 15 24 14 26 11
6 3 25 10 46 33 43
22 11 28 44 43 42 34
42 10 3 29 15 41 38
16 37 45 1 1 8 51
25 29 3 36 9 42 43
39 49 3 48 23 33 39
33 49 29 29 15 41 36
6 3 25 9 2 11 14
31 4 32 16 37 45 35
48 23 33 0 8 4 32
34 37 44 43 46 23 22
27 33 21 35 26 10 13
8 40 30 23 11 15 32
8 40 30 37 26 49 23
18 44 4 14 12 37 45
25 29 3 8 40 30 29
6 3 25 43 46 23 43
27 33 21 22 11 28 23
17 45 38 9 2 11 50
19 5 15 34 37 44 43
41 8 6 27 33 21 29
45 39 4 44 43 42 38
43 46 23 20 24 44 30
5 30 49 11 49 29 27
13 42 19 3 20 6 25
7 13 23 9 2 11 16
24 14 26 34 37 44 29
38 25 15 17 45 38 30
27 33 21 46 44 17 11
46 44 17 18 44 4 13
38 25 15 31 4 32 27
26 22 36 3 20 6 30
8 40 30 13 42 19 11
33 49 29 43 46 23 6
31 4 32 8 40 30 36
13 42 19 40 33 25 10
21 25 6 41 8 6 17
9 2 11 21 25 6 23
4 39 6 6 3 25 40
6 3 25 41 8 6 19
44 43 42 14 12 37 31
16 37 45 44 43 42 6
31 4 32 29 15 41 14
33 49 29 20 24 44 29
23 11 15 39 49 3 39
45 39 4 17 45 38 34
17 45 38 5 30 49 18
46 44 17 23 11 15 33
27 33 21 11 49 29 17
37 26 49 24 14 26 25
26 22 36 41 8 6 33
4 39 6 17 45 38 32
39 49 3 28 17 32 43
12 8 41 20 24 44 16
38 25 15 29 15 41 27
44 43 42 41 8 6 50
10 46 33 0 8 4 47
34 37 44 16 37 45 1
25 29 3 9 2 11 28
19 5 15 21 25 6 21
29 15 41 28 17 32 9
43 46 23 47 24 25 22
40 33 25 31 4 32 29
28 17 32 34 37 44 23
47 24 25 48 23 33 8
36 9 42 9 2 11 31
44 43 42 29 15 41 28
44 43 42 25 29 3 41
42 10 3 23 11 15 12
9 2 11 28 17 32 25
8 40 30 35 26 10 24
19 5 15 35 26 10 21
38 25 15 26 22 36 21
4 39 6 47 24 25 24
46 44 17 25 29 3 20
25 29 3 5 30 49 46
24 14 26 38 25 15 15
45 39 4 12 8 41 48
46 44 17 45 39 4 13
0 8 4 47 24 25 26
22 11 28 37 26 49 25
16 37 45 24 14 26 29
3 20 6 5 30 49 44
44 43 42 4 39 6 36
23 11 15 38 25 15 14
8 40 30 6 3 25 37
16 37 45 43 46 23 23
38 25 15 11 49 29 27
47 24 25 6 3 25 21
13 42 19 19 5 15 37
0 8 4 2 9 1 3
10 46 33 46 44 17 16
46 44 17 9 2 11 42
42 10 3 46 44 17 36
29 15 41 1 1 8 35
17 45 38 33 49 29 9
23 11 15 49 49 17 38
0 8 4 12 8 41 37
17 45 38 30 4 11 49
22 11 28 12 8 41 13
7 13 23 24 14 26 3
46 44 17 49 49 17 5
3 20 6 9 2 11 18
36 9 42 39 49 3 55
29 15 41 30 4 11 31
24 14 26 20 24 44 20
28 17 32 32 41 42 26
25 29 3 0 8 4 21
20 24 44 42 10 3 43
35 26 10 20 24 44 34
43 46 23 42 10 3 41
44 43 42 18 44 4 38
49 49 17 42 10 3 41
20 24 44 13 42 19 30
40 33 25 9 2 11 34
13 42 19 32 41 42 23
28 17 32 7 13 23 9
28 17 32 17 45 38 28
37 26 49 35 26 10 39
45 39 4 40 33 25 21
1 1 8 43 46 23 47
36 9 42 46 44 17 43
20 24 44 15 45 32 24
16 37 45 26 22 36 17
35 26 10 46 44 17 19
41 8 6 45 39 4 31
32 41 42 26 22 36 19
41 8 6 1 1 8 7
43 46 23 14 12 37 36
42 10 3 25 29 3 19
1 1 8 22 11 28 22
38 25 15 16 37 45 32
41 8 6 7 13 23 17
12 8 41 24 14 26 16
33 49 29 32 41 42 15
38 25 15 6 3 25 24
31 4 32 30 4 11 21
47 24 25 16 37 45 23
31 4 32 36 9 42 11
30 4 11 42 10 3 10
20 24 44 4 39 6 40
26 22 36 7 13 23 15
46 44 17 21 25 6 21
30 4 11 33 49 29 48
48 23 33 22 11 28 13
22 11 28 33 49 29 38
49 49 17 45 39 4 16
40 33 25 4 39 6 19
1 1 8 31 4 32 24
1 1 8 0 8 4 8
29 15 41 16 37 45 22
20 24 44 5 30 49 7
21 25 6 31 4 32 33
47 24 25 26 22 36 11
21 25 6 4 39 6 14
2 9 1 21 25 6 16
27 33 21 18 44 4 20
7 13 23 29 15 41 18
40 33 25 33 49 29 16
17 45 38 29 15 41 30
23 11 15 7 13 23 8
9 2 11 43 46 23 45
9 2 11 16 37 45 48
2 9 1 39 49 3 40
48 23 33 9 2 11 30
17 45 38 11 49 29 9
15 45 32 24 14 26 31
5 30 49 9 2 11 47
1 1 8 7 13 23 19
26 22 36 1 1 8 35
1 1 8 39 49 3 48
22 11 28 30 4 11 18
5 30 49 6 3 25 36
27 33 21 42 10 3 29
38 25 15 43 46 23 22
19 5 15 31 4 32 17
43 46 23 49 49 17 6
48 23 33 33 49 29 26
14 12 37 13 42 19 34
45 39 4 48 23 33 33
39 49 3 49 49 17 14
19 5 15 0 8 4 11
15 45 32 13 42 19 13
3 20 6 12 8 41 37
14 12 37 10 46 33 34
26 22 36 17 45 38 23
27 33 21 13 42 19 9
8 40 30 28 17 32 23
22 11 28 34 37 44 30
33 49 29 10 46 33 5
2 9 1 34 37 44 51
38 25 15 49 49 17 24
39 49 3 16 37 45 43
43 46 23 18 44 4 19
37 26 49 23 11 15 37
10 46 33 41 8 6 46
28 17 32 15 45 32 28
8 40 30 24 14 26 26
47 24 25 44 43 42 25
25 29 3 41 8 6 21
1 1 8 13 42 19 42
41 8 6 42 10 3 3
23 11 15 0 8 4 11
30 4 11 1 1 8 4
0 8 4 42 10 3 2
9 2 11 12 8 41 30
12 8 41 31 4 32 9
7 13 23 16 37 45 32
40 33 25 25 29 3 22
13 42 19 37 26 49 34
47 24 25 31 4 32 21
3 20 6 31 4 32 30
41 8 6 36 9 42 36
46 44 17 6 3 25 41
4 39 6 34 37 44 38
49 49 17 8 40 30 15
4 39 6 43 46 23 18
48 23 33 12 8 41 17
7 13 23 37 26 49 29
20 24 44 46 44 17 33
40 33 25 43 46 23 13
28 17 32 2 9 1 32
10 46 33 36 9 42 38
1 1 8 20 24 44 42
4 39 6 15 45 32 26
30 4 11 36 9 42 31
2 9 1 6 3 25 24
4 39 6 11 49 29 25
34 37 44 49 49 17 29
22 11 28 20 24 44 20
22 11 28 13 42 19 32
1 1 8 19 5 15 8
9 2 11 10 46 33 49
5 30 49 31 4 32 31
2 9 1 38 25 15 21
22 11 28 32 41 42 33
49 49 17 41 8 6 42
27 33 21 14 12 37 26
39 49 3 17 45 38 35
2 9 1 42 10 3 2
1 1 8 38 25 15 25
48 23 33 28 17 32 6
26 22 36 22 11 28 13
8 40 30 18 44 4 26
2 9 1 27 33 21 31
9 2 11 39 49 3 47
22 11 28 40 33 25 22
3 20 6 28 17 32 26
24 14 26 11 49 29 35
41 8 6 28 17 32 27
22 11 28 6 3 25 8
34 37 44 41 8 6 47
12 8 41 40 33 25 29
30 4 11 20 24 44 38
10 46 33 23 11 15 39
37 26 49 5 30 49 4
30 4 11 4 39 6 35
8 40 30 45 39 4 26
12 8 41 11 49 29 42
27 33 21 15 45 32 16
30 4 11 18 44 4 40
23 11 15 6 3 25 12
0 8 4 3 20 6 12
2 9 1 33 49 29 48
6 3 25 18 44 4 46
9 2 11 35 26 10 24
18 44 4 36 9 42 51
48 23 33 38 25 15 18
18 44 4 10 46 33 29
9 2 11 34 37 44 48
42 10 3 36 9 42 39
8 40 30 5 30 49 21
37 26 49 20 24 44 5
48 23 33 1 1 8 33
14 12 37 3 20 6 32
47 24 25 27 33 21 9
12 8 41 42 10 3 38
38 25 15 13 42 19 17
37 26 49 27 33 21 28
20 24 44 41 8 6 41
1 1 8 37 26 49 48
30 4 11 46 44 17 40
18 44 4 35 26 10 18
11 49 29 20 24 44 29
19 5 15 45 39 4 35
46 44 17 29 15 41 37
40 33 25 46 44 17 13
10 46 33 7 13 23 34
32 41 42 18 44 4 38
15 45 32 44 43 42 10
7 13 23 43 46 23 33
15 45 32 26 22 36 23
27 33 21 8 40 30 11
41 8 6 14 12 37 31
27 33 21 17 45 38 20
41 8 6 47 24 25 24
14 12 37 48 23 33 11
2 9 1 24 14 26 25
48 23 33 31 4 32 19
21 25 6 0 8 4 17
26 22 36 42 10 3 35
36 9 42 43 46 23 41
10 46 33 47 24 25 23
45 39 4 42 10 3 29
25 29 3 22 11 28 30
27 33 21 4 39 6 16
17 45 38 40 33 25 17
38 25 15 35 26 10 5
15 45 32 8 40 30 5
4 39 6 5 30 49 43
19 5 15 5 30 49 42
40 33 25 16 37 45 20
8 40 30 17 45 38 9
36 9 42 2 9 1 41
33 49 29 1 1 8 52
36 9 42 13 42 19 40
32 41 42 17 45 38 5
1 1 8 34 37 44 50
30 4 11 34 37 44 46
36 9 42 19 5 15 27
1 1 8 8 40 30 44
33 49 29 46 44 17 13
39 49 3 46 44 17 14
2 9 1 4 39 6 30
31 4 32 0 8 4 28
5 30 49 30 4 11 46
18 44 4 31 4 32 48
18 44 4 23 11 15 34
20 24 44 49 49 17 36
15 45 32 12 8 41 38
48 23 33 46 44 17 26
21 25 6 18 44 4 19
47 24 25 7 13 23 11
15 45 32 33 49 29 5
0 8 4 6 3 25 21
12 8 41 23 11 15 26
4 39 6 1 1 8 38
7 13 23 21 25 6 20
38 25 15 15 45 32 26
30 4 11 40 33 25 32
35 26 10 40 33 25 16
25 29 3 1 1 8 28
36 9 42 48 23 33 16
48 23 33 30 4 11 29
25 29 3 29 15 41 40
3 20 6 49 49 17 31
46 44 17 2 9 1 38
33 49 29 28 17 32 32
17 45 38 16 37 45 10
30 4 11 43 46 23 43
44 43 42 38 25 15 32
9 2 11 8 40 30 42
6 3 25 35 26 10 27
8 40 30 42 10 3 40
36 9 42 32 41 42 32
4 39 6 22 11 28 35
34 37 44 25 29 3 41
12 8 41 38 25 15 31
5 30 49 38 25 15 34
15 45 32 25 29 3 33
40 33 25 34 37 44 19
8 40 30 26 22 36 18
18 44 4 12 8 41 51
31 4 32 7 13 23 12
14 12 37 2 9 1 36
8 40 30 11 49 29 9
5 30 49 29 15 41 17
22 11 28 46 44 17 34
49 49 17 13 42 19 7
34 37 44 46 44 17 27
16 37 45 23 11 15 39
25 29 3 6 3 25 34
45 39 4 16 37 45 41
42 10 3 7 13 23 20
12 8 41 26 22 36 14
9 2 11 1 1 8 3
16 37 45 11 49 29 20
28 17 32 4 39 6 34
7 13 23 2 9 1 22
23 11 15 21 25 6 16
26 22 36 33 49 29 27
25 29 3 24 14 26 27
42 10 3 13 42 19 35
28 17 32 45 39 4 35
12 8 41 13 42 19 40
45 39 4 27 33 21 18
46 44 17 11 49 29 13
42 10 3 9 2 11 11
39 49 3 27 33 21 24
18 44 4 42 10 3 34
24 14 26 13 42 19 28
25 29 3 39 49 3 20
19 5 15 38 25 15 20
35 26 10 4 39 6 13
37 26 49 40 33 25 25
27 33 21 9 2 11 32
45 39 4 29 15 41 44
18 44 4 1 1 8 43
30 4 11 12 8 41 30
24 14 26 17 45 38 33
44 43 42 10 46 33 9
24 14 26 6 3 25 11
44 43 42 8 40 30 12
9 2 11 44 43 42 51
6 3 25 21 25 6 29
45 39 4 37 26 49 46
23 11 15 26 22 36 23
25 29 3 38 25 15 12
7 13 23 27 33 21 20
37 26 49 33 49 29 30
32 41 42 48 23 33 20
20 24 44 21 25 6 38
21 25 6 5 30 49 43
39 49 3 21 25 6 24
5 30 49 27 33 21 28
5 30 49 49 49 17 37
9 2 11 45 39 4 37
18 44 4 29 15 41 47
45 39 4 7 13 23 32
18 44 4 17 45 38 34
20 24 44 6 3 25 28
44 43 42 30 4 11 49
17 45 38 31 4 32 41
25 29 3 48 23 33 30
34 37 44 44 43 42 6
27 33 21 19 5 15 28
26 22 36 48 23 33 3
3 20 6 42 10 3 10
38 25 15 10 46 33 27
39 49 3 37 26 49 51
10 46 33 42 10 3 46
13 42 19 48 23 33 23
18 44 4 2 9 1 35
34 37 44 12 8 41 29
49 49 17 37 26 49 39
22 11 28 16 37 45 31
15 45 32 11 49 29 5
39 49 3 6 3 25 50
44 43 42 7 13 23 35
43 46 23 24 14 26 32
32 41 42 30 4 11 48
14 12 37 21 25 6 33
29 15 41 6 3 25 20
0 8 4 36 9 42 38
14 12 37 5 30 49 21
31 4 32 44 43 42 40
4 39 6 12 8 41 46
41 8 6 13 42 19 36
11 49 29 7 13 23 36
26 22 36 9 2 11 32
27 33 21 40 33 25 4
14 12 37 6 3 25 15
37 26 49 36 9 42 18
40 33 25 6 3 25 30
4 39 6 7 13 23 31
33 49 29 47 24 25 25
32 41 42 12 8 41 33
30 4 11 11 49 29 48
3 20 6 33 49 29 37
44 43 42 13 42 19 23
44 43 42 5 30 49 14
25 29 3 23 11 15 21
35 26 10 42 10 3 17
19 5 15 8 40 30 38
8 40 30 14 12 37 28
24 14 26 3 20 6 20
42 10 3 5 30 49 50
21 25 6 48 23 33 27
19 5 15 49 49 17 44
8 40 30 7 13 23 27
42 10 3 28 17 32 29
27 33 21 23 11 15 22
21 25 6 47 24 25 19
41 8 6 38 25 15 19
8 40 30 32 41 42 12
15 45 32 1 1 8 50
40 33 25 11 49 29 16
14 12 37 25 29 3 38
26 22 36 34 37 44 17
32 41 42 0 8 4 50
26 22 36 27 33 21 18
41 8 6 4 39 6 31
35 26 10 25 29 3 7
21 25 6 32 41 42 39
26 22 36 28 17 32 6
10 46 33 32 41 42 10
47 24 25 12 8 41 22
9 2 11 11 49 29 50
7 13 23 12 8 41 18
18 44 4 7 13 23 36
5 30 49 39 49 3 49
16 37 45 8 40 30 15
49 49 17 40 33 25 17
26 22 36 30 4 11 30
25 29 3 17 45 38 38
47 24 25 13 42 19 18
31 4 32 35 26 10 31
10 46 33 29 15 41 32
35 26 10 11 49 29 29
8 40 30 48 23 33 17
47 24 25 49 49 17 26
32 41 42 45 39 4 38
42 10 3 44 43 42 51
3 20 6 46 44 17 26
40 33 25 42 10 3 31
41 8 6 33 49 29 47
3 20 6 34 37 44 41
43 46 23 19 5 15 41
47 24 25 2 9 1 28
7 13 23 32 41 42 33
15 45 32 18 44 4 28
25 29 3 31 4 32 38
40 33 25 36 9 42 29
9 2 11 49 49 17 47
24 14 26 45 39 4 33
30 4 11 35 26 10 22
26 22 36 6 3 25 21
12 8 41 33 49 29 42
21 25 6 15 45 32 32
22 11 28 49 49 17 39
47 24 25 8 40 30 16
28 17 32 14 12 37 7
5 30 49 18 44 4 47
9 2 11 13 42 19 40
2 9 1 29 15 41 40
41 8 6 18 44 4 36
16 37 45 32 41 42 5
25 29 3 3 20 6 9
42 10 3 4 39 6 29
43 46 23 28 17 32 30
21 25 6 34 37 44 39
24 14 26 19 5 15 14
22 11 28 17 45 38 35
13 42 19 6 3 25 39
18 44 4 4 39 6 5
8 40 30 46 44 17 13
48 23 33 20 24 44 11
3 20 6 27 33 21 19
19 5 15 46 44 17 39
47 24 25 22 11 28 13
49 49 17 28 17 32 35
7 13 23 5 30 49 31
31 4 32 41 8 6 26
13 42 19 10 46 33 14
40 33 25 15 45 32 13
36 9 42 8 40 30 33
8 40 30 3 20 6 31
45 39 4 10 46 33 29
14 12 37 20 24 44 13
8 40 30 29 15 41 27
43 46 23 27 33 21 13
24 14 26 22 11 28 3
25 29 3 10 46 33 34
36 9 42 29 15 41 6
32 41 42 47 24 25 24
37 26 49 2 9 1 50
22 11 28 43 46 23 35
10 46 33 16 37 45 15
33 49 29 31 4 32 45
15 45 32 31 4 32 41
38 25 15 36 9 42 31
15 45 32 5 30 49 22
24 14 26 26 22 36 12
23 11 15 48 23 33 21
15 45 32 47 24 25 22
49 49 17 33 49 29 12
35 26 10 12 8 41 35
9 2 11 18 44 4 42
6 3 25 31 4 32 7
0 8 4 33 49 29 48
21 25 6 45 39 4 14
45 39 4 4 39 6 2
22 11 28 21 25 6 26
1 1 8 5 30 49 50
10 46 33 5 30 49 22
35 26 10 29 15 41 32
43 46 23 8 40 30 9