72 2556
54 70 23 42 60 12 14
18 6 70 29 12 57 14
3 2 52 48 68 23 72
12 44 52 49 33 56 11
37 52 33 21 59 63 30
2 2 62 37 52 33 57
13 2 23 60 9 66 43
67 2 25 59 0 53 28
70 25 12 69 25 54 42
20 9 70 45 70 70 61
44 34 33 11 12 0 39
5 49 3 46 10 66 74
45 70 70 34 28 33 55
43 6 6 65 38 64 66
38 52 22 21 59 63 41
63 13 34 59 0 53 23
36 43 19 57 45 38 19
48 68 23 66 53 9 20
25 55 10 11 12 0 44
63 13 34 25 55 10 48
19 68 0 22 1 25 71
9 28 34 64 60 24 33
33 60 54 56 58 9 45
50 56 4 24 43 6 13
7 21 66 15 14 53 14
41 4 36 43 6 6 30
37 52 33 40 57 39 7
7 21 66 26 36 13 55
27 8 4 40 57 39 60
5 49 3 26 36 13 16
1 49 49 37 52 33 16
48 68 23 4 7 7 63
19 68 0 39 56 51 52
51 66 55 69 25 54 41
56 58 9 31 38 27 26
1 49 49 68 61 41 14
62 42 17 70 25 12 17
58 46 5 17 28 68 65
16 43 23 12 44 52 29
9 28 34 23 16 67 35
63 13 34 38 52 22 40
1 49 49 14 29 6 47
38 52 22 70 25 12 28
19 68 0 59 0 53 86
26 36 13 34 28 33 21
44 34 33 46 10 66 40
53 19 6 57 45 38 41
40 57 39 61 40 70 35
62 42 17 44 34 33 17
30 70 26 61 40 70 53
56 58 9 53 19 6 39
51 66 55 6 21 47 45
43 6 6 25 55 10 49
48 68 23 65 38 64 50
37 52 33 6 21 47 34
52 26 28 30 70 26 44
11 12 0 45 70 70 90
42 60 12 61 40 70 61
17 28 68 61 40 70 12
41 4 36 36 43 19 42
51 66 55 41 4 36 64
36 43 19 2 2 62 59
6 21 47 58 46 5 48
11 12 0 69 25 54 55
35 47 38 49 33 56 22
10 71 6 4 7 7 64
9 28 34 50 56 4 41
70 25 12 3 2 52 46
57 45 38 64 60 24 20
30 70 26 63 13 34 57
60 9 66 27 8 4 62
56 58 9 61 40 70 63
53 19 6 1 49 49 52
11 12 0 35 47 38 51
28 60 61 59 0 53 60
14 29 6 34 28 33 27
59 0 53 20 9 70 19
51 66 55 58 46 5 53
69 25 54 43 6 6 51
67 2 25 12 44 52 49
63 13 34 28 60 61 54
11 12 0 70 25 12 17
66 53 9 31 38 27 23
6 21 47 34 28 33 15
8 43 44 17 28 68 28
66 53 9 1 49 49 40
28 60 61 5 49 3 59
6 21 47 35 47 38 27
35 47 38 28 60 61 26
25 55 10 21 59 63 53
51 66 55 35 47 38 25
50 56 4 38 52 22 18
11 12 0 33 60 54 72
14 29 6 19 68 0 39
56 58 9 67 2 25 58
20 9 70 35 47 38 49
12 44 52 65 38 64 13
0 66 21 69 25 54 52
20 9 70 61 40 70 31
58 46 5 50 56 4 10
49 33 56 41 4 36 35
29 12 57 19 68 0 79
48 68 23 42 60 12 13
71 21 66 46 10 66 11
34 28 33 59 0 53 34
15 14 53 49 33 56 19
11 12 0 15 14 53 53
2 2 62 52 26 28 41
13 2 23 58 46 5 47
19 68 0 56 58 9 13
57 45 38 33 60 54 21
44 34 33 23 16 67 38
38 52 22 55 2 34 51
17 28 68 4 7 7 64
40 57 39 68 61 41 4
9 28 34 37 52 33 24
56 58 9 51 66 55 46
13 2 23 16 43 23 41
59 0 53 31 38 27 46
66 53 9 47 1 20 53
2 2 62 11 12 0 62
26 36 13 44 34 33 20
1 49 49 26 36 13 38
2 2 62 3 2 52 10
6 21 47 70 25 12 35
62 42 17 51 66 55 44
57 45 38 59 0 53 47
63 13 34 37 52 33 39
63 13 34 11 12 0 34
50 56 4 60 9 66 77
15 14 53 60 9 66 13
40 57 39 2 2 62 59
28 60 61 48 68 23 38
24 43 6 5 49 3 6
20 9 70 65 38 64 29
41 4 36 59 0 53 17
14 29 6 46 10 66 62
28 60 61 23 16 67 44
49 33 56 38 52 22 38
71 21 66 39 56 51 38
49 33 56 71 21 66 15
45 70 70 12 44 52 31
4 7 7 18 6 70 63
17 28 68 21 59 63 31
50 56 4 62 42 17 19
50 56 4 32 52 62 58
56 58 9 55 2 34 61
49 33 56 44 34 33 23
0 66 21 56 58 9 14
42 60 12 63 13 34 51
1 49 49 54 70 23 33
59 0 53 8 43 44 43
52 26 28 19 68 0 50
69 25 54 4 7 7 50
46 10 66 26 36 13 59
32 52 62 62 42 17 46
61 40 70 50 56 4 67
33 60 54 10 71 6 49
42 60 12 14 29 6 31
19 68 0 38 52 22 27
20 9 70 10 71 6 89
0 66 21 8 43 44 32
43 6 6 21 59 63 77
4 7 7 25 55 10 48
71 21 66 41 4 36 34
18 6 70 6 21 47 27
54 70 23 36 43 19 27
34 28 33 38 52 22 26
4 7 7 0 66 21 60
26 36 13 12 44 52 39
68 61 41 55 2 34 59
0 66 21 14 29 6 39
23 16 67 43 6 6 61
47 1 20 37 52 33 52
45 70 70 44 34 33 51
54 70 23 18 6 70 79
36 43 19 13 2 23 41
12 44 52 56 58 9 45
54 70 23 43 6 6 66
71 21 66 57 45 38 36
64 60 24 43 6 6 56
30 70 26 39 56 51 28
43 6 6 17 28 68 65
68 61 41 32 52 62 22
5 49 3 17 28 68 68
22 1 25 70 25 12 27
43 6 6 38 52 22 48
43 6 6 7 21 66 61
10 71 6 0 66 21 15
19 68 0 15 14 53 75
2 2 62 44 34 33 43
37 52 33 30 70 26 19
7 21 66 54 70 23 65
63 13 34 33 60 54 51
15 14 53 50 56 4 64
28 60 61 60 9 66 51
38 52 22 31 38 27 14
46 10 66 47 1 20 46
21 59 63 56 58 9 54
68 61 41 26 36 13 37
57 45 38 31 38 27 13
30 70 26 71 21 66 63
31 38 27 55 2 34 36
3 2 52 66 53 9 66
45 70 70 13 2 23 82
44 34 33 47 1 20 35
27 8 4 35 47 38 51
26 36 13 16 43 23 12
40 57 39 42 60 12 27
67 2 25 34 28 33 27
65 38 64 27 8 4 67
19 68 0 12 44 52 57
51 66 55 25 55 10 46
45 70 70 50 56 4 67
9 28 34 60 9 66 37
4 7 7 19 68 0 61
4 7 7 36 43 19 37
43 6 6 6 21 47 43
57 45 38 0 66 21 27
68 61 41 59 0 53 62
34 28 33 0 66 21 39
48 68 23 47 1 20 67
36 43 19 33 60 54 38
48 68 23 57 45 38 27
33 60 54 60 9 66 52
62 42 17 59 0 53 55
30 70 26 7 21 66 63
32 52 62 66 53 9 53
69 25 54 67 2 25 37
17 28 68 11 12 0 69
26 36 13 17 28 68 55
71 21 66 5 49 3 68
48 68 23 49 33 56 48
39 56 51 4 7 7 65
20 9 70 71 21 66 12
32 52 62 29 12 57 40
12 44 52 8 43 44 8
29 12 57 64 60 24 58
70 25 12 24 43 6 18
17 28 68 13 2 23 51
2 2 62 1 49 49 48
10 71 6 2 2 62 88
69 25 54 46 10 66 19
0 66 21 36 43 19 23
68 61 41 19 68 0 41
49 33 56 30 70 26 47
48 68 23 51 66 55 32
40 57 39 52 26 28 32
22 1 25 38 52 22 51
26 36 13 8 43 44 31
35 47 38 26 36 13 27
5 49 3 13 2 23 51
5 49 3 34 28 33 36
8 43 44 23 16 67 35
51 66 55 43 6 6 77
4 7 7 43 6 6 1
69 25 54 54 70 23 54
41 4 36 11 12 0 36
16 43 23 46 10 66 54
62 42 17 48 68 23 26
56 58 9 16 43 23 20
34 28 33 54 70 23 43
57 45 38 41 4 36 41
55 2 34 5 49 3 56
30 70 26 51 66 55 29
44 34 33 12 44 52 21
11 12 0 0 66 21 57
55 2 34 50 56 4 61
11 12 0 7 21 66 66
52 26 28 25 55 10 34
20 9 70 23 16 67 7
55 2 34 23 16 67 35
32 52 62 24 43 6 56
5 49 3 37 52 33 30
22 1 25 63 13 34 15
46 10 66 4 7 7 59
2 2 62 16 43 23 56
19 68 0 51 66 55 55
57 45 38 65 38 64 26
65 38 64 0 66 21 51
31 38 27 2 2 62 50
66 53 9 58 46 5 8
60 9 66 6 21 47 22
13 2 23 34 28 33 27
26 36 13 2 2 62 59
65 38 64 11 12 0 69
29 12 57 47 1 20 38
51 66 55 54 70 23 32
63 13 34 34 28 33 15
56 58 9 26 36 13 22
15 14 53 53 19 6 47
38 52 22 20 9 70 64
8 43 44 48 68 23 32
11 12 0 13 2 23 25
22 1 25 60 9 66 41
6 21 47 39 56 51 35
42 60 12 11 12 0 49
42 60 12 51 66 55 43
30 70 26 70 25 12 47
33 60 54 51 66 55 6
45 70 70 36 43 19 57
9 28 34 19 68 0 52
56 58 9 25 55 10 3
21 59 63 48 68 23 41
17 28 68 53 19 6 62
22 1 25 16 43 23 42
40 57 39 33 60 54 15
30 70 26 31 38 27 32
59 0 53 12 44 52 44
7 21 66 22 1 25 45
22 1 25 23 16 67 44
39 56 51 5 49 3 48
64 60 24 2 2 62 69
52 26 28 47 1 20 26
64 60 24 6 21 47 45
51 66 55 15 14 53 52
24 43 6 66 53 9 10
26 36 13 50 56 4 21
36 43 19 6 21 47 35
63 13 34 7 21 66 32
14 29 6 23 16 67 62
1 49 49 48 68 23 32
58 46 5 12 44 52 47
57 45 38 45 70 70 40
39 56 51 2 2 62 55
62 42 17 6 21 47 36
14 29 6 44 34 33 27
23 16 67 30 70 26 67
21 59 63 33 60 54 9
67 2 25 5 49 3 51
64 60 24 17 28 68 54
46 10 66 34 28 33 37
59 0 53 14 29 6 55
9 28 34 12 44 52 24
28 60 61 3 2 52 58
14 29 6 3 2 52 53
41 4 36 39 56 51 54
26 36 13 15 14 53 45
18 6 70 15 14 53 18
60 9 66 24 43 6 68
17 28 68 45 70 70 42
49 33 56 63 13 34 29
69 25 54 58 46 5 53
12 44 52 60 9 66 37
3 2 52 54 70 23 73
32 52 62 9 28 34 36
67 2 25 35 47 38 46
45 70 70 35 47 38 39
45 70 70 63 13 34 67
49 33 56 37 52 33 29
37 52 33 27 8 4 52
38 52 22 62 42 17 11
70 25 12 18 6 70 61
28 60 61 42 60 12 49
52 26 28 56 58 9 37
19 68 0 45 70 70 70
12 44 52 54 70 23 38
52 26 28 28 60 61 47
37 52 33 0 66 21 18
5 49 3 61 40 70 67
34 28 33 55 2 34 26
55 2 34 65 38 64 46
12 44 52 33 60 54 16
43 6 6 57 45 38 50
43 6 6 0 66 21 61
13 2 23 69 25 54 38
67 2 25 10 71 6 71
7 21 66 36 43 19 51
19 68 0 54 70 23 23
4 7 7 54 70 23 65
23 16 67 18 6 70 10
12 44 52 5 49 3 49
27 8 4 8 43 44 53
21 59 63 36 43 19 46
23 16 67 66 53 9 68
12 44 52 17 28 68 22
25 55 10 2 2 62 74
11 12 0 47 1 20 22
46 10 66 9 28 34 36
26 36 13 6 21 47 37
39 56 51 0 66 21 31
5 49 3 3 2 52 67
46 10 66 1 49 49 42
70 25 12 64 60 24 37
71 21 66 42 60 12 66
67 2 25 60 9 66 41
50 56 4 70 25 12 32
42 60 12 39 56 51 39
45 70 70 8 43 44 37
56 58 9 70 25 12 33
0 66 21 44 34 33 34
26 36 13 63 13 34 31
69 25 54 39 56 51 31
70 25 12 59 0 53 48
58 46 5 42 60 12 15
8 43 44 58 46 5 39
62 42 17 5 49 3 15
37 52 33 22 1 25 51
59 0 53 71 21 66 24
38 52 22 51 66 55 35
17 28 68 14 29 6 62
30 70 26 45 70 70 44
49 33 56 51 66 55 33
59 0 53 15 14 53 14
56 58 9 39 56 51 42
40 57 39 21 59 63 24
70 25 12 63 13 34 25
44 34 33 18 6 70 46
42 60 12 49 33 56 51
20 9 70 32 52 62 43
12 44 52 2 2 62 43
51 66 55 46 10 66 57
2 2 62 58 46 5 72
12 44 52 30 70 26 36
15 14 53 41 4 36 19
55 2 34 1 49 49 49
37 52 33 8 43 44 14
67 2 25 31 38 27 36
19 68 0 40 57 39 40
5 49 3 66 53 9 7
64 60 24 10 71 6 21
13 2 23 70 25 12 25
56 58 9 37 52 33 24
40 57 39 16 43 23 21
46 10 66 27 8 4 62
60 9 66 10 71 6 86
5 49 3 38 52 22 19
28 60 61 33 60 54 7
18 6 70 7 21 66 15
42 60 12 2 2 62 76
68 61 41 36 43 19 28
27 8 4 47 1 20 17
55 2 34 19 68 0 74
71 21 66 12 44 52 26
10 71 6 27 8 4 63
42 60 12 1 49 49 38
27 8 4 36 43 19 38
41 4 36 9 28 34 24
45 70 70 64 60 24 47
17 28 68 56 58 9 66
8 43 44 7 21 66 31
40 57 39 4 7 7 59
53 19 6 52 26 28 23
53 19 6 38 52 22 36
28 60 61 71 21 66 39
44 34 33 39 56 51 28
60 9 66 26 36 13 59
20 9 70 15 14 53 17
15 14 53 69 25 54 11
9 28 34 13 2 23 28
9 28 34 36 43 19 21
8 43 44 44 34 33 14
67 2 25 23 16 67 44
10 71 6 56 58 9 13
13 2 23 54 70 23 68
38 52 22 59 0 53 60
50 56 4 20 9 70 81
38 52 22 2 2 62 64
29 12 57 33 60 54 48
49 33 56 5 49 3 55
63 13 34 41 4 36 9
53 19 6 6 21 47 41
49 33 56 50 56 4 56
69 25 54 20 9 70 22
13 2 23 14 29 6 31
55 2 34 60 9 66 32
50 56 4 19 68 0 12
9 28 34 38 52 22 26
54 70 23 17 28 68 61
11 12 0 24 43 6 31
39 56 51 58 46 5 47
62 42 17 13 2 23 40
43 6 6 33 60 54 72
10 71 6 17 28 68 75
42 60 12 23 16 67 70
40 57 39 48 68 23 19
9 28 34 8 43 44 18
10 71 6 69 25 54 66
12 44 52 70 25 12 44
27 8 4 53 19 6 11
14 29 6 35 47 38 36
48 68 23 29 12 57 65
52 26 28 24 43 6 27
41 4 36 48 68 23 65
20 9 70 36 43 19 61
19 68 0 64 60 24 25
3 2 52 68 61 41 60
30 70 26 53 19 6 54
42 60 12 17 28 68 64
41 4 36 13 2 23 13
26 36 13 11 12 0 27
4 7 7 33 60 54 70
49 33 56 69 25 54 8
62 42 17 1 49 49 32
59 0 53 32 52 62 52
1 49 49 63 13 34 39
70 25 12 44 34 33 22
3 2 52 60 9 66 15
34 28 33 30 70 26 42
53 19 6 49 33 56 51
4 7 7 57 45 38 49
54 70 23 23 16 67 69
24 43 6 69 25 54 51
17 28 68 32 52 62 24
27 8 4 18 6 70 66
53 19 6 5 49 3 30
14 29 6 70 25 12 7
63 13 34 6 21 47 15
34 28 33 16 43 23 18
34 28 33 49 33 56 23
31 38 27 24 43 6 21
9 28 34 44 34 33 6
0 66 21 29 12 57 64
32 52 62 7 21 66 31
53 19 6 35 47 38 42
23 16 67 50 56 4 74
26 36 13 61 40 70 57
59 0 53 5 49 3 70
66 53 9 67 2 25 53
0 66 21 19 68 0 21
4 7 7 22 1 25 18
31 38 27 7 21 66 42
71 21 66 37 52 33 45
13 2 23 42 60 12 59
52 26 28 44 34 33 9
64 60 24 15 14 53 54
28 60 61 8 43 44 24
56 58 9 36 43 19 18
70 25 12 10 71 6 46
14 29 6 60 9 66 63
69 25 54 25 55 10 53
14 29 6 12 44 52 48
44 34 33 53 19 6 30
33 60 54 30 70 26 29
32 52 62 55 2 34 57
15 14 53 61 40 70 31
58 46 5 20 9 70 74
66 53 9 4 7 7 46
61 40 70 58 46 5 65
7 21 66 55 2 34 37
57 45 38 66 53 9 30
71 21 66 4 7 7 60
34 28 33 51 66 55 43
4 7 7 37 52 33 51
71 21 66 53 19 6 60
54 70 23 61 40 70 55
50 56 4 4 7 7 49
59 0 53 10 71 6 85
53 19 6 34 28 33 28
22 1 25 52 26 28 25
60 9 66 2 2 62 8
20 9 70 37 52 33 56
32 52 62 21 59 63 7
44 34 33 19 68 0 47
68 61 41 61 40 70 35
2 2 62 49 33 56 31
23 16 67 70 25 12 55
5 49 3 29 12 57 65
32 52 62 39 56 51 11
1 49 49 5 49 3 46
49 33 56 20 9 70 27
18 6 70 26 36 13 64
6 21 47 33 60 54 39
19 68 0 71 21 66 81
57 45 38 44 34 33 12
26 36 13 70 25 12 11
29 12 57 50 56 4 68
59 0 53 60 9 66 15
35 47 38 71 21 66 38
3 2 52 41 4 36 16
19 68 0 42 60 12 14
5 49 3 9 28 34 37
11 12 0 5 49 3 37
11 12 0 46 10 66 66
68 61 41 48 68 23 19
63 13 34 71 21 66 32
67 2 25 11 12 0 26
11 12 0 55 2 34 35
64 60 24 22 1 25 59
32 52 62 65 38 64 14
26 36 13 47 1 20 35
31 38 27 11 12 0 37
40 57 39 53 19 6 50
2 2 62 55 2 34 28
20 9 70 30 70 26 75
23 16 67 56 58 9 71
47 1 20 24 43 6 44
68 61 41 69 25 54 38
29 12 57 38 52 22 53
0 66 21 54 70 23 4
48 68 23 43 6 6 64
38 52 22 28 60 61 39
7 21 66 5 49 3 68
53 19 6 28 60 61 68
41 4 36 58 46 5 52
25 55 10 29 12 57 63
60 9 66 65 38 64 29
46 10 66 70 25 12 56
4 7 7 64 60 24 55
38 52 22 66 53 9 13
37 52 33 61 40 70 38
3 2 52 46 10 66 16
71 21 66 64 60 24 57
61 40 70 9 28 34 37
21 59 63 10 71 6 58
29 12 57 11 12 0 57
22 1 25 10 71 6 72
53 19 6 58 46 5 27
59 0 53 35 47 38 49
26 36 13 13 2 23 35
29 12 57 40 57 39 48
10 71 6 57 45 38 41
23 16 67 25 55 10 69
35 47 38 3 2 52 47
10 71 6 3 2 52 82
25 55 10 47 1 20 54
23 16 67 21 59 63 43
2 2 62 65 38 64 36
47 1 20 49 33 56 48
14 29 6 63 13 34 32
11 12 0 48 68 23 60
64 60 24 16 43 23 17
63 13 34 19 68 0 64
54 70 23 6 21 47 54
71 21 66 14 29 6 60
39 56 51 55 2 34 56
26 36 13 65 38 64 51
42 60 12 18 6 70 79
41 4 36 52 26 28 23
60 9 66 36 43 19 58
30 70 26 22 1 25 69
11 12 0 8 43 44 53
30 70 26 11 12 0 63
34 28 33 52 26 28 5
38 52 22 41 4 36 50
65 38 64 33 60 54 24
29 12 57 30 70 26 65
0 66 21 16 43 23 23
27 8 4 23 16 67 63
12 44 52 20 9 70 39
24 43 6 38 52 22 18
12 44 52 34 28 33 24
32 52 62 25 55 10 52
57 45 38 2 2 62 49
68 61 41 65 38 64 32
8 43 44 53 19 6 44
52 26 28 42 60 12 37
20 9 70 34 28 33 41
30 70 26 9 28 34 42
35 47 38 22 1 25 47
13 2 23 7 21 66 47
4 7 7 23 16 67 60
27 8 4 52 26 28 30
33 60 54 25 55 10 44
71 21 66 16 43 23 48
22 1 25 43 6 6 19
8 43 44 2 2 62 44
58 46 5 9 28 34 34
69 25 54 38 52 22 41
52 26 28 31 38 27 12
48 68 23 69 25 54 53
66 53 9 62 42 17 13
11 12 0 37 52 33 51
37 52 33 53 19 6 42
37 52 33 57 45 38 8
58 46 5 35 47 38 33
65 38 64 37 52 33 34
22 1 25 59 0 53 28
68 61 41 15 14 53 48
9 28 34 14 29 6 28
35 47 38 61 40 70 32
69 25 54 27 8 4 52
46 10 66 45 70 70 60
44 34 33 21 59 63 39
57 45 38 20 9 70 48
46 10 66 49 33 56 25
41 4 36 5 49 3 55
62 42 17 55 2 34 43
57 45 38 54 70 23 29
34 28 33 22 1 25 28
4 7 7 31 38 27 36
42 60 12 53 19 6 41
62 42 17 12 44 52 35
18 6 70 9 28 34 42
6 21 47 59 0 53 21
15 14 53 57 45 38 34
34 28 33 36 43 19 20
38 52 22 46 10 66 60
61 40 70 71 21 66 19
40 57 39 66 53 9 30
14 29 6 32 52 62 60
70 25 12 40 57 39 41
26 36 13 20 9 70 63
4 7 7 56 58 9 51
31 38 27 13 2 23 36
14 29 6 57 45 38 35
32 52 62 18 6 70 46
36 43 19 18 6 70 63
37 52 33 55 2 34 50
51 66 55 59 0 53 66
68 61 41 27 8 4 64
9 28 34 4 7 7 34
66 53 9 46 10 66 71
34 28 33 17 28 68 35
49 33 56 54 70 23 49
23 16 67 13 2 23 46
29 12 57 34 28 33 28
41 4 36 18 6 70 34
13 2 23 33 60 54 65
14 29 6 10 71 6 42
25 55 10 41 4 36 57
54 70 23 55 2 34 68
39 56 51 67 2 25 59
66 53 9 61 40 70 62
44 34 33 20 9 70 44
12 44 52 32 52 62 12
3 2 52 51 66 55 64
16 43 23 35 47 38 15
14 29 6 40 57 39 43
29 12 57 7 21 66 12
49 33 56 18 6 70 30
11 12 0 6 21 47 47
14 29 6 31 38 27 22
67 2 25 51 66 55 70
0 66 21 71 21 66 63
9 28 34 65 38 64 31
44 34 33 22 1 25 33
28 60 61 61 40 70 21
50 56 4 44 34 33 36
7 21 66 58 46 5 65
18 6 70 43 6 6 64
18 6 70 65 38 64 32
42 60 12 60 9 66 74
2 2 62 35 47 38 51
52 26 28 6 21 47 19
63 13 34 35 47 38 34
53 19 6 12 44 52 52
57 45 38 34 28 33 17
57 45 38 38 52 22 17
30 70 26 57 45 38 27
20 9 70 52 26 28 45
42 60 12 36 43 19 18
23 16 67 19 68 0 84
40 57 39 60 9 66 55
20 9 70 7 21 66 12
27 8 4 42 60 12 52
40 57 39 62 42 17 26
49 33 56 45 70 70 39
69 25 54 33 60 54 35
47 1 20 67 2 25 5
0 66 21 60 9 66 72
71 21 66 32 52 62 31
16 43 23 52 26 28 17
68 61 41 8 43 44 18
9 28 34 56 58 9 39
30 70 26 48 68 23 3
5 49 3 33 60 54 52
20 9 70 19 68 0 91
18 6 70 68 61 41 62
1 49 49 21 59 63 17
15 14 53 2 2 62 15
67 2 25 38 52 22 50
0 66 21 68 61 41 20
55 2 34 18 6 70 36
62 42 17 19 68 0 31
12 44 52 6 21 47 23
44 34 33 36 43 19 16
10 71 6 40 57 39 35
30 70 26 50 56 4 26
26 36 13 30 70 26 36
20 9 70 53 19 6 64
53 19 6 60 9 66 60
65 38 64 23 16 67 22
59 0 53 21 59 63 59
59 0 53 65 38 64 39
44 34 33 17 28 68 35
14 29 6 16 43 23 22
63 13 34 50 56 4 52
22 1 25 13 2 23 2
38 52 22 47 1 20 51
26 36 13 54 70 23 35
21 59 63 31 38 27 41
65 38 64 52 26 28 37
49 33 56 58 46 5 52
50 56 4 47 1 20 57
1 49 49 10 71 6 48
7 21 66 48 68 23 63
0 66 21 22 1 25 65
41 4 36 27 8 4 32
53 19 6 25 55 10 36
22 1 25 65 38 64 53
50 56 4 48 68 23 22
42 60 12 35 47 38 29
55 2 34 12 44 52 45
63 13 34 60 9 66 32
33 60 54 26 36 13 47
18 6 70 8 43 44 45
47 1 20 30 70 26 69
21 59 63 45 70 70 13
67 2 25 36 43 19 41
33 60 54 20 9 70 53
15 14 53 34 28 33 24
13 2 23 44 34 33 33
39 56 51 35 47 38 15
13 2 23 46 10 66 43
33 60 54 14 29 6 57
60 9 66 62 42 17 59
59 0 53 11 12 0 54
61 40 70 39 56 51 24
40 57 39 46 10 66 54
24 43 6 20 9 70 72
41 4 36 56 58 9 60
54 70 23 48 68 23 2
61 40 70 7 21 66 19
0 66 21 20 9 70 75
26 36 13 28 60 61 53
7 21 66 34 28 33 33
10 71 6 44 34 33 45
34 28 33 10 71 6 50
63 13 34 66 53 9 47
43 6 6 37 52 33 53
56 58 9 38 52 22 14
71 21 66 66 53 9 65
20 9 70 17 28 68 19
27 8 4 28 60 61 77
43 6 6 71 21 66 61
65 38 64 24 43 6 58
70 25 12 65 38 64 53
22 1 25 69 25 54 37
15 14 53 43 6 6 47
16 43 23 1 49 49 26
19 68 0 49 33 56 66
62 42 17 23 16 67 56
54 70 23 40 57 39 20
34 28 33 69 25 54 21
31 38 27 45 70 70 53
7 21 66 71 21 66 0
16 43 23 43 6 6 40
46 10 66 30 70 26 72
0 66 21 61 40 70 55
37 52 33 32 52 62 29
18 6 70 1 49 49 47
21 59 63 67 2 25 68
14 29 6 69 25 54 48
30 70 26 28 60 61 36
49 33 56 11 12 0 59
24 43 6 68 61 41 39
53 19 6 14 29 6 10
24 43 6 0 66 21 27
20 9 70 3 2 52 19
57 45 38 25 55 10 29
65 38 64 67 2 25 53
21 59 63 19 68 0 63
15 14 53 31 38 27 35
65 38 64 28 60 61 22
22 1 25 50 56 4 58
54 70 23 60 9 66 74
41 4 36 66 53 9 55
7 21 66 17 28 68 7
13 2 23 1 49 49 53
27 8 4 48 68 23 62
54 70 23 52 26 28 44
31 38 27 37 52 33 15
46 10 66 43 6 6 60
67 2 25 70 25 12 26
65 38 64 50 56 4 62
13 2 23 21 59 63 69
28 60 61 43 6 6 77
15 14 53 58 46 5 57
32 52 62 0 66 21 43
40 57 39 1 49 49 12
15 14 53 67 2 25 30
39 56 51 31 38 27 30
62 42 17 43 6 6 37
68 61 41 16 43 23 25
34 28 33 32 52 62 37
12 44 52 64 60 24 32
6 21 47 49 33 56 15
70 25 12 53 19 6 8
61 40 70 53 19 6 67
59 0 53 45 70 70 72
59 0 53 43 6 6 47
47 1 20 40 57 39 59
64 60 24 27 8 4 55
27 8 4 13 2 23 19
33 60 54 27 8 4 72
50 56 4 40 57 39 35
62 42 17 47 1 20 41
18 6 70 53 19 6 65
54 70 23 33 60 54 32
59 0 53 40 57 39 58
53 19 6 9 28 34 29
36 43 19 17 28 68 51
57 45 38 39 56 51 17
31 38 27 54 70 23 32
45 70 70 71 21 66 49
48 68 23 55 2 34 66
2 2 62 66 53 9 73
22 1 25 28 60 61 69
24 43 6 57 45 38 32
42 60 12 26 36 13 24
63 13 34 67 2 25 14
64 60 24 49 33 56 41
14 29 6 30 70 26 45
5 49 3 8 43 44 41
14 29 6 50 56 4 27
25 55 10 13 2 23 54
71 21 66 47 1 20 50
33 60 54 50 56 4 50
34 28 33 66 53 9 34
55 2 34 49 33 56 38
22 1 25 45 70 70 82
62 42 17 21 59 63 49
48 68 23 46 10 66 72
19 68 0 43 6 6 62
58 46 5 10 71 6 25
32 52 62 11 12 0 73
7 21 66 33 60 54 40
36 43 19 16 43 23 4
41 4 36 44 34 33 30
4 7 7 67 2 25 18
56 58 9 47 1 20 58
40 57 39 43 6 6 60
52 26 28 9 28 34 6
44 34 33 63 13 34 21
42 60 12 44 34 33 33
25 55 10 59 0 53 69
48 68 23 45 70 70 47
68 61 41 5 49 3 39
51 66 55 1 49 49 18
19 68 0 11 12 0 56
68 61 41 31 38 27 26
42 60 12 9 28 34 38
5 49 3 23 16 67 72
54 70 23 67 2 25 68
9 28 34 31 38 27 12
57 45 38 61 40 70 32
70 25 12 9 28 34 22
47 1 20 19 68 0 69
4 7 7 61 40 70 71
10 71 6 18 6 70 91
28 60 61 68 61 41 20
11 12 0 39 56 51 67
44 34 33 55 2 34 32
3 2 52 65 38 64 37
64 60 24 39 56 51 27
31 38 27 41 4 36 35
59 0 53 0 66 21 73
49 33 56 26 36 13 43
23 16 67 60 9 66 7
49 33 56 27 8 4 57
24 43 6 18 6 70 73
50 56 4 28 60 61 57
33 60 54 23 16 67 45
27 8 4 59 0 53 49
4 7 7 21 59 63 76
32 52 62 53 19 6 65
5 49 3 0 66 21 24
10 71 6 62 42 17 31
61 40 70 3 2 52 42
51 66 55 10 71 6 49
39 56 51 33 60 54 5
7 21 66 37 52 33 45
25 55 10 9 28 34 36
10 71 6 9 28 34 51
58 46 5 36 43 19 14
46 10 66 15 14 53 13
70 25 12 19 68 0 44
34 28 33 21 59 63 43
66 53 9 16 43 23 17
20 9 70 54 70 23 77
22 1 25 5 49 3 52
19 68 0 32 52 62 64
44 34 33 24 43 6 28
16 43 23 30 70 26 27
0 66 21 51 66 55 34
11 12 0 40 57 39 59
50 56 4 25 55 10 6
11 12 0 34 28 33 36
69 25 54 52 26 28 26
67 2 25 17 28 68 50
63 13 34 62 42 17 33
60 9 66 57 45 38 45
47 1 20 4 7 7 14
36 43 19 1 49 49 30
64 60 24 37 52 33 12
6 21 47 24 43 6 46
53 19 6 68 61 41 54
20 9 70 67 2 25 45
24 43 6 55 2 34 49
14 29 6 18 6 70 68
21 59 63 71 21 66 38
58 46 5 44 34 33 30
66 53 9 0 66 21 17
46 10 66 18 6 70 5
6 21 47 71 21 66 19
47 1 20 28 60 61 71
36 43 19 15 14 53 44
66 53 9 51 66 55 47
21 59 63 14 29 6 64
7 21 66 64 60 24 57
66 53 9 55 2 34 56
46 10 66 10 71 6 85
42 60 12 12 44 52 43
45 70 70 56 58 9 62
52 26 28 67 2 25 24
36 43 19 69 25 54 39
62 42 17 24 43 6 11
57 45 38 22 1 25 45
46 10 66 2 2 62 8
39 56 51 7 21 66 38
8 43 44 14 29 6 40
36 43 19 71 21 66 51
29 12 57 45 70 70 59
52 26 28 48 68 23 42
59 0 53 64 60 24 66
24 43 6 42 60 12 18
4 7 7 24 43 6 36
57 45 38 67 2 25 44
9 28 34 29 12 57 28
48 68 23 26 36 13 33
67 2 25 46 10 66 41
51 66 55 14 29 6 61
65 38 64 66 53 9 57
67 2 25 8 43 44 45
23 16 67 39 56 51 43
17 28 68 6 21 47 22
24 43 6 28 60 61 57
36 43 19 55 2 34 43
47 1 20 51 66 55 73
49 33 56 21 59 63 26
51 66 55 23 16 67 51
14 29 6 26 36 13 9
45 70 70 25 55 10 61
48 68 23 23 16 67 68
56 58 9 29 12 57 66
1 49 49 64 60 24 27
16 43 23 23 16 67 51
13 2 23 61 40 70 60
24 43 6 56 58 9 15
22 1 25 58 46 5 49
35 47 38 48 68 23 25
56 58 9 63 13 34 51
38 52 22 17 28 68 51
18 6 70 11 12 0 70
47 1 20 33 60 54 68
58 46 5 19 68 0 22
38 52 22 3 2 52 58
25 55 10 30 70 26 21
70 25 12 1 49 49 44
29 12 57 23 16 67 10
70 25 12 35 47 38 34
33 60 54 45 70 70 18
27 8 4 11 12 0 5
63 13 34 4 7 7 27
51 66 55 29 12 57 54
50 56 4 36 43 19 19
48 68 23 67 2 25 66
14 29 6 28 60 61 63
6 21 47 56 58 9 53
69 25 54 61 40 70 21
31 38 27 0 66 21 28
57 45 38 50 56 4 35
70 25 12 58 46 5 22
70 25 12 7 21 66 54
68 61 41 64 60 24 17
39 56 51 21 59 63 12
20 9 70 29 12 57 13
16 43 23 70 25 12 21
63 13 34 15 14 53 19
37 52 33 38 52 22 11
47 1 20 5 49 3 50
22 1 25 33 60 54 65
67 2 25 0 66 21 64
10 71 6 11 12 0 59
29 12 57 36 43 19 49
26 36 13 37 52 33 25
9 28 34 6 21 47 14
44 34 33 33 60 54 33
27 8 4 61 40 70 73
12 44 52 21 59 63 18
13 2 23 65 38 64 54
3 2 52 33 60 54 58
10 71 6 71 21 66 78
53 19 6 62 42 17 25
41 4 36 16 43 23 41
41 4 36 1 49 49 46
3 2 52 13 2 23 29
65 38 64 36 43 19 45
52 26 28 15 14 53 27
37 52 33 23 16 67 49
38 52 22 13 2 23 50
63 13 34 27 8 4 30
40 57 39 45 70 70 33
64 60 24 46 10 66 65
48 68 23 18 6 70 77
58 46 5 4 7 7 39
9 28 34 45 70 70 55
25 55 10 34 28 33 35
65 38 64 71 21 66 17
57 45 38 68 61 41 16
34 28 33 2 2 62 38
36 43 19 19 68 0 31
49 33 56 36 43 19 38
31 38 27 62 42 17 10
65 38 64 14 29 6 58
25 55 10 5 49 3 9
12 44 52 61 40 70 18
65 38 64 44 34 33 31
15 14 53 25 55 10 59
38 52 22 4 7 7 47
62 42 17 69 25 54 40
52 26 28 68 61 41 37
68 61 41 9 28 34 33
57 45 38 8 43 44 6
38 52 22 68 61 41 21
41 4 36 35 47 38 43
21 59 63 27 8 4 77
16 43 23 49 33 56 34
24 43 6 54 70 23 31
41 4 36 33 60 54 58
56 58 9 11 12 0 46
36 43 19 30 70 26 27
17 28 68 59 0 53 31
64 60 24 63 13 34 48
3 2 52 21 59 63 58
39 56 51 40 57 39 12
53 19 6 50 56 4 37
0 66 21 18 6 70 77
12 44 52 23 16 67 31
42 60 12 25 55 10 5
58 46 5 1 49 49 44
42 60 12 50 56 4 8
17 28 68 51 66 55 40
3 2 52 56 58 9 70
23 16 67 53 19 6 61
55 2 34 51 66 55 67
64 60 24 26 36 13 26
67 2 25 58 46 5 48
58 46 5 68 61 41 39
31 38 27 6 21 47 26
0 66 21 28 60 61 40
13 2 23 43 6 6 17
69 25 54 9 28 34 20
47 1 20 1 49 49 56
7 21 66 69 25 54 12
17 28 68 46 10 66 18
69 25 54 35 47 38 27
48 68 23 36 43 19 25
60 9 66 25 55 10 72
52 26 28 13 2 23 24
43 6 6 1 49 49 60
17 28 68 55 2 34 42
57 45 38 13 2 23 45
15 14 53 33 60 54 46
15 14 53 38 52 22 49
12 44 52 69 25 54 19
38 52 22 64 60 24 8
3 2 52 45 70 70 70
42 60 12 5 49 3 14
3 2 52 58 46 5 64
16 43 23 15 14 53 41
3 2 52 63 13 34 21
46 10 66 29 12 57 9
4 7 7 8 43 44 51
65 38 64 30 70 26 49
57 45 38 70 25 12 32
40 57 39 31 38 27 22
40 57 39 38 52 22 17
44 34 33 25 55 10 31
49 33 56 24 43 6 50
45 70 70 39 56 51 23
35 47 38 37 52 33 7
25 55 10 28 60 61 51
18 6 70 33 60 54 56
31 38 27 58 46 5 23
58 46 5 23 16 67 68
2 2 62 28 60 61 58
25 55 10 18 6 70 77
30 70 26 24 43 6 33
49 33 56 23 16 67 20
66 53 9 14 29 6 24
15 14 53 5 49 3 61
0 66 21 1 49 49 32
15 14 53 47 1 20 35
30 70 26 13 2 23 68
19 68 0 31 38 27 40
11 12 0 28 60 61 77
37 52 33 44 34 33 18
71 21 66 8 43 44 31
69 25 54 23 16 67 15
55 2 34 29 12 57 25
28 60 61 44 34 33 38
22 1 25 24 43 6 46
30 70 26 19 68 0 26
16 43 23 60 9 66 54
56 58 9 14 29 6 29
0 66 21 26 36 13 31
48 68 23 39 56 51 30
51 66 55 21 59 63 10
46 10 66 60 9 66 1
29 12 57 67 2 25 33
56 58 9 71 21 66 67
28 60 61 12 44 52 18
26 36 13 24 43 6 9
40 57 39 12 44 52 18
63 13 34 61 40 70 45
2 2 62 70 25 12 55
60 9 66 31 38 27 48
29 12 57 66 53 9 63
37 52 33 54 70 23 20
22 1 25 66 53 9 54
70 25 12 4 7 7 18
59 0 53 23 16 67 21
53 19 6 51 66 55 67
29 12 57 1 49 49 37
56 58 9 34 28 33 38
3 2 52 4 7 7 45
34 28 33 71 21 66 33
39 56 51 20 9 70 50
27 8 4 3 2 52 48
43 6 6 42 60 12 54
40 57 39 26 36 13 33
55 2 34 45 70 70 76
15 14 53 54 70 23 63
8 43 44 19 68 0 50
64 60 24 3 2 52 64
22 1 25 46 10 66 41
64 60 24 28 60 61 37
64 60 24 54 70 23 10
17 28 68 63 13 34 37
32 52 62 5 49 3 59
43 6 6 29 12 57 51
1 49 49 61 40 70 22
65 38 64 17 28 68 10
12 44 52 29 12 57 32
5 49 3 50 56 4 7
51 66 55 50 56 4 51
6 21 47 16 43 23 32
65 38 64 64 60 24 45
50 56 4 64 60 24 20
35 47 38 38 52 22 16
50 56 4 54 70 23 23
1 49 49 11 12 0 61
7 21 66 57 45 38 36
36 43 19 23 16 67 55
4 7 7 65 38 64 64
23 16 67 0 66 21 67
66 53 9 59 0 53 68
60 9 66 29 12 57 9
60 9 66 51 66 55 58
32 52 62 30 70 26 40
11 12 0 66 53 9 41
66 53 9 27 8 4 45
70 25 12 71 21 66 54
11 12 0 60 9 66 66
47 1 20 31 38 27 37
49 33 56 3 2 52 31
69 25 54 47 1 20 41
6 21 47 15 14 53 9
8 43 44 10 71 6 47
40 57 39 6 21 47 36
0 66 21 27 8 4 60
4 7 7 1 49 49 59
0 66 21 52 26 28 40
18 6 70 20 9 70 3
71 21 66 50 56 4 71
6 21 47 57 45 38 25
35 47 38 64 60 24 19
24 43 6 27 8 4 35
71 21 66 33 60 54 40
8 43 44 3 2 52 41
12 44 52 48 68 23 37
11 12 0 52 26 28 31
29 12 57 27 8 4 53
25 55 10 71 21 66 65
11 12 0 14 29 6 18
71 21 66 52 26 28 38
17 28 68 40 57 39 41
18 6 70 62 42 17 64
67 2 25 2 2 62 37
12 44 52 37 52 33 20
37 52 33 58 46 5 28
53 19 6 65 38 64 61
68 61 41 50 56 4 37
8 43 44 31 38 27 17
44 34 33 16 43 23 13
62 42 17 57 45 38 21
23 16 67 68 61 41 51
56 58 9 62 42 17 17
25 55 10 40 57 39 29
46 10 66 28 60 61 50
56 58 9 2 2 62 77
55 2 34 69 25 54 30
8 43 44 50 56 4 42
36 43 19 24 43 6 13
57 45 38 5 49 3 35
69 25 54 2 2 62 24
67 2 25 50 56 4 57
69 25 54 28 60 61 35
53 19 6 16 43 23 29
20 9 70 31 38 27 51
7 21 66 50 56 4 71
37 52 33 13 2 23 50
67 2 25 3 2 52 27
39 56 51 62 42 17 36
19 68 0 3 2 52 84
2 2 62 7 21 66 19
53 19 6 0 66 21 49
30 70 26 54 70 23 3
62 42 17 26 36 13 7
15 14 53 14 29 6 49
36 43 19 66 53 9 14
69 25 54 5 49 3 56
63 13 34 12 44 52 35
63 13 34 54 70 23 58
58 46 5 5 49 3 3
14 29 6 49 33 56 50
9 28 34 49 33 56 22
9 28 34 27 8 4 36
58 46 5 56 58 9 12
36 43 19 63 13 34 33
56 58 9 65 38 64 58
55 2 34 4 7 7 27
5 49 3 54 70 23 29
3 2 52 34 28 33 32
6 21 47 4 7 7 42
16 43 23 7 21 66 48
61 40 70 45 70 70 30
54 70 23 45 70 70 47
0 66 21 45 70 70 49
36 43 19 3 2 52 52
25 55 10 1 49 49 39
24 43 6 16 43 23 17
47 1 20 58 46 5 47
46 10 66 65 38 64 28
13 2 23 28 60 61 69
68 61 41 37 52 33 12
10 71 6 54 70 23 17
27 8 4 54 70 23 64
29 12 57 8 43 44 33
10 71 6 65 38 64 66
67 2 25 42 60 12 59
13 2 23 50 56 4 57
18 6 70 47 1 20 50
39 56 51 24 43 6 46
34 28 33 68 61 41 33
37 52 33 66 53 9 24
42 60 12 57 45 38 30
44 34 33 15 14 53 28
46 10 66 41 4 36 30
37 52 33 39 56 51 18
27 8 4 2 2 62 58
7 21 66 40 57 39 45
28 60 61 21 59 63 2
3 2 52 40 57 39 56
2 2 62 51 66 55 64
56 58 9 66 53 9 5
22 1 25 31 38 27 37
27 8 4 32 52 62 72
6 21 47 55 2 34 23
8 43 44 56 58 9 38
49 33 56 10 71 6 62
36 43 19 31 38 27 9
20 9 70 27 8 4 66
62 42 17 52 26 28 19
4 7 7 59 0 53 46
10 71 6 63 13 34 64
61 40 70 25 55 10 61
6 21 47 2 2 62 24
14 29 6 45 70 70 76
23 16 67 64 60 24 61
70 25 12 34 28 33 21
68 61 41 22 1 25 62
40 57 39 65 38 64 31
33 60 54 68 61 41 13
37 52 33 62 42 17 18
55 2 34 9 28 34 26
71 21 66 58 46 5 65
41 4 36 19 68 0 73
47 1 20 55 2 34 14
39 56 51 18 6 70 53
45 70 70 24 43 6 69
48 68 23 33 60 54 32
68 61 41 29 12 57 51
18 6 70 61 40 70 34
4 7 7 62 42 17 36
64 60 24 11 12 0 53
47 1 20 35 47 38 49
24 43 6 15 14 53 55
29 12 57 14 29 6 53
39 56 51 47 1 20 63
63 13 34 58 46 5 43
0 66 21 38 52 22 14
37 52 33 41 4 36 48
41 4 36 55 2 34 2
7 21 66 35 47 38 38
61 40 70 44 34 33 37
12 44 52 68 61 41 20
50 56 4 3 2 52 72
28 60 61 10 71 6 56
21 59 63 8 43 44 24
56 58 9 43 6 6 52
39 56 51 29 12 57 44
62 42 17 20 9 70 62
12 44 52 41 4 36 43
16 43 23 45 70 70 54
1 49 49 65 38 64 18
17 28 68 25 55 10 63
20 9 70 41 4 36 34
60 9 66 66 53 9 72
14 29 6 4 7 7 22
2 2 62 18 6 70 8
2 2 62 63 13 34 30
54 70 23 56 58 9 18
30 70 26 42 60 12 17
52 26 28 8 43 44 23
35 47 38 34 28 33 19
68 61 41 13 2 23 61
31 38 27 51 66 55 39
39 56 51 14 29 6 52
19 68 0 60 9 66 88
46 10 66 54 70 23 73
64 60 24 30 70 26 10
51 66 55 16 43 23 39
16 43 23 17 28 68 47
32 52 62 70 25 12 56
21 59 63 18 6 70 53
4 7 7 34 28 33 33
54 70 23 22 1 25 69
43 6 6 9 28 34 35
59 0 53 54 70 23 76
36 43 19 25 55 10 15
30 70 26 5 49 3 31
62 42 17 11 12 0 34
61 40 70 31 38 27 43
41 4 36 2 2 62 26
27 8 4 51 66 55 77
21 59 63 52 26 28 48
4 7 7 49 33 56 55
21 59 63 58 46 5 59
37 52 33 51 66 55 26
45 70 70 65 38 64 32
17 28 68 68 61 41 42
34 28 33 65 38 64 32
58 46 5 48 68 23 28
14 29 6 62 42 17 17
25 55 10 48 68 23 18
10 71 6 15 14 53 73
39 56 51 59 0 53 56
19 68 0 28 60 61 61
10 71 6 38 52 22 24
27 8 4 16 43 23 39
9 28 34 48 68 23 41
67 2 25 53 19 6 25
68 61 41 44 34 33 28
67 2 25 33 60 54 64
59 0 53 52 26 28 36
64 60 24 14 29 6 35
58 46 5 59 0 53 66
13 2 23 15 14 53 32
30 70 26 59 0 53 75
66 53 9 10 71 6 18
12 44 52 50 56 4 49
44 34 33 6 21 47 19
25 55 10 12 44 52 43
25 55 10 8 43 44 36
32 52 62 23 16 67 36
23 16 67 17 28 68 12
58 46 5 33 60 54 50
70 25 12 28 60 61 60
70 25 12 52 26 28 16
19 68 0 10 71 6 6
11 12 0 58 46 5 34
22 1 25 55 2 34 9
8 43 44 61 40 70 26
61 40 70 62 42 17 53
39 56 51 16 43 23 30
62 42 17 17 28 68 52
32 52 62 2 2 62 50
9 28 34 1 49 49 25
7 21 66 45 70 70 49
19 68 0 34 28 33 51
13 2 23 18 6 70 47
70 25 12 17 28 68 56
14 29 6 52 26 28 22
67 2 25 1 49 49 52
7 21 66 12 44 52 26
6 21 47 21 59 63 41
34 28 33 50 56 4 40
20 9 70 4 7 7 63
33 60 54 49 33 56 27
69 25 54 6 21 47 8
44 34 33 64 60 24 27
54 70 23 66 53 9 22
43 6 6 53 19 6 13
70 25 12 60 9 66 56
45 70 70 5 49 3 70
13 2 23 35 47 38 47
29 12 57 35 47 38 39
58 46 5 0 66 21 25
11 12 0 20 9 70 70
16 43 23 28 60 61 41
31 38 27 71 21 66 42
61 40 70 38 52 22 49
7 21 66 65 38 64 17
70 25 12 29 12 57 46
53 19 6 39 56 51 58
65 38 64 41 4 36 44
41 4 36 42 60 12 60
2 2 62 5 49 3 75
43 6 6 44 34 33 38
46 10 66 20 9 70 4
1 49 49 35 47 38 11
50 56 4 41 4 36 61
52 26 28 4 7 7 28
52 26 28 10 71 6 50
55 2 34 16 43 23 42
19 68 0 18 6 70 93
0 66 21 2 2 62 76
35 47 38 68 61 41 14
40 57 39 9 28 34 29
43 6 6 61 40 70 72
22 1 25 11 12 0 27
31 38 27 65 38 64 37
71 21 66 67 2 25 45
4 7 7 53 19 6 12
1 49 49 57 45 38 11
67 2 25 61 40 70 58
33 60 54 46 10 66 51
17 28 68 3 2 52 30
71 21 66 1 49 49 32
35 47 38 57 45 38 2
14 29 6 2 2 62 62
52 26 28 33 60 54 42
35 47 38 62 42 17 21
39 56 51 68 61 41 11
7 21 66 56 58 9 67
24 43 6 61 40 70 64
38 52 22 7 21 66 53
67 2 25 18 6 70 45
59 0 53 49 33 56 33
10 71 6 32 52 62 59
65 38 64 54 70 23 52
50 56 4 21 59 63 59
20 9 70 64 60 24 68
56 58 9 46 10 66 74
59 0 53 2 2 62 9
17 28 68 19 68 0 78
20 9 70 63 13 34 36
71 21 66 51 66 55 46
24 43 6 29 12 57 59
56 58 9 32 52 62 53
5 49 3 70 25 12 25
66 53 9 43 6 6 47
17 28 68 60 9 66 19
40 57 39 24 43 6 35
68 61 41 45 70 70 30
41 4 36 7 21 66 34
37 52 33 69 25 54 34
41 4 36 23 16 67 33
35 47 38 30 70 26 25
48 68 23 0 66 21 2
0 66 21 49 33 56 48
29 12 57 16 43 23 46
37 52 33 50 56 4 29
23 16 67 31 38 27 45
33 60 54 31 38 27 34
47 1 20 42 60 12 59
29 12 57 6 21 47 13
17 28 68 66 53 9 64
17 28 68 39 56 51 32
3 2 52 55 2 34 18
58 46 5 55 2 34 52
23 16 67 24 43 6 66
27 8 4 71 21 66 63
0 66 21 41 4 36 63
30 70 26 2 2 62 76
16 43 23 62 42 17 6
70 25 12 68 61 41 46
3 2 52 24 43 6 61
43 6 6 68 61 41 65
53 19 6 54 70 23 53
39 56 51 46 10 66 48
46 10 66 55 2 34 32
60 9 66 8 43 44 40
38 52 22 23 16 67 57
61 40 70 10 71 6 71
7 21 66 3 2 52 23
51 66 55 18 6 70 61
15 14 53 30 70 26 62
51 66 55 36 43 19 42
60 9 66 47 1 20 46
15 14 53 22 1 25 30
71 21 66 62 42 17 53
49 33 56 67 2 25 43
28 60 61 20 9 70 51
24 43 6 8 43 44 38
52 26 28 23 16 67 40
36 43 19 53 19 6 27
21 59 63 61 40 70 20
59 0 53 44 34 33 39
9 28 34 17 28 68 34
64 60 24 60 9 66 66
18 6 70 56 58 9 80
1 49 49 8 43 44 7
55 2 34 70 25 12 31
45 70 70 66 53 9 63
6 21 47 0 66 21 51
59 0 53 36 43 19 54
1 49 49 19 68 0 52
24 43 6 48 68 23 30
37 52 33 46 10 66 53
61 40 70 2 2 62 38
23 16 67 10 71 6 82
70 25 12 8 43 44 36
10 71 6 45 70 70 64
25 55 10 6 21 47 50
44 34 33 7 21 66 35
32 52 62 38 52 22 40
9 28 34 51 66 55 43
31 38 27 18 6 70 53
71 21 66 69 25 54 12
15 14 53 3 2 52 12
49 33 56 13 2 23 45
57 45 38 18 6 70 50
48 68 23 13 2 23 66
27 8 4 67 2 25 21
69 25 54 18 6 70 24
66 53 9 44 34 33 30
24 43 6 53 19 6 24
39 56 51 27 8 4 67
49 33 56 65 38 64 9
37 52 33 24 43 6 28
15 14 53 37 52 33 42
39 56 51 10 71 6 47
61 40 70 55 2 34 52
7 21 66 42 60 12 66
29 12 57 37 52 33 46
12 44 52 13 2 23 51
10 71 6 30 70 26 20
40 57 39 63 13 34 44
6 21 47 20 9 70 25
2 2 62 71 21 66 19
8 43 44 30 70 26 32
7 21 66 1 49 49 32
5 49 3 60 9 66 74
62 42 17 65 38 64 47
21 59 63 54 70 23 41
60 9 66 56 58 9 75
34 28 33 27 8 4 35
19 68 0 26 36 13 34
20 9 70 51 66 55 58
68 61 41 47 1 20 63
16 43 23 18 6 70 59
55 2 34 40 57 39 55
2 2 62 4 7 7 55
65 38 64 51 66 55 29
4 7 7 5 49 3 42
64 60 24 67 2 25 58
70 25 12 51 66 55 59
30 70 26 18 6 70 77
43 6 6 26 36 13 30
5 49 3 52 26 28 33
51 66 55 28 60 61 8
35 47 38 52 26 28 23
29 12 57 22 1 25 33
32 52 62 41 4 36 54
3 2 52 26 36 13 51
27 8 4 50 56 4 48
13 2 23 63 13 34 15
40 57 39 69 25 54 35
61 40 70 6 21 47 29
65 38 64 21 59 63 21
60 9 66 37 52 33 54
26 36 13 31 38 27 14
36 43 19 22 1 25 42
60 9 66 20 9 70 4
51 66 55 40 57 39 18
53 19 6 66 53 9 34
19 68 0 33 60 54 54
29 12 57 10 71 6 77
28 60 61 62 42 17 47
32 52 62 15 14 53 39
13 2 23 6 21 47 30
32 52 62 67 2 25 62
15 14 53 55 2 34 22
38 52 22 12 44 52 31
42 60 12 4 7 7 53
29 12 57 28 60 61 48
27 8 4 26 36 13 29
41 4 36 45 70 70 74
21 59 63 55 2 34 63
28 60 61 40 57 39 22
46 10 66 53 19 6 60
28 60 61 49 33 56 27
67 2 25 26 36 13 36
64 60 24 47 1 20 59
43 6 6 52 26 28 29
68 61 41 2 2 62 62
70 25 12 21 59 63 61
5 49 3 44 34 33 33
6 21 47 68 61 41 40
55 2 34 20 9 70 36
42 60 12 65 38 64 56
49 33 56 43 6 6 56
62 42 17 27 8 4 36
60 9 66 18 6 70 5
68 61 41 20 9 70 59
13 2 23 55 2 34 11
21 59 63 0 66 21 42
15 14 53 71 21 66 14
64 60 24 8 43 44 26
15 14 53 27 8 4 49
11 12 0 54 70 23 62
7 21 66 67 2 25 45
31 38 27 63 13 34 25
45 70 70 67 2 25 81
58 46 5 38 52 22 18
64 60 24 25 55 10 14
63 13 34 68 61 41 48
62 42 17 2 2 62 60
20 9 70 42 60 12 77
21 59 63 5 49 3 60
10 71 6 36 43 19 30
27 8 4 12 44 52 60
56 58 9 59 0 53 72
64 60 24 62 42 17 19
47 1 20 45 70 70 85
57 45 38 55 2 34 43
54 70 23 47 1 20 69
11 12 0 16 43 23 38
44 34 33 67 2 25 32
24 43 6 2 2 62 69
47 1 20 21 59 63 72
28 60 61 56 58 9 52
16 43 23 48 68 23 25
29 12 57 63 13 34 23
56 58 9 42 60 12 3
65 38 64 58 46 5 59
17 28 68 18 6 70 22
52 26 28 18 6 70 46
8 43 44 35 47 38 7
40 57 39 18 6 70 59
17 28 68 24 43 6 63
50 56 4 66 53 9 5
7 21 66 6 21 47 19
52 26 28 64 60 24 34
44 34 33 38 52 22 21
39 56 51 66 53 9 42
10 71 6 68 61 41 36
47 1 20 70 25 12 25
53 19 6 11 12 0 9
39 56 51 38 52 22 29
67 2 25 37 52 33 50
28 60 61 57 45 38 27
5 49 3 6 21 47 52
22 1 25 14 29 6 33
39 56 51 60 9 66 49
30 70 26 40 57 39 18
15 14 53 29 12 57 4
43 6 6 31 38 27 38
2 2 62 29 12 57 11
15 14 53 4 7 7 46
49 33 56 60 9 66 26
32 52 62 44 34 33 34
26 36 13 58 46 5 12
22 1 25 6 21 47 29
56 58 9 44 34 33 33
53 19 6 13 2 23 24
60 9 66 69 25 54 20
42 60 12 45 70 70 58
20 9 70 2 2 62 10
71 21 66 29 12 57 12
39 56 51 1 49 49 7
19 68 0 66 53 9 17
14 29 6 27 8 4 21
69 25 54 44 34 33 22
69 25 54 65 38 64 16
66 53 9 13 2 23 52
26 36 13 57 45 38 26
11 12 0 51 66 55 77
49 33 56 61 40 70 15
8 43 44 41 4 36 39
23 16 67 71 21 66 5
42 60 12 37 52 33 22
8 43 44 43 6 6 53
63 13 34 24 43 6 41
7 21 66 9 28 34 32
36 43 19 43 6 6 39
58 46 5 54 70 23 30
45 70 70 2 2 62 68
35 47 38 36 43 19 19
7 21 66 25 55 10 65
27 8 4 38 52 22 47
56 58 9 48 68 23 17
44 34 33 54 70 23 37
21 59 63 63 13 34 54
56 58 9 30 70 26 20
22 1 25 18 6 70 45
24 43 6 67 2 25 45
42 60 12 10 71 6 12
65 38 64 47 1 20 57
42 60 12 70 25 12 35
50 56 4 10 71 6 15
17 28 68 49 33 56 13
42 60 12 66 53 9 7
44 34 33 51 66 55 38
46 10 66 31 38 27 48
40 57 39 0 66 21 20
46 10 66 59 0 53 16
7 21 66 10 71 6 78
45 70 70 62 42 17 59
26 36 13 25 55 10 19
63 13 34 0 66 21 54
50 56 4 18 6 70 82
4 7 7 11 12 0 8
41 4 36 4 7 7 29
1 49 49 59 0 53 49
35 47 38 0 66 21 25
64 60 24 41 4 36 57
7 21 66 53 19 6 60
71 21 66 17 28 68 7
23 16 67 63 13 34 33
59 0 53 50 56 4 74
13 2 23 4 7 7 16
48 68 23 10 71 6 17
23 16 67 45 70 70 54
32 52 62 57 45 38 25
34 28 33 39 56 51 33
1 49 49 56 58 9 41
20 9 70 13 2 23 47
60 9 66 61 40 70 31
26 36 13 69 25 54 42
31 38 27 1 49 49 24
19 68 0 69 25 54 69
37 52 33 28 60 61 29
48 68 23 2 2 62 76
46 10 66 32 52 62 42
47 1 20 6 21 47 33
25 55 10 68 61 41 31
3 2 52 23 16 67 20
2 2 62 47 1 20 42
6 21 47 19 68 0 66
67 2 25 9 28 34 27
21 59 63 30 70 26 38
38 52 22 26 36 13 18
35 47 38 31 38 27 14
35 47 38 17 28 68 35
34 28 33 64 60 24 33
14 29 6 7 21 66 60
10 71 6 16 43 23 32
39 56 51 12 44 52 12
39 56 51 51 66 55 10
17 28 68 2 2 62 26
14 29 6 20 9 70 67
27 8 4 30 70 26 65
14 29 6 5 49 3 20
47 1 20 10 71 6 71
7 21 66 66 53 9 65
66 53 9 33 60 54 45
15 14 53 48 68 23 61
64 60 24 13 2 23 58
31 38 27 16 43 23 6
40 57 39 35 47 38 10
39 56 51 22 1 25 60
46 10 66 63 13 34 32
60 9 66 43 6 6 60
32 52 62 33 60 54 11
30 70 26 3 2 52 72
60 9 66 71 21 66 12
36 43 19 46 10 66 57
36 43 19 14 29 6 19
14 29 6 47 1 20 31
17 28 68 22 1 25 50
48 68 23 61 40 70 54
41 4 36 17 28 68 40
36 43 19 28 60 61 45
62 42 17 33 60 54 41
63 13 34 57 45 38 32
9 28 34 11 12 0 37
17 28 68 31 38 27 42
43 6 6 63 13 34 28
34 28 33 31 38 27 11
71 21 66 26 36 13 55
57 45 38 23 16 67 41
42 60 12 3 2 52 70
39 56 51 25 55 10 41
43 6 6 3 2 52 46
48 68 23 64 60 24 8
24 43 6 13 2 23 44
7 21 66 60 9 66 12
45 70 70 4 7 7 89
21 59 63 66 53 9 54
11 12 0 61 40 70 75
33 60 54 53 19 6 63
56 58 9 13 2 23 57
52 26 28 57 45 38 21
53 19 6 10 71 6 52
38 52 22 25 55 10 12
46 10 66 25 55 10 71
6 21 47 41 4 36 20
31 38 27 64 60 24 22
23 16 67 34 28 33 36
9 28 34 47 1 20 30
8 43 44 40 57 39 14
25 55 10 67 2 25 55
12 44 52 10 71 6 53
35 47 38 50 56 4 35
0 66 21 25 55 10 15
58 46 5 45 70 70 69
43 6 6 10 71 6 65
40 57 39 5 49 3 36
7 21 66 47 1 20 50
9 28 34 63 13 34 15
71 21 66 54 70 23 65
24 43 6 43 6 6 37
13 2 23 51 66 55 71
22 1 25 25 55 10 56
4 7 7 68 61 41 63
53 19 6 21 59 63 69
68 61 41 49 33 56 31
16 43 23 59 0 53 52
71 21 66 22 1 25 45
3 2 52 59 0 53 2
2 2 62 50 56 4 79
39 56 51 54 70 23 31
21 59 63 15 14 53 46
9 28 34 0 66 21 40
54 70 23 25 55 10 19
42 60 12 69 25 54 54
23 16 67 7 21 66 5
43 6 6 39 56 51 67
30 70 26 66 53 9 24
66 53 9 52 26 28 33
62 42 17 25 55 10 14
17 28 68 0 66 21 60
41 4 36 10 71 6 73
50 56 4 6 21 47 55
22 1 25 1 49 49 53
9 28 34 59 0 53 33
11 12 0 71 21 66 66
29 12 57 65 38 64 26
32 52 62 64 60 24 38
20 9 70 47 1 20 50
10 71 6 24 43 6 28
57 45 38 47 1 20 47
53 19 6 22 1 25 26
6 21 47 30 70 26 53
43 6 6 12 44 52 59
7 21 66 52 26 28 38
16 43 23 9 28 34 18
33 60 54 9 28 34 37
41 4 36 62 42 17 42
63 13 34 65 38 64 39
71 21 66 68 61 41 47
24 43 6 19 68 0 25
54 70 23 38 52 22 18
43 6 6 47 1 20 14
10 71 6 26 36 13 35
36 43 19 52 26 28 19
21 59 63 42 60 12 51
61 40 70 14 29 6 64
60 9 66 35 47 38 47
19 68 0 35 47 38 43
16 43 23 8 43 44 21
35 47 38 33 60 54 20
53 19 6 29 12 57 51
30 70 26 44 34 33 36
59 0 53 55 2 34 19
40 57 39 15 14 53 45
7 21 66 68 61 41 47
43 6 6 45 70 70 90
6 21 47 46 10 66 21
59 0 53 13 2 23 30
45 70 70 15 14 53 58
6 21 47 10 71 6 64
65 38 64 5 49 3 61
28 60 61 1 49 49 16
58 46 5 64 60 24 23
8 43 44 39 56 51 14
20 9 70 43 6 6 64
44 34 33 31 38 27 7
70 25 12 66 53 9 28
45 70 70 37 52 33 41
31 38 27 32 52 62 37
57 45 38 17 28 68 34
9 28 34 20 9 70 40
22 1 25 32 52 62 63
49 33 56 31 38 27 29
22 1 25 21 59 63 69
3 2 52 31 38 27 43
62 42 17 0 66 21 24
50 56 4 46 10 66 77
14 29 6 54 70 23 44
39 56 51 70 25 12 49
55 2 34 63 13 34 11
12 44 52 57 45 38 14
15 14 53 9 28 34 23
36 43 19 38 52 22 9
57 45 38 16 43 23 15
46 10 66 8 43 44 39
9 28 34 39 56 51 32
27 8 4 44 34 33 38
27 8 4 55 2 34 30
37 52 33 52 26 28 26
56 58 9 20 9 70 78
61 40 70 70 25 12 59
16 43 23 65 38 64 41
63 13 34 32 52 62 48
61 40 70 16 43 23 47
53 19 6 59 0 53 50
25 55 10 31 38 27 24
51 66 55 4 7 7 76
56 58 9 22 1 25 59
5 49 3 19 68 0 19
22 1 25 8 43 44 46
12 44 52 51 66 55 22
62 42 17 29 12 57 50
39 56 51 65 38 64 22
34 28 33 43 6 6 34
41 4 36 40 57 39 53
70 25 12 27 8 4 18
33 60 54 1 49 49 12
36 43 19 47 1 20 42
36 43 19 12 44 52 33
12 44 52 31 38 27 25
25 55 10 3 2 52 67
67 2 25 13 2 23 2
67 2 25 16 43 23 41
69 25 54 8 43 44 20
24 43 6 9 28 34 31
35 47 38 66 53 9 29
69 25 54 41 4 36 27
7 21 66 46 10 66 11
45 70 70 32 52 62 19
52 26 28 46 10 66 41
57 45 38 40 57 39 12
32 52 62 6 21 47 34
2 2 62 43 6 6 56
68 61 41 42 60 12 29
64 60 24 18 6 70 70
19 68 0 48 68 23 23
28 60 61 6 21 47 41
13 2 23 2 2 62 39
54 70 23 62 42 17 28
31 38 27 5 49 3 26
11 12 0 12 44 52 61
41 4 36 34 28 33 24
8 43 44 65 38 64 20
20 9 70 48 68 23 75
30 70 26 60 9 66 72
66 53 9 25 55 10 2
35 47 38 32 52 62 24
18 6 70 35 47 38 52
69 25 54 17 28 68 14
38 52 22 65 38 64 44
9 28 34 66 53 9 35
27 8 4 57 45 38 50
1 49 49 30 70 26 31
42 60 12 46 10 66 73
68 61 41 54 70 23 20
3 2 52 52 26 28 33
64 60 24 61 40 70 50
59 0 53 69 25 54 25
29 12 57 61 40 70 30
63 13 34 18 6 70 36
16 43 23 32 52 62 40
29 12 57 44 34 33 32
32 52 62 4 7 7 71
29 12 57 13 2 23 35
7 21 66 27 8 4 63
55 2 34 10 71 6 74
63 13 34 16 43 23 31
28 60 61 41 4 36 61
16 43 23 50 56 4 23
63 13 34 53 19 6 28
35 47 38 4 7 7 50
0 66 21 33 60 54 33
17 28 68 30 70 26 59
52 26 28 45 70 70 60
43 6 6 70 25 12 19
28 60 61 15 14 53 46
48 68 23 17 28 68 60
18 6 70 71 21 66 15
15 14 53 1 49 49 35
25 55 10 55 2 34 58
24 43 6 41 4 36 49
28 60 61 18 6 70 54
51 66 55 32 52 62 15
52 26 28 63 13 34 14
52 26 28 61 40 70 44
36 43 19 64 60 24 17
25 55 10 49 33 56 50
51 66 55 8 43 44 25
52 26 28 51 66 55 48
1 49 49 27 8 4 60
24 43 6 46 10 66 68
3 2 52 6 21 47 19
28 60 61 17 28 68 32
2 2 62 53 19 6 58
13 2 23 10 71 6 71
21 59 63 24 43 6 59
40 57 39 64 60 24 15
60 9 66 52 26 28 41
69 25 54 64 60 24 46
43 6 6 27 8 4 2
15 14 53 65 38 64 26
22 1 25 41 4 36 11
59 0 53 29 12 57 12
39 56 51 50 56 4 47
38 52 22 16 43 23 9
14 29 6 41 4 36 39
34 28 33 18 6 70 43
21 59 63 69 25 54 35
62 42 17 3 2 52 53
19 68 0 53 19 6 49
67 2 25 40 57 39 56
48 68 23 34 28 33 41
64 60 24 42 60 12 12
25 55 10 19 68 0 16
30 70 26 0 66 21 6
59 0 53 37 52 33 55
27 8 4 31 38 27 37
20 9 70 21 59 63 50
4 7 7 12 44 52 58
13 2 23 71 21 66 47
10 71 6 35 47 38 40
21 59 63 64 60 24 39
63 13 34 48 68 23 56
44 34 33 48 68 23 35
19 68 0 27 8 4 60
66 53 9 64 60 24 16
43 6 6 11 12 0 8
26 36 13 36 43 19 9
29 12 57 26 36 13 50
58 46 5 60 9 66 71
33 60 54 64 60 24 30
69 25 54 56 58 9 55
29 12 57 49 33 56 21
9 28 34 35 47 38 19
48 68 23 71 21 66 63
56 58 9 57 45 38 31
61 40 70 33 60 54 25
62 42 17 8 43 44 27
39 56 51 49 33 56 23
43 6 6 14 29 6 23
18 6 70 38 52 22 66
62 42 17 58 46 5 12
31 38 27 42 60 12 26
11 12 0 21 59 63 78
48 68 23 14 29 6 42
69 25 54 45 70 70 47
57 45 38 51 66 55 27
8 43 44 34 28 33 18
36 43 19 61 40 70 51
30 70 26 38 52 22 18
38 52 22 71 21 66 53
7 21 66 4 7 7 60
3 2 52 53 19 6 49
12 44 52 66 53 9 43
64 60 24 53 19 6 44
1 49 49 24 43 6 43
22 1 25 27 8 4 22
1 49 49 52 26 28 31
33 60 54 16 43 23 35
14 29 6 58 46 5 17
37 52 33 33 60 54 22
17 28 68 33 60 54 34
1 49 49 20 9 70 45
21 59 63 57 45 38 28
27 8 4 45 70 70 90
36 43 19 37 52 33 16
8 43 44 66 53 9 36
5 49 3 63 13 34 47
15 14 53 23 16 67 14
34 28 33 33 60 54 38
69 25 54 3 2 52 23
30 70 26 4 7 7 65
47 1 20 63 13 34 18
14 29 6 67 2 25 33
29 12 57 54 70 23 67
52 26 28 26 36 13 18
44 34 33 40 57 39 23
26 36 13 66 53 9 17
17 28 68 29 12 57 19
51 66 55 22 1 25 71
50 56 4 43 6 6 50
42 60 12 15 14 53 61
20 9 70 16 43 23 58
9 28 34 26 36 13 22
40 57 39 36 43 19 24
58 46 5 25 55 10 10
19 68 0 57 45 38 44
71 21 66 40 57 39 45
51 66 55 45 70 70 15
57 45 38 29 12 57 38
47 1 20 12 44 52 53
35 47 38 46 10 66 46
27 8 4 56 58 9 50
28 60 61 7 21 66 39
26 36 13 23 16 67 57
46 10 66 21 59 63 49
51 66 55 24 43 6 54
33 60 54 8 43 44 19
32 52 62 43 6 6 72
47 1 20 8 43 44 48
31 38 27 29 12 57 39
51 66 55 63 13 34 57
36 43 19 32 52 62 43
56 58 9 5 49 3 10
24 43 6 12 44 52 46
55 2 34 52 26 28 24
32 52 62 26 36 13 51
0 66 21 55 2 34 65
23 16 67 47 1 20 49
34 28 33 42 60 12 38
42 60 12 22 1 25 60
43 6 6 55 2 34 28
51 66 55 5 49 3 54
71 21 66 9 28 34 32
6 21 47 14 29 6 41
24 43 6 58 46 5 3
64 60 24 55 2 34 58
6 21 47 48 68 23 52
6 21 47 66 53 9 49
44 34 33 35 47 38 13
32 52 62 13 2 23 63
61 40 70 65 38 64 6
62 42 17 42 60 12 18
57 45 38 46 10 66 44
37 52 33 19 68 0 36
62 42 17 36 43 19 2
35 47 38 43 6 6 52
48 68 23 70 25 12 44
15 14 53 17 28 68 20
63 13 34 8 43 44 31
67 2 25 41 4 36 11
28 60 61 66 53 9 52
19 68 0 13 2 23 69
28 60 61 54 70 23 39
5 49 3 64 60 24 23
58 46 5 28 60 61 57
34 28 33 47 1 20 29
42 60 12 8 43 44 36
3 2 52 44 34 33 37
21 59 63 29 12 57 47
46 10 66 23 16 67 6
46 10 66 62 42 17 58
37 52 33 17 28 68 42
50 56 4 56 58 9 5
35 47 38 5 49 3 35
67 2 25 55 2 34 9
14 29 6 37 52 33 35
32 52 62 69 25 54 28
30 70 26 55 2 34 68
49 33 56 40 57 39 29
53 19 6 26 36 13 18
21 59 63 16 43 23 43
10 71 6 37 52 33 33
24 43 6 14 29 6 14
49 33 56 66 53 9 51
63 13 34 39 56 51 46
46 10 66 61 40 70 30
43 6 6 5 49 3 43
65 38 64 35 47 38 27
41 4 36 26 36 13 39
0 66 21 42 60 12 10
12 44 52 35 47 38 14
0 66 21 50 56 4 19
48 68 23 37 52 33 18
37 52 33 18 6 70 59
42 60 12 32 52 62 50
2 2 62 23 16 67 14
41 4 36 30 70 26 66
9 28 34 57 45 38 17
54 70 23 35 47 38 27
32 52 62 52 26 28 42
26 36 13 21 59 63 55
3 2 52 57 45 38 45
21 59 63 7 21 66 38
7 21 66 62 42 17 53
53 19 6 48 68 23 51
24 43 6 7 21 66 63
32 52 62 40 57 39 23
42 60 12 33 60 54 42
67 2 25 43 6 6 19
1 49 49 50 56 4 45
8 43 44 13 2 23 46
69 25 54 16 43 23 35
51 66 55 61 40 70 30
61 40 70 22 1 25 59
70 25 12 45 70 70 73
18 6 70 66 53 9 77
31 38 27 53 19 6 28
5 49 3 36 43 19 17
16 43 23 58 46 5 18
50 56 4 17 28 68 69
12 44 52 3 2 52 42
60 9 66 1 49 49 43
64 60 24 0 66 21 6
61 40 70 41 4 36 49
38 52 22 60 9 66 61
57 45 38 11 12 0 50
51 66 55 68 61 41 14
1 49 49 49 33 56 17
39 56 51 36 43 19 34
26 36 13 22 1 25 37
37 52 33 3 2 52 53
36 43 19 11 12 0 36
52 26 28 50 56 4 38
15 14 53 56 58 9 62
68 61 41 62 42 17 30
11 12 0 23 16 67 67
20 9 70 22 1 25 45
2 2 62 21 59 63 57
70 25 12 41 4 36 31
16 43 23 37 52 33 13
64 60 24 51 66 55 31
69 25 54 30 70 26 53
24 43 6 64 60 24 24
48 68 23 31 38 27 30
16 43 23 3 2 52 50
9 28 34 54 70 23 43
23 16 67 40 57 39 49
15 14 53 70 25 12 42
8 43 44 55 2 34 42
2 2 62 22 1 25 37
7 21 66 59 0 53 24
9 28 34 21 59 63 42
0 66 21 12 44 52 38
14 29 6 68 61 41 47
1 49 49 34 28 33 26
36 43 19 8 43 44 25
15 14 53 62 42 17 45
58 46 5 43 6 6 40
27 8 4 58 46 5 38
14 29 6 25 55 10 26
4 7 7 27 8 4 3
64 60 24 56 58 9 15
22 1 25 40 57 39 57
6 21 47 42 60 12 52
26 36 13 4 7 7 29
7 21 66 51 66 55 46
62 42 17 30 70 26 29
49 33 56 57 45 38 21
6 21 47 1 49 49 28
60 9 66 44 34 33 41
58 46 5 29 12 57 62
58 46 5 18 6 70 76
44 34 33 34 28 33 6
18 6 70 59 0 53 18
38 52 22 33 60 54 32
17 28 68 1 49 49 28
39 56 51 13 2 23 60
34 28 33 62 42 17 21
68 61 41 46 10 66 56
34 28 33 9 28 34 1
54 70 23 16 43 23 27
60 9 66 48 68 23 73
10 71 6 31 38 27 39
14 29 6 38 52 22 28
69 25 54 63 13 34 23
11 12 0 68 61 41 63
9 28 34 3 2 52 31
52 26 28 49 33 56 28
54 70 23 8 43 44 34
9 28 34 28 60 61 41
41 4 36 54 70 23 67
52 26 28 39 56 51 37
32 52 62 48 68 23 42
2 2 62 33 60 54 58
8 43 44 38 52 22 23
47 1 20 0 66 21 65
12 44 52 18 6 70 42
40 57 39 34 28 33 29
38 52 22 6 21 47 39
52 26 28 29 12 57 32
34 28 33 28 60 61 42
19 68 0 7 21 66 81
3 2 52 11 12 0 52
60 9 66 32 52 62 43
47 1 20 61 40 70 63
20 9 70 70 25 12 60
0 66 21 13 2 23 64
4 7 7 29 12 57 50
32 52 62 1 49 49 13
28 60 61 31 38 27 40
56 58 9 68 61 41 32
49 33 56 70 25 12 44
56 58 9 40 57 39 30
58 46 5 40 57 39 35
25 55 10 65 38 64 56
24 43 6 35 47 38 32
29 12 57 41 4 36 22
0 66 21 7 21 66 63
58 46 5 34 28 33 33
68 61 41 30 70 26 17
59 0 53 48 68 23 74
22 1 25 9 28 34 28
46 10 66 58 46 5 70
32 52 62 49 33 56 19
1 49 49 69 25 54 24
70 25 12 36 43 19 19
32 52 62 61 40 70 14
24 43 6 71 21 66 63
28 60 61 32 52 62 8
44 34 33 1 49 49 21
30 70 26 43 6 6 67
23 16 67 35 47 38 42
52 26 28 58 46 5 30
47 1 20 32 52 62 66
35 47 38 56 58 9 31
18 6 70 3 2 52 18
47 1 20 16 43 23 42
25 55 10 37 52 33 23
42 60 12 59 0 53 72
22 1 25 62 42 17 41
44 34 33 4 7 7 37
67 2 25 68 61 41 61
24 43 6 25 55 10 12
56 58 9 49 33 56 53
6 21 47 45 70 70 54
59 0 53 24 43 6 63
33 60 54 59 0 53 60
53 19 6 55 2 34 32
18 6 70 45 70 70 64
45 70 70 26 36 13 66
20 9 70 66 53 9 75
3 2 52 71 21 66 23
5 49 3 16 43 23 20
20 9 70 25 55 10 75
68 61 41 66 53 9 32
17 28 68 27 8 4 67
44 34 33 71 21 66 35
30 70 26 58 46 5 31
61 40 70 23 16 67 24
22 1 25 49 33 56 44
34 28 33 61 40 70 38
67 2 25 30 70 26 68
1 49 49 12 44 52 5
41 4 36 21 59 63 61
3 2 52 1 49 49 47
25 55 10 35 47 38 29
3 2 52 47 1 20 32
1 49 49 38 52 22 27
3 2 52 0 66 21 71
57 45 38 69 25 54 25
65 38 64 6 21 47 24
16 43 23 25 55 10 17
2 2 62 54 70 23 78
11 12 0 50 56 4 44
24 43 6 33 60 54 50
16 43 23 4 7 7 39
19 68 0 16 43 23 33
61 40 70 19 68 0 75
50 56 4 69 25 54 58
47 1 20 59 0 53 33
12 44 52 22 1 25 50
52 26 28 38 52 22 26
23 16 67 6 21 47 20
55 2 34 14 29 6 38
22 1 25 48 68 23 67
40 57 39 13 2 23 57
69 25 54 31 38 27 29
32 52 62 8 43 44 20
54 70 23 70 25 12 46
5 49 3 18 6 70 79
57 45 38 58 46 5 33
0 66 21 46 10 66 71
48 68 23 38 52 22 16
33 60 54 55 2 34 61
29 12 57 3 2 52 11
32 52 62 58 46 5 57
34 28 33 24 43 6 30
35 47 38 15 14 53 36
45 70 70 1 49 49 29
29 12 57 69 25 54 13
68 61 41 21 59 63 22
28 60 61 67 2 25 68
59 0 53 26 36 13 53
16 43 23 42 60 12 20
39 56 51 3 2 52 54
42 60 12 55 2 34 62
32 52 62 3 2 52 50
12 44 52 46 10 66 36
31 38 27 70 25 12 19
70 25 12 25 55 10 30
20 9 70 8 43 44 42
41 4 36 53 19 6 33
28 60 61 39 56 51 10
23 16 67 1 49 49 37
26 36 13 51 66 55 51
11 12 0 38 52 22 45
26 36 13 55 2 34 39
53 19 6 69 25 54 48
19 68 0 65 38 64 70
0 66 21 70 25 12 41
27 8 4 25 55 10 47
33 60 54 70 25 12 54
4 7 7 28 60 61 75
10 71 6 5 49 3 22
7 21 66 49 33 56 15
10 71 6 25 55 10 16
50 56 4 31 38 27 29
46 10 66 19 68 0 87
47 1 20 17 28 68 55
62 42 17 9 28 34 22
21 59 63 60 9 66 50
68 61 41 60 9 66 57
52 26 28 12 44 52 30
6 21 47 27 8 4 44
66 53 9 15 14 53 58
37 52 33 70 25 12 34
28 60 61 55 2 34 63
45 70 70 53 19 6 81
15 14 53 12 44 52 30
67 2 25 19 68 0 70
40 57 39 20 9 70 57
6 21 47 8 43 44 22
67 2 25 6 21 47 29
54 70 23 32 52 62 42
15 14 53 0 66 21 61
5 49 3 48 68 23 27
27 8 4 5 49 3 41
38 52 22 42 60 12 12
47 1 20 13 2 23 3
26 36 13 39 56 51 42
22 1 25 3 2 52 27
41 4 36 60 9 66 30
47 1 20 22 1 25 5
47 1 20 41 4 36 16
61 40 70 59 0 53 43
20 9 70 5 49 3 78
9 28 34 2 2 62 38
17 28 68 52 26 28 40
60 9 66 4 7 7 59
35 47 38 21 59 63 27
2 2 62 19 68 0 90
47 1 20 53 19 6 22
62 42 17 49 33 56 40
49 33 56 8 43 44 15
45 70 70 60 9 66 61
55 2 34 71 21 66 37
66 53 9 69 25 54 53
29 12 57 42 60 12 65
15 14 53 39 56 51 42
68 61 41 41 4 36 57
45 70 70 28 60 61 13
38 52 22 45 70 70 51
62 42 17 67 2 25 40
60 9 66 34 28 33 38
55 2 34 35 47 38 45
8 43 44 15 14 53 30
34 28 33 37 52 33 24
67 2 25 22 1 25 1