52 1326
8 35 19 50 17 45 31
48 22 6 30 42 40 39
2 41 35 3 8 2 46
46 48 22 1 29 14 20
1 29 14 15 35 42 28
31 47 16 36 0 22 47
7 46 35 35 46 47 12
31 47 16 12 44 51 35
15 35 42 9 39 31 11
24 37 46 48 22 6 42
41 12 5 40 7 2 5
42 14 23 17 1 21 13
24 37 46 16 41 13 33
40 7 2 39 4 4 3
38 20 24 42 14 23 6
1 29 14 17 1 21 28
6 42 23 20 35 2 22
1 29 14 25 51 50 42
13 43 8 0 43 47 39
5 28 21 51 16 3 21
45 36 17 24 37 46 29
0 43 47 16 41 13 34
50 17 45 13 43 8 45
50 17 45 22 11 4 41
51 16 3 45 36 17 24
6 42 23 5 28 21 14
15 35 42 29 19 21 26
41 12 5 51 16 3 4
48 22 6 27 13 47 41
46 48 22 8 35 19 13
16 41 13 44 30 10 11
35 46 47 10 0 46 46
44 30 10 49 1 48 47
39 4 4 18 45 44 57
23 50 39 39 4 4 57
4 24 0 42 14 23 25
21 27 35 29 19 21 16
10 0 46 3 8 2 44
48 22 6 12 44 51 50
28 25 28 45 36 17 15
19 22 49 39 4 4 48
23 50 39 20 35 2 39
10 0 46 30 42 40 42
36 0 22 24 37 46 44
35 46 47 17 1 21 51
39 4 4 45 36 17 34
33 12 20 17 1 21 11
4 24 0 14 28 43 43
25 51 50 45 36 17 36
15 35 42 32 13 5 43
34 11 13 21 27 35 27
43 17 37 15 35 42 18
12 44 51 1 29 14 39
35 46 47 24 37 46 9
29 19 21 37 37 21 18
10 0 46 7 46 35 47
6 42 23 32 13 5 34
30 42 40 31 47 16 24
12 44 51 50 17 45 27
25 51 50 27 13 47 38
28 25 28 16 41 13 21
19 22 49 2 41 35 23
11 28 24 46 48 22 20
28 25 28 14 28 43 15
17 1 21 4 24 0 31
44 30 10 40 7 2 24
45 36 17 9 39 31 14
6 42 23 40 7 2 40
19 22 49 36 0 22 34
5 28 21 50 17 45 26
46 48 22 24 37 46 26
27 13 47 33 12 20 27
35 46 47 15 35 42 12
4 24 0 49 1 48 53
45 36 17 16 41 13 6
9 39 31 50 17 45 26
36 0 22 4 24 0 32
26 47 22 41 12 5 38
13 43 8 21 27 35 31
19 22 49 30 42 40 21
30 42 40 9 39 31 9
34 11 13 43 17 37 24
48 22 6 39 4 4 18
42 14 23 10 0 46 26
26 47 22 20 35 2 23
9 39 31 17 1 21 39
21 27 35 10 0 46 29
35 46 47 31 47 16 31
16 41 13 5 28 21 15
38 20 24 2 41 35 23
33 12 20 15 35 42 31
51 16 3 43 17 37 34
39 4 4 7 46 35 52
42 14 23 43 17 37 14
13 43 8 15 35 42 34
13 43 8 5 28 21 19
8 35 19 7 46 35 19
46 48 22 50 17 45 38
16 41 13 10 0 46 52
49 1 48 36 0 22 26
25 51 50 13 43 8 42
18 45 44 2 41 35 9
32 13 5 0 43 47 51
35 46 47 46 48 22 25
15 35 42 20 35 2 40
30 42 40 1 29 14 29
37 37 21 15 35 42 21
9 39 31 29 19 21 22
46 48 22 19 22 49 37
31 47 16 19 22 49 41
18 45 44 31 47 16 28
21 27 35 18 45 44 20
30 42 40 42 14 23 32
2 41 35 17 1 21 42
27 13 47 3 8 2 45
19 22 49 8 35 19 32
28 25 28 17 1 21 25
25 51 50 22 11 4 60
47 39 43 14 28 43 11
8 35 19 17 1 21 34
40 7 2 17 1 21 19
33 12 20 12 44 51 44
47 39 43 35 46 47 8
40 7 2 27 13 47 45
40 7 2 7 46 35 51
30 42 40 25 51 50 13
33 12 20 6 42 23 30
22 11 4 44 30 10 19
25 51 50 36 0 22 58
33 12 20 20 35 2 29
18 45 44 14 28 43 17
24 37 46 25 51 50 14
1 29 14 21 27 35 21
43 17 37 14 28 43 12
48 22 6 34 11 13 13
23 50 39 16 41 13 27
37 37 21 41 12 5 29
49 1 48 47 39 43 38
23 50 39 47 39 43 11
36 0 22 16 41 13 41
9 39 31 2 41 35 4
44 30 10 38 20 24 17
14 28 43 46 48 22 29
13 43 8 20 35 2 10
13 43 8 51 16 3 27
19 22 49 41 12 5 45
33 12 20 14 28 43 28
44 30 10 42 14 23 20
28 25 28 12 44 51 29
31 47 16 32 13 5 35
41 12 5 34 11 13 8
46 48 22 3 8 2 44
16 41 13 47 39 43 30
24 37 46 51 16 3 47
19 22 49 22 11 4 46
12 44 51 41 12 5 56
7 46 35 0 43 47 12
51 16 3 0 43 47 51
36 0 22 12 44 51 52
11 28 24 29 19 21 9
4 24 0 35 46 47 51
3 8 2 0 43 47 57
8 35 19 32 13 5 26
21 27 35 46 48 22 24
20 35 2 0 43 47 45
6 42 23 37 37 21 5
27 13 47 45 36 17 37
29 19 21 3 8 2 21
22 11 4 20 35 2 24
23 50 39 0 43 47 10
11 28 24 38 20 24 8
3 8 2 23 50 39 55
47 39 43 51 16 3 46
0 43 47 30 42 40 7
7 46 35 38 20 24 28
42 14 23 23 50 39 39
44 30 10 48 22 6 8
13 43 8 26 47 22 14
7 46 35 18 45 44 9
50 17 45 32 13 5 40
31 47 16 3 8 2 41
45 36 17 2 41 35 18
0 43 47 38 20 24 32
10 0 46 9 39 31 41
27 13 47 2 41 35 30
47 39 43 37 37 21 22
39 4 4 21 27 35 38
15 35 42 12 44 51 12
7 46 35 19 22 49 27
19 22 49 51 16 3 46
9 39 31 48 22 6 30
26 47 22 25 51 50 28
2 41 35 43 17 37 24
25 51 50 0 43 47 8
4 24 0 7 46 35 41
33 12 20 21 27 35 21
11 28 24 22 11 4 26
20 35 2 8 35 19 17
44 30 10 27 13 47 40
14 28 43 1 29 14 29
30 42 40 26 47 22 18
25 51 50 16 41 13 38
26 47 22 1 29 14 19
32 13 5 37 37 21 28
44 30 10 18 45 44 37
47 39 43 0 43 47 5
39 4 4 14 28 43 45
9 39 31 1 29 14 19
48 22 6 49 1 48 46
33 12 20 25 51 50 49
1 29 14 48 22 6 10
26 47 22 34 11 13 37
25 51 50 4 24 0 56
1 29 14 0 43 47 35
47 39 43 28 25 28 20
9 39 31 27 13 47 30
13 43 8 4 24 0 20
14 28 43 22 11 4 42
35 46 47 14 28 43 18
3 8 2 32 13 5 5
22 11 4 1 29 14 20
31 47 16 0 43 47 31
13 43 8 23 50 39 31
10 0 46 27 13 47 13
46 48 22 38 20 24 28
22 11 4 18 45 44 52
6 42 23 13 43 8 15
1 29 14 2 41 35 24
2 41 35 11 28 24 17
8 35 19 41 12 5 26
28 25 28 37 37 21 13
26 47 22 24 37 46 26
28 25 28 6 42 23 17
13 43 8 31 47 16 8
33 12 20 36 0 22 12
27 13 47 6 42 23 37
29 19 21 23 50 39 35
42 14 23 6 42 23 28
25 51 50 50 17 45 34
36 0 22 21 27 35 29
27 13 47 22 11 4 43
2 41 35 28 25 28 17
6 42 23 23 50 39 17
36 0 22 17 1 21 1
18 45 44 48 22 6 44
5 28 21 48 22 6 16
19 22 49 9 39 31 24
13 43 8 7 46 35 27
45 36 17 6 42 23 8
44 30 10 24 37 46 36
18 45 44 29 19 21 34
12 44 51 44 30 10 43
17 1 21 49 1 48 27
38 20 24 21 27 35 13
36 0 22 26 47 22 47
40 7 2 1 29 14 25
6 42 23 18 45 44 21
14 28 43 9 39 31 16
15 35 42 23 50 39 15
34 11 13 30 42 40 41
22 11 4 47 39 43 48
30 42 40 39 4 4 52
19 22 49 29 19 21 28
8 35 19 3 8 2 31
10 0 46 14 28 43 28
44 30 10 17 1 21 31
28 25 28 13 43 8 26
41 12 5 0 43 47 52
30 42 40 36 0 22 45
5 28 21 12 44 51 34
20 35 2 39 4 4 31
42 14 23 34 11 13 10
51 16 3 14 28 43 41
46 48 22 51 16 3 37
6 42 23 1 29 14 15
27 13 47 21 27 35 18
28 25 28 38 20 24 6
2 41 35 29 19 21 26
27 13 47 24 37 46 24
18 45 44 16 41 13 31
49 1 48 22 11 4 45
8 35 19 11 28 24 8
12 44 51 16 41 13 38
25 51 50 41 12 5 59
21 27 35 32 13 5 33
31 47 16 9 39 31 17
50 17 45 42 14 23 22
49 1 48 14 28 43 27
19 22 49 10 0 46 22
35 46 47 43 17 37 30
46 48 22 6 42 23 6
17 1 21 27 13 47 28
18 45 44 33 12 20 40
45 36 17 26 47 22 12
37 37 21 38 20 24 17
12 44 51 2 41 35 16
45 36 17 4 24 0 20
50 17 45 10 0 46 17
27 13 47 46 48 22 43
41 12 5 45 36 17 26
9 39 31 7 46 35 8
48 22 6 50 17 45 39
46 48 22 17 1 21 47
4 24 0 18 45 44 48
22 11 4 3 8 2 3
37 37 21 42 14 23 23
3 8 2 18 45 44 55
45 36 17 38 20 24 17
46 48 22 48 22 6 30
3 8 2 42 14 23 21
17 1 21 29 19 21 18
24 37 46 12 44 51 8
34 11 13 4 24 0 18
14 28 43 17 1 21 34
4 24 0 24 37 46 47
17 1 21 5 28 21 27
49 1 48 30 42 40 41
10 0 46 46 48 22 53
18 45 44 45 36 17 28
36 0 22 0 43 47 49
24 37 46 32 13 5 47
51 16 3 26 47 22 36
41 12 5 23 50 39 50
1 29 14 36 0 22 30
21 27 35 0 43 47 20
9 39 31 13 43 8 23
5 28 21 27 13 47 30
2 41 35 22 11 4 43
39 4 4 35 46 47 60
51 16 3 23 50 39 49
8 35 19 12 44 51 33
45 36 17 36 0 22 36
31 47 16 26 47 22 6
37 37 21 21 27 35 17
23 50 39 5 28 21 28
3 8 2 44 30 10 23
4 24 0 31 47 16 28
32 13 5 29 19 21 17
34 11 13 22 11 4 9
2 41 35 23 50 39 9
32 13 5 34 11 13 8
34 11 13 5 28 21 18
17 1 21 25 51 50 57
17 1 21 30 42 40 45
28 25 28 44 30 10 18
14 28 43 27 13 47 15
19 22 49 25 51 50 29
48 22 6 26 47 22 29
43 17 37 36 0 22 22
22 11 4 45 36 17 28
30 42 40 16 41 13 27
51 16 3 48 22 6 6
7 46 35 20 35 2 34
8 35 19 4 24 0 21
20 35 2 2 41 35 33
44 30 10 33 12 20 20
37 37 21 5 28 21 9
35 46 47 32 13 5 53
37 37 21 39 4 4 37
51 16 3 49 1 48 47
2 41 35 39 4 4 48
42 14 23 36 0 22 14
18 45 44 43 17 37 28
26 47 22 16 41 13 10
28 25 28 7 46 35 22
42 14 23 11 28 24 14
0 43 47 44 30 10 39
27 13 47 35 46 47 33
43 17 37 5 28 21 19
0 43 47 22 11 4 53
44 30 10 19 22 49 39
42 14 23 9 39 31 26
45 36 17 3 8 2 31
36 0 22 27 13 47 28
2 41 35 50 17 45 26
28 25 28 18 45 44 25
20 35 2 35 46 47 46
10 0 46 47 39 43 39
22 11 4 16 41 13 31
45 36 17 42 14 23 22
44 30 10 14 28 43 33
18 45 44 26 47 22 22
15 35 42 39 4 4 49
20 35 2 25 51 50 50
41 12 5 13 43 8 31
44 30 10 30 42 40 32
10 0 46 6 42 23 47
22 11 4 41 12 5 1
42 14 23 21 27 35 17
46 48 22 37 37 21 11
20 35 2 16 41 13 12
26 47 22 6 42 23 5
47 39 43 50 17 45 22
26 47 22 21 27 35 23
33 12 20 39 4 4 17
50 17 45 16 41 13 40
2 41 35 40 7 2 47
40 7 2 24 37 46 53
42 14 23 5 28 21 14
44 30 10 23 50 39 35
27 13 47 13 43 8 49
40 7 2 13 43 8 36
22 11 4 37 37 21 31
51 16 3 16 41 13 26
18 45 44 12 44 51 7
34 11 13 29 19 21 11
28 25 28 0 43 47 26
5 28 21 25 51 50 37
41 12 5 29 19 21 17
39 4 4 5 28 21 29
25 51 50 28 25 28 34
7 46 35 22 11 4 46
35 46 47 44 30 10 40
44 30 10 15 35 42 32
51 16 3 38 20 24 21
34 11 13 13 43 8 32
12 44 51 40 7 2 61
47 39 43 44 30 10 34
4 24 0 48 22 6 6
25 51 50 15 35 42 17
31 47 16 43 17 37 36
40 7 2 47 39 43 52
16 41 13 15 35 42 29
14 28 43 13 43 8 38
19 22 49 14 28 43 8
39 4 4 46 48 22 47
49 1 48 10 0 46 2
3 8 2 43 17 37 36
9 39 31 4 24 0 34
47 39 43 2 41 35 8
27 13 47 23 50 39 37
37 37 21 50 17 45 31
32 13 5 4 24 0 12
41 12 5 14 28 43 41
0 43 47 5 28 21 30
23 50 39 14 28 43 22
9 39 31 39 4 4 44
51 16 3 40 7 2 9
29 19 21 31 47 16 28
12 44 51 14 28 43 17
36 0 22 6 42 23 42
11 28 24 47 39 43 21
0 43 47 46 48 22 25
19 22 49 6 42 23 32
28 25 28 46 48 22 23
11 28 24 9 39 31 13
22 11 4 15 35 42 44
37 37 21 51 16 3 27
4 24 0 33 12 20 23
37 37 21 34 11 13 27
5 28 21 19 22 49 28
34 11 13 12 44 51 50
17 1 21 38 20 24 19
25 51 50 32 13 5 58
15 35 42 41 12 5 43
27 13 47 4 24 0 48
10 0 46 33 12 20 28
32 13 5 51 16 3 3
29 19 21 7 46 35 30
30 42 40 5 28 21 23
40 7 2 45 36 17 32
8 35 19 42 14 23 21
11 28 24 41 12 5 24
17 1 21 41 12 5 19
37 37 21 17 1 21 36
42 14 23 24 37 46 32
13 43 8 12 44 51 43
49 1 48 37 37 21 45
42 14 23 39 4 4 21
19 22 49 4 24 0 49
4 24 0 28 25 28 28
28 25 28 31 47 16 25
41 12 5 7 46 35 45
8 35 19 14 28 43 25
13 43 8 49 1 48 58
22 11 4 51 16 3 5
42 14 23 27 13 47 24
3 8 2 15 35 42 48
9 39 31 0 43 47 16
31 47 16 20 35 2 18
44 30 10 20 35 2 9
5 28 21 45 36 17 8
28 25 28 15 35 42 17
3 8 2 47 39 43 51
33 12 20 30 42 40 36
0 43 47 43 17 37 27
29 19 21 4 24 0 21
46 48 22 4 24 0 32
24 37 46 2 41 35 11
3 8 2 35 46 47 58
37 37 21 7 46 35 16
43 17 37 12 44 51 30
32 13 5 45 36 17 25
44 30 10 51 16 3 15
15 35 42 46 48 22 23
6 42 23 0 43 47 24
17 1 21 22 11 4 19
26 47 22 42 14 23 33
10 0 46 29 19 21 31
20 35 2 29 19 21 24
39 4 4 16 41 13 38
45 36 17 31 47 16 11
35 46 47 49 1 48 45
14 28 43 42 14 23 24
41 12 5 30 42 40 46
17 1 21 23 50 39 52
49 1 48 18 45 44 44
50 17 45 23 50 39 33
8 35 19 15 35 42 23
26 47 22 43 17 37 33
41 12 5 16 41 13 30
5 28 21 22 11 4 24
41 12 5 38 20 24 20
7 46 35 33 12 20 37
24 37 46 28 25 28 21
46 48 22 23 50 39 17
35 46 47 12 44 51 4
48 22 6 19 22 49 43
3 8 2 40 7 2 1
20 35 2 32 13 5 22
0 43 47 2 41 35 12
51 16 3 1 29 14 17
5 28 21 38 20 24 8
5 28 21 35 46 47 31
40 7 2 11 28 24 30
41 12 5 6 42 23 34
15 35 42 27 13 47 22
5 28 21 46 48 22 20
26 47 22 38 20 24 27
26 47 22 5 28 21 19
49 1 48 50 17 45 16
14 28 43 32 13 5 40
42 14 23 29 19 21 5
23 50 39 36 0 22 52
19 22 49 23 50 39 29
51 16 3 33 12 20 17
8 35 19 9 39 31 12
14 28 43 25 51 50 24
14 28 43 15 35 42 7
19 22 49 43 17 37 13
13 43 8 29 19 21 27
19 22 49 24 37 46 15
18 45 44 1 29 14 34
22 11 4 31 47 16 37
36 0 22 11 28 24 28
50 17 45 7 46 35 30
29 19 21 33 12 20 7
49 1 48 1 29 14 44
20 35 2 48 22 6 13
43 17 37 50 17 45 8
18 45 44 47 39 43 6
30 42 40 4 24 0 43
46 48 22 25 51 50 28
28 25 28 3 8 2 31
19 22 49 12 44 51 22
6 42 23 4 24 0 29
37 37 21 43 17 37 25
40 7 2 48 22 6 15
22 11 4 9 39 31 38
12 44 51 30 42 40 11
48 22 6 37 37 21 21
12 44 51 29 19 21 39
23 50 39 9 39 31 13
26 47 22 37 37 21 10
15 35 42 17 1 21 39
0 43 47 18 45 44 3
23 50 39 34 11 13 46
1 29 14 50 17 45 33
39 4 4 8 35 19 34
31 47 16 10 0 46 55
4 24 0 41 12 5 13
13 43 8 46 48 22 14
44 30 10 13 43 8 13
45 36 17 0 43 47 30
7 46 35 5 28 21 22
44 30 10 4 24 0 11
45 36 17 48 22 6 17
31 47 16 48 22 6 26
10 0 46 44 30 10 46
45 36 17 7 46 35 20
51 16 3 35 46 47 53
51 16 3 21 27 35 33
37 37 21 16 41 13 8
44 30 10 2 41 35 27
10 0 46 22 11 4 43
51 16 3 28 25 28 26
6 42 23 44 30 10 17
27 13 47 7 46 35 35
50 17 45 29 19 21 24
46 48 22 30 42 40 18
43 17 37 1 29 14 25
45 36 17 37 37 21 4
17 1 21 26 47 22 46
28 25 28 27 13 47 22
28 25 28 50 17 45 18
32 13 5 30 42 40 45
43 17 37 38 20 24 13
46 48 22 43 17 37 34
36 0 22 2 41 35 43
33 12 20 40 7 2 18
50 17 45 26 47 22 37
29 19 21 51 16 3 18
46 48 22 41 12 5 39
34 11 13 36 0 22 14
40 7 2 32 13 5 6
39 4 4 3 8 2 4
37 37 21 35 46 47 27
4 24 0 40 7 2 17
23 50 39 30 42 40 8
51 16 3 36 0 22 24
43 17 37 8 35 19 25
12 44 51 17 1 21 52
21 27 35 15 35 42 10
21 27 35 41 12 5 33
43 17 37 9 39 31 22
6 42 23 3 8 2 39
49 1 48 23 50 39 49
38 20 24 35 46 47 34
7 46 35 23 50 39 5
22 11 4 6 42 23 36
46 48 22 9 39 31 12
50 17 45 45 36 17 33
12 44 51 37 37 21 30
33 12 20 16 41 13 29
5 28 21 47 39 43 24
44 30 10 32 13 5 17
49 1 48 16 41 13 53
2 41 35 14 28 43 15
5 28 21 20 35 2 20
18 45 44 27 13 47 32
19 22 49 16 41 13 40
12 44 51 46 48 22 29
1 29 14 3 8 2 24
22 11 4 46 48 22 41
29 19 21 43 17 37 16
16 41 13 13 43 8 5
34 11 13 17 1 21 12
19 22 49 3 8 2 49
24 37 46 39 4 4 53
2 41 35 34 11 13 37
3 8 2 24 37 46 52
48 22 6 32 13 5 9
30 42 40 11 28 24 21
31 47 16 47 39 43 28
24 37 46 5 28 21 26
31 47 16 46 48 22 6
37 37 21 10 0 46 44
10 0 46 20 35 2 56
27 13 47 51 16 3 44
47 39 43 21 27 35 14
50 17 45 30 42 40 25
5 28 21 18 45 44 28
11 28 24 51 16 3 24
26 47 22 15 35 42 23
21 27 35 40 7 2 38
50 17 45 18 45 44 28
40 7 2 50 17 45 44
36 0 22 32 13 5 21
51 16 3 30 42 40 45
31 47 16 33 12 20 35
36 0 22 35 46 47 52
11 28 24 14 28 43 19
12 44 51 7 46 35 16
11 28 24 49 1 48 36
24 37 46 23 50 39 14
31 47 16 27 13 47 46
8 35 19 29 19 21 16
16 41 13 17 1 21 40
0 43 47 33 12 20 41
11 28 24 6 42 23 14
18 45 44 13 43 8 36
27 13 47 43 17 37 10
26 47 22 3 8 2 43
3 8 2 37 37 21 34
9 39 31 3 8 2 42
4 24 0 16 41 13 21
46 48 22 26 47 22 1
35 46 47 40 7 2 59
24 37 46 17 1 21 43
4 24 0 0 43 47 50
8 35 19 27 13 47 35
24 37 46 0 43 47 6
9 39 31 38 20 24 20
29 19 21 6 42 23 23
36 0 22 9 39 31 40
7 46 35 14 28 43 19
50 17 45 11 28 24 23
38 20 24 10 0 46 29
27 13 47 49 1 48 12
36 0 22 48 22 6 27
29 19 21 49 1 48 32
26 47 22 44 30 10 20
2 41 35 46 48 22 14
35 46 47 30 42 40 8
21 27 35 14 28 43 8
1 29 14 34 11 13 18
11 28 24 28 25 28 5
41 12 5 10 0 46 42
34 11 13 45 36 17 25
39 4 4 29 19 21 22
2 41 35 37 37 21 14
31 47 16 49 1 48 56
21 27 35 11 28 24 11
36 0 22 29 19 21 19
19 22 49 50 17 45 6
21 27 35 20 35 2 33
40 7 2 42 14 23 22
8 35 19 21 27 35 17
35 46 47 8 35 19 30
32 13 5 12 44 51 55
39 4 4 31 47 16 44
25 51 50 10 0 46 51
19 22 49 42 14 23 27
8 35 19 1 29 14 7
37 37 21 25 51 50 32
8 35 19 26 47 22 12
8 35 19 48 22 6 18
6 42 23 43 17 37 28
11 28 24 24 37 46 23
20 35 2 41 12 5 23
21 27 35 24 37 46 14
33 12 20 2 41 35 32
32 13 5 39 4 4 9
3 8 2 16 41 13 34
43 17 37 32 13 5 32
38 20 24 49 1 48 30
22 11 4 33 12 20 16
23 50 39 21 27 35 23
25 51 50 31 47 16 34
49 1 48 34 11 13 36
15 35 42 38 20 24 23
26 47 22 33 12 20 35
32 13 5 49 1 48 44
43 17 37 4 24 0 37
49 1 48 7 46 35 46
40 7 2 30 42 40 51
17 1 21 50 17 45 28
51 16 3 20 35 2 19
43 17 37 13 43 8 38
11 28 24 43 17 37 17
18 45 44 36 0 22 50
9 39 31 33 12 20 29
19 22 49 49 1 48 21
29 19 21 16 41 13 23
38 20 24 33 12 20 8
26 47 22 40 7 2 44
22 11 4 43 17 37 33
18 45 44 11 28 24 26
38 20 24 30 42 40 27
5 28 21 15 35 42 22
43 17 37 21 27 35 10
38 20 24 47 39 43 26
9 39 31 32 13 5 36
30 42 40 37 37 21 19
0 43 47 17 1 21 49
44 30 10 50 17 45 37
2 41 35 16 41 13 22
45 36 17 11 28 24 10
20 35 2 34 11 13 26
43 17 37 49 1 48 19
22 11 4 42 14 23 19
33 12 20 23 50 39 42
26 47 22 27 13 47 42
0 43 47 50 17 45 26
45 36 17 43 17 37 27
37 37 21 4 24 0 24
25 51 50 35 46 47 5
48 22 6 11 28 24 18
30 42 40 14 28 43 14
31 47 16 5 28 21 19
51 16 3 15 35 42 43
6 42 23 47 39 43 20
32 13 5 38 20 24 20
11 28 24 12 44 51 31
19 22 49 21 27 35 14
10 0 46 48 22 6 45
13 43 8 45 36 17 11
7 46 35 31 47 16 19
24 37 46 9 39 31 15
50 17 45 33 12 20 25
28 25 28 39 4 4 31
38 20 24 23 50 39 33
0 43 47 35 46 47 3
5 28 21 1 29 14 7
11 28 24 7 46 35 21
13 43 8 3 8 2 35
14 28 43 37 37 21 23
34 11 13 51 16 3 11
25 51 50 8 35 19 34
27 13 47 37 37 21 35
37 37 21 44 30 10 13
51 16 3 6 42 23 32
5 28 21 32 13 5 21
26 47 22 19 22 49 36
12 44 51 9 39 31 20
47 39 43 1 29 14 30
22 11 4 4 24 0 13
35 46 47 50 17 45 29
47 39 43 29 19 21 29
7 46 35 30 42 40 6
7 46 35 51 16 3 43
41 12 5 33 12 20 15
4 24 0 20 35 2 11
16 41 13 1 29 14 12
5 28 21 21 27 35 14
20 35 2 12 44 51 49
32 13 5 23 50 39 50
41 12 5 36 0 22 20
37 37 21 36 0 22 37
6 42 23 49 1 48 48
4 24 0 38 20 24 24
16 41 13 34 11 13 30
1 29 14 33 12 20 18
15 35 42 2 41 35 9
2 41 35 21 27 35 14
27 13 47 47 39 43 26
22 11 4 12 44 51 57
24 37 46 14 28 43 9
41 12 5 9 39 31 37
1 29 14 32 13 5 18
0 43 47 34 11 13 46
10 0 46 34 11 13 34
28 25 28 23 50 39 27
42 14 23 49 1 48 28
24 37 46 37 37 21 25
49 1 48 3 8 2 46
16 41 13 6 42 23 10
43 17 37 47 39 43 22
3 8 2 17 1 21 20
31 47 16 17 1 21 46
13 43 8 1 29 14 15
7 46 35 24 37 46 14
42 14 23 31 47 16 33
5 28 21 28 25 28 7
40 7 2 5 28 21 28
3 8 2 36 0 22 21
1 29 14 38 20 24 13
43 17 37 10 0 46 19
27 13 47 16 41 13 44
28 25 28 49 1 48 31
21 27 35 49 1 48 29
5 28 21 33 12 20 16
49 1 48 26 47 22 52
47 39 43 33 12 20 35
13 43 8 42 14 23 32
18 45 44 25 51 50 8
26 47 22 47 39 43 22
9 39 31 49 1 48 41
18 45 44 19 22 49 23
11 28 24 13 43 8 21
36 0 22 46 48 22 48
22 11 4 48 22 6 11
17 1 21 19 22 49 35
44 30 10 39 4 4 26
30 42 40 24 37 46 7
39 4 4 22 11 4 7
9 39 31 28 25 28 14
2 41 35 48 22 6 34
0 43 47 48 22 6 46
22 11 4 36 0 22 21
26 47 22 2 41 35 14
34 11 13 24 37 46 42
13 43 8 33 12 20 33
30 42 40 22 11 4 47
26 47 22 39 4 4 46
10 0 46 12 44 51 44
25 51 50 44 30 10 45
18 45 44 46 48 22 22
38 20 24 8 35 19 15
17 1 21 10 0 46 25
50 17 45 14 28 43 11
35 46 47 42 14 23 40
32 13 5 22 11 4 2
42 14 23 28 25 28 12
18 45 44 30 42 40 5
50 17 45 38 20 24 21
18 45 44 38 20 24 32
46 48 22 7 46 35 13
47 39 43 19 22 49 18
16 41 13 11 28 24 17
50 17 45 27 13 47 4
33 12 20 11 28 24 16
48 22 6 25 51 50 52
42 14 23 32 13 5 18
9 39 31 16 41 13 18
19 22 49 1 29 14 35
39 4 4 36 0 22 18
49 1 48 20 35 2 57
19 22 49 40 7 2 49
48 22 6 42 14 23 18
51 16 3 2 41 35 40
40 7 2 29 19 21 22
6 42 23 30 42 40 17
51 16 3 42 14 23 20
19 22 49 15 35 42 14
10 0 46 40 7 2 44
41 12 5 49 1 48 44
37 37 21 31 47 16 11
32 13 5 7 46 35 44
23 50 39 8 35 19 25
11 28 24 17 1 21 27
1 29 14 7 46 35 27
11 28 24 39 4 4 31
30 42 40 13 43 8 32
16 41 13 48 22 6 20
14 28 43 3 8 2 45
45 36 17 8 35 19 2
14 28 43 29 19 21 23
36 0 22 13 43 8 45
39 4 4 38 20 24 25
38 20 24 13 43 8 28
51 16 3 10 0 46 45
11 28 24 35 46 47 29
2 41 35 25 51 50 18
15 35 42 18 45 44 10
22 11 4 23 50 39 52
9 39 31 47 39 43 12
40 7 2 31 47 16 42
21 27 35 22 11 4 34
29 19 21 24 37 46 30
40 7 2 8 35 19 32
41 12 5 39 4 4 8
41 12 5 18 45 44 51
11 28 24 5 28 21 3
8 35 19 0 43 47 29
0 43 47 26 47 22 25
11 28 24 19 22 49 25
32 13 5 41 12 5 1
28 25 28 10 0 46 30
22 11 4 26 47 22 40
45 36 17 12 44 51 34
17 1 21 13 43 8 43
9 39 31 6 42 23 8
34 11 13 8 35 19 24
41 12 5 47 39 43 46
39 4 4 12 44 51 61
14 28 43 48 22 6 37
41 12 5 42 14 23 18
48 22 6 28 25 28 22
10 0 46 8 35 19 44
28 25 28 1 29 14 14
18 45 44 34 11 13 46
4 24 0 47 39 43 45
2 41 35 32 13 5 41
15 35 42 45 36 17 25
29 19 21 44 30 10 15
35 46 47 19 22 49 24
33 12 20 46 48 22 36
26 47 22 29 19 21 28
18 45 44 10 0 46 45
39 4 4 49 1 48 44
7 46 35 16 41 13 22
42 14 23 12 44 51 41
13 43 8 22 11 4 32
7 46 35 26 47 22 13
0 43 47 40 7 2 57
15 35 42 31 47 16 28
39 4 4 17 1 21 17
47 39 43 46 48 22 22
48 22 6 35 46 47 47
23 50 39 43 17 37 33
23 50 39 40 7 2 56
36 0 22 15 35 42 40
25 51 50 40 7 2 65
37 37 21 23 50 39 22
29 19 21 22 11 4 18
45 36 17 44 30 10 9
3 8 2 5 28 21 27
2 41 35 42 14 23 29
9 39 31 21 27 35 12
0 43 47 37 37 21 26
20 35 2 30 42 40 38
50 17 45 21 27 35 14
13 43 8 32 13 5 30
40 7 2 43 17 37 36
28 25 28 34 11 13 20
38 20 24 12 44 51 36
3 8 2 25 51 50 64
11 28 24 32 13 5 24
45 36 17 19 22 49 34
0 43 47 12 44 51 4
32 13 5 17 1 21 20
27 13 47 20 35 2 50
18 45 44 42 14 23 37
43 17 37 16 41 13 33
30 42 40 29 19 21 29
1 29 14 39 4 4 26
44 30 10 34 11 13 19
16 41 13 8 35 19 8
38 20 24 31 47 16 28
18 45 44 17 1 21 49
13 43 8 2 41 35 27
35 46 47 23 50 39 8
1 29 14 42 14 23 17
18 45 44 51 16 3 50
2 41 35 4 24 0 38
38 20 24 6 42 23 22
19 22 49 32 13 5 44
24 37 46 18 45 44 8
13 43 8 48 22 6 21
43 17 37 17 1 21 22
8 35 19 44 30 10 10
39 4 4 0 43 47 58
28 25 28 40 7 2 31
1 29 14 4 24 0 14
27 13 47 34 11 13 34
20 35 2 17 1 21 38
50 17 45 31 47 16 41
24 37 46 8 35 19 27
14 28 43 6 42 23 24
0 43 47 10 0 46 43
36 0 22 40 7 2 21
34 11 13 7 46 35 41
45 36 17 35 46 47 31
39 4 4 13 43 8 39
19 22 49 34 11 13 37
11 28 24 1 29 14 10
25 51 50 47 39 43 13
24 37 46 31 47 16 31
26 47 22 14 28 43 28
22 11 4 8 35 19 28
45 36 17 14 28 43 27
33 12 20 43 17 37 17
33 12 20 8 35 19 23
45 36 17 23 50 39 26
32 13 5 28 25 28 25
6 42 23 39 4 4 42
8 35 19 6 42 23 8
15 35 42 50 17 45 18
28 25 28 21 27 35 7
42 14 23 0 43 47 37
20 35 2 18 45 44 43
32 13 5 16 41 13 29
30 42 40 43 17 37 25
42 14 23 25 51 50 45
9 39 31 20 35 2 29
1 29 14 29 19 21 12
40 7 2 49 1 48 46
19 22 49 27 13 47 9
24 37 46 41 12 5 48
14 28 43 20 35 2 41
35 46 47 29 19 21 37
29 19 21 46 48 22 29
32 13 5 46 48 22 38
18 45 44 9 39 31 14
4 24 0 50 17 45 45
29 19 21 38 20 24 3
48 22 6 38 20 24 18
27 13 47 11 28 24 27
8 35 19 31 47 16 12
9 39 31 35 46 47 17
21 27 35 3 8 2 38
35 46 47 28 25 28 28
39 4 4 10 0 46 42
1 29 14 10 0 46 43
35 46 47 18 45 44 3
10 0 46 4 24 0 51
31 47 16 2 41 35 19
36 0 22 14 28 43 35
12 44 51 51 16 3 55
46 48 22 45 36 17 13
24 37 46 50 17 45 20
49 1 48 25 51 50 50
16 41 13 14 28 43 32
44 30 10 1 29 14 4
14 28 43 31 47 16 33
15 35 42 6 42 23 20
26 47 22 28 25 28 22
35 46 47 33 12 20 43
31 47 16 51 16 3 33
31 47 16 11 28 24 20
1 29 14 31 47 16 18
5 28 21 2 41 35 19
10 0 46 15 35 42 35
37 37 21 40 7 2 35
4 24 0 12 44 51 54
25 51 50 12 44 51 7
2 41 35 7 46 35 5
27 13 47 38 20 24 24
8 35 19 2 41 35 17
13 43 8 47 39 43 35
45 36 17 33 12 20 24
6 42 23 34 11 13 32
49 1 48 46 48 22 53
51 16 3 25 51 50 58
30 42 40 3 8 2 50
5 28 21 41 12 5 22
24 37 46 47 39 43 3
36 0 22 44 30 10 32
0 43 47 15 35 42 9
42 14 23 16 41 13 28
30 42 40 28 25 28 20
21 27 35 17 1 21 29
42 14 23 33 12 20 3
33 12 20 28 25 28 15
3 8 2 12 44 51 60
24 37 46 10 0 46 37
43 17 37 28 25 28 12
3 8 2 4 24 0 16
38 20 24 24 37 46 27
28 25 28 20 35 2 27
46 48 22 16 41 13 11
15 35 42 30 42 40 7
24 37 46 43 17 37 21
46 48 22 20 35 2 23
47 39 43 34 11 13 41
23 50 39 12 44 51 13
48 22 6 23 50 39 43
26 47 22 23 50 39 17
11 28 24 34 11 13 20
13 43 8 10 0 46 57
25 51 50 39 4 4 65
51 16 3 50 17 45 42
28 25 28 19 22 49 21
21 27 35 30 42 40 15
27 13 47 32 13 5 42
28 25 28 36 0 22 25
40 7 2 22 11 4 4
38 20 24 34 11 13 14
33 12 20 24 37 46 36
41 12 5 50 17 45 40
20 35 2 38 20 24 26
47 39 43 12 44 51 9
41 12 5 35 46 47 54
21 27 35 45 36 17 20
32 13 5 10 0 46 43
4 24 0 11 28 24 24
44 30 10 46 48 22 21
21 27 35 44 30 10 25
47 39 43 42 14 23 32
47 39 43 7 46 35 10
30 42 40 2 41 35 5
3 8 2 48 22 6 14
4 24 0 26 47 22 31
17 1 21 47 39 43 43
17 1 21 48 22 6 25
29 19 21 48 22 6 15
15 35 42 7 46 35 13
43 17 37 41 12 5 32
34 11 13 39 4 4 11
43 17 37 39 4 4 35
20 35 2 43 17 37 39
40 7 2 14 28 43 46
5 28 21 29 19 21 9
51 16 3 17 1 21 23
47 39 43 45 36 17 26
48 22 6 43 17 37 31
36 0 22 8 35 19 35
36 0 22 50 17 45 28
28 25 28 41 12 5 26
45 36 17 29 19 21 17
0 43 47 27 13 47 30
18 45 44 23 50 39 7
4 24 0 39 4 4 20
49 1 48 12 44 51 43
16 41 13 38 20 24 23
7 46 35 48 22 6 37
23 50 39 4 24 0 46
20 35 2 50 17 45 46
21 27 35 12 44 51 23
40 7 2 15 35 42 48
11 28 24 0 43 47 27
40 7 2 34 11 13 11
8 35 19 30 42 40 22
30 42 40 27 13 47 29
27 13 47 29 19 21 26
33 12 20 19 22 49 30
46 48 22 42 14 23 34
49 1 48 2 41 35 42
25 51 50 38 20 24 40
33 12 20 49 1 48 30
41 12 5 31 47 16 36
51 16 3 3 8 2 8
1 29 14 41 12 5 19
15 35 42 34 11 13 37
38 20 24 19 22 49 25
15 35 42 48 22 6 38
34 11 13 33 12 20 7
1 29 14 20 35 2 13
25 51 50 23 50 39 11
26 47 22 12 44 51 29
13 43 8 35 46 47 39
4 24 0 15 35 42 43
3 8 2 38 20 24 25
41 12 5 44 30 10 18
9 39 31 37 37 21 10
17 1 21 6 42 23 41
35 46 47 26 47 22 25
34 11 13 25 51 50 54
11 28 24 26 47 22 19
7 46 35 6 42 23 12
26 47 22 10 0 46 52
47 39 43 8 35 19 24
15 35 42 24 37 46 4
45 36 17 30 42 40 23
9 39 31 5 28 21 14
27 13 47 41 12 5 42
47 39 43 48 22 6 40
20 35 2 24 37 46 44
32 13 5 47 39 43 46
9 39 31 34 11 13 33
48 22 6 41 12 5 10
15 35 42 47 39 43 4
1 29 14 45 36 17 7
23 50 39 11 28 24 26
18 45 44 37 37 21 24
47 39 43 20 35 2 41
12 44 51 6 42 23 28
8 35 19 37 37 21 2
27 13 47 1 29 14 36
1 29 14 24 37 46 32
51 16 3 8 35 19 24
6 42 23 48 22 6 26
24 37 46 6 42 23 23
33 12 20 3 8 2 18
44 30 10 31 47 16 18
23 50 39 1 29 14 32
15 35 42 42 14 23 28
41 12 5 3 8 2 5
20 35 2 19 22 49 48
38 20 24 40 7 2 25
4 24 0 51 16 3 8
7 46 35 44 30 10 29
40 7 2 20 35 2 28
20 35 2 3 8 2 27
6 42 23 2 41 35 12
5 28 21 14 28 43 22
10 0 46 23 50 39 50
9 39 31 26 47 22 12
37 37 21 11 28 24 9
33 12 20 48 22 6 17
42 14 23 20 35 2 29
32 13 5 33 12 20 15
47 39 43 30 42 40 4
2 41 35 35 46 47 13
5 28 21 49 1 48 38
34 11 13 14 28 43 34
47 39 43 39 4 4 52
19 22 49 0 43 47 21
4 24 0 5 28 21 21
35 46 47 16 41 13 34
49 1 48 0 43 47 42
40 7 2 18 45 44 56
2 41 35 41 12 5 41
18 45 44 32 13 5 50
13 43 8 19 22 49 46
34 11 13 3 8 2 11
10 0 46 36 0 22 24
20 35 2 45 36 17 15
1 29 14 35 46 47 37
46 48 22 40 7 2 45
31 47 16 21 27 35 27
44 30 10 5 28 21 11
7 46 35 21 27 35 19
1 29 14 37 37 21 10
36 0 22 47 39 43 44
36 0 22 20 35 2 40
22 11 4 35 46 47 55
8 35 19 5 28 21 7
31 47 16 23 50 39 23
14 28 43 0 43 47 15
22 11 4 38 20 24 21
48 22 6 21 27 35 29
29 19 21 0 43 47 35
21 27 35 35 46 47 22
34 11 13 35 46 47 48
36 0 22 38 20 24 20
11 28 24 3 8 2 29
49 1 48 24 37 46 36
4 24 0 21 27 35 35
10 0 46 11 28 24 35
14 28 43 38 20 24 20
7 46 35 17 1 21 47
11 28 24 15 35 42 19
28 25 28 22 11 4 27
33 12 20 37 37 21 25
44 30 10 11 28 24 14
9 39 31 51 16 3 36
46 48 22 34 11 13 38
43 17 37 25 51 50 36
44 30 10 43 17 37 29
3 8 2 50 17 45 43
28 25 28 29 19 21 9
8 35 19 13 43 8 13
25 51 50 9 39 31 22
34 11 13 50 17 45 32
37 37 21 19 22 49 31
21 27 35 25 51 50 28
26 47 22 32 13 5 38
39 4 4 27 13 47 43
25 51 50 7 46 35 15
9 39 31 44 30 10 22
36 0 22 5 28 21 28
29 19 21 25 51 50 43
42 14 23 7 46 35 34
49 1 48 8 35 19 44
16 41 13 21 27 35 26
24 37 46 22 11 4 49
7 46 35 3 8 2 50
6 42 23 25 51 50 28
6 42 23 50 17 45 33
11 28 24 20 35 2 23
25 51 50 11 28 24 34
2 41 35 10 0 46 42
34 11 13 31 47 16 36
13 43 8 37 37 21 14
6 42 23 21 27 35 19
17 1 21 45 36 17 35
28 25 28 8 35 19 13
36 0 22 7 46 35 47
39 4 4 50 17 45 43
12 44 51 27 13 47 31
20 35 2 37 37 21 19
7 46 35 43 17 37 29
18 45 44 8 35 19 26
35 46 47 6 42 23 24
31 47 16 16 41 13 6
13 43 8 24 37 46 38
45 36 17 10 0 46 46
6 42 23 31 47 16 8
16 41 13 40 7 2 35
49 1 48 15 35 42 34
10 0 46 5 28 21 37
40 7 2 9 39 31 43
49 1 48 45 36 17 46
39 4 4 51 16 3 12