26 325
4 5 5 7 14 3 9
20 13 14 1 0 14 13
4 5 5 21 24 8 19
9 13 9 10 3 7 10
1 0 14 7 14 3 17
24 8 9 17 4 16 8
20 13 14 13 13 5 9
16 3 11 2 16 11 13
17 4 16 2 16 11 13
6 10 13 9 13 9 5
9 13 9 17 4 16 11
19 0 20 1 0 14 6
18 20 19 4 5 5 20
14 11 19 0 19 21 8
23 2 0 25 12 4 10
0 19 21 23 2 0 27
14 11 19 3 11 5 14
10 3 7 0 19 21 21
2 16 11 10 3 7 13
12 16 2 4 5 5 11
14 11 19 24 8 9 10
14 11 19 19 0 20 11
11 20 19 23 2 0 26
9 13 9 1 0 14 13
19 0 20 3 11 5 18
10 3 7 4 5 5 2
9 13 9 22 15 23 14
12 16 2 0 19 21 19
14 11 19 22 15 23 5
4 5 5 9 13 9 8
8 15 21 18 20 19 5
25 12 4 24 8 9 6
22 15 23 7 14 3 20
6 10 13 4 5 5 9
6 10 13 18 20 19 11
1 0 14 25 12 4 15
9 13 9 23 2 0 14
23 2 0 2 16 11 17
12 16 2 3 11 5 5
7 14 3 3 11 5 3
14 11 19 11 20 19 9
2 16 11 11 20 19 8
5 3 25 18 20 19 18
11 20 19 1 0 14 20
21 24 8 17 4 16 21
14 11 19 1 0 14 12
7 14 3 15 22 17 16
1 0 14 16 3 11 4
22 15 23 6 10 13 11
21 24 8 14 11 19 17
20 13 14 11 20 19 8
7 14 3 13 13 5 2
22 15 23 25 12 4 19
5 3 25 2 16 11 19
1 0 14 18 20 19 20
21 24 8 5 3 25 27
11 20 19 15 22 17 2
6 10 13 3 11 5 8
20 13 14 12 16 2 12
5 3 25 19 0 20 5
1 0 14 15 22 17 22
10 3 7 18 20 19 20
20 13 14 3 11 5 9
24 8 9 22 15 23 15
8 15 21 3 11 5 16
13 13 5 14 11 19 14
10 3 7 1 0 14 7
24 8 9 10 3 7 5
11 20 19 17 4 16 16
24 8 9 3 11 5 5
22 15 23 8 15 21 2
18 20 19 3 11 5 16
0 19 21 15 22 17 5
24 8 9 2 16 11 8
16 3 11 6 10 13 7
19 0 20 8 15 21 15
17 4 16 18 20 19 16
9 13 9 25 12 4 5
7 14 3 19 0 20 22
7 14 3 23 2 0 12
7 14 3 25 12 4 2
23 2 0 16 3 11 11
19 0 20 0 19 21 19
23 2 0 13 13 5 12
19 0 20 21 24 8 26
25 12 4 12 16 2 4
18 20 19 20 13 14 8
2 16 11 4 5 5 12
20 13 14 22 15 23 9
11 20 19 8 15 21 5
17 4 16 15 22 17 18
9 13 9 0 19 21 13
23 2 0 10 3 7 7
10 3 7 15 22 17 21
8 15 21 20 13 14 7
11 20 19 16 3 11 18
17 4 16 0 19 21 15
3 11 5 9 13 9 4
4 5 5 11 20 19 20
21 24 8 22 15 23 17
0 19 21 3 11 5 17
3 11 5 25 12 4 1
12 16 2 17 4 16 18
21 24 8 8 15 21 15
25 12 4 11 20 19 17
12 16 2 15 22 17 16
5 3 25 25 12 4 22
18 20 19 19 0 20 20
5 3 25 12 16 2 26
1 0 14 23 2 0 14
22 15 23 13 13 5 18
4 5 5 23 2 0 5
23 2 0 21 24 8 23
8 15 21 4 5 5 18
16 3 11 17 4 16 5
2 16 11 0 19 21 10
16 3 11 22 15 23 16
12 16 2 6 10 13 12
15 22 17 20 13 14 9
8 15 21 17 4 16 12
10 3 7 20 13 14 12
14 11 19 4 5 5 15
6 10 13 25 12 4 9
5 3 25 3 11 5 21
6 10 13 24 8 9 4
21 24 8 25 12 4 12
9 13 9 5 3 25 18
18 20 19 14 11 19 9
4 5 5 15 22 17 20
0 19 21 7 14 3 18
0 19 21 24 8 9 16
21 24 8 3 11 5 13
5 3 25 11 20 19 18
15 22 17 3 11 5 16
1 0 14 0 19 21 20
22 15 23 1 0 14 17
13 13 5 11 20 19 15
24 8 9 18 20 19 15
12 16 2 18 20 19 17
13 13 5 2 16 11 6
24 8 9 11 20 19 15
5 3 25 13 13 5 22
20 13 14 23 2 0 17
21 24 8 16 3 11 21
25 12 4 18 20 19 17
13 13 5 19 0 20 19
24 8 9 12 16 2 10
8 15 21 5 3 25 12
9 13 9 20 13 14 5
5 3 25 17 4 16 9
17 4 16 14 11 19 7
9 13 9 2 16 11 3
0 19 21 5 3 25 16
1 0 14 17 4 16 4
16 3 11 18 20 19 18
18 20 19 9 13 9 12
13 13 5 15 22 17 15
10 3 7 11 20 19 20
7 14 3 18 20 19 17
20 13 14 19 0 20 14
12 16 2 16 3 11 15
4 5 5 3 11 5 6
22 15 23 19 0 20 15
16 3 11 19 0 20 9
4 5 5 17 4 16 11
20 13 14 6 10 13 3
1 0 14 5 3 25 11
22 15 23 18 20 19 6
23 2 0 14 11 19 21
25 12 4 20 13 14 10
0 19 21 22 15 23 4
14 11 19 16 3 11 11
4 5 5 25 12 4 7
24 8 9 15 22 17 16
19 0 20 9 13 9 17
16 3 11 13 13 5 11
13 13 5 25 12 4 1
24 8 9 13 13 5 6
3 11 5 11 20 19 16
9 13 9 14 11 19 10
9 13 9 15 22 17 12
12 16 2 13 13 5 4
10 3 7 16 3 11 4
5 3 25 23 2 0 25
9 13 9 21 24 8 11
15 22 17 16 3 11 19
15 22 17 25 12 4 16
17 4 16 6 10 13 6
22 15 23 12 16 2 21
0 19 21 25 12 4 18
13 13 5 18 20 19 15
22 15 23 3 11 5 18
4 5 5 16 3 11 6
6 10 13 14 11 19 6
4 5 5 20 13 14 12
23 2 0 22 15 23 26
7 14 3 16 3 11 13
25 12 4 17 4 16 14
1 0 14 8 15 21 16
6 10 13 7 14 3 10
14 11 19 2 16 11 9
21 24 8 12 16 2 10
19 0 20 15 22 17 22
2 16 11 21 24 8 8
11 20 19 0 19 21 2
20 13 14 14 11 19 5
25 12 4 8 15 21 17
5 3 25 7 14 3 24
0 19 21 21 24 8 13
11 20 19 19 0 20 20
1 0 14 13 13 5 15
9 13 9 12 16 2 7
12 16 2 1 0 14 20
15 22 17 8 15 21 8
2 16 11 1 0 14 16
5 3 25 24 8 9 16
12 16 2 10 3 7 13
16 3 11 0 19 21 18
19 0 20 25 12 4 20
17 4 16 7 14 3 16
15 22 17 5 3 25 20
20 13 14 17 4 16 9
3 11 5 1 0 14 14
24 8 9 9 13 9 5
21 24 8 15 22 17 9
7 14 3 12 16 2 2
20 13 14 21 24 8 12
8 15 21 9 13 9 12
8 15 21 6 10 13 9
10 3 7 21 24 8 21
17 4 16 22 15 23 13
13 13 5 3 11 5 2
0 19 21 18 20 19 2
13 13 5 0 19 21 17
1 0 14 21 24 8 24
24 8 9 7 14 3 8
18 20 19 23 2 0 26
3 11 5 23 2 0 10
19 0 20 17 4 16 5
5 3 25 22 15 23 12
2 16 11 15 22 17 8
4 5 5 1 0 14 10
3 11 5 10 3 7 8
21 24 8 7 14 3 11
12 16 2 8 15 21 19
24 8 9 1 0 14 9
4 5 5 22 15 23 20
13 13 5 9 13 9 4
6 10 13 11 20 19 11
13 13 5 17 4 16 14
3 11 5 17 4 16 13
14 11 19 12 16 2 17
18 20 19 11 20 19 0
13 13 5 4 5 5 8
13 13 5 21 24 8 11
13 13 5 10 3 7 10
2 16 11 12 16 2 9
17 4 16 10 3 7 9
11 20 19 12 16 2 17
7 14 3 10 3 7 11
11 20 19 21 24 8 11
5 3 25 4 5 5 20
12 16 2 19 0 20 24
10 3 7 22 15 23 20
5 3 25 14 11 19 10
15 22 17 22 15 23 9
21 24 8 6 10 13 14
10 3 7 19 0 20 13
0 19 21 20 13 14 9
7 14 3 9 13 9 6
6 10 13 2 16 11 6
2 16 11 8 15 21 10
1 0 14 6 10 13 10
2 16 11 3 11 5 7
5 3 25 20 13 14 14
25 12 4 10 3 7 9
25 12 4 14 11 19 15
13 13 5 8 15 21 16
23 2 0 8 15 21 24
5 3 25 16 3 11 14
11 20 19 7 14 3 17
9 13 9 11 20 19 12
6 10 13 13 13 5 8
22 15 23 2 16 11 12
24 8 9 8 15 21 13
6 10 13 23 2 0 15
8 15 21 7 14 3 18
2 16 11 25 12 4 8
21 24 8 18 20 19 11
2 16 11 7 14 3 8
8 15 21 14 11 19 4
9 13 9 16 3 11 10
21 24 8 24 8 9 16
7 14 3 20 13 14 11
16 3 11 3 11 5 10
14 11 19 10 3 7 14
14 11 19 7 14 3 16
0 19 21 4 5 5 21
19 0 20 2 16 11 18
12 16 2 23 2 0 14
20 13 14 16 3 11 10
10 3 7 5 3 25 18
15 22 17 14 11 19 11
6 10 13 0 19 21 12
11 20 19 22 15 23 6
23 2 0 19 0 20 20
24 8 9 20 13 14 7
19 0 20 4 5 5 15
20 13 14 2 16 11 4
2 16 11 18 20 19 8
8 15 21 0 19 21 4
23 2 0 24 8 9 10
10 3 7 8 15 21 18
25 12 4 16 3 11 11
16 3 11 24 8 9 5
23 2 0 15 22 17 26
24 8 9 4 5 5 5
18 20 19 15 22 17 2
5 3 25 6 10 13 13
8 15 21 16 3 11 15
6 10 13 10 3 7 9
24 8 9 19 0 20 13
17 4 16 23 2 0 16
6 10 13 15 22 17 12
19 0 20 6 10 13 12