82 3321
25 31 30 27 71 47 43
2 57 17 70 68 28 15
39 1 62 79 36 30 47
45 25 18 6 73 51 58
18 7 3 71 40 13 34
29 2 67 15 73 39 76
66 23 63 58 19 65 4
32 70 17 26 6 2 65
42 24 28 24 31 6 23
48 4 25 35 69 32 65
3 23 21 23 29 15 8
1 62 25 46 4 24 58
44 62 62 31 71 15 47
15 73 39 25 31 30 42
56 48 15 45 25 18 23
27 71 47 58 19 65 55
1 62 25 57 60 69 44
6 73 51 56 48 15 43
59 18 14 75 1 44 34
29 2 67 7 80 54 79
22 9 47 9 54 64 48
17 35 71 44 62 62 28
41 26 67 18 7 3 66
28 41 29 2 57 17 20
22 9 47 66 23 63 21
6 73 51 2 57 17 37
10 76 79 27 71 47 32
66 23 63 65 73 3 78
60 45 54 5 7 60 38
6 73 51 40 71 43 8
4 67 68 21 11 20 73
28 41 29 35 69 32 28
40 71 43 19 79 79 36
1 62 25 25 31 30 31
10 76 79 40 71 43 36
76 81 68 20 10 38 77
76 81 68 73 61 44 31
76 81 68 71 40 13 68
19 79 79 50 31 71 48
76 81 68 9 54 64 27
11 52 13 42 24 28 31
54 81 64 38 17 37 69
33 28 1 81 20 27 27
7 80 54 40 71 43 14
72 54 46 21 11 20 50
9 54 64 43 11 46 46
51 13 80 60 45 54 41
7 80 54 24 31 6 68
21 11 20 61 44 8 35
52 29 16 41 26 67 51
8 35 25 58 19 65 43
58 19 65 74 54 8 66
63 51 55 41 26 67 27
42 24 28 61 44 8 28
16 54 11 51 13 80 80
3 23 21 16 54 11 32
8 35 25 66 23 63 39
73 61 44 79 36 30 28
2 57 17 45 25 18 32
8 35 25 47 3 28 32
34 1 16 73 61 44 66
54 81 64 9 54 64 27
9 54 64 36 10 26 58
52 29 16 74 54 8 26
13 11 71 64 26 30 43
64 26 30 76 81 68 66
14 28 23 13 11 71 50
66 23 63 31 71 15 67
44 62 62 43 11 46 53
54 81 64 30 32 19 66
45 25 18 57 60 69 61
70 68 28 25 31 30 37
9 54 64 69 13 2 74
76 81 68 60 45 54 38
27 71 47 14 28 23 49
63 51 55 60 45 54 6
7 80 54 15 73 39 16
66 23 63 5 7 60 16
71 40 13 73 61 44 37
0 65 56 68 6 67 60
78 7 70 38 17 37 34
25 31 30 11 52 13 27
30 32 19 77 3 0 34
54 81 64 71 40 13 65
45 25 18 43 11 46 31
32 70 17 49 23 9 47
11 52 13 51 13 80 77
76 81 68 59 18 14 82
79 36 30 48 4 25 32
34 1 16 14 28 23 27
35 69 32 81 20 27 49
39 1 62 53 76 11 90
64 26 30 15 73 39 47
76 81 68 7 80 54 14
49 23 9 28 41 29 26
78 7 70 7 80 54 74
75 1 44 44 62 62 63
7 80 54 43 11 46 69
20 10 38 74 54 8 53
60 45 54 78 7 70 41
50 31 71 5 7 60 26
72 54 46 27 71 47 17
20 10 38 40 71 43 61
37 15 13 42 24 28 17
67 10 12 73 61 44 60
78 7 70 71 40 13 65
76 81 68 81 20 27 73
75 1 44 0 65 56 65
3 23 21 73 61 44 44
69 13 2 58 19 65 63
10 76 79 56 48 15 69
17 35 71 27 71 47 43
20 10 38 56 48 15 44
10 76 79 62 33 19 73
1 62 25 43 11 46 55
24 31 6 34 1 16 31
68 6 67 69 13 2 65
21 11 20 1 62 25 51
78 7 70 25 31 30 46
32 70 17 61 44 8 27
46 4 24 39 1 62 38
50 31 71 34 1 16 62
20 10 38 60 45 54 38
28 41 29 43 11 46 34
55 43 26 4 67 68 48
37 15 13 36 10 26 13
27 71 47 43 11 46 60
74 54 8 34 1 16 53
40 71 43 64 26 30 46
12 15 7 6 73 51 72
18 7 3 72 54 46 63
76 81 68 15 73 39 30
46 4 24 67 10 12 13
17 35 71 26 6 2 74
62 33 19 43 11 46 34
0 65 56 10 76 79 25
7 80 54 73 61 44 21
77 3 0 81 20 27 31
60 45 54 15 73 39 31
11 52 13 64 26 30 31
28 41 29 63 51 55 27
66 23 63 63 51 55 29
4 67 68 22 9 47 61
14 28 23 69 13 2 25
75 1 44 67 10 12 33
54 81 64 18 7 3 95
18 7 3 19 79 79 104
50 31 71 38 17 37 36
36 10 26 63 51 55 50
47 3 28 38 17 37 16
19 79 79 6 73 51 28
46 4 24 73 61 44 60
13 11 71 66 23 63 14
80 27 10 51 13 80 71
56 48 15 26 6 2 43
43 11 46 51 13 80 34
14 28 23 4 67 68 59
17 35 71 28 41 29 42
27 71 47 74 54 8 42
38 17 37 35 69 32 52
6 73 51 41 26 67 49
46 4 24 60 45 54 50
45 25 18 40 71 43 52
51 13 80 15 73 39 72
54 81 64 25 31 30 60
1 62 25 0 65 56 31
81 20 27 68 6 67 42
27 71 47 76 81 68 23
14 28 23 68 6 67 49
74 54 8 23 29 15 25
22 9 47 18 7 3 44
28 41 29 60 45 54 25
0 65 56 77 3 0 83
12 15 7 46 4 24 20
56 48 15 2 57 17 9
35 69 32 65 73 3 29
50 31 71 18 7 3 72
35 69 32 13 11 71 69
52 29 16 26 6 2 26
14 28 23 20 10 38 23
13 11 71 69 13 2 69
11 52 13 21 11 20 41
54 81 64 28 41 29 53
63 51 55 10 76 79 34
29 2 67 10 76 79 74
57 60 69 60 45 54 21
38 17 37 37 15 13 24
49 23 9 34 1 16 23
70 68 28 5 7 60 68
14 28 23 9 54 64 48
3 23 21 29 2 67 50
31 71 15 52 29 16 42
21 11 20 49 23 9 16
16 54 11 35 69 32 25
22 9 47 54 81 64 73
31 71 15 81 20 27 52
26 6 2 55 43 26 44
81 20 27 51 13 80 53
44 62 62 33 28 1 69
68 6 67 80 27 10 60
80 27 10 38 17 37 28
35 69 32 2 57 17 19
23 29 15 58 19 65 50
24 31 6 59 18 14 15
22 9 47 50 31 71 32
6 73 51 30 32 19 52
71 40 13 48 4 25 37
62 33 19 5 7 60 48
31 71 15 73 61 44 30
28 41 29 1 62 25 21
63 51 55 48 4 25 55
43 11 46 22 9 47 2
29 2 67 46 4 24 43
29 2 67 65 73 3 95
34 1 16 63 51 55 63
22 9 47 38 17 37 12
60 45 54 81 20 27 36
8 35 25 81 20 27 15
62 33 19 73 61 44 37
54 81 64 53 76 11 53
77 3 0 48 4 25 25
12 15 7 69 13 2 5
59 18 14 49 23 9 7
49 23 9 8 35 25 20
25 31 30 42 24 28 7
79 36 30 41 26 67 38
17 35 71 31 71 15 66
34 1 16 27 71 47 76
22 9 47 6 73 51 64
2 57 17 59 18 14 39
72 54 46 61 44 8 39
61 44 8 39 1 62 69
81 20 27 4 67 68 62
44 62 62 77 3 0 85
45 25 18 5 7 60 45
34 1 16 46 4 24 8
38 17 37 34 1 16 26
36 10 26 18 7 3 23
2 57 17 31 71 15 14
60 45 54 72 54 46 12
78 7 70 40 71 43 69
73 61 44 64 26 30 37
42 24 28 63 51 55 38
60 45 54 17 35 71 19
29 2 67 19 79 79 77
48 4 25 25 31 30 27
57 60 69 19 79 79 21
68 6 67 46 4 24 43
72 54 46 23 29 15 39
18 7 3 23 29 15 25
53 76 11 72 54 46 41
80 27 10 31 71 15 44
57 60 69 47 3 28 70
76 81 68 79 36 30 58
1 62 25 67 10 12 53
17 35 71 7 80 54 48
0 65 56 16 54 11 46
74 54 8 33 28 1 26
76 81 68 8 35 25 62
81 20 27 75 1 44 25
47 3 28 30 32 19 30
9 54 64 10 76 79 26
59 18 14 37 15 13 3
11 52 13 22 9 47 54
76 81 68 19 79 79 11
9 54 64 61 44 8 56
25 31 30 36 10 26 21
9 54 64 41 26 67 28
17 35 71 65 73 3 77
47 3 28 46 4 24 4
59 18 14 15 73 39 60
43 11 46 72 54 46 43
28 41 29 12 15 7 34
34 1 16 35 69 32 69
79 36 30 67 10 12 31
32 70 17 9 54 64 49
55 43 26 1 62 25 19
6 73 51 21 11 20 69
46 4 24 77 3 0 24
35 69 32 66 23 63 55
18 7 3 55 43 26 42
61 44 8 12 15 7 29
16 54 11 68 6 67 73
73 61 44 42 24 28 40
77 3 0 74 54 8 51
10 76 79 4 67 68 14
36 10 26 58 19 65 40
9 54 64 2 57 17 47
28 41 29 32 70 17 31
20 10 38 43 11 46 8
68 6 67 74 54 8 76
4 67 68 9 54 64 13
77 3 0 58 19 65 66
62 33 19 22 9 47 36
59 18 14 13 11 71 57
9 54 64 27 71 47 24
1 62 25 23 29 15 34
59 18 14 70 68 28 51
15 73 39 10 76 79 40
15 73 39 79 36 30 38
57 60 69 52 29 16 61
18 7 3 16 54 11 47
22 9 47 59 18 14 34
29 2 67 21 11 20 47
11 52 13 47 3 28 51
12 15 7 9 54 64 69
62 33 19 79 36 30 11
56 48 15 13 11 71 67
30 32 19 27 71 47 48
20 10 38 48 4 25 14
81 20 27 45 25 18 10
78 7 70 75 1 44 26
13 11 71 6 73 51 65
6 73 51 35 69 32 19
65 73 3 41 26 67 79
53 76 11 32 70 17 8
71 40 13 9 54 64 52
46 4 24 36 10 26 6
54 81 64 10 76 79 15
17 35 71 63 51 55 22
55 43 26 40 71 43 32
77 3 0 19 79 79 109
30 32 19 41 26 67 48
35 69 32 0 65 56 24
56 48 15 75 1 44 55
61 44 8 70 68 28 31
36 10 26 57 60 69 65
49 23 9 71 40 13 17
38 17 37 27 71 47 54
29 2 67 61 44 8 72
21 11 20 69 13 2 18
57 60 69 69 13 2 81
54 81 64 46 4 24 86
25 31 30 64 26 30 5
30 32 19 72 54 46 34
79 36 30 18 7 3 39
25 31 30 66 23 63 33
28 41 29 3 23 21 19
18 7 3 44 62 62 80
5 7 60 58 19 65 13
39 1 62 67 10 12 50
14 28 23 77 3 0 33
3 23 21 24 31 6 17
45 25 18 26 6 2 24
60 45 54 25 31 30 27
42 24 28 75 1 44 28
40 71 43 31 71 15 28
47 3 28 16 54 11 53
0 65 56 3 23 21 54
33 28 1 6 73 51 67
44 62 62 41 26 67 36
47 3 28 7 80 54 81
24 31 6 45 25 18 13
66 23 63 46 4 24 43
71 40 13 36 10 26 32
75 1 44 34 1 16 28
71 40 13 74 54 8 14
32 70 17 25 31 30 41
38 17 37 16 54 11 45
42 24 28 16 54 11 34
18 7 3 60 45 54 63
58 19 65 16 54 11 64
49 23 9 9 54 64 63
35 69 32 31 71 15 17
14 28 23 42 24 28 6
77 3 0 31 71 15 69
50 31 71 9 54 64 24
72 54 46 11 52 13 33
44 62 62 46 4 24 69
2 57 17 75 1 44 62
55 43 26 81 20 27 23
79 36 30 52 29 16 15
10 76 79 75 1 44 82
19 79 79 65 73 3 76
2 57 17 40 71 43 29
34 1 16 78 7 70 54
75 1 44 53 76 11 81
8 35 25 5 7 60 44
35 69 32 40 71 43 11
38 17 37 21 11 20 18
31 71 15 43 11 46 67
24 31 6 53 76 11 45
33 28 1 77 3 0 25
76 81 68 77 3 0 103
12 15 7 52 29 16 16
0 65 56 52 29 16 53
55 43 26 66 23 63 42
63 51 55 62 33 19 40
10 76 79 44 62 62 22
43 11 46 49 23 9 38
0 65 56 56 48 15 44
9 54 64 13 11 71 43
54 81 64 50 31 71 50
50 31 71 33 28 1 70
71 40 13 29 2 67 66
71 40 13 53 76 11 36
72 54 46 25 31 30 28
23 29 15 17 35 71 56
58 19 65 47 3 28 40
14 28 23 56 48 15 21
32 70 17 39 1 62 82
34 1 16 53 76 11 75
6 73 51 16 54 11 44
62 33 19 50 31 71 52
55 43 26 51 13 80 61
34 1 16 32 70 17 69
56 48 15 50 31 71 58
24 31 6 69 13 2 18
76 81 68 45 25 18 75
29 2 67 45 25 18 54
41 26 67 29 2 67 24
0 65 56 79 36 30 38
75 1 44 16 54 11 62
67 10 12 53 76 11 66
24 31 6 6 73 51 61
21 11 20 45 25 18 14
36 10 26 73 61 44 54
47 3 28 10 76 79 89
2 57 17 12 15 7 43
30 32 19 0 65 56 49
48 4 25 21 11 20 8
26 6 2 16 54 11 48
33 28 1 73 61 44 54
63 51 55 73 61 44 14
38 17 37 14 28 23 17
81 20 27 16 54 11 37
27 71 47 31 71 15 32
3 23 21 35 69 32 47
31 71 15 59 18 14 53
56 48 15 37 15 13 33
38 17 37 72 54 46 38
72 54 46 62 33 19 34
73 61 44 74 54 8 36
42 24 28 2 57 17 34
43 11 46 66 23 63 20
64 26 30 81 20 27 6
48 4 25 1 62 25 58
37 15 13 77 3 0 17
76 81 68 41 26 67 55
4 67 68 28 41 29 46
22 9 47 60 45 54 36
25 31 30 29 2 67 47
65 73 3 43 11 46 75
47 3 28 62 33 19 31
70 68 28 66 23 63 57
13 11 71 42 24 28 44
75 1 44 29 2 67 23
18 7 3 47 3 28 25
28 41 29 39 1 62 51
13 11 71 68 6 67 6
5 7 60 24 31 6 59
54 81 64 64 26 30 64
69 13 2 40 71 43 71
27 71 47 33 28 1 62
28 41 29 81 20 27 21
32 70 17 37 15 13 55
60 45 54 75 1 44 45
69 13 2 6 73 51 77
55 43 26 57 60 69 46
9 54 64 3 23 21 53
44 62 62 19 79 79 24
60 45 54 55 43 26 28
30 32 19 34 1 16 31
53 76 11 55 43 26 36
62 33 19 74 54 8 23
71 40 13 34 1 16 39
16 54 11 49 23 9 31
29 2 67 56 48 15 69
42 24 28 1 62 25 38
38 17 37 81 20 27 10
46 4 24 31 71 15 67
60 45 54 32 70 17 44
15 73 39 13 11 71 69
67 10 12 63 51 55 59
62 33 19 30 32 19 1
61 44 8 48 4 25 43
36 10 26 17 35 71 51
55 43 26 38 17 37 28
19 79 79 67 10 12 96
80 27 10 16 54 11 27
12 15 7 15 73 39 66
45 25 18 31 71 15 46
12 15 7 78 7 70 63
81 20 27 14 28 23 8
72 54 46 51 13 80 53
60 45 54 31 71 15 46
70 68 28 54 81 64 38
45 25 18 19 79 79 81
13 11 71 62 33 19 56
13 11 71 26 6 2 69
13 11 71 75 1 44 28
75 1 44 65 73 3 82
47 3 28 34 1 16 12
6 73 51 1 62 25 28
1 62 25 39 1 62 71
4 67 68 79 36 30 49
53 76 11 56 48 15 28
64 26 30 69 13 2 30
55 43 26 64 26 30 17
71 40 13 4 67 68 61
46 4 24 19 79 79 93
26 6 2 24 31 6 25
37 15 13 44 62 62 67
48 4 25 14 28 23 24
2 57 17 30 32 19 25
39 1 62 58 19 65 18
25 31 30 39 1 62 43
67 10 12 70 68 28 60
38 17 37 60 45 54 32
45 25 18 71 40 13 15
78 7 70 37 15 13 57
28 41 29 44 62 62 39
60 45 54 37 15 13 50
19 79 79 9 54 64 29
60 45 54 11 52 13 41
44 62 62 50 31 71 32
48 4 25 42 24 28 20
1 62 25 49 23 9 42
47 3 28 67 10 12 17
25 31 30 80 27 10 20
47 3 28 61 44 8 45
3 23 21 81 20 27 6
65 73 3 11 52 13 23
67 10 12 7 80 54 81
20 10 38 41 26 67 33
66 23 63 15 73 39 55
53 76 11 18 7 3 69
7 80 54 31 71 15 40
47 3 28 69 13 2 27
51 13 80 3 23 21 59
71 40 13 77 3 0 39
41 26 67 31 71 15 68
3 23 21 40 71 43 52
76 81 68 25 31 30 62
40 71 43 81 20 27 53
26 6 2 41 26 67 68
5 7 60 13 11 71 11
55 43 26 10 76 79 62
48 4 25 59 18 14 17
21 11 20 63 51 55 53
50 31 71 60 45 54 22
49 23 9 80 27 10 4
38 17 37 66 23 63 26
46 4 24 43 11 46 23
43 11 46 37 15 13 33
16 54 11 13 11 71 73
59 18 14 72 54 46 48
60 45 54 14 28 23 35
77 3 0 42 24 28 35
49 23 9 52 29 16 9
56 48 15 42 24 28 27
34 1 16 56 48 15 47
5 7 60 35 69 32 68
10 76 79 58 19 65 58
4 67 68 65 73 3 65
2 57 17 26 6 2 53
14 28 23 7 80 54 60
56 48 15 19 79 79 71
55 43 26 68 6 67 55
11 52 13 2 57 17 6
62 33 19 4 67 68 59
57 60 69 58 19 65 41
65 73 3 0 65 56 53
30 32 19 21 11 20 21
8 35 25 63 51 55 34
61 44 8 25 31 30 25
11 52 13 70 68 28 21
81 20 27 34 1 16 21
67 10 12 15 73 39 68
21 11 20 79 36 30 26
68 6 67 51 13 80 14
17 35 71 5 7 60 30
58 19 65 44 62 62 43
19 79 79 24 31 6 87
25 31 30 4 67 68 52
18 7 3 9 54 64 77
52 29 16 59 18 14 11
7 80 54 18 7 3 89
48 4 25 32 70 17 66
3 23 21 68 6 67 49
11 52 13 78 7 70 72
1 62 25 8 35 25 27
74 54 8 43 11 46 57
70 68 28 33 28 1 48
54 81 64 73 61 44 28
9 54 64 0 65 56 13
54 81 64 52 29 16 70
47 3 28 3 23 21 21
47 3 28 6 73 51 73
9 54 64 59 18 14 61
1 62 25 64 26 30 36
67 10 12 11 52 13 42
74 54 8 67 10 12 44
5 7 60 71 40 13 57
38 17 37 33 28 1 37
29 2 67 44 62 62 60
63 51 55 38 17 37 38
46 4 24 33 28 1 33
37 15 13 5 7 60 47
71 40 13 46 4 24 37
62 33 19 70 68 28 36
2 57 17 57 60 69 52
80 27 10 13 11 71 63
55 43 26 24 31 6 23
74 54 8 25 31 30 31
70 68 28 32 70 17 11
14 28 23 28 41 29 14
74 54 8 50 31 71 67
37 15 13 20 10 38 25
67 10 12 65 73 3 63
53 76 11 17 35 71 72
69 13 2 10 76 79 99
80 27 10 81 20 27 18
56 48 15 43 11 46 48
27 71 47 6 73 51 4
20 10 38 53 76 11 71
32 70 17 33 28 1 44
76 81 68 75 1 44 83
4 67 68 29 2 67 65
33 28 1 79 36 30 30
24 31 6 17 35 71 65
16 54 11 69 13 2 41
2 57 17 4 67 68 51
51 13 80 8 35 25 59
29 2 67 80 27 10 62
44 62 62 64 26 30 48
27 71 47 60 45 54 26
14 28 23 3 23 21 5
59 18 14 81 20 27 13
48 4 25 43 11 46 22
21 11 20 22 9 47 27
37 15 13 53 76 11 61
0 65 56 58 19 65 46
37 15 13 2 57 17 42
60 45 54 1 62 25 33
37 15 13 17 35 71 61
37 15 13 6 73 51 69
66 23 63 27 71 47 50
40 71 43 34 1 16 75
7 80 54 62 33 19 58
49 23 9 26 6 2 18
12 15 7 77 3 0 13
78 7 70 59 18 14 57
71 40 13 72 54 46 35
46 4 24 69 13 2 23
22 9 47 15 73 39 64
78 7 70 53 76 11 90
68 6 67 7 80 54 75
62 33 19 64 26 30 13
67 10 12 48 4 25 14
9 54 64 66 23 63 31
26 6 2 57 60 69 86
27 71 47 68 6 67 68
39 1 62 42 24 28 41
51 13 80 50 31 71 20
43 11 46 67 10 12 34
21 11 20 53 76 11 65
27 71 47 4 67 68 21
70 68 28 12 15 7 57
13 11 71 10 76 79 65
8 35 25 2 57 17 23
55 43 26 6 73 51 39
13 11 71 32 70 17 79
28 41 29 25 31 30 10
71 40 13 27 71 47 46
9 54 64 16 54 11 53
37 15 13 18 7 3 12
13 11 71 81 20 27 44
31 71 15 68 6 67 83
78 7 70 52 29 16 58
74 54 8 15 73 39 36
23 29 15 31 71 15 42
35 69 32 63 51 55 29
19 79 79 39 1 62 79
64 26 30 66 23 63 33
37 15 13 39 1 62 50
72 54 46 58 19 65 39
31 71 15 25 31 30 42
60 45 54 39 1 62 44
0 65 56 72 54 46 14
38 17 37 24 31 6 34
74 54 8 54 81 64 62
17 35 71 68 6 67 29
10 76 79 1 62 25 55
39 1 62 4 67 68 66
55 43 26 39 1 62 55
49 23 9 46 4 24 24
12 15 7 44 62 62 72
40 71 43 50 31 71 48
15 73 39 37 15 13 63
23 29 15 8 35 25 11
5 7 60 26 6 2 58
18 7 3 24 31 6 24
8 35 25 32 70 17 35
39 1 62 52 29 16 53
70 68 28 13 11 71 71
72 54 46 50 31 71 33
19 79 79 11 52 13 71
42 24 28 32 70 17 47
79 36 30 70 68 28 32
81 20 27 72 54 46 38
56 48 15 76 81 68 62
23 29 15 6 73 51 56
19 79 79 27 71 47 32
10 76 79 43 11 46 72
54 81 64 3 23 21 72
80 27 10 63 51 55 51
31 71 15 64 26 30 47
66 23 63 57 60 69 37
15 73 39 40 71 43 4
33 28 1 18 7 3 21
59 18 14 55 43 26 27
54 81 64 72 54 46 32
74 54 8 64 26 30 35
36 10 26 8 35 25 25
53 76 11 41 26 67 75
65 73 3 28 41 29 41
69 13 2 76 81 68 94
55 43 26 70 68 28 25
43 11 46 15 73 39 62
52 29 16 32 70 17 41
70 68 28 35 69 32 4
33 28 1 64 26 30 29
81 20 27 79 36 30 16
42 24 28 19 79 79 75
79 36 30 60 45 54 25
56 48 15 44 62 62 49
22 9 47 16 54 11 57
51 13 80 58 19 65 16
39 1 62 36 10 26 37
1 62 25 52 29 16 34
43 11 46 53 76 11 73
35 69 32 51 13 80 73
37 15 13 41 26 67 55
23 29 15 9 54 64 55
43 11 46 42 24 28 22
26 6 2 74 54 8 48
30 32 19 78 7 70 56
8 35 25 79 36 30 5
67 10 12 37 15 13 5
41 26 67 60 45 54 23
6 73 51 51 13 80 66
42 24 28 22 9 47 24
44 62 62 53 76 11 52
71 40 13 50 31 71 58
75 1 44 19 79 79 85
9 54 64 46 4 24 64
50 31 71 76 81 68 50
80 27 10 62 33 19 10
69 13 2 36 10 26 24
18 7 3 76 81 68 98
21 11 20 50 31 71 54
45 25 18 73 61 44 44
25 31 30 24 31 6 24
40 71 43 74 54 8 38
42 24 28 67 10 12 21
24 31 6 77 3 0 28
62 33 19 68 6 67 55
5 7 60 11 52 13 65
47 3 28 4 67 68 75
51 13 80 13 11 71 9
78 7 70 22 9 47 23
22 9 47 23 29 15 37
39 1 62 6 73 51 72
3 23 21 12 15 7 16
9 54 64 29 2 67 52
27 71 47 44 62 62 17
9 54 64 56 48 15 49
56 48 15 47 3 28 46
52 29 16 64 26 30 14
13 11 71 58 19 65 10
59 18 14 80 27 10 9
5 7 60 18 7 3 57
29 2 67 78 7 70 5
13 11 71 36 10 26 45
10 76 79 80 27 10 84
27 71 47 3 23 21 54
17 35 71 79 36 30 41
71 40 13 64 26 30 22
69 13 2 26 6 2 7
1 62 25 56 48 15 17
29 2 67 73 61 44 63
62 33 19 49 23 9 14
31 71 15 4 67 68 53
21 11 20 37 15 13 8
36 10 26 32 70 17 60
57 60 69 72 54 46 23
8 35 25 27 71 47 42
31 71 15 62 33 19 38
32 70 17 46 4 24 66
20 10 38 47 3 28 12
48 4 25 13 11 71 46
81 20 27 19 79 79 78
5 7 60 22 9 47 13
21 11 20 25 31 30 22
34 1 16 62 33 19 32
81 20 27 5 7 60 35
14 28 23 30 32 19 5
17 35 71 16 54 11 62
11 52 13 80 27 10 25
26 6 2 46 4 24 22
67 10 12 12 15 7 7
43 11 46 8 35 25 31
45 25 18 74 54 8 30
38 17 37 30 32 19 23
81 20 27 6 73 51 58
1 62 25 80 27 10 38
8 35 25 6 73 51 46
73 61 44 65 73 3 42
61 44 8 16 54 11 10
12 15 7 38 17 37 30
2 57 17 27 71 47 33
79 36 30 57 60 69 45
48 4 25 51 13 80 55
54 81 64 77 3 0 100
2 57 17 53 76 11 19
68 6 67 20 10 38 29
80 27 10 32 70 17 43
53 76 11 59 18 14 58
4 67 68 63 51 55 20
27 71 47 52 29 16 52
40 71 43 72 54 46 17
8 35 25 18 7 3 35
42 24 28 81 20 27 4
36 10 26 11 52 13 43
32 70 17 17 35 71 64
67 10 12 5 7 60 48
41 26 67 25 31 30 37
17 35 71 48 4 25 55
26 6 2 29 2 67 65
34 1 16 3 23 21 22
68 6 67 2 57 17 71
36 10 26 42 24 28 14
65 73 3 52 29 16 45
43 11 46 60 45 54 34
52 29 16 29 2 67 57
77 3 0 11 52 13 50
70 68 28 41 26 67 57
56 48 15 78 7 70 68
20 10 38 17 35 71 41
1 62 25 59 18 14 45
74 54 8 80 27 10 27
39 1 62 69 13 2 61
21 11 20 67 10 12 8
28 41 29 71 40 13 16
5 7 60 10 76 79 71
39 1 62 26 6 2 60
54 81 64 48 4 25 86
46 4 24 62 33 19 29
14 28 23 12 15 7 20
34 1 16 72 54 46 60
16 54 11 57 60 69 58
41 26 67 54 81 64 55
10 76 79 74 54 8 74
44 62 62 20 10 38 57
4 67 68 53 76 11 57
48 4 25 47 3 28 3
17 35 71 41 26 67 9
7 80 54 27 71 47 11
54 81 64 34 1 16 93
51 13 80 25 31 30 53
65 73 3 2 57 17 21
17 35 71 62 33 19 52
44 62 62 14 28 23 51
28 41 29 64 26 30 15
6 73 51 75 1 44 72
64 26 30 61 44 8 28
54 81 64 1 62 25 43
77 3 0 75 1 44 44
3 23 21 33 28 1 20
21 11 20 77 3 0 21
34 1 16 58 19 65 52
38 17 37 4 67 68 58
73 61 44 47 3 28 60
79 36 30 47 3 28 33
18 7 3 80 27 10 21
12 15 7 11 52 13 37
33 28 1 16 54 11 27
17 35 71 30 32 19 52
67 10 12 17 35 71 64
31 71 15 28 41 29 33
41 26 67 11 52 13 59
4 67 68 18 7 3 88
25 31 30 58 19 65 37
1 62 25 68 6 67 70
55 43 26 8 35 25 8
17 35 71 35 69 32 51
7 80 54 3 23 21 65
78 7 70 41 26 67 19
58 19 65 1 62 25 58
38 17 37 69 13 2 35
58 19 65 43 11 46 20
21 11 20 7 80 54 76
34 1 16 8 35 25 35
52 29 16 37 15 13 14
75 1 44 36 10 26 20
30 32 19 44 62 62 52
54 81 64 14 28 23 67
12 15 7 19 79 79 96
13 11 71 21 11 20 51
35 69 32 46 4 24 65
76 81 68 38 17 37 71
35 69 32 78 7 70 72
60 45 54 33 28 1 55
56 48 15 80 27 10 21
16 54 11 66 23 63 60
24 31 6 9 54 64 62
57 60 69 22 9 47 55
7 80 54 4 67 68 19
77 3 0 51 13 80 80
79 36 30 53 76 11 44
19 79 79 26 6 2 106
15 73 39 52 29 16 49
72 54 46 22 9 47 45
22 9 47 1 62 25 57
57 60 69 63 51 55 16
73 61 44 6 73 51 13
23 29 15 12 15 7 16
10 76 79 12 15 7 94
40 71 43 62 33 19 44
18 7 3 51 13 80 77
16 54 11 41 26 67 62
0 65 56 71 40 13 49
37 15 13 8 35 25 23
65 73 3 42 24 28 55
57 60 69 20 10 38 58
72 54 46 55 43 26 22
3 23 21 1 62 25 39
31 71 15 65 73 3 12
24 31 6 64 26 30 24
39 1 62 64 26 30 40
8 35 25 28 41 29 7
17 35 71 18 7 3 73
66 23 63 23 29 15 48
9 54 64 5 7 60 47
49 23 9 47 3 28 27
71 40 13 17 35 71 58
56 48 15 81 20 27 30
26 6 2 14 28 23 30
71 40 13 42 24 28 21
35 69 32 76 81 68 37
29 2 67 18 7 3 64
30 32 19 13 11 71 56
53 76 11 58 19 65 78
49 23 9 68 6 67 60
28 41 29 6 73 51 38
50 31 71 64 26 30 41
13 11 71 61 44 8 71
33 28 1 8 35 25 25
40 71 43 67 10 12 68
0 65 56 21 11 20 64
14 28 23 45 25 18 5
21 11 20 9 54 64 61
45 25 18 23 29 15 5
61 44 8 50 31 71 64
4 67 68 33 28 1 77
42 24 28 33 28 1 27
33 28 1 23 29 15 14
46 4 24 42 24 28 20
78 7 70 77 3 0 70
69 13 2 50 31 71 71
51 13 80 53 76 11 93
51 13 80 56 48 15 73
19 79 79 63 51 55 36
74 54 8 55 43 26 21
79 36 30 65 73 3 45
7 80 54 16 54 11 50
73 61 44 17 35 71 37
61 44 8 17 35 71 63
12 15 7 65 73 3 58
31 71 15 42 24 28 48
36 10 26 24 31 6 29
46 4 24 63 51 55 56
73 61 44 59 18 14 52
35 69 32 15 73 39 8
33 28 1 15 73 39 58
18 7 3 68 6 67 64
78 7 70 32 70 17 82
78 7 70 3 23 21 51
10 76 79 18 7 3 102
19 79 79 7 80 54 25
29 2 67 53 76 11 92
32 70 17 22 9 47 67
1 62 25 75 1 44 63
32 70 17 11 52 13 18
24 31 6 4 67 68 71
35 69 32 41 26 67 55
38 17 37 1 62 25 46
14 28 23 73 61 44 39
69 13 2 31 71 15 59
45 25 18 4 67 68 65
33 28 1 39 1 62 66
30 32 19 45 25 18 7
7 80 54 41 26 67 55
6 73 51 0 65 56 9
20 10 38 13 11 71 33
37 15 13 27 71 47 65
70 68 28 80 27 10 44
49 23 9 38 17 37 28
3 23 21 38 17 37 17
35 69 32 20 10 38 59
36 10 26 21 11 20 6
34 1 16 76 81 68 95
27 71 47 1 62 25 23
78 7 70 47 3 28 42
38 17 37 73 61 44 44
1 62 25 24 31 6 36
11 52 13 30 32 19 20
46 4 24 23 29 15 26
23 29 15 42 24 28 13
5 7 60 21 11 20 40
74 54 8 0 65 56 49
5 7 60 47 3 28 32
56 48 15 12 15 7 33
10 76 79 42 24 28 72
74 54 8 70 68 28 24
78 7 70 4 67 68 60
51 13 80 10 76 79 63
54 81 64 58 19 65 62
20 10 38 69 13 2 36
7 80 54 49 23 9 72
33 28 1 78 7 70 72
76 81 68 62 33 19 68
65 73 3 60 45 54 58
29 2 67 72 54 46 56
36 10 26 51 13 80 54
34 1 16 70 68 28 68
18 7 3 78 7 70 67
78 7 70 51 13 80 11
47 3 28 54 81 64 85
28 41 29 52 29 16 17
4 67 68 46 4 24 76
58 19 65 24 31 6 60
19 79 79 74 54 8 75
72 54 46 3 23 21 39
1 62 25 5 7 60 65
69 13 2 43 11 46 44
45 25 18 11 52 13 27
43 11 46 14 28 23 28
57 60 69 41 26 67 34
22 9 47 40 71 43 62
70 68 28 49 23 9 48
59 18 14 35 69 32 54
47 3 28 35 69 32 66
45 25 18 58 19 65 47
2 57 17 39 1 62 71
8 35 25 19 79 79 69
56 48 15 33 28 1 24
16 54 11 72 54 46 35
40 71 43 51 13 80 68
30 32 19 23 29 15 5
0 65 56 80 27 10 59
14 28 23 41 26 67 44
5 7 60 55 43 26 49
2 57 17 54 81 64 52
61 44 8 4 67 68 64
78 7 70 6 73 51 68
57 60 69 13 11 71 49
52 29 16 44 62 62 56
28 41 29 38 17 37 25
27 71 47 22 9 47 62
51 13 80 34 1 16 65
19 79 79 41 26 67 54
58 19 65 48 4 25 42
68 6 67 28 41 29 51
52 29 16 81 20 27 14
73 61 44 30 32 19 38
68 6 67 41 26 67 20
34 1 16 12 15 7 16
48 4 25 27 71 47 70
15 73 39 9 54 64 31
29 2 67 14 28 23 51
39 1 62 59 18 14 50
61 44 8 20 10 38 45
28 41 29 26 6 2 44
53 76 11 57 60 69 60
21 11 20 65 73 3 64
12 15 7 5 7 60 53
66 23 63 41 26 67 5
20 10 38 33 28 1 41
40 71 43 46 4 24 69
8 35 25 4 67 68 53
62 33 19 25 31 30 11
6 73 51 60 45 54 28
16 54 11 62 33 19 22
20 10 38 7 80 54 71
50 31 71 24 31 6 65
56 48 15 69 13 2 37
6 73 51 43 11 46 62
43 11 46 76 81 68 73
80 27 10 44 62 62 62
55 43 26 36 10 26 33
22 9 47 81 20 27 22
8 35 25 64 26 30 10
64 26 30 38 17 37 11
59 18 14 5 7 60 47
12 15 7 8 35 25 26
55 43 26 44 62 62 40
11 52 13 73 61 44 32
20 10 38 22 9 47 9
21 11 20 68 6 67 47
4 67 68 0 65 56 12
52 29 16 19 79 79 80
52 29 16 56 48 15 19
71 40 13 39 1 62 62
32 70 17 50 31 71 66
60 45 54 21 11 20 48
43 11 46 38 17 37 10
48 4 25 26 6 2 23
21 11 20 2 57 17 46
75 1 44 58 19 65 27
60 45 54 58 19 65 28
25 31 30 45 25 18 13
69 13 2 73 61 44 63
34 1 16 13 11 71 55
1 62 25 37 15 13 48
14 28 23 22 9 47 30
79 36 30 37 15 13 27
79 36 30 22 9 47 31
67 10 12 0 65 56 70
17 35 71 70 68 28 54
50 31 71 12 15 7 65
37 15 13 76 81 68 85
64 26 30 37 15 13 20
65 73 3 1 62 25 24
38 17 37 2 57 17 44
45 25 18 0 65 56 55
12 15 7 36 10 26 19
2 57 17 49 23 9 34
11 52 13 6 73 51 43
9 54 64 20 10 38 51
24 31 6 80 27 10 5
63 51 55 44 62 62 13
6 73 51 46 4 24 74
5 7 60 19 79 79 74
15 73 39 54 81 64 26
17 35 71 52 29 16 55
74 54 8 16 54 11 3
80 27 10 54 81 64 76
17 35 71 72 54 46 31
70 68 28 10 76 79 51
39 1 62 8 35 25 50
51 13 80 47 3 28 52
57 60 69 76 81 68 21
31 71 15 67 10 12 61
0 65 56 34 1 16 75
69 13 2 55 43 26 38
77 3 0 20 10 38 38
36 10 26 6 73 51 67
9 54 64 65 73 3 63
53 76 11 9 54 64 57
48 4 25 45 25 18 22
16 54 11 50 31 71 64
50 31 71 49 23 9 62
19 79 79 70 68 28 52
58 19 65 35 69 32 59
35 69 32 1 62 25 9
20 10 38 75 1 44 10
29 2 67 51 13 80 17
19 79 79 35 69 32 48
41 26 67 12 15 7 61
69 13 2 35 69 32 63
46 4 24 7 80 54 81
44 62 62 74 54 8 54
48 4 25 76 81 68 88
15 73 39 21 11 20 64
62 33 19 33 28 1 18
48 4 25 28 41 29 37
72 54 46 77 3 0 68
46 4 24 0 65 56 68
48 4 25 31 71 15 67
5 7 60 51 13 80 20
37 15 13 40 71 43 63
66 23 63 68 6 67 17
42 24 28 60 45 54 33
64 26 30 4 67 68 55
29 2 67 12 15 7 61
38 17 37 36 10 26 13
31 71 15 13 11 71 82
7 80 54 72 54 46 27
63 51 55 61 44 8 47
68 6 67 57 60 69 54
1 62 25 40 71 43 20
42 24 28 8 35 25 11
65 73 3 13 11 71 92
16 54 11 34 1 16 53
63 51 55 30 32 19 40
38 17 37 6 73 51 57
73 61 44 8 35 25 32
8 35 25 60 45 54 30
38 17 37 0 65 56 51
67 10 12 9 54 64 68
65 73 3 72 54 46 47
56 48 15 68 6 67 66
44 62 62 25 31 30 44
62 33 19 61 44 8 15
31 71 15 21 11 20 60
28 41 29 56 48 15 15
24 31 6 56 48 15 19
54 81 64 69 13 2 92
32 70 17 10 76 79 62
20 10 38 39 1 62 25
13 11 71 11 52 13 71
50 31 71 27 71 47 46
34 1 16 77 3 0 16
48 4 25 18 7 3 22
75 1 44 70 68 28 68
60 45 54 23 29 15 42
10 76 79 37 15 13 89
53 76 11 60 45 54 53
28 41 29 13 11 71 51
0 65 56 24 31 6 60
81 20 27 66 23 63 36
56 48 15 39 1 62 66
49 23 9 29 2 67 61
48 4 25 7 80 54 81
63 51 55 69 13 2 65
50 31 71 59 18 14 58
36 10 26 74 54 8 47
52 29 16 48 4 25 26
16 54 11 37 15 13 39
46 4 24 53 76 11 73
40 71 43 9 54 64 27
71 40 13 26 6 2 35
80 27 10 78 7 70 63
51 13 80 79 36 30 55
18 7 3 52 29 16 25
75 1 44 27 71 47 70
8 35 25 62 33 19 6
53 76 11 76 81 68 57
63 51 55 52 29 16 44
72 54 46 41 26 67 35
74 54 8 6 73 51 47
46 4 24 72 54 46 54
16 54 11 1 62 25 16
58 19 65 71 40 13 56
69 13 2 60 45 54 61
40 71 43 80 27 10 55
77 3 0 73 61 44 72
8 35 25 0 65 56 43
67 10 12 62 33 19 24
25 31 30 71 40 13 19
15 73 39 80 27 10 54
49 23 9 64 26 30 21
57 60 69 11 52 13 56
20 10 38 23 29 15 29
7 80 54 45 25 18 65
43 11 46 61 44 8 50
28 41 29 51 13 80 58
79 36 30 49 23 9 24
43 11 46 35 69 32 59
47 3 28 59 18 14 20
65 73 3 70 68 28 25
23 29 15 36 10 26 21
67 10 12 64 26 30 24
44 62 62 47 3 28 68
59 18 14 32 70 17 52
65 73 3 36 10 26 67
80 27 10 17 35 71 61
59 18 14 20 10 38 25
67 10 12 23 29 15 19
17 35 71 59 18 14 59
17 35 71 11 52 13 60
9 54 64 57 60 69 7
48 4 25 81 20 27 16
66 23 63 18 7 3 62
55 43 26 28 41 29 3
22 9 47 19 79 79 76
80 27 10 22 9 47 41
15 73 39 18 7 3 75
54 81 64 12 15 7 87
64 26 30 60 45 54 30
13 11 71 53 76 11 88
17 35 71 10 76 79 41
43 11 46 78 7 70 24
33 28 1 22 9 47 49
26 6 2 70 68 28 67
49 23 9 77 3 0 21
30 32 19 69 13 2 25
1 62 25 14 28 23 34
34 1 16 61 44 8 43
52 29 16 58 19 65 50
37 15 13 12 15 7 6
46 4 24 61 44 8 43
66 23 63 1 62 25 54
3 23 21 58 19 65 44
32 70 17 51 13 80 84
71 40 13 47 3 28 39
73 61 44 22 9 47 52
80 27 10 14 28 23 13
56 48 15 40 71 43 36
81 20 27 65 73 3 58
20 10 38 67 10 12 26
66 23 63 30 32 19 44
11 52 13 48 4 25 49
76 81 68 22 9 47 75
49 23 9 22 9 47 40
64 26 30 57 60 69 51
16 54 11 60 45 54 43
57 60 69 27 71 47 24
40 71 43 29 2 67 73
2 57 17 69 13 2 46
67 10 12 61 44 8 34
32 70 17 15 73 39 22
74 54 8 63 51 55 47
78 7 70 14 28 23 51
41 26 67 67 10 12 57
11 52 13 81 20 27 34
48 4 25 49 23 9 24
76 81 68 23 29 15 74
56 48 15 48 4 25 45
43 11 46 52 29 16 34
75 1 44 22 9 47 8
64 26 30 56 48 15 26
26 6 2 8 35 25 37
78 7 70 10 76 79 69
67 10 12 38 17 37 25
41 26 67 15 73 39 54
6 73 51 64 26 30 51
3 23 21 66 23 63 42
3 23 21 17 35 71 51
77 3 0 79 36 30 44
23 29 15 5 7 60 50
11 52 13 76 81 68 62
41 26 67 61 44 8 61
23 29 15 69 13 2 20
16 54 11 45 25 18 29
35 69 32 7 80 54 24
59 18 14 33 28 1 16
46 4 24 8 35 25 31
15 73 39 48 4 25 70
69 13 2 3 23 21 21
41 26 67 47 3 28 45
49 23 9 13 11 71 63
5 7 60 36 10 26 34
58 19 65 14 28 23 42
31 71 15 79 36 30 38
16 54 11 29 2 67 76
31 71 15 47 3 28 69
12 15 7 33 28 1 14
56 48 15 25 31 30 22
36 10 26 10 76 79 84
43 11 46 25 31 30 25
30 32 19 37 15 13 18
62 33 19 81 20 27 15
55 43 26 16 54 11 18
24 31 6 61 44 8 13
26 6 2 0 65 56 79
63 51 55 23 29 15 45
12 15 7 16 54 11 39
50 31 71 45 25 18 53
21 11 20 32 70 17 59
73 61 44 1 62 25 19
69 13 2 34 1 16 18
41 26 67 36 10 26 44
12 15 7 45 25 18 14
47 3 28 77 3 0 28
32 70 17 30 32 19 38
20 10 38 25 31 30 22
55 43 26 61 44 8 18
13 11 71 52 29 16 57
10 76 79 39 1 62 76
66 23 63 71 40 13 52
46 4 24 78 7 70 46
66 23 63 24 31 6 57
56 48 15 58 19 65 57
24 31 6 23 29 15 9
25 31 30 55 43 26 12
50 31 71 2 57 17 59
24 31 6 73 61 44 48
63 51 55 27 71 47 21
40 71 43 79 36 30 37
30 32 19 29 2 67 56
4 67 68 26 6 2 89
62 33 19 29 2 67 57
7 80 54 70 68 28 28
30 32 19 46 4 24 28
45 25 18 59 18 14 8
43 11 46 19 79 79 75
73 61 44 60 45 54 18
53 76 11 15 73 39 28
59 18 14 25 31 30 20
43 11 46 29 2 67 22
12 15 7 57 60 69 76
40 71 43 17 35 71 45
50 31 71 78 7 70 24
25 31 30 49 23 9 22
56 48 15 72 54 46 31
13 11 71 77 3 0 71
25 31 30 3 23 21 12
0 65 56 63 51 55 14
68 6 67 61 44 8 70
34 1 16 19 79 79 100
25 31 30 35 69 32 38
11 52 13 34 1 16 51
76 81 68 24 31 6 79
12 15 7 59 18 14 7
80 27 10 5 7 60 53
59 18 14 19 79 79 89
6 73 51 58 19 65 55
60 45 54 47 3 28 49
54 81 64 20 10 38 75
72 54 46 4 67 68 25
52 29 16 40 71 43 49
13 11 71 46 4 24 47
72 54 46 5 7 60 49
30 32 19 7 80 54 59
40 71 43 70 68 28 15
80 27 10 65 73 3 46
42 24 28 57 60 69 54
55 43 26 35 69 32 26
57 60 69 31 71 15 55
55 43 26 27 71 47 35
40 71 43 58 19 65 56
67 10 12 6 73 51 74
47 3 28 74 54 8 54
6 73 51 62 33 19 51
75 1 44 18 7 3 41
22 9 47 64 26 30 24
27 71 47 35 69 32 15
35 69 32 30 32 19 39
38 17 37 19 79 79 74
66 23 63 48 4 25 42
30 32 19 40 71 43 45
36 10 26 4 67 68 70
43 11 46 55 43 26 37
76 81 68 61 44 8 70
63 51 55 33 28 1 58
55 43 26 22 9 47 39
5 7 60 29 2 67 8
16 54 11 48 4 25 51
31 71 15 78 7 70 84
39 1 62 31 71 15 84
30 32 19 76 81 68 69
54 81 64 6 73 51 15
15 73 39 30 32 19 45
16 54 11 77 3 0 52
55 43 26 29 2 67 57
23 29 15 48 4 25 26
3 23 21 18 7 3 24
81 20 27 23 29 15 15
55 43 26 7 80 54 46
64 26 30 63 51 55 35
29 2 67 8 35 25 53
65 73 3 24 31 6 42
48 4 25 53 76 11 73
68 6 67 37 15 13 54
11 52 13 27 71 47 38
45 25 18 18 7 3 23
25 31 30 23 29 15 15
63 51 55 2 57 17 38
62 33 19 52 29 16 5
16 54 11 59 18 14 36
8 35 25 70 68 28 33
3 23 21 62 33 19 10
37 15 13 25 31 30 23
15 73 39 19 79 79 40
38 17 37 58 19 65 28
74 54 8 37 15 13 39
76 81 68 46 4 24 88
36 10 26 76 81 68 82
49 23 9 5 7 60 53
51 13 80 21 11 20 60
18 7 3 38 17 37 35
20 10 38 46 4 24 15
5 7 60 39 1 62 6
79 36 30 63 51 55 29
13 11 71 37 15 13 58
23 29 15 79 36 30 16
70 68 28 18 7 3 65
26 6 2 65 73 3 67
19 79 79 78 7 70 72
10 76 79 38 17 37 72
35 69 32 42 24 28 45
64 26 30 77 3 0 37
16 54 11 31 71 15 17
24 31 6 57 60 69 69
81 20 27 39 1 62 39
74 54 8 35 69 32 28
65 73 3 58 19 65 82
39 1 62 77 3 0 62
72 54 46 73 61 44 7
48 4 25 46 4 24 1
10 76 79 65 73 3 76
43 11 46 0 65 56 54
18 7 3 63 51 55 68
23 29 15 7 80 54 64
10 76 79 34 1 16 97
15 73 39 44 62 62 25
18 7 3 81 20 27 27
29 2 67 81 20 27 43
26 6 2 73 61 44 69
68 6 67 24 31 6 65
50 31 71 57 60 69 29
70 68 28 50 31 71 56
28 41 29 7 80 54 46
40 71 43 36 10 26 63
70 68 28 69 13 2 60
55 43 26 23 29 15 17
51 13 80 46 4 24 56
25 31 30 5 7 60 38
59 18 14 67 10 12 8
31 71 15 26 6 2 66
2 57 17 81 20 27 38
68 6 67 9 54 64 48
11 52 13 46 4 24 49
25 31 30 7 80 54 54
63 51 55 37 15 13 55
22 9 47 77 3 0 47
10 76 79 19 79 79 3
21 11 20 58 19 65 45
55 43 26 67 10 12 35
57 60 69 71 40 13 59
62 33 19 28 41 29 12
45 25 18 80 27 10 8
21 11 20 70 68 28 57
31 71 15 70 68 28 13
59 18 14 66 23 63 49
27 71 47 51 13 80 66
11 52 13 40 71 43 35
15 73 39 75 1 44 72
65 73 3 7 80 54 51
55 43 26 75 1 44 45
55 43 26 62 33 19 12
44 62 62 0 65 56 6
64 26 30 29 2 67 44
72 54 46 9 54 64 18
26 6 2 38 17 37 36
78 7 70 0 65 56 59
5 7 60 32 70 17 76
63 51 55 59 18 14 52
56 48 15 63 51 55 40
69 13 2 79 36 30 36
28 41 29 77 3 0 47
11 52 13 75 1 44 59
26 6 2 80 27 10 22
76 81 68 47 3 28 87
2 57 17 36 10 26 47
14 28 23 53 76 11 49
9 54 64 42 24 28 46
27 71 47 13 11 71 64
58 19 65 26 6 2 64
42 24 28 66 23 63 35
23 29 15 37 15 13 14
71 40 13 35 69 32 34
3 23 21 70 68 28 45
28 41 29 36 10 26 31
33 28 1 51 13 80 80
53 76 11 25 31 30 48
54 81 64 16 54 11 59
29 2 67 34 1 16 51
32 70 17 64 26 30 45
76 81 68 54 81 64 4
73 61 44 13 11 71 56
15 73 39 27 71 47 8
48 4 25 68 6 67 42
12 15 7 42 24 28 22
69 13 2 59 18 14 13
24 31 6 72 54 46 46
63 51 55 81 20 27 41
13 11 71 76 81 68 70
79 36 30 54 81 64 56
3 23 21 2 57 17 34
64 26 30 58 19 65 35
56 48 15 49 23 9 25
48 4 25 64 26 30 22
65 73 3 68 6 67 92
51 13 80 69 13 2 78
9 54 64 7 80 54 27
75 1 44 4 67 68 70
43 11 46 16 54 11 55
38 17 37 44 62 62 51
29 2 67 27 71 47 71
26 6 2 77 3 0 3
51 13 80 9 54 64 44
17 35 71 81 20 27 46
15 73 39 34 1 16 75
0 65 56 81 20 27 53
43 11 46 2 57 17 54
20 10 38 58 19 65 28
51 13 80 59 18 14 66
13 11 71 24 31 6 68
6 73 51 80 27 10 61
63 51 55 7 80 54 29
13 11 71 18 7 3 68
48 4 25 8 35 25 31
67 10 12 8 35 25 28
23 29 15 32 70 17 41
28 41 29 47 3 28 38
69 13 2 71 40 13 29
59 18 14 65 73 3 56
54 81 64 81 20 27 71
29 2 67 6 73 51 72
34 1 16 60 45 54 58
80 27 10 73 61 44 48
15 73 39 50 31 71 52
21 11 20 80 27 10 18
45 25 18 22 9 47 33
20 10 38 29 2 67 30
79 36 30 80 27 10 21
54 81 64 75 1 44 82
57 60 69 56 48 15 55
24 31 6 28 41 29 25
51 13 80 2 57 17 76
14 28 23 70 68 28 40
40 71 43 68 6 67 69
42 24 28 78 7 70 45
14 28 23 32 70 17 42
14 28 23 76 81 68 69
38 17 37 56 48 15 38
2 57 17 47 3 28 55
21 11 20 57 60 69 69
48 4 25 24 31 6 33
42 24 28 5 7 60 36
31 71 15 18 7 3 65
78 7 70 15 73 39 72
59 18 14 42 24 28 15
22 9 47 17 35 71 35
64 26 30 70 68 28 42
14 28 23 33 28 1 22
36 10 26 35 69 32 59
48 4 25 29 2 67 42
30 32 19 59 18 14 14
41 26 67 73 61 44 41
72 54 46 64 26 30 32
22 9 47 56 48 15 50
7 80 54 77 3 0 94
44 62 62 21 11 20 66
42 24 28 62 33 19 12
20 10 38 15 73 39 63
40 71 43 0 65 56 14
64 26 30 3 23 21 9
29 2 67 32 70 17 84
71 40 13 37 15 13 25
33 28 1 52 29 16 15
81 20 27 43 11 46 21
7 80 54 50 31 71 51
63 51 55 65 73 3 56
37 15 13 22 9 47 34
8 35 25 10 76 79 67
3 23 21 19 79 79 80
46 4 24 50 31 71 54
41 26 67 42 24 28 39
3 23 21 55 43 26 20
65 73 3 6 73 51 48
2 57 17 7 80 54 43
23 29 15 71 40 13 11
64 26 30 7 80 54 59
31 71 15 5 7 60 78
39 1 62 43 11 46 18
43 11 46 47 3 28 19
40 71 43 54 81 64 23
15 73 39 14 28 23 47
9 54 64 77 3 0 81
57 60 69 34 1 16 79
47 3 28 22 9 47 19
73 61 44 2 57 17 27
61 44 8 45 25 18 21
80 27 10 2 57 17 30
65 73 3 38 17 37 65
24 31 6 75 1 44 48
60 45 54 9 54 64 13
69 13 2 28 41 29 38
20 10 38 31 71 15 65
58 19 65 19 79 79 61
75 1 44 74 54 8 64
54 81 64 45 25 18 72
72 54 46 6 73 51 19
73 61 44 18 7 3 67
37 15 13 61 44 8 29
59 18 14 18 7 3 15
38 17 37 32 70 17 56
1 62 25 70 68 28 6
79 36 30 7 80 54 50
31 71 15 6 73 51 36
26 6 2 51 13 80 78
38 17 37 42 24 28 11
13 11 71 72 54 46 49
39 1 62 66 23 63 22
66 23 63 44 62 62 39
45 25 18 47 3 28 24
25 31 30 69 13 2 33
78 7 70 27 71 47 68
5 7 60 43 11 46 14
35 69 32 37 15 13 57
12 15 7 49 23 9 8
44 62 62 71 40 13 53
51 13 80 44 62 62 52
51 13 80 73 61 44 60
80 27 10 48 4 25 27
46 4 24 17 35 71 56
56 48 15 55 43 26 12
48 4 25 41 26 67 47
50 31 71 63 51 55 25
45 25 18 10 76 79 79
6 73 51 14 28 23 53
52 29 16 30 32 19 4
71 40 13 30 32 19 10
55 43 26 41 26 67 44
25 31 30 33 28 1 29
68 6 67 58 19 65 13
75 1 44 68 6 67 23
23 29 15 62 33 19 5
0 65 56 17 35 71 33
41 26 67 46 4 24 48
63 51 55 22 9 47 42
40 71 43 21 11 20 64
39 1 62 7 80 54 79
61 44 8 35 69 32 34
58 19 65 12 15 7 58
41 26 67 39 1 62 25
66 23 63 67 10 12 52
10 76 79 64 26 30 70
17 35 71 78 7 70 28
30 32 19 61 44 8 16
67 10 12 50 31 71 62
38 17 37 11 52 13 42
12 15 7 62 33 19 21
10 76 79 76 81 68 12
7 80 54 57 60 69 25
11 52 13 52 29 16 23
61 44 8 80 27 10 17
19 79 79 69 13 2 101
36 10 26 79 36 30 26
54 81 64 11 52 13 58
49 23 9 67 10 12 13
57 60 69 70 68 28 41
1 62 25 61 44 8 24
0 65 56 11 52 13 44
63 51 55 40 71 43 23
62 33 19 18 7 3 30
10 76 79 72 54 46 39
76 81 68 12 15 7 89
62 33 19 45 25 18 8
11 52 13 14 28 23 26
30 32 19 22 9 47 36
26 6 2 20 10 38 36
34 1 16 43 11 46 31
26 6 2 30 32 19 31
32 70 17 73 61 44 28
59 18 14 60 45 54 48
60 45 54 4 67 68 26
59 18 14 3 23 21 8
48 4 25 78 7 70 45
15 73 39 28 41 29 33
24 31 6 78 7 70 68
75 1 44 3 23 21 31
24 31 6 74 54 8 23
56 48 15 32 70 17 22
20 10 38 11 52 13 48
69 13 2 17 35 71 72
39 1 62 35 69 32 74
36 10 26 66 23 63 39
47 3 28 42 24 28 21
10 76 79 2 57 17 64
2 57 17 58 19 65 61
74 54 8 38 17 37 47
80 27 10 72 54 46 45
57 60 69 4 67 68 7
68 6 67 4 67 68 61
59 18 14 34 1 16 17
63 51 55 77 3 0 73
23 29 15 40 71 43 50
60 45 54 74 54 8 46
72 54 46 67 10 12 55
0 65 56 61 44 8 52
16 54 11 70 68 28 22
57 60 69 5 7 60 53
39 1 62 48 4 25 37
46 4 24 64 26 30 22
69 13 2 77 3 0 10
32 70 17 81 20 27 50
25 31 30 26 6 2 37
28 41 29 79 36 30 5
13 11 71 29 2 67 9
77 3 0 59 18 14 20
74 54 8 4 67 68 61
66 23 63 49 23 9 54
43 11 46 73 61 44 50
49 23 9 27 71 47 61
53 76 11 50 31 71 75
55 43 26 79 36 30 8
32 70 17 79 36 30 36
65 73 3 62 33 19 43
34 1 16 6 73 51 80
45 25 18 46 4 24 21
2 57 17 5 7 60 65
78 7 70 74 54 8 77
73 61 44 57 60 69 25
39 1 62 22 9 47 17
56 48 15 16 54 11 7
44 62 62 57 60 69 7
10 76 79 61 44 8 77
77 3 0 15 73 39 80
12 15 7 20 10 38 31
42 24 28 55 43 26 19
53 76 11 70 68 28 18
81 20 27 57 60 69 58
15 73 39 47 3 28 70
1 62 25 29 2 67 73
47 3 28 52 29 16 28
29 2 67 23 29 15 58
32 70 17 76 81 68 52
44 62 62 67 10 12 72
5 7 60 77 3 0 60
2 57 17 61 44 8 15
35 69 32 53 76 11 22
26 6 2 21 11 20 18
81 20 27 73 61 44 44
70 68 28 29 2 67 76
73 61 44 21 11 20 55
42 24 28 17 35 71 44
53 76 11 73 61 44 36
81 20 27 78 7 70 44
47 3 28 25 31 30 28
54 81 64 59 18 14 80
12 15 7 74 54 8 39
71 40 13 11 52 13 12
71 40 13 14 28 23 15
52 29 16 46 4 24 26
57 60 69 29 2 67 58
58 19 65 73 61 44 46
40 71 43 38 17 37 54
78 7 70 36 10 26 44
2 57 17 32 70 17 13
52 29 16 67 10 12 19
61 44 8 8 35 25 19
40 71 43 33 28 1 60
43 11 46 59 18 14 32
29 2 67 47 3 28 39
44 62 62 9 54 64 8
1 62 25 50 31 71 55
81 20 27 36 10 26 10
49 23 9 76 81 68 82
69 13 2 49 23 9 12
54 81 64 8 35 25 60
69 13 2 53 76 11 63
2 57 17 44 62 62 45
59 18 14 7 80 54 73
7 80 54 71 40 13 57
46 4 24 70 68 28 64
26 6 2 47 3 28 26
0 65 56 54 81 64 17
79 36 30 78 7 70 49
38 17 37 9 54 64 45
8 35 25 52 29 16 10
80 27 10 58 19 65 55
8 35 25 30 32 19 6
25 31 30 73 61 44 33
79 36 30 38 17 37 20
57 60 69 62 33 19 56
80 27 10 39 1 62 58
65 73 3 3 23 21 53
81 20 27 58 19 65 38
26 6 2 27 71 47 79
5 7 60 20 10 38 22
12 15 7 64 26 30 25
30 32 19 55 43 26 13
1 62 25 15 73 39 17
33 28 1 72 54 46 51
14 28 23 18 7 3 29
11 52 13 55 43 26 15
79 36 30 50 31 71 41
40 71 43 18 7 3 75
49 23 9 41 26 67 58
21 11 20 71 40 13 29
53 76 11 19 79 79 68
46 4 24 81 20 27 16
40 71 43 53 76 11 32
16 54 11 8 35 25 23
3 23 21 52 29 16 7
45 25 18 52 29 16 4
59 18 14 6 73 51 66
36 10 26 67 10 12 14
3 23 21 44 62 62 56
8 35 25 3 23 21 12
6 73 51 26 6 2 83
43 11 46 50 31 71 32
64 26 30 20 10 38 17
49 23 9 0 65 56 63
73 61 44 78 7 70 59
63 51 55 16 54 11 44
68 6 67 71 40 13 63
13 11 71 8 35 25 51
6 73 51 68 6 67 68
62 33 19 59 18 14 15
63 51 55 32 70 17 42
77 3 0 29 2 67 67
16 54 11 15 73 39 33
25 31 30 63 51 55 32
7 80 54 37 15 13 76
13 11 71 7 80 54 71
13 11 71 1 62 25 68
0 65 56 31 71 15 41
14 28 23 57 60 69 56
68 6 67 67 10 12 55
51 13 80 41 26 67 18
30 32 19 18 7 3 29
68 6 67 45 25 18 52
20 10 38 34 1 16 23
12 15 7 21 11 20 13
49 23 9 39 1 62 57
68 6 67 79 36 30 47
73 61 44 39 1 62 62
79 36 30 20 10 38 27
16 54 11 24 31 6 23
8 35 25 71 40 13 13
20 10 38 62 33 19 29
46 4 24 56 48 15 44
33 28 1 37 15 13 17
65 73 3 46 4 24 72
33 28 1 43 11 46 48
35 69 32 49 23 9 51
17 35 71 75 1 44 43
20 10 38 65 73 3 72
50 31 71 68 6 67 25
45 25 18 3 23 21 3
4 67 68 73 61 44 24
33 28 1 57 60 69 75
61 44 8 31 71 15 27
74 54 8 81 20 27 38
79 36 30 1 62 25 26
8 35 25 41 26 67 42
27 71 47 20 10 38 61
32 70 17 31 71 15 2
17 35 71 13 11 71 24
50 31 71 28 41 29 43
22 9 47 41 26 67 26
36 10 26 77 3 0 26
27 71 47 73 61 44 10
15 73 39 45 25 18 52
4 67 68 51 13 80 55
42 24 28 27 71 47 50
4 67 68 56 48 15 56
33 28 1 58 19 65 64
22 9 47 70 68 28 61
60 45 54 29 2 67 44
58 19 65 67 10 12 53
79 36 30 3 23 21 15
56 48 15 27 71 47 39
55 43 26 77 3 0 47
22 9 47 34 1 16 32
31 71 15 74 54 8 18
66 23 63 52 29 16 47
8 35 25 15 73 39 40
22 9 47 68 6 67 20
3 23 21 10 76 79 78
3 23 21 4 67 68 64
54 81 64 66 23 63 58
2 57 17 15 73 39 27
10 76 79 41 26 67 51
5 7 60 3 23 21 42
77 3 0 70 68 28 70
3 23 21 6 73 51 58
4 67 68 41 26 67 41
49 23 9 51 13 80 71
74 54 8 59 18 14 36
37 15 13 65 73 3 58
29 2 67 42 24 28 44
17 35 71 39 1 62 35
79 36 30 5 7 60 41
60 45 54 26 6 2 65
50 31 71 29 2 67 29
24 31 6 22 9 47 46
40 71 43 71 40 13 43
10 76 79 35 69 32 47
63 51 55 39 1 62 50
55 43 26 46 4 24 39
66 23 63 37 15 13 50
26 6 2 12 15 7 10
68 6 67 43 11 46 21
16 54 11 28 41 29 22
52 29 16 38 17 37 24
38 17 37 59 18 14 23
49 23 9 6 73 51 65
63 51 55 58 19 65 33
64 26 30 9 54 64 44
20 10 38 21 11 20 18
32 70 17 74 54 8 18
12 15 7 32 70 17 55
72 54 46 14 28 23 34
40 71 43 26 6 2 76
80 27 10 75 1 44 42
77 3 0 38 17 37 39
52 29 16 72 54 46 39
77 3 0 10 76 79 107
77 3 0 65 73 3 70
42 24 28 15 73 39 50
55 43 26 2 57 17 16
2 57 17 46 4 24 53
6 73 51 5 7 60 66
24 31 6 35 69 32 46
48 4 25 34 1 16 9
26 6 2 67 10 12 10
51 13 80 71 40 13 72
78 7 70 76 81 68 74
50 31 71 81 20 27 45
55 43 26 80 27 10 22
64 26 30 79 36 30 10
36 10 26 62 33 19 24
49 23 9 65 73 3 50
81 20 27 70 68 28 48
44 62 62 69 13 2 77
39 1 62 51 13 80 21
39 1 62 45 25 18 50
2 57 17 24 31 6 28
49 23 9 31 71 15 48
50 31 71 37 15 13 60
75 1 44 52 29 16 39
23 29 15 0 65 56 54
32 70 17 66 23 63 65
61 44 8 15 73 39 42
12 15 7 72 54 46 55
20 10 38 66 23 63 28
46 4 24 10 76 79 90
60 45 54 45 25 18 41
74 54 8 14 28 23 30
51 13 80 12 15 7 73
24 31 6 39 1 62 63
73 61 44 40 71 43 10
54 81 64 43 11 46 72
24 31 6 21 11 20 24
35 69 32 52 29 16 43
7 80 54 6 73 51 7
8 35 25 21 11 20 24
18 7 3 57 60 69 84
70 68 28 38 17 37 51
75 1 44 38 17 37 17
2 57 17 23 29 15 28
79 36 30 61 44 8 23
62 33 19 19 79 79 75
15 73 39 71 40 13 42
46 4 24 28 41 29 37
21 11 20 23 29 15 18
1 62 25 62 33 19 29
24 31 6 31 71 15 41
78 7 70 61 44 8 72
32 70 17 6 73 51 34
28 41 29 33 28 1 30
3 23 21 32 70 17 47
35 69 32 54 81 64 34
9 54 64 78 7 70 47
8 35 25 57 60 69 50
26 6 2 64 26 30 34
35 69 32 68 6 67 72
2 57 17 22 9 47 56
33 28 1 45 25 18 17
21 11 20 17 35 71 56
81 20 27 10 76 79 76
10 76 79 16 54 11 71
19 79 79 14 28 23 75
10 76 79 49 23 9 87
71 40 13 80 27 10 13
70 68 28 72 54 46 22
46 4 24 3 23 21 19
65 73 3 48 4 25 72
55 43 26 71 40 13 13
8 35 25 7 80 54 53
80 27 10 20 10 38 32
80 27 10 43 11 46 39
35 69 32 12 15 7 59
30 32 19 5 7 60 48
9 54 64 58 19 65 35
23 29 15 27 71 47 52
15 73 39 0 65 56 18
34 1 16 1 62 25 61
24 31 6 41 26 67 61
7 80 54 52 29 16 63
36 10 26 64 26 30 16
59 18 14 26 6 2 16
5 7 60 64 26 30 35
21 11 20 19 79 79 90
76 81 68 0 65 56 20
74 54 8 49 23 9 31
19 79 79 49 23 9 89
59 18 14 58 19 65 51
56 48 15 11 52 13 4
56 48 15 65 73 3 27
66 23 63 47 3 28 40
48 4 25 57 60 69 71
66 23 63 77 3 0 66
78 7 70 20 10 38 32
23 29 15 4 67 68 65
35 69 32 22 9 47 61
62 33 19 9 54 64 49
69 13 2 22 9 47 45
42 24 28 64 26 30 2
1 62 25 41 26 67 55
60 45 54 61 44 8 46
48 4 25 55 43 26 39
53 76 11 22 9 47 76
31 71 15 34 1 16 70
66 23 63 40 71 43 52
44 62 62 13 11 71 51
70 68 28 78 7 70 74
75 1 44 39 1 62 18
1 62 25 63 51 55 31
9 54 64 6 73 51 23
81 20 27 61 44 8 30
3 23 21 77 3 0 29
48 4 25 44 62 62 68
76 81 68 55 43 26 56
29 2 67 68 6 67 4
74 54 8 46 4 24 52
13 11 71 60 45 54 38
33 28 1 5 7 60 62
5 7 60 74 54 8 70
12 15 7 71 40 13 25
15 73 39 81 20 27 54
34 1 16 4 67 68 84
22 9 47 29 2 67 21
59 18 14 61 44 8 26
74 54 8 22 9 47 59
67 10 12 2 57 17 47
49 23 9 40 71 43 58
47 3 28 0 65 56 68
59 18 14 4 67 68 72
48 4 25 2 57 17 53
50 31 71 55 43 26 46
27 71 47 81 20 27 54
4 67 68 1 62 25 43
40 71 43 14 28 23 47
7 80 54 60 45 54 35
72 54 46 49 23 9 48
67 10 12 22 9 47 35
24 31 6 62 33 19 13
68 6 67 10 76 79 71
66 23 63 0 65 56 42
36 10 26 1 62 25 52
80 27 10 42 24 28 18
33 28 1 19 79 79 93
69 13 2 78 7 70 68
31 71 15 72 54 46 35
43 11 46 21 11 20 26
19 79 79 32 70 17 62
25 31 30 81 20 27 11
1 62 25 19 79 79 56
77 3 0 43 11 46 46
54 81 64 65 73 3 61
45 25 18 69 13 2 20
39 1 62 23 29 15 54
30 32 19 51 13 80 63
0 65 56 59 18 14 63
74 54 8 79 36 30 28
57 60 69 28 41 29 44
25 31 30 34 1 16 33
31 71 15 8 35 25 37
24 31 6 44 62 62 64
72 54 46 15 73 39 20
74 54 8 18 7 3 47
12 15 7 22 9 47 40
26 6 2 37 15 13 14
67 10 12 78 7 70 58
42 24 28 76 81 68 69
51 13 80 54 81 64 69
61 44 8 38 17 37 39
27 71 47 5 7 60 65
75 1 44 72 54 46 53
30 32 19 4 67 68 60
33 28 1 34 1 16 30
8 35 25 17 35 71 46
69 13 2 62 33 19 26
59 18 14 41 26 67 53
44 62 62 68 6 67 56
67 10 12 34 1 16 9
50 31 71 11 52 13 61
75 1 44 45 25 18 35
29 2 67 58 19 65 17
45 25 18 51 13 80 63
30 32 19 24 31 6 13
58 19 65 32 70 17 70
14 28 23 63 51 55 39
11 52 13 79 36 30 23
16 54 11 11 52 13 2
42 24 28 7 80 54 61
58 19 65 31 71 15 72
48 4 25 9 54 64 63
46 4 24 5 7 60 36
49 23 9 17 35 71 63
18 7 3 46 4 24 21
30 32 19 60 45 54 37
40 71 43 25 31 30 42
32 70 17 16 54 11 17
20 10 38 71 40 13 39
76 81 68 4 67 68 14
25 31 30 9 54 64 41
77 3 0 35 69 32 73
7 80 54 51 13 80 71
43 11 46 24 31 6 44
55 43 26 54 81 64 53
68 6 67 23 29 15 56
1 62 25 71 40 13 25
18 7 3 32 70 17 64
76 81 68 70 68 28 42
11 52 13 29 2 67 73
43 11 46 12 15 7 39
61 44 8 69 13 2 31
8 35 25 50 31 71 46
40 71 43 13 11 71 66
14 28 23 79 36 30 10
63 51 55 24 31 6 52
81 20 27 71 40 13 24
42 24 28 54 81 64 67
48 4 25 19 79 79 92
16 54 11 23 29 15 25
36 10 26 54 81 64 80
64 26 30 19 79 79 72
65 73 3 71 40 13 34
74 54 8 69 13 2 41
33 28 1 55 43 26 29
69 13 2 5 7 60 58
25 31 30 65 73 3 49
37 15 13 11 52 13 37
45 25 18 35 69 32 46
48 4 25 38 17 37 17
72 54 46 69 13 2 60
12 15 7 27 71 47 68
20 10 38 24 31 6 38
26 6 2 76 81 68 99
2 57 17 16 54 11 6
71 40 13 22 9 47 46
28 41 29 10 76 79 61
1 62 25 32 70 17 11
74 54 8 39 1 62 75
11 52 13 69 13 2 40
7 80 54 58 19 65 61
1 62 25 76 81 68 47
42 24 28 6 73 51 54
12 15 7 0 65 56 70
37 15 13 45 25 18 11
4 67 68 37 15 13 75
79 36 30 9 54 64 38
51 13 80 0 65 56 57
38 17 37 17 35 71 38
78 7 70 8 35 25 53
64 26 30 41 26 67 37
45 25 18 17 35 71 53
46 4 24 15 73 39 70
20 10 38 72 54 46 44
68 6 67 25 31 30 44
57 60 69 15 73 39 32
42 24 28 0 65 56 49
68 6 67 34 1 16 51
81 20 27 9 54 64 50
6 73 51 79 36 30 42
65 73 3 16 54 11 20
18 7 3 12 15 7 8
8 35 25 11 52 13 20
71 40 13 13 11 71 64
16 54 11 39 1 62 73
40 71 43 77 3 0 80
73 61 44 48 4 25 60
8 35 25 80 27 10 17
50 31 71 10 76 79 45
61 44 8 51 13 80 78
43 11 46 63 51 55 41
71 40 13 2 57 17 17
6 73 51 52 29 16 56
77 3 0 25 31 30 41
36 10 26 61 44 8 38
25 31 30 18 7 3 36
9 54 64 74 54 8 56
66 23 63 75 1 44 29
19 79 79 0 65 56 26
36 10 26 30 32 19 23
66 23 63 60 45 54 23
21 11 20 42 24 28 15
48 4 25 69 13 2 24
34 1 16 26 6 2 14
18 7 3 56 48 15 42
57 60 69 54 81 64 21
79 36 30 25 31 30 5
50 31 71 26 6 2 73
10 76 79 22 9 47 74
24 31 6 71 40 13 11
43 11 46 13 11 71 25
62 33 19 41 26 67 48
67 10 12 25 31 30 27
33 28 1 21 11 20 25
28 41 29 11 52 13 19
60 45 54 68 6 67 41
69 13 2 37 15 13 11
42 24 28 52 29 16 13
32 70 17 45 25 18 45
34 1 16 41 26 67 56
24 31 6 79 36 30 24
8 35 25 45 25 18 12
26 6 2 66 23 63 63
0 65 56 29 2 67 63
53 76 11 11 52 13 24
11 52 13 31 71 15 19
7 80 54 5 7 60 73
78 7 70 16 54 11 75
28 41 29 9 54 64 37
77 3 0 32 70 17 69
25 31 30 19 79 79 68
68 6 67 70 68 28 73
44 62 62 8 35 25 45
49 23 9 23 29 15 8
50 31 71 73 61 44 40
47 3 28 32 70 17 67
25 31 30 14 28 23 7
39 1 62 18 7 3 59
1 62 25 17 35 71 53
75 1 44 71 40 13 49
26 6 2 35 69 32 69
31 71 15 12 15 7 56
24 31 6 10 76 79 85
53 76 11 27 71 47 36
12 15 7 55 43 26 33
36 10 26 70 68 28 58
20 10 38 73 61 44 51
5 7 60 14 28 23 42
41 26 67 21 11 20 49
81 20 27 1 62 25 42
19 79 79 66 23 63 58
63 51 55 15 73 39 27
30 32 19 68 6 67 54
13 11 71 63 51 55 43
17 35 71 54 81 64 46
14 28 23 65 73 3 49
2 57 17 64 26 30 33
49 23 9 11 52 13 29
47 3 28 1 62 25 59
33 28 1 36 10 26 30
44 62 62 16 54 11 51
3 23 21 43 11 46 27
19 79 79 51 13 80 66
63 51 55 70 68 28 31
72 54 46 79 36 30 24
52 29 16 61 44 8 17
40 71 43 41 26 67 51
4 67 68 11 52 13 57
65 73 3 51 13 80 97
17 35 71 58 19 65 17
36 10 26 52 29 16 21
74 54 8 30 32 19 24
78 7 70 44 62 62 55
45 25 18 34 1 16 24
23 29 15 73 61 44 43
45 25 18 20 10 38 25
23 29 15 34 1 16 28
6 73 51 17 35 71 42
80 27 10 69 13 2 16
44 62 62 60 45 54 18
53 76 11 16 54 11 22
39 1 62 34 1 16 46
59 18 14 11 52 13 34
3 23 21 39 1 62 46
51 13 80 20 10 38 42
67 10 12 30 32 19 23
40 71 43 75 1 44 70
36 10 26 59 18 14 14
41 26 67 27 71 47 49
65 73 3 47 3 28 74
78 7 70 5 7 60 10
26 6 2 79 36 30 41
10 76 79 57 60 69 18
74 54 8 21 11 20 44
63 51 55 6 73 51 22
11 52 13 63 51 55 42
35 69 32 62 33 19 38
54 81 64 56 48 15 59
8 35 25 59 18 14 20
15 73 39 62 33 19 44
27 71 47 47 3 28 70
48 4 25 10 76 79 90
79 36 30 10 76 79 63
10 76 79 59 18 14 87
43 11 46 4 67 68 60
66 23 63 61 44 8 58
29 2 67 39 1 62 5
18 7 3 49 23 9 17
36 10 26 15 73 39 64
73 61 44 55 43 26 25
5 7 60 16 54 11 67
73 61 44 44 62 62 18
48 4 25 74 54 8 52
18 7 3 77 3 0 5
43 11 46 17 35 71 34
14 28 23 31 71 15 43
81 20 27 47 3 28 17
37 15 13 24 31 6 17
64 26 30 47 3 28 23
38 17 37 57 60 69 53
70 68 28 73 61 44 17
70 68 28 71 40 13 31
40 71 43 59 18 14 60
76 81 68 68 6 67 75
52 29 16 10 76 79 78
4 67 68 77 3 0 93
8 35 25 77 3 0 40
2 57 17 18 7 3 51
54 81 64 19 79 79 15
54 81 64 49 23 9 79
78 7 70 65 73 3 94
14 28 23 55 43 26 15
33 28 1 71 40 13 16
73 61 44 37 15 13 55
21 11 20 27 71 47 65
42 24 28 74 54 8 36
75 1 44 47 3 28 16
28 41 29 18 7 3 42
3 23 21 31 71 15 48
13 11 71 55 43 26 55
42 24 28 4 67 68 58
32 70 17 71 40 13 30
52 29 16 60 45 54 41
59 18 14 68 6 67 54
77 3 0 50 31 71 76
40 71 43 16 54 11 36
61 44 8 49 23 9 21
30 32 19 65 73 3 44
71 40 13 60 45 54 41
77 3 0 41 26 67 70
65 73 3 39 1 62 93
77 3 0 68 6 67 67
80 27 10 66 23 63 53
7 80 54 22 9 47 71
12 15 7 60 45 54 55
39 1 62 78 7 70 10
37 15 13 31 71 15 56
13 11 71 25 31 30 45
12 15 7 73 61 44 59
35 69 32 21 11 20 59
25 31 30 8 35 25 6
10 76 79 53 76 11 68
12 15 7 81 20 27 20
2 57 17 25 31 30 29
22 9 47 8 35 25 34
75 1 44 23 29 15 40
71 40 13 43 11 46 43
31 71 15 63 51 55 44
3 23 21 42 24 28 7
37 15 13 19 79 79 91
5 7 60 4 67 68 60
79 36 30 19 79 79 65
4 67 68 35 69 32 36
72 54 46 39 1 62 55
64 26 30 18 7 3 33
3 23 21 41 26 67 46
31 71 15 76 81 68 53
7 80 54 53 76 11 43
0 65 56 57 60 69 13
23 29 15 61 44 8 16
72 54 46 36 10 26 48
25 31 30 38 17 37 15
16 54 11 14 28 23 28
45 25 18 78 7 70 55
52 29 16 55 43 26 17
47 3 28 21 11 20 11
61 44 8 22 9 47 52
6 73 51 71 40 13 50
55 43 26 20 10 38 35
14 28 23 39 1 62 47
66 23 63 69 13 2 61
49 23 9 30 32 19 13
27 71 47 36 10 26 64
72 54 46 66 23 63 35
55 43 26 78 7 70 56
62 33 19 66 23 63 45
21 11 20 78 7 70 50
0 65 56 70 68 28 28
4 67 68 52 29 16 64
70 68 28 20 10 38 58
35 69 32 67 10 12 62
18 7 3 11 52 13 46
74 54 8 13 11 71 76
35 69 32 33 28 1 51
5 7 60 52 29 16 49
74 54 8 66 23 63 63
74 54 8 2 57 17 9
34 1 16 2 57 17 56
62 33 19 77 3 0 35
24 31 6 33 28 1 5
4 67 68 13 11 71 56
14 28 23 61 44 8 21
67 10 12 3 23 21 15
44 62 62 34 1 16 76
0 65 56 18 7 3 78
75 1 44 14 28 23 34
64 26 30 78 7 70 44
61 44 8 27 71 47 47
75 1 44 5 7 60 17
77 3 0 80 27 10 26
38 17 37 13 11 71 34
49 23 9 4 67 68 73
32 70 17 43 11 46 65
56 48 15 15 73 39 34
7 80 54 69 13 2 84
23 29 15 10 76 79 79
33 28 1 29 2 67 70
21 11 20 34 1 16 10
9 54 64 70 68 28 38
28 41 29 37 15 13 30
51 13 80 31 71 15 87
11 52 13 10 76 79 70
33 28 1 41 26 67 66
7 80 54 10 76 79 25
75 1 44 48 4 25 19
19 79 79 31 71 15 64
57 60 69 59 18 14 69
20 10 38 42 24 28 17
16 54 11 30 32 19 23
17 35 71 9 54 64 20
20 10 38 0 65 56 57
54 81 64 29 2 67 79
70 68 28 27 71 47 19
28 41 29 41 26 67 40
8 35 25 72 54 46 28
65 73 3 5 7 60 87
4 67 68 40 71 43 25
54 81 64 62 33 19 65
9 54 64 63 51 55 9
47 3 28 37 15 13 19
33 28 1 9 54 64 68
74 54 8 57 60 69 61
33 28 1 0 65 56 66
10 76 79 71 40 13 75
75 1 44 49 23 9 41
66 23 63 21 11 20 44
73 61 44 61 44 8 39
39 1 62 76 81 68 80
67 10 12 4 67 68 79
79 36 30 34 1 16 37
6 73 51 57 60 69 22
44 62 62 32 70 17 45
29 2 67 79 36 30 50
45 25 18 27 71 47 54
20 10 38 8 35 25 28
68 6 67 5 7 60 7
62 33 19 51 13 80 64
80 27 10 19 79 79 86
70 68 28 30 32 19 37
28 41 29 40 71 43 33
40 71 43 43 11 46 60
20 10 38 32 70 17 63
17 35 71 15 73 39 49
16 54 11 21 11 20 43
59 18 14 28 41 29 27
64 26 30 75 1 44 28
55 43 26 0 65 56 37
75 1 44 51 13 80 37
22 9 47 36 10 26 21
54 81 64 5 7 60 74
50 31 71 36 10 26 49
76 81 68 63 51 55 32
80 27 10 50 31 71 61
44 62 62 6 73 51 15
39 1 62 13 11 71 13
2 57 17 78 7 70 72
77 3 0 57 60 69 89
30 32 19 9 54 64 50
50 31 71 31 71 15 68
61 44 8 57 60 69 63
6 73 51 15 73 39 12
9 54 64 39 1 62 53
48 4 25 4 67 68 76
51 13 80 70 68 28 75
20 10 38 49 23 9 31
71 40 13 56 48 15 8
41 26 67 2 57 17 58
38 17 37 8 35 25 21
38 17 37 7 80 54 65
66 23 63 4 67 68 44
66 23 63 33 28 1 62
19 79 79 13 11 71 68
58 19 65 70 68 28 61
55 43 26 45 25 18 19
5 7 60 28 41 29 46
61 44 8 54 81 64 67
62 33 19 60 45 54 37
8 35 25 9 54 64 43
21 11 20 28 41 29 31
52 29 16 70 68 28 40
53 76 11 62 33 19 43
58 19 65 37 15 13 52
21 11 20 3 23 21 12
61 44 8 65 73 3 29
36 10 26 20 10 38 12
0 65 56 32 70 17 39
8 35 25 53 76 11 43
41 26 67 13 11 71 15
21 11 20 76 81 68 84
62 33 19 38 17 37 24
62 33 19 37 15 13 18
77 3 0 53 76 11 73
59 18 14 14 28 23 13
30 32 19 3 23 21 9
4 67 68 6 73 51 18
80 27 10 23 29 15 5
45 25 18 72 54 46 40
42 24 28 49 23 9 19
63 51 55 3 23 21 44
76 81 68 5 7 60 74
32 70 17 41 26 67 66
50 31 71 66 23 63 11
80 27 10 30 32 19 10
79 36 30 71 40 13 17
23 29 15 77 3 0 30
14 28 23 23 29 15 8
22 9 47 13 11 71 24
65 73 3 55 43 26 37
20 10 38 63 51 55 44
35 69 32 75 1 44 69
16 54 11 20 10 38 51
72 54 46 28 41 29 21
7 80 54 33 28 1 74
19 79 79 47 3 28 91
15 73 39 24 31 6 53
17 35 71 55 43 26 45
65 73 3 53 76 11 8
11 52 13 66 23 63 57
33 28 1 1 62 25 41
43 11 46 75 1 44 10
23 29 15 26 6 2 26
22 9 47 58 19 65 20
5 7 60 63 51 55 44
34 1 16 36 10 26 13
72 54 46 76 81 68 34
3 23 21 11 52 13 30
31 71 15 9 54 64 51
62 33 19 27 71 47 47
17 35 71 56 48 15 57
73 61 44 66 23 63 42
73 61 44 9 54 64 21
44 62 62 36 10 26 63
45 25 18 13 11 71 54
24 31 6 52 29 16 10
56 48 15 31 71 15 23
45 25 18 70 68 28 44
7 80 54 61 44 8 58
12 15 7 30 32 19 20
56 48 15 5 7 60 60
52 29 16 20 10 38 29
63 51 55 47 3 28 55
68 6 67 47 3 28 39
8 35 25 65 73 3 43
70 68 28 23 29 15 41
18 7 3 65 73 3 66
30 32 19 75 1 44 39
2 57 17 66 23 63 57
10 76 79 6 73 51 28
57 60 69 3 23 21 60
79 36 30 13 11 71 48
55 43 26 34 1 16 43
40 71 43 27 71 47 4
11 52 13 15 73 39 33
52 29 16 23 29 15 1
19 79 79 68 6 67 73
28 41 29 0 65 56 36
27 71 47 54 81 64 19
11 52 13 62 33 19 19
13 11 71 3 23 21 51
21 11 20 18 7 3 17
77 3 0 27 71 47 82
22 9 47 28 41 29 36
72 54 46 42 24 28 34
19 79 79 73 61 44 39
59 18 14 44 62 62 65
14 28 23 24 31 6 17
75 1 44 50 31 71 40
26 6 2 1 62 25 60
25 31 30 17 35 71 41
25 31 30 57 60 69 48
66 23 63 51 13 80 19
76 81 68 28 41 29 55
46 4 24 25 31 30 27
66 23 63 17 35 71 14
65 73 3 15 73 39 36
51 13 80 57 60 69 48
2 57 17 77 3 0 56
12 15 7 1 62 25 50
22 9 47 51 13 80 33
23 29 15 50 31 71 56
18 7 3 34 1 16 14
45 25 18 53 76 11 51
9 54 64 34 1 16 71
46 4 24 38 17 37 18
76 81 68 66 23 63 58
32 70 17 55 43 26 28
61 44 8 44 62 62 56
51 13 80 67 10 12 68
13 11 71 54 81 64 70
17 35 71 74 54 8 65
70 68 28 60 45 54 34
37 15 13 80 27 10 12
50 31 71 48 4 25 53
67 10 12 60 45 54 54
25 31 30 12 15 7 28
13 11 71 67 10 12 59
7 80 54 75 1 44 79
56 48 15 62 33 19 15
30 32 19 58 19 65 47
77 3 0 17 35 71 77
52 29 16 25 31 30 14
24 31 6 81 20 27 23
61 44 8 5 7 60 63
75 1 44 25 31 30 33
32 70 17 27 71 47 30
46 4 24 80 27 10 26
31 71 15 54 81 64 50
74 54 8 51 13 80 82
44 62 62 7 80 54 19
79 36 30 2 57 17 24
39 1 62 54 81 64 80
21 11 20 55 43 26 32
4 67 68 58 19 65 48
64 26 30 80 27 10 20
79 36 30 43 11 46 29
69 13 2 4 67 68 85
80 27 10 57 60 69 67
36 10 26 16 54 11 46
66 23 63 12 15 7 56
72 54 46 32 70 17 33
70 68 28 4 67 68 40
38 17 37 31 71 15 58
39 1 62 0 65 56 64
69 13 2 65 73 3 60
64 26 30 0 65 56 46
35 69 32 23 29 15 43
7 80 54 26 6 2 90
66 23 63 78 7 70 17
37 15 13 75 1 44 34
23 29 15 13 11 71 58
74 54 8 3 23 21 33
81 20 27 67 10 12 18
23 29 15 59 18 14 11
75 1 44 79 36 30 37
78 7 70 13 11 71 4
33 28 1 10 76 79 91
2 57 17 33 28 1 33
64 26 30 34 1 16 28
46 4 24 21 11 20 8
43 11 46 70 68 28 59
54 81 64 7 80 54 10
56 48 15 59 18 14 30
28 41 29 74 54 8 24
9 54 64 11 52 13 51
78 7 70 26 6 2 68
55 43 26 31 71 15 30
10 76 79 25 31 30 66
7 80 54 56 48 15 50
61 44 8 18 7 3 37
80 27 10 36 10 26 23
29 2 67 38 17 37 33
5 7 60 41 26 67 20
62 33 19 48 4 25 29
47 3 28 12 15 7 24
12 15 7 7 80 54 80
79 36 30 58 19 65 38
51 13 80 64 26 30 51
64 26 30 16 54 11 33
47 3 28 17 35 71 53
76 81 68 44 62 62 19
26 6 2 72 54 46 65
54 81 64 78 7 70 74
40 71 43 39 1 62 72
23 29 15 78 7 70 59
17 35 71 12 15 7 67
58 19 65 55 43 26 45
23 29 15 47 3 28 29
50 31 71 42 24 28 43
31 71 15 71 40 13 31
56 48 15 66 23 63 54
2 57 17 0 65 56 39
10 76 79 20 10 38 77
56 48 15 23 29 15 19
35 69 32 14 28 23 41
26 6 2 43 11 46 44
54 81 64 33 28 1 82
0 65 56 50 31 71 37
11 52 13 43 11 46 52
19 79 79 28 41 29 62
53 76 11 23 29 15 47
19 79 79 60 45 54 42
50 31 71 41 26 67 6
36 10 26 3 23 21 13
20 10 38 30 32 19 29
54 81 64 24 31 6 76
26 6 2 15 73 39 76
9 54 64 35 69 32 35
15 73 39 55 43 26 32
46 4 24 79 36 30 32
19 79 79 2 57 17 65
63 51 55 53 76 11 50
65 73 3 23 29 15 45
18 7 3 67 10 12 9
53 76 11 6 73 51 40
20 10 38 3 23 21 21
12 15 7 75 1 44 39
28 41 29 53 76 11 39
67 10 12 77 3 0 13
18 7 3 26 6 2 1
10 76 79 30 32 19 74
39 1 62 62 33 19 53
26 6 2 3 23 21 25
25 31 30 0 65 56 42
60 45 54 77 3 0 68
52 29 16 9 54 64 54
71 40 13 67 10 12 30
30 32 19 57 60 69 57
27 71 47 80 27 10 57
79 36 30 42 24 28 12
76 81 68 58 19 65 62
79 36 30 12 15 7 31
26 6 2 11 52 13 47
14 28 23 2 57 17 29
8 35 25 68 6 67 51
1 62 25 2 57 17 9
81 20 27 20 10 38 14
48 4 25 72 54 46 54
54 81 64 44 62 62 19
31 71 15 33 28 1 45
9 54 64 26 6 2 78
61 44 8 26 6 2 38
54 81 64 63 51 55 31
48 4 25 40 71 43 69
42 24 28 70 68 28 44
52 29 16 80 27 10 6
47 3 28 70 68 28 65
53 76 11 42 24 28 54
14 28 23 47 3 28 25
50 31 71 6 73 51 46
25 31 30 6 73 51 46
44 62 62 39 1 62 61
58 19 65 11 52 13 61
62 33 19 32 70 17 37
41 26 67 58 19 65 7
15 73 39 39 1 62 75
4 67 68 80 27 10 70
16 54 11 71 40 13 14
22 9 47 25 31 30 27
78 7 70 68 6 67 3
72 54 46 19 79 79 41
20 10 38 18 7 3 35
64 26 30 21 11 20 18
63 51 55 26 6 2 69
12 15 7 40 71 43 66
58 19 65 28 41 29 42
0 65 56 62 33 19 48
75 1 44 57 60 69 64
65 73 3 40 71 43 40
73 61 44 35 69 32 14
34 1 16 42 24 28 25
26 6 2 36 10 26 24
54 81 64 4 67 68 14
2 57 17 60 45 54 38
50 31 71 58 19 65 13
24 31 6 46 4 24 32
20 10 38 28 41 29 32
28 41 29 73 61 44 25
53 76 11 33 28 1 49
14 28 23 8 35 25 7
27 71 47 79 36 30 38
22 9 47 0 65 56 56
45 25 18 65 73 3 50
0 65 56 60 45 54 20
32 70 17 35 69 32 15
0 65 56 53 76 11 46
81 20 27 53 76 11 58
79 36 30 16 54 11 26
20 10 38 1 62 25 53
48 4 25 22 9 47 22
67 10 12 54 81 64 88
79 36 30 56 48 15 19
72 54 46 47 3 28 54
64 26 30 27 71 47 48
39 1 62 38 17 37 29
6 73 51 48 4 25 73
60 45 54 48 4 25 50
32 70 17 65 73 3 14
46 4 24 22 9 47 23
28 41 29 23 29 15 18
37 15 13 34 1 16 14
1 62 25 30 32 19 30
42 24 28 30 32 19 12
39 1 62 21 11 20 43
64 26 30 30 32 19 12
42 24 28 68 6 67 42
68 6 67 38 17 37 31
33 28 1 80 27 10 9
73 61 44 52 29 16 42
50 31 71 25 31 30 41
14 28 23 10 76 79 73
76 81 68 6 73 51 18
44 62 62 72 54 46 17
33 28 1 13 11 71 72
23 29 15 54 81 64 71
28 41 29 42 24 28 17
31 71 15 29 2 67 86
23 29 15 41 26 67 52
47 3 28 39 1 62 34
66 23 63 28 41 29 38
26 6 2 53 76 11 70
61 44 8 56 48 15 8
67 10 12 10 76 79 94
38 17 37 71 40 13 33
72 54 46 63 51 55 9
28 41 29 34 1 16 42
46 4 24 27 71 47 70
60 45 54 49 23 9 50
58 19 65 49 23 9 56
33 28 1 30 32 19 18
74 54 8 53 76 11 22
64 26 30 14 28 23 7
50 31 71 20 10 38 39
33 28 1 17 35 71 70
63 51 55 45 25 18 45
49 23 9 45 25 18 9
26 6 2 75 1 44 42
66 23 63 29 2 67 21
30 32 19 39 1 62 53
4 67 68 32 70 17 51
29 2 67 35 69 32 75
40 71 43 61 44 8 44
33 28 1 76 81 68 85
28 41 29 30 32 19 13
44 62 62 42 24 28 50
27 71 47 28 41 29 34
28 41 29 78 7 70 53
29 2 67 17 35 71 33
4 67 68 44 62 62 7
64 26 30 68 6 67 42
44 62 62 45 25 18 57
21 11 20 54 81 64 82
57 60 69 23 29 15 62
53 76 11 49 23 9 53
33 28 1 26 6 2 22
37 15 13 46 4 24 15
72 54 46 1 62 25 22
15 73 39 38 17 37 56
11 52 13 7 80 54 49
28 41 29 80 27 10 23
55 43 26 19 79 79 64
28 41 29 75 1 44 42
17 35 71 51 13 80 23
57 60 69 43 11 46 54
80 27 10 3 23 21 11
57 60 69 49 23 9 70
76 81 68 17 35 71 46
62 33 19 14 28 23 6
45 25 18 77 3 0 28
64 26 30 65 73 3 54
76 81 68 29 2 67 79
15 73 39 31 71 15 24
24 31 6 40 71 43 54
49 23 9 33 28 1 9
12 15 7 24 31 6 16
60 45 54 40 71 43 28
65 73 3 44 62 62 60
3 23 21 60 45 54 39
8 35 25 40 71 43 40
59 18 14 64 26 30 17
2 57 17 72 54 46 29
40 71 43 44 62 62 21
2 57 17 13 11 71 70
48 4 25 36 10 26 6
66 23 63 10 76 79 55
62 33 19 44 62 62 51
56 48 15 21 11 20 37
36 10 26 53 76 11 67
51 13 80 76 81 68 69
60 45 54 56 48 15 39
24 31 6 29 2 67 67
5 7 60 40 71 43 66
49 23 9 36 10 26 21
23 29 15 44 62 62 57
24 31 6 60 45 54 50
63 51 55 29 2 67 50
76 81 68 80 27 10 79
23 29 15 64 26 30 15
35 69 32 80 27 10 47
1 62 25 7 80 54 34
9 54 64 55 43 26 39
36 10 26 60 45 54 44
50 31 71 39 1 62 31
78 7 70 49 23 9 63
69 13 2 0 65 56 74
78 7 70 57 60 69 53
74 54 8 72 54 46 38
69 13 2 75 1 44 43
31 71 15 22 9 47 69
44 62 62 11 52 13 50
19 79 79 16 54 11 72
52 29 16 34 1 16 28
45 25 18 9 54 64 54
53 76 11 1 62 25 19
69 13 2 8 35 25 31
27 71 47 0 65 56 10
57 60 69 65 73 3 67
42 24 28 51 13 80 53
38 17 37 45 25 18 20
48 4 25 33 28 1 33
7 80 54 80 27 10 68
6 73 51 61 44 8 51
67 10 12 29 2 67 55
58 19 65 15 73 39 59
61 44 8 19 79 79 79
70 68 28 6 73 51 23
56 48 15 3 23 21 25
61 44 8 11 52 13 9
37 15 13 49 23 9 8
68 6 67 52 29 16 55
70 68 28 28 41 29 27
73 61 44 0 65 56 12
8 35 25 56 48 15 16
64 26 30 43 11 46 21
31 71 15 10 76 79 64
81 20 27 7 80 54 65
35 69 32 8 35 25 34
9 54 64 1 62 25 39
0 65 56 14 28 23 49
49 23 9 24 31 6 8
7 80 54 36 10 26 75
74 54 8 61 44 8 10
41 26 67 56 48 15 56
77 3 0 61 44 8 41
47 3 28 53 76 11 74
81 20 27 44 62 62 54
73 61 44 5 7 60 56
44 62 62 35 69 32 30
13 11 71 0 65 56 56
53 76 11 31 71 15 6
49 23 9 44 62 62 65
81 20 27 69 13 2 25
3 23 21 15 73 39 53
32 70 17 75 1 44 74
34 1 16 5 7 60 44
78 7 70 72 54 46 52
19 79 79 23 29 15 81
71 40 13 59 18 14 22
47 3 28 80 27 10 30
76 81 68 3 23 21 74
23 29 15 15 73 39 50
28 41 29 29 2 67 54
64 26 30 45 25 18 12
16 54 11 46 4 24 51
23 29 15 38 17 37 25
39 1 62 27 71 47 71
52 29 16 21 11 20 18
67 10 12 76 81 68 90
6 73 51 66 23 63 51
58 19 65 78 7 70 13
37 15 13 51 13 80 67
81 20 27 26 6 2 28
15 73 39 70 68 28 12
64 26 30 53 76 11 53
3 23 21 22 9 47 29
75 1 44 33 28 1 50
74 54 8 8 35 25 25
32 70 17 69 13 2 58
22 9 47 26 6 2 45
16 54 11 27 71 47 39
75 1 44 61 44 8 56
54 81 64 68 6 67 75
2 57 17 20 10 38 51
14 28 23 50 31 71 48
71 40 13 62 33 19 9
40 71 43 47 3 28 69
68 6 67 36 10 26 41
54 81 64 26 6 2 97
13 11 71 50 31 71 20
71 40 13 41 26 67 55
43 11 46 18 7 3 43
1 62 25 51 13 80 73
19 79 79 17 35 71 44
41 26 67 43 11 46 25
74 54 8 29 2 67 78
18 7 3 58 19 65 63
72 54 46 68 6 67 52
38 17 37 41 26 67 31
66 23 63 45 25 18 45
75 1 44 62 33 19 40
57 60 69 39 1 62 59
45 25 18 1 62 25 37
58 19 65 46 4 24 43
73 61 44 10 76 79 38
36 10 26 29 2 67 41
24 31 6 70 68 28 43
29 2 67 69 13 2 65
3 23 21 50 31 71 50
49 23 9 15 73 39 58
5 7 60 48 4 25 35
49 23 9 3 23 21 12
63 51 55 68 6 67 46
71 40 13 52 29 16 11
16 54 11 4 67 68 58
42 24 28 26 6 2 31
52 29 16 69 13 2 21
9 54 64 37 15 13 64
75 1 44 41 26 67 33
13 11 71 47 3 28 43
40 71 43 57 60 69 28
49 23 9 81 20 27 18
30 32 19 56 48 15 16
42 24 28 69 13 2 28
30 32 19 48 4 25 28
51 13 80 38 17 37 43
34 1 16 17 35 71 64
30 32 19 25 31 30 11
51 13 80 24 31 6 76
18 7 3 1 62 25 59
33 28 1 68 6 67 69
33 28 1 11 52 13 26
30 32 19 31 71 15 39
48 4 25 70 68 28 64
63 51 55 49 23 9 53
16 54 11 73 61 44 33
72 54 46 35 69 32 20
45 25 18 79 36 30 16
2 57 17 52 29 16 28
66 23 63 14 28 23 40
77 3 0 56 48 15 47
12 15 7 4 67 68 80
23 29 15 43 11 46 35
21 11 20 14 28 23 17
66 23 63 34 1 16 51
1 62 25 77 3 0 64
32 70 17 54 81 64 48
53 76 11 3 23 21 53
4 67 68 17 35 71 32
24 31 6 27 71 47 57
63 51 55 12 15 7 60
19 79 79 71 40 13 76
49 23 9 55 43 26 26
27 71 47 69 13 2 73
34 1 16 80 27 10 26
5 7 60 38 17 37 25
51 13 80 52 29 16 65
7 80 54 66 23 63 57
48 4 25 3 23 21 19
80 27 10 9 54 64 60
27 71 47 59 18 14 62
19 79 79 20 10 38 80
73 61 44 56 48 15 31
35 69 32 57 60 69 38
59 18 14 46 4 24 17
13 11 71 12 15 7 64
74 54 8 76 81 68 65
65 73 3 27 71 47 44
46 4 24 57 60 69 71
52 29 16 16 54 11 25
47 3 28 24 31 6 35
1 62 25 44 62 62 37
21 11 20 10 76 79 87
63 51 55 71 40 13 43
17 35 71 64 26 30 41
79 36 30 30 32 19 11
41 26 67 45 25 18 49
65 73 3 76 81 68 65
11 52 13 39 1 62 70
11 52 13 1 62 25 15
37 15 13 0 65 56 65
54 81 64 37 15 13 83
38 17 37 53 76 11 64
32 70 17 57 60 69 52
30 32 19 19 79 79 76
43 11 46 30 32 19 34
75 1 44 46 4 24 20
1 62 25 74 54 8 18
47 3 28 50 31 71 51
21 11 20 81 20 27 11
15 73 39 69 13 2 70
37 15 13 72 54 46 51
18 7 3 69 13 2 6
28 41 29 45 25 18 19
0 65 56 5 7 60 58
30 32 19 81 20 27 14
60 45 54 10 76 79 39
5 7 60 15 73 39 69
36 10 26 0 65 56 62
65 73 3 33 28 1 45
30 32 19 53 76 11 44
62 33 19 2 57 17 24
12 15 7 53 76 11 61
21 11 20 62 33 19 22
65 73 3 50 31 71 79
52 29 16 22 9 47 36
55 43 26 63 51 55 30
18 7 3 27 71 47 77
37 15 13 3 23 21 11
14 28 23 46 4 24 24
79 36 30 59 18 14 24
69 13 2 1 62 25 54
6 73 51 20 10 38 64
14 28 23 49 23 9 14
81 20 27 41 26 67 40
33 28 1 47 3 28 36
30 32 19 50 31 71 52
33 28 1 69 13 2 15
51 13 80 14 28 23 58
67 10 12 45 25 18 16
68 6 67 26 6 2 65
51 13 80 63 51 55 45
32 70 17 40 71 43 26
5 7 60 44 62 62 55
56 48 15 67 10 12 38
24 31 6 32 70 17 40
52 29 16 76 81 68 73
19 79 79 36 10 26 87
55 43 26 47 3 28 40
26 6 2 10 76 79 104
74 54 8 41 26 67 65
37 15 13 29 2 67 55
70 68 28 37 15 13 55
68 6 67 73 61 44 59
61 44 8 33 28 1 17
53 76 11 5 7 60 84
18 7 3 42 24 28 30
38 17 37 20 10 38 7
26 6 2 44 62 62 82
6 73 51 77 3 0 86
45 25 18 36 10 26 17
35 69 32 50 31 71 54
25 31 30 16 54 11 29
6 73 51 18 7 3 81
74 54 8 7 80 54 52
59 18 14 21 11 20 9
57 60 69 17 35 71 25
47 3 28 36 10 26 7
12 15 7 48 4 25 21
67 10 12 80 27 10 17
39 1 62 70 68 28 75
35 69 32 79 36 30 33
67 10 12 27 71 47 70
24 31 6 67 10 12 21
35 69 32 60 45 54 32
42 24 28 45 25 18 10
28 41 29 61 44 8 21
53 76 11 61 44 8 32
77 3 0 52 29 16 30
22 9 47 44 62 62 55
29 2 67 59 18 14 55
3 23 21 71 40 13 18
41 26 67 0 65 56 40
41 26 67 80 27 10 57
14 28 23 37 15 13 16
78 7 70 63 51 55 46
32 70 17 68 6 67 81
23 29 15 11 52 13 23
9 54 64 75 1 44 56
51 13 80 23 29 15 66
61 44 8 3 23 21 24
53 76 11 52 29 16 47
4 67 68 15 73 39 29
29 2 67 2 57 17 74
7 80 54 32 70 17 38
18 7 3 35 69 32 68
71 40 13 61 44 8 6
52 29 16 14 28 23 7
44 62 62 70 68 28 34
22 9 47 65 73 3 77
58 19 65 62 33 19 48
14 28 23 17 35 71 48
73 61 44 49 23 9 51
37 15 13 81 20 27 14
37 15 13 48 4 25 16
50 31 71 17 35 71 4
2 57 17 76 81 68 56
34 1 16 65 73 3 73
80 27 10 60 45 54 47
65 73 3 74 54 8 19
73 61 44 15 73 39 13
54 81 64 60 45 54 37
19 79 79 4 67 68 16
35 69 32 56 48 15 27
33 28 1 67 10 12 21
78 7 70 62 33 19 57
78 7 70 1 62 25 71
14 28 23 67 10 12 21
20 10 38 4 67 68 64
11 52 13 35 69 32 25
69 13 2 41 26 67 66
76 81 68 16 54 11 63
55 43 26 37 15 13 30
31 71 15 75 1 44 75
36 10 26 31 71 15 61
1 62 25 31 71 15 13
24 31 6 11 52 13 22
36 10 26 56 48 15 39
0 65 56 48 4 25 68
7 80 54 0 65 56 15
74 54 8 11 52 13 5
15 73 39 68 6 67 72
76 81 68 40 71 43 26
64 26 30 35 69 32 43
14 28 23 36 10 26 18
62 33 19 26 6 2 31
68 6 67 11 52 13 70
67 10 12 32 70 17 60
50 31 71 52 29 16 55
67 10 12 57 60 69 75
53 76 11 66 23 63 74
80 27 10 12 15 7 12
58 19 65 42 24 28 37
42 24 28 40 71 43 49
8 35 25 75 1 44 38
67 10 12 16 54 11 44
53 76 11 80 27 10 49
56 48 15 74 54 8 9
56 48 15 70 68 28 23
57 60 69 37 15 13 71
21 11 20 75 1 44 26
61 44 8 58 19 65 62
50 31 71 4 67 68 36
2 57 17 17 35 71 58
43 11 46 36 10 26 20
75 1 44 63 51 55 51
34 1 16 7 80 54 87
79 36 30 44 62 62 41
53 76 11 68 6 67 89
9 54 64 47 3 28 62
69 13 2 67 10 12 10
24 31 6 8 35 25 19
67 10 12 28 41 29 35
68 6 67 12 15 7 60
39 1 62 68 6 67 7
73 61 44 75 1 44 60
79 36 30 66 23 63 35
39 1 62 12 15 7 56