59 1711
7 37 28 12 21 25 16
44 16 40 54 9 15 25
56 44 28 23 46 36 8
27 42 48 58 0 57 42
53 39 7 48 25 0 15
16 33 47 11 18 48 15
2 2 21 24 29 18 27
57 12 46 43 22 13 34
54 9 15 19 11 37 22
14 35 14 16 33 47 33
15 41 19 14 35 14 7
25 18 45 29 45 24 34
36 30 14 42 51 42 35
40 1 33 45 1 33 0
55 11 20 13 11 18 2
50 19 32 44 16 40 8
2 2 21 49 15 54 35
20 32 44 14 35 14 30
4 50 34 35 13 30 37
40 1 33 36 30 14 34
40 1 33 27 42 48 43
1 46 0 26 38 2 8
1 46 0 17 29 24 29
55 11 20 54 9 15 5
53 39 7 7 37 28 21
41 46 11 29 45 24 13
48 25 0 49 15 54 54
51 18 49 44 16 40 9
32 18 40 11 18 48 8
17 29 24 42 51 42 28
17 29 24 10 49 48 31
36 30 14 38 41 48 35
36 30 14 44 16 40 29
24 29 18 52 28 35 17
26 38 2 56 44 28 26
46 19 46 8 11 46 8
43 22 13 26 38 2 19
16 33 47 44 16 40 18
1 46 0 47 19 52 58
20 32 44 58 0 57 34
17 29 24 44 16 40 20
54 9 15 13 11 18 3
35 13 30 28 38 6 34
46 19 46 5 31 16 32
42 51 42 32 18 40 33
18 47 23 3 58 42 21
29 45 24 33 54 15 12
24 29 18 33 54 15 25
39 56 46 37 17 49 39
54 9 15 48 25 0 21
9 38 57 57 12 46 28
23 46 36 32 18 40 28
14 35 14 36 30 14 5
0 19 33 42 51 42 33
51 18 49 39 56 46 38
3 58 42 12 21 25 40
43 22 13 18 47 23 26
14 35 14 23 46 36 24
33 54 15 4 50 34 19
37 17 49 21 11 38 12
49 15 54 10 49 48 34
57 12 46 2 2 21 26
26 38 2 55 11 20 32
27 42 48 46 19 46 23
56 44 28 39 56 46 21
18 47 23 17 29 24 18
1 46 0 13 11 18 39
19 11 37 50 19 32 9
58 0 57 12 21 25 38
55 11 20 37 17 49 29
19 11 37 52 28 35 17
2 2 21 17 29 24 27
14 35 14 7 37 28 14
39 56 46 17 29 24 34
35 13 30 9 38 57 36
39 56 46 38 41 48 15
32 18 40 18 47 23 33
49 15 54 17 29 24 33
1 46 0 9 38 57 57
8 11 46 7 37 28 31
20 32 44 52 28 35 9
39 56 46 41 46 11 36
2 2 21 53 39 7 39
58 0 57 15 41 19 55
6 9 37 26 38 2 45
31 37 3 46 19 46 46
8 11 46 4 50 34 40
46 19 46 48 25 0 46
28 38 6 0 19 33 33
39 56 46 46 19 46 37
58 0 57 10 49 48 49
45 1 33 12 21 25 21
19 11 37 40 1 33 10
2 2 21 15 41 19 39
7 37 28 23 46 36 12
9 38 57 25 18 45 23
45 1 33 21 11 38 11
33 54 15 39 56 46 31
21 11 38 55 11 20 18
56 44 28 27 42 48 20
35 13 30 54 9 15 15
33 54 15 17 29 24 26
40 1 33 0 19 33 18
55 11 20 23 46 36 38
57 12 46 12 21 25 22
26 38 2 15 41 19 17
37 17 49 6 9 37 14
56 44 28 37 17 49 34
5 31 16 17 29 24 8
32 18 40 36 30 14 28
5 31 16 54 9 15 22
16 33 47 51 18 49 15
11 18 48 54 9 15 34
9 38 57 8 11 46 29
45 1 33 33 54 15 55
57 12 46 26 38 2 51
35 13 30 47 19 52 22
18 47 23 0 19 33 29
54 9 15 14 35 14 26
4 50 34 27 42 48 16
20 32 44 17 29 24 20
52 28 35 10 49 48 24
44 16 40 26 38 2 43
14 35 14 48 25 0 17
50 19 32 27 42 48 28
44 16 40 27 42 48 27
2 2 21 3 58 42 59
46 19 46 54 9 15 32
15 41 19 51 18 49 37
15 41 19 41 46 11 9
20 32 44 26 38 2 42
20 32 44 4 50 34 20
6 9 37 27 42 48 34
51 18 49 33 54 15 49
38 41 48 55 11 20 41
52 28 35 39 56 46 30
7 37 28 24 29 18 12
13 11 18 43 22 13 12
5 31 16 43 22 13 9
16 33 47 26 38 2 45
5 31 16 25 18 45 31
26 38 2 46 19 46 47
20 32 44 11 18 48 14
45 1 33 18 47 23 47
13 11 18 46 19 46 29
42 51 42 44 16 40 35
36 30 14 15 41 19 12
13 11 18 29 45 24 34
13 11 18 53 39 7 30
2 2 21 14 35 14 33
44 16 40 25 18 45 5
55 11 20 56 44 28 33
58 0 57 6 9 37 21
34 34 33 29 45 24 14
35 13 30 56 44 28 31
2 2 21 8 11 46 26
45 1 33 4 50 34 49
37 17 49 31 37 3 50
16 33 47 57 12 46 21
42 51 42 29 45 24 18
51 18 49 47 19 52 3
48 25 0 34 34 33 34
2 2 21 13 11 18 9
18 47 23 41 46 11 12
41 46 11 37 17 49 47
5 31 16 49 15 54 41
57 12 46 22 12 46 0
5 31 16 6 9 37 30
6 9 37 15 41 19 36
54 9 15 15 41 19 32
44 16 40 28 38 6 40
52 28 35 48 25 0 35
30 43 5 16 33 47 43
48 25 0 22 12 46 47
44 16 40 0 19 33 7
3 58 42 10 49 48 10
30 43 5 3 58 42 39
9 38 57 33 54 15 44
2 2 21 58 0 57 36
4 50 34 58 0 57 55
1 46 0 27 42 48 48
9 38 57 45 1 33 44
24 29 18 50 19 32 17
28 38 6 7 37 28 22
17 29 24 25 18 45 23
56 44 28 16 33 47 21
44 16 40 32 18 40 2
28 38 6 46 19 46 44
29 45 24 58 0 57 55
19 11 37 55 11 20 17
23 46 36 45 1 33 45
0 19 33 50 19 32 1
3 58 42 34 34 33 25
23 46 36 53 39 7 29
55 11 20 12 21 25 11
44 16 40 24 29 18 25
19 11 37 11 18 48 13
42 51 42 15 41 19 25
52 28 35 44 16 40 13
7 37 28 1 46 0 29
13 11 18 51 18 49 31
54 9 15 42 51 42 49
33 54 15 7 37 28 21
24 29 18 32 18 40 24
27 42 48 10 49 48 7
54 9 15 24 29 18 20
53 39 7 45 1 33 46
23 46 36 24 29 18 24
41 46 11 19 11 37 43
20 32 44 6 9 37 24
49 15 54 37 17 49 5
54 9 15 17 29 24 21
15 41 19 48 25 0 24
4 50 34 0 19 33 31
6 9 37 35 13 30 8
53 39 7 21 11 38 41
46 19 46 37 17 49 3
6 9 37 48 25 0 40
7 37 28 48 25 0 30
30 43 5 46 19 46 47
15 41 19 33 54 15 13
45 1 33 38 41 48 42
26 38 2 45 1 33 48
2 2 21 30 43 5 44
52 28 35 3 58 42 30
52 28 35 2 2 21 29
18 47 23 42 51 42 19
46 19 46 22 12 46 7
20 32 44 27 42 48 10
44 16 40 43 22 13 27
41 46 11 24 29 18 18
34 34 33 33 54 15 26
38 41 48 20 32 44 9
11 18 48 4 50 34 34
11 18 48 9 38 57 21
7 37 28 34 34 33 5
39 56 46 24 29 18 38
27 42 48 24 29 18 32
17 29 24 34 34 33 10
47 19 52 29 45 24 38
4 50 34 44 16 40 34
46 19 46 41 46 11 44
35 13 30 29 45 24 32
34 34 33 23 46 36 12
50 19 32 26 38 2 35
31 37 3 17 29 24 22
23 46 36 36 30 14 27
39 56 46 47 19 52 37
48 25 0 8 11 46 48
24 29 18 45 1 33 31
57 12 46 10 49 48 37
11 18 48 47 19 52 4
11 18 48 43 22 13 35
27 42 48 0 19 33 27
1 46 0 42 51 42 42
28 38 6 26 38 2 4
46 19 46 51 18 49 3
40 1 33 18 47 23 47
32 18 40 7 37 28 22
9 38 57 38 41 48 9
52 28 35 37 17 49 17
49 15 54 35 13 30 24
0 19 33 3 58 42 40
55 11 20 15 41 19 30
21 11 38 12 21 25 16
38 41 48 0 19 33 26
11 18 48 21 11 38 12
22 12 46 50 19 32 15
52 28 35 8 11 46 20
52 28 35 15 41 19 20
20 32 44 46 19 46 13
51 18 49 29 45 24 36
37 17 49 38 41 48 24
56 44 28 50 19 32 25
42 51 42 19 11 37 40
14 35 14 47 19 52 41
36 30 14 19 11 37 29
43 22 13 49 15 54 41
47 19 52 50 19 32 20
33 54 15 14 35 14 19
57 12 46 35 13 30 16
26 38 2 4 50 34 34
25 18 45 41 46 11 44
40 1 33 24 29 18 31
53 39 7 15 41 19 12
34 34 33 20 32 44 11
6 9 37 42 51 42 42
45 1 33 30 43 5 50
42 51 42 50 19 32 33
15 41 19 39 56 46 30
49 15 54 13 11 18 36
40 1 33 39 56 46 56
52 28 35 51 18 49 17
21 11 38 19 11 37 1
41 46 11 28 38 6 9
6 9 37 41 46 11 45
12 21 25 31 37 3 27
19 11 37 23 46 36 35
14 35 14 55 11 20 24
47 19 52 7 37 28 30
43 22 13 0 19 33 20
38 41 48 56 44 28 20
54 9 15 10 49 48 51
6 9 37 13 11 18 19
37 17 49 23 46 36 31
17 29 24 24 29 18 6
34 34 33 13 11 18 27
21 11 38 41 46 11 44
57 12 46 6 9 37 9
58 0 57 38 41 48 41
12 21 25 42 51 42 34
23 46 36 49 15 54 35
23 46 36 26 38 2 34
54 9 15 45 1 33 19
18 47 23 55 11 20 36
46 19 46 55 11 20 27
15 41 19 44 16 40 32
35 13 30 37 17 49 19
51 18 49 53 39 7 46
14 35 14 22 12 46 39
12 21 25 53 39 7 25
40 1 33 11 18 48 22
21 11 38 9 38 57 33
31 37 3 38 41 48 45
17 29 24 4 50 34 23
23 46 36 51 18 49 30
31 37 3 19 11 37 42
56 44 28 28 38 6 22
53 39 7 50 19 32 32
42 51 42 55 11 20 45
1 46 0 24 29 18 24
25 18 45 8 11 46 7
25 18 45 58 0 57 21
14 35 14 31 37 3 11
16 33 47 27 42 48 9
4 50 34 41 46 11 23
11 18 48 1 46 0 55
46 19 46 40 1 33 22
8 11 46 49 15 54 8
32 18 40 3 58 42 40
28 38 6 32 18 40 39
4 50 34 3 58 42 11
3 58 42 45 1 33 57
36 30 14 56 44 28 19
6 9 37 9 38 57 35
22 12 46 17 29 24 27
36 30 14 20 32 44 30
52 28 35 32 18 40 11
7 37 28 39 56 46 26
47 19 52 30 43 5 52
1 46 0 0 19 33 42
9 38 57 26 38 2 55
6 9 37 23 46 36 37
43 22 13 17 29 24 13
11 18 48 25 18 45 3
41 46 11 20 32 44 35
45 1 33 0 19 33 18
38 41 48 11 18 48 23
44 16 40 13 11 18 22
48 25 0 4 50 34 42
31 37 3 36 30 14 13
38 41 48 47 19 52 22
7 37 28 45 1 33 36
26 38 2 24 29 18 18
54 9 15 34 34 33 30
29 45 24 32 18 40 31
40 1 33 41 46 11 50
38 41 48 21 11 38 31
37 17 49 8 11 46 6
16 33 47 35 13 30 26
25 18 45 40 1 33 20
54 9 15 56 44 28 37
23 46 36 16 33 47 17
39 56 46 2 2 21 59
5 31 16 53 39 7 12
40 1 33 48 25 0 40
44 16 40 40 1 33 16
44 16 40 14 35 14 32
8 11 46 14 35 14 40
15 41 19 1 46 0 19
36 30 14 16 33 47 33
23 46 36 39 56 46 14
27 42 48 33 54 15 35
52 28 35 47 19 52 19
16 33 47 5 31 16 31
42 51 42 58 0 57 53
35 13 30 30 43 5 39
7 37 28 49 15 54 34
41 46 11 30 43 5 6
35 13 30 33 54 15 43
14 35 14 28 38 6 8
50 19 32 8 11 46 16
38 41 48 35 13 30 33
41 46 11 22 12 46 48
55 11 20 11 18 48 28
51 18 49 57 12 46 6
41 46 11 1 46 0 11
22 12 46 56 44 28 36
8 11 46 27 42 48 31
49 15 54 52 28 35 23
2 2 21 38 41 48 47
2 2 21 0 19 33 20
18 47 23 4 50 34 11
43 22 13 22 12 46 34
34 34 33 56 44 28 11
47 19 52 37 17 49 3
39 56 46 30 43 5 43
3 58 42 39 56 46 4
12 21 25 54 9 15 15
43 22 13 39 56 46 47
2 2 21 6 9 37 17
52 28 35 9 38 57 24
11 18 48 6 9 37 14
15 41 19 19 11 37 34
21 11 38 29 45 24 36
8 11 46 13 11 18 28
11 18 48 10 49 48 31
10 49 48 4 50 34 14
45 1 33 44 16 40 16
50 19 32 51 18 49 17
37 17 49 32 18 40 9
26 38 2 33 54 15 20
8 11 46 45 1 33 16
0 19 33 29 45 24 27
32 18 40 2 2 21 24
2 2 21 27 42 48 48
12 21 25 0 19 33 8
15 41 19 30 43 5 14
19 11 37 25 18 45 10
10 49 48 24 29 18 36
28 38 6 12 21 25 25
48 25 0 26 38 2 13
49 15 54 36 30 14 42
41 46 11 53 39 7 8
15 41 19 57 12 46 39
20 32 44 49 15 54 19
33 54 15 57 12 46 52
2 2 21 4 50 34 49
45 1 33 48 25 0 40
48 25 0 21 11 38 40
38 41 48 13 11 18 42
40 1 33 49 15 54 25
5 31 16 14 35 14 4
12 21 25 41 46 11 28
12 21 25 18 47 23 26
26 38 2 47 19 52 53
6 9 37 1 46 0 52
12 21 25 56 44 28 23
9 38 57 10 49 48 14
15 41 19 29 45 24 6
7 37 28 20 32 44 16
31 37 3 4 50 34 33
43 22 13 40 1 33 29
39 56 46 22 12 46 44
11 18 48 13 11 18 30
14 35 14 29 45 24 14
15 41 19 40 1 33 42
1 46 0 18 47 23 23
23 46 36 13 11 18 39
7 37 28 21 11 38 27
14 35 14 12 21 25 17
28 38 6 16 33 47 41
44 16 40 49 15 54 14
32 18 40 34 34 33 17
18 47 23 19 11 37 38
36 30 14 33 54 15 24
33 54 15 41 46 11 8
38 41 48 53 39 7 41
17 29 24 8 11 46 28
33 54 15 22 12 46 52
25 18 45 22 12 46 6
16 33 47 18 47 23 27
36 30 14 7 37 28 15
31 37 3 51 18 49 49
33 54 15 1 46 0 17
1 46 0 3 58 42 43
27 42 48 29 45 24 24
13 11 18 42 51 42 46
22 12 46 11 18 48 6
15 41 19 56 44 28 9
40 1 33 22 12 46 17
33 54 15 13 11 18 43
50 19 32 16 33 47 20
30 43 5 5 31 16 16
55 11 20 17 29 24 18
27 42 48 49 15 54 27
10 49 48 6 9 37 41
47 19 52 36 30 14 39
25 18 45 36 30 14 33
35 13 30 0 19 33 6
16 33 47 29 45 24 25
3 58 42 22 12 46 46
0 19 33 39 56 46 39
47 19 52 44 16 40 12
3 58 42 44 16 40 42
22 12 46 5 31 16 35
24 29 18 36 30 14 4
55 11 20 36 30 14 19
54 9 15 52 28 35 27
13 11 18 32 18 40 23
37 17 49 0 19 33 16
3 58 42 38 41 48 18
48 25 0 17 29 24 24
28 38 6 48 25 0 14
19 11 37 24 29 18 26
11 18 48 23 46 36 30
16 33 47 42 51 42 18
52 28 35 25 18 45 14
44 16 40 2 2 21 23
34 34 33 12 21 25 15
32 18 40 16 33 47 16
39 56 46 21 11 38 45
37 17 49 16 33 47 16
18 47 23 21 11 38 39
49 15 54 31 37 3 55
33 54 15 3 58 42 27
12 21 25 16 33 47 25
48 25 0 13 11 18 22
2 2 21 12 21 25 19
53 39 7 42 51 42 37
27 42 48 14 35 14 34
58 0 57 47 19 52 19
23 46 36 21 11 38 35
26 38 2 12 21 25 28
22 12 46 20 32 44 20
58 0 57 49 15 54 15
45 1 33 56 44 28 43
0 19 33 15 41 19 26
57 12 46 34 34 33 25
29 45 24 1 46 0 24
43 22 13 21 11 38 27
42 51 42 41 46 11 31
5 31 16 1 46 0 21
50 19 32 14 35 14 24
6 9 37 28 38 6 42
42 51 42 27 42 48 10
52 28 35 56 44 28 17
30 43 5 54 9 15 35
18 47 23 49 15 54 44
5 31 16 32 18 40 27
36 30 14 26 38 2 14
49 15 54 25 18 45 9
6 9 37 3 58 42 49
43 22 13 33 54 15 32
25 18 45 4 50 34 33
16 33 47 49 15 54 19
25 18 45 42 51 42 33
42 51 42 10 49 48 6
50 19 32 54 9 15 19
3 58 42 48 25 0 53
18 47 23 5 31 16 17
47 19 52 13 11 18 34
25 18 45 46 19 46 1
41 46 11 2 2 21 45
12 21 25 17 29 24 8
58 0 57 3 58 42 59
37 17 49 1 46 0 56
20 32 44 48 25 0 44
26 38 2 58 0 57 66
49 15 54 29 45 24 42
53 39 7 32 18 40 39
35 13 30 7 37 28 24
3 58 42 11 18 48 40
16 33 47 17 29 24 23
1 46 0 38 41 48 48
17 29 24 9 38 57 34
53 39 7 0 19 33 32
38 41 48 50 19 32 27
30 43 5 6 9 37 46
56 44 28 48 25 0 33
16 33 47 43 22 13 35
36 30 14 46 19 46 33
52 28 35 11 18 48 16
9 38 57 54 9 15 51
21 11 38 6 9 37 2
4 50 34 24 29 18 26
22 12 46 16 33 47 21
24 29 18 8 11 46 33
29 45 24 20 32 44 23
8 11 46 19 11 37 9
7 37 28 25 18 45 25
18 47 23 54 9 15 38
31 37 3 20 32 44 41
37 17 49 40 1 33 22
20 32 44 3 58 42 26
5 31 16 35 13 30 22
46 19 46 35 13 30 17
5 31 16 33 54 15 23
17 29 24 47 19 52 29
31 37 3 6 9 37 44
28 38 6 53 39 7 1
46 19 46 44 16 40 6
47 19 52 27 42 48 23
41 46 11 0 19 33 34
45 1 33 41 46 11 50
3 58 42 27 42 48 17
42 51 42 56 44 28 15
40 1 33 17 29 24 29
1 46 0 23 46 36 36
37 17 49 51 18 49 1
20 32 44 8 11 46 21
23 46 36 50 19 32 27
2 2 21 25 18 45 28
41 46 11 17 29 24 21
14 35 14 57 12 46 39
20 32 44 30 43 5 40
30 43 5 40 1 33 50
40 1 33 13 11 18 18
6 9 37 12 21 25 16
21 11 38 44 16 40 5
31 37 3 30 43 5 6
11 18 48 39 56 46 38
49 15 54 56 44 28 38
7 37 28 6 9 37 29
32 18 40 10 49 48 32
9 38 57 40 1 33 44
35 13 30 58 0 57 29
53 39 7 35 13 30 34
10 49 48 8 11 46 38
15 41 19 8 11 46 40
55 11 20 10 49 48 47
41 46 11 27 42 48 37
21 11 38 10 49 48 39
28 38 6 37 17 49 47
53 39 7 8 11 46 48
52 28 35 42 51 42 24
26 38 2 18 47 23 22
27 42 48 18 47 23 25
25 18 45 56 44 28 31
49 15 54 0 19 33 21
7 37 28 10 49 48 23
53 39 7 24 29 18 14
15 41 19 37 17 49 38
6 9 37 46 19 46 13
40 1 33 7 37 28 36
56 44 28 21 11 38 34
29 45 24 8 11 46 40
13 11 18 9 38 57 47
9 38 57 22 12 46 28
25 18 45 1 46 0 53
56 44 28 7 37 28 7
33 54 15 11 18 48 48
31 37 3 1 46 0 9
34 34 33 55 11 20 26
15 41 19 10 49 48 30
34 34 33 41 46 11 25
57 12 46 29 45 24 39
45 1 33 20 32 44 32
52 28 35 16 33 47 13
23 46 36 31 37 3 34
44 16 40 34 34 33 19
8 11 46 42 51 42 40
24 29 18 38 41 48 32
29 45 24 24 29 18 17
21 11 38 15 41 19 35
23 46 36 29 45 24 12
48 25 0 44 16 40 41
25 18 45 33 54 15 46
43 22 13 27 42 48 40
25 18 45 54 9 15 31
13 11 18 0 19 33 17
34 34 33 28 38 6 27
52 28 35 6 9 37 19
3 58 42 23 46 36 13
12 21 25 20 32 44 21
40 1 33 14 35 14 38
50 19 32 3 58 42 40
58 0 57 32 18 40 24
50 19 32 43 22 13 19
24 29 18 30 43 5 19
30 43 5 17 29 24 23
42 51 42 23 46 36 7
47 19 52 34 34 33 24
5 31 16 55 11 20 20
2 2 21 48 25 0 31
48 25 0 31 37 3 12
39 56 46 36 30 14 41
29 45 24 2 2 21 43
51 18 49 32 18 40 9
30 43 5 9 38 57 52
10 49 48 48 25 0 53
34 34 33 26 38 2 31
57 12 46 53 39 7 47
39 56 46 54 9 15 56
7 37 28 2 2 21 35
16 33 47 6 9 37 26
50 19 32 41 46 11 34
17 29 24 46 19 46 24
11 18 48 31 37 3 48
48 25 0 43 22 13 13
39 56 46 13 11 18 53
58 0 57 8 11 46 15
41 46 11 36 30 14 16
4 50 34 34 34 33 16
35 13 30 2 2 21 14
10 49 48 47 19 52 30
22 12 46 53 39 7 47
4 50 34 5 31 16 26
9 38 57 31 37 3 54
19 11 37 13 11 18 19
25 18 45 20 32 44 14
43 22 13 41 46 11 24
58 0 57 50 19 32 31
57 12 46 18 47 23 41
34 34 33 46 19 46 19
54 9 15 8 11 46 31
16 33 47 20 32 44 3
13 11 18 50 19 32 16
14 35 14 13 11 18 24
35 13 30 10 49 48 40
3 58 42 36 30 14 39
29 45 24 52 28 35 20
4 50 34 37 17 49 36
51 18 49 5 31 16 35
7 37 28 31 37 3 25
44 16 40 33 54 15 45
47 19 52 57 12 46 9
29 45 24 37 17 49 37
34 34 33 10 49 48 21
4 50 34 22 12 46 39
12 21 25 29 45 24 24
24 29 18 47 19 52 35
17 29 24 27 42 48 27
21 11 38 27 42 48 32
12 21 25 39 56 46 40
6 9 37 47 19 52 18
27 42 48 26 38 2 46
33 54 15 2 2 21 52
0 19 33 20 32 44 17
43 22 13 15 41 19 19
12 21 25 9 38 57 36
20 32 44 18 47 23 25
58 0 57 18 47 23 58
37 17 49 43 22 13 36
49 15 54 32 18 40 14
46 19 46 32 18 40 6
20 32 44 39 56 46 24
16 33 47 41 46 11 38
51 18 49 8 11 46 7
16 33 47 40 1 33 34
18 47 23 25 18 45 36
55 11 20 48 25 0 24
58 0 57 41 46 11 65
23 46 36 15 41 19 17
36 30 14 12 21 25 14
45 1 33 14 35 14 38
40 1 33 58 0 57 24
1 46 0 45 1 33 55
26 38 2 38 41 48 46
33 54 15 23 46 36 22
53 39 7 9 38 57 50
15 41 19 16 33 47 29
44 16 40 53 39 7 40
3 58 42 29 45 24 22
4 50 34 28 38 6 30
12 21 25 22 12 46 22
13 11 18 22 12 46 28
30 43 5 49 15 54 56
58 0 57 30 43 5 67
43 22 13 34 34 33 23
34 34 33 38 41 48 16
16 33 47 34 34 33 14
56 44 28 6 9 37 36
23 46 36 58 0 57 50
43 22 13 20 32 44 32
37 17 49 53 39 7 47
13 11 18 36 30 14 19
4 50 34 9 38 57 25
18 47 23 8 11 46 42
44 16 40 9 38 57 27
49 15 54 33 54 15 55
35 13 30 24 29 18 20
5 31 16 23 46 36 25
43 22 13 53 39 7 18
36 30 14 1 46 0 21
42 51 42 45 1 33 50
31 37 3 32 18 40 41
52 28 35 18 47 23 22
2 2 21 51 18 49 32
0 19 33 52 28 35 9
13 11 18 20 32 44 33
19 11 37 2 2 21 18
22 12 46 36 30 14 36
1 46 0 44 16 40 50
50 19 32 18 47 23 29
50 19 32 17 29 24 12
53 39 7 18 47 23 17
27 42 48 11 18 48 24
16 33 47 45 1 33 34
12 21 25 27 42 48 31
11 18 48 48 25 0 48
1 46 0 49 15 54 62
50 19 32 45 1 33 18
44 16 40 5 31 16 28
1 46 0 57 12 46 57
19 11 37 37 17 49 13
47 19 52 40 1 33 26
0 19 33 55 11 20 15
51 18 49 12 21 25 24
3 58 42 5 31 16 37
9 38 57 36 30 14 43
46 19 46 49 15 54 8
53 39 7 49 15 54 52
46 19 46 52 28 35 14
29 45 24 4 50 34 11
43 22 13 1 46 0 27
49 15 54 47 19 52 4
43 22 13 46 19 46 33
48 25 0 24 29 18 18
5 31 16 0 19 33 20
28 38 6 50 19 32 32
29 45 24 46 19 46 34
55 11 20 9 38 57 45
33 54 15 8 11 46 53
57 12 46 11 18 48 6
36 30 14 27 42 48 36
20 32 44 55 11 20 31
3 58 42 51 18 49 40
42 51 42 46 19 46 32
12 21 25 33 54 15 34
15 41 19 13 11 18 30
7 37 28 54 9 15 30
37 17 49 9 38 57 22
29 45 24 9 38 57 33
4 50 34 53 39 7 29
31 37 3 28 38 6 3
36 30 14 45 1 33 34
15 41 19 38 41 48 29
52 28 35 38 41 48 18
51 18 49 25 18 45 4
45 1 33 49 15 54 25
11 18 48 51 18 49 1
44 16 40 19 11 37 5
3 58 42 40 1 33 57
37 17 49 5 31 16 35
26 38 2 30 43 5 5
55 11 20 7 37 28 27
35 13 30 14 35 14 27
58 0 57 51 18 49 19
55 11 20 25 18 45 25
29 45 24 11 18 48 36
2 2 21 9 38 57 50
28 38 6 9 38 57 51
2 2 21 37 17 49 31
26 38 2 41 46 11 12
35 13 30 15 41 19 30
35 13 30 11 18 48 18
27 42 48 31 37 3 45
3 58 42 43 22 13 46
12 21 25 49 15 54 29
2 2 21 21 11 38 19
6 9 37 43 22 13 27
48 25 0 0 19 33 33
49 15 54 34 34 33 28
46 19 46 0 19 33 13
1 46 0 12 21 25 35
52 28 35 28 38 6 30
21 11 38 0 19 33 9
55 11 20 53 39 7 30
30 43 5 10 49 48 43
28 38 6 19 11 37 41
50 19 32 31 37 3 34
1 46 0 50 19 32 41
33 54 15 48 25 0 32
51 18 49 35 13 30 19
19 11 37 5 31 16 29
15 41 19 18 47 23 7
35 13 30 26 38 2 37
47 19 52 43 22 13 39
51 18 49 6 9 37 15
35 13 30 55 11 20 10
19 11 37 39 56 46 45
20 32 44 50 19 32 17
6 9 37 33 54 15 50
32 18 40 38 41 48 24
6 9 37 25 18 45 12
19 11 37 47 19 52 17
18 47 23 30 43 5 18
12 21 25 35 13 30 9
51 18 49 26 38 2 51
56 44 28 2 2 21 42
5 31 16 42 51 42 32
8 11 46 22 12 46 1
35 13 30 22 12 46 16
26 38 2 29 45 24 23
6 9 37 50 19 32 11
53 39 7 52 28 35 30
7 37 28 0 19 33 18
0 19 33 24 29 18 18
35 13 30 52 28 35 15
54 9 15 22 12 46 31
24 29 18 57 12 46 32
55 11 20 39 56 46 51
13 11 18 24 29 18 18
38 41 48 16 33 47 8
54 9 15 33 54 15 45
0 19 33 23 46 36 27
5 31 16 20 32 44 28
11 18 48 49 15 54 6
14 35 14 32 18 40 31
13 11 18 25 18 45 27
14 35 14 24 29 18 7
3 58 42 13 11 18 52
57 12 46 50 19 32 15
52 28 35 41 46 11 30
28 38 6 51 18 49 47
54 9 15 20 32 44 37
24 29 18 12 21 25 10
10 49 48 36 30 14 38
53 39 7 11 18 48 46
0 19 33 17 29 24 13
7 37 28 44 16 40 24
51 18 49 21 11 38 13
38 41 48 12 21 25 30
16 33 47 25 18 45 15
5 31 16 24 29 18 2
32 18 40 40 1 33 18
56 44 28 19 11 37 34
11 18 48 12 21 25 23
53 39 7 46 19 46 43
36 30 14 11 18 48 36
55 11 20 40 1 33 16
30 43 5 48 25 0 18
27 42 48 15 41 19 29
57 12 46 19 11 37 9
52 28 35 57 12 46 19
36 30 14 54 9 15 21
52 28 35 12 21 25 12
49 15 54 41 46 11 53
15 41 19 25 18 45 34
0 19 33 16 33 47 19
57 12 46 30 43 5 51
58 0 57 54 9 15 42
40 1 33 2 2 21 12
15 41 19 45 1 33 42
32 18 40 20 32 44 14
22 12 46 52 28 35 19
15 41 19 4 50 34 17
21 11 38 40 1 33 11
4 50 34 19 11 37 39
55 11 20 33 54 15 43
58 0 57 21 11 38 21
9 38 57 42 51 42 19
0 19 33 57 12 46 14
24 29 18 37 17 49 33
35 13 30 17 29 24 17
18 47 23 46 19 46 36
42 51 42 48 25 0 49
35 13 30 1 46 0 44
58 0 57 39 56 46 57
47 19 52 12 21 25 27
47 19 52 31 37 3 52
45 1 33 19 11 37 10
46 19 46 4 50 34 33
7 37 28 13 11 18 27
26 38 2 2 2 21 40
30 43 5 23 46 36 31
18 47 23 2 2 21 45
28 38 6 15 41 19 13
1 46 0 58 0 57 73
39 56 46 57 12 46 44
39 56 46 50 19 32 39
20 32 44 42 51 42 19
35 13 30 3 58 42 46
17 29 24 51 18 49 27
4 50 34 56 44 28 8
38 41 48 14 35 14 34
28 38 6 22 12 46 47
28 38 6 39 56 46 43
5 31 16 9 38 57 41
6 9 37 49 15 54 18
9 38 57 14 35 14 43
45 1 33 55 11 20 16
18 47 23 35 13 30 34
19 11 37 33 54 15 48
26 38 2 52 28 35 34
44 16 40 55 11 20 20
46 19 46 7 37 28 25
26 38 2 19 11 37 44
8 11 46 6 9 37 9
19 11 37 27 42 48 32
47 19 52 9 38 57 19
15 41 19 22 12 46 39
37 17 49 54 9 15 34
2 2 21 43 22 13 21
6 9 37 54 9 15 22
5 31 16 40 1 33 34
38 41 48 5 31 16 33
2 2 21 1 46 0 48
56 44 28 8 11 46 37
50 19 32 5 31 16 20
49 15 54 57 12 46 8
17 29 24 3 58 42 34
44 16 40 37 17 49 9
56 44 28 51 18 49 33
16 33 47 1 46 0 48
31 37 3 15 41 19 16
51 18 49 54 9 15 35
5 31 16 36 30 14 2
45 1 33 57 12 46 17
23 46 36 20 32 44 16
8 11 46 39 56 46 45
54 9 15 47 19 52 38
44 16 40 23 46 36 30
54 9 15 28 38 6 30
6 9 37 38 41 48 33
42 51 42 28 38 6 38
27 42 48 45 1 33 43
21 11 38 16 33 47 23
58 0 57 56 44 28 52
1 46 0 48 25 0 21
13 11 18 41 46 11 35
47 19 52 4 50 34 35
1 46 0 28 38 6 10
6 9 37 18 47 23 40
10 49 48 50 19 32 34
5 31 16 58 0 57 51
34 34 33 39 56 46 25
9 38 57 41 46 11 46
17 29 24 15 41 19 13
44 16 40 56 44 28 30
57 12 46 31 37 3 49
22 12 46 21 11 38 8
28 38 6 5 31 16 12
34 34 33 37 17 49 23
51 18 49 18 47 23 38
47 19 52 21 11 38 16
34 34 33 27 42 48 17
1 46 0 14 35 14 17
4 50 34 51 18 49 35
44 16 40 35 13 30 10
36 30 14 0 19 33 21
22 12 46 51 18 49 6
57 12 46 3 58 42 46
34 34 33 36 30 14 19
46 19 46 1 46 0 53
24 29 18 43 22 13 8
32 18 40 4 50 34 32
27 42 48 37 17 49 25
18 47 23 38 41 48 25
26 38 2 17 29 24 23
55 11 20 29 45 24 34
55 11 20 3 58 42 51
20 32 44 2 2 21 37
29 45 24 36 30 14 18
40 1 33 57 12 46 17
10 49 48 12 21 25 36
14 35 14 25 18 45 35
0 19 33 58 0 57 30
0 19 33 56 44 28 25
14 35 14 46 19 46 35
26 38 2 40 1 33 48
49 15 54 3 58 42 44
29 45 24 53 39 7 18
57 12 46 27 42 48 30
7 37 28 51 18 49 28
53 39 7 25 18 45 43
45 1 33 11 18 48 22
18 47 23 36 30 14 19
18 47 23 44 16 40 35
40 1 33 51 18 49 23
0 19 33 9 38 57 30
3 58 42 47 19 52 40
43 22 13 23 46 36 33
16 33 47 8 11 46 22
31 37 3 34 34 33 30
58 0 57 16 33 47 34
7 37 28 58 0 57 47
51 18 49 30 43 5 50
46 19 46 24 29 18 29
30 43 5 29 45 24 19
0 19 33 32 18 40 7
56 44 28 30 43 5 23
21 11 38 14 35 14 33
28 38 6 36 30 14 11
57 12 46 21 11 38 8
1 46 0 30 43 5 5
17 29 24 21 11 38 22
39 56 46 32 18 40 38
44 16 40 38 41 48 26
10 49 48 41 46 11 37
31 37 3 35 13 30 36
0 19 33 8 11 46 15
6 9 37 40 1 33 8
48 25 0 12 21 25 25
18 47 23 29 45 24 2
5 31 16 10 49 48 36
58 0 57 11 18 48 20
17 29 24 13 11 18 18
16 33 47 2 2 21 40
52 28 35 43 22 13 22
27 42 48 48 25 0 50
43 22 13 55 11 20 13
45 1 33 13 11 18 18
21 11 38 25 18 45 9
57 12 46 44 16 40 7
27 42 48 13 11 18 43
26 38 2 3 58 42 44
15 41 19 20 32 44 26
43 22 13 56 44 28 26
16 33 47 3 58 42 25
14 35 14 26 38 2 12
58 0 57 19 11 37 22
16 33 47 31 37 3 44
41 46 11 5 31 16 15
30 43 5 11 18 48 49
49 15 54 9 38 57 23
48 25 0 29 45 24 31
5 31 16 27 42 48 33
22 12 46 6 9 37 9
43 22 13 54 9 15 13
48 25 0 19 11 37 39
41 46 11 32 18 40 40
32 18 40 8 11 46 9
7 37 28 5 31 16 13
41 46 11 47 19 52 49
14 35 14 11 18 48 38
53 39 7 39 56 46 42
10 49 48 14 35 14 36
17 29 24 45 1 33 29
42 51 42 3 58 42 7
8 11 46 21 11 38 8
31 37 3 41 46 11 12
54 9 15 31 37 3 30
19 11 37 46 19 46 12
45 1 33 43 22 13 29
8 11 46 44 16 40 7
51 18 49 48 25 0 49
36 30 14 35 13 30 23
10 49 48 56 44 28 20
19 11 37 1 46 0 50
1 46 0 53 39 7 9
47 19 52 32 18 40 12
14 35 14 30 43 5 12
36 30 14 30 43 5 15
55 11 20 58 0 57 38
56 44 28 20 32 44 20
30 43 5 33 54 15 14
14 35 14 51 18 49 38
5 31 16 2 2 21 29
14 35 14 49 15 54 44
34 34 33 2 2 21 34
13 11 18 26 38 2 31
0 19 33 14 35 14 24
11 18 48 26 38 2 50
10 49 48 40 1 33 50
50 19 32 30 43 5 36
21 11 38 24 29 18 26
16 33 47 33 54 15 38
55 11 20 24 29 18 18
50 19 32 49 15 54 22
31 37 3 55 11 20 31
0 19 33 31 37 3 34
6 9 37 39 56 46 47
14 35 14 3 58 42 36
34 34 33 24 29 18 15
3 58 42 53 39 7 39
49 15 54 22 12 46 8
41 46 11 14 35 14 11
20 32 44 57 12 46 20
10 49 48 13 11 18 48
16 33 47 53 39 7 40
28 38 6 49 15 54 53
53 39 7 26 38 2 5
27 42 48 52 28 35 19
43 22 13 8 11 46 34
2 2 21 42 51 42 53
52 28 35 50 19 32 9
57 12 46 13 11 18 28
37 17 49 50 19 32 17
35 13 30 8 11 46 16
47 19 52 48 25 0 52
43 22 13 28 38 6 17
25 18 45 38 41 48 23
39 56 46 4 50 34 13
45 1 33 46 19 46 22
56 44 28 41 46 11 17
51 18 49 55 11 20 29
23 46 36 22 12 46 35
28 38 6 40 1 33 45
4 50 34 6 9 37 41
14 35 14 58 0 57 55
34 34 33 53 39 7 26
5 31 16 39 56 46 39
5 31 16 21 11 38 29
57 12 46 4 50 34 39
2 2 21 47 19 52 35
56 44 28 13 11 18 34
25 18 45 57 12 46 6
37 17 49 33 54 15 50
6 9 37 45 1 33 8
52 28 35 21 11 38 17
35 13 30 45 1 33 12
57 12 46 55 11 20 26
10 49 48 29 45 24 24
35 13 30 27 42 48 34
56 44 28 14 35 14 16
36 30 14 2 2 21 28
33 54 15 31 37 3 20
22 12 46 10 49 48 37
31 37 3 21 11 38 43
3 58 42 46 19 46 39
51 18 49 10 49 48 31
42 51 42 34 34 33 19
57 12 46 17 29 24 27
26 38 2 25 18 45 47
34 34 33 40 1 33 33
34 34 33 1 46 0 35
39 56 46 27 42 48 14
14 35 14 4 50 34 25
7 37 28 11 18 48 27
19 11 37 0 19 33 8
47 19 52 20 32 44 15
4 50 34 54 9 15 45
30 43 5 55 11 20 35
38 41 48 17 29 24 26
38 41 48 30 43 5 43
48 25 0 57 12 46 47
27 42 48 23 46 36 12
6 9 37 14 35 14 34
48 25 0 58 0 57 62
27 42 48 54 9 15 46
36 30 14 51 18 49 37
20 32 44 37 17 49 15
19 11 37 29 45 24 36
11 18 48 5 31 16 34
12 21 25 8 11 46 23
19 11 37 38 41 48 31
9 38 57 48 25 0 58
15 41 19 11 18 48 37
43 22 13 32 18 40 27
25 18 45 45 1 33 20
3 58 42 31 37 3 44
50 19 32 21 11 38 10
30 43 5 42 51 42 37
18 47 23 14 35 14 15
11 18 48 44 16 40 8
20 32 44 1 46 0 46
18 47 23 7 37 28 11
58 0 57 13 11 18 40
9 38 57 19 11 37 33
48 25 0 35 13 30 32
51 18 49 45 1 33 23
20 32 44 24 29 18 26
17 29 24 53 39 7 19
38 41 48 43 22 13 39
43 22 13 25 18 45 32
9 38 57 43 22 13 46
30 43 5 8 11 46 52
40 1 33 1 46 0 55
9 38 57 20 32 44 14
51 18 49 43 22 13 36
3 58 42 54 9 15 55
23 46 36 28 38 6 31
24 29 18 22 12 46 32
52 28 35 55 11 20 22
7 37 28 37 17 49 29
52 28 35 31 37 3 33
1 46 0 32 18 40 48
7 37 28 38 41 48 20
19 11 37 20 32 44 22
14 35 14 37 17 49 39
5 31 16 15 41 19 10
12 21 25 30 43 5 29
21 11 38 54 9 15 23
8 11 46 55 11 20 26
38 41 48 41 46 11 37
36 30 14 48 25 0 14
36 30 14 50 19 32 21
0 19 33 25 18 45 12
37 17 49 57 12 46 5
27 42 48 9 38 57 9
23 46 36 25 18 45 29
52 28 35 17 29 24 11
28 38 6 3 58 42 41
26 38 2 8 11 46 51
56 44 28 24 29 18 18
39 56 46 29 45 24 24
51 18 49 9 38 57 21
52 28 35 4 50 34 22
53 39 7 30 43 5 4
23 46 36 35 13 30 33
20 32 44 40 1 33 32
53 39 7 40 1 33 46
11 18 48 8 11 46 7
40 1 33 8 11 46 16
56 44 28 18 47 23 5
31 37 3 13 11 18 30
14 35 14 43 22 13 13
0 19 33 54 9 15 20
4 50 34 49 15 54 40
42 51 42 51 18 49 33
10 49 48 43 22 13 44
42 51 42 43 22 13 41
43 22 13 4 50 34 35
10 49 48 45 1 33 50
58 0 57 36 30 14 52
32 18 40 12 21 25 15
3 58 42 8 11 46 47
35 13 30 39 56 46 45
50 19 32 7 37 28 18
5 31 16 56 44 28 17
44 16 40 58 0 57 23
16 33 47 39 56 46 23
58 0 57 45 1 33 24
58 0 57 43 22 13 49
7 37 28 42 51 42 19
57 12 46 7 37 28 30
55 11 20 2 2 21 9
50 19 32 34 34 33 15
25 18 45 3 58 42 40
32 18 40 27 42 48 25
18 47 23 48 25 0 31
20 32 44 21 11 38 21
5 31 16 13 11 18 20
22 12 46 31 37 3 49
30 43 5 0 19 33 36
7 37 28 16 33 47 19
41 46 11 54 9 15 37
41 46 11 11 18 48 46
12 21 25 15 41 19 20
40 1 33 4 50 34 49
33 54 15 20 32 44 36
4 50 34 55 11 20 41
18 47 23 37 17 49 39
17 29 24 29 45 24 16
25 18 45 34 34 33 20
10 49 48 2 2 21 54
50 19 32 32 18 40 8
50 19 32 46 19 46 14
9 38 57 23 46 36 22
56 44 28 33 54 15 16
37 17 49 3 58 42 41
12 21 25 23 46 36 27
52 28 35 13 11 18 24
10 49 48 26 38 2 47
43 22 13 31 37 3 18
45 1 33 22 12 46 17
2 2 21 31 37 3 39
34 34 33 51 18 49 22
51 18 49 20 32 44 14
6 9 37 44 16 40 7
10 49 48 33 54 15 33
48 25 0 41 46 11 23
34 34 33 22 12 46 25
46 19 46 15 41 19 34
33 54 15 0 19 33 39
20 32 44 53 39 7 37
58 0 57 52 28 35 35
37 17 49 26 38 2 51
40 1 33 23 46 36 45
55 11 20 6 9 37 17
10 49 48 0 19 33 33
42 51 42 26 38 2 42
2 2 21 54 9 15 9
44 16 40 29 45 24 33
53 39 7 47 19 52 49
50 19 32 33 54 15 38
54 9 15 23 46 36 42
55 11 20 27 42 48 41
33 54 15 47 19 52 50
25 18 45 27 42 48 24
57 12 46 5 31 16 35
39 56 46 31 37 3 47
19 11 37 30 43 5 45
19 11 37 6 9 37 2
4 50 34 30 43 5 29
34 34 33 11 18 48 21
42 51 42 14 35 14 32
1 46 0 10 49 48 48
16 33 47 24 29 18 29
47 19 52 55 11 20 32
1 46 0 55 11 20 40
10 49 48 31 37 3 46
49 15 54 26 38 2 56
38 41 48 42 51 42 11
38 41 48 22 12 46 29
51 18 49 49 15 54 5
4 50 34 1 46 0 34
19 11 37 3 58 42 47
12 21 25 4 50 34 30
16 33 47 48 25 0 47
45 1 33 28 38 6 45
17 29 24 6 9 37 23
24 29 18 15 41 19 12
12 21 25 19 11 37 15
36 30 14 17 29 24 10
56 44 28 47 19 52 34
22 12 46 55 11 20 26
53 39 7 6 9 37 42
54 9 15 29 45 24 37
28 38 6 20 32 44 38
47 19 52 42 51 42 33
29 45 24 40 1 33 44
56 44 28 32 18 40 28
22 12 46 2 2 21 26
40 1 33 54 9 15 19
32 18 40 6 9 37 9
41 46 11 44 16 40 41
43 22 13 7 37 28 21
28 38 6 2 2 21 39
40 1 33 35 13 30 12
27 42 48 7 37 28 20
1 46 0 56 44 28 28
53 39 7 31 37 3 4
29 45 24 7 37 28 8
39 56 46 25 18 45 38
7 37 28 4 50 34 14
41 46 11 57 12 46 48
28 38 6 18 47 23 19
19 11 37 34 34 33 23
56 44 28 3 58 42 19
25 18 45 12 21 25 20
1 46 0 52 28 35 39
34 34 33 30 43 5 29
29 45 24 6 9 37 38
16 33 47 9 38 57 11
48 25 0 37 17 49 49
12 21 25 46 19 46 21
39 56 46 42 51 42 6
45 1 33 5 31 16 34
13 11 18 37 17 49 31
0 19 33 22 12 46 14
39 56 46 10 49 48 7
5 31 16 29 45 24 16
14 35 14 53 39 7 8
45 1 33 29 45 24 44
19 11 37 49 15 54 17
18 47 23 11 18 48 38
32 18 40 55 11 20 21
39 56 46 48 25 0 55
2 2 21 11 18 48 31
24 29 18 25 18 45 29
31 37 3 26 38 2 1
12 21 25 40 1 33 21
34 34 33 9 38 57 24
31 37 3 42 51 42 41
32 18 40 21 11 38 7
16 33 47 46 19 46 14
22 12 46 19 11 37 9
54 9 15 49 15 54 39
31 37 3 56 44 28 25
30 43 5 13 11 18 34
55 11 20 28 38 6 30
39 56 46 14 35 14 38
47 19 52 22 12 46 9
50 19 32 9 38 57 31
23 46 36 10 49 48 12
53 39 7 56 44 28 21
10 49 48 19 11 37 39
38 41 48 51 18 49 23
17 29 24 14 35 14 11
0 19 33 6 9 37 10
22 12 46 44 16 40 7
1 46 0 39 56 46 47
11 18 48 24 29 18 31
18 47 23 34 34 33 16
41 46 11 35 13 30 38
5 31 16 47 19 52 37
7 37 28 30 43 5 23
31 37 3 29 45 24 22
1 46 0 51 18 49 56
13 11 18 21 11 38 20
2 2 21 46 19 46 30
27 42 48 53 39 7 41
21 11 38 42 51 42 40
7 37 28 52 28 35 11
50 19 32 4 50 34 31
11 18 48 37 17 49 1
31 37 3 5 31 16 14
4 50 34 21 11 38 39
23 46 36 52 28 35 18
41 46 11 23 46 36 25
33 54 15 32 18 40 43
37 17 49 12 21 25 24
43 22 13 19 11 37 26
18 47 23 33 54 15 10
11 18 48 17 29 24 26
6 9 37 34 34 33 25
24 29 18 42 51 42 32
16 33 47 55 11 20 34
10 49 48 38 41 48 8
50 19 32 15 41 19 25
15 41 19 3 58 42 28
24 29 18 31 37 3 17
47 19 52 45 1 33 26
8 11 46 5 31 16 36
28 38 6 57 12 46 47
33 54 15 53 39 7 17
24 29 18 6 9 37 27
32 18 40 15 41 19 31
9 38 57 58 0 57 38
55 11 20 41 46 11 36
53 39 7 54 9 15 31
50 19 32 11 18 48 16
58 0 57 28 38 6 63
24 29 18 18 47 23 18
42 51 42 49 15 54 37
54 9 15 26 38 2 31
22 12 46 30 43 5 51
31 37 3 40 1 33 46
33 54 15 28 38 6 18
49 15 54 21 11 38 16
9 38 57 3 58 42 25
41 46 11 7 37 28 19
4 50 34 13 11 18 42
22 12 46 27 42 48 30
20 32 44 35 13 30 23
44 16 40 31 37 3 42
28 38 6 13 11 18 29
22 12 46 32 18 40 8
8 11 46 34 34 33 26
28 38 6 21 11 38 41
54 9 15 16 33 47 40
50 19 32 29 45 24 27
46 19 46 10 49 48 30
31 37 3 45 1 33 46
41 46 11 8 11 46 49
8 11 46 38 41 48 30
22 12 46 58 0 57 16
58 0 57 57 12 46 16
36 30 14 4 50 34 28
22 12 46 7 37 28 30
48 25 0 5 31 16 17
23 46 36 48 25 0 41
35 13 30 32 18 40 11
54 9 15 57 12 46 31
26 38 2 7 37 28 26
18 47 23 22 12 46 41
57 12 46 8 11 46 1
8 11 46 1 46 0 57
40 1 33 33 54 15 55
35 13 30 42 51 42 39
34 34 33 35 13 30 21
47 19 52 46 19 46 6
36 30 14 6 9 37 31
16 33 47 19 11 37 24
28 38 6 30 43 5 5
11 18 48 46 19 46 2
11 18 48 0 19 33 15
56 44 28 40 1 33 43
47 19 52 25 18 45 7
8 11 46 31 37 3 50
42 51 42 40 1 33 50
46 19 46 21 11 38 11
34 34 33 21 11 38 23
25 18 45 32 18 40 5
38 41 48 23 46 36 13
18 47 23 47 19 52 40
11 18 48 42 51 42 33
19 11 37 53 39 7 41
47 19 52 0 19 33 19
25 18 45 35 13 30 15
38 41 48 49 15 54 26
36 30 14 57 12 46 36
56 44 28 57 12 46 36
21 11 38 33 54 15 48
30 43 5 32 18 40 43
55 11 20 49 15 54 34
19 11 37 7 37 28 27
21 11 38 35 13 30 8
10 49 48 16 33 47 16
23 46 36 46 19 46 28
44 16 40 39 56 46 40
24 29 18 58 0 57 48
9 38 57 56 44 28 29
4 50 34 38 41 48 16
37 17 49 36 30 14 37
28 38 6 10 49 48 43
17 29 24 56 44 28 15
29 45 24 28 38 6 19
51 18 49 19 11 37 13
29 45 24 22 12 46 39
48 25 0 50 19 32 32
17 29 24 28 38 6 20
4 50 34 23 46 36 4
21 11 38 1 46 0 51
37 17 49 22 12 46 5
58 0 57 53 39 7 63
52 28 35 30 43 5 33
36 30 14 43 22 13 8
4 50 34 16 33 47 21
41 46 11 51 18 49 47
48 25 0 25 18 45 45
24 29 18 51 18 49 32
14 35 14 52 28 35 22
37 17 49 58 0 57 18
36 30 14 8 11 46 37
5 31 16 26 38 2 15
26 38 2 39 56 46 47
28 38 6 47 19 52 49
26 38 2 21 11 38 45
28 38 6 27 42 48 42
16 33 47 47 19 52 14
9 38 57 39 56 46 21
37 17 49 17 29 24 27
12 21 25 44 16 40 15
43 22 13 12 21 25 12
5 31 16 34 34 33 17
45 1 33 37 17 49 22
7 37 28 17 29 24 8
34 34 33 45 1 33 33
2 2 21 23 46 36 46
3 58 42 41 46 11 33
18 47 23 39 56 46 24
33 54 15 58 0 57 68
1 46 0 22 12 46 57
8 11 46 28 38 6 48
42 51 42 22 12 46 39
25 18 45 10 49 48 31
34 34 33 58 0 57 41
21 11 38 30 43 5 45
40 1 33 38 41 48 42
57 12 46 23 46 36 35
29 45 24 43 22 13 25
42 51 42 4 50 34 8
54 9 15 1 46 0 39
30 43 5 43 22 13 22
46 19 46 9 38 57 21
18 47 23 23 46 36 13
14 35 14 34 34 33 19
17 29 24 23 46 36 20
19 11 37 17 29 24 22
10 49 48 37 17 49 32
16 33 47 13 11 18 36
32 18 40 57 12 46 8
13 11 18 18 47 23 36
35 13 30 19 11 37 7
47 19 52 23 46 36 31
34 34 33 0 19 33 15
31 37 3 18 47 23 22
38 41 48 29 45 24 24
56 44 28 29 45 24 4
51 18 49 27 42 48 24
54 9 15 38 41 48 45
7 37 28 9 38 57 29
15 41 19 34 34 33 15
25 18 45 37 17 49 4
18 47 23 9 38 57 35
31 37 3 58 0 57 65
37 17 49 30 43 5 51
10 49 48 53 39 7 42
47 19 52 8 11 46 10
48 25 0 32 18 40 40
44 16 40 20 32 44 16
25 18 45 30 43 5 47
32 18 40 45 1 33 18
32 18 40 54 9 15 26
19 11 37 32 18 40 7
45 1 33 2 2 21 12
21 11 38 3 58 42 47
17 29 24 58 0 57 43
5 31 16 52 28 35 19
35 13 30 43 22 13 19
38 41 48 48 25 0 50
56 44 28 11 18 48 32
22 12 46 26 38 2 51
12 21 25 13 11 18 12
15 41 19 9 38 57 38
42 51 42 57 12 46 39
45 1 33 39 56 46 56
53 39 7 36 30 14 11
38 41 48 33 54 15 35
33 54 15 42 51 42 27
50 19 32 25 18 45 13
34 34 33 52 28 35 6
12 21 25 5 31 16 13
44 16 40 30 43 5 44
38 41 48 28 38 6 42
37 17 49 42 51 42 34
52 28 35 36 30 14 21
2 2 21 50 19 32 20
50 19 32 35 13 30 6
10 49 48 44 16 40 33
46 19 46 57 12 46 7
15 41 19 49 15 54 43
10 49 48 18 47 23 25
3 58 42 24 29 18 37
19 11 37 14 35 14 33
9 38 57 24 29 18 40
49 15 54 39 56 46 41
21 11 38 36 30 14 30
7 37 28 15 41 19 9
25 18 45 31 37 3 46
23 46 36 8 11 46 36
55 11 20 50 19 32 14
15 41 19 47 19 52 39
52 28 35 33 54 15 32
12 21 25 50 19 32 7
28 38 6 11 18 48 46
24 29 18 49 15 54 38
9 38 57 32 18 40 26
24 29 18 28 38 6 15
38 41 48 46 19 46 22
35 13 30 13 11 18 12
52 28 35 45 1 33 27
46 19 46 56 44 28 30
32 18 40 26 38 2 42
58 0 57 46 19 46 21
52 28 35 40 1 33 27
3 58 42 7 37 28 25
32 18 40 17 29 24 19
20 32 44 10 49 48 17
27 42 48 38 41 48 1
0 19 33 26 38 2 36
50 19 32 40 1 33 18
38 41 48 57 12 46 29
30 43 5 27 42 48 43
28 38 6 25 18 45 43
0 19 33 51 18 49 16
46 19 46 33 54 15 46