13 78
1 11 9 4 9 10 2
1 11 9 8 7 2 8
8 7 2 12 10 12 10
2 2 5 10 11 9 9
9 2 8 10 11 9 9
3 8 0 7 5 9 9
6 10 7 7 5 9 5
3 8 0 12 10 12 12
6 10 7 10 11 9 2
6 10 7 8 7 2 5
5 9 5 12 10 12 7
8 7 2 10 11 9 8
12 10 12 10 11 9 3
1 11 9 5 9 5 4
11 0 6 8 7 2 8
6 10 7 12 10 12 5
2 2 5 12 10 12 10
6 10 7 11 0 6 10
1 11 9 10 11 9 0
0 11 11 6 10 7 4
9 2 8 2 2 5 3
9 2 8 6 10 7 8
9 2 8 0 11 11 9
5 9 5 0 11 11 6
4 9 10 9 2 8 7
2 2 5 7 5 9 5
8 7 2 9 2 8 7
9 2 8 1 11 9 9
2 2 5 1 11 9 9
10 11 9 5 9 5 4
11 0 6 7 5 9 5
12 10 12 1 11 9 3
3 8 0 5 9 5 5
7 5 9 1 11 9 6
1 11 9 11 0 6 11
1 11 9 0 11 11 2
11 0 6 9 2 8 2
0 11 11 11 0 6 12
4 9 10 7 5 9 4
5 9 5 8 7 2 3
1 11 9 6 10 7 2
8 7 2 0 11 11 9
12 10 12 0 11 11 1
4 9 10 5 9 5 5
10 11 9 7 5 9 6
10 11 9 3 8 0 9
2 2 5 5 9 5 7
3 8 0 11 0 6 10
8 7 2 4 9 10 8
4 9 10 2 2 5 8
8 7 2 7 5 9 7
12 10 12 9 2 8 8
4 9 10 12 10 12 2
12 10 12 11 0 6 11
4 9 10 0 11 11 2
6 10 7 5 9 5 2
3 8 0 0 11 11 11
4 9 10 3 8 0 10
6 10 7 4 9 10 3
6 10 7 3 8 0 7
2 2 5 3 8 0 7
11 0 6 5 9 5 9
11 0 6 4 9 10 9
7 5 9 0 11 11 6
10 11 9 4 9 10 2
9 2 8 7 5 9 3
2 2 5 6 10 7 8
10 11 9 0 11 11 2
7 5 9 12 10 12 5
8 7 2 2 2 5 5
5 9 5 9 2 8 7
3 8 0 8 7 2 2
3 8 0 9 2 8 10
5 9 5 7 5 9 5
1 11 9 3 8 0 9
11 0 6 10 11 9 11
2 2 5 0 11 11 10
2 2 5 11 0 6 2