23 253
16 9 0 6 6 12 12
18 9 7 10 15 16 10
3 14 12 21 4 17 11
5 9 19 19 11 6 13
11 5 15 21 4 17 2
3 14 12 18 9 7 7
16 9 0 9 12 20 20
17 2 10 3 14 12 12
7 17 0 18 9 7 10
5 9 19 12 15 2 18
10 15 16 1 13 3 13
19 11 6 10 15 16 10
15 20 0 6 6 12 18
20 16 19 17 2 10 16
18 9 7 21 4 17 11
9 12 20 21 4 17 8
11 5 15 14 17 9 13
4 3 16 21 4 17 1
0 21 1 20 16 19 18
14 17 9 17 2 10 15
10 15 16 11 5 15 10
4 3 16 11 5 15 2
14 17 9 0 21 1 8
14 17 9 12 15 2 7
6 6 12 1 13 3 11
15 20 0 1 13 3 7
12 15 2 13 12 8 6
22 12 9 1 13 3 6
21 4 17 1 13 3 16
1 13 3 5 9 19 16
9 12 20 10 15 16 5
5 9 19 2 14 0 19
7 17 0 9 12 20 20
10 15 16 2 14 0 16
20 16 19 6 6 12 12
14 17 9 22 12 9 5
21 4 17 17 2 10 7
11 5 15 6 6 12 3
7 17 0 0 21 1 4
7 17 0 10 15 16 16
14 17 9 7 17 0 9
7 17 0 2 14 0 3
13 12 8 0 21 1 11
2 14 0 22 12 9 9
1 13 3 13 12 8 5
7 17 0 11 5 15 19
20 16 19 15 20 0 19
17 2 10 0 21 1 21
13 12 8 5 9 19 11
0 21 1 18 9 7 13
4 3 16 20 16 19 13
18 9 7 14 17 9 8
8 18 5 13 12 8 6
16 9 0 10 15 16 17
16 9 0 1 13 3 5
12 15 2 7 17 0 2
4 3 16 3 14 12 11
3 14 12 5 9 19 8
2 14 0 4 3 16 19
18 9 7 13 12 8 3
12 15 2 15 20 0 5
17 2 10 12 15 2 15
0 21 1 19 11 6 11
13 12 8 11 5 15 9
15 20 0 17 2 10 20
13 12 8 6 6 12 7
15 20 0 7 17 0 3
13 12 8 10 15 16 8
20 16 19 10 15 16 3
13 12 8 7 17 0 9
11 5 15 1 13 3 14
8 18 5 12 15 2 4
6 6 12 9 12 20 10
22 12 9 9 12 20 11
10 15 16 6 6 12 9
0 21 1 21 4 17 23
15 20 0 13 12 8 11
18 9 7 22 12 9 3
5 9 19 17 2 10 11
19 11 6 6 6 12 7
11 5 15 3 14 12 9
17 2 10 11 5 15 5
13 12 8 21 4 17 12
22 12 9 16 9 0 9
4 3 16 8 18 5 18
20 16 19 13 12 8 11
17 2 10 4 3 16 6
0 21 1 1 13 3 8
14 17 9 5 9 19 12
0 21 1 2 14 0 7
4 3 16 16 9 0 17
2 14 0 11 5 15 17
2 14 0 20 16 19 19
3 14 12 7 17 0 12
13 12 8 16 9 0 8
8 18 5 7 17 0 5
1 13 3 4 3 16 16
16 9 0 7 17 0 8
6 6 12 14 17 9 11
11 5 15 16 9 0 15
22 12 9 12 15 2 7
2 14 0 15 20 0 6
20 16 19 22 12 9 10
5 9 19 15 20 0 21
14 17 9 9 12 20 12
1 13 3 8 18 5 5
20 16 19 5 9 19 7
22 12 9 11 5 15 9
7 17 0 21 4 17 21
22 12 9 0 21 1 12
16 9 0 17 2 10 12
13 12 8 22 12 9 1
18 9 7 9 12 20 13
5 9 19 10 15 16 6
20 16 19 9 12 20 4
20 16 19 14 17 9 10
2 14 0 1 13 3 3
10 15 16 3 14 12 4
16 9 0 0 21 1 12
8 18 5 15 20 0 5
18 9 7 15 20 0 13
21 4 17 5 9 19 5
13 12 8 4 3 16 12
2 14 0 17 2 10 15
21 4 17 8 18 5 18
9 12 20 17 2 10 14
15 20 0 19 11 6 10
14 17 9 19 11 6 6
7 17 0 4 3 16 21
1 13 3 20 16 19 16
16 9 0 20 16 19 20
6 6 12 5 9 19 7
19 11 6 18 9 7 2
1 13 3 9 12 20 17
19 11 6 9 12 20 14
0 21 1 9 12 20 21
9 12 20 11 5 15 8
17 2 10 13 12 8 10
19 11 6 22 12 9 3
7 17 0 22 12 9 10
19 11 6 17 2 10 9
4 3 16 10 15 16 12
0 21 1 4 3 16 23
1 13 3 19 11 6 3
11 5 15 0 21 1 21
2 14 0 19 11 6 6
22 12 9 17 2 10 10
19 11 6 11 5 15 10
12 15 2 2 14 0 2
14 17 9 2 14 0 9
8 18 5 10 15 16 11
8 18 5 18 9 7 9
14 17 9 13 12 8 5
6 6 12 7 17 0 16
15 20 0 14 17 9 9
6 6 12 4 3 16 5
12 15 2 20 16 19 17
10 15 16 17 2 10 14
10 15 16 15 20 0 16
3 14 12 12 15 2 10
7 17 0 17 2 10 18
7 17 0 19 11 6 8
4 3 16 18 9 7 10
20 16 19 3 14 12 7
8 18 5 20 16 19 14
19 11 6 4 3 16 12
14 17 9 16 9 0 12
6 6 12 8 18 5 13
1 13 3 7 17 0 5
2 14 0 13 12 8 8
15 20 0 21 4 17 23
21 4 17 6 6 12 5
4 3 16 9 12 20 9
17 2 10 6 6 12 4
5 9 19 9 12 20 3
18 9 7 2 14 0 8
12 15 2 0 21 1 6
9 12 20 8 18 5 16
21 4 17 20 16 19 12
21 4 17 10 15 16 11
2 14 0 3 14 12 12
17 2 10 1 13 3 13
13 12 8 3 14 12 4
11 5 15 15 20 0 21
16 9 0 15 20 0 11
0 21 1 5 9 19 21
22 12 9 4 3 16 11
9 12 20 12 15 2 18
14 17 9 8 18 5 4
0 21 1 15 20 0 1
19 11 6 16 9 0 6
8 18 5 0 21 1 5
14 17 9 21 4 17 15
4 3 16 14 17 9 15
19 11 6 20 16 19 13
14 17 9 1 13 3 7
9 12 20 15 20 0 21
6 6 12 22 12 9 6
3 14 12 1 13 3 9
14 17 9 10 15 16 7
5 9 19 11 5 15 5
15 20 0 3 14 12 13
19 11 6 21 4 17 13
11 5 15 18 9 7 8
4 3 16 12 15 2 18
0 21 1 6 6 12 18
12 15 2 11 5 15 16
2 14 0 9 12 20 20
16 9 0 2 14 0 5
12 15 2 18 9 7 7
4 3 16 5 9 19 6
19 11 6 3 14 12 6
17 2 10 8 18 5 16
13 12 8 19 11 6 2
6 6 12 3 14 12 8
1 13 3 12 15 2 2
0 21 1 10 15 16 16
8 18 5 3 14 12 8
12 15 2 10 15 16 14
12 15 2 6 6 12 13
18 9 7 17 2 10 7
3 14 12 14 17 9 4
20 16 19 7 17 0 19
16 9 0 8 18 5 10
12 15 2 21 4 17 18
2 14 0 8 18 5 6
18 9 7 5 9 19 12
11 5 15 20 16 19 11
16 9 0 3 14 12 13
9 12 20 13 12 8 12
6 6 12 2 14 0 14
21 4 17 16 9 0 17
3 14 12 9 12 20 8
4 3 16 15 20 0 23
5 9 19 16 9 0 19
22 12 9 3 14 12 3
16 9 0 12 15 2 6
8 18 5 19 11 6 7
22 12 9 15 20 0 12
22 12 9 8 18 5 7
11 5 15 8 18 5 16
18 9 7 1 13 3 5
6 6 12 18 9 7 5
22 12 9 5 9 19 10
5 9 19 8 18 5 16
22 12 9 10 15 16 7
19 11 6 12 15 2 5
21 4 17 2 14 0 19
21 4 17 22 12 9 11
16 9 0 18 9 7 7
20 16 19 18 9 7 13
5 9 19 7 17 0 20
0 21 1 3 14 12 13