58 1653
1 5 56 6 3 5 51
48 6 27 45 10 5 22
9 47 51 36 26 44 22
1 5 56 26 33 1 61
6 3 5 8 51 51 66
1 5 56 43 40 18 51
56 39 53 9 47 51 8
3 36 6 14 37 23 17
1 5 56 5 5 1 55
35 17 27 40 22 42 15
12 30 32 57 19 36 11
25 16 54 22 34 44 20
6 3 5 46 47 42 57
32 54 28 7 45 27 9
52 32 8 15 15 56 50
55 31 9 37 6 1 26
29 2 25 8 51 51 55
31 7 12 6 3 5 8
29 2 25 3 36 6 38
37 6 1 5 5 1 1
14 37 23 49 53 40 23
14 37 23 43 40 18 5
29 2 25 26 33 1 39
38 18 12 50 47 21 30
36 26 44 40 22 42 4
38 18 12 35 17 27 15
8 51 51 55 31 9 46
14 37 23 20 43 0 23
9 47 51 50 47 21 30
57 19 36 28 53 56 39
33 17 45 41 35 28 24
16 38 32 12 30 32 8
39 54 55 40 22 42 34
0 57 57 3 36 6 55
27 57 32 42 44 10 25
50 47 21 47 48 57 36
14 37 23 48 6 27 31
39 54 55 44 18 7 60
54 14 35 9 47 51 36
13 16 26 8 51 51 43
43 40 18 31 7 12 33
5 5 1 32 54 28 55
17 8 43 21 3 13 30
0 57 57 12 30 32 36
45 10 5 10 57 27 51
50 47 21 7 45 27 6
24 0 0 16 38 32 49
8 51 51 53 36 15 39
33 17 45 48 6 27 21
14 37 23 50 47 21 10
39 54 55 38 18 12 56
45 10 5 24 0 0 11
26 33 1 0 57 57 60
29 2 25 49 53 40 53
32 54 28 47 48 57 29
30 20 17 4 2 33 24
41 35 28 23 1 26 34
13 16 26 28 53 56 47
50 47 21 25 16 54 45
53 36 15 24 0 0 39
14 37 23 28 53 56 36
11 9 54 32 54 28 51
31 7 12 25 16 54 42
36 26 44 43 40 18 29
47 48 57 55 31 9 50
14 37 23 35 17 27 20
54 14 35 4 2 33 12
10 57 27 3 36 6 29
56 39 53 34 14 51 25
25 16 54 38 18 12 42
40 22 42 22 34 44 12
12 30 32 26 33 1 31
25 16 54 15 15 56 2
45 10 5 1 5 56 51
44 18 7 5 5 1 14
25 16 54 24 0 0 56
57 19 36 33 17 45 9
2 32 28 44 18 7 25
27 57 32 16 38 32 19
49 53 40 47 48 57 17
31 7 12 24 0 0 13
36 26 44 16 38 32 16
38 18 12 57 19 36 24
26 33 1 53 36 15 14
15 15 56 41 35 28 34
38 18 12 8 51 51 51
20 43 0 35 17 27 37
4 2 33 11 9 54 22
4 2 33 26 33 1 44
18 29 45 4 2 33 29
10 57 27 33 17 45 43
57 19 36 55 31 9 29
37 6 1 57 19 36 37
26 33 1 37 6 1 27
16 38 32 11 9 54 36
28 53 56 42 44 10 46
37 6 1 0 57 57 75
41 35 28 8 51 51 28
7 45 27 13 16 26 29
47 48 57 3 36 6 52
23 1 26 33 17 45 24
50 47 21 44 18 7 32
56 39 53 44 18 7 50
33 17 45 36 26 44 9
44 18 7 32 54 28 41
40 22 42 56 39 53 20
22 34 44 8 51 51 18
26 33 1 46 47 42 43
16 38 32 5 5 1 45
34 14 51 41 35 28 31
30 20 17 19 2 0 24
44 18 7 4 2 33 30
2 32 28 40 22 42 17
12 30 32 1 5 56 34
9 47 51 24 0 0 69
0 57 57 39 54 55 3
53 36 15 28 53 56 44
41 35 28 44 18 7 27
56 39 53 46 47 42 13
29 2 25 0 57 57 63
35 17 27 36 26 44 19
5 5 1 49 53 40 61
14 37 23 31 7 12 31
8 51 51 52 32 8 47
1 5 56 40 22 42 22
33 17 45 27 57 32 42
12 30 32 27 57 32 27
42 44 10 3 36 6 8
23 1 26 49 53 40 53
53 36 15 41 35 28 13
8 51 51 30 20 17 46
11 9 54 0 57 57 48
43 40 18 24 0 0 43
32 54 28 28 53 56 28
32 54 28 42 44 10 20
8 51 51 44 18 7 55
52 32 8 24 0 0 32
42 44 10 4 2 33 47
19 2 0 49 53 40 64
21 3 13 24 0 0 13
12 30 32 23 1 26 29
56 39 53 30 20 17 40
6 3 5 42 44 10 41
27 57 32 15 15 56 48
38 18 12 5 5 1 17
48 6 27 3 36 6 36
49 53 40 41 35 28 21
19 2 0 37 6 1 4
23 1 26 3 36 6 40
15 15 56 49 53 40 41
52 32 8 4 2 33 39
43 40 18 8 51 51 34
26 33 1 16 38 32 31
26 33 1 56 39 53 52
12 30 32 24 0 0 43
48 6 27 20 43 0 45
5 5 1 55 31 9 27
21 3 13 25 16 54 43
18 29 45 10 57 27 33
27 57 32 35 17 27 40
35 17 27 41 35 28 18
57 19 36 41 35 28 17
1 5 56 21 3 13 43
43 40 18 17 8 43 40
21 3 13 48 6 27 14
45 10 5 38 18 12 10
47 48 57 51 32 56 16
47 48 57 27 57 32 26
37 6 1 43 40 18 38
1 5 56 38 18 12 45
16 38 32 23 1 26 37
19 2 0 6 3 5 5
9 47 51 47 48 57 6
12 30 32 13 16 26 15
1 5 56 49 53 40 50
11 9 54 15 15 56 6
44 18 7 22 34 44 40
49 53 40 9 47 51 12
8 51 51 7 45 27 24
26 33 1 42 44 10 14
24 0 0 23 1 26 26
23 1 26 44 18 7 25
21 3 13 6 3 5 8
45 10 5 16 38 32 38
55 31 9 21 3 13 28
37 6 1 10 57 27 57
45 10 5 26 33 1 23
52 32 8 3 36 6 4
56 39 53 55 31 9 44
29 2 25 5 5 1 24
25 16 54 26 33 1 55
52 32 8 27 57 32 34
53 36 15 35 17 27 22
8 51 51 18 29 45 22
35 17 27 12 30 32 13
22 34 44 51 32 56 12
29 2 25 4 2 33 8
28 53 56 40 22 42 34
57 19 36 14 37 23 22
30 20 17 44 18 7 10
48 6 27 36 26 44 26
53 36 15 5 5 1 34
10 57 27 7 45 27 12
46 47 42 8 51 51 9
19 2 0 57 19 36 39
9 47 51 23 1 26 52
0 57 57 7 45 27 32
32 54 28 23 1 26 53
27 57 32 22 34 44 25
49 53 40 43 40 18 25
30 20 17 17 8 43 28
52 32 8 19 2 0 31
7 45 27 56 39 53 26
5 5 1 42 44 10 40
55 31 9 19 2 0 30
57 19 36 1 5 56 24
42 44 10 37 6 1 39
7 45 27 47 48 57 30
48 6 27 39 54 55 55
48 6 27 6 3 5 22
53 36 15 54 14 35 29
57 19 36 13 16 26 10
25 16 54 55 31 9 47
49 53 40 20 43 0 41
56 39 53 38 18 12 46
55 31 9 53 36 15 7
34 14 51 21 3 13 39
2 32 28 27 57 32 25
27 57 32 41 35 28 22
37 6 1 33 17 45 45
33 17 45 22 34 44 17
34 14 51 38 18 12 39
45 10 5 53 36 15 27
48 6 27 28 53 56 55
11 9 54 22 34 44 26
13 16 26 0 57 57 51
52 32 8 31 7 12 25
40 22 42 24 0 0 47
34 14 51 36 26 44 13
28 53 56 7 45 27 30
44 18 7 36 26 44 37
19 2 0 16 38 32 48
47 48 57 38 18 12 54
32 54 28 54 14 35 40
11 9 54 6 3 5 49
9 47 51 57 19 36 31
24 0 0 34 14 51 52
25 16 54 4 2 33 25
3 36 6 16 38 32 26
1 5 56 18 29 45 26
33 17 45 35 17 27 18
25 16 54 10 57 27 49
0 57 57 14 37 23 39
21 3 13 18 29 45 41
4 2 33 50 47 21 46
23 1 26 20 43 0 49
57 19 36 36 26 44 10
34 14 51 31 7 12 39
23 1 26 0 57 57 64
43 40 18 16 38 32 14
56 39 53 0 57 57 18
35 17 27 47 48 57 43
54 14 35 39 54 55 44
50 47 21 35 17 27 30
19 2 0 43 40 18 42
2 32 28 9 47 51 27
13 16 26 55 31 9 22
31 7 12 39 54 55 63
31 7 12 7 45 27 40
22 34 44 35 17 27 24
36 26 44 13 16 26 20
26 33 1 17 8 43 48
17 8 43 2 32 28 28
15 15 56 26 33 1 57
13 16 26 2 32 28 16
2 32 28 45 10 5 31
47 48 57 4 2 33 51
31 7 12 20 43 0 37
48 6 27 31 7 12 15
40 22 42 7 45 27 27
43 40 18 57 19 36 27
17 8 43 51 32 56 27
6 3 5 49 53 40 61
3 36 6 2 32 28 22
6 3 5 27 57 32 60
33 17 45 39 54 55 38
15 15 56 44 18 7 49
2 32 28 5 5 1 38
45 10 5 40 22 42 38
54 14 35 8 51 51 40
30 20 17 54 14 35 18
31 7 12 37 6 1 11
5 5 1 19 2 0 3
9 47 51 12 30 32 25
32 54 28 17 8 43 48
18 29 45 42 44 10 38
0 57 57 48 6 27 59
51 32 56 14 37 23 33
49 53 40 11 9 54 46
14 37 23 18 29 45 23
4 2 33 55 31 9 37
37 6 1 9 47 51 64
16 38 32 33 17 45 24
43 40 18 28 53 56 40
35 17 27 18 29 45 21
25 16 54 0 57 57 41
25 16 54 14 37 23 37
40 22 42 12 30 32 12
39 54 55 47 48 57 6
13 16 26 54 14 35 9
27 57 32 38 18 12 43
42 44 10 57 19 36 36
38 18 12 9 47 51 48
6 3 5 47 48 57 68
34 14 51 8 51 51 37
17 8 43 29 2 25 18
6 3 5 34 14 51 47
40 22 42 26 33 1 42
3 36 6 9 47 51 46
51 32 56 26 33 1 55
45 10 5 12 30 32 33
35 17 27 55 31 9 22
23 1 26 46 47 42 48
23 1 26 54 14 35 15
9 47 51 51 32 56 15
34 14 51 27 57 32 47
41 35 28 51 32 56 28
57 19 36 50 47 21 31
30 20 17 43 40 18 20
47 48 57 26 33 1 57
36 26 44 22 34 44 8
22 34 44 43 40 18 26
11 9 54 55 31 9 50
37 6 1 20 43 0 37
44 18 7 21 3 13 16
24 0 0 46 47 42 63
55 31 9 22 34 44 35
37 6 1 32 54 28 55
19 2 0 13 16 26 29
21 3 13 51 32 56 51
20 43 0 47 48 57 57
37 6 1 24 0 0 6
48 6 27 52 32 8 32
35 17 27 10 57 27 40
46 47 42 22 34 44 13
35 17 27 24 0 0 31
18 29 45 3 36 6 39
32 54 28 43 40 18 17
45 10 5 15 15 56 51
17 8 43 13 16 26 18
34 14 51 39 54 55 40
5 5 1 40 22 42 44
8 51 51 50 47 21 30
29 2 25 41 35 28 33
21 3 13 2 32 28 32
4 2 33 32 54 28 52
19 2 0 17 8 43 43
16 38 32 28 53 56 28
15 15 56 39 54 55 39
14 37 23 42 44 10 14
31 7 12 56 39 53 52
20 43 0 41 35 28 29
53 36 15 4 2 33 38
10 57 27 8 51 51 24
6 3 5 38 18 12 16
48 6 27 55 31 9 30
46 47 42 5 5 1 58
3 36 6 26 33 1 5
7 45 27 52 32 8 23
49 53 40 44 18 7 48
21 3 13 49 53 40 56
1 5 56 15 15 56 10
52 32 8 44 18 7 14
5 5 1 10 57 27 58
48 6 27 26 33 1 37
56 39 53 17 8 43 32
46 47 42 18 29 45 18
17 8 43 42 44 10 48
27 57 32 18 29 45 30
25 16 54 5 5 1 54
36 26 44 24 0 0 51
21 3 13 36 26 44 38
40 22 42 25 16 54 13
36 26 44 1 5 56 24
50 47 21 11 9 54 50
37 6 1 38 18 12 16
17 8 43 55 31 9 41
5 5 1 13 16 26 27
53 36 15 15 15 56 46
48 6 27 9 47 51 47
15 15 56 5 5 1 55
37 6 1 39 54 55 72
28 53 56 31 7 12 63
1 5 56 24 0 0 56
5 5 1 17 8 43 42
40 22 42 31 7 12 33
34 14 51 52 32 8 46
31 7 12 23 1 26 15
16 38 32 14 37 23 9
37 6 1 48 6 27 26
54 14 35 7 45 27 32
15 15 56 48 6 27 30
6 3 5 37 6 1 5
22 34 44 15 15 56 22
40 22 42 9 47 51 26
1 5 56 29 2 25 31
21 3 13 15 15 56 44
6 3 5 20 43 0 40
53 36 15 31 7 12 29
0 57 57 15 15 56 42
52 32 8 30 20 17 15
43 40 18 48 6 27 35
2 32 28 51 32 56 28
5 5 1 11 9 54 53
1 5 56 53 36 15 51
8 51 51 11 9 54 42
20 43 0 3 36 6 9
1 5 56 3 36 6 58
38 18 12 30 20 17 5
42 44 10 46 47 42 32
49 53 40 24 0 0 66
29 2 25 36 26 44 30
12 30 32 36 26 44 12
2 32 28 46 47 42 20
46 47 42 43 40 18 25
19 2 0 45 10 5 9
24 0 0 7 45 27 52
35 17 27 15 15 56 29
24 0 0 10 57 27 63
19 2 0 32 54 28 59
27 57 32 39 54 55 23
57 19 36 32 54 28 35
41 35 28 32 54 28 19
41 35 28 22 34 44 16
19 2 0 46 47 42 61
41 35 28 43 40 18 11
13 16 26 39 54 55 47
27 57 32 0 57 57 25
34 14 51 46 47 42 34
20 43 0 43 40 18 18
16 38 32 18 29 45 15
32 54 28 40 22 42 34
28 53 56 38 18 12 56
7 45 27 11 9 54 45
0 57 57 16 38 32 31
25 16 54 49 53 40 39
29 2 25 24 0 0 25
24 0 0 47 48 57 74
5 5 1 54 14 35 35
51 32 56 52 32 8 48
19 2 0 0 57 57 79
24 0 0 42 44 10 45
9 47 51 45 10 5 59
45 10 5 34 14 51 46
31 7 12 13 16 26 16
11 9 54 10 57 27 55
29 2 25 40 22 42 26
48 6 27 16 38 32 32
13 16 26 47 48 57 44
53 36 15 2 32 28 13
16 38 32 38 18 12 28
30 20 17 33 17 45 28
3 36 6 36 26 44 39
51 32 56 32 54 28 35
40 22 42 50 47 21 32
32 54 28 29 2 25 52
2 32 28 29 2 25 30
39 54 55 20 43 0 56
44 18 7 48 6 27 23
31 7 12 8 51 51 58
2 32 28 6 3 5 37
5 5 1 57 19 36 37
38 18 12 31 7 12 11
48 6 27 18 29 45 29
41 35 28 39 54 55 33
54 14 35 47 48 57 40
39 54 55 35 17 27 46
2 32 28 54 14 35 19
53 36 15 44 18 7 19
19 2 0 14 37 23 41
10 57 27 46 47 42 18
8 51 51 26 33 1 53
22 34 44 49 53 40 19
10 57 27 39 54 55 28
35 17 27 26 33 1 30
5 5 1 21 3 13 12
39 54 55 49 53 40 15
12 30 32 52 32 8 24
51 32 56 20 43 0 57
41 35 28 30 20 17 18
21 3 13 45 10 5 10
7 45 27 23 1 26 44
16 38 32 39 54 55 28
43 40 18 35 17 27 24
1 5 56 32 54 28 56
42 44 10 36 26 44 38
30 20 17 48 6 27 17
39 54 55 28 53 56 1
48 6 27 32 54 28 48
10 57 27 16 38 32 19
9 47 51 11 9 54 38
34 14 51 42 44 10 50
26 33 1 20 43 0 10
55 31 9 15 15 56 49
21 3 13 32 54 28 53
17 8 43 25 16 54 13
25 16 54 33 17 45 9
46 47 42 31 7 12 50
54 14 35 44 18 7 28
45 10 5 31 7 12 7
20 43 0 8 51 51 51
6 3 5 55 31 9 28
41 35 28 25 16 54 32
54 14 35 18 29 45 18
53 36 15 38 18 12 18
27 57 32 5 5 1 60
35 17 27 29 2 25 15
0 57 57 46 47 42 18
10 57 27 49 53 40 13
55 31 9 46 47 42 36
25 16 54 39 54 55 38
22 34 44 3 36 6 38
6 3 5 22 34 44 49
50 47 21 17 8 43 44
29 2 25 23 1 26 1
37 6 1 15 15 56 55
17 8 43 37 6 1 42
19 2 0 15 15 56 57
19 2 0 53 36 15 37
22 34 44 4 2 33 33
26 33 1 57 19 36 37
47 48 57 40 22 42 30
42 44 10 8 51 51 41
27 57 32 49 53 40 8
42 44 10 40 22 42 38
44 18 7 43 40 18 24
1 5 56 33 17 45 16
27 57 32 26 33 1 39
44 18 7 20 43 0 25
9 47 51 7 45 27 24
50 47 21 55 31 9 20
42 44 10 53 36 15 9
40 22 42 51 32 56 17
56 39 53 48 6 27 42
45 10 5 13 16 26 21
22 34 44 30 20 17 30
45 10 5 11 9 54 49
44 18 7 31 7 12 12
36 26 44 37 6 1 47
29 2 25 14 37 23 35
36 26 44 45 10 5 42
6 3 5 40 22 42 41
52 32 8 16 38 32 24
30 20 17 12 30 32 18
18 29 45 34 14 51 16
30 20 17 1 5 56 41
22 34 44 21 3 13 43
19 2 0 9 47 51 68
18 29 45 36 26 44 3
35 17 27 23 1 26 16
5 5 1 7 45 27 47
24 0 0 18 29 45 53
42 44 10 47 48 57 47
45 10 5 37 6 1 5
20 43 0 11 9 54 63
46 47 42 38 18 12 41
20 43 0 55 31 9 15
25 16 54 19 2 0 55
12 30 32 2 32 28 4
11 9 54 41 35 28 36
41 35 28 13 16 26 19
45 10 5 51 32 56 55
26 33 1 39 54 55 57
12 30 32 41 35 28 6
52 32 8 40 22 42 35
17 8 43 35 17 27 18
36 26 44 47 48 57 25
37 6 1 13 16 26 26
25 16 54 7 45 27 39
0 57 57 51 32 56 25
54 14 35 55 31 9 31
20 43 0 16 38 32 32
53 36 15 34 14 51 42
13 16 26 34 14 51 25
17 8 43 14 37 23 35
57 19 36 39 54 55 39
23 1 26 51 32 56 43
44 18 7 47 48 57 58
21 3 13 52 32 8 29
43 40 18 38 18 12 22
39 54 55 53 36 15 43
22 34 44 56 39 53 10
16 38 32 2 32 28 7
29 2 25 42 44 10 44
48 6 27 51 32 56 38
19 2 0 28 53 56 75
21 3 13 27 57 32 57
1 5 56 0 57 57 52
23 1 26 21 3 13 13
37 6 1 35 17 27 28
10 57 27 52 32 8 31
9 47 51 8 51 51 4
51 32 56 38 18 12 46
13 16 26 18 29 45 23
34 14 51 28 53 56 39
31 7 12 1 5 56 44
39 54 55 23 1 26 60
6 3 5 9 47 51 63
0 57 57 4 2 33 60
10 57 27 13 16 26 41
30 20 17 13 16 26 9
54 14 35 52 32 8 32
48 6 27 53 36 15 32
45 10 5 43 40 18 32
18 29 45 28 53 56 26
51 32 56 29 2 25 43
37 6 1 41 35 28 39
7 45 27 21 3 13 44
15 15 56 12 30 32 28
49 53 40 28 53 56 16
29 2 25 6 3 5 20
0 57 57 42 44 10 48
24 0 0 55 31 9 32
56 39 53 52 32 8 45
47 48 57 19 2 0 73
54 14 35 56 39 53 30
7 45 27 4 2 33 43
3 36 6 17 8 43 46
3 36 6 44 18 7 18
37 6 1 14 37 23 38
24 0 0 0 57 57 80
42 44 10 35 17 27 31
2 32 28 56 39 53 25
54 14 35 34 14 51 16
7 45 27 39 54 55 29
18 29 45 32 54 28 30
24 0 0 28 53 56 77
50 47 21 6 3 5 46
11 9 54 23 1 26 29
48 6 27 29 2 25 4
30 20 17 27 57 32 39
49 53 40 36 26 44 27
3 36 6 50 47 21 18
56 39 53 19 2 0 64
43 40 18 18 29 45 29
20 43 0 52 32 8 13
33 17 45 2 32 28 22
54 14 35 45 10 5 30
4 2 33 19 2 0 33
16 38 32 9 47 51 21
2 32 28 35 17 27 15
26 33 1 50 47 21 24
41 35 28 14 37 23 5
50 47 21 34 14 51 44
19 2 0 35 17 27 30
7 45 27 27 57 32 13
10 57 27 0 57 57 30
51 32 56 34 14 51 18
44 18 7 46 47 42 45
34 14 51 2 32 28 29
24 0 0 17 8 43 43
49 53 40 34 14 51 40
49 53 40 42 44 10 31
57 19 36 44 18 7 29
11 9 54 46 47 42 39
23 1 26 45 10 5 22
4 2 33 27 57 32 55
18 29 45 33 17 45 12
30 20 17 39 54 55 50
37 6 1 53 36 15 33
3 36 6 57 19 36 34
34 14 51 23 1 26 28
40 22 42 0 57 57 38
29 2 25 47 48 57 56
40 22 42 20 43 0 46
54 14 35 46 47 42 33
5 5 1 26 33 1 28
10 57 27 9 47 51 26
42 44 10 25 16 54 52
4 2 33 13 16 26 15
44 18 7 25 16 54 47
36 26 44 30 20 17 27
14 37 23 26 33 1 22
54 14 35 27 57 32 43
57 19 36 35 17 27 9
46 47 42 16 38 32 13
0 57 57 35 17 27 50
47 48 57 56 39 53 9
17 8 43 10 57 27 51
35 17 27 7 45 27 28
15 15 56 23 1 26 33
34 14 51 44 18 7 44
17 8 43 20 43 0 55
36 26 44 50 47 21 31
6 3 5 43 40 18 39
55 31 9 14 37 23 15
14 37 23 30 20 17 18
29 2 25 31 7 12 13
51 32 56 6 3 5 58
38 18 12 41 35 28 23
22 34 44 57 19 36 17
34 14 51 29 2 25 28
7 45 27 1 5 56 49
15 15 56 34 14 51 5
33 17 45 46 47 42 30
33 17 45 17 8 43 9
21 3 13 42 44 10 41
32 54 28 46 47 42 15
18 29 45 15 15 56 17
39 54 55 14 37 23 36
8 51 51 12 30 32 28
38 18 12 52 32 8 14
46 47 42 48 6 27 43
46 47 42 45 10 5 52
9 47 51 31 7 12 55
33 17 45 43 40 18 35
3 36 6 53 36 15 9
46 47 42 3 36 6 37
26 33 1 21 3 13 32
38 18 12 18 29 45 34
51 32 56 53 36 15 41
45 10 5 50 47 21 40
52 32 8 45 10 5 22
14 37 23 22 34 44 21
43 40 18 54 14 35 31
46 47 42 37 6 1 57
40 22 42 21 3 13 34
24 0 0 41 35 28 44
33 17 45 42 44 10 44
45 10 5 20 43 0 33
16 38 32 21 3 13 39
2 32 28 23 1 26 31
43 40 18 0 57 57 42
0 57 57 45 10 5 70
31 7 12 4 2 33 21
57 19 36 24 0 0 40
44 18 7 38 18 12 5
15 15 56 32 54 28 48
52 32 8 42 44 10 12
51 32 56 1 5 56 27
29 2 25 45 10 5 21
54 14 35 49 53 40 39
10 57 27 47 48 57 31
3 36 6 27 57 32 33
11 9 54 2 32 28 34
1 5 56 14 37 23 45
53 36 15 12 30 32 18
22 34 44 20 43 0 44
49 53 40 8 51 51 11
55 31 9 49 53 40 38
19 2 0 26 33 1 31
12 30 32 31 7 12 30
7 45 27 19 2 0 50
31 7 12 27 57 32 53
49 53 40 3 36 6 38
12 30 32 22 34 44 12
55 31 9 34 14 51 45
49 53 40 37 6 1 61
13 16 26 32 54 28 38
43 40 18 52 32 8 12
13 16 26 38 18 12 14
45 10 5 57 19 36 32
19 2 0 29 2 25 25
37 6 1 4 2 33 32
26 33 1 7 45 27 28
36 26 44 38 18 12 32
2 32 28 32 54 28 22
48 6 27 19 2 0 27
18 29 45 20 43 0 47
3 36 6 31 7 12 29
2 32 28 36 26 44 17
42 44 10 31 7 12 37
20 43 0 54 14 35 45
5 5 1 30 20 17 21
28 53 56 50 47 21 35
6 3 5 36 26 44 45
43 40 18 47 48 57 39
24 0 0 2 32 28 42
35 17 27 30 20 17 10
0 57 57 20 43 0 58
33 17 45 34 14 51 6
57 19 36 31 7 12 26
39 54 55 17 8 43 47
56 39 53 13 16 26 35
56 39 53 50 47 21 32
22 34 44 54 14 35 21
9 47 51 28 53 56 7
7 45 27 42 44 10 17
34 14 51 19 2 0 52
46 47 42 4 2 33 45
11 9 54 29 2 25 29
35 17 27 13 16 26 1
57 19 36 53 36 15 27
55 31 9 40 22 42 34
5 5 1 18 29 45 50
48 6 27 47 48 57 51
26 33 1 54 14 35 38
42 44 10 2 32 28 21
34 14 51 3 36 6 50
44 18 7 7 45 27 33
48 6 27 50 47 21 41
57 19 36 47 48 57 35
3 36 6 5 5 1 31
37 6 1 21 3 13 12
38 18 12 0 57 57 59
19 2 0 10 57 27 61
39 54 55 18 29 45 26
51 32 56 15 15 56 17
8 51 51 40 22 42 30
12 30 32 17 8 43 24
16 38 32 50 47 21 14
8 51 51 39 54 55 5
17 8 43 6 3 5 38
34 14 51 4 2 33 21
29 2 25 57 19 36 20
57 19 36 20 43 0 43
47 48 57 25 16 54 32
13 16 26 22 34 44 25
6 3 5 23 1 26 21
1 5 56 20 43 0 67
57 19 36 15 15 56 20
4 2 33 39 54 55 56
46 47 42 52 32 8 37
6 3 5 54 14 35 31
21 3 13 14 37 23 35
50 47 21 37 6 1 45
36 26 44 55 31 9 35
53 36 15 9 47 51 37
56 39 53 23 1 26 46
34 14 51 1 5 56 10
30 20 17 51 32 56 40
17 8 43 22 34 44 26
41 35 28 54 14 35 22
36 26 44 11 9 54 19
36 26 44 53 36 15 30
26 33 1 33 17 45 46
14 37 23 4 2 33 36
36 26 44 19 2 0 50
36 26 44 51 32 56 13
25 16 54 32 54 28 46
20 43 0 32 54 28 30
10 57 27 1 5 56 59
31 7 12 35 17 27 18
12 30 32 56 39 53 22
41 35 28 16 38 32 5
39 54 55 5 5 1 72
9 47 51 4 2 33 48
38 18 12 40 22 42 30
53 36 15 0 57 57 46
34 14 51 5 5 1 50
55 31 9 1 5 56 53
29 2 25 56 39 53 46
48 6 27 4 2 33 7
34 14 51 9 47 51 33
57 19 36 10 57 27 39
9 47 51 15 15 56 32
57 19 36 11 9 54 20
1 5 56 25 16 54 11
20 43 0 34 14 51 58
43 40 18 3 36 6 12
19 2 0 40 22 42 46
16 38 32 47 48 57 26
41 35 28 18 29 45 18
23 1 26 52 32 8 35
34 14 51 11 9 54 5
19 2 0 8 51 51 70
8 51 51 4 2 33 52
52 32 8 28 53 56 52
39 54 55 29 2 25 60
20 43 0 29 2 25 48
18 29 45 49 53 40 24
41 35 28 21 3 13 35
48 6 27 2 32 28 26
46 47 42 30 20 17 36
16 38 32 29 2 25 36
4 2 33 24 0 0 33
0 57 57 50 47 21 37
48 6 27 27 57 32 51
36 26 44 14 37 23 23
19 2 0 11 9 54 54
47 48 57 53 36 15 43
16 38 32 8 51 51 23
20 43 0 9 47 51 51
28 53 56 29 2 25 59
50 47 21 22 34 44 26
4 2 33 10 57 27 55
5 5 1 4 2 33 32
31 7 12 47 48 57 60
17 8 43 28 53 56 46
32 54 28 16 38 32 16
11 9 54 48 6 27 27
20 43 0 42 44 10 10
5 5 1 50 47 21 46
5 5 1 22 34 44 51
46 47 42 20 43 0 42
16 38 32 55 31 9 24
48 6 27 22 34 44 32
1 5 56 56 39 53 34
13 16 26 24 0 0 30
16 38 32 17 8 43 31
20 43 0 15 15 56 62
24 0 0 50 47 21 51
7 45 27 20 43 0 27
0 57 57 28 53 56 4
40 22 42 15 15 56 15
25 16 54 30 20 17 37
49 53 40 46 47 42 6
33 17 45 8 51 51 34
21 3 13 38 18 12 15
4 2 33 23 1 26 7
8 51 51 51 32 56 19
0 57 57 31 7 12 67
50 47 21 21 3 13 44
14 37 23 24 0 0 43
13 16 26 51 32 56 34
5 5 1 48 6 27 26
26 33 1 30 20 17 20
56 39 53 35 17 27 34
41 35 28 3 36 6 22
36 26 44 52 32 8 36
41 35 28 6 3 5 39
35 17 27 32 54 28 37
11 9 54 53 36 15 47
18 29 45 12 30 32 13
2 32 28 4 2 33 30
53 36 15 56 39 53 38
18 29 45 29 2 25 33
6 3 5 7 45 27 47
51 32 56 42 44 10 47
25 16 54 48 6 27 28
1 5 56 37 6 1 55
8 51 51 32 54 28 23
28 53 56 12 30 32 33
42 44 10 1 5 56 60
11 9 54 25 16 54 7
27 57 32 44 18 7 46
24 0 0 22 34 44 55
23 1 26 18 29 45 33
4 2 33 20 43 0 52
7 45 27 22 34 44 20
54 14 35 36 26 44 15
47 48 57 8 51 51 6
56 39 53 3 36 6 47
39 54 55 50 47 21 34
33 17 45 44 18 7 38
52 32 8 37 6 1 26
36 26 44 10 57 27 35
15 15 56 17 8 43 14
39 54 55 11 9 54 45
45 10 5 5 5 1 6
18 29 45 2 32 28 17
30 20 17 47 48 57 48
2 32 28 14 37 23 7
39 54 55 45 10 5 66
8 51 51 15 15 56 36
39 54 55 9 47 51 8
24 0 0 15 15 56 57
22 34 44 26 33 1 43
29 2 25 12 30 32 28
10 57 27 42 44 10 21
50 47 21 46 47 42 21
39 54 55 46 47 42 14
35 17 27 4 2 33 16
17 8 43 44 18 7 37
4 2 33 28 53 56 55
37 6 1 16 38 32 44
2 32 28 26 33 1 27
37 6 1 2 32 28 37
24 0 0 3 36 6 36
29 2 25 38 18 12 20
16 38 32 6 3 5 44
31 7 12 22 34 44 41
28 53 56 30 20 17 51
48 6 27 24 0 0 27
0 57 57 18 29 45 30
1 5 56 47 48 57 43
17 8 43 57 19 36 13
4 2 33 38 18 12 26
27 57 32 43 40 18 22
15 15 56 43 40 18 45
51 32 56 44 18 7 50
52 32 8 49 53 40 38
32 54 28 50 47 21 9
19 2 0 22 34 44 54
35 17 27 52 32 8 24
38 18 12 32 54 28 39
32 54 28 53 36 15 22
10 57 27 51 32 56 38
16 38 32 56 39 53 21
51 32 56 54 14 35 27
53 36 15 6 3 5 34
43 40 18 23 1 26 39
18 29 45 11 9 54 21
54 14 35 31 7 12 24
45 10 5 56 39 53 56
13 16 26 9 47 51 39
42 44 10 43 40 18 8
50 47 21 2 32 28 16
52 32 8 2 32 28 20
5 5 1 20 43 0 38
36 26 44 31 7 12 37
27 57 32 13 16 26 41
32 54 28 56 39 53 29
26 33 1 11 9 54 58
38 18 12 48 6 27 19
12 30 32 33 17 45 18
38 18 12 2 32 28 21
27 57 32 23 1 26 56
45 10 5 28 53 56 66
13 16 26 15 15 56 30
5 5 1 47 48 57 70
29 2 25 30 20 17 19
33 17 45 6 3 5 42
51 32 56 12 30 32 24
55 31 9 30 20 17 13
4 2 33 6 3 5 28
40 22 42 49 53 40 31
4 2 33 57 19 36 17
52 32 8 47 48 57 51
27 57 32 1 5 56 57
10 57 27 2 32 28 25
47 48 57 21 3 13 62
24 0 0 27 57 32 65
35 17 27 34 14 51 24
52 32 8 17 8 43 42
16 38 32 1 5 56 40
0 57 57 44 18 7 63
51 32 56 43 40 18 38
32 54 28 0 57 57 29
12 30 32 37 6 1 39
11 9 54 24 0 0 54
4 2 33 21 3 13 20
15 15 56 46 47 42 34
16 38 32 57 19 36 19
2 32 28 31 7 12 29
48 6 27 17 8 43 16
2 32 28 8 51 51 29
57 19 36 25 16 54 18
50 47 21 19 2 0 49
13 16 26 14 37 23 21
41 35 28 0 57 57 36
49 53 40 30 20 17 40
19 2 0 44 18 7 17
46 47 42 9 47 51 9
34 14 51 57 19 36 15
26 33 1 41 35 28 27
13 16 26 49 53 40 39
14 37 23 12 30 32 11
33 17 45 14 37 23 29
23 1 26 25 16 54 31
19 2 0 51 32 56 63
57 19 36 0 57 57 43
26 33 1 28 53 56 58
0 57 57 2 32 28 38
15 15 56 50 47 21 47
29 2 25 53 36 15 35
3 36 6 19 2 0 34
16 38 32 22 34 44 12
31 7 12 26 33 1 28
10 57 27 56 39 53 31
13 16 26 46 47 42 34
32 54 28 27 57 32 5
25 16 54 2 32 28 30
53 36 15 43 40 18 5
56 39 53 25 16 54 23
41 35 28 7 45 27 10
12 30 32 39 54 55 33
5 5 1 8 51 51 67
51 32 56 35 17 27 32
21 3 13 43 40 18 37
38 18 12 42 44 10 26
23 1 26 14 37 23 36
5 5 1 35 17 27 28
32 54 28 45 10 5 49
30 20 17 3 36 6 19
13 16 26 21 3 13 18
51 32 56 7 45 27 31
48 6 27 57 19 36 15
47 48 57 37 6 1 70
29 2 25 52 32 8 34
57 19 36 46 47 42 28
42 44 10 56 39 53 43
30 20 17 31 7 12 13
0 57 57 34 14 51 43
27 57 32 40 22 42 36
51 32 56 4 2 33 37
30 20 17 24 0 0 26
35 17 27 44 18 7 20
18 29 45 44 18 7 39
55 31 9 41 35 28 19
17 8 43 31 7 12 31
20 43 0 19 2 0 41
42 44 10 50 47 21 11
36 26 44 20 43 0 47
6 3 5 12 30 32 38
3 36 6 11 9 54 55
54 14 35 15 15 56 21
57 19 36 51 32 56 23
11 9 54 31 7 12 42
5 5 1 36 26 44 47
1 5 56 54 14 35 22
52 32 8 25 16 54 48
25 16 54 43 40 18 43
32 54 28 39 54 55 27
43 40 18 12 30 32 17
6 3 5 45 10 5 7
47 48 57 15 15 56 33
23 1 26 28 53 56 60
26 33 1 24 0 0 33
24 0 0 44 18 7 19
17 8 43 45 10 5 38
31 7 12 33 17 45 34
55 31 9 0 57 57 54
34 14 51 25 16 54 3
24 0 0 19 2 0 2
34 14 51 47 48 57 34
13 16 26 26 33 1 30
30 20 17 37 6 1 21
27 57 32 9 47 51 21
18 29 45 40 22 42 7
11 9 54 27 57 32 52
22 34 44 9 47 51 14
3 36 6 40 22 42 38
57 19 36 7 45 27 27
39 54 55 6 3 5 71
34 14 51 12 30 32 24
53 36 15 10 57 27 24
1 5 56 44 18 7 50
28 53 56 22 34 44 22
45 10 5 30 20 17 15
1 5 56 39 54 55 49
19 2 0 31 7 12 13
31 7 12 51 32 56 50
27 57 32 14 37 23 21
3 36 6 7 45 27 22
50 47 21 41 35 28 13
36 26 44 39 54 55 30
51 32 56 16 38 32 24
41 35 28 2 32 28 3
8 51 51 36 26 44 25
47 48 57 23 1 26 56
51 32 56 33 17 45 18
9 47 51 21 3 13 58
16 38 32 53 36 15 17
26 33 1 18 29 45 44
12 30 32 38 18 12 23
50 47 21 13 16 26 31
0 57 57 21 3 13 69
16 38 32 42 44 10 22
17 8 43 27 57 32 50
13 16 26 44 18 7 19
21 3 13 30 20 17 17
47 48 57 45 10 5 64
16 38 32 25 16 54 31
18 29 45 45 10 5 44
44 18 7 26 33 1 16
22 34 44 52 32 8 36
6 3 5 28 53 56 71
36 26 44 23 1 26 30
35 17 27 25 16 54 27
57 19 36 52 32 8 30
53 36 15 49 53 40 30
4 2 33 43 40 18 40
54 14 35 29 2 25 15
10 57 27 14 37 23 20
15 15 56 36 26 44 16
40 22 42 54 14 35 10
55 31 9 52 32 8 1
37 6 1 54 14 35 34
5 5 1 14 37 23 38
18 29 45 19 2 0 52
7 45 27 53 36 15 15
49 53 40 38 18 12 44
21 3 13 33 17 45 34
25 16 54 13 16 26 28
40 22 42 48 6 27 21
22 34 44 34 14 51 21
18 29 45 31 7 12 39
56 39 53 39 54 55 15
51 32 56 3 36 6 50
50 47 21 54 14 35 35
4 2 33 16 38 32 36
0 57 57 22 34 44 26
49 53 40 4 2 33 51
55 31 9 38 18 12 13
55 31 9 28 53 56 51
50 47 21 51 32 56 38
33 17 45 50 47 21 38
44 18 7 9 47 51 52
29 2 25 21 3 13 12
51 32 56 56 39 53 7
22 34 44 32 54 28 25
5 5 1 28 53 56 73
35 17 27 16 38 32 21
4 2 33 36 26 44 26
49 53 40 16 38 32 17
54 14 35 14 37 23 25
56 39 53 43 40 18 35
7 45 27 48 6 27 39
46 47 42 35 17 27 33
16 38 32 30 20 17 23
19 2 0 39 54 55 75
7 45 27 55 31 9 22
14 37 23 32 54 28 17
26 33 1 10 57 27 35
21 3 13 35 17 27 19
38 18 12 23 1 26 22
11 9 54 1 5 56 4
54 14 35 3 36 6 36
33 17 45 49 53 40 36
54 14 35 33 17 45 10
27 57 32 53 36 15 27
45 10 5 25 16 54 49
5 5 1 51 32 56 61
53 36 15 33 17 45 35
52 32 8 11 9 54 51
52 32 8 33 17 45 39
1 5 56 13 16 26 31
42 44 10 41 35 28 20
31 7 12 50 47 21 41
38 18 12 14 37 23 21
33 17 45 55 31 9 38
52 32 8 6 3 5 29
15 15 56 31 7 12 44
55 31 9 31 7 12 24
55 31 9 32 54 28 29
55 31 9 42 44 10 13
19 2 0 38 18 12 20
10 57 27 38 18 12 41
10 57 27 6 3 5 58
48 6 27 8 51 51 51
13 16 26 16 38 32 22
30 20 17 40 22 42 25
4 2 33 3 36 6 43
31 7 12 49 53 40 53
14 37 23 56 39 53 30
6 3 5 0 57 57 74
55 31 9 43 40 18 12
23 1 26 50 47 21 46
10 57 27 34 14 51 49
27 57 32 46 47 42 14
53 36 15 25 16 54 43
52 32 8 50 47 21 19
54 14 35 21 3 13 24
40 22 42 16 38 32 18
23 1 26 40 22 42 26
28 53 56 44 18 7 60
50 47 21 30 20 17 27
40 22 42 53 36 15 30
25 16 54 51 32 56 16
15 15 56 33 17 45 11
40 22 42 44 18 7 35
41 35 28 45 10 5 33
25 16 54 9 47 51 31
20 43 0 50 47 21 21
18 29 45 22 34 44 5
3 36 6 12 30 32 26
47 48 57 28 53 56 5
46 47 42 21 3 13 52
49 53 40 45 10 5 55
36 26 44 0 57 57 33
26 33 1 52 32 8 7
6 3 5 44 18 7 15
22 34 44 37 6 1 51
40 22 42 41 35 28 19
22 34 44 29 2 25 37
0 57 57 8 51 51 8
29 2 25 46 47 42 48
30 20 17 6 3 5 20
37 6 1 29 2 25 24
53 36 15 14 37 23 8
57 19 36 23 1 26 20
11 9 54 40 22 42 17
30 20 17 11 9 54 38
9 47 51 32 54 28 24
55 31 9 23 1 26 34
24 0 0 32 54 28 60
35 17 27 6 3 5 26
30 20 17 18 29 45 29
27 57 32 28 53 56 24
51 32 56 27 57 32 34
56 39 53 28 53 56 14
52 32 8 13 16 26 24
33 17 45 24 0 0 48
0 57 57 52 32 8 55
41 35 28 5 5 1 40
51 32 56 11 9 54 23
51 32 56 49 53 40 26
21 3 13 31 7 12 4
17 8 43 36 26 44 18
32 54 28 33 17 45 40
56 39 53 11 9 54 30
42 44 10 45 10 5 34
11 9 54 54 14 35 19
15 15 56 16 38 32 33
5 5 1 33 17 45 45
15 15 56 14 37 23 39
29 2 25 7 45 27 43
27 57 32 50 47 21 14
41 35 28 17 8 43 30
21 3 13 8 51 51 61
26 33 1 55 31 9 8
54 14 35 24 0 0 37
33 17 45 0 57 57 41
27 57 32 29 2 25 55
32 54 28 36 26 44 32
34 14 51 37 6 1 50
9 47 51 14 37 23 29
5 5 1 56 39 53 62
18 29 45 57 19 36 13
39 54 55 22 34 44 22
6 3 5 56 39 53 60
1 5 56 4 2 33 23
2 32 28 49 53 40 24
15 15 56 7 45 27 41
10 57 27 22 34 44 28
16 38 32 34 14 51 30
15 15 56 10 57 27 51
10 57 27 12 30 32 27
30 20 17 34 14 51 34
44 18 7 37 6 1 13
55 31 9 12 30 32 23
7 45 27 36 26 44 25
57 19 36 27 57 32 38
9 47 51 1 5 56 42
49 53 40 32 54 28 12
37 6 1 18 29 45 49
12 30 32 21 3 13 33
23 1 26 8 51 51 55
15 15 56 30 20 17 39
50 47 21 18 29 45 30
9 47 51 52 32 8 45
57 19 36 21 3 13 28
10 57 27 27 57 32 5
54 14 35 16 38 32 24
55 31 9 44 18 7 13
19 2 0 12 30 32 42
10 57 27 40 22 42 38
13 16 26 43 40 18 25
27 57 32 25 16 54 46
7 45 27 38 18 12 30
33 17 45 20 43 0 51
45 10 5 33 17 45 40
53 36 15 46 47 42 29
11 9 54 17 8 43 11
15 15 56 4 2 33 26
28 53 56 8 51 51 5
10 57 27 31 7 12 52
51 32 56 28 53 56 21
7 45 27 18 29 45 24
46 47 42 1 5 56 44
48 6 27 34 14 51 25
9 47 51 33 17 45 30
30 20 17 7 45 27 26
37 6 1 25 16 54 53
34 14 51 43 40 18 42
50 47 21 10 57 27 11
20 43 0 30 20 17 28
11 9 54 43 40 18 47
57 19 36 54 14 35 5
3 36 6 37 6 1 30
50 47 21 29 2 25 45
8 51 51 17 8 43 43
46 47 42 12 30 32 19
42 44 10 48 6 27 41
47 48 57 18 29 45 22
38 18 12 20 43 0 27
51 32 56 55 31 9 47
42 44 10 9 47 51 41
2 32 28 57 19 36 15
56 39 53 33 17 45 23
4 2 33 40 22 42 21
20 43 0 10 57 27 30
10 57 27 30 20 17 38
37 6 1 11 9 54 53
19 2 0 42 44 10 43
30 20 17 9 47 51 43
32 54 28 52 32 8 29
32 54 28 34 14 51 46
28 53 56 1 5 56 48
45 10 5 4 2 33 29
20 43 0 56 39 53 53
11 9 54 13 16 26 28
52 32 8 1 5 56 55
8 51 51 37 6 1 67
8 51 51 1 5 56 46
2 32 28 1 5 56 38
2 32 28 43 40 18 12
54 14 35 10 57 27 43
22 34 44 38 18 12 35
43 40 18 9 47 51 33
41 35 28 4 2 33 33
52 32 8 14 37 23 15
8 51 51 24 0 0 72
53 36 15 52 32 8 8
19 2 0 41 35 28 43
38 18 12 26 33 1 18
32 54 28 10 57 27 3
33 17 45 47 48 57 33
1 5 56 23 1 26 30
2 32 28 47 48 57 33
35 17 27 11 9 54 28
39 54 55 2 32 28 34
5 5 1 6 3 5 4
40 22 42 34 14 51 12
2 32 28 7 45 27 13
27 57 32 37 6 1 59
56 39 53 57 19 36 26
15 15 56 2 32 28 32
28 53 56 33 17 45 37
1 5 56 17 8 43 13
20 43 0 27 57 32 34
54 14 35 12 30 32 16
37 6 1 40 22 42 44
40 22 42 46 47 42 25
8 51 51 14 37 23 31
17 8 43 49 53 40 45
17 8 43 46 47 42 39
56 39 53 8 51 51 12
9 47 51 41 35 28 25
35 17 27 8 51 51 41
3 36 6 21 3 13 33
12 30 32 50 47 21 20
0 57 57 9 47 51 11
6 3 5 57 19 36 34
20 43 0 53 36 15 16
25 16 54 54 14 35 19
41 35 28 1 5 56 41
4 2 33 12 30 32 28
27 57 32 45 10 5 54
37 6 1 7 45 27 46
48 6 27 23 1 26 5
5 5 1 0 57 57 76
18 29 45 52 32 8 37
28 53 56 2 32 28 35
37 6 1 56 39 53 61
22 34 44 2 32 28 16
25 16 54 20 43 0 60
43 40 18 26 33 1 18
28 53 56 37 6 1 72
36 26 44 25 16 54 14
11 9 54 42 44 10 56
46 47 42 41 35 28 18
21 3 13 56 39 53 53
14 37 23 46 47 42 21
57 19 36 8 51 51 35
23 1 26 5 5 1 25
2 32 28 19 2 0 41
18 29 45 17 8 43 21
49 53 40 35 17 27 38
19 2 0 33 17 45 47
36 26 44 41 35 28 18
28 53 56 46 47 42 15
26 33 1 6 3 5 30
18 29 45 53 36 15 30
40 22 42 57 19 36 6
12 30 32 47 48 57 30
23 1 26 42 44 10 45
53 36 15 13 16 26 22
28 53 56 11 9 54 44
18 29 45 25 16 54 15
50 47 21 1 5 56 54
7 45 27 33 17 45 33
17 8 43 9 47 51 39
41 35 28 56 39 53 25
3 36 6 13 16 26 28
38 18 12 17 8 43 32
5 5 1 24 0 0 5
57 19 36 30 20 17 19
29 2 25 33 17 45 25
45 10 5 22 34 44 45
32 54 28 26 33 1 34
17 8 43 40 22 42 14
12 30 32 5 5 1 39
24 0 0 39 54 55 77
10 57 27 28 53 56 29
56 39 53 49 53 40 19
57 19 36 49 53 40 34
5 5 1 43 40 18 38
17 8 43 4 2 33 11
3 36 6 32 54 28 28
56 39 53 36 26 44 15
0 57 57 49 53 40 17
12 30 32 42 44 10 26
38 18 12 11 9 54 42
18 29 45 6 3 5 47
3 36 6 35 17 27 28
39 54 55 43 40 18 39
9 47 51 18 29 45 18
54 14 35 42 44 10 39
7 45 27 43 40 18 10
7 45 27 46 47 42 15
55 31 9 3 36 6 5
16 38 32 31 7 12 36
15 15 56 28 53 56 38
23 1 26 53 36 15 36
0 57 57 17 8 43 50
10 57 27 48 6 27 51
33 17 45 13 16 26 19
21 3 13 28 53 56 65
40 22 42 13 16 26 17
53 36 15 17 8 43 39
54 14 35 0 57 57 48
7 45 27 16 38 32 8
8 51 51 3 36 6 47
13 16 26 29 2 25 14
15 15 56 38 18 12 44
40 22 42 43 40 18 30
6 3 5 13 16 26 24
29 2 25 9 47 51 51
29 2 25 15 15 56 33
47 48 57 11 9 54 39
2 32 28 55 31 9 19
17 8 43 47 48 57 42
41 35 28 47 48 57 31
28 53 56 41 35 28 33
25 16 54 46 47 42 33
14 37 23 11 9 54 41
48 6 27 13 16 26 10
8 51 51 25 16 54 35
14 37 23 47 48 57 35
48 6 27 1 5 56 29
56 39 53 15 15 56 24
42 44 10 15 15 56 54
42 44 10 30 20 17 25
25 16 54 12 30 32 26
44 18 7 11 9 54 47
23 1 26 37 6 1 25
14 37 23 40 22 42 24
56 39 53 27 57 32 27
18 29 45 55 31 9 36
25 16 54 28 53 56 37
32 54 28 31 7 12 49
49 53 40 48 6 27 48
32 54 28 6 3 5 55
45 10 5 7 45 27 41
44 18 7 12 30 32 27
54 14 35 38 18 12 23
30 20 17 2 32 28 16
29 2 25 25 16 54 32
3 36 6 45 10 5 26
23 1 26 10 57 27 56
23 1 26 13 16 26 15
3 36 6 15 15 56 54
27 57 32 55 31 9 34
22 34 44 47 48 57 19
10 57 27 29 2 25 55
19 2 0 1 5 56 56
52 32 8 5 5 1 27
6 3 5 25 16 54 50
7 45 27 14 37 23 8
28 53 56 3 36 6 52
28 53 56 20 43 0 56
36 26 44 46 47 42 21
3 36 6 38 18 12 18
12 30 32 48 6 27 24
42 44 10 13 16 26 32
51 32 56 39 54 55 22
44 18 7 45 10 5 8
42 44 10 44 18 7 26
38 18 12 33 17 45 33
21 3 13 19 2 0 13
18 29 45 56 39 53 12
43 40 18 50 47 21 7
3 36 6 33 17 45 43
4 2 33 33 17 45 19
31 7 12 5 5 1 11
55 31 9 10 57 27 31
1 5 56 35 17 27 31
33 17 45 40 22 42 5
23 1 26 26 33 1 40
7 45 27 34 14 51 39
4 2 33 56 39 53 42
35 17 27 9 47 51 38
41 35 28 52 32 8 20
18 29 45 51 32 56 11
49 53 40 26 33 1 43
12 30 32 20 43 0 34
25 16 54 3 36 6 52
8 51 51 27 57 32 19
11 9 54 33 17 45 12
55 31 9 29 2 25 33
17 8 43 23 1 26 18
35 17 27 48 6 27 11
37 6 1 51 32 56 60
48 6 27 54 14 35 11
26 33 1 36 26 44 43
20 43 0 2 32 28 30
22 34 44 53 36 15 29
49 53 40 7 45 27 15
53 36 15 30 20 17 16
19 2 0 23 1 26 26
46 47 42 47 48 57 15
11 9 54 21 3 13 41
27 57 32 36 26 44 33
12 30 32 7 45 27 15
30 20 17 32 54 28 35
6 3 5 3 36 6 33
45 10 5 55 31 9 21
0 57 57 47 48 57 9
30 20 17 23 1 26 21
28 53 56 54 14 35 44
22 34 44 23 1 26 37
41 35 28 31 7 12 32
6 3 5 15 15 56 52
22 34 44 42 44 10 35
35 17 27 45 10 5 23
39 54 55 55 31 9 51
44 18 7 10 57 27 43
6 3 5 14 37 23 38
10 57 27 21 3 13 55
17 8 43 7 45 27 40
1 5 56 22 34 44 31
34 14 51 14 37 23 36
44 18 7 16 38 32 32
48 6 27 41 35 28 29
36 26 44 28 53 56 29
54 14 35 17 8 43 10
17 8 43 34 14 51 10
53 36 15 21 3 13 33
10 57 27 41 35 28 22
38 18 12 24 0 0 21
28 53 56 35 17 27 46
6 3 5 24 0 0 5
12 30 32 11 9 54 30
51 32 56 24 0 0 64
53 36 15 50 47 21 12
43 40 18 29 2 25 38
26 33 1 34 14 51 53
30 20 17 0 57 57 54
21 3 13 39 54 55 66
42 44 10 39 54 55 46
39 54 55 52 32 8 51
45 10 5 14 37 23 32
50 47 21 49 53 40 19
54 14 35 19 2 0 37
20 43 0 24 0 0 43
29 2 25 44 18 7 24
20 43 0 13 16 26 37
24 0 0 56 39 53 65
39 54 55 3 36 6 52
5 5 1 9 47 51 65
26 33 1 9 47 51 51
20 43 0 21 3 13 42
32 54 28 12 30 32 24
54 14 35 35 17 27 8
27 57 32 19 2 0 63
44 18 7 14 37 23 24
55 31 9 9 47 51 44
49 53 40 12 30 32 24
8 51 51 45 10 5 61
43 40 18 10 57 27 19
46 47 42 51 32 56 20