9 36
4 2 0 5 2 5 5
3 4 4 0 7 8 5
3 4 4 1 7 1 4
5 2 5 8 4 6 2
2 1 1 0 7 8 9
5 2 5 7 3 3 2
7 3 3 8 4 6 3
4 2 0 6 7 4 6
3 4 4 8 4 6 2
5 2 5 3 4 4 2
0 7 8 1 7 1 7
6 7 4 7 3 3 4
4 2 0 2 1 1 1
2 1 1 1 7 1 6
6 7 4 2 1 1 6
8 4 6 0 7 8 3
4 2 0 1 7 1 5
4 2 0 8 4 6 6
1 7 1 8 4 6 5
1 7 1 6 7 4 3
5 2 5 2 1 1 4
0 7 8 5 2 5 5
1 7 1 5 2 5 6
4 2 0 0 7 8 9
8 4 6 6 7 4 3
4 2 0 3 4 4 4
2 1 1 3 4 4 4
0 7 8 7 3 3 6
3 4 4 6 7 4 3
6 7 4 0 7 8 4
7 3 3 2 1 1 2
7 3 3 3 4 4 1
6 7 4 5 2 5 5
8 4 6 2 1 1 5
1 7 1 7 3 3 4
4 2 0 7 3 3 3