12 66
9 4 10 5 8 0 10
10 4 1 4 4 1 0
8 9 10 4 4 1 10
4 4 1 6 11 1 7
9 4 10 3 6 11 2
11 11 5 0 3 8 8
6 11 1 8 9 10 9
3 6 11 11 11 5 7
1 10 7 5 8 0 7
7 6 9 9 4 10 2
2 11 8 3 6 11 5
11 11 5 2 11 8 3
7 6 9 3 6 11 2
6 11 1 5 8 0 3
0 3 8 1 10 7 7
11 11 5 5 8 0 5
0 3 8 2 11 8 8
10 4 1 9 4 10 9
5 8 0 0 3 8 9
4 4 1 0 3 8 7
7 6 9 5 8 0 9
1 10 7 7 6 9 4
10 4 1 5 8 0 4
6 11 1 9 4 10 11
5 8 0 8 9 10 10
6 11 1 7 6 9 9
4 4 1 9 4 10 9
8 9 10 7 6 9 3
10 4 1 7 6 9 8
11 11 5 7 6 9 6
0 3 8 6 11 1 10
10 4 1 6 11 1 7
4 4 1 3 6 11 10
4 4 1 11 11 5 8
3 6 11 6 11 1 11
2 11 8 10 4 1 9
0 3 8 3 6 11 4
3 6 11 8 9 10 3
2 11 8 8 9 10 2
1 10 7 2 11 8 1
9 4 10 1 10 7 6
8 9 10 0 3 8 6
6 11 1 11 11 5 4
7 6 9 4 4 1 8
4 4 1 5 8 0 4
0 3 8 9 4 10 2
8 9 10 9 4 10 5
4 4 1 1 10 7 8
2 11 8 4 4 1 9
0 3 8 7 6 9 3
10 4 1 1 10 7 8
2 11 8 6 11 1 7
3 6 11 5 8 0 11
10 4 1 0 3 8 7
8 9 10 10 4 1 10
2 11 8 7 6 9 5
2 11 8 5 8 0 8
10 4 1 3 6 11 10
1 10 7 11 11 5 2
8 9 10 11 11 5 5
11 11 5 9 4 10 8
11 11 5 10 4 1 8
6 11 1 1 10 7 6
2 11 8 9 4 10 7
3 6 11 1 10 7 5
1 10 7 8 9 10 3