48 1128
1 28 39 0 15 29 16
38 8 0 26 20 7 13
7 20 47 42 5 25 26
4 43 4 39 23 22 26
40 2 10 9 18 27 23
29 1 30 39 23 22 23
8 29 2 23 9 47 49
33 12 3 13 15 11 8
46 26 6 9 18 27 22
44 14 8 35 42 29 35
35 42 29 11 11 42 33
24 5 5 32 15 47 43
18 36 7 26 20 7 16
4 43 4 41 13 45 50
16 25 5 30 44 47 46
1 28 39 47 43 15 28
22 41 8 0 15 29 33
34 28 34 27 22 27 9
32 15 47 14 0 31 21
20 38 7 5 6 15 32
45 25 36 38 8 0 39
16 25 5 18 36 7 11
21 18 18 13 15 11 7
34 28 34 24 5 5 37
46 26 6 17 43 20 22
11 11 42 2 35 2 46
44 14 8 17 43 20 31
38 8 0 0 15 29 29
7 20 47 15 40 46 20
33 12 3 40 2 10 12
37 30 34 27 22 27 10
42 5 25 26 20 7 23
1 28 39 3 32 15 24
8 29 2 20 38 7 10
1 28 39 25 24 26 13
35 42 29 46 26 6 28
18 36 7 43 21 44 39
7 20 47 22 41 8 44
20 38 7 35 42 29 22
14 0 31 21 18 18 22
14 0 31 44 14 8 26
37 30 34 44 14 8 30
33 12 3 41 13 45 42
3 32 15 23 9 47 39
27 22 27 22 41 8 26
47 43 15 13 15 11 28
13 15 11 32 15 47 36
23 9 47 34 28 34 23
1 28 39 35 42 29 17
44 14 8 27 22 27 20
40 2 10 29 1 30 20
28 39 11 15 40 46 35
43 21 44 44 14 8 36
0 15 29 44 14 8 21
5 6 15 39 23 22 18
29 1 30 26 20 7 29
33 12 3 47 43 15 33
0 15 29 27 22 27 7
3 32 15 4 43 4 15
26 20 7 40 2 10 18
9 18 27 47 43 15 27
41 13 45 39 23 22 25
31 28 14 35 42 29 20
46 26 6 33 12 3 14
31 28 14 24 5 5 24
10 0 22 25 24 26 24
46 26 6 25 24 26 20
38 8 0 7 20 47 48
23 9 47 6 9 6 41
38 8 0 47 43 15 38
39 23 22 26 20 7 15
33 12 3 22 41 8 29
35 42 29 17 43 20 9
19 14 5 6 9 6 5
7 20 47 27 22 27 20
5 6 15 47 43 15 37
35 42 29 23 9 47 37
40 2 10 15 40 46 52
4 43 4 16 25 5 18
43 21 44 42 5 25 24
5 6 15 14 0 31 17
22 41 8 26 20 7 21
17 43 20 32 15 47 38
26 20 7 2 35 2 15
42 5 25 44 14 8 19
36 34 32 15 40 46 15
37 30 34 16 25 5 29
23 9 47 11 11 42 5
14 0 31 23 9 47 18
23 9 47 43 21 44 12
8 29 2 32 15 47 47
2 35 2 0 15 29 33
4 43 4 0 15 29 37
35 42 29 9 18 27 24
9 18 27 8 29 2 27
7 20 47 20 38 7 43
26 20 7 28 39 11 19
7 20 47 18 36 7 43
9 18 27 4 43 4 33
15 40 46 14 0 31 42
13 15 11 30 44 47 46
38 8 0 18 36 7 28
37 30 34 32 15 47 19
40 2 10 19 14 5 13
45 25 36 30 44 47 21
29 1 30 38 8 0 30
19 14 5 30 44 47 51
5 6 15 36 34 32 32
24 5 5 33 12 3 7
5 6 15 40 2 10 6
2 35 2 5 6 15 31
26 20 7 19 14 5 6
1 28 39 40 2 10 38
25 24 26 40 2 10 27
17 43 20 12 29 13 15
29 1 30 22 41 8 45
34 28 34 31 28 14 20
43 21 44 8 29 2 42
4 43 4 26 20 7 23
2 35 2 22 41 8 8
1 28 39 24 5 5 41
30 44 47 12 29 13 37
24 5 5 13 15 11 11
21 18 18 3 32 15 14
19 14 5 33 12 3 2
14 0 31 8 29 2 41
38 8 0 43 21 44 45
7 20 47 35 42 29 28
9 18 27 18 36 7 26
12 29 13 28 39 11 10
43 21 44 7 20 47 3
11 11 42 36 34 32 25
12 29 13 23 9 47 39
33 12 3 9 18 27 24
3 32 15 11 11 42 34
28 39 11 7 20 47 40
40 2 10 28 39 11 37
13 15 11 11 11 42 31
7 20 47 44 14 8 39
10 0 22 6 9 6 18
29 1 30 21 18 18 20
10 0 22 15 40 46 46
14 0 31 16 25 5 36
5 6 15 26 20 7 16
39 23 22 37 30 34 13
32 15 47 45 25 36 14
24 5 5 38 8 0 5
27 22 27 23 9 47 23
42 5 25 37 30 34 26
9 18 27 24 5 5 25
25 24 26 36 34 32 11
39 23 22 45 25 36 14
10 0 22 28 39 11 40
7 20 47 8 29 2 45
33 12 3 8 29 2 17
10 0 22 1 28 39 32
46 26 6 40 2 10 24
13 15 11 20 38 7 23
18 36 7 46 26 6 10
37 30 34 21 18 18 20
10 0 22 44 14 8 19
1 28 39 9 18 27 15
34 28 34 44 14 8 29
4 43 4 17 43 20 16
7 20 47 2 35 2 47
47 43 15 42 5 25 39
41 13 45 42 5 25 21
6 9 6 25 24 26 25
40 2 10 17 43 20 42
10 0 22 37 30 34 32
0 15 29 11 11 42 13
42 5 25 14 0 31 7
27 22 27 6 9 6 24
4 43 4 11 11 42 49
24 5 5 11 11 42 37
8 29 2 11 11 42 43
21 18 18 31 28 14 10
9 18 27 44 14 8 19
21 18 18 26 20 7 11
21 18 18 25 24 26 10
14 0 31 29 1 30 1
13 15 11 3 32 15 17
14 0 31 28 39 11 43
0 15 29 6 9 6 23
16 25 5 31 28 14 9
12 29 13 0 15 29 21
46 26 6 34 28 34 28
37 30 34 11 11 42 20
17 43 20 26 20 7 26
17 43 20 47 43 15 5
7 20 47 40 2 10 41
29 1 30 44 14 8 25
14 0 31 18 36 7 43
33 12 3 27 22 27 26
12 29 13 47 43 15 14
23 9 47 20 38 7 49
38 8 0 46 26 6 18
30 44 47 24 5 5 57
39 23 22 18 36 7 19
4 43 4 10 0 22 46
46 26 6 20 38 7 12
11 11 42 38 8 0 42
30 44 47 34 28 34 20
19 14 5 7 20 47 42
36 34 32 20 38 7 25
38 8 0 23 9 47 47
22 41 8 46 26 6 15
10 0 22 27 22 27 22
45 25 36 5 6 15 28
39 23 22 3 32 15 11
17 43 20 34 28 34 20
18 36 7 33 12 3 24
44 14 8 5 6 15 10
42 5 25 30 44 47 44
4 43 4 27 22 27 31
1 28 39 38 8 0 43
27 22 27 5 6 15 20
25 24 26 18 36 7 22
31 28 14 7 20 47 33
1 28 39 14 0 31 29
16 25 5 33 12 3 13
32 15 47 30 44 47 29
42 5 25 19 14 5 21
21 18 18 6 9 6 15
34 28 34 3 32 15 19
20 38 7 14 0 31 44
23 9 47 33 12 3 44
23 9 47 28 39 11 46
16 25 5 1 28 39 34
7 20 47 36 34 32 20
37 30 34 17 43 20 19
12 29 13 42 5 25 26
3 32 15 16 25 5 12
10 0 22 40 2 10 12
2 35 2 39 23 22 23
31 28 14 4 43 4 18
22 41 8 28 39 11 3
31 28 14 8 29 2 12
21 18 18 40 2 10 17
38 8 0 2 35 2 27
47 43 15 16 25 5 20
43 21 44 0 15 29 16
43 21 44 25 24 26 18
12 29 13 4 43 4 16
14 0 31 22 41 8 47
23 9 47 37 30 34 24
23 9 47 39 23 22 28
10 0 22 8 29 2 35
3 32 15 29 1 30 34
2 35 2 28 39 11 9
44 14 8 32 15 47 39
45 25 36 0 15 29 12
21 18 18 35 42 29 26
8 29 2 24 5 5 24
13 15 11 15 40 46 43
27 22 27 28 39 11 23
30 44 47 41 13 45 31
21 18 18 39 23 22 6
24 5 5 12 29 13 25
4 43 4 43 21 44 45
47 43 15 29 1 30 44
3 32 15 8 29 2 13
20 38 7 26 20 7 18
13 15 11 29 1 30 23
15 40 46 43 21 44 19
25 24 26 41 13 45 21
12 29 13 32 15 47 36
20 38 7 47 43 15 9
7 20 47 5 6 15 34
20 38 7 37 30 34 28
7 20 47 47 43 15 39
13 15 11 19 14 5 6
38 8 0 17 43 20 40
25 24 26 9 18 27 6
11 11 42 21 18 18 25
15 40 46 33 12 3 51
27 22 27 15 40 46 26
33 12 3 36 34 32 36
14 0 31 2 35 2 45
13 15 11 8 29 2 16
39 23 22 30 44 47 32
39 23 22 31 28 14 9
6 9 6 20 38 7 29
39 23 22 6 9 6 21
29 1 30 36 34 32 33
0 15 29 42 5 25 10
38 8 0 37 30 34 40
10 0 22 26 20 7 25
19 14 5 32 15 47 42
27 22 27 13 15 11 17
18 36 7 41 13 45 44
3 32 15 31 28 14 4
11 11 42 47 43 15 41
18 36 7 10 0 22 39
43 21 44 45 25 36 8
12 29 13 9 18 27 17
44 14 8 6 9 6 5
19 14 5 39 23 22 19
47 43 15 43 21 44 36
42 5 25 16 25 5 28
11 11 42 19 14 5 37
40 2 10 23 9 47 37
6 9 6 35 42 29 40
0 15 29 34 28 34 13
12 29 13 35 42 29 20
13 15 11 14 0 31 25
17 43 20 7 20 47 35
23 9 47 22 41 8 50
15 40 46 37 30 34 15
45 25 36 1 28 39 4
23 9 47 46 26 6 44
0 15 29 16 25 5 26
43 21 44 41 13 45 8
41 13 45 29 1 30 19
39 23 22 13 15 11 13
29 1 30 18 36 7 41
6 9 6 15 40 46 50
10 0 22 23 9 47 26
0 15 29 29 1 30 14
31 28 14 10 0 22 29
30 44 47 36 34 32 18
13 15 11 12 29 13 14
30 44 47 4 43 4 43
13 15 11 37 30 34 27
5 6 15 28 39 11 33
30 44 47 7 20 47 24
11 11 42 40 2 10 33
18 36 7 47 43 15 10
24 5 5 46 26 6 21
42 5 25 27 22 27 17
7 20 47 25 24 26 21
43 21 44 10 0 22 30
36 34 32 46 26 6 27
37 30 34 35 42 29 13
36 34 32 39 23 22 14
14 0 31 7 20 47 25
33 12 3 21 18 18 16
15 40 46 1 28 39 13
2 35 2 9 18 27 30
46 26 6 47 43 15 19
5 6 15 23 9 47 32
16 25 5 11 11 42 39
6 9 6 28 39 11 30
16 25 5 39 23 22 17
25 24 26 4 43 4 29
45 25 36 6 9 6 34
33 12 3 45 25 36 35
43 21 44 9 18 27 17
19 14 5 36 34 32 33
8 29 2 15 40 46 45
19 14 5 27 22 27 23
29 1 30 42 5 25 6
20 38 7 0 15 29 31
46 26 6 15 40 46 42
25 24 26 42 5 25 19
24 5 5 5 6 15 10
46 26 6 16 25 5 1
44 14 8 4 43 4 29
45 25 36 46 26 6 30
34 28 34 45 25 36 3
8 29 2 45 25 36 34
31 28 14 30 44 47 36
6 9 6 41 13 45 39
27 22 27 45 25 36 9
16 25 5 7 20 47 42
30 44 47 43 21 44 23
43 21 44 3 32 15 31
22 41 8 9 18 27 29
37 30 34 9 18 27 13
18 36 7 40 2 10 34
9 18 27 19 14 5 22
32 15 47 23 9 47 6
24 5 5 15 40 46 53
38 8 0 42 5 25 25
47 43 15 41 13 45 42
22 41 8 40 2 10 39
13 15 11 45 25 36 26
39 23 22 38 8 0 26
5 6 15 30 44 47 49
14 0 31 36 34 32 34
33 12 3 44 14 8 5
47 43 15 22 41 8 7
17 43 20 8 29 2 22
2 35 2 16 25 5 10
45 25 36 2 35 2 35
1 28 39 28 39 11 30
0 15 29 32 15 47 18
38 8 0 33 12 3 5
46 26 6 7 20 47 41
3 32 15 47 43 15 11
2 35 2 33 12 3 23
21 18 18 0 15 29 11
40 2 10 34 28 34 35
30 44 47 1 28 39 17
6 9 6 11 11 42 36
24 5 5 42 5 25 20
18 36 7 21 18 18 21
13 15 11 26 20 7 6
33 12 3 17 43 20 35
21 18 18 44 14 8 10
14 0 31 3 32 15 35
6 9 6 16 25 5 16
22 41 8 1 28 39 33
42 5 25 32 15 47 24
29 1 30 24 5 5 25
5 6 15 13 15 11 9
8 29 2 46 26 6 5
24 5 5 20 38 7 33
18 36 7 1 28 39 32
31 28 14 45 25 36 22
14 0 31 33 12 3 30
21 18 18 19 14 5 13
0 15 29 28 39 11 30
4 43 4 18 36 7 7
16 25 5 21 18 18 14
17 43 20 29 1 30 43
2 35 2 24 5 5 30
38 8 0 14 0 31 32
23 9 47 42 5 25 22
28 39 11 46 26 6 13
11 11 42 43 21 44 10
7 20 47 6 9 6 42
38 8 0 28 39 11 32
35 42 29 42 5 25 37
35 42 29 26 20 7 31
31 28 14 28 39 11 11
5 6 15 9 18 27 16
34 28 34 20 38 7 28
24 5 5 10 0 22 17
11 11 42 25 24 26 20
42 5 25 46 26 6 28
41 13 45 14 0 31 19
7 20 47 1 28 39 11
9 18 27 45 25 36 11
16 25 5 29 1 30 34
6 9 6 46 26 6 17
4 43 4 21 18 18 28
27 22 27 8 29 2 25
17 43 20 25 24 26 19
9 18 27 6 9 6 22
47 43 15 23 9 47 46
26 20 7 25 24 26 19
3 32 15 17 43 20 12
43 21 44 1 28 39 8
33 12 3 34 28 34 34
45 25 36 17 43 20 24
44 14 8 46 26 6 12
17 43 20 21 18 18 25
31 28 14 22 41 8 14
38 8 0 41 13 45 45
5 6 15 38 8 0 15
39 23 22 43 21 44 22
19 14 5 28 39 11 25
13 15 11 44 14 8 3
30 44 47 20 38 7 40
13 15 11 46 26 6 12
21 18 18 32 15 47 29
34 28 34 14 0 31 28
21 18 18 20 38 7 22
45 25 36 4 43 4 36
43 21 44 12 29 13 32
37 30 34 14 0 31 30
18 36 7 44 14 8 22
21 18 18 38 8 0 20
5 6 15 4 43 4 38
36 34 32 9 18 27 16
39 23 22 0 15 29 10
12 29 13 46 26 6 7
38 8 0 19 14 5 7
6 9 6 36 34 32 36
43 21 44 37 30 34 13
40 2 10 2 35 2 33
31 28 14 15 40 46 34
10 0 22 41 13 45 26
29 1 30 1 28 39 28
6 9 6 14 0 31 26
32 15 47 4 43 4 51
34 28 34 39 23 22 13
30 44 47 44 14 8 49
25 24 26 39 23 22 4
45 25 36 11 11 42 15
6 9 6 17 43 20 36
4 43 4 13 15 11 28
2 35 2 36 34 32 30
32 15 47 34 28 34 18
1 28 39 31 28 14 25
21 18 18 42 5 25 14
37 30 34 2 35 2 32
25 24 26 34 28 34 8
32 15 47 35 42 29 32
17 43 20 43 21 44 32
12 29 13 31 28 14 1
37 30 34 40 2 10 36
5 6 15 3 32 15 26
18 36 7 30 44 47 40
18 36 7 45 25 36 31
20 38 7 17 43 20 13
15 40 46 30 44 47 4
4 43 4 14 0 31 50
45 25 36 14 0 31 25
6 9 6 32 15 47 41
18 36 7 0 15 29 30
3 32 15 27 22 27 15
4 43 4 35 42 29 25
34 28 34 13 15 11 26
39 23 22 44 14 8 16
11 11 42 42 5 25 18
40 2 10 47 43 15 41
4 43 4 46 26 6 17
5 6 15 25 24 26 21
23 9 47 17 43 20 43
13 15 11 7 20 47 36
8 29 2 12 29 13 11
36 34 32 8 29 2 30
18 36 7 24 5 5 31
0 15 29 5 6 15 16
12 29 13 41 13 45 35
33 12 3 6 9 6 4
43 21 44 29 1 30 24
12 29 13 39 23 22 10
19 14 5 46 26 6 12
27 22 27 35 42 29 20
33 12 3 42 5 25 23
1 28 39 17 43 20 24
38 8 0 8 29 2 21
10 0 22 2 35 2 40
5 6 15 12 29 13 23
36 34 32 21 18 18 21
11 11 42 34 28 34 18
5 6 15 37 30 34 30
34 28 34 26 20 7 28
1 28 39 33 12 3 39
7 20 47 26 20 7 40
4 43 4 28 39 11 8
4 43 4 6 9 6 34
10 0 22 42 5 25 5
11 11 42 12 29 13 34
30 44 47 21 18 18 38
8 29 2 41 13 45 45
27 22 27 29 1 30 21
2 35 2 31 28 14 13
28 39 11 36 34 32 21
25 24 26 44 14 8 20
32 15 47 2 35 2 49
17 43 20 41 13 45 39
6 9 6 18 36 7 27
25 24 26 24 5 5 28
38 8 0 9 18 27 28
24 5 5 27 22 27 27
4 43 4 15 40 46 42
33 12 3 3 32 15 23
39 23 22 46 26 6 16
19 14 5 25 24 26 23
31 28 14 29 1 30 31
3 32 15 10 0 22 32
8 29 2 26 20 7 10
28 39 11 24 5 5 34
22 41 8 16 25 5 16
15 40 46 16 25 5 43
27 22 27 46 26 6 21
14 0 31 27 22 27 22
13 15 11 9 18 27 16
11 11 42 18 36 7 43
26 20 7 27 22 27 20
12 29 13 3 32 15 3
18 36 7 20 38 7 2
28 39 11 16 25 5 15
41 13 45 19 14 5 40
15 40 46 18 36 7 39
13 15 11 41 13 45 34
13 15 11 36 34 32 28
32 15 47 38 8 0 47
31 28 14 36 34 32 18
28 39 11 30 44 47 36
36 34 32 12 29 13 19
13 15 11 2 35 2 21
31 28 14 0 15 29 19
19 14 5 24 5 5 9
8 29 2 21 18 18 19
2 35 2 46 26 6 9
17 43 20 36 34 32 15
11 11 42 1 28 39 17
21 18 18 24 5 5 18
19 14 5 23 9 47 42
30 44 47 9 18 27 32
11 11 42 7 20 47 10
26 20 7 9 18 27 20
24 5 5 37 30 34 38
14 0 31 25 24 26 24
43 21 44 20 38 7 40
36 34 32 45 25 36 9
34 28 34 7 20 47 15
46 26 6 41 13 45 41
39 23 22 8 29 2 20
37 30 34 12 29 13 21
27 22 27 12 29 13 15
44 14 8 8 29 2 16
11 11 42 10 0 22 22
13 15 11 28 39 11 24
21 18 18 47 43 15 25
41 13 45 9 18 27 18
33 12 3 29 1 30 29
44 14 8 11 11 42 34
4 43 4 34 28 34 33
37 30 34 33 12 3 35
43 21 44 2 35 2 44
44 14 8 28 39 11 25
21 18 18 12 29 13 12
23 9 47 21 18 18 30
41 13 45 36 34 32 24
31 28 14 46 26 6 8
32 15 47 41 13 45 2
7 20 47 29 1 30 25
40 2 10 4 43 4 41
31 28 14 23 9 47 38
2 35 2 4 43 4 8
33 12 3 26 20 7 8
10 0 22 45 25 36 28
22 41 8 42 5 25 39
29 1 30 4 43 4 49
30 44 47 2 35 2 45
26 20 7 45 25 36 29
44 14 8 41 13 45 37
18 36 7 23 9 47 48
28 39 11 41 13 45 42
25 24 26 29 1 30 23
16 25 5 13 15 11 11
24 5 5 4 43 4 38
40 2 10 27 22 27 26
37 30 34 28 39 11 24
11 11 42 41 13 45 3
7 20 47 3 32 15 34
12 29 13 1 28 39 26
24 5 5 16 25 5 20
3 32 15 24 5 5 28
12 29 13 34 28 34 21
15 40 46 47 43 15 31
44 14 8 26 20 7 6
11 11 42 14 0 31 15
37 30 34 8 29 2 32
31 28 14 40 2 10 26
10 0 22 33 12 3 22
20 38 7 41 13 45 45
41 13 45 31 28 14 34
36 34 32 18 36 7 25
14 0 31 26 20 7 31
16 25 5 25 24 26 21
19 14 5 17 43 20 32
17 43 20 24 5 5 40
18 36 7 27 22 27 24
38 8 0 44 14 8 10
2 35 2 15 40 46 44
23 9 47 45 25 36 19
10 0 22 12 29 13 30
11 11 42 22 41 8 45
34 28 34 5 6 15 29
41 13 45 26 20 7 38
30 44 47 14 0 31 46
20 38 7 39 23 22 21
30 44 47 26 20 7 46
27 22 27 38 8 0 30
22 41 8 44 14 8 27
11 11 42 33 12 3 39
1 28 39 46 26 6 33
35 42 29 3 32 15 17
8 29 2 25 24 26 24
24 5 5 0 15 29 26
35 42 29 33 12 3 39
24 5 5 47 43 15 39
40 2 10 38 8 0 11
2 35 2 25 24 26 26
13 15 11 17 43 20 29
15 40 46 41 13 45 27
19 14 5 22 41 8 27
46 26 6 10 0 22 30
35 42 29 0 15 29 27
18 36 7 22 41 8 5
0 15 29 14 0 31 15
18 36 7 28 39 11 5
14 0 31 40 2 10 21
5 6 15 15 40 46 46
20 38 7 9 18 27 28
29 1 30 12 29 13 32
38 8 0 13 15 11 13
23 9 47 0 15 29 18
8 29 2 42 5 25 33
15 40 46 3 32 15 32
28 39 11 47 43 15 5
30 44 47 3 32 15 34
41 13 45 1 28 39 16
32 15 47 22 41 8 46
9 18 27 34 28 34 12
40 2 10 43 21 44 38
24 5 5 22 41 8 36
32 15 47 47 43 15 42
35 42 29 39 23 22 20
43 21 44 21 18 18 26
43 21 44 26 20 7 37
42 5 25 5 6 15 10
43 21 44 46 26 6 38
25 24 26 20 38 7 23
36 34 32 34 28 34 6
43 21 44 6 9 6 39
25 24 26 0 15 29 9
15 40 46 38 8 0 56
9 18 27 32 15 47 20
16 25 5 12 29 13 8
22 41 8 3 32 15 11
31 28 14 44 14 8 15
39 23 22 22 41 8 22
24 5 5 7 20 47 44
18 36 7 8 29 2 8
16 25 5 23 9 47 44
13 15 11 35 42 29 32
3 32 15 0 15 29 22
33 12 3 31 28 14 19
4 43 4 8 29 2 14
16 25 5 9 18 27 23
35 42 29 24 5 5 44
17 43 20 16 25 5 23
30 44 47 33 12 3 54
31 28 14 47 43 15 15
19 14 5 1 28 39 36
32 15 47 3 32 15 36
10 0 22 9 18 27 18
45 25 36 25 24 26 10
41 13 45 24 5 5 40
23 9 47 30 44 47 35
21 18 18 34 28 34 18
41 13 45 35 42 29 33
15 40 46 19 14 5 48
47 43 15 8 29 2 19
32 15 47 33 12 3 44
2 35 2 6 9 6 26
38 8 0 16 25 5 17
32 15 47 43 21 44 6
33 12 3 39 23 22 21
46 26 6 11 11 42 39
14 0 31 35 42 29 42
10 0 22 47 43 15 43
37 30 34 7 20 47 16
22 41 8 8 29 2 13
30 44 47 6 9 6 53
3 32 15 18 36 7 8
28 39 11 35 42 29 18
7 20 47 4 43 4 48
13 15 11 6 9 6 7
8 29 2 5 6 15 26
0 15 29 7 20 47 18
3 32 15 41 13 45 35
6 9 6 3 32 15 24
19 14 5 43 21 44 39
4 43 4 1 28 39 38
34 28 34 19 14 5 32
34 28 34 10 0 22 30
0 15 29 26 20 7 22
27 22 27 17 43 20 22
25 24 26 15 40 46 25
29 1 30 15 40 46 42
46 26 6 21 18 18 14
29 1 30 35 42 29 41
5 6 15 11 11 42 27
2 35 2 35 42 29 27
33 12 3 28 39 11 28
1 28 39 8 29 2 37
34 28 34 47 43 15 24
6 9 6 34 28 34 33
9 18 27 7 20 47 20
40 2 10 30 44 47 55
8 29 2 28 39 11 13
44 14 8 2 35 2 21
10 0 22 0 15 29 16
12 29 13 18 36 7 9
0 15 29 33 12 3 26
13 15 11 1 28 39 30
25 24 26 37 30 34 10
12 29 13 19 14 5 17
37 30 34 45 25 36 5
35 42 29 8 29 2 29
40 2 10 41 13 45 36
6 9 6 24 5 5 4
8 29 2 2 35 2 6
6 9 6 8 29 2 20
31 28 14 20 38 7 12
12 29 13 45 25 36 23
29 1 30 28 39 11 42
28 39 11 9 18 27 26
34 28 34 18 36 7 28
37 30 34 36 34 32 4
22 41 8 20 38 7 3
6 9 6 31 28 14 20
44 14 8 16 25 5 11
2 35 2 1 28 39 37
16 25 5 5 6 15 21
45 25 36 35 42 29 18
3 32 15 44 14 8 19
15 40 46 20 38 7 39
44 14 8 20 38 7 24
43 21 44 24 5 5 42
6 9 6 1 28 39 38
5 6 15 35 42 29 38
30 44 47 8 29 2 47
39 23 22 7 20 47 25
20 38 7 32 15 47 46
2 35 2 3 32 15 13
22 41 8 37 30 34 28
47 43 15 35 42 29 14
32 15 47 16 25 5 43
22 41 8 17 43 20 12
44 14 8 24 5 5 9
39 23 22 28 39 11 19
8 29 2 16 25 5 5
6 9 6 5 6 15 9
6 9 6 29 1 30 25
0 15 29 13 15 11 18
43 21 44 34 28 34 12
15 40 46 35 42 29 17
41 13 45 16 25 5 41
20 38 7 16 25 5 13
12 29 13 6 9 6 21
1 28 39 36 34 32 9
7 20 47 32 15 47 5
4 43 4 42 5 25 43
45 25 36 16 25 5 31
46 26 6 3 32 15 10
6 9 6 40 2 10 8
17 43 20 5 6 15 37
24 5 5 45 25 36 36
15 40 46 39 23 22 29
28 39 11 20 38 7 4
15 40 46 0 15 29 30
16 25 5 35 42 29 29
45 25 36 41 13 45 15
46 26 6 26 20 7 6
40 2 10 44 14 8 12
17 43 20 42 5 25 38
15 40 46 44 14 8 46
47 43 15 6 9 6 35
4 43 4 33 12 3 31
25 24 26 27 22 27 2
29 1 30 20 38 7 43
30 44 47 38 8 0 59
3 32 15 37 30 34 19
21 18 18 41 13 45 27
3 32 15 38 8 0 28
19 14 5 18 36 7 22
12 29 13 14 0 31 34
20 38 7 38 8 0 30
46 26 6 37 30 34 28
31 28 14 9 18 27 16
34 28 34 1 28 39 5
26 20 7 24 5 5 15
34 28 34 8 29 2 32
10 0 22 38 8 0 23
15 40 46 11 11 42 29
25 24 26 30 44 47 29
43 21 44 35 42 29 25
40 2 10 3 32 15 30
6 9 6 37 30 34 35
0 15 29 36 34 32 19
34 28 34 29 1 30 27
23 9 47 44 14 8 39
46 26 6 14 0 31 36
4 43 4 36 34 32 29
47 43 15 39 23 22 21
23 9 47 36 34 32 29
17 43 20 28 39 11 9
23 9 47 4 43 4 54
5 6 15 32 15 47 33
9 18 27 14 0 31 18
43 21 44 22 41 8 41
11 11 42 29 1 30 15
32 15 47 29 1 30 22
36 34 32 22 41 8 25
10 0 22 32 15 47 29
27 22 27 43 21 44 17
45 25 36 22 41 8 32
47 43 15 0 15 29 31
19 14 5 45 25 36 32
16 25 5 34 28 34 29
27 22 27 20 38 7 25
10 0 22 35 42 29 42
5 6 15 46 26 6 21
38 8 0 35 42 29 44
42 5 25 28 39 11 36
20 38 7 10 0 22 40
38 8 0 22 41 8 33
42 5 25 36 34 32 29
6 9 6 38 8 0 6
42 5 25 15 40 46 40
32 15 47 1 28 39 15
5 6 15 22 41 8 35
40 2 10 0 15 29 23
38 8 0 12 29 13 24
13 15 11 25 24 26 17
42 5 25 20 38 7 37
30 44 47 0 15 29 34
1 28 39 21 18 18 23
38 8 0 4 43 4 35
43 21 44 31 28 14 30
24 5 5 14 0 31 26
27 22 27 31 28 14 14
20 38 7 3 32 15 10
5 6 15 19 14 5 12
5 6 15 41 13 45 30
1 28 39 5 6 15 32
15 40 46 34 28 34 16
4 43 4 22 41 8 4
25 24 26 31 28 14 12
26 20 7 31 28 14 10
26 20 7 11 11 42 36
17 43 20 30 44 47 27
16 25 5 26 20 7 5
19 14 5 47 43 15 30
41 13 45 37 30 34 20
4 43 4 47 43 15 11
5 6 15 33 12 3 13
17 43 20 11 11 42 38
33 12 3 12 29 13 19
5 6 15 43 21 44 32
15 40 46 17 43 20 26
34 28 34 35 42 29 14
1 28 39 44 14 8 34
1 28 39 23 9 47 20
41 13 45 7 20 47 7
45 25 36 7 20 47 12
43 21 44 36 34 32 17
47 43 15 44 14 8 29
11 11 42 32 15 47 6
20 38 7 12 29 13 10
32 15 47 26 20 7 40
22 41 8 15 40 46 38
34 28 34 38 8 0 39
36 34 32 16 25 5 28
18 36 7 35 42 29 22
35 42 29 40 2 10 44
10 0 22 29 1 30 8
18 36 7 5 6 15 31
9 18 27 3 32 15 18
22 41 8 21 18 18 25
30 44 47 46 26 6 44
28 39 11 3 32 15 8
34 28 34 2 35 2 32
18 36 7 42 5 25 35
9 18 27 42 5 25 13
41 13 45 34 28 34 18
27 22 27 11 11 42 18
0 15 29 19 14 5 24
37 30 34 26 20 7 28
30 44 47 22 41 8 39
43 21 44 33 12 3 41
30 44 47 27 22 27 29
41 13 45 0 15 29 16
31 28 14 13 15 11 13
45 25 36 28 39 11 28
23 9 47 9 18 27 21
0 15 29 8 29 2 30
21 18 18 45 25 36 19
1 28 39 27 22 27 13
27 22 27 9 18 27 4
47 43 15 36 34 32 19
29 1 30 37 30 34 29
25 24 26 22 41 8 24
15 40 46 32 15 47 25
10 0 22 13 15 11 18
11 11 42 9 18 27 16
10 0 22 19 14 5 22
10 0 22 21 18 18 18
17 43 20 39 23 22 20
15 40 46 26 20 7 43
22 41 8 34 28 34 29
21 18 18 5 6 15 12
12 29 13 15 40 46 34
37 30 34 30 44 47 19
20 38 7 33 12 3 26
37 30 34 47 43 15 23
10 0 22 16 25 5 30
43 21 44 14 0 31 24
19 14 5 14 0 31 29
4 43 4 19 14 5 29
36 34 32 10 0 22 35
19 14 5 16 25 5 11
6 9 6 26 20 7 11
35 42 29 25 24 26 18
35 42 29 30 44 47 18
33 12 3 25 24 26 25
27 22 27 47 43 15 24
0 15 29 46 26 6 25
40 2 10 13 15 11 13
11 11 42 30 44 47 33
37 30 34 19 14 5 33
3 32 15 26 20 7 14
42 5 25 2 35 2 37
9 18 27 0 15 29 3
21 18 18 2 35 2 23
34 28 34 28 39 11 25
17 43 20 18 36 7 14
12 29 13 7 20 47 35
23 9 47 7 20 47 11
29 1 30 9 18 27 17
35 42 29 36 34 32 8
0 15 29 37 30 34 15
15 40 46 45 25 36 18
28 39 11 43 21 44 37
34 28 34 37 30 34 2
6 9 6 22 41 8 32
25 24 26 12 29 13 13
13 15 11 22 41 8 26
28 39 11 32 15 47 43
29 1 30 8 29 2 39
44 14 8 36 34 32 31
12 29 13 26 20 7 10
41 13 45 22 41 8 46
31 28 14 11 11 42 32
17 43 20 10 0 22 43
14 0 31 10 0 22 9
29 1 30 19 14 5 28
20 38 7 45 25 36 31
28 39 11 21 18 18 22
14 0 31 31 28 14 32
5 6 15 31 28 14 22
36 34 32 32 15 47 24
4 43 4 20 38 7 5
29 1 30 23 9 47 18
32 15 47 31 28 14 35
32 15 47 46 26 6 42
45 25 36 44 14 8 30
18 36 7 13 15 11 21
26 20 7 23 9 47 41
3 32 15 36 34 32 17
26 20 7 36 34 32 28
17 43 20 14 0 31 44
11 11 42 28 39 11 41
46 26 6 29 1 30 34
1 28 39 26 20 7 32
27 22 27 2 35 2 28
41 13 45 27 22 27 20
29 1 30 2 35 2 44
8 29 2 40 2 10 28
40 2 10 24 5 5 5
34 28 34 42 5 25 24
1 28 39 42 5 25 26
36 34 32 38 8 0 41
39 23 22 40 2 10 24
4 43 4 37 30 34 32
21 18 18 9 18 27 9
21 18 18 7 20 47 29
2 35 2 18 36 7 5
13 15 11 42 5 25 17
1 28 39 37 30 34 5
35 42 29 22 41 8 21
27 22 27 16 25 5 22
18 36 7 37 30 34 27
24 5 5 39 23 22 24
3 32 15 42 5 25 28
44 14 8 12 29 13 15
40 2 10 12 29 13 27
35 42 29 19 14 5 36
25 24 26 23 9 47 25
23 9 47 15 40 46 31
39 23 22 27 22 27 5
2 35 2 41 13 45 48
32 15 47 27 22 27 21
9 18 27 17 43 20 25
14 0 31 47 43 15 45
39 23 22 32 15 47 26
11 11 42 39 23 22 23
44 14 8 19 14 5 3
42 5 25 31 28 14 25
30 44 47 47 43 15 32
13 15 11 23 9 47 36
23 9 47 41 13 45 4
15 40 46 9 18 27 29
37 30 34 31 28 14 20
39 23 22 1 28 39 17
40 2 10 16 25 5 23
2 35 2 12 29 13 12
47 43 15 25 24 26 21
17 43 20 2 35 2 19
5 6 15 10 0 22 9
5 6 15 29 1 30 15
32 15 47 40 2 10 39
3 32 15 19 14 5 20
19 14 5 31 28 14 16
28 39 11 25 24 26 21
33 12 3 7 20 47 44
26 20 7 47 43 15 24
32 15 47 25 24 26 22
1 28 39 20 38 7 33
18 36 7 31 28 14 10
10 0 22 22 41 8 43
31 28 14 38 8 0 24
2 35 2 20 38 7 5
40 2 10 20 38 7 36
40 2 10 42 5 25 15
2 35 2 19 14 5 21
21 18 18 15 40 46 35
25 24 26 38 8 0 30
6 9 6 42 5 25 19
9 18 27 39 23 22 7
23 9 47 2 35 2 51
20 38 7 11 11 42 44
32 15 47 18 36 7 45
31 28 14 17 43 20 16
10 0 22 30 44 47 50
40 2 10 45 25 36 34
47 43 15 45 25 36 27
10 0 22 7 20 47 32
24 5 5 36 34 32 39
21 18 18 27 22 27 9
47 43 15 2 35 2 15
39 23 22 10 0 22 23
20 38 7 19 14 5 24
39 23 22 14 0 31 24
13 15 11 43 21 44 33
3 32 15 45 25 36 22
19 14 5 8 29 2 15
29 1 30 45 25 36 24
39 23 22 42 5 25 18
25 24 26 3 32 15 13
24 5 5 23 9 47 42
45 25 36 42 5 25 22
30 44 47 29 1 30 46
40 2 10 36 34 32 38
17 43 20 0 15 29 29
22 41 8 12 29 13 13
27 22 27 36 34 32 13
16 25 5 43 21 44 39