80 3160
44 0 55 20 53 63 53
42 56 54 21 60 74 20
63 35 48 21 60 74 36
44 0 55 61 64 8 79
40 66 56 75 22 31 50
0 49 40 1 15 55 37
40 66 56 8 58 37 20
39 56 29 29 13 77 64
47 71 50 21 60 74 26
19 63 20 37 74 33 17
58 71 13 77 30 20 41
17 53 65 44 0 55 53
37 74 33 40 66 56 24
12 65 22 53 71 4 18
56 70 17 49 29 20 41
66 30 59 25 56 79 32
5 53 28 37 74 33 21
64 29 27 29 13 77 52
48 42 44 1 15 55 29
33 69 28 5 53 28 16
25 56 79 16 60 0 79
11 59 10 27 48 48 39
20 53 63 63 35 48 23
45 10 46 43 65 12 64
62 69 19 5 53 28 18
37 74 33 66 30 59 51
44 0 55 2 72 63 72
50 12 71 62 69 19 77
47 71 50 78 71 43 7
19 63 20 26 4 79 83
73 39 55 76 37 66 11
22 24 9 30 26 5 4
15 34 24 7 4 61 47
37 74 33 76 37 66 49
53 71 4 61 64 8 8
48 42 44 36 15 2 49
35 42 19 63 35 48 29
50 12 71 69 53 71 41
60 53 10 76 37 66 58
59 9 28 26 4 79 51
50 12 71 9 10 61 10
30 26 5 68 43 47 45
39 56 29 24 73 72 46
77 30 20 52 74 12 44
77 30 20 24 73 72 67
79 1 50 38 51 63 51
38 51 63 59 9 28 54
11 59 10 37 74 33 27
26 4 79 64 29 27 57
9 10 61 64 29 27 38
59 9 28 56 70 17 61
63 35 48 59 9 28 32
52 74 12 55 57 25 21
43 65 12 31 60 63 51
72 66 24 44 0 55 72
55 57 25 2 72 63 40
19 63 20 7 4 61 71
30 26 5 31 60 63 67
28 24 32 53 71 4 54
26 4 79 32 75 41 80
21 60 74 69 53 71 7
73 39 55 78 71 43 34
19 63 20 72 66 24 5
3 21 43 20 53 63 37
26 4 79 54 72 59 70
68 43 47 11 59 10 40
59 9 28 49 29 20 21
61 64 8 55 57 25 18
6 50 4 41 27 3 23
37 74 33 74 59 35 15
29 13 77 61 64 8 85
23 38 40 79 1 50 38
79 1 50 65 48 31 50
14 65 6 61 64 8 2
39 56 29 56 70 17 18
27 48 48 17 53 65 17
22 24 9 72 66 24 44
21 60 74 27 48 48 28
68 43 47 5 53 28 21
76 37 66 70 47 8 58
71 40 61 68 43 47 14
42 56 54 32 75 41 23
40 66 56 32 75 41 17
55 57 25 64 29 27 28
10 34 39 77 30 20 19
55 57 25 34 21 34 37
32 75 41 50 12 71 69
58 71 13 7 4 61 82
0 49 40 59 9 28 41
70 47 8 44 0 55 66
58 71 13 36 15 2 57
50 12 71 49 29 20 53
79 1 50 56 70 17 76
50 12 71 79 1 50 23
42 56 54 78 71 43 18
26 4 79 49 29 20 64
70 47 8 18 58 31 25
34 21 34 21 60 74 55
57 35 48 10 34 39 9
76 37 66 54 72 59 35
46 15 26 40 66 56 59
37 74 33 15 34 24 41
68 43 47 77 30 20 29
44 0 55 64 29 27 40
42 56 54 18 58 31 23
39 56 29 50 12 71 60
55 57 25 44 0 55 64
28 24 32 51 61 74 55
7 4 61 71 40 61 36
73 39 55 19 63 20 42
20 53 63 29 13 77 42
1 15 55 27 48 48 33
27 48 48 61 64 8 43
49 29 20 8 58 37 33
35 42 19 9 10 61 52
58 71 13 66 30 59 61
52 74 12 24 73 72 60
25 56 79 75 22 31 58
26 4 79 58 71 13 94
57 35 48 53 71 4 56
27 48 48 30 26 5 48
14 65 6 58 71 13 9
5 53 28 71 40 61 35
40 66 56 78 71 43 13
53 71 4 5 53 28 30
9 10 61 72 66 24 67
30 26 5 7 4 61 60
60 53 10 38 51 63 53
30 26 5 69 53 71 71
75 22 31 70 47 8 33
70 47 8 35 42 19 12
36 15 2 9 10 61 59
15 34 24 73 39 55 31
33 69 28 75 22 31 47
58 71 13 38 51 63 53
67 45 3 40 66 56 57
35 42 19 3 21 43 31
61 64 8 7 4 61 80
71 40 61 73 39 55 6
7 4 61 33 69 28 72
72 66 24 4 66 26 2
63 35 48 3 21 43 14
33 69 28 47 71 50 22
42 56 54 9 10 61 46
3 21 43 32 75 41 54
24 73 72 43 65 12 60
24 73 72 18 58 31 43
40 66 56 2 72 63 9
22 24 9 57 35 48 40
19 63 20 46 15 26 48
51 61 74 43 65 12 62
40 66 56 34 21 34 50
13 47 50 33 69 28 31
15 34 24 54 72 59 51
61 64 8 5 53 28 22
1 15 55 55 57 25 51
2 72 63 34 21 34 58
7 4 61 0 49 40 49
67 45 3 55 57 25 25
71 40 61 58 71 13 57
47 71 50 15 34 24 45
46 15 26 17 53 65 54
41 27 3 72 66 24 44
62 69 19 10 34 39 40
2 72 63 21 60 74 16
29 13 77 70 47 8 76
73 39 55 57 35 48 8
46 15 26 75 22 31 8
40 66 56 42 56 54 10
57 35 48 6 50 4 46
34 21 34 5 53 28 32
35 42 19 11 59 10 19
40 66 56 52 74 12 44
5 53 28 38 51 63 35
23 38 40 60 53 10 33
44 0 55 5 53 28 59
52 74 12 34 21 34 57
42 56 54 30 26 5 57
16 60 0 62 69 19 21
71 40 61 31 60 63 20
14 65 6 42 56 54 48
22 24 9 42 56 54 55
33 69 28 69 53 71 45
57 35 48 4 66 26 38
57 35 48 26 4 79 43
55 57 25 28 24 32 33
20 53 63 49 29 20 49
51 61 74 32 75 41 35
10 34 39 74 59 35 25
67 45 3 19 63 20 24
59 9 28 17 53 65 57
50 12 71 3 21 43 29
16 60 0 36 15 2 45
76 37 66 15 34 24 42
4 66 26 40 66 56 30
11 59 10 61 64 8 5
54 72 59 1 15 55 57
58 71 13 0 49 40 34
53 71 4 25 56 79 76
13 47 50 16 60 0 51
66 30 59 43 65 12 58
32 75 41 75 22 31 53
57 35 48 67 45 3 46
16 60 0 46 15 26 51
45 10 46 3 21 43 11
63 35 48 22 24 9 40
12 65 22 7 4 61 72
16 60 0 2 72 63 64
25 56 79 22 24 9 76
39 56 29 4 66 26 10
42 56 54 74 59 35 19
48 42 44 25 56 79 37
16 60 0 40 66 56 56
36 15 2 70 47 8 32
79 1 50 20 53 63 53
31 60 63 64 29 27 47
26 4 79 53 71 4 100
52 74 12 17 53 65 57
2 72 63 60 53 10 56
68 43 47 53 71 4 51
20 53 63 7 4 61 49
68 43 47 69 53 71 26
31 60 63 65 48 31 34
10 34 39 19 63 20 34
78 71 43 56 70 17 26
36 15 2 51 61 74 85
65 48 31 49 29 20 21
3 21 43 70 47 8 43
16 60 0 50 12 71 85
39 56 29 36 15 2 49
73 39 55 23 38 40 15
74 59 35 47 71 50 19
15 34 24 4 66 26 32
59 9 28 15 34 24 25
54 72 59 35 42 19 50
29 13 77 49 29 20 59
66 30 59 31 60 63 30
24 73 72 49 29 20 68
52 74 12 6 50 4 25
34 21 34 63 35 48 19
73 39 55 6 50 4 52
50 12 71 54 72 59 61
42 56 54 64 29 27 38
69 53 71 60 53 10 61
18 58 31 51 61 74 43
55 57 25 20 53 63 38
9 10 61 20 53 63 43
46 15 26 41 27 3 25
33 69 28 29 13 77 74
19 63 20 39 56 29 11
53 71 4 60 53 10 18
39 56 29 37 74 33 18
19 63 20 76 37 66 52
57 35 48 14 65 6 51
9 10 61 26 4 79 18
2 72 63 57 35 48 39
24 73 72 40 66 56 17
39 56 29 25 56 79 50
68 43 47 19 63 20 33
51 61 74 66 30 59 34
70 47 8 58 71 13 24
52 74 12 65 48 31 32
76 37 66 34 21 34 35
40 66 56 30 26 5 64
14 65 6 6 50 4 15
7 4 61 74 59 35 60
41 27 3 31 60 63 68
38 51 63 49 29 20 48
78 71 43 39 56 29 20
11 59 10 43 65 12 6
17 53 65 5 53 28 37
49 29 20 44 0 55 45
8 58 37 2 72 63 29
41 27 3 20 53 63 65
4 66 26 54 72 59 33
19 63 20 9 10 61 67
67 45 3 15 34 24 23
14 65 6 48 42 44 44
51 61 74 3 21 43 50
56 70 17 63 35 48 46
73 39 55 24 73 72 38
30 26 5 63 35 48 43
46 15 26 14 65 6 53
36 15 2 3 21 43 41
47 71 50 40 66 56 7
0 49 40 75 22 31 28
15 34 24 46 15 26 19
13 47 50 11 59 10 41
46 15 26 37 74 33 59
43 65 12 17 53 65 54
30 26 5 4 66 26 45
76 37 66 77 30 20 46
30 26 5 24 73 72 81
11 59 10 56 70 17 13
79 1 50 36 15 2 50
1 15 55 32 75 41 61
31 60 63 26 4 79 58
37 74 33 27 48 48 30
2 72 63 74 59 35 30
12 65 22 2 72 63 41
26 4 79 36 15 2 77
75 22 31 11 59 10 42
53 71 4 29 13 77 93
49 29 20 13 47 50 34
49 29 20 48 42 44 27
46 15 26 71 40 61 43
42 56 54 69 53 71 17
72 66 24 5 53 28 13
23 38 40 43 65 12 38
19 63 20 48 42 44 31
62 69 19 6 50 4 24
6 50 4 27 48 48 44
32 75 41 12 65 22 21
1 15 55 35 42 19 45
6 50 4 50 12 71 77
39 56 29 77 30 20 27
77 30 20 44 0 55 46
74 59 35 64 29 27 31
44 0 55 10 34 39 37
31 60 63 75 22 31 49
40 66 56 22 24 9 63
54 72 59 41 27 3 71
25 56 79 50 12 71 44
5 53 28 56 70 17 20
38 51 63 46 15 26 51
20 53 63 21 60 74 13
14 65 6 36 15 2 50
60 53 10 70 47 8 6
75 22 31 36 15 2 29
6 50 4 15 34 24 25
44 0 55 51 61 74 63
68 43 47 75 22 31 26
20 53 63 1 15 55 38
17 53 65 16 60 0 65
0 49 40 37 74 33 25
19 63 20 59 9 28 54
45 10 46 18 58 31 50
52 74 12 1 15 55 73
59 9 28 27 48 48 43
70 47 8 57 35 48 41
59 9 28 77 30 20 22
69 53 71 26 4 79 49
74 59 35 57 35 48 27
42 56 54 62 69 19 37
64 29 27 76 37 66 39
73 39 55 11 59 10 49
33 69 28 17 53 65 40
36 15 2 69 53 71 78
28 24 32 47 71 50 50
50 12 71 53 71 4 89
72 66 24 13 47 50 32
59 9 28 71 40 61 45
55 57 25 19 63 20 7
34 21 34 50 12 71 38
34 21 34 8 58 37 37
26 4 79 37 74 33 83
19 63 20 5 53 28 12
68 43 47 25 56 79 34
28 24 32 0 49 40 26
78 71 43 10 34 39 37
10 34 39 71 40 61 22
42 56 54 28 24 32 38
47 71 50 38 51 63 23
4 66 26 47 71 50 24
24 73 72 22 24 9 79
69 53 71 4 66 26 46
45 10 46 36 15 2 44
6 50 4 29 13 77 81
38 51 63 78 71 43 28
60 53 10 36 15 2 38
13 47 50 56 70 17 40
69 53 71 61 64 8 63
34 21 34 35 42 19 25
39 56 29 76 37 66 41
64 29 27 39 56 29 27
26 4 79 12 65 22 83
46 15 26 39 56 29 41
28 24 32 77 30 20 13
79 1 50 64 29 27 36
29 13 77 55 57 25 68
44 0 55 48 42 44 43
10 34 39 26 4 79 50
61 64 8 34 21 34 50
68 43 47 63 35 48 8
12 65 22 35 42 19 23
38 51 63 77 30 20 47
20 53 63 34 21 34 43
14 65 6 28 24 32 48
64 29 27 34 21 34 10
41 27 3 67 45 3 18
33 69 28 11 59 10 20
9 10 61 68 43 47 35
40 66 56 26 4 79 66
50 12 71 43 65 12 79
65 48 31 29 13 77 57
2 72 63 71 40 61 32
25 56 79 76 37 66 23
54 72 59 13 47 50 26
56 70 17 17 53 65 50
69 53 71 22 24 9 68
68 43 47 74 59 35 20
35 42 19 31 60 63 47
10 34 39 72 66 24 35
45 10 46 72 66 24 60
65 48 31 76 37 66 36
35 42 19 7 4 61 56
56 70 17 36 15 2 57
12 65 22 51 61 74 52
54 72 59 27 48 48 26
26 4 79 28 24 32 51
27 48 48 71 40 61 15
78 71 43 52 74 12 31
14 65 6 41 27 3 38
35 42 19 39 56 29 17
51 61 74 15 34 24 56
65 48 31 42 56 54 24
71 40 61 35 42 19 42
25 56 79 35 42 19 61
32 75 41 38 51 63 32
13 47 50 18 58 31 21
79 1 50 57 35 48 34
78 71 43 59 9 28 63
44 0 55 34 21 34 29
74 59 35 56 70 17 21
22 24 9 26 4 79 72
20 53 63 47 71 50 22
38 51 63 62 69 19 47
46 15 26 73 39 55 37
44 0 55 38 51 63 51
40 66 56 74 59 35 22
73 39 55 72 66 24 41
67 45 3 66 30 59 57
48 42 44 30 26 5 42
78 71 43 37 74 33 10
26 4 79 7 4 61 18
64 29 27 4 66 26 37
41 27 3 34 21 34 31
59 9 28 57 35 48 32
23 38 40 27 48 48 12
13 47 50 51 61 74 27
49 29 20 12 65 22 36
46 15 26 45 10 46 20
44 0 55 47 71 50 71
39 56 29 73 39 55 31
10 34 39 32 75 41 41
59 9 28 8 58 37 49
17 53 65 72 66 24 43
76 37 66 28 24 32 36
42 56 54 59 9 28 53
77 30 20 25 56 79 64
29 13 77 78 71 43 67
24 73 72 59 9 28 77
22 24 9 61 64 8 40
60 53 10 11 59 10 6
74 59 35 66 30 59 37
4 66 26 56 70 17 9
29 13 77 25 56 79 43
45 10 46 27 48 48 38
28 24 32 40 66 56 48
32 75 41 59 9 28 67
10 34 39 4 66 26 34
31 60 63 40 66 56 9
66 30 59 38 51 63 21
54 72 59 11 59 10 50
0 49 40 4 66 26 22
72 66 24 51 61 74 50
60 53 10 52 74 12 21
50 12 71 48 42 44 40
9 10 61 33 69 28 67
14 65 6 18 58 31 25
48 42 44 37 74 33 33
73 39 55 54 72 59 33
7 4 61 69 53 71 50
18 58 31 38 51 63 32
53 71 4 55 57 25 25
76 37 66 53 71 4 70
10 34 39 69 53 71 37
27 48 48 67 45 3 45
59 9 28 12 65 22 56
4 66 26 8 58 37 13
35 42 19 19 63 20 21
11 59 10 69 53 71 61
54 72 59 45 10 46 63
23 38 40 36 15 2 44
12 65 22 71 40 61 46
57 35 48 12 65 22 39
34 21 34 51 61 74 56
30 26 5 67 45 3 19
76 37 66 13 47 50 18
74 59 35 65 48 31 11
58 71 13 12 65 22 10
8 58 37 12 65 22 16
16 60 0 28 24 32 48
79 1 50 59 9 28 23
42 56 54 58 71 13 43
56 70 17 20 53 63 49
31 60 63 20 53 63 7
42 56 54 33 69 28 29
6 50 4 71 40 61 57
11 59 10 6 50 4 10
15 34 24 66 30 59 35
32 75 41 54 72 59 18
56 70 17 61 64 8 10
38 51 63 52 74 12 55
34 21 34 18 58 31 37
73 39 55 65 48 31 25
75 22 31 24 73 72 65
66 30 59 16 60 0 66
22 24 9 54 72 59 69
67 45 3 35 42 19 16
23 38 40 68 43 47 8
22 24 9 73 39 55 48
39 56 29 3 21 43 37
8 58 37 28 24 32 34
76 37 66 56 70 17 59
38 51 63 20 53 63 2
25 56 79 58 71 13 67
17 53 65 53 71 4 63
76 37 66 7 4 61 33
10 34 39 53 71 4 50
66 30 59 26 4 79 32
45 10 46 28 24 32 19
73 39 55 38 51 63 14
35 42 19 60 53 10 14
34 21 34 53 71 4 58
66 30 59 28 24 32 27
10 34 39 7 4 61 37
40 66 56 44 0 55 66
28 24 32 32 75 41 51
58 71 13 75 22 31 52
77 30 20 72 66 24 36
5 53 28 12 65 22 13
73 39 55 62 69 19 46
17 53 65 11 59 10 55
34 21 34 60 53 10 40
37 74 33 20 53 63 36
31 60 63 9 10 61 50
72 66 24 39 56 29 11
44 0 55 13 47 50 47
31 60 63 61 64 8 55
48 42 44 6 50 4 40
11 59 10 77 30 20 30
35 42 19 72 66 24 24
32 75 41 7 4 61 73
22 24 9 75 22 31 22
70 47 8 54 72 59 56
40 66 56 19 63 20 36
58 71 13 39 56 29 21
54 72 59 47 71 50 9
13 47 50 61 64 8 45
6 50 4 61 64 8 14
3 21 43 26 4 79 39
53 71 4 3 21 43 63
20 53 63 54 72 59 19
75 22 31 17 53 65 46
44 0 55 50 12 71 20
45 10 46 22 24 9 39
54 72 59 67 45 3 62
52 74 12 73 39 55 55
42 56 54 67 45 3 52
4 66 26 31 60 63 37
75 22 31 38 51 63 43
62 69 19 35 42 19 27
15 34 24 27 48 48 27
14 65 6 19 63 20 14
13 47 50 77 30 20 34
23 38 40 6 50 4 37
8 58 37 74 59 35 2
73 39 55 49 29 20 36
22 24 9 51 61 74 74
62 69 19 13 47 50 38
30 26 5 77 30 20 15
28 24 32 20 53 63 42
9 10 61 45 10 46 15
23 38 40 70 47 8 33
79 1 50 29 13 77 29
18 58 31 40 66 56 26
4 66 26 58 71 13 13
72 66 24 69 53 71 48
44 0 55 67 45 3 68
71 40 61 44 0 55 40
5 53 28 63 35 48 26
22 24 9 59 9 28 24
57 35 48 45 10 46 25
30 26 5 12 65 22 42
78 71 43 26 4 79 76
73 39 55 0 49 40 18
64 29 27 30 26 5 22
70 47 8 4 66 26 26
13 47 50 24 73 72 34
66 30 59 8 58 37 35
55 57 25 54 72 59 37
56 70 17 57 35 48 46
79 1 50 27 48 48 47
33 69 28 73 39 55 40
68 43 47 52 74 12 46
27 48 48 32 75 41 27
3 21 43 27 48 48 27
48 42 44 55 57 25 24
4 66 26 37 74 33 10
54 72 59 64 29 27 53
24 73 72 26 4 79 69
66 30 59 75 22 31 29
54 72 59 36 15 2 80
68 43 47 59 9 28 38
57 35 48 37 74 33 41
57 35 48 69 53 71 29
25 56 79 38 51 63 16
17 53 65 49 29 20 51
19 63 20 18 58 31 12
7 4 61 25 56 79 55
16 60 0 53 71 4 11
66 30 59 73 39 55 9
74 59 35 14 65 6 29
4 66 26 46 15 26 51
1 15 55 51 61 74 49
61 64 8 79 1 50 75
10 34 39 22 24 9 31
13 47 50 36 15 2 57
68 43 47 62 69 19 38
14 65 6 13 47 50 47
64 29 27 51 61 74 56
25 56 79 71 40 61 24
58 71 13 23 38 40 42
0 49 40 66 30 59 26
65 48 31 14 65 6 30
62 69 19 12 65 22 5
11 59 10 9 10 61 70
4 66 26 53 71 4 22
24 73 72 68 43 47 39
64 29 27 10 34 39 13
12 65 22 34 21 34 45
49 29 20 15 34 24 6
29 13 77 5 53 28 63
50 12 71 7 4 61 12
0 49 40 69 53 71 31
44 0 55 26 4 79 24
47 71 50 69 53 71 27
16 60 0 59 9 28 58
65 48 31 78 71 43 25
40 66 56 21 60 74 18
29 13 77 60 53 10 78
16 60 0 71 40 61 64
19 63 20 38 51 63 44
0 49 40 33 69 28 23
17 53 65 76 37 66 16
34 21 34 0 49 40 28
69 53 71 45 10 46 49
48 42 44 76 37 66 22
25 56 79 8 58 37 42
16 60 0 47 71 50 51
30 26 5 74 59 35 44
71 40 61 29 13 77 31
45 10 46 74 59 35 50
10 34 39 14 65 6 45
9 10 61 28 24 32 32
51 61 74 76 37 66 25
1 15 55 9 10 61 7
6 50 4 40 66 56 54
38 51 63 22 24 9 60
63 35 48 64 29 27 21
37 74 33 54 72 59 26
24 73 72 23 38 40 47
42 56 54 31 60 63 9
79 1 50 8 58 37 58
44 0 55 37 74 33 77
6 50 4 0 49 40 36
48 42 44 59 9 28 36
0 49 40 62 69 19 29
36 15 2 38 51 63 70
28 24 32 43 65 12 45
2 72 63 38 51 63 21
74 59 35 32 75 41 17
75 22 31 71 40 61 34
64 29 27 46 15 26 14
23 38 40 13 47 50 13
32 75 41 31 60 63 26
0 49 40 38 51 63 23
66 30 59 49 29 20 39
1 15 55 17 53 65 39
0 49 40 27 48 48 8
6 50 4 51 61 74 70
43 65 12 49 29 20 36
40 66 56 66 30 59 36
65 48 31 43 65 12 25
77 30 20 3 21 43 24
2 72 63 37 74 33 30
70 47 8 14 65 6 18
37 74 33 24 73 72 39
15 34 24 57 35 48 24
27 48 48 22 24 9 45
40 66 56 39 56 29 28
79 1 50 42 56 54 55
62 69 19 77 30 20 39
61 64 8 24 73 72 64
56 70 17 66 30 59 58
72 66 24 55 57 25 9
51 61 74 75 22 31 58
70 47 8 79 1 50 62
39 56 29 12 65 22 11
7 4 61 68 43 47 41
10 34 39 1 15 55 24
36 15 2 77 30 20 23
19 63 20 45 10 46 59
52 74 12 57 35 48 53
37 74 33 10 34 39 40
12 65 22 69 53 71 50
74 59 35 73 39 55 28
1 15 55 4 66 26 58
4 66 26 19 63 20 6
58 71 13 10 34 39 45
13 47 50 75 22 31 31
77 30 20 42 56 54 42
38 51 63 16 60 0 63
54 72 59 63 35 48 38
37 74 33 8 58 37 16
39 56 29 5 53 28 3
21 60 74 79 1 50 63
52 74 12 5 53 28 26
49 29 20 77 30 20 1
25 56 79 23 38 40 42
32 75 41 53 71 4 37
57 35 48 19 63 20 39
64 29 27 45 10 46 26
74 59 35 61 64 8 27
42 56 54 2 72 63 18
20 53 63 48 42 44 21
68 43 47 50 12 71 39
34 21 34 1 15 55 21
5 53 28 0 49 40 12
70 47 8 27 48 48 40
64 29 27 25 56 79 58
30 26 5 79 1 50 51
72 66 24 76 37 66 51
0 49 40 32 75 41 26
24 73 72 12 65 22 50
70 47 8 24 73 72 69
33 69 28 68 43 47 32
71 40 61 8 58 37 30
72 66 24 52 74 12 14
70 47 8 7 4 61 68
57 35 48 41 27 3 45
23 38 40 54 72 59 38
43 65 12 14 65 6 6
1 15 55 12 65 22 59
27 48 48 29 13 77 45
14 65 6 73 39 55 55
10 34 39 24 73 72 51
64 29 27 49 29 20 7
46 15 26 42 56 54 49
60 53 10 43 65 12 12
64 29 27 16 60 0 41
65 48 31 28 24 32 24
37 74 33 50 12 71 72
1 15 55 77 30 20 38
76 37 66 22 24 9 58
63 35 48 33 69 28 39
43 65 12 13 47 50 42
44 0 55 32 75 41 76
23 38 40 63 35 48 8
24 73 72 34 21 34 64
55 57 25 33 69 28 12
62 69 19 21 60 74 55
13 47 50 25 56 79 30
68 43 47 13 47 50 5
2 72 63 48 42 44 35
59 9 28 1 15 55 27
26 4 79 65 48 31 65
76 37 66 0 49 40 28
35 42 19 68 43 47 28
37 74 33 72 66 24 12
70 47 8 16 60 0 15
3 21 43 55 57 25 40
62 69 19 64 29 27 40
46 15 26 28 24 32 10
5 53 28 55 57 25 5
58 71 13 61 64 8 8
69 53 71 79 1 50 56
66 30 59 52 74 12 64
66 30 59 23 38 40 20
39 56 29 43 65 12 19
65 48 31 77 30 20 21
56 70 17 77 30 20 40
64 29 27 23 38 40 15
28 24 32 41 27 3 29
41 27 3 17 53 65 67
18 58 31 67 45 3 30
70 47 8 61 64 8 17
69 53 71 17 53 65 6
60 53 10 45 10 46 56
55 57 25 73 39 55 34
31 60 63 39 56 29 34
29 13 77 36 15 2 75
28 24 32 39 56 29 32
66 30 59 62 69 19 55
71 40 61 18 58 31 34
32 75 41 47 71 50 9
5 53 28 30 26 5 35
47 71 50 8 58 37 18
61 64 8 51 61 74 66
52 74 12 79 1 50 82
12 65 22 43 65 12 10
15 34 24 8 58 37 27
0 49 40 47 71 50 24
14 65 6 3 21 43 57
29 13 77 68 43 47 42
29 13 77 28 24 32 46
59 9 28 72 66 24 57
68 43 47 57 35 48 8
21 60 74 64 29 27 56
47 71 50 73 39 55 32
45 10 46 25 56 79 56
58 71 13 50 12 71 82
54 72 59 65 48 31 36
64 29 27 67 45 3 28
23 38 40 18 58 31 21
15 34 24 61 64 8 34
41 27 3 18 58 31 41
41 27 3 40 66 56 65
53 71 4 41 27 3 44
7 4 61 11 59 10 75
45 10 46 70 47 8 53
28 24 32 57 35 48 19
67 45 3 11 59 10 15
65 48 31 48 42 44 14
61 64 8 59 9 28 58
78 71 43 43 65 12 31
31 60 63 8 58 37 26
45 10 46 1 15 55 10
73 39 55 50 12 71 31
27 48 48 16 60 0 49
8 58 37 62 69 19 21
75 22 31 14 65 6 49
61 64 8 76 37 66 63
73 39 55 13 47 50 9
6 50 4 60 53 10 6
8 58 37 41 27 3 46
37 74 33 14 65 6 28
29 13 77 46 15 26 51
9 10 61 6 50 4 69
51 61 74 21 60 74 1
79 1 50 17 53 65 54
70 47 8 51 61 74 67
7 4 61 52 74 12 85
5 53 28 54 72 59 36
19 63 20 21 60 74 54
1 15 55 63 35 48 21
46 15 26 21 60 74 65
50 12 71 63 35 48 32
14 65 6 49 29 20 38
79 1 50 28 24 32 29
66 30 59 59 9 28 37
58 71 13 9 10 61 77
19 63 20 30 26 5 39
32 75 41 63 35 48 40
7 4 61 41 27 3 62
76 37 66 68 43 47 19
41 27 3 52 74 12 47
24 73 72 58 71 13 59
74 59 35 35 42 19 23
41 27 3 75 22 31 28
77 30 20 21 60 74 61
15 34 24 24 73 72 61
22 24 9 78 71 43 58
32 75 41 61 64 8 34
52 74 12 11 59 10 15
59 9 28 69 53 71 61
69 53 71 37 74 33 43
74 59 35 44 0 55 62
66 30 59 6 50 4 58
15 34 24 17 53 65 45
32 75 41 16 60 0 43
26 4 79 52 74 12 96
63 35 48 38 51 63 21
11 59 10 29 13 77 81
62 69 19 45 10 46 64
19 63 20 15 34 24 29
1 15 55 41 27 3 53
19 63 20 75 22 31 42
77 30 20 40 66 56 50
77 30 20 69 53 71 55
73 39 55 58 71 13 52
39 56 29 74 59 35 6
53 71 4 13 47 50 51
5 53 28 42 56 54 26
47 71 50 2 72 63 13
74 59 35 33 69 28 12
13 47 50 69 53 71 21
8 58 37 19 63 20 17
33 69 28 14 65 6 22
71 40 61 30 26 5 57
53 71 4 43 65 12 10
30 26 5 13 47 50 49
29 13 77 57 35 48 36
64 29 27 27 48 48 28
20 53 63 45 10 46 46
44 0 55 7 4 61 7
48 42 44 42 56 54 17
27 48 48 26 4 79 53
74 59 35 77 30 20 32
62 69 19 47 71 50 31
38 51 63 55 57 25 38
25 56 79 78 71 43 39
7 4 61 51 61 74 58
61 64 8 46 15 26 52
34 21 34 11 59 10 44
28 24 32 61 64 8 46
66 30 59 41 27 3 56
10 34 39 36 15 2 41
63 35 48 36 15 2 50
52 74 12 50 12 71 85
16 60 0 29 13 77 90
16 60 0 33 69 28 29
3 21 43 40 66 56 46
46 15 26 0 49 40 36
21 60 74 52 74 12 63
12 65 22 13 47 50 33
19 63 20 20 53 63 44
20 53 63 64 29 27 43
41 27 3 64 29 27 24
77 30 20 43 65 12 35
3 21 43 6 50 4 48
79 1 50 7 4 61 11
28 24 32 23 38 40 16
17 53 65 57 35 48 24
6 50 4 49 29 20 26
41 27 3 71 40 61 59
3 21 43 59 9 28 19
55 57 25 50 12 71 64
47 71 50 10 34 39 38
16 60 0 11 59 10 10
2 72 63 68 43 47 33
59 9 28 4 66 26 57
49 29 20 18 58 31 31
39 56 29 27 48 48 20
8 58 37 57 35 48 25
64 29 27 8 58 37 30
16 60 0 22 24 9 37
79 1 50 10 34 39 34
53 71 4 51 61 74 70
11 59 10 74 59 35 25
67 45 3 21 60 74 72
6 50 4 75 22 31 38
53 71 4 67 45 3 26
39 56 29 62 69 19 16
46 15 26 1 15 55 29
51 61 74 25 56 79 7
63 35 48 47 71 50 36
3 21 43 10 34 39 13
73 39 55 67 45 3 52
22 24 9 53 71 4 47
21 60 74 5 53 28 46
21 60 74 1 15 55 48
63 35 48 48 42 44 8
40 66 56 29 13 77 57
47 71 50 61 64 8 42
11 59 10 41 27 3 32
26 4 79 25 56 79 52
73 39 55 9 10 61 29
71 40 61 4 66 26 43
4 66 26 50 12 71 70
65 48 31 50 12 71 53
12 65 22 41 27 3 42
60 53 10 46 15 26 41
20 53 63 65 48 31 32
65 48 31 71 40 61 31
31 60 63 16 60 0 63
26 4 79 15 34 24 62
63 35 48 69 53 71 29
64 29 27 14 65 6 41
75 22 31 64 29 27 8
15 34 24 20 53 63 43
74 59 35 15 34 24 27
43 65 12 4 66 26 14
24 73 72 16 60 0 73
55 57 25 63 35 48 31
78 71 43 64 29 27 44
9 10 61 25 56 79 49
9 10 61 79 1 50 14
22 24 9 43 65 12 41
35 42 19 77 30 20 12
21 60 74 15 34 24 56
46 15 26 78 71 43 58
56 70 17 67 45 3 28
46 15 26 54 72 59 65
66 30 59 46 15 26 36
2 72 63 63 35 48 39
8 58 37 69 53 71 34
18 58 31 56 70 17 18
51 61 74 5 53 28 46
56 70 17 38 51 63 49
38 51 63 7 4 61 47
75 22 31 21 60 74 57
61 64 8 0 49 40 35
79 1 50 45 10 46 9
2 72 63 54 72 59 4
17 53 65 58 71 13 55
21 60 74 73 39 55 28
23 38 40 17 53 65 29
45 10 46 63 35 48 25
58 71 13 78 71 43 30
54 72 59 29 13 77 61
61 64 8 41 27 3 37
0 49 40 57 35 48 16
18 58 31 9 10 61 56
18 58 31 32 75 41 19
60 53 10 79 1 50 65
54 72 59 10 34 39 42
50 12 71 38 51 63 39
1 15 55 38 51 63 36
31 60 63 74 59 35 28
41 27 3 73 39 55 53
12 65 22 61 64 8 14
11 59 10 30 26 5 33
47 71 50 45 10 46 61
27 48 48 69 53 71 23
55 57 25 41 27 3 37
60 53 10 48 42 44 35
78 71 43 3 21 43 50
46 15 26 62 69 19 54
52 74 12 44 0 55 85
65 48 31 39 56 29 8
25 56 79 42 56 54 25
63 35 48 43 65 12 46
56 70 17 64 29 27 42
75 22 31 9 10 61 32
34 21 34 73 39 55 27
44 0 55 45 10 46 13
3 21 43 74 59 35 38
30 26 5 17 53 65 65
61 64 8 48 42 44 42
69 53 71 18 58 31 40
13 47 50 66 30 59 19
14 65 6 20 53 63 58
35 42 19 76 37 66 47
48 42 44 45 10 46 32
76 37 66 8 58 37 35
34 21 34 62 69 19 50
31 60 63 10 34 39 35
5 53 28 78 71 43 23
19 63 20 32 75 41 24
44 0 55 14 65 6 81
20 53 63 6 50 4 59
40 66 56 45 10 46 56
66 30 59 72 66 24 50
52 74 12 47 71 50 38
53 71 4 1 15 55 75
9 10 61 76 37 66 27
35 42 19 69 53 71 53
77 30 20 64 29 27 7
44 0 55 21 60 74 62
30 26 5 73 39 55 51
73 39 55 53 71 4 60
15 34 24 55 57 25 23
19 63 20 16 60 0 20
2 72 63 61 64 8 55
67 45 3 59 9 28 43
75 22 31 55 57 25 35
62 69 19 17 53 65 48
57 35 48 44 0 55 35
56 70 17 34 21 34 51
73 39 55 16 60 0 58
40 66 56 65 48 31 30
52 74 12 31 60 63 52
25 56 79 60 53 10 69
31 60 63 22 24 9 64
44 0 55 24 73 72 74
21 60 74 3 21 43 49
10 34 39 16 60 0 46
70 47 8 26 4 79 83
26 4 79 29 13 77 9
69 53 71 34 21 34 48
6 50 4 8 58 37 33
0 49 40 11 59 10 31
59 9 28 64 29 27 20
62 69 19 67 45 3 28
33 69 28 78 71 43 15
52 74 12 48 42 44 45
75 22 31 76 37 66 38
11 59 10 64 29 27 34
69 53 71 31 60 63 10
41 27 3 24 73 72 82
12 65 22 48 42 44 31
17 53 65 55 57 25 40
29 13 77 43 65 12 83
61 64 8 64 29 27 39
64 29 27 22 24 9 18
10 34 39 67 45 3 37
21 60 74 17 53 65 11
31 60 63 37 74 33 33
59 9 28 44 0 55 28
39 56 29 30 26 5 38
3 21 43 25 56 79 50
16 60 0 5 53 28 28
76 37 66 31 60 63 23
38 51 63 64 29 27 42
58 71 13 44 0 55 82
8 58 37 14 65 6 31
1 15 55 67 45 3 60
9 10 61 17 53 65 43
76 37 66 24 73 72 36
6 50 4 54 72 59 59
40 66 56 1 15 55 51
56 70 17 22 24 9 46
76 37 66 69 53 71 16
5 53 28 49 29 20 25
18 58 31 12 65 22 11
3 21 43 15 34 24 23
18 58 31 65 48 31 10
66 30 59 9 10 61 20
65 48 31 59 9 28 39
38 51 63 42 56 54 10
52 74 12 42 56 54 45
5 53 28 27 48 48 20
62 69 19 30 26 5 45
68 43 47 46 15 26 35
17 53 65 31 60 63 7
43 65 12 74 59 35 23
43 65 12 48 42 44 39
74 59 35 34 21 34 38
18 58 31 59 9 28 49
60 53 10 57 35 48 42
9 10 61 44 0 55 11
14 65 6 71 40 61 60
63 35 48 24 73 72 44
12 65 22 31 60 63 41
2 72 63 51 61 74 15
75 22 31 16 60 0 49
43 65 12 6 50 4 17
40 66 56 60 53 10 47
57 35 48 43 65 12 46
26 4 79 18 58 31 72
12 65 22 15 34 24 31
59 9 28 39 56 29 47
52 74 12 10 34 39 48
16 60 0 20 53 63 63
47 71 50 55 57 25 28
14 65 6 2 72 63 57
36 15 2 61 64 8 49
18 58 31 15 34 24 25
21 60 74 43 65 12 62
34 21 34 57 35 48 19
36 15 2 71 40 61 64
49 29 20 78 71 43 47
32 75 41 9 10 61 68
22 24 9 11 59 10 35
37 74 33 12 65 22 14
51 61 74 42 56 54 20
71 40 61 62 69 19 51
8 58 37 7 4 61 59
45 10 46 38 51 63 44
79 1 50 58 71 13 79
29 13 77 23 38 40 44
12 65 22 67 45 3 27
17 53 65 51 61 74 12
53 71 4 40 66 56 52
74 59 35 55 57 25 10
19 63 20 11 59 10 10
63 35 48 17 53 65 24
11 59 10 46 15 26 46
43 65 12 26 4 79 90
41 27 3 23 38 40 38
76 37 66 63 35 48 18
66 30 59 18 58 31 39
13 47 50 3 21 43 26
74 59 35 54 72 59 27
30 26 5 10 34 39 34
21 60 74 56 70 17 57
60 53 10 20 53 63 53
54 72 59 24 73 72 13
49 29 20 74 59 35 33
42 56 54 37 74 33 27
52 74 12 51 61 74 63
0 49 40 12 65 22 24
2 72 63 10 34 39 44
23 38 40 38 51 63 26
79 1 50 71 40 61 40
14 65 6 76 37 66 66
5 53 28 41 27 3 36
31 60 63 23 38 40 31
60 53 10 10 34 39 34
34 21 34 67 45 3 39
29 13 77 34 21 34 43
63 35 48 10 34 39 9
46 15 26 53 71 4 60
35 42 19 21 60 74 57
32 75 41 39 56 29 22
29 13 77 30 26 5 73
34 21 34 13 47 50 30
76 37 66 10 34 39 27
37 74 33 63 35 48 41
49 29 20 55 57 25 28
11 59 10 79 1 50 70
4 66 26 77 30 20 36
58 71 13 21 60 74 61
4 66 26 34 21 34 45
26 4 79 42 56 54 57
3 21 43 57 35 48 14
77 30 20 50 12 71 54
59 9 28 5 53 28 44
64 29 27 47 71 50 47
61 64 8 42 56 54 46
65 48 31 45 10 46 40
69 53 71 44 0 55 55
32 75 41 30 26 5 60
54 72 59 51 61 74 18
5 53 28 70 47 8 20
42 56 54 8 58 37 17
62 69 19 69 53 71 54
25 56 79 44 0 55 60
31 60 63 13 47 50 18
15 34 24 41 27 3 22
70 47 8 55 57 25 19
66 30 59 64 29 27 32
62 69 19 76 37 66 56
27 48 48 65 48 31 17
79 1 50 55 57 25 61
79 1 50 0 49 40 49
57 35 48 64 29 27 21
2 72 63 33 69 28 35
65 48 31 67 45 3 28
6 50 4 22 24 9 26
58 71 13 3 21 43 58
47 71 50 39 56 29 25
22 24 9 50 12 71 63
30 26 5 8 58 37 45
27 48 48 77 30 20 33
29 13 77 73 39 55 34
18 58 31 6 50 4 28
32 75 41 20 53 63 31
19 63 20 36 15 2 51
18 58 31 60 53 10 21
10 34 39 33 69 28 36
68 43 47 6 50 4 43
26 4 79 68 43 47 50
29 13 77 19 63 20 75
21 60 74 24 73 72 13
45 10 46 26 4 79 33
15 34 24 5 53 28 19
27 48 48 41 27 3 49
53 71 4 33 69 28 24
27 48 48 36 15 2 56
73 39 55 48 42 44 11
14 65 6 55 57 25 20
14 65 6 0 49 40 37
47 71 50 58 71 13 37
24 73 72 78 71 43 29
69 53 71 28 24 32 48
51 61 74 8 58 37 37
74 59 35 6 50 4 32
55 57 25 32 75 41 24
50 12 71 11 59 10 77
24 73 72 1 15 55 60
68 43 47 17 53 65 20
7 4 61 57 35 48 33
57 35 48 36 15 2 50
77 30 20 70 47 8 20
56 70 17 72 66 24 8
76 37 66 4 66 26 49
20 53 63 4 66 26 39
30 26 5 65 48 31 34
43 65 12 61 64 8 4
44 0 55 15 34 24 46
45 10 46 77 30 20 32
30 26 5 58 71 13 45
18 58 31 36 15 2 51
38 51 63 76 37 66 14
32 75 41 45 10 46 65
33 69 28 79 1 50 71
32 75 41 72 66 24 19
65 48 31 13 47 50 19
60 53 10 41 27 3 26
67 45 3 77 30 20 22
21 60 74 29 13 77 47
32 75 41 58 71 13 28
76 37 66 21 60 74 24
17 53 65 22 24 9 63
75 22 31 74 59 35 37
27 48 48 18 58 31 19
56 70 17 44 0 55 79
61 64 8 72 66 24 16
0 49 40 45 10 46 39
45 10 46 37 74 33 65
66 30 59 54 72 59 42
36 15 2 6 50 4 35
64 29 27 50 12 71 47
6 50 4 28 24 32 38
9 10 61 7 4 61 6
45 10 46 73 39 55 30
8 58 37 29 13 77 60
79 1 50 48 42 44 41
3 21 43 16 60 0 58
49 29 20 27 48 48 33
35 42 19 53 71 4 32
13 47 50 46 15 26 40
48 42 44 31 60 63 26
63 35 48 15 34 24 24
75 22 31 20 53 63 44
18 58 31 8 58 37 6
8 58 37 36 15 2 55
27 48 48 56 70 17 38
5 53 28 9 10 61 54
5 53 28 58 71 13 23
1 15 55 72 66 24 59
78 71 43 9 10 61 63
51 61 74 38 51 63 14
38 51 63 48 42 44 21
73 39 55 43 65 12 50
40 66 56 36 15 2 74
45 10 46 2 72 63 64
25 56 79 79 1 50 62
74 59 35 59 9 28 50
58 71 13 65 48 31 29
47 71 50 49 29 20 51
27 48 48 43 65 12 39
72 66 24 75 22 31 44
15 34 24 16 60 0 35
25 56 79 61 64 8 71
3 21 43 43 65 12 53
9 10 61 27 48 48 40
36 15 2 4 66 26 56
2 72 63 22 24 9 72
44 0 55 76 37 66 38
55 57 25 4 66 26 9
51 61 74 35 42 19 58
34 21 34 7 4 61 31
55 57 25 60 53 10 15
64 29 27 7 4 61 42
72 66 24 49 29 20 37
72 66 24 26 4 79 82
25 56 79 31 60 63 16
13 47 50 1 15 55 32
1 15 55 58 71 13 70
51 61 74 10 34 39 44
19 63 20 51 61 74 54
2 72 63 59 9 28 72
8 58 37 61 64 8 29
5 53 28 32 75 41 25
30 26 5 23 38 40 37
14 65 6 27 48 48 45
4 66 26 68 43 47 31
46 15 26 6 50 4 41
65 48 31 55 57 25 10
16 60 0 78 71 43 44
68 43 47 31 60 63 23
70 47 8 28 24 32 33
3 21 43 29 13 77 34
49 29 20 11 59 10 31
61 64 8 78 71 43 35
22 24 9 9 10 61 53
62 69 19 1 15 55 64
37 74 33 77 30 20 45
49 29 20 51 61 74 62
49 29 20 60 53 10 26
4 66 26 29 13 77 73
71 40 61 19 63 20 47
43 65 12 79 1 50 74
3 21 43 34 21 34 9
16 60 0 14 65 6 7
26 4 79 71 40 61 40
79 1 50 13 47 50 46
53 71 4 11 59 10 13
6 50 4 33 69 28 30
52 74 12 45 10 46 72
28 24 32 75 22 31 2
58 71 13 56 70 17 4
36 15 2 53 71 4 56
49 29 20 21 60 74 62
30 26 5 55 57 25 36
39 56 29 16 60 0 29
62 69 19 49 29 20 40
23 38 40 72 66 24 32
36 15 2 24 73 72 90
78 71 43 27 48 48 23
43 65 12 18 58 31 20
23 38 40 44 0 55 40
18 58 31 54 72 59 31
46 15 26 25 56 79 67
73 39 55 75 22 31 29
62 69 19 41 27 3 44
51 61 74 55 57 25 49
11 59 10 10 34 39 38
37 74 33 25 56 79 49
9 10 61 46 15 26 35
27 48 48 68 43 47 5
63 35 48 62 69 19 44
62 69 19 56 70 17 2
17 53 65 66 30 59 23
73 39 55 2 72 63 33
26 4 79 61 64 8 92
2 72 63 75 22 31 59
78 71 43 48 42 44 29
10 34 39 45 10 46 25
77 30 20 51 61 74 62
75 22 31 44 0 55 32
49 29 20 41 27 3 17
0 49 40 30 26 5 41
49 29 20 37 74 33 46
60 53 10 67 45 3 10
43 65 12 16 60 0 13
26 4 79 4 66 26 81
39 56 29 10 34 39 24
53 71 4 66 30 59 68
61 64 8 21 60 74 66
35 42 19 79 1 50 51
45 10 46 39 56 29 49
26 4 79 63 35 48 43
14 65 6 31 60 63 57
75 22 31 67 45 3 36
48 42 44 77 30 20 26
79 1 50 31 60 63 60
74 59 35 41 27 3 45
61 64 8 40 66 56 48
30 26 5 2 72 63 74
29 13 77 24 73 72 60
34 21 34 58 71 13 54
30 26 5 47 71 50 63
66 30 59 3 21 43 18
51 61 74 11 59 10 64
52 74 12 74 59 35 27
7 4 61 56 70 17 79
62 69 19 19 63 20 6
0 49 40 60 53 10 30
21 60 74 66 30 59 33
43 65 12 33 69 28 16
39 56 29 48 42 44 20
5 53 28 31 60 63 35
53 71 4 65 48 31 35
46 15 26 34 21 34 10
51 61 74 9 10 61 52
30 26 5 72 66 24 44
69 53 71 14 65 6 66
7 4 61 77 30 20 48
10 34 39 65 48 31 16
13 47 50 71 40 61 13
11 59 10 40 66 56 46
65 48 31 34 21 34 27
5 53 28 73 39 55 30
77 30 20 8 58 37 32
75 22 31 26 4 79 51
77 30 20 60 53 10 25
24 73 72 48 42 44 41
78 71 43 53 71 4 39
42 56 54 72 66 24 31
59 9 28 51 61 74 69
22 24 9 44 0 55 51
72 66 24 27 48 48 30
27 48 48 40 66 56 19
3 21 43 11 59 10 50
56 70 17 71 40 61 53
58 71 13 55 57 25 18
46 15 26 76 37 66 45
54 72 59 42 56 54 16
42 56 54 43 65 12 42
21 60 74 48 42 44 34
12 65 22 38 51 63 43
64 29 27 37 74 33 45
30 26 5 51 61 74 77
24 73 72 55 57 25 49
23 38 40 45 10 46 28
6 50 4 7 4 61 73
58 71 13 31 60 63 51
72 66 24 2 72 63 39
54 72 59 53 71 4 55
27 48 48 57 35 48 13
6 50 4 35 42 19 17
8 58 37 33 69 28 14
60 53 10 47 71 50 43
70 47 8 25 56 79 71
67 45 3 22 24 9 21
65 48 31 62 69 19 24
15 34 24 11 59 10 28
60 53 10 9 10 61 66
43 65 12 1 15 55 65
21 60 74 59 9 28 68
57 35 48 49 29 20 28
26 4 79 51 61 74 57
69 53 71 51 61 74 8
30 26 5 49 29 20 15
47 71 50 17 53 65 23
35 42 19 66 30 59 41
21 60 74 54 72 59 19
11 59 10 65 48 31 23
16 60 0 23 38 40 45
20 53 63 50 12 71 41
17 53 65 48 42 44 23
75 22 31 30 26 5 26
34 21 34 39 56 29 35
44 0 55 60 53 10 69
38 51 63 65 48 31 32
45 10 46 31 60 63 52
66 30 59 42 56 54 26
5 53 28 11 59 10 18
4 66 26 73 39 55 39
1 15 55 76 37 66 24
14 65 6 22 24 9 41
38 51 63 30 26 5 63
41 27 3 58 71 13 45
57 35 48 9 10 61 28
33 69 28 12 65 22 7
39 56 29 33 69 28 13
64 29 27 18 58 31 29
12 65 22 79 1 50 69
76 37 66 47 71 50 37
76 37 66 12 65 22 52
10 34 39 55 57 25 26
25 56 79 21 60 74 6
2 72 63 76 37 66 35
22 24 9 33 69 28 48
67 45 3 47 71 50 53
53 71 4 15 34 24 42
76 37 66 11 59 10 60
50 12 71 35 42 19 60
37 74 33 75 22 31 52
68 43 47 49 29 20 30
60 53 10 33 69 28 24
64 29 27 28 24 32 7
55 57 25 78 71 43 22
37 74 33 3 21 43 53
25 56 79 49 29 20 64
56 70 17 46 15 26 55
58 71 13 13 47 50 44
57 35 48 1 15 55 21
24 73 72 33 69 28 44
32 75 41 34 21 34 54
35 42 19 43 65 12 24
28 24 32 11 59 10 41
10 34 39 23 38 40 4
6 50 4 56 70 17 23
32 75 41 70 47 8 43
38 51 63 10 34 39 29
1 15 55 23 38 40 27
33 69 28 32 75 41 14
58 71 13 19 63 20 10
66 30 59 44 0 55 30
8 58 37 65 48 31 11
78 71 43 31 60 63 22
76 37 66 16 60 0 69
5 53 28 50 12 71 59
28 24 32 22 24 9 23
18 58 31 68 43 47 21
42 56 54 57 35 48 21
56 70 17 55 57 25 15
59 9 28 20 53 63 56
41 27 3 50 12 71 69
69 53 71 32 75 41 37
49 29 20 7 4 61 48
10 34 39 75 22 31 14
32 75 41 14 65 6 36
15 34 24 34 21 34 16
23 38 40 46 15 26 26
62 69 19 79 1 50 74
36 15 2 25 56 79 87
5 53 28 26 4 79 70
75 22 31 5 53 28 31
71 40 61 78 71 43 35
34 21 34 10 34 39 13
78 71 43 41 27 3 59
0 49 40 50 12 71 48
56 70 17 19 63 20 7
66 30 59 22 24 9 50
70 47 8 72 66 24 24
23 38 40 48 42 44 5
66 30 59 30 26 5 54
76 37 66 41 27 3 63
65 48 31 7 4 61 53
68 43 47 55 57 25 26
4 66 26 65 48 31 18
48 42 44 13 47 50 7
42 56 54 70 47 8 46
76 37 66 45 10 46 33
64 29 27 52 74 12 47
33 69 28 4 66 26 3
39 56 29 22 24 9 37
61 64 8 71 40 61 58
49 29 20 31 60 63 53
62 69 19 27 48 48 35
0 49 40 39 56 29 13
20 53 63 10 34 39 30
49 29 20 16 60 0 36
79 1 50 24 73 72 75
44 0 55 42 56 54 56
67 45 3 17 53 65 62
45 10 46 75 22 31 19
19 63 20 0 49 40 24
30 26 5 78 71 43 58
60 53 10 4 66 26 20
13 47 50 21 60 74 27
42 56 54 1 15 55 41
16 60 0 79 1 50 77
72 66 24 58 71 13 12
65 48 31 17 53 65 34
69 53 71 3 21 43 42
67 45 3 70 47 8 5
65 48 31 37 74 33 26
66 30 59 1 15 55 15
42 56 54 15 34 24 37
13 47 50 50 12 71 40
36 15 2 21 60 74 84
53 71 4 71 40 61 64
67 45 3 69 53 71 68
62 69 19 31 60 63 44
57 35 48 32 75 41 40
73 39 55 69 53 71 21
22 24 9 20 53 63 61
17 53 65 40 66 56 15
40 66 56 15 34 24 45
69 53 71 1 15 55 41
63 35 48 44 0 55 35
0 49 40 63 35 48 16
4 66 26 22 24 9 45
64 29 27 71 40 61 35
29 13 77 10 34 39 43
32 75 41 2 72 63 22
21 60 74 16 60 0 74
9 10 61 38 51 63 41
8 58 37 24 73 72 38
47 71 50 71 40 61 32
43 65 12 62 69 19 8
41 27 3 0 49 40 43
3 21 43 19 63 20 47
74 59 35 21 60 74 39
74 59 35 23 38 40 21
65 48 31 61 64 8 28
65 48 31 68 43 47 16
59 9 28 35 42 19 34
52 74 12 35 42 19 32
12 65 22 78 71 43 21
63 35 48 71 40 61 13
4 66 26 67 45 3 31
55 57 25 22 24 9 36
20 53 63 5 53 28 35
18 58 31 29 13 77 64
15 34 24 77 30 20 5
8 58 37 67 45 3 36
67 45 3 0 49 40 37
61 64 8 62 69 19 12
78 71 43 66 30 59 44
35 42 19 44 0 55 55
35 42 19 29 13 77 64
11 59 10 72 66 24 15
34 21 34 43 65 12 49
24 73 72 60 53 10 65
6 50 4 70 47 8 5
7 4 61 78 71 43 69
27 48 48 19 63 20 31
36 15 2 15 34 24 29
7 4 61 62 69 19 77
35 42 19 8 58 37 24
72 66 24 38 51 63 41
13 47 50 35 42 19 31
33 69 28 1 15 55 60
52 74 12 76 37 66 65
20 53 63 36 15 2 71
37 74 33 52 74 12 21
30 26 5 41 27 3 2
77 30 20 6 50 4 25
53 71 4 38 51 63 62
41 27 3 38 51 63 64
5 53 28 77 30 20 24
33 69 28 46 15 26 54
43 65 12 38 51 63 52
2 72 63 31 60 63 12
77 30 20 73 39 55 36
6 50 4 59 9 28 47
60 53 10 65 48 31 21
45 10 46 7 4 61 16
14 65 6 30 26 5 39
69 53 71 38 51 63 8
40 66 56 55 57 25 32
44 0 55 8 58 37 60
33 69 28 49 29 20 40
71 40 61 66 30 59 10
58 71 13 40 66 56 43
36 15 2 50 12 71 69
56 70 17 16 60 0 19
7 4 61 28 24 32 35
6 50 4 34 21 34 41
9 10 61 15 34 24 44
2 72 63 7 4 61 68
21 60 74 78 71 43 32
75 22 31 69 53 71 50
44 0 55 30 26 5 56
67 45 3 37 74 33 41
58 71 13 16 60 0 17
0 49 40 44 0 55 51
67 45 3 2 72 63 65
68 43 47 41 27 3 46
76 37 66 74 59 35 38
68 43 47 40 66 56 24
41 27 3 35 42 19 21
13 47 50 29 13 77 43
5 53 28 1 15 55 46
16 60 0 30 26 5 34
43 65 12 19 63 20 8
6 50 4 1 15 55 61
4 66 26 35 42 19 25
51 61 74 27 48 48 29
35 42 19 38 51 63 44
5 53 28 8 58 37 10
48 42 44 66 30 59 19
50 12 71 42 56 54 47
18 58 31 35 42 19 20
2 72 63 4 66 26 37
1 15 55 7 4 61 12
71 40 61 21 60 74 23
66 30 59 39 56 29 39
24 73 72 50 12 71 61
15 34 24 31 60 63 46
55 57 25 23 38 40 24
70 47 8 78 71 43 42
55 57 25 6 50 4 22
39 56 29 13 47 50 22
65 48 31 47 71 50 29
55 57 25 16 60 0 25
30 26 5 76 37 66 61
19 63 20 1 15 55 59
24 73 72 17 53 65 21
57 35 48 21 60 74 36
47 71 50 25 56 79 32
21 60 74 11 59 10 64
68 43 47 58 71 13 44
16 60 0 54 72 59 60
18 58 31 73 39 55 30
74 59 35 79 1 50 59
35 42 19 40 66 56 44
47 71 50 41 27 3 64
52 74 12 25 56 79 69
2 72 63 24 73 72 9
13 47 50 22 24 9 47
8 58 37 68 43 47 18
55 57 25 71 40 61 39
52 74 12 54 72 59 47
13 47 50 57 35 48 12
23 38 40 71 40 61 21
41 27 3 16 60 0 33
79 1 50 5 53 28 56
55 57 25 36 15 2 47
71 40 61 69 53 71 16
47 71 50 5 53 28 28
18 58 31 5 53 28 5
28 24 32 44 0 55 33
65 48 31 64 29 27 19
65 48 31 33 69 28 21
8 58 37 16 60 0 37
60 53 10 62 69 19 18
2 72 63 43 65 12 51
43 65 12 76 37 66 60
20 53 63 40 66 56 14
77 30 20 23 38 40 21
77 30 20 78 71 43 47
70 47 8 15 34 24 20
63 35 48 70 47 8 41
6 50 4 47 71 50 50
54 72 59 43 65 12 47
62 69 19 40 66 56 37
37 74 33 41 27 3 55
24 73 72 14 65 6 66
0 49 40 17 53 65 25
72 66 24 8 58 37 15
17 53 65 71 40 61 13
76 37 66 40 66 56 30
4 66 26 41 27 3 45
69 53 71 58 71 13 60
63 35 48 58 71 13 50
12 65 22 73 39 55 42
24 73 72 62 69 19 53
52 74 12 8 58 37 29
34 21 34 30 26 5 29
36 15 2 43 65 12 50
22 24 9 60 53 10 29
23 38 40 4 66 26 31
39 56 29 75 22 31 34
31 60 63 57 35 48 29
51 61 74 47 71 50 26
22 24 9 5 53 28 34
15 34 24 45 10 46 32
45 10 46 42 56 54 46
43 65 12 56 70 17 7
16 60 0 12 65 22 22
47 71 50 18 58 31 23
60 53 10 15 34 24 23
74 59 35 5 53 28 9
65 48 31 70 47 8 23
51 61 74 14 65 6 68
18 58 31 33 69 28 11
76 37 66 29 13 77 26
9 10 61 59 9 28 33
14 65 6 15 34 24 35
54 72 59 61 64 8 51
15 34 24 50 12 71 51
78 71 43 18 58 31 17
1 15 55 64 29 27 31
53 71 4 74 59 35 33
50 12 71 17 53 65 41
9 10 61 49 29 20 45
79 1 50 53 71 4 83
32 75 41 41 27 3 61
38 51 63 28 24 32 41
69 53 71 20 53 63 8
51 61 74 33 69 28 46
59 9 28 50 12 71 43
47 71 50 70 47 8 48
35 42 19 30 26 5 21
55 57 25 31 60 63 38
73 39 55 79 1 50 38
13 47 50 10 34 39 17
37 74 33 23 38 40 36
69 53 71 16 60 0 71
60 53 10 28 24 32 36
37 74 33 30 26 5 55
30 26 5 25 56 79 79
10 34 39 27 48 48 16
54 72 59 7 4 61 68
31 60 63 56 70 17 47
65 48 31 12 65 22 19
39 56 29 67 45 3 28
3 21 43 8 58 37 37
71 40 61 38 51 63 11
76 37 66 27 48 48 21
1 15 55 29 13 77 22
41 27 3 25 56 79 81
52 74 12 32 75 41 29
25 56 79 14 65 6 73
4 66 26 17 53 65 41
28 24 32 3 21 43 11
35 42 19 22 24 9 20
75 22 31 77 30 20 13
79 1 50 15 34 24 42
26 4 79 20 53 63 51
47 71 50 56 70 17 33
78 71 43 60 53 10 37
6 50 4 21 60 74 70
44 0 55 18 58 31 62
19 63 20 64 29 27 34
41 27 3 45 10 46 46
46 15 26 52 74 12 60
48 42 44 58 71 13 42
6 50 4 31 60 63 59
2 72 63 64 29 27 56
71 40 61 67 45 3 58
11 59 10 71 40 61 54
40 66 56 0 49 40 23
24 73 72 42 56 54 24
4 66 26 12 65 22 4
27 48 48 50 12 71 42
77 30 20 17 53 65 50
17 53 65 18 58 31 34
78 71 43 75 22 31 50
20 53 63 8 58 37 26
62 69 19 75 22 31 48
20 53 63 58 71 13 53
73 39 55 35 42 19 36
3 21 43 38 51 63 36
24 73 72 45 10 46 68
19 63 20 13 47 50 34
47 71 50 35 42 19 42
73 39 55 8 58 37 26
33 69 28 56 70 17 11
52 74 12 15 34 24 41
50 12 71 74 59 35 59
26 4 79 11 59 10 88
5 53 28 6 50 4 24
0 49 40 26 4 79 59
77 30 20 32 75 41 49
4 66 26 38 51 63 39
75 22 31 65 48 31 26
3 21 43 71 40 61 26
12 65 22 10 34 39 35
42 56 54 53 71 4 52
2 72 63 79 1 50 72
41 27 3 43 65 12 39
15 34 24 48 42 44 21
48 42 44 70 47 8 36
9 10 61 63 35 48 28
4 66 26 78 71 43 17
67 45 3 9 10 61 67
35 42 19 33 69 28 28
9 10 61 23 38 40 35
18 58 31 3 21 43 38
36 15 2 49 29 20 22
8 58 37 53 71 4 35
21 60 74 60 53 10 64
45 10 46 50 12 71 25
37 74 33 7 4 61 75
46 15 26 74 59 35 44
6 50 4 30 26 5 24
60 53 10 12 65 22 16
20 53 63 43 65 12 52
64 29 27 58 71 13 44
46 15 26 30 26 5 23
12 65 22 42 56 54 33
75 22 31 61 64 8 47
75 22 31 1 15 55 25
32 75 41 78 71 43 4
25 56 79 33 69 28 52
60 53 10 30 26 5 27
6 50 4 12 65 22 23
9 10 61 12 65 22 67
52 74 12 58 71 13 3
45 10 46 5 53 28 46
76 37 66 20 53 63 16
40 66 56 14 65 6 50
23 38 40 69 53 71 34
69 53 71 6 50 4 67
73 39 55 32 75 41 38
27 48 48 60 53 10 38
40 66 56 5 53 28 30
28 24 32 59 9 28 15
32 75 41 8 58 37 17
17 53 65 20 53 63 2
62 69 19 23 38 40 37
72 66 24 63 35 48 39
74 59 35 60 53 10 25
27 48 48 53 71 4 49
52 74 12 56 70 17 6
26 4 79 1 15 55 26
45 10 46 13 47 50 37
39 56 29 8 58 37 8
59 9 28 54 72 59 70
13 47 50 52 74 12 46
21 60 74 10 34 39 43
56 70 17 51 61 74 57
4 66 26 63 35 48 38
15 34 24 22 24 9 18
4 66 26 6 50 4 27
12 65 22 21 60 74 52
9 10 61 30 26 5 58
40 66 56 57 35 48 32
72 66 24 12 65 22 2
72 66 24 29 13 77 74
4 66 26 18 58 31 9
0 49 40 52 74 12 37
43 65 12 10 34 39 41
29 13 77 75 22 31 46
67 45 3 14 65 6 20
79 1 50 4 66 26 69
9 10 61 3 21 43 21
20 53 63 78 71 43 26
66 30 59 61 64 8 61
72 66 24 34 21 34 46
41 27 3 22 24 9 6
61 64 8 77 30 20 36
26 4 79 77 30 20 64
40 66 56 64 29 27 47
71 40 61 34 21 34 33
53 71 4 24 73 72 68
51 61 74 20 53 63 13
69 53 71 19 63 20 51
42 56 54 4 66 26 29
60 53 10 1 15 55 58
71 40 61 54 72 59 32
13 47 50 64 29 27 29
61 64 8 9 10 61 75
78 71 43 74 59 35 14
24 73 72 38 51 63 23
6 50 4 78 71 43 44
49 29 20 67 45 3 23
33 69 28 67 45 3 34
70 47 8 49 29 20 21
29 13 77 77 30 20 59
59 9 28 73 39 55 40
62 69 19 51 61 74 55
54 72 59 3 21 43 53
67 45 3 76 37 66 63
10 34 39 56 70 17 42
72 66 24 62 69 19 5
65 48 31 69 53 71 40
15 34 24 78 71 43 41
23 38 40 22 24 9 34
73 39 55 27 48 48 11
52 74 12 27 48 48 44
79 1 50 41 27 3 53
45 10 46 68 43 47 33
74 59 35 63 35 48 27
47 71 50 77 30 20 50
68 43 47 72 66 24 32
67 45 3 58 71 13 27
5 53 28 66 30 59 38
76 37 66 23 38 40 26
65 48 31 41 27 3 35
18 58 31 46 15 26 43
1 15 55 30 26 5 51
20 53 63 23 38 40 27
43 65 12 44 0 55 77
28 24 32 5 53 28 29
70 47 8 39 56 29 22
61 64 8 23 38 40 41
68 43 47 51 61 74 32
3 21 43 41 27 3 40
12 65 22 11 59 10 13
6 50 4 24 73 72 71
13 47 50 55 57 25 26
63 35 48 27 48 48 13
35 42 19 45 10 46 41
51 61 74 73 39 55 29
40 66 56 51 61 74 18
53 71 4 69 53 71 69
78 71 43 76 37 66 41
65 48 31 46 15 26 33
51 61 74 0 49 40 36
24 73 72 57 35 48 44
43 65 12 40 66 56 44
64 29 27 68 43 47 24
74 59 35 28 24 32 35
40 66 56 56 70 17 39
44 0 55 62 69 19 77
33 69 28 45 10 46 61
5 53 28 24 73 72 48
71 40 61 22 24 9 54
76 37 66 3 21 43 28
47 71 50 29 13 77 63
41 27 3 48 42 44 43
50 12 71 70 47 8 72
38 51 63 70 47 8 55
39 56 29 53 71 4 29
43 65 12 75 22 31 47
2 72 63 78 71 43 20
28 24 32 71 40 61 33
50 12 71 40 66 56 56
9 10 61 10 34 39 32
75 22 31 34 21 34 3
25 56 79 24 73 72 18
54 72 59 19 63 20 40
7 4 61 18 58 31 61
20 53 63 70 47 8 55
65 48 31 23 38 40 13
33 69 28 19 63 20 10
42 56 54 41 27 3 58
7 4 61 4 66 26 71
38 51 63 68 43 47 17
14 65 6 47 71 50 44
41 27 3 26 4 79 79
52 74 12 39 56 29 24
58 71 13 6 50 4 22
61 64 8 33 69 28 20
16 60 0 4 66 26 26
42 56 54 29 13 77 48
50 12 71 14 65 6 83
70 47 8 69 53 71 63
16 60 0 57 35 48 54
19 63 20 12 65 22 2
23 38 40 53 71 4 48
20 53 63 61 64 8 56
23 38 40 5 53 28 19
72 66 24 65 48 31 19
60 53 10 58 71 13 18
21 60 74 31 60 63 11
42 56 54 49 29 20 43
12 65 22 63 35 48 39
68 43 47 67 45 3 44
42 56 54 0 49 40 15
47 71 50 11 59 10 41
2 72 63 17 53 65 19
60 53 10 61 64 8 11
0 49 40 25 56 79 39
79 1 50 67 45 3 64
60 53 10 5 53 28 18
4 66 26 45 10 46 59
75 22 31 4 66 26 44
54 72 59 14 65 6 53
36 15 2 17 53 65 73
35 42 19 0 49 40 22
74 59 35 67 45 3 34
50 12 71 76 37 66 25
73 39 55 44 0 55 39
19 63 20 34 21 34 44
57 35 48 18 58 31 28
8 58 37 1 15 55 46
27 48 48 7 4 61 45
46 15 26 51 61 74 66
60 53 10 66 30 59 54
44 0 55 33 69 28 74
51 61 74 67 45 3 72
59 9 28 33 69 28 60
72 66 24 78 71 43 19
9 10 61 70 47 8 64
59 9 28 53 71 4 66
7 4 61 17 53 65 49
50 12 71 26 4 79 11
78 71 43 67 45 3 47
52 74 12 20 53 63 55
46 15 26 72 66 24 51
31 60 63 33 69 28 36
49 29 20 79 1 50 41
22 24 9 0 49 40 39
24 73 72 35 42 19 61
17 53 65 14 65 6 60
69 53 71 41 27 3 72
21 60 74 72 66 24 50
25 56 79 74 59 35 44
63 35 48 39 56 29 28
31 60 63 46 15 26 58
71 40 61 20 53 63 13
42 56 54 73 39 55 17
46 15 26 67 45 3 37
78 71 43 69 53 71 33
44 0 55 78 71 43 72
77 30 20 2 72 63 60
51 61 74 50 12 71 49
42 56 54 75 22 31 41
27 48 48 20 53 63 15
28 24 32 36 15 2 31
14 65 6 23 38 40 43
42 56 54 47 71 50 15
31 60 63 50 12 71 48
9 10 61 77 30 20 45
61 64 8 35 42 19 24
34 21 34 70 47 8 36
39 56 29 41 27 3 38
3 21 43 7 4 61 24
36 15 2 35 42 19 31
23 38 40 33 69 28 33
25 56 79 2 72 63 22
23 38 40 32 75 41 37
32 75 41 56 70 17 24
45 10 46 53 71 4 74
73 39 55 56 70 17 49
34 21 34 16 60 0 51
32 75 41 35 42 19 39
63 35 48 57 35 48 0
74 59 35 71 40 61 32
51 61 74 29 13 77 48
49 29 20 1 15 55 37
46 15 26 2 72 63 67
36 15 2 47 71 50 73
16 60 0 68 43 47 49
34 21 34 54 72 59 56
33 69 28 28 24 32 45
21 60 74 23 38 40 40
12 65 22 47 71 50 28
69 53 71 25 56 79 8
22 24 9 19 63 20 40
1 15 55 61 64 8 67
56 70 17 50 12 71 79
60 53 10 37 74 33 31
1 15 55 3 21 43 13
60 53 10 8 58 37 27
12 65 22 46 15 26 50
34 21 34 14 65 6 52
75 22 31 18 58 31 36
1 15 55 65 48 31 40
30 26 5 21 60 74 76
13 47 50 67 45 3 47
46 15 26 36 15 2 24
61 64 8 63 35 48 49
58 71 13 49 29 20 42
2 72 63 6 50 4 62
73 39 55 37 74 33 41
40 66 56 23 38 40 32
48 42 44 8 58 37 17
54 72 59 30 26 5 70
39 56 29 11 59 10 19
19 63 20 44 0 55 72
71 40 61 70 47 8 53
28 24 32 48 42 44 21
56 70 17 65 48 31 26
77 30 20 46 15 26 16
78 71 43 50 12 71 65
58 71 13 18 58 31 22
14 65 6 4 66 26 20
30 26 5 50 12 71 67
64 29 27 12 65 22 36
18 58 31 21 60 74 43
17 53 65 3 21 43 38
28 24 32 35 42 19 22
25 56 79 62 69 19 61
21 60 74 65 48 31 44
9 10 61 48 42 44 36
20 53 63 24 73 72 21
42 56 54 10 34 39 26
32 75 41 24 73 72 31
74 59 35 70 47 8 29
11 59 10 2 72 63 54
79 1 50 78 71 43 70
72 66 24 43 65 12 12
50 12 71 8 58 37 57
44 0 55 31 60 63 60
12 65 22 14 65 6 16
12 65 22 50 12 71 72
74 59 35 22 24 9 43
0 49 40 16 60 0 41
20 53 63 2 72 63 19
14 65 6 59 9 28 60
58 71 13 11 59 10 12
56 70 17 37 74 33 16
18 58 31 61 64 8 23
59 9 28 47 71 50 65
9 10 61 62 69 19 72
77 30 20 66 30 59 39
8 58 37 38 51 63 26
45 10 46 59 9 28 18
64 29 27 73 39 55 29
54 72 59 28 24 32 55
23 38 40 59 9 28 31
63 35 48 25 56 79 37
25 56 79 67 45 3 76
38 51 63 54 72 59 21
28 24 32 34 21 34 3
69 53 71 24 73 72 20
48 42 44 32 75 41 33
31 60 63 60 53 10 53
57 35 48 25 56 79 37
18 58 31 50 12 71 60
24 73 72 4 66 26 46
19 63 20 60 53 10 14
4 66 26 61 64 8 18
48 42 44 27 48 48 7
44 0 55 11 59 10 74
67 45 3 23 38 40 37
67 45 3 63 35 48 46
78 71 43 8 58 37 14
4 66 26 11 59 10 17
65 48 31 51 61 74 44
15 34 24 56 70 17 36
43 65 12 68 43 47 41
17 53 65 78 71 43 28
68 43 47 70 47 8 39
33 69 28 26 4 79 82
37 74 33 43 65 12 22
62 69 19 26 4 79 88
27 48 48 4 66 26 28
45 10 46 61 64 8 66
41 27 3 36 15 2 12
72 66 24 50 12 71 71
66 30 59 47 71 50 41
71 40 61 50 12 71 29
45 10 46 6 50 4 58
69 53 71 29 13 77 40
44 0 55 3 21 43 24
73 39 55 3 21 43 21
43 65 12 32 75 41 30
31 60 63 28 24 32 47
72 66 24 67 45 3 29
2 72 63 27 48 48 28
36 15 2 73 39 55 58
4 66 26 9 10 61 66
66 30 59 79 1 50 30
10 34 39 0 49 40 15
11 59 10 55 57 25 15
65 48 31 19 63 20 18
2 72 63 19 63 20 43
28 24 32 13 47 50 29
22 24 9 29 13 77 68
56 70 17 70 47 8 24
1 15 55 25 56 79 47
26 4 79 46 15 26 54
64 29 27 5 53 28 24
9 10 61 69 53 71 44
14 65 6 68 43 47 46
2 72 63 3 21 43 54
53 71 4 49 29 20 44
23 38 40 47 71 50 34
48 42 44 22 24 9 39
29 13 77 0 49 40 51
44 0 55 1 15 55 15
10 34 39 6 50 4 38
26 4 79 6 50 4 87
37 74 33 29 13 77 75
67 45 3 31 60 63 61
75 22 31 59 9 28 13
66 30 59 68 43 47 17
65 48 31 3 21 43 29
60 53 10 14 65 6 12
39 56 29 1 15 55 48
33 69 28 27 48 48 29
57 35 48 54 72 59 38
78 71 43 28 24 32 48
25 56 79 15 34 24 59
18 58 31 11 59 10 21
41 27 3 2 72 63 75
39 56 29 21 60 74 45
62 69 19 11 59 10 13
71 40 61 9 10 61 30
37 74 33 47 71 50 17
68 43 47 56 70 17 40
28 24 32 24 73 72 63
9 10 61 16 60 0 78
20 53 63 67 45 3 60
24 73 72 19 63 20 52
9 10 61 37 74 33 69
54 72 59 25 56 79 25
13 47 50 2 72 63 28
22 24 9 12 65 22 43
27 48 48 74 59 35 17
19 63 20 74 59 35 15
5 53 28 65 48 31 5
6 50 4 76 37 66 63
32 75 41 37 74 33 8
45 10 46 34 21 34 16
40 66 56 73 39 55 27
72 66 24 54 72 59 35
25 56 79 55 57 25 54
5 53 28 25 56 79 51
53 71 4 62 69 19 15
72 66 24 31 60 63 39
46 15 26 57 35 48 29
59 9 28 37 74 33 65
30 26 5 15 34 24 20
36 15 2 32 75 41 71
23 38 40 19 63 20 32
27 48 48 44 0 55 48
60 53 10 39 56 29 19
21 60 74 41 27 3 78
12 65 22 3 21 43 48
48 42 44 40 66 56 26
26 4 79 35 42 19 71
37 74 33 17 53 65 38
60 53 10 3 21 43 45
8 58 37 21 60 74 37
3 21 43 61 64 8 55
12 65 22 40 66 56 34
8 58 37 54 72 59 26
39 56 29 17 53 65 36
43 65 12 71 40 61 55
12 65 22 77 30 20 35
13 47 50 63 35 48 12
45 10 46 12 65 22 60
79 1 50 19 63 20 68
44 0 55 68 43 47 43
30 26 5 28 24 32 27
70 47 8 17 53 65 57
73 39 55 25 56 79 29
72 66 24 33 69 28 5
27 48 48 66 30 59 21
32 75 41 46 15 26 61
29 13 77 15 34 24 57
45 10 46 56 70 17 66
66 30 59 34 21 34 26
71 40 61 39 56 29 35
59 9 28 43 65 12 58
26 4 79 30 26 5 77
24 73 72 11 59 10 63
46 15 26 55 57 25 42
34 21 34 26 4 79 48
42 56 54 63 35 48 21
1 15 55 36 15 2 53
8 58 37 46 15 26 44
39 56 29 49 29 20 28
2 72 63 15 34 24 54
78 71 43 54 72 59 16
15 34 24 32 75 41 44
28 24 32 18 58 31 34
79 1 50 68 43 47 42
49 29 20 0 49 40 28
37 74 33 18 58 31 16
64 29 27 60 53 10 29
14 65 6 35 42 19 26
24 73 72 72 66 24 48
19 63 20 77 30 20 33
27 48 48 8 58 37 14
27 48 48 31 60 63 19
21 60 74 50 12 71 48
32 75 41 71 40 61 40
26 4 79 67 45 3 86
58 71 13 29 13 77 86
70 47 8 13 47 50 42
59 9 28 11 59 10 53
46 15 26 47 71 50 60
63 35 48 28 24 32 19
60 53 10 50 12 71 73
36 15 2 59 9 28 26
54 72 59 77 30 20 57
2 72 63 50 12 71 60
52 74 12 9 10 61 80
58 71 13 33 69 28 15
41 27 3 9 10 61 60
2 72 63 28 24 32 57
33 69 28 36 15 2 59
20 53 63 25 56 79 16
23 38 40 50 12 71 40
50 12 71 33 69 28 71
66 30 59 45 10 46 23
43 65 12 52 74 12 9
15 34 24 23 38 40 16
68 43 47 73 39 55 8
18 58 31 55 57 25 6
74 59 35 58 71 13 25
34 21 34 31 60 63 48
32 75 41 79 1 50 74
29 13 77 44 0 55 25
78 71 43 14 65 6 37
4 66 26 5 53 28 13
44 0 55 36 15 2 55
39 56 29 38 51 63 34
55 57 25 42 56 54 29
52 74 12 61 64 8 10
21 60 74 45 10 46 57
14 65 6 45 10 46 68
29 13 77 7 4 61 18
27 48 48 47 71 50 23
16 60 0 52 74 12 18
20 53 63 11 59 10 53
21 60 74 32 75 41 36
46 15 26 5 53 28 38
71 40 61 37 74 33 44
18 58 31 77 30 20 30
35 42 19 46 15 26 27
24 73 72 71 40 61 34
41 27 3 56 70 17 45
43 65 12 70 47 8 18
6 50 4 32 75 41 44
70 47 8 12 65 22 22
29 13 77 32 75 41 71
52 74 12 4 66 26 16
52 74 12 71 40 61 59
55 57 25 0 49 40 17
15 34 24 72 66 24 32
33 69 28 66 30 59 49
11 59 10 70 47 8 12
66 30 59 2 72 63 42
54 72 59 79 1 50 71
43 65 12 5 53 28 20
67 45 3 36 15 2 30
1 15 55 79 1 50 14
39 56 29 44 0 55 61
70 47 8 41 27 3 20
18 58 31 31 60 63 32
39 56 29 15 34 24 22
52 74 12 36 15 2 59
31 60 63 36 15 2 75
71 40 61 49 29 20 42
13 47 50 5 53 28 22
72 66 24 53 71 4 20
24 73 72 47 71 50 22
53 71 4 7 4 61 87
1 15 55 2 72 63 57
23 38 40 26 4 79 51
29 13 77 14 65 6 88
68 43 47 22 24 9 42
27 48 48 38 51 63 15
20 53 63 33 69 28 38
3 21 43 79 1 50 21
19 63 20 47 71 50 31
18 58 31 2 72 63 34
70 47 8 1 15 55 56
29 13 77 31 60 63 49
25 56 79 17 53 65 14
38 51 63 31 60 63 9
8 58 37 23 38 40 20
59 9 28 70 47 8 42
36 15 2 11 59 10 44
18 58 31 52 74 12 24
66 30 59 36 15 2 58
36 15 2 7 4 61 60
26 4 79 56 70 17 90
38 51 63 26 4 79 49
1 15 55 22 24 9 46
29 13 77 2 72 63 60
0 49 40 64 29 27 23
21 60 74 33 69 28 46
10 34 39 28 24 32 12
43 65 12 7 4 61 78
42 56 54 36 15 2 66
6 50 4 79 1 50 67
33 69 28 41 27 3 48
10 34 39 35 42 19 21
2 72 63 49 29 20 60
25 56 79 56 70 17 63
37 74 33 79 1 50 74
62 69 19 37 74 33 14
37 74 33 58 71 13 20
1 15 55 71 40 61 25
63 35 48 40 66 56 32
61 64 8 68 43 47 44
11 59 10 48 42 44 38
67 45 3 43 65 12 21
50 12 71 61 64 8 81
15 34 24 13 47 50 29
29 13 77 66 30 59 24
56 70 17 42 56 54 39
52 74 12 23 38 40 45
44 0 55 16 60 0 81
5 53 28 35 42 19 14
68 43 47 3 21 43 22
36 15 2 30 26 5 11
13 47 50 26 4 79 51
56 70 17 54 72 59 42
43 65 12 8 58 37 25
39 56 29 7 4 61 61
40 66 56 25 56 79 25
15 34 24 0 49 40 21
48 42 44 75 22 31 23
19 63 20 17 53 65 46
58 71 13 28 24 32 50
36 15 2 22 24 9 11
60 53 10 63 35 48 42
5 53 28 7 4 61 59
41 27 3 10 34 39 36
57 35 48 62 69 19 44
34 21 34 48 42 44 23
6 50 4 19 63 20 20
51 61 74 39 56 29 45
29 13 77 9 10 61 16
53 71 4 56 70 17 13
64 29 27 32 75 41 48
33 69 28 40 66 56 28
56 70 17 2 72 63 46
11 59 10 63 35 48 44
48 42 44 62 69 19 36
68 43 47 21 60 74 31
28 24 32 56 70 17 48
11 59 10 38 51 63 53
0 49 40 31 60 63 25
3 21 43 56 70 17 55
23 38 40 51 61 74 41
7 4 61 63 35 48 33
43 65 12 30 26 5 39
3 21 43 4 66 26 48
32 75 41 66 30 59 48
11 59 10 31 60 63 53
16 60 0 63 35 48 54
8 58 37 13 47 50 17
20 53 63 68 43 47 18
20 53 63 46 15 26 53
44 0 55 41 27 3 58
62 69 19 2 72 63 44
54 72 59 12 65 22 37
73 39 55 1 15 55 24
48 42 44 0 49 40 8
52 74 12 63 35 48 53
6 50 4 38 51 63 59
50 12 71 57 35 48 32
22 24 9 8 58 37 44
70 47 8 22 24 9 23
53 71 4 75 22 31 55
48 42 44 10 34 39 9
30 26 5 52 74 12 48
48 42 44 16 60 0 47
73 39 55 60 53 10 47
69 53 71 55 57 25 46
19 63 20 49 29 20 34
2 72 63 52 74 12 51
70 47 8 8 58 37 31
46 15 26 50 12 71 45
76 37 66 55 57 25 45
47 71 50 43 65 12 38
37 74 33 21 60 74 43
70 47 8 64 29 27 26
39 56 29 55 57 25 4
0 49 40 3 21 43 28
12 65 22 52 74 12 13
48 42 44 5 53 28 19
48 42 44 74 59 35 19
65 48 31 16 60 0 33
45 10 46 49 29 20 32
74 59 35 18 58 31 4
29 13 77 48 42 44 43
49 29 20 75 22 31 13
0 49 40 54 72 59 29
16 60 0 35 42 19 26
39 56 29 9 10 61 56
49 29 20 69 53 71 56
69 53 71 66 30 59 25
37 74 33 33 69 28 7
70 47 8 30 26 5 21
76 37 66 36 15 2 67
31 60 63 24 73 72 15
74 59 35 24 73 72 39
29 13 77 74 59 35 62
13 47 50 6 50 4 46
67 45 3 32 75 41 48
37 74 33 61 64 8 26
75 22 31 15 34 24 13
48 42 44 26 4 79 51
69 53 71 2 72 63 20
77 30 20 63 35 48 28
25 56 79 12 65 22 57
48 42 44 71 40 61 17
79 1 50 46 15 26 27
70 47 8 52 74 12 27
71 40 61 45 10 46 33
45 10 46 16 60 0 67
29 13 77 56 70 17 82
14 65 6 66 30 59 63
59 9 28 7 4 61 33
70 47 8 53 71 4 24
51 61 74 74 59 35 39
72 66 24 48 42 44 31
19 63 20 50 12 71 72
70 47 8 66 30 59 53
20 53 63 72 66 24 41
77 30 20 20 53 63 48
64 29 27 3 21 43 17
67 45 3 29 13 77 80
45 10 46 17 53 65 47
49 29 20 61 64 8 37
40 66 56 13 47 50 19
53 71 4 30 26 5 45
43 65 12 46 15 26 51
7 4 61 13 47 50 44
7 4 61 67 45 3 71
60 53 10 42 56 54 44
52 74 12 69 53 71 62
54 72 59 68 43 47 31
79 1 50 51 61 74 64
36 15 2 34 21 34 32
26 4 79 8 58 37 68
22 24 9 52 74 12 50
2 72 63 23 38 40 41
60 53 10 71 40 61 52
59 9 28 25 56 79 69
72 66 24 57 35 48 39
47 71 50 26 4 79 73
24 73 72 3 21 43 59
37 74 33 53 71 4 29
37 74 33 34 21 34 53
65 48 31 32 75 41 28
31 60 63 54 72 59 12
0 49 40 20 53 63 23
57 35 48 77 30 20 28
50 12 71 47 71 50 62
62 69 19 18 58 31 16
8 58 37 9 10 61 53
53 71 4 0 49 40 42
61 64 8 10 34 39 43
23 38 40 11 59 10 36
37 74 33 6 50 4 37
40 66 56 79 1 50 65
66 30 59 57 35 48 12
8 58 37 0 49 40 9
3 21 43 62 69 19 53
25 56 79 11 59 10 69
27 48 48 12 65 22 31
77 30 20 14 65 6 37
21 60 74 28 24 32 55
24 73 72 64 29 27 62
28 24 32 27 48 48 28
64 29 27 6 50 4 31
6 50 4 42 56 54 50
37 74 33 55 57 25 18
13 47 50 47 71 50 24
65 48 31 35 42 19 13
9 10 61 24 73 72 63
60 53 10 56 70 17 18
4 66 26 28 24 32 42
62 69 19 22 24 9 46
38 51 63 14 65 6 58
38 51 63 40 66 56 16
51 61 74 41 27 3 78
64 29 27 35 42 19 15
38 51 63 13 47 50 13
13 47 50 9 10 61 38
34 21 34 77 30 20 16
39 56 29 69 53 71 42
9 10 61 0 49 40 44
78 71 43 35 42 19 37
74 59 35 12 65 22 14
56 70 17 75 22 31 50
32 75 41 25 56 79 42
60 53 10 26 4 79 84
54 72 59 48 42 44 33
8 58 37 17 53 65 28
58 71 13 2 72 63 50
34 21 34 38 51 63 41
5 53 28 57 35 48 26
60 53 10 32 75 41 38
53 71 4 9 10 61 83
18 58 31 79 1 50 60
1 15 55 18 58 31 49
49 29 20 22 24 9 12
8 58 37 11 59 10 27
13 47 50 4 66 26 30
69 53 71 74 59 35 36
6 50 4 65 48 31 27
67 45 3 61 64 8 19
4 66 26 51 61 74 48
77 30 20 71 40 61 42
48 42 44 46 15 26 32
23 38 40 49 29 20 21
43 65 12 9 10 61 73
67 45 3 24 73 72 74
63 35 48 18 58 31 28
1 15 55 16 60 0 71
53 71 4 21 60 74 70
77 30 20 22 24 9 12
75 22 31 35 42 19 23
53 71 4 47 71 50 46
49 29 20 4 66 26 37
22 24 9 65 48 31 32
31 60 63 59 9 28 61
17 53 65 54 72 59 19
72 66 24 79 1 50 70
17 53 65 73 39 55 17
0 49 40 70 47 8 32
51 61 74 37 74 33 43
78 71 43 0 49 40 22
74 59 35 17 53 65 30
29 13 77 63 35 48 36
26 4 79 21 60 74 56
40 66 56 69 53 71 19
31 60 63 7 4 61 56
63 35 48 8 58 37 25
56 70 17 1 15 55 66
35 42 19 58 71 13 29
45 10 46 67 45 3 55
75 22 31 50 12 71 41
30 26 5 56 70 17 45
18 58 31 53 71 4 29
54 72 59 33 69 28 31
13 47 50 37 74 33 31
18 58 31 39 56 29 2
10 34 39 18 58 31 25
35 42 19 48 42 44 25
15 34 24 43 65 12 33
44 0 55 53 71 4 87
19 63 20 61 64 8 12
15 34 24 69 53 71 50
12 65 22 28 24 32 42
22 24 9 7 4 61 55
30 26 5 3 21 43 38
57 35 48 23 38 40 8
34 21 34 33 69 28 48
29 13 77 52 74 12 89
42 56 54 76 37 66 22
13 47 50 20 53 63 14
12 65 22 29 13 77 75
42 56 54 11 59 10 44
18 58 31 72 66 24 10
74 59 35 38 51 63 29
50 12 71 10 34 39 38
35 42 19 42 56 54 37
69 53 71 54 72 59 22
48 42 44 69 53 71 29
35 42 19 57 35 48 29
51 61 74 48 42 44 35
65 48 31 15 34 24 15
14 65 6 5 53 28 25
56 70 17 0 49 40 31
58 71 13 8 58 37 27
31 60 63 51 61 74 11
18 58 31 48 42 44 20
26 4 79 14 65 6 95
58 71 13 51 61 74 61
56 70 17 14 65 6 12
77 30 20 16 60 0 36
59 9 28 10 34 39 27
39 56 29 68 43 47 22
39 56 29 20 53 63 34
38 51 63 21 60 74 14
23 38 40 75 22 31 18
73 39 55 61 64 8 53
4 66 26 44 0 55 72
19 63 20 25 56 79 59
39 56 29 2 72 63 37
77 30 20 55 57 25 27
36 15 2 12 65 22 53
25 56 79 18 58 31 48
63 35 48 78 71 43 36
7 4 61 73 39 55 35
65 48 31 63 35 48 21
62 69 19 14 65 6 13
10 34 39 25 56 79 45
25 56 79 27 48 48 32
52 74 12 33 69 28 16
46 15 26 22 24 9 19
1 15 55 11 59 10 62
72 66 24 47 71 50 26
67 45 3 28 24 32 35
59 9 28 34 21 34 13
69 53 71 64 29 27 50
34 21 34 42 56 54 40
55 57 25 8 58 37 12
63 35 48 19 63 20 39
55 57 25 43 65 12 15
27 48 48 58 71 13 41
78 71 43 23 38 40 33
45 10 46 58 71 13 69
28 24 32 72 66 24 42
53 71 4 77 30 20 44
70 47 8 62 69 19 24
33 69 28 76 37 66 49
51 61 74 71 40 61 24
54 72 59 9 10 61 62
42 56 54 7 4 61 52
76 37 66 57 35 48 18
27 48 48 55 57 25 24
1 15 55 14 65 6 70
25 56 79 28 24 32 56
62 69 19 36 15 2 56
62 69 19 59 9 28 60
52 74 12 19 63 20 13
79 1 50 76 37 66 39
75 22 31 60 53 10 37
42 56 54 23 38 40 22
66 30 59 11 59 10 56
38 51 63 61 64 8 56
56 70 17 12 65 22 7
1 15 55 15 34 24 36
5 53 28 3 21 43 35
46 15 26 63 35 48 29
79 1 50 26 4 79 29
58 71 13 54 72 59 46
74 59 35 62 69 19 18
9 10 61 55 57 25 59
59 9 28 52 74 12 66
68 43 47 78 71 43 28
63 35 48 41 27 3 45
66 30 59 4 66 26 48
58 71 13 46 15 26 57
63 35 48 53 71 4 56
4 66 26 32 75 41 17
33 69 28 71 40 61 43
78 71 43 13 47 50 25
16 60 0 67 45 3 15
16 60 0 51 61 74 74
32 75 41 13 47 50 29
1 15 55 47 71 50 56
42 56 54 20 53 63 9
21 60 74 4 66 26 48
66 30 59 50 12 71 21
55 57 25 45 10 46 51
15 34 24 10 34 39 15
17 53 65 6 50 4 61
46 15 26 7 4 61 36
56 70 17 48 42 44 38
39 56 29 54 72 59 34
36 15 2 0 49 40 50
59 9 28 29 13 77 49
43 65 12 64 29 27 39
6 50 4 44 0 55 71
17 53 65 26 4 79 50
45 10 46 8 58 37 48
47 71 50 48 42 44 29
72 66 24 36 15 2 55
68 43 47 47 71 50 28
67 45 3 6 50 4 5
35 42 19 20 53 63 45
31 60 63 47 71 50 17
74 59 35 9 10 61 55
31 60 63 53 71 4 60
19 63 20 78 71 43 24
41 27 3 77 30 20 17
40 66 56 70 47 8 51
55 57 25 66 30 59 43
52 74 12 49 29 20 45
1 15 55 50 12 71 16
33 69 28 38 51 63 39
67 45 3 52 74 12 30
73 39 55 70 47 8 47
38 51 63 17 53 65 2
64 29 27 33 69 28 40
19 63 20 66 30 59 51
75 22 31 54 72 59 57
43 65 12 0 49 40 32
59 9 28 58 71 13 63
46 15 26 27 48 48 39
34 21 34 17 53 65 44
69 53 71 43 65 12 60
46 15 26 44 0 55 32
16 60 0 42 56 54 54
49 29 20 40 66 56 51
48 42 44 33 69 28 31
48 42 44 68 43 47 3
37 74 33 35 42 19 34
46 15 26 49 29 20 15
18 58 31 16 60 0 31
17 53 65 28 24 32 43
22 24 9 79 1 50 47
10 34 39 49 29 20 19
63 35 48 31 60 63 29
32 75 41 11 59 10 34
74 59 35 0 49 40 11
45 10 46 29 13 77 31
78 71 43 57 35 48 36
79 1 50 47 71 50 70
31 60 63 77 30 20 52
2 72 63 53 71 4 59
48 42 44 67 45 3 41
62 69 19 32 75 41 22
12 65 22 20 53 63 42
76 37 66 32 75 41 45
2 72 63 65 48 31 40
53 71 4 6 50 4 21
7 4 61 24 73 72 69
19 63 20 41 27 3 39
79 1 50 63 35 48 34
46 15 26 69 53 71 58
16 60 0 37 74 33 35
34 21 34 25 56 79 57
15 34 24 62 69 19 35
60 53 10 13 47 50 40
52 74 12 28 24 32 53
60 53 10 51 61 74 64
26 4 79 2 72 63 69
4 66 26 48 42 44 30
47 71 50 3 21 43 50
64 29 27 72 66 24 37
58 71 13 76 37 66 62
47 71 50 75 22 31 52
24 73 72 27 48 48 34
47 71 50 22 24 9 62
73 39 55 26 4 79 42
22 24 9 21 60 74 74
14 65 6 39 56 29 24
63 35 48 75 22 31 21
11 59 10 14 65 6 7
76 37 66 66 30 59 9
35 42 19 55 57 25 16
63 35 48 14 65 6 51
31 60 63 70 47 8 56
56 70 17 8 58 37 23
20 53 63 62 69 19 46
20 53 63 74 59 35 28
0 49 40 13 47 50 10
9 10 61 34 21 34 29
48 42 44 7 4 61 41
64 29 27 53 71 4 47
28 24 32 68 43 47 24
3 21 43 48 42 44 21
29 13 77 50 12 71 6
12 65 22 17 53 65 44
33 69 28 57 35 48 39
17 53 65 13 47 50 16
29 13 77 62 69 19 80
3 21 43 67 45 3 46
0 49 40 71 40 61 22
65 48 31 25 56 79 48
44 0 55 54 72 59 72
68 43 47 36 15 2 53
17 53 65 61 64 8 58
59 9 28 41 27 3 30
57 35 48 39 56 29 28
59 9 28 30 26 5 28
35 42 19 17 53 65 47
2 72 63 5 53 28 39
14 65 6 21 60 74 68
40 66 56 10 34 39 36
57 35 48 61 64 8 49
42 56 54 39 56 29 25
49 29 20 34 21 34 16
21 60 74 0 49 40 35
21 60 74 7 4 61 57
43 65 12 58 71 13 6
49 29 20 3 21 43 24
35 42 19 2 72 63 53
61 64 8 39 56 29 22
72 66 24 25 56 79 55
59 9 28 76 37 66 47
26 4 79 74 59 35 70
7 4 61 23 38 40 39
0 49 40 65 48 31 9
37 74 33 22 24 9 55
28 24 32 49 29 20 13
3 21 43 31 60 63 43
1 15 55 68 43 47 29
66 30 59 10 34 39 20
13 47 50 42 56 54 9
16 60 0 74 59 35 35
68 43 47 34 21 34 25
5 53 28 69 53 71 43
5 53 28 67 45 3 26
9 10 61 14 65 6 77
45 10 46 51 61 74 58
69 53 71 56 70 17 56
58 71 13 53 71 4 9
8 58 37 10 34 39 24
1 15 55 78 71 43 57
78 71 43 62 69 19 24
36 15 2 78 71 43 69
72 66 24 14 65 6 18
75 22 31 27 48 48 31
33 69 28 70 47 8 29
35 42 19 15 34 24 9
9 10 61 40 66 56 56
17 53 65 32 75 41 32
72 66 24 71 40 61 45
1 15 55 31 60 63 45
70 47 8 37 74 33 36
3 21 43 33 69 28 50
52 74 12 14 65 6 10
58 71 13 22 24 9 47
15 34 24 58 71 13 38
79 1 50 39 56 29 58
62 69 19 52 74 12 8
14 65 6 53 71 4 6
17 53 65 64 29 27 44
74 59 35 4 66 26 11
27 48 48 42 56 54 10
9 10 61 21 60 74 51
53 71 4 20 53 63 61
44 0 55 12 65 22 72
57 35 48 55 57 25 31
52 74 12 3 21 43 61
15 34 24 68 43 47 24
73 39 55 31 60 63 22
28 24 32 62 69 19 46
40 66 56 7 4 61 62
9 10 61 56 70 17 74
65 48 31 44 0 55 53
18 58 31 0 49 40 12
57 35 48 71 40 61 13
57 35 48 11 59 10 44
13 47 50 41 27 3 51
66 30 59 24 73 72 44
4 66 26 25 56 79 53
45 10 46 78 71 43 61
60 53 10 54 72 59 52
30 26 5 20 53 63 63
7 4 61 75 22 31 34
70 47 8 46 15 26 36
71 40 61 76 37 66 5
33 69 28 62 69 19 9
32 75 41 49 29 20 50
65 48 31 24 73 72 48
51 61 74 63 35 48 36
61 64 8 30 26 5 38
77 30 20 0 49 40 27
12 65 22 68 43 47 33
60 53 10 59 9 28 47
51 61 74 57 35 48 36
70 47 8 10 34 39 33
73 39 55 63 35 48 8
29 13 77 41 27 3 75
42 56 54 71 40 61 17
2 72 63 70 47 8 60
40 66 56 72 66 24 32
1 15 55 74 59 35 48
22 24 9 32 75 41 60
54 72 59 62 69 19 40
59 9 28 40 66 56 63
53 71 4 19 63 20 17
2 72 63 0 49 40 32
38 51 63 15 34 24 42
62 69 19 4 66 26 7
57 35 48 38 51 63 21
73 39 55 10 34 39 16
20 53 63 73 39 55 16
6 50 4 25 56 79 75
75 22 31 79 1 50 28
16 60 0 26 4 79 96
12 65 22 23 38 40 32
10 34 39 68 43 47 12
60 53 10 72 66 24 19
18 58 31 22 24 9 40
37 74 33 68 43 47 34
19 63 20 42 56 54 34
34 21 34 47 71 50 52
23 38 40 3 21 43 17
36 15 2 37 74 33 66
22 24 9 3 21 43 34
19 63 20 31 60 63 43
75 22 31 52 74 12 55
46 15 26 10 34 39 23
53 71 4 52 74 12 8
17 53 65 60 53 10 55
46 15 26 59 9 28 6
45 10 46 30 26 5 44
67 45 3 38 51 63 60
50 12 71 67 45 3 75
2 72 63 9 10 61 62
30 26 5 18 58 31 41
7 4 61 55 57 25 64
76 37 66 26 4 79 35
66 30 59 65 48 31 33
38 51 63 37 74 33 37
47 71 50 9 10 61 61
76 37 66 49 29 20 46
7 4 61 47 71 50 67
65 48 31 57 35 48 21
28 24 32 19 63 20 40
26 4 79 39 56 29 72
28 24 32 50 12 71 40
34 21 34 78 71 43 50
23 38 40 0 49 40 11
11 59 10 78 71 43 35
47 71 50 57 35 48 36
13 47 50 59 9 28 43
42 56 54 68 43 47 14
1 15 55 28 24 32 24
39 56 29 6 50 4 25
70 47 8 19 63 20 20
71 40 61 40 66 56 26
24 73 72 0 49 40 40
56 70 17 35 42 19 28
29 13 77 17 53 65 41
72 66 24 6 50 4 25
55 57 25 21 60 74 49
15 34 24 28 24 32 12
3 21 43 75 22 31 12
1 15 55 37 74 33 62
7 4 61 72 66 24 72
18 58 31 76 37 66 40
66 30 59 12 65 22 50
49 29 20 63 35 48 28
34 21 34 27 48 48 30
16 60 0 60 53 10 12
35 42 19 49 29 20 13
30 26 5 57 35 48 43
12 65 22 55 57 25 8
10 34 39 5 53 28 21
55 57 25 26 4 79 75
75 22 31 8 58 37 36
13 47 50 27 48 48 2
15 34 24 33 69 28 35
58 71 13 62 69 19 6
54 72 59 49 29 20 58
75 22 31 57 35 48 21
29 13 77 38 51 63 40
3 21 43 72 66 24 48
57 35 48 48 42 44 8
2 72 63 36 15 2 83
39 56 29 23 38 40 21
37 74 33 28 24 32 50
72 66 24 0 49 40 23
20 53 63 57 35 48 23
73 39 55 28 24 32 27
36 15 2 65 48 31 43
79 1 50 77 30 20 41
56 70 17 23 38 40 39
68 43 47 60 53 10 38
34 21 34 79 1 50 25
63 35 48 66 30 59 12
5 53 28 36 15 2 46
48 42 44 64 29 27 21
68 43 47 0 49 40 9
53 71 4 48 42 44 49
32 75 41 68 43 47 32
14 65 6 79 1 50 77
27 48 48 35 42 19 29
44 0 55 79 1 50 5
10 34 39 17 53 65 32
17 53 65 42 56 54 11
7 4 61 14 65 6 82
20 53 63 18 58 31 32
46 15 26 3 21 43 18
77 30 20 33 69 28 39
33 69 28 30 26 5 48
70 47 8 21 60 74 67
59 9 28 55 57 25 48
75 22 31 12 65 22 43
64 29 27 36 15 2 28
16 60 0 61 64 8 8
64 29 27 15 34 24 5
74 59 35 13 47 50 19
63 35 48 6 50 4 46
23 38 40 35 42 19 21
24 73 72 51 61 74 12
76 37 66 5 53 28 41
65 48 31 9 10 61 48
6 50 4 16 60 0 10
60 53 10 7 4 61 70
58 71 13 57 35 48 50
62 69 19 55 57 25 13
66 30 59 20 53 63 23
54 72 59 40 66 56 6
45 10 46 11 59 10 60
51 61 74 78 71 43 32
22 24 9 34 21 34 25
25 56 79 43 65 12 67
36 15 2 74 59 35 55
7 4 61 16 60 0 82
7 4 61 66 30 59 26
56 70 17 24 73 72 55
71 40 61 15 34 24 37
23 38 40 34 21 34 18
3 21 43 42 56 54 36
72 66 24 16 60 0 24
24 73 72 46 15 26 74
72 66 24 74 59 35 13