88 3828
33 57 35 78 32 19 29
76 24 59 83 51 63 27
14 52 26 84 53 77 51
40 62 64 66 33 3 67
73 10 46 31 61 65 54
6 22 20 69 51 22 29
73 10 46 80 1 20 27
72 11 71 87 87 3 101
71 84 78 48 58 55 34
69 51 22 19 67 19 16
3 30 14 61 64 42 44
52 25 72 23 38 15 58
69 51 22 5 30 34 24
10 51 45 46 58 58 14
43 58 51 9 54 10 41
25 13 34 71 84 78 83
20 7 41 28 74 9 74
12 72 39 84 53 77 42
61 64 42 78 32 19 39
27 46 78 36 12 7 78
7 84 0 26 63 86 88
84 53 77 78 32 19 61
4 21 59 76 24 59 3
51 52 72 37 66 69 14
59 57 81 17 27 4 82
52 25 72 8 12 4 69
26 63 86 44 77 44 44
43 58 51 31 61 65 14
39 37 47 55 28 3 44
75 60 71 80 1 20 77
54 63 69 30 85 15 58
32 64 77 3 30 14 71
0 52 9 29 80 85 80
32 64 77 40 62 64 13
22 51 62 5 30 34 35
74 86 15 11 12 25 74
41 39 6 70 51 50 45
29 80 85 7 84 0 85
31 61 65 44 77 44 26
0 52 9 16 9 81 83
10 51 45 87 87 3 55
19 67 19 62 71 34 15
53 5 31 45 23 65 38
56 56 55 67 35 63 22
40 62 64 48 58 55 9
7 84 0 64 30 80 96
29 80 85 58 63 57 32
76 24 59 71 84 78 62
29 80 85 13 20 30 81
12 72 39 51 52 72 38
29 80 85 9 54 10 79
20 7 41 37 66 69 65
57 20 22 16 9 81 60
40 62 64 85 48 49 20
26 63 86 63 86 81 23
85 48 49 7 84 0 60
15 68 49 81 42 24 36
46 58 58 68 51 4 54
4 21 59 69 51 22 47
13 20 30 54 63 69 58
62 71 34 13 20 30 51
48 58 55 53 5 31 58
37 66 69 76 24 59 43
58 63 57 7 84 0 60
63 86 81 43 58 51 41
38 69 73 46 58 58 18
65 19 75 62 71 34 66
53 5 31 55 28 3 36
27 46 78 59 57 81 11
28 74 9 38 69 73 64
73 10 46 47 21 28 21
59 57 81 80 1 20 82
0 52 9 48 58 55 46
82 53 8 59 57 81 73
52 25 72 85 48 49 32
3 30 14 45 23 65 51
38 69 73 39 37 47 41
3 30 14 15 68 49 51
14 52 26 46 58 58 32
30 85 15 5 30 34 58
25 13 34 49 29 70 39
47 21 28 50 29 13 17
65 19 75 63 86 81 67
34 66 36 57 20 22 48
68 51 4 79 43 55 51
70 51 50 0 52 9 41
45 23 65 16 9 81 21
76 24 59 13 20 30 29
49 29 70 12 72 39 53
57 20 22 44 77 44 61
38 69 73 75 60 71 9
37 66 69 80 1 20 81
77 44 46 57 20 22 33
23 38 15 5 30 34 20
87 87 3 32 64 77 77
60 3 75 56 56 55 56
77 44 46 76 24 59 23
23 38 15 11 12 25 27
67 35 63 79 43 55 11
19 67 19 72 11 71 76
64 30 80 21 69 46 51
66 33 3 55 28 3 5
65 19 75 44 77 44 65
27 46 78 54 63 69 19
86 6 70 2 14 10 60
44 77 44 40 62 64 25
74 86 15 12 72 39 27
46 58 58 40 62 64 7
69 51 22 61 64 42 23
66 33 3 21 69 46 56
44 77 44 11 12 25 67
30 85 15 84 53 77 69
42 79 87 36 12 7 104
47 21 28 6 22 20 8
37 66 69 29 80 85 21
25 13 34 83 51 63 47
13 20 30 53 5 31 15
40 62 64 83 51 63 11
74 86 15 10 51 45 46
14 52 26 4 21 59 45
8 12 4 79 43 55 59
18 47 9 19 67 19 22
26 63 86 1 65 17 69
36 12 7 84 53 77 81
82 53 8 49 29 70 66
37 66 69 52 25 72 41
83 51 63 58 63 57 13
44 77 44 83 51 63 32
24 49 24 9 54 10 14
51 52 72 52 25 72 27
85 48 49 36 12 7 55
50 29 13 61 64 42 45
26 63 86 28 74 9 77
43 58 51 20 7 41 51
8 12 4 40 62 64 78
53 5 31 33 57 35 52
77 44 46 40 62 64 25
57 20 22 86 6 70 50
3 30 14 2 14 10 16
81 42 24 3 30 14 15
81 42 24 51 52 72 49
38 69 73 53 5 31 76
64 30 80 20 7 41 45
55 28 3 27 46 78 77
50 29 13 6 22 20 9
36 12 7 14 52 26 44
76 24 59 84 53 77 34
10 51 45 3 30 14 37
61 64 42 21 69 46 6
74 86 15 56 56 55 50
16 9 81 74 86 15 101
18 47 9 87 87 3 40
84 53 77 58 63 57 22
4 21 59 75 60 71 40
12 72 39 32 64 77 38
57 20 22 45 23 65 43
40 62 64 33 57 35 29
7 84 0 16 9 81 110
13 20 30 16 9 81 52
77 44 46 67 35 63 19
16 9 81 44 77 44 77
5 30 34 72 11 71 41
71 84 78 23 38 15 78
72 11 71 29 80 85 70
68 51 4 43 58 51 47
40 62 64 31 61 65 1
76 24 59 21 69 46 46
52 25 72 11 12 25 48
14 52 26 63 86 81 64
39 37 47 45 23 65 22
48 58 55 9 54 10 45
40 62 64 35 44 12 55
40 62 64 26 63 86 22
78 32 19 7 84 0 55
54 63 69 41 39 6 67
49 29 70 22 51 62 23
28 74 9 67 35 63 66
0 52 9 20 7 41 55
18 47 9 46 58 58 50
6 22 20 77 44 46 34
24 49 24 74 86 15 38
69 51 22 17 27 4 30
33 57 35 77 44 46 17
53 5 31 76 24 59 33
58 63 57 45 23 65 40
21 69 46 70 51 50 18
70 51 50 30 85 15 48
23 38 15 39 37 47 32
52 25 72 32 64 77 39
86 6 70 37 66 69 60
81 42 24 35 44 12 12
74 86 15 69 51 22 35
40 62 64 82 53 8 56
4 21 59 10 51 45 33
9 54 10 26 63 86 76
12 72 39 6 22 20 53
38 69 73 14 52 26 49
39 37 47 4 21 59 20
25 13 34 17 27 4 33
78 32 19 79 43 55 37
41 39 6 30 85 15 46
73 10 46 57 20 22 26
60 3 75 31 61 65 58
2 14 10 43 58 51 60
23 38 15 25 13 34 31
57 20 22 80 1 20 19
3 30 14 11 12 25 21
85 48 49 35 44 12 37
7 84 0 43 58 51 57
69 51 22 60 3 75 71
26 63 86 14 52 26 61
76 24 59 40 62 64 38
73 10 46 51 52 72 49
9 54 10 64 30 80 74
71 84 78 83 51 63 36
25 13 34 12 72 39 59
64 30 80 51 52 72 23
56 56 55 81 42 24 34
33 57 35 39 37 47 23
62 71 34 33 57 35 14
64 30 80 14 52 26 58
54 63 69 87 87 3 70
72 11 71 21 69 46 63
43 58 51 65 19 75 45
58 63 57 64 30 80 40
46 58 58 29 80 85 34
37 66 69 8 12 4 84
86 6 70 83 51 63 45
77 44 46 7 84 0 60
28 74 9 82 53 8 21
87 87 3 70 51 50 59
35 44 12 65 19 75 67
79 43 55 36 12 7 57
61 64 42 44 77 44 13
51 52 72 53 5 31 62
16 9 81 55 28 3 80
80 1 20 28 74 9 73
22 51 62 43 58 51 13
83 51 63 47 21 28 46
36 12 7 11 12 25 18
75 60 71 46 58 58 13
18 47 9 68 51 4 6
66 33 3 31 61 65 68
40 62 64 62 71 34 31
28 74 9 58 63 57 49
58 63 57 25 13 34 55
54 63 69 68 51 4 66
26 63 86 24 49 24 63
0 52 9 50 29 13 23
19 67 19 52 25 72 67
86 6 70 12 72 39 72
5 30 34 70 51 50 26
48 58 55 52 25 72 37
44 77 44 36 12 7 74
18 47 9 65 19 75 71
43 58 51 14 52 26 25
7 84 0 12 72 39 40
79 43 55 39 37 47 10
14 52 26 6 22 20 30
62 71 34 41 39 6 42
49 29 70 15 68 49 44
1 65 17 87 87 3 26
83 51 63 74 86 15 59
7 84 0 14 52 26 41
16 9 81 25 13 34 47
59 57 81 51 52 72 10
14 52 26 86 6 70 63
73 10 46 9 54 10 56
11 12 25 22 51 62 53
33 57 35 18 47 9 27
6 22 20 18 47 9 27
3 30 14 29 80 85 86
6 22 20 70 51 50 41
87 87 3 66 33 3 54
45 23 65 43 58 51 37
4 21 59 82 53 8 60
29 80 85 86 6 70 75
28 74 9 85 48 49 47
78 32 19 40 62 64 54
42 79 87 34 66 36 52
32 64 77 41 39 6 75
55 28 3 32 64 77 82
7 84 0 48 58 55 60
73 10 46 27 46 78 48
21 69 46 43 58 51 12
50 29 13 69 51 22 23
77 44 46 3 30 14 34
78 32 19 24 49 24 17
52 25 72 65 19 75 6
34 66 36 73 10 46 56
55 28 3 1 65 17 39
61 64 42 14 52 26 20
13 20 30 19 67 19 48
57 20 22 9 54 10 36
44 77 44 6 22 20 60
82 53 8 45 23 65 64
10 51 45 9 54 10 35
28 74 9 65 19 75 85
83 51 63 12 72 39 31
13 20 30 8 12 4 27
22 51 62 38 69 73 21
34 66 36 22 51 62 30
27 46 78 5 30 34 46
26 63 86 27 46 78 18
66 33 3 6 22 20 20
17 27 4 46 58 58 62
14 52 26 81 42 24 10
80 1 20 46 58 58 68
14 52 26 55 28 3 33
62 71 34 67 35 63 46
73 10 46 55 28 3 46
68 51 4 63 86 81 84
81 42 24 63 86 81 72
52 25 72 71 84 78 59
25 13 34 27 46 78 55
56 56 55 8 12 4 67
37 66 69 7 84 0 71
14 52 26 15 68 49 28
61 64 42 86 6 70 64
81 42 24 11 12 25 30
18 47 9 86 6 70 73
59 57 81 81 42 24 58
22 51 62 55 28 3 63
24 49 24 3 30 14 21
41 39 6 80 1 20 40
73 10 46 70 51 50 41
25 13 34 36 12 7 27
35 44 12 16 9 81 77
52 25 72 36 12 7 66
8 12 4 50 29 13 19
55 28 3 7 84 0 56
27 46 78 20 7 41 53
47 21 28 82 53 8 37
84 53 77 82 53 8 69
83 51 63 30 85 15 58
71 84 78 47 21 28 80
18 47 9 61 64 42 37
81 42 24 52 25 72 50
13 20 30 63 86 81 83
23 38 15 55 28 3 15
11 12 25 24 49 24 37
39 37 47 82 53 8 42
30 85 15 18 47 9 38
18 47 9 84 53 77 68
32 64 77 79 43 55 30
70 51 50 86 6 70 49
29 80 85 73 10 46 80
76 24 59 36 12 7 53
52 25 72 9 54 10 68
74 86 15 18 47 9 39
72 11 71 61 64 42 60
20 7 41 63 86 81 88
32 64 77 49 29 70 35
54 63 69 79 43 55 24
54 63 69 45 23 65 40
33 57 35 73 10 46 48
38 69 73 11 12 25 74
37 66 69 38 69 73 5
11 12 25 70 51 50 46
64 30 80 39 37 47 33
58 63 57 81 42 24 39
29 80 85 49 29 70 53
49 29 70 72 11 71 18
8 12 4 47 21 28 25
18 47 9 37 66 69 62
12 72 39 44 77 44 7
75 60 71 56 56 55 16
30 85 15 23 38 15 47
61 64 42 74 86 15 34
87 87 3 67 35 63 79
10 51 45 15 68 49 17
16 9 81 46 58 58 54
7 84 0 25 13 34 78
31 61 65 48 58 55 10
18 47 9 64 30 80 73
87 87 3 51 52 72 77
84 53 77 27 46 78 7
19 67 19 71 84 78 61
34 66 36 17 27 4 50
24 49 24 79 43 55 31
45 23 65 68 51 4 67
60 3 75 24 49 24 68
82 53 8 14 52 26 18
30 85 15 65 19 75 89
7 84 0 50 29 13 56
37 66 69 12 72 39 30
8 12 4 76 24 59 56
76 24 59 45 23 65 6
78 32 19 37 66 69 60
2 14 10 8 12 4 6
22 51 62 36 12 7 67
25 13 34 33 57 35 44
85 48 49 18 47 9 40
60 3 75 8 12 4 71
12 72 39 35 44 12 38
43 58 51 49 29 70 34
45 23 65 60 3 75 22
67 35 63 59 57 81 28
59 57 81 60 3 75 54
8 12 4 57 20 22 19
52 25 72 30 85 15 82
17 27 4 57 20 22 19
43 58 51 83 51 63 13
57 20 22 5 30 34 15
51 52 72 71 84 78 32
80 1 20 56 56 55 65
54 63 69 3 30 14 64
25 13 34 80 1 20 18
58 63 57 53 5 31 63
30 85 15 82 53 8 32
4 21 59 49 29 70 13
29 80 85 54 63 69 23
87 87 3 59 57 81 83
79 43 55 40 62 64 21
44 77 44 52 25 72 59
14 52 26 32 64 77 52
5 30 34 21 69 46 40
76 24 59 47 21 28 31
52 25 72 3 30 14 58
13 20 30 56 56 55 43
38 69 73 64 30 80 39
21 69 46 41 39 6 50
29 80 85 44 77 44 41
55 28 3 2 14 10 15
87 87 3 3 30 14 58
12 72 39 38 69 73 34
74 86 15 86 6 70 97
57 20 22 27 46 78 61
67 35 63 44 77 44 46
12 72 39 76 24 59 52
2 14 10 69 51 22 38
37 66 69 56 56 55 17
26 63 86 35 44 12 76
6 22 20 76 24 59 39
26 63 86 62 71 34 52
30 85 15 42 79 87 72
61 64 42 11 12 25 54
84 53 77 79 43 55 24
17 27 4 56 56 55 58
0 52 9 68 51 4 5
58 63 57 56 56 55 7
1 65 17 27 46 78 63
38 69 73 8 12 4 89
28 74 9 3 30 14 44
43 58 51 84 53 77 26
17 27 4 28 74 9 47
64 30 80 59 57 81 27
29 80 85 85 48 49 48
29 80 85 40 62 64 27
82 53 8 7 84 0 32
23 38 15 79 43 55 40
86 6 70 82 53 8 77
14 52 26 76 24 59 43
13 20 30 24 49 24 29
39 37 47 61 64 42 27
19 67 19 80 1 20 66
18 47 9 75 60 71 63
22 51 62 50 29 13 53
31 61 65 65 19 75 43
51 52 72 33 57 35 37
12 72 39 26 63 86 47
4 21 59 28 74 9 72
72 11 71 76 24 59 17
7 84 0 22 51 62 70
28 74 9 84 53 77 71
9 54 10 79 43 55 46
25 13 34 18 47 9 42
85 48 49 9 54 10 39
14 52 26 13 20 30 32
21 69 46 42 79 87 42
13 20 30 49 29 70 41
23 38 15 46 58 58 47
23 38 15 42 79 87 82
86 6 70 60 3 75 5
31 61 65 15 68 49 17
81 42 24 83 51 63 40
19 67 19 42 79 87 69
21 69 46 32 64 77 31
13 20 30 57 20 22 8
15 68 49 17 27 4 60
43 58 51 38 69 73 24
30 85 15 60 3 75 101
61 64 42 43 58 51 10
42 79 87 87 87 3 84
58 63 57 9 54 10 47
51 52 72 34 66 36 38
74 86 15 51 52 72 66
57 20 22 11 12 25 8
43 58 51 10 51 45 9
49 29 70 63 86 81 58
1 65 17 77 44 46 35
26 63 86 5 30 34 61
47 21 28 49 29 70 42
67 35 63 53 5 31 43
32 64 77 20 7 41 67
13 20 30 46 58 58 47
67 35 63 69 51 22 44
54 63 69 60 3 75 60
34 66 36 52 25 72 54
26 63 86 45 23 65 45
80 1 20 35 44 12 43
35 44 12 24 49 24 13
4 21 59 68 51 4 62
32 64 77 68 51 4 74
22 51 62 30 85 15 58
7 84 0 72 11 71 101
2 14 10 16 9 81 71
59 57 81 68 51 4 77
4 21 59 40 62 64 41
45 23 65 59 57 81 37
26 63 86 58 63 57 29
55 28 3 25 13 34 34
52 25 72 12 72 39 57
76 24 59 20 7 41 24
16 9 81 18 47 9 81
68 51 4 34 66 36 35
67 35 63 4 21 59 14
84 53 77 31 61 65 14
83 51 63 65 19 75 34
27 46 78 80 1 20 73
41 39 6 55 28 3 11
52 25 72 58 63 57 40
66 33 3 51 52 72 71
30 85 15 47 21 28 65
82 53 8 67 35 63 57
5 30 34 10 51 45 23
27 46 78 29 80 85 34
37 66 69 22 51 62 16
71 84 78 63 86 81 3
77 44 46 71 84 78 51
48 58 55 39 37 47 22
15 68 49 26 63 86 37
30 85 15 37 66 69 57
39 37 47 42 79 87 58
39 37 47 28 74 9 53
72 11 71 64 30 80 21
23 38 15 4 21 59 47
70 51 50 13 20 30 36
38 69 73 42 79 87 17
49 29 70 20 7 41 36
72 11 71 83 51 63 40
38 69 73 21 69 46 27
8 12 4 42 79 87 106
35 44 12 45 23 65 57
12 72 39 24 49 24 27
87 87 3 4 21 59 86
1 65 17 18 47 9 19
2 14 10 85 48 49 51
26 63 86 72 11 71 54
46 58 58 84 53 77 19
67 35 63 65 19 75 20
7 84 0 63 86 81 81
87 87 3 79 43 55 68
21 69 46 67 35 63 38
20 7 41 18 47 9 51
51 52 72 68 51 4 68
43 58 51 15 68 49 10
31 61 65 77 44 46 25
86 6 70 34 66 36 68
17 27 4 58 63 57 64
67 35 63 73 10 46 30
62 71 34 72 11 71 70
68 51 4 76 24 59 61
5 30 34 58 63 57 40
31 61 65 49 29 70 32
65 19 75 13 20 30 45
45 23 65 42 79 87 60
79 43 55 59 57 81 29
29 80 85 30 85 15 70
48 58 55 28 74 9 48
81 42 24 86 6 70 58
63 86 81 70 51 50 46
25 13 34 10 51 45 39
31 61 65 4 21 59 40
59 57 81 55 28 3 83
51 52 72 9 54 10 62
41 39 6 60 3 75 77
71 84 78 59 57 81 27
60 3 75 6 22 20 58
74 86 15 44 77 44 30
55 28 3 33 57 35 43
50 29 13 86 6 70 61
80 1 20 12 72 39 73
75 60 71 43 58 51 20
51 52 72 25 13 34 54
16 9 81 9 54 10 84
29 80 85 1 65 17 69
64 30 80 49 29 70 10
11 12 25 4 21 59 35
51 52 72 76 24 59 30
39 37 47 41 39 6 41
35 44 12 59 57 81 70
66 33 3 77 44 46 44
42 79 87 83 51 63 36
18 47 9 80 1 20 47
55 28 3 57 20 22 20
12 72 39 68 51 4 40
82 53 8 65 19 75 75
67 35 63 27 46 78 18
14 52 26 28 74 9 27
78 32 19 55 28 3 16
20 7 41 39 37 47 30
35 44 12 31 61 65 55
60 3 75 43 58 51 60
21 69 46 54 63 69 23
9 54 10 6 22 20 33
82 53 8 42 79 87 83
7 84 0 34 66 36 40
10 51 45 67 35 63 24
62 71 34 2 14 10 61
73 10 46 79 43 55 34
0 52 9 34 66 36 30
30 85 15 78 32 19 53
66 33 3 83 51 63 62
86 6 70 26 63 86 59
76 24 59 15 68 49 45
44 77 44 68 51 4 47
65 19 75 1 65 17 74
67 35 63 38 69 73 35
72 11 71 74 86 15 93
76 24 59 30 85 15 75
61 64 42 2 14 10 59
84 53 77 68 51 4 73
68 51 4 57 20 22 35
30 85 15 17 27 4 59
17 27 4 82 53 8 26
70 51 50 48 58 55 8
86 6 70 42 79 87 74
3 30 14 80 1 20 29
37 66 69 23 38 15 60
40 62 64 5 30 34 43
16 9 81 24 49 24 69
58 63 57 71 84 78 29
28 74 9 18 47 9 27
86 6 70 17 27 4 69
59 57 81 16 9 81 48
17 27 4 61 64 42 53
40 62 64 6 22 20 59
60 3 75 81 42 24 64
55 28 3 40 62 64 69
42 79 87 15 68 49 39
62 71 34 60 3 75 79
82 53 8 35 44 12 9
42 79 87 63 86 81 9
7 84 0 71 84 78 78
79 43 55 0 52 9 46
87 87 3 8 12 4 75
17 27 4 83 51 63 63
76 24 59 22 51 62 27
32 64 77 77 44 46 36
77 44 46 54 63 69 29
87 87 3 21 69 46 46
77 44 46 46 58 58 18
57 20 22 70 51 50 41
30 85 15 19 67 19 18
69 51 22 32 64 77 56
23 38 15 22 51 62 48
46 58 58 21 69 46 16
70 51 50 62 71 34 25
59 57 81 53 5 31 72
14 52 26 22 51 62 36
56 56 55 72 11 71 47
84 53 77 72 11 71 42
34 66 36 71 84 78 45
25 13 34 37 66 69 63
64 30 80 86 6 70 26
22 51 62 40 62 64 11
4 21 59 41 39 6 55
73 10 46 17 27 4 45
25 13 34 69 51 22 39
87 87 3 22 51 62 69
71 84 78 87 87 3 75
12 72 39 65 19 75 64
42 79 87 53 5 31 92
37 66 69 9 54 10 60
36 12 7 16 9 81 74
50 29 13 9 54 10 25
0 52 9 66 33 3 19
29 80 85 22 51 62 37
7 84 0 0 52 9 33
65 19 75 24 49 24 59
19 67 19 8 12 4 57
48 58 55 74 86 15 48
3 30 14 57 20 22 12
51 52 72 45 23 65 29
13 20 30 23 38 15 23
37 66 69 60 3 75 63
48 58 55 27 46 78 25
14 52 26 16 9 81 69
8 12 4 53 5 31 27
61 64 42 27 46 78 40
10 51 45 59 57 81 36
68 51 4 22 51 62 58
46 58 58 50 29 13 53
18 47 9 34 66 36 33
62 71 34 0 52 9 31
83 51 63 60 3 75 49
75 60 71 17 27 4 74
12 72 39 66 33 3 53
3 30 14 22 51 62 52
74 86 15 30 85 15 1
1 65 17 25 13 34 54
69 51 22 87 87 3 40
74 86 15 53 5 31 82
31 61 65 72 11 71 50
74 86 15 26 63 86 74
83 51 63 82 53 8 55
12 72 39 11 12 25 61
15 68 49 72 11 71 61
25 13 34 66 33 3 36
0 52 9 80 1 20 52
8 12 4 44 77 44 76
51 52 72 26 63 86 17
42 79 87 66 33 3 95
34 66 36 12 72 39 6
83 51 63 46 58 58 8
8 12 4 20 7 41 37
66 33 3 24 49 24 26
23 38 15 29 80 85 81
74 86 15 27 46 78 74
69 51 22 29 80 85 69
50 29 13 58 63 57 55
53 5 31 44 77 44 73
73 10 46 5 30 34 23
67 35 63 76 24 59 11
76 24 59 16 9 81 26
56 56 55 85 48 49 10
62 71 34 75 60 71 38
33 57 35 35 44 12 26
61 64 42 85 48 49 17
10 51 45 78 32 19 32
31 61 65 11 12 25 63
70 51 50 82 53 8 42
38 69 73 32 64 77 6
79 43 55 74 86 15 58
9 54 10 75 60 71 61
2 14 10 77 44 46 46
10 51 45 54 63 69 26
16 9 81 33 57 35 66
82 53 8 18 47 9 6
78 32 19 53 5 31 29
65 19 75 2 14 10 65
75 60 71 40 62 64 7
69 51 22 57 20 22 31
50 29 13 49 29 70 57
37 66 69 62 71 34 35
46 58 58 54 63 69 12
36 12 7 9 54 10 42
0 52 9 74 86 15 34
82 53 8 10 51 45 37
22 51 62 56 56 55 8
22 51 62 71 84 78 36
24 49 24 76 24 59 43
38 69 73 49 29 70 40
84 53 77 39 37 47 34
35 44 12 54 63 69 60
73 10 46 30 85 15 81
10 51 45 7 84 0 55
86 6 70 76 24 59 21
9 54 10 54 63 69 59
12 72 39 14 52 26 23
63 86 81 25 13 34 86
5 30 34 71 84 78 69
51 52 72 42 79 87 30
42 79 87 7 84 0 87
83 51 63 18 47 9 54
32 64 77 65 19 75 45
28 74 9 37 66 69 60
54 63 69 84 53 77 12
47 21 28 17 27 4 24
6 22 20 13 20 30 10
58 63 57 42 79 87 34
10 51 45 2 14 10 50
5 30 34 64 30 80 46
42 79 87 80 1 20 102
32 64 77 74 86 15 65
61 64 42 83 51 63 24
82 53 8 53 5 31 53
46 58 58 22 51 62 8
21 69 46 3 30 14 50
32 64 77 15 68 49 28
7 84 0 84 53 77 83
45 23 65 0 52 9 63
75 60 71 0 52 9 62
70 51 50 47 21 28 37
26 63 86 19 67 19 67
58 63 57 72 11 71 53
64 30 80 65 19 75 12
38 69 73 40 62 64 11
43 58 51 66 33 3 54
21 69 46 2 14 10 65
34 66 36 25 13 34 53
46 58 58 32 64 77 19
81 42 24 65 19 75 55
36 12 7 40 62 64 75
42 79 87 1 65 17 71
76 24 59 44 77 44 55
85 48 49 54 63 69 25
47 21 28 75 60 71 58
43 58 51 73 10 46 48
57 20 22 10 51 45 38
21 69 46 78 32 19 45
35 44 12 51 52 72 60
29 80 85 80 1 20 102
51 52 72 10 51 45 27
62 71 34 6 22 20 50
54 63 69 76 24 59 40
14 52 26 53 5 31 47
63 86 81 18 47 9 81
44 77 44 19 67 19 26
67 35 63 39 37 47 16
64 30 80 32 64 77 34
16 9 81 4 21 59 25
20 7 41 58 63 57 58
13 20 30 36 12 7 24
23 38 15 34 66 36 35
37 66 69 17 27 4 75
36 12 7 41 39 6 27
45 23 65 12 72 39 55
68 51 4 20 7 41 57
70 51 50 61 64 42 15
5 30 34 45 23 65 31
8 12 4 23 38 15 28
58 63 57 60 3 75 62
41 39 6 35 44 12 7
87 87 3 58 63 57 59
46 58 58 12 72 39 23
69 51 22 65 19 75 61
1 65 17 72 11 71 76
58 63 57 65 19 75 47
76 24 59 17 27 4 55
58 63 57 73 10 46 54
83 51 63 62 71 34 35
75 60 71 48 58 55 16
60 3 75 3 30 14 66
70 51 50 27 46 78 28
57 20 22 47 21 28 6
11 12 25 60 3 75 50
46 58 58 8 12 4 70
71 84 78 14 52 26 61
14 52 26 50 29 13 26
29 80 85 62 71 34 51
4 21 59 79 43 55 22
84 53 77 87 87 3 81
78 32 19 52 25 72 53
53 5 31 21 69 46 65
61 64 42 48 58 55 14
66 33 3 59 57 81 81
77 44 46 11 12 25 38
33 57 35 14 52 26 10
12 72 39 73 10 46 62
5 30 34 15 68 49 40
31 61 65 6 22 20 59
1 65 17 38 69 73 56
7 84 0 24 49 24 42
12 72 39 2 14 10 64
26 63 86 64 30 80 33
40 62 64 37 66 69 6
66 33 3 3 30 14 11
27 46 78 44 77 44 46
78 32 19 59 57 81 66
1 65 17 32 64 77 60
72 11 71 24 49 24 60
86 6 70 6 22 20 52
23 38 15 81 42 24 9
53 5 31 68 51 4 53
84 53 77 75 60 71 9
73 10 46 87 87 3 88
63 86 81 5 30 34 73
7 84 0 23 38 15 48
74 86 15 20 7 41 83
36 12 7 80 1 20 17
34 66 36 85 48 49 22
23 38 15 67 35 63 48
45 23 65 29 80 85 60
72 11 71 70 51 50 45
26 63 86 31 61 65 21
39 37 47 51 52 72 29
46 58 58 73 10 46 49
39 37 47 8 12 4 49
51 52 72 83 51 63 9
25 13 34 67 35 63 36
36 12 7 62 71 34 64
44 77 44 73 10 46 67
36 12 7 53 5 31 25
42 79 87 67 35 63 50
77 44 46 75 60 71 29
14 52 26 52 25 72 53
28 74 9 9 54 10 20
34 66 36 58 63 57 21
64 30 80 42 79 87 49
86 6 70 67 35 63 29
76 24 59 48 58 55 34
22 51 62 18 47 9 53
84 53 77 17 27 4 77
29 80 85 71 84 78 8
60 3 75 7 84 0 110
8 12 4 41 39 6 27
43 58 51 77 44 46 14
85 48 49 66 33 3 48
7 84 0 36 12 7 72
10 51 45 14 52 26 19
57 20 22 74 86 15 66
63 86 81 39 37 47 59
85 48 49 24 49 24 25
61 64 42 56 56 55 15
20 7 41 19 67 19 63
46 58 58 48 58 55 3
31 61 65 85 48 49 20
69 51 22 31 61 65 44
58 63 57 49 29 70 36
16 9 81 10 51 45 55
59 57 81 38 69 73 14
5 30 34 1 65 17 38
71 84 78 40 62 64 26
21 69 46 74 86 15 35
6 22 20 67 35 63 44
14 52 26 17 27 4 33
68 51 4 77 44 46 42
78 32 19 57 20 22 12
52 25 72 5 30 34 38
44 77 44 75 60 71 31
16 9 81 65 19 75 11
51 52 72 56 56 55 17
59 57 81 47 21 28 64
8 12 4 14 52 26 45
76 24 59 73 10 46 19
51 52 72 24 49 24 48
75 60 71 78 32 19 59
47 21 28 29 80 85 82
67 35 63 9 54 10 56
59 57 81 63 86 81 29
19 67 19 4 21 59 60
9 54 10 71 84 78 74
82 53 8 16 9 81 85
68 51 4 3 30 14 23
17 27 4 36 12 7 15
81 42 24 46 58 58 37
60 3 75 26 63 86 61
27 46 78 12 72 39 46
65 19 75 75 60 71 41
81 42 24 1 65 17 24
58 63 57 16 9 81 59
66 33 3 67 35 63 60
49 29 70 70 51 50 29
53 5 31 46 58 58 59
85 48 49 75 60 71 25
16 9 81 70 51 50 52
45 23 65 33 57 35 45
76 24 59 32 64 77 43
46 58 58 61 64 42 17
45 23 65 48 58 55 36
45 23 65 49 29 70 7
51 52 72 69 51 22 50
67 35 63 1 65 17 54
20 7 41 81 42 24 38
72 11 71 81 42 24 56
29 80 85 42 79 87 2
16 9 81 53 5 31 50
7 84 0 33 57 35 44
9 54 10 77 44 46 37
55 28 3 20 7 41 43
47 21 28 26 63 86 71
37 66 69 33 57 35 35
5 30 34 81 42 24 15
63 86 81 57 20 22 88
38 69 73 36 12 7 87
67 35 63 70 51 50 20
46 58 58 64 30 80 35
46 58 58 45 23 65 35
52 25 72 27 46 78 21
40 62 64 11 12 25 63
25 13 34 52 25 72 39
15 68 49 52 25 72 48
87 87 3 38 69 73 72
16 9 81 22 51 62 46
17 27 4 24 49 24 29
16 9 81 29 80 85 71
38 69 73 79 43 55 31
56 56 55 54 63 69 15
5 30 34 74 86 15 59
22 51 62 75 60 71 12
87 87 3 47 21 28 70
13 20 30 61 64 42 45
9 54 10 82 53 8 2
78 32 19 39 37 47 28
68 51 4 73 10 46 58
32 64 77 85 48 49 32
64 30 80 81 42 24 57
18 47 9 45 23 65 60
60 3 75 61 64 42 69
38 69 73 23 38 15 65
44 77 44 38 69 73 30
76 24 59 61 64 42 43
77 44 46 23 38 15 31
67 35 63 18 47 9 55
43 58 51 70 51 50 7
27 46 78 83 51 63 15
67 35 63 36 12 7 60
72 11 71 14 52 26 60
34 66 36 39 37 47 31
86 6 70 63 86 81 80
39 37 47 16 9 81 44
20 7 41 84 53 77 58
22 51 62 44 77 44 31
17 27 4 21 69 46 59
26 63 86 22 51 62 26
4 21 59 36 12 7 52
31 61 65 22 51 62 10
26 63 86 33 57 35 51
7 84 0 56 56 55 61
53 5 31 87 87 3 86
76 24 59 81 42 24 39
35 44 12 34 66 36 32
52 25 72 22 51 62 27
39 37 47 26 63 86 46
62 71 34 47 21 28 50
0 52 9 40 62 64 55
84 53 77 59 57 81 5
21 69 46 75 60 71 26
75 60 71 26 63 86 15
71 84 78 61 64 42 41
0 52 9 77 44 46 37
2 14 10 50 29 13 15
30 85 15 9 54 10 31
26 63 86 55 28 3 90
41 39 6 42 79 87 90
25 13 34 78 32 19 24
68 51 4 31 61 65 61
33 57 35 12 72 39 15
35 44 12 23 38 15 6
9 54 10 22 51 62 52
70 51 50 12 72 39 23
38 69 73 4 21 59 50
28 74 9 68 51 4 23
56 56 55 23 38 15 43
69 51 22 10 51 45 23
7 84 0 81 42 24 48
3 30 14 8 12 4 20
47 21 28 25 13 34 10
2 14 10 54 63 69 76
20 7 41 38 69 73 69
75 60 71 14 52 26 45
34 66 36 29 80 85 50
49 29 70 9 54 10 65
84 53 77 2 14 10 77
54 63 69 43 58 51 18
9 54 10 60 3 75 82
68 51 4 11 12 25 44
86 6 70 41 39 6 72
48 58 55 51 52 72 18
38 69 73 51 52 72 17
11 12 25 83 51 63 54
63 86 81 77 44 46 54
31 61 65 14 52 26 40
21 69 46 50 29 13 51
36 12 7 68 51 4 39
33 57 35 8 12 4 54
8 12 4 15 68 49 71
56 56 55 63 86 81 39
1 65 17 31 61 65 48
5 30 34 59 57 81 54
17 27 4 45 23 65 61
79 43 55 82 53 8 48
30 85 15 80 1 20 84
3 30 14 4 21 59 45
82 53 8 37 66 69 62
57 20 22 29 80 85 87
84 53 77 1 65 17 61
10 51 45 72 11 71 47
4 21 59 59 57 81 42
60 3 75 39 37 47 44
75 60 71 19 67 19 52
71 84 78 45 23 65 62
64 30 80 67 35 63 17
71 84 78 21 69 46 35
20 7 41 30 85 15 82
58 63 57 63 86 81 33
67 35 63 57 20 22 43
73 10 46 84 53 77 53
15 68 49 47 21 28 51
40 62 64 2 14 10 72
56 56 55 87 87 3 60
73 10 46 35 44 12 48
31 61 65 2 14 10 72
27 46 78 47 21 28 55
21 69 46 34 66 36 10
44 77 44 9 54 10 41
79 43 55 15 68 49 25
78 32 19 63 86 81 82
0 52 9 19 67 19 18
73 10 46 39 37 47 27
0 52 9 15 68 49 43
53 5 31 10 51 45 48
10 51 45 42 79 87 50
8 12 4 26 63 86 96
32 64 77 75 60 71 7
87 87 3 14 52 26 41
72 11 71 47 21 28 44
73 10 46 52 25 72 30
5 30 34 35 44 12 26
13 20 30 37 66 69 60
24 49 24 47 21 28 28
41 39 6 58 63 57 56
78 32 19 70 51 50 36
13 20 30 25 13 34 8
27 46 78 21 69 46 39
46 58 58 58 63 57 5
74 86 15 29 80 85 70
42 79 87 22 51 62 37
33 57 35 31 61 65 30
65 19 75 11 12 25 50
42 79 87 56 56 55 39
18 47 9 54 63 69 62
2 14 10 36 12 7 3
67 35 63 58 63 57 28
28 74 9 15 68 49 40
34 66 36 46 58 58 23
49 29 70 85 48 49 28
55 28 3 45 23 65 62
54 63 69 12 72 39 31
5 30 34 53 5 31 25
18 47 9 12 72 39 39
60 3 75 63 86 81 83
63 86 81 80 1 20 104
87 87 3 61 64 42 45
34 66 36 40 62 64 28
51 52 72 70 51 50 22
8 12 4 45 23 65 61
33 57 35 54 63 69 34
2 14 10 63 86 81 101
50 29 13 85 48 49 40
19 67 19 41 39 6 30
44 77 44 81 42 24 40
39 37 47 12 72 39 35
31 61 65 28 74 9 57
31 61 65 86 6 70 55
26 63 86 71 84 78 22
62 71 34 57 20 22 52
15 68 49 35 44 12 44
62 71 34 52 25 72 59
6 22 20 46 58 58 52
24 49 24 71 84 78 64
47 21 28 54 63 69 58
12 72 39 69 51 22 27
17 27 4 8 12 4 15
47 21 28 16 9 81 54
2 14 10 59 57 81 83
62 71 34 3 30 14 45
69 51 22 53 5 31 46
72 11 71 80 1 20 51
3 30 14 36 12 7 19
17 27 4 18 47 9 20
15 68 49 80 1 20 73
37 66 69 19 67 19 50
68 51 4 80 1 20 52
42 79 87 57 20 22 87
0 52 9 35 44 12 8
56 56 55 18 47 9 46
1 65 17 71 84 78 63
64 30 80 44 77 44 59
37 66 69 69 51 22 49
31 61 65 70 51 50 18
83 51 63 19 67 19 46
13 20 30 10 51 45 34
71 84 78 53 5 31 91
27 46 78 24 49 24 54
41 39 6 48 58 55 52
73 10 46 6 22 20 28
65 19 75 50 29 13 62
84 53 77 81 42 24 54
47 21 28 52 25 72 44
74 86 15 3 30 14 56
83 51 63 55 28 3 64
58 63 57 76 24 59 39
19 67 19 21 69 46 27
40 62 64 19 67 19 45
79 43 55 34 66 36 29
22 51 62 64 30 80 27
61 64 42 34 66 36 6
2 14 10 17 27 4 14
57 20 22 7 84 0 67
86 6 70 59 57 81 52
83 51 63 41 39 6 58
2 14 10 60 3 75 65
64 30 80 27 46 78 16
82 53 8 32 64 77 69
44 77 44 87 87 3 42
48 58 55 24 49 24 32
13 20 30 44 77 44 58
77 44 46 56 56 55 15
62 71 34 11 12 25 59
39 37 47 52 25 72 27
2 14 10 56 56 55 61
21 69 46 69 51 22 30
1 65 17 10 51 45 31
67 35 63 72 11 71 25
49 29 70 35 44 12 59
59 57 81 83 51 63 18
11 12 25 54 63 69 67
30 85 15 21 69 46 34
69 51 22 63 86 81 68
43 58 51 51 52 72 21
48 58 55 12 72 39 21
34 66 36 41 39 6 40
24 49 24 21 69 46 29
12 72 39 17 27 4 57
19 67 19 15 68 49 30
50 29 13 39 37 47 34
4 21 59 24 49 24 44
72 11 71 48 58 55 49
83 51 63 33 57 35 28
79 43 55 6 22 20 40
54 63 69 74 86 15 58
40 62 64 51 52 72 12
41 39 6 46 58 58 55
44 77 44 79 43 55 35
10 51 45 6 22 20 38
64 30 80 45 23 65 16
14 52 26 83 51 63 37
23 38 15 57 20 22 19
48 58 55 4 21 59 37
48 58 55 63 86 81 38
56 56 55 19 67 19 37
51 52 72 85 48 49 23
17 27 4 40 62 64 69
76 24 59 85 48 49 26
1 65 17 0 52 9 15
2 14 10 51 52 72 72
63 86 81 35 44 12 80
71 84 78 79 43 55 47
34 66 36 50 29 13 43
46 58 58 52 25 72 35
80 1 20 45 23 65 50
46 58 58 15 68 49 13
73 10 46 21 69 46 59
39 37 47 11 12 25 33
17 27 4 79 43 55 53
84 53 77 11 12 25 66
71 84 78 6 22 20 84
50 29 13 71 84 78 85
45 23 65 41 39 6 61
78 32 19 83 51 63 47
85 48 49 77 44 46 5
38 69 73 56 56 55 22
57 20 22 60 3 75 55
80 1 20 26 63 86 90
56 56 55 3 30 14 48
1 65 17 12 72 39 23
43 58 51 32 64 77 26
85 48 49 8 12 4 57
37 66 69 24 49 24 48
24 49 24 29 80 85 68
20 7 41 60 3 75 34
37 66 69 71 84 78 20
48 58 55 1 65 17 38
18 47 9 8 12 4 35
44 77 44 42 79 87 43
13 20 30 51 52 72 52
46 58 58 85 48 49 13
82 53 8 75 60 71 63
54 63 69 16 9 81 55
69 51 22 20 7 41 47
53 5 31 37 66 69 71
13 20 30 33 57 35 37
65 19 75 14 52 26 59
33 57 35 3 30 14 34
70 51 50 20 7 41 44
83 51 63 39 37 47 21
11 12 25 71 84 78 89
15 68 49 13 20 30 51
62 71 34 24 49 24 24
52 25 72 17 27 4 68
25 13 34 46 58 58 51
77 44 46 50 29 13 36
2 14 10 18 47 9 33
70 51 50 71 84 78 43
11 12 25 48 58 55 54
34 66 36 54 63 69 33
52 25 72 86 6 70 19
48 58 55 60 3 75 58
83 51 63 49 29 70 23
57 20 22 81 42 24 22
3 30 14 26 63 86 79
74 86 15 28 74 9 13
60 3 75 80 1 20 55
10 51 45 38 69 73 33
53 5 31 22 51 62 55
86 6 70 8 12 4 66
20 7 41 75 60 71 60
77 44 46 16 9 81 49
0 52 9 38 69 73 66
3 30 14 76 24 59 45
57 20 22 40 62 64 59
12 72 39 72 11 71 68
79 43 55 46 58 58 15
46 58 58 56 56 55 3
31 61 65 57 20 22 59
27 46 78 33 57 35 44
72 11 71 6 22 20 52
38 69 73 18 47 9 67
66 33 3 38 69 73 78
82 53 8 85 48 49 41
24 49 24 57 20 22 29
2 14 10 11 12 25 15
2 14 10 68 51 4 37
72 11 71 42 79 87 69
9 54 10 53 5 31 53
11 12 25 35 44 12 34
64 30 80 24 49 24 59
77 44 46 52 25 72 32
32 64 77 63 86 81 22
14 52 26 24 49 24 3
8 12 4 29 80 85 105
64 30 80 69 51 22 61
64 30 80 54 63 69 34
73 10 46 14 52 26 46
17 27 4 71 84 78 93
70 51 50 45 23 65 31
71 84 78 68 51 4 81
62 71 34 18 47 9 34
22 51 62 83 51 63 1
14 52 26 23 38 15 17
56 56 55 59 57 81 26
83 51 63 45 23 65 28
59 57 81 41 39 6 77
59 57 81 32 64 77 8
46 58 58 70 51 50 10
63 86 81 34 66 36 49
1 65 17 13 20 30 46
3 30 14 44 77 44 55
14 52 26 9 54 10 16
8 12 4 62 71 34 66
19 67 19 43 58 51 33
16 9 81 49 29 70 22
81 42 24 26 63 86 65
22 51 62 45 23 65 28
12 72 39 85 48 49 26
2 14 10 64 30 80 71
82 53 8 11 12 25 44
27 46 78 31 61 65 19
62 71 34 12 72 39 5
18 47 9 4 21 59 56
41 39 6 72 11 71 70
35 44 12 55 28 3 18
40 62 64 23 38 15 54
5 30 34 50 29 13 21
58 63 57 33 57 35 22
31 61 65 41 39 6 62
2 14 10 14 52 26 41
40 62 64 74 86 15 54
17 27 4 0 52 9 25
67 35 63 17 27 4 59
37 66 69 41 39 6 68
52 25 72 45 23 65 7
37 66 69 85 48 49 26
70 51 50 80 1 20 58
52 25 72 38 69 73 44
50 29 13 1 65 17 36
6 22 20 49 29 70 50
1 65 17 34 66 36 19
1 65 17 80 1 20 64
79 43 55 13 20 30 33
30 85 15 71 84 78 63
28 74 9 86 6 70 91
13 20 30 43 58 51 43
7 84 0 74 86 15 15
31 61 65 18 47 9 57
87 87 3 78 32 19 57
21 69 46 35 44 12 42
28 74 9 54 63 69 61
53 5 31 17 27 4 34
56 56 55 20 7 41 50
19 67 19 79 43 55 43
34 66 36 31 61 65 29
22 51 62 85 48 49 13
20 7 41 42 79 87 85
70 51 50 84 53 77 27
20 7 41 85 48 49 41
2 14 10 34 66 36 58
23 38 15 49 29 70 55
75 60 71 64 30 80 31
64 30 80 70 51 50 36
45 23 65 31 61 65 38
82 53 8 63 86 81 80
44 77 44 24 49 24 34
84 53 77 53 5 31 66
21 69 46 39 37 47 32
62 71 34 76 24 59 53
64 30 80 30 85 15 85
14 52 26 20 7 41 47
20 7 41 24 49 24 45
44 77 44 49 29 70 54
31 61 65 87 87 3 67
23 38 15 74 86 15 48
30 85 15 86 6 70 96
56 56 55 15 68 49 13
84 53 77 23 38 15 63
40 62 64 64 30 80 35
11 12 25 59 57 81 71
11 12 25 43 58 51 52
33 57 35 24 49 24 13
72 11 71 30 85 15 92
29 80 85 60 3 75 77
82 53 8 34 66 36 30
14 52 26 79 43 55 30
41 39 6 68 51 4 12
71 84 78 57 20 22 85
36 12 7 45 23 65 59
78 32 19 22 51 62 47
21 69 46 31 61 65 20
52 25 72 87 87 3 92
37 66 69 6 22 20 65
44 77 44 50 29 13 57
31 61 65 51 52 72 11
0 52 9 72 11 71 74
53 5 31 57 20 22 17
42 79 87 49 29 70 52
87 87 3 12 72 39 39
30 85 15 0 52 9 33
4 21 59 2 14 10 49
15 68 49 85 48 49 20
58 63 57 69 51 22 37
58 63 57 80 1 20 72
1 65 17 14 52 26 15
51 52 72 78 32 19 56
70 51 50 81 42 24 27
15 68 49 53 5 31 65
58 63 57 47 21 28 51
0 52 9 49 29 70 65
7 84 0 44 77 44 44
0 52 9 43 58 51 42
46 58 58 86 6 70 53
44 77 44 17 27 4 64
57 20 22 76 24 59 37
62 71 34 69 51 22 23
0 52 9 57 20 22 34
79 43 55 43 58 51 15
48 58 55 49 29 70 32
52 25 72 35 44 12 62
40 62 64 20 7 41 59
55 28 3 24 49 24 29
81 42 24 68 51 4 21
10 51 45 85 48 49 5
33 57 35 41 39 6 34
4 21 59 73 10 46 17
22 51 62 13 20 30 44
21 69 46 0 52 9 40
18 47 9 0 52 9 5
28 74 9 33 57 35 31
15 68 49 29 80 85 37
41 39 6 50 29 13 12
23 38 15 36 12 7 27
84 53 77 60 3 75 50
22 51 62 21 69 46 24
50 29 13 23 38 15 9
50 29 13 70 51 50 43
56 56 55 30 85 15 49
2 14 10 52 25 72 62
39 37 47 56 56 55 20
10 51 45 73 10 46 41
87 87 3 57 20 22 69
8 12 4 83 51 63 70
19 67 19 66 33 3 37
21 69 46 81 42 24 34
83 51 63 5 30 34 35
87 87 3 16 9 81 110
46 58 58 33 57 35 23
41 39 6 9 54 10 15
17 27 4 7 84 0 57
57 20 22 72 11 71 49
58 63 57 44 77 44 19
20 7 41 34 66 36 59
17 27 4 66 33 3 6
4 21 59 22 51 62 30
9 54 10 68 51 4 6
47 21 28 78 32 19 14
80 1 20 21 69 46 72
25 13 34 86 6 70 36
70 51 50 74 86 15 49
69 51 22 9 54 10 12
5 30 34 68 51 4 36
13 20 30 82 53 8 39
4 21 59 64 30 80 22
47 21 28 43 58 51 43
15 68 49 1 65 17 32
64 30 80 47 21 28 52
65 19 75 72 11 71 8
36 12 7 55 28 3 16
53 5 31 79 43 55 44
49 29 70 67 35 63 9
80 1 20 50 29 13 28
4 21 59 45 23 65 6
72 11 71 34 66 36 65
16 9 81 26 63 86 54
57 20 22 51 52 72 59
38 69 73 73 10 46 64
17 27 4 5 30 34 30
18 47 9 69 51 22 13
18 47 9 39 37 47 39
16 9 81 68 51 4 87
21 69 46 29 80 85 40
23 38 15 78 32 19 7
5 30 34 65 19 75 42
36 12 7 58 63 57 71
76 24 59 78 32 19 40
50 29 13 17 27 4 9
48 58 55 57 20 22 50
77 44 46 74 86 15 52
75 60 71 42 79 87 24
82 53 8 19 67 19 17
45 23 65 15 68 49 47
55 28 3 72 11 71 70
9 54 10 25 13 34 47
22 51 62 67 35 63 16
3 30 14 69 51 22 22
23 38 15 66 33 3 13
0 52 9 28 74 9 22
69 51 22 48 58 55 33
42 79 87 17 27 4 97
84 53 77 77 44 46 32
19 67 19 57 20 22 47
61 64 42 80 1 20 66
27 46 78 9 54 10 68
87 87 3 2 14 10 73
82 53 8 38 69 73 66
55 28 3 6 22 20 18
46 58 58 57 20 22 52
44 77 44 4 21 59 57
27 46 78 34 66 36 46
69 51 22 15 68 49 31
65 19 75 29 80 85 61
51 52 72 77 44 46 27
16 9 81 80 1 20 61
51 52 72 55 28 3 73
8 12 4 69 51 22 42
78 32 19 28 74 9 43
40 62 64 18 47 9 57
21 69 46 82 53 8 41
15 68 49 84 53 77 31
6 22 20 75 60 71 63
3 30 14 7 84 0 55
12 72 39 53 5 31 67
79 43 55 80 1 20 54
85 48 49 43 58 51 10
70 51 50 28 74 9 47
21 69 46 13 20 30 51
1 65 17 4 21 59 60
61 64 42 52 25 72 49
74 86 15 36 12 7 74
66 33 3 16 9 81 81
42 79 87 11 12 25 91
26 63 86 43 58 51 35
11 12 25 85 48 49 43
61 64 42 10 51 45 13
75 60 71 41 39 6 68
67 35 63 81 42 24 39
79 43 55 86 6 70 39
77 44 46 47 21 28 29
54 63 69 78 32 19 58
62 71 34 63 86 81 49
71 84 78 72 11 71 73
51 52 72 36 12 7 76
23 38 15 53 5 31 36
56 56 55 76 24 59 32
30 85 15 50 29 13 56
79 43 55 41 39 6 49
36 12 7 20 7 41 34
15 68 49 34 66 36 13
51 52 72 28 74 9 66
62 71 34 16 9 81 77
26 63 86 48 58 55 31
1 65 17 57 20 22 45
52 25 72 20 7 41 35
11 12 25 46 58 58 56
48 58 55 14 52 26 29
2 14 10 67 35 63 57
14 52 26 59 57 81 55
39 37 47 6 22 20 30
1 65 17 68 51 4 19
67 35 63 46 58 58 23
53 5 31 25 13 34 8
65 19 75 9 54 10 73
48 58 55 36 12 7 66
5 30 34 84 53 77 48
46 58 58 30 85 15 50
80 1 20 86 6 70 50
26 63 86 57 20 22 77
27 46 78 18 47 9 69
12 72 39 42 79 87 48
58 63 57 85 48 49 17
67 35 63 24 49 24 41
41 39 6 73 10 46 49
80 1 20 82 53 8 53
50 29 13 60 3 75 67
73 10 46 48 58 55 48
17 27 4 64 30 80 76
53 5 31 49 29 70 45
86 6 70 21 69 46 67
5 30 34 9 54 10 33
45 23 65 6 22 20 45
8 12 4 81 42 24 36
7 84 0 18 47 9 38
31 61 65 74 86 15 55
8 12 4 65 19 75 71
51 52 72 67 35 63 19
71 84 78 60 3 75 81
63 86 81 17 27 4 97
52 25 72 18 47 9 66
2 14 10 49 29 70 61
56 56 55 11 12 25 53
61 64 42 47 21 28 45
50 29 13 43 58 51 47
65 19 75 42 79 87 61
72 11 71 25 13 34 37
31 61 65 55 28 3 70
16 9 81 56 56 55 53
57 20 22 50 29 13 12
38 69 73 45 23 65 46
23 38 15 68 51 4 17
32 64 77 7 84 0 79
49 29 70 41 39 6 64
67 35 63 43 58 51 25
1 65 17 74 86 15 21
65 19 75 23 38 15 62
78 32 19 12 72 39 44
12 72 39 20 7 41 65
13 20 30 50 29 13 19
78 32 19 19 67 19 35
64 30 80 53 5 31 55
41 39 6 40 62 64 62
41 39 6 10 51 45 40
76 24 59 41 39 6 55
41 39 6 17 27 4 12
23 38 15 41 39 6 9
84 53 77 83 51 63 14
10 51 45 55 28 3 47
78 32 19 1 65 17 33
55 28 3 15 68 49 60
60 3 75 73 10 46 29
11 12 25 45 23 65 41
36 12 7 0 52 9 40
27 46 78 75 60 71 15
14 52 26 11 12 25 40
30 85 15 10 51 45 45
34 66 36 78 32 19 38
67 35 63 85 48 49 19
75 60 71 59 57 81 10
9 54 10 76 24 59 57
9 54 10 11 12 25 44
75 60 71 13 20 30 57
77 44 46 60 3 75 50
65 19 75 87 87 3 99
36 12 7 82 53 8 41
33 57 35 57 20 22 39
77 44 46 70 51 50 8
45 23 65 81 42 24 45
84 53 77 8 12 4 83
51 52 72 80 1 20 72
13 20 30 9 54 10 39
75 60 71 69 51 22 49
78 32 19 74 86 15 54
34 66 36 11 12 25 55
80 1 20 48 58 55 66
19 67 19 12 72 39 20
47 21 28 60 3 75 50
36 12 7 63 86 81 104
75 60 71 15 68 49 23
69 51 22 1 65 17 14
79 43 55 33 57 35 24
48 58 55 82 53 8 47
69 51 22 23 38 15 14
67 35 63 71 84 78 51
11 12 25 73 10 46 21
43 58 51 41 39 6 48
69 51 22 85 48 49 27
2 14 10 23 38 15 24
7 84 0 45 23 65 89
54 63 69 7 84 0 72
57 20 22 37 66 69 65
68 51 4 17 27 4 24
86 6 70 43 58 51 55
77 44 46 65 19 75 38
59 57 81 29 80 85 23
26 63 86 13 20 30 70
3 30 14 42 79 87 87
78 32 19 9 54 10 23
45 23 65 67 35 63 12
70 51 50 35 44 12 38
48 58 55 59 57 81 26
71 84 78 64 30 80 54
33 57 35 66 33 3 40
35 44 12 83 51 63 51
5 30 34 44 77 44 48
34 66 36 80 1 20 66
51 52 72 46 58 58 15
21 69 46 25 13 34 57
67 35 63 52 25 72 13
52 25 72 24 49 24 53
41 39 6 22 51 62 57
64 30 80 37 66 69 37
71 84 78 33 57 35 50
0 52 9 73 10 46 55
41 39 6 20 7 41 47
81 42 24 28 74 9 35
64 30 80 19 67 19 71
15 68 49 27 46 78 36
28 74 9 61 64 42 34
47 21 28 79 43 55 34
57 20 22 52 25 72 50
87 87 3 75 60 71 73
12 72 39 58 63 57 20
58 63 57 40 62 64 7
40 62 64 68 51 4 61
5 30 34 86 6 70 43
75 60 71 37 66 69 6
15 68 49 2 14 10 66
27 46 78 3 30 14 65
76 24 59 82 53 8 58
25 13 34 44 77 44 64
79 43 55 72 11 71 35
60 3 75 15 68 49 70
69 51 22 81 42 24 9
34 66 36 6 22 20 46
12 72 39 41 39 6 46
6 22 20 64 30 80 60
53 5 31 60 3 75 44
79 43 55 30 85 15 58
17 27 4 43 58 51 56
49 29 70 39 37 47 24
4 21 59 26 63 86 49
77 44 46 55 28 3 45
67 35 63 41 39 6 57
41 39 6 14 52 26 23
74 86 15 19 67 19 19
84 53 77 48 58 55 22
57 20 22 25 13 34 13
3 30 14 9 54 10 24
86 6 70 75 60 71 54
15 68 49 4 21 59 48
77 44 46 24 49 24 22
49 29 70 84 53 77 25
2 14 10 27 46 78 75
22 51 62 82 53 8 54
47 21 28 42 79 87 82
47 21 28 13 20 30 2
62 71 34 49 29 70 55
32 64 77 36 12 7 87
68 51 4 87 87 3 36
55 28 3 19 67 19 42
55 28 3 50 29 13 10
67 35 63 13 20 30 36
32 64 77 34 66 36 41
71 84 78 62 71 34 45
13 20 30 68 51 4 40
55 28 3 80 1 20 31
1 65 17 6 22 20 43
53 5 31 6 22 20 20
52 25 72 83 51 63 27
63 86 81 16 9 81 77
82 53 8 6 22 20 33
70 51 50 4 21 59 31
0 52 9 2 14 10 38
44 77 44 28 74 9 35
83 51 63 68 51 4 59
29 80 85 31 61 65 27
22 51 62 10 51 45 17
52 25 72 59 57 81 33
84 53 77 64 30 80 23
79 43 55 51 52 72 19
86 6 70 38 69 73 63
5 30 34 77 44 46 18
74 86 15 39 37 47 58
59 57 81 20 7 41 64
55 28 3 75 60 71 75
30 85 15 81 42 24 43
68 51 4 86 6 70 79
27 46 78 56 56 55 25
24 49 24 8 12 4 42
75 60 71 74 86 15 61
7 84 0 21 69 46 48
7 84 0 4 21 59 86
65 19 75 68 51 4 77
54 63 69 24 49 24 47
48 58 55 2 14 10 62
44 77 44 55 28 3 63
17 27 4 51 52 72 72
42 79 87 26 63 86 16
15 68 49 73 10 46 58
11 12 25 50 29 13 20
54 63 69 14 52 26 44
37 66 69 44 77 44 27
38 69 73 60 3 75 66
25 13 34 39 37 47 27
81 42 24 2 14 10 31
20 7 41 9 54 10 56
69 51 22 86 6 70 65
6 22 20 22 51 62 51
78 32 19 3 30 14 5
57 20 22 39 37 47 30
13 20 30 60 3 75 48
31 61 65 16 9 81 54
48 58 55 19 67 19 37
79 43 55 29 80 85 47
86 6 70 24 49 24 62
61 64 42 19 67 19 23
74 86 15 37 66 69 57
37 66 69 34 66 36 33
5 30 34 85 48 49 23
1 65 17 54 63 69 52
11 12 25 58 63 57 60
46 58 58 87 87 3 62
10 51 45 39 37 47 14
73 10 46 25 13 34 12
84 53 77 51 52 72 5
43 58 51 62 71 34 21
68 51 4 21 69 46 45
61 64 42 54 63 69 27
71 84 78 66 33 3 90
60 3 75 18 47 9 79
35 44 12 78 32 19 13
33 57 35 48 58 55 20
71 84 78 78 32 19 78
83 51 63 56 56 55 9
27 46 78 7 84 0 86
73 10 46 42 79 87 80
19 67 19 73 10 46 63
86 6 70 58 63 57 58
63 86 81 67 35 63 54
25 13 34 45 23 65 32
72 11 71 86 6 70 5
6 22 20 7 84 0 65
46 58 58 47 21 28 47
33 57 35 85 48 49 16
6 22 20 61 64 42 47
55 28 3 70 51 50 52
69 51 22 26 63 86 65
58 63 57 48 58 55 5
58 63 57 15 68 49 9
49 29 70 87 87 3 88
78 32 19 60 3 75 63
58 63 57 59 57 81 24
28 74 9 53 5 31 72
74 86 15 42 79 87 72
81 42 24 36 12 7 34
62 71 34 44 77 44 11
54 63 69 19 67 19 50
11 12 25 47 21 28 9
37 66 69 2 14 10 78
48 58 55 21 69 46 14
22 51 62 35 44 12 50
66 33 3 28 74 9 41
17 27 4 70 51 50 51
13 20 30 73 10 46 18
11 12 25 76 24 59 36
58 63 57 74 86 15 47
27 46 78 17 27 4 76
29 80 85 10 51 45 49
6 22 20 51 52 72 60
54 63 69 49 29 70 34
8 12 4 73 10 46 42
49 29 70 76 24 59 12
47 21 28 4 21 59 31
50 29 13 51 52 72 63
59 57 81 6 22 20 70
64 30 80 35 44 12 69
32 64 77 56 56 55 23
39 37 47 65 19 75 33
24 49 24 70 51 50 26
3 30 14 38 69 73 70
67 35 63 37 66 69 31
64 30 80 11 12 25 57
9 54 10 21 69 46 39
60 3 75 52 25 72 22
86 6 70 51 52 72 46
48 58 55 34 66 36 20
28 74 9 13 20 30 57
80 1 20 39 37 47 45
58 63 57 57 20 22 55
66 33 3 15 68 49 57
38 69 73 26 63 86 14
53 5 31 85 48 49 46
22 51 62 12 72 39 31
44 77 44 39 37 47 40
74 86 15 22 51 62 58
62 71 34 66 33 3 49
54 63 69 69 51 22 48
66 33 3 69 51 22 26
35 44 12 2 14 10 30
28 74 9 34 66 36 28
24 49 24 34 66 36 20
64 30 80 33 57 35 52
38 69 73 58 63 57 17
67 35 63 16 9 81 31
31 61 65 59 57 81 16
61 64 42 38 69 73 31
65 19 75 0 52 9 73
36 12 7 6 22 20 16
45 23 65 84 53 77 32
55 28 3 61 64 42 53
10 51 45 56 56 55 11
36 12 7 66 33 3 21
2 14 10 71 84 78 97
55 28 3 17 27 4 1
55 28 3 30 85 15 58
48 58 55 44 77 44 21
47 21 28 20 7 41 19
37 66 69 3 30 14 65
55 28 3 28 74 9 46
4 21 59 42 79 87 64
37 66 69 16 9 81 58
17 27 4 11 12 25 25
60 3 75 0 52 9 82
87 87 3 36 12 7 75
63 86 81 85 48 49 49
4 21 59 51 52 72 33
60 3 75 4 21 59 24
75 60 71 2 14 10 76
50 29 13 18 47 9 18
52 25 72 1 65 17 68
67 35 63 50 29 13 50
14 52 26 78 32 19 21
31 61 65 62 71 34 32
47 21 28 14 52 26 31
8 12 4 16 9 81 77
14 52 26 3 30 14 25
59 57 81 0 52 9 72
51 52 72 11 12 25 61
18 47 9 53 5 31 47
76 24 59 7 84 0 84
70 51 50 22 51 62 12
23 38 15 16 9 81 72
74 86 15 2 14 10 72
56 56 55 9 54 10 45
17 27 4 1 65 17 40
44 77 44 15 68 49 10
28 74 9 8 12 4 62
41 39 6 63 86 81 88
48 58 55 87 87 3 59
61 64 42 7 84 0 46
73 10 46 65 19 75 30
86 6 70 15 68 49 65
19 67 19 87 87 3 25
34 66 36 64 30 80 56
27 46 78 16 9 81 37
1 65 17 76 24 59 58
24 49 24 58 63 57 35
60 3 75 40 62 64 60
25 13 34 70 51 50 41
40 62 64 49 29 70 33
33 57 35 19 67 19 18
38 69 73 2 14 10 83
11 12 25 72 11 71 46
37 66 69 58 63 57 12
39 37 47 5 30 34 14
83 51 63 54 63 69 13
32 64 77 47 21 28 65
8 12 4 11 12 25 21
66 33 3 52 25 72 69
82 53 8 54 63 69 61
38 69 73 5 30 34 55
70 51 50 10 51 45 5
52 25 72 53 5 31 45
83 51 63 24 49 24 39
31 61 65 36 12 7 75
86 6 70 33 57 35 61
71 84 78 65 19 75 65
81 42 24 31 61 65 45
35 44 12 87 87 3 43
14 52 26 34 66 36 17
38 69 73 16 9 81 60
38 69 73 65 19 75 50
27 46 78 78 32 19 60
26 63 86 34 66 36 50
68 51 4 8 12 4 39
24 49 24 61 64 42 23
12 72 39 5 30 34 42
30 85 15 66 33 3 53
48 58 55 85 48 49 11
55 28 3 46 58 58 62
53 5 31 75 60 71 68
10 51 45 81 42 24 22
72 11 71 51 52 72 41
60 3 75 72 11 71 8
59 57 81 24 49 24 57
86 6 70 66 33 3 72
35 44 12 42 79 87 82
9 54 10 46 58 58 48
75 60 71 25 13 34 59
77 44 46 83 51 63 18
73 10 46 16 9 81 35
66 33 3 8 12 4 21
66 33 3 7 84 0 51
0 52 9 5 30 34 33
81 42 24 6 22 20 20
17 27 4 38 69 73 80
44 77 44 33 57 35 21
42 79 87 70 51 50 46
29 80 85 84 53 77 28
44 77 44 10 51 45 26
70 51 50 23 38 15 37
13 20 30 81 42 24 22
22 51 62 33 57 35 27
36 12 7 78 32 19 23
32 64 77 72 11 71 53
26 63 86 25 13 34 72
39 37 47 76 24 59 17
18 47 9 59 57 81 72
86 6 70 4 21 59 18
73 10 46 28 74 9 73
8 12 4 55 28 3 16
32 64 77 78 32 19 66
83 51 63 6 22 20 51
14 52 26 66 33 3 29
67 35 63 8 12 4 63
36 12 7 12 72 39 68
20 7 41 86 6 70 29
33 57 35 2 14 10 49
42 79 87 84 53 77 27
4 21 59 29 80 85 64
54 63 69 38 69 73 7
74 86 15 15 68 49 38
25 13 34 85 48 49 38
28 74 9 24 49 24 29
79 43 55 49 29 70 20
41 39 6 29 80 85 89
73 10 46 20 7 41 5
24 49 24 75 60 71 48
33 57 35 70 51 50 16
64 30 80 48 58 55 37
66 33 3 70 51 50 50
7 84 0 9 54 10 31
84 53 77 35 44 12 65
44 77 44 63 86 81 38
85 48 49 87 87 3 60
48 58 55 13 20 30 45
15 68 49 63 86 81 36
66 33 3 82 53 8 20
18 47 9 36 12 7 35
43 58 51 16 9 81 57
14 52 26 35 44 12 16
60 3 75 76 24 59 26
72 11 71 75 60 71 49
77 44 46 69 51 22 25
61 64 42 29 80 85 45
22 51 62 48 58 55 9
42 79 87 61 64 42 47
62 71 34 9 54 10 29
73 10 46 37 66 69 60
20 7 41 11 12 25 16
68 51 4 19 67 19 21
3 30 14 35 44 12 14
32 64 77 10 51 45 34
72 11 71 54 63 69 52
67 35 63 48 58 55 24
41 39 6 1 65 17 28
80 1 20 67 35 63 54
12 72 39 13 20 30 52
9 54 10 19 67 19 15
37 66 69 68 51 4 66
43 58 51 24 49 24 28
5 30 34 8 12 4 34
67 35 63 47 21 28 37
28 74 9 30 85 15 12
29 80 85 26 63 86 17
50 29 13 68 51 4 23
76 24 59 64 30 80 21
78 32 19 29 80 85 81
69 51 22 11 12 25 39
31 61 65 23 38 15 55
33 57 35 76 24 59 40
27 46 78 79 43 55 23
49 29 70 33 57 35 44
53 5 31 30 85 15 81
10 51 45 45 23 65 34
12 72 39 63 86 81 44
46 58 58 42 79 87 35
71 84 78 69 51 22 65
45 23 65 79 43 55 22
84 53 77 47 21 28 58
77 44 46 36 12 7 50
36 12 7 30 85 15 73
5 30 34 78 32 19 15
15 68 49 65 19 75 55
61 64 42 23 38 15 37
62 71 34 55 28 3 53
80 1 20 71 84 78 101
53 5 31 4 21 59 32
40 62 64 84 53 77 15
37 66 69 72 11 71 55
61 64 42 5 30 34 34
21 69 46 26 63 86 40
22 51 62 39 37 47 20
47 21 28 69 51 22 30
52 25 72 13 20 30 42
71 84 78 0 52 9 76
48 58 55 68 51 4 51
15 68 49 62 71 34 15
63 86 81 79 43 55 50
66 33 3 78 32 19 16
11 12 25 7 84 0 76
26 63 86 36 12 7 94
33 57 35 34 66 36 9
23 38 15 76 24 59 46
43 58 51 29 80 85 40
23 38 15 43 58 51 41
34 66 36 56 56 55 21
79 43 55 20 7 41 38
84 53 77 34 66 36 43
74 86 15 87 87 3 12
0 52 9 61 64 42 35
54 63 69 62 71 34 35
62 71 34 82 53 8 31
18 47 9 76 24 59 55
87 87 3 60 3 75 110
48 58 55 6 22 20 50
77 44 46 13 20 30 28
83 51 63 7 84 0 71
22 51 62 47 21 28 45
9 54 10 61 64 42 33
28 74 9 56 56 55 49
21 69 46 33 57 35 16
58 63 57 0 52 9 49
46 58 58 31 61 65 7
44 77 44 0 52 9 43
43 58 51 76 24 59 34
8 12 4 72 11 71 67
33 57 35 61 64 42 9
10 51 45 50 29 13 38
54 63 69 26 63 86 17
86 6 70 77 44 46 44
81 42 24 49 29 70 47
87 87 3 5 30 34 64
44 77 44 72 11 71 71
16 9 81 40 62 64 55
3 30 14 83 51 63 53
2 14 10 82 53 8 39
40 62 64 30 85 15 54
58 63 57 61 64 42 15
13 20 30 41 39 6 30
79 43 55 3 30 14 43
85 48 49 84 53 77 28
75 60 71 12 72 39 34
27 46 78 11 12 25 62
10 51 45 84 53 77 32
44 77 44 14 52 26 30
33 57 35 29 80 85 55
49 29 70 18 47 9 63
67 35 63 26 63 86 36
76 24 59 70 51 50 28
47 21 28 33 57 35 36
25 13 34 59 57 81 64
20 7 41 33 57 35 50
64 30 80 0 52 9 74
30 85 15 7 84 0 15
34 66 36 45 23 65 51
8 12 4 75 60 71 82
44 77 44 1 65 17 29
62 71 34 34 66 36 5
50 29 13 79 43 55 44
77 44 46 87 87 3 60
75 60 71 23 38 15 60
39 37 47 27 46 78 32
67 35 63 35 44 12 51
2 14 10 45 23 65 55
49 29 70 86 6 70 23
41 39 6 69 51 22 20
73 10 46 53 5 31 15
62 71 34 50 29 13 46
69 51 22 82 53 8 14
46 58 58 66 33 3 60
52 25 72 16 9 81 18
74 86 15 9 54 10 32
49 29 70 21 69 46 46
18 47 9 73 10 46 52
77 44 46 22 51 62 17
72 11 71 2 14 10 61
23 38 15 59 57 81 68
66 33 3 79 43 55 52
30 85 15 2 14 10 71
86 6 70 39 37 47 38
14 52 26 49 29 70 49
25 13 34 82 53 8 47
67 35 63 32 64 77 32
86 6 70 65 19 75 13
61 64 42 22 51 62 23
25 13 34 84 53 77 58
61 64 42 32 64 77 35
44 77 44 34 66 36 13
86 6 70 0 52 9 76
32 64 77 66 33 3 80
53 5 31 31 61 65 65
23 38 15 0 52 9 15
60 3 75 82 53 8 83
0 52 9 76 24 59 57
61 64 42 64 30 80 50
6 22 20 63 86 81 88
38 69 73 74 86 15 60
53 5 31 65 19 75 46
28 74 9 72 11 71 88
66 33 3 81 42 24 22
59 57 81 13 20 30 63
36 12 7 83 51 63 68
80 1 20 64 30 80 66
20 7 41 31 61 65 59
49 29 70 8 12 4 68
20 7 41 82 53 8 56
76 24 59 55 28 3 56
60 3 75 85 48 49 51
64 30 80 25 13 34 49
29 80 85 36 12 7 103
54 63 69 73 10 46 57
7 84 0 65 19 75 99
79 43 55 22 51 62 10
74 86 15 4 21 59 78
56 56 55 71 84 78 36
35 44 12 17 27 4 18
60 3 75 28 74 9 96
34 66 36 77 44 46 24
78 32 19 46 58 58 46
21 69 46 62 71 34 12
26 63 86 82 53 8 78
9 54 10 18 47 9 7
60 3 75 17 27 4 74
80 1 20 17 27 4 30
79 43 55 25 13 34 36
80 1 20 33 57 35 57
65 19 75 74 86 15 89
4 21 59 35 44 12 52
77 44 46 28 74 9 47
26 63 86 30 85 15 74
11 12 25 53 5 31 9
12 72 39 67 35 63 44
49 29 70 74 86 15 79
4 21 59 65 19 75 16
67 35 63 15 68 49 35
39 37 47 36 12 7 47
3 30 14 84 53 77 67
27 46 78 22 51 62 16
22 51 62 62 71 34 34
14 52 26 19 67 19 16
71 84 78 8 12 4 103
69 51 22 79 43 55 33
54 63 69 42 79 87 24
30 85 15 45 23 65 79
27 46 78 81 42 24 54
39 37 47 35 44 12 35
19 67 19 34 66 36 17
23 38 15 83 51 63 49
30 85 15 35 44 12 41
53 5 31 81 42 24 37
10 51 45 27 46 78 33
9 54 10 83 51 63 53
3 30 14 0 52 9 22
0 52 9 63 86 81 79
75 60 71 73 10 46 55
87 87 3 30 85 15 12
62 71 34 1 65 17 18
3 30 14 31 61 65 59
41 39 6 87 87 3 48
47 21 28 85 48 49 34
72 11 71 68 51 4 78
42 79 87 13 20 30 82
21 69 46 6 22 20 53
35 44 12 1 65 17 21
27 46 78 82 53 8 70
81 42 24 22 51 62 39
19 67 19 63 86 81 64
3 30 14 70 51 50 41
66 33 3 60 3 75 78
74 86 15 52 25 72 83
24 49 24 45 23 65 48
9 54 10 63 86 81 77
84 53 77 52 25 72 28
11 12 25 6 22 20 11
85 48 49 16 9 81 50
2 14 10 41 39 6 25
59 57 81 1 65 17 64
23 38 15 12 72 39 41
56 56 55 4 21 59 35
25 13 34 4 21 59 26
9 54 10 45 23 65 63
13 20 30 39 37 47 24
34 66 36 30 85 15 28
77 44 46 38 69 73 36
66 33 3 63 86 81 94
55 28 3 0 52 9 24
7 84 0 31 61 65 68
13 20 30 18 47 9 34
13 20 30 87 87 3 72
79 43 55 5 30 34 24
34 66 36 66 33 3 46
41 39 6 85 48 49 43
22 51 62 84 53 77 15
44 77 44 23 38 15 48
22 51 62 59 57 81 19
78 32 19 72 11 71 56
40 62 64 69 51 22 43
13 20 30 31 61 65 53
80 1 20 4 21 59 43
72 11 71 36 12 7 64
54 63 69 55 28 3 74
50 29 13 16 9 81 70
77 44 46 17 27 4 45
47 21 28 28 74 9 56
47 21 28 12 72 39 52
22 51 62 19 67 19 45
41 39 6 65 19 75 71
21 69 46 36 12 7 69
33 57 35 32 64 77 42
70 51 50 19 67 19 34
33 57 35 67 35 63 35
42 79 87 78 32 19 82
62 71 34 48 58 55 24
80 1 20 22 51 62 65
53 5 31 2 14 10 22
4 21 59 66 33 3 57
45 23 65 63 86 81 65
26 63 86 66 33 3 88
28 74 9 63 86 81 72
9 54 10 1 65 17 13
37 66 69 36 12 7 82
21 69 46 57 20 22 54
79 43 55 65 19 75 31
42 79 87 2 14 10 100
19 67 19 76 24 59 58
44 77 44 45 23 65 57
61 64 42 36 12 7 62
1 65 17 58 63 57 40
47 21 28 51 52 72 53
57 20 22 28 74 9 55
7 84 0 87 87 3 4
0 52 9 26 63 86 77
27 46 78 43 58 51 29
11 12 25 86 6 70 45
49 29 70 69 51 22 52
25 13 34 32 64 77 66
45 23 65 78 32 19 46
25 13 34 42 79 87 84
19 67 19 23 38 15 29
61 64 42 1 65 17 25
56 56 55 1 65 17 39
72 11 71 23 38 15 62
70 51 50 29 80 85 45
9 54 10 84 53 77 67
25 13 34 19 67 19 56
56 56 55 78 32 19 43
79 43 55 60 3 75 44
84 53 77 41 39 6 72
41 39 6 0 52 9 13
59 57 81 15 68 49 33
10 51 45 64 30 80 40
83 51 63 31 61 65 10
82 53 8 58 63 57 50
80 1 20 66 33 3 36
43 58 51 36 12 7 63
17 27 4 6 22 20 16
68 51 4 55 28 3 23
46 58 58 2 14 10 65
30 85 15 39 37 47 57
24 49 24 73 10 46 44
12 72 39 29 80 85 46
4 21 59 30 85 15 77
49 29 70 55 28 3 67
7 84 0 39 37 47 66
83 51 63 1 65 17 48
82 53 8 23 38 15 16
39 37 47 69 51 22 28
64 30 80 43 58 51 40
58 63 57 8 12 4 73
63 86 81 54 63 69 25
23 38 15 85 48 49 35
49 29 70 59 57 81 30
64 30 80 13 20 30 50
22 51 62 69 51 22 40
58 63 57 19 67 19 38
58 63 57 27 46 78 27
81 42 24 24 49 24 7
56 56 55 70 51 50 7
66 33 3 56 56 55 56
49 29 70 52 25 72 4
31 61 65 71 84 78 26
10 51 45 71 84 78 46
16 9 81 5 30 34 51
22 51 62 63 86 81 39
79 43 55 11 12 25 43
24 49 24 25 13 34 37
61 64 42 4 21 59 46
7 84 0 2 14 10 70
66 33 3 45 23 65 62
2 14 10 26 63 86 90
0 52 9 24 49 24 15
64 30 80 41 39 6 74
54 63 69 23 38 15 59
80 1 20 85 48 49 55
64 30 80 36 12 7 75
82 53 8 73 10 46 57
42 79 87 18 47 9 84
82 53 8 57 20 22 35
87 87 3 83 51 63 69
65 19 75 80 1 20 57
54 63 69 17 27 4 74
37 66 69 21 69 46 23
7 84 0 62 71 34 36
27 46 78 65 19 75 27
4 21 59 9 54 10 59
71 84 78 86 6 70 78
19 67 19 6 22 20 45
10 51 45 21 69 46 18
13 20 30 83 51 63 45
12 72 39 21 69 46 7
82 53 8 71 84 78 76
72 11 71 20 7 41 30
1 65 17 3 30 14 35
11 12 25 13 20 30 9
56 56 55 62 71 34 25
44 77 44 20 7 41 70
63 86 81 46 58 58 36
28 74 9 7 84 0 13
3 30 14 53 5 31 30
4 21 59 77 44 46 26
5 30 34 76 24 59 25
42 79 87 60 3 75 76
39 37 47 24 49 24 25
50 29 13 27 46 78 67
75 60 71 33 57 35 36
50 29 13 19 67 19 38
83 51 63 73 10 46 44
46 58 58 65 19 75 42
32 64 77 31 61 65 12
87 87 3 23 38 15 50
68 51 4 58 63 57 54
20 7 41 71 84 78 85
34 66 36 8 12 4 62
10 51 45 76 24 59 30
58 63 57 6 22 20 55
3 30 14 55 28 3 11
74 86 15 17 27 4 60
35 44 12 13 20 30 30
44 77 44 54 63 69 28
80 1 20 53 5 31 11
3 30 14 86 6 70 60
64 30 80 77 44 46 36
66 33 3 50 29 13 10
51 52 72 41 39 6 67
82 53 8 55 28 3 25
10 51 45 83 51 63 18
51 52 72 27 46 78 8
68 51 4 49 29 70 69
68 51 4 66 33 3 18
5 30 34 29 80 85 71
22 51 62 51 52 72 10
37 66 69 87 87 3 69
26 63 86 65 19 75 45
69 51 22 59 57 81 59
75 60 71 31 61 65 6
10 51 45 48 58 55 12
16 9 81 41 39 6 80
32 64 77 5 30 34 54
43 58 51 34 66 36 17
39 37 47 2 14 10 43
21 69 46 83 51 63 24
1 65 17 70 51 50 35
40 62 64 61 64 42 22
10 51 45 35 44 12 33
78 32 19 69 51 22 19
54 63 69 40 62 64 5
16 9 81 84 53 77 44
82 53 8 61 64 42 35
20 7 41 48 58 55 52
21 69 46 84 53 77 34
84 53 77 24 49 24 53
71 84 78 16 9 81 75
40 62 64 25 13 34 57
36 12 7 57 20 22 17
3 30 14 58 63 57 54
63 86 81 10 51 45 50
65 19 75 45 23 65 10
79 43 55 58 63 57 20
84 53 77 19 67 19 59
10 51 45 23 38 15 32
47 21 28 7 84 0 68
43 58 51 12 72 39 18
66 33 3 44 77 44 60
33 57 35 0 52 9 26
56 56 55 86 6 70 52
25 13 34 43 58 51 48
6 22 20 80 1 20 21
42 79 87 50 29 13 89
19 67 19 36 12 7 56
51 52 72 0 52 9 63
33 57 35 10 51 45 11
19 67 19 5 30 34 39
33 57 35 84 53 77 42
3 30 14 23 38 15 8
70 51 50 83 51 63 13
85 48 49 26 63 86 39
21 69 46 1 65 17 29
62 71 34 51 52 72 42
42 79 87 0 52 9 82
50 29 13 63 86 81 88
35 44 12 28 74 9 30
65 19 75 54 63 69 44
55 28 3 52 25 72 69
45 23 65 61 64 42 47
59 57 81 73 10 46 58
61 64 42 35 44 12 36
18 47 9 58 63 57 50
86 6 70 32 64 77 58
61 64 42 62 71 34 10
80 1 20 69 51 22 50
25 13 34 14 52 26 39
29 80 85 35 44 12 81
76 24 59 26 63 86 47
10 51 45 52 25 72 37
78 32 19 65 19 75 57
67 35 63 54 63 69 28
73 10 46 71 84 78 80
57 20 22 59 57 81 69
81 42 24 50 29 13 17
17 27 4 49 29 70 66
19 67 19 65 19 75 73
31 61 65 0 52 9 56
11 12 25 30 85 15 73
26 63 86 87 87 3 86
35 44 12 32 64 77 68
81 42 24 16 9 81 65
68 51 4 15 68 49 48
54 63 69 58 63 57 12
35 44 12 66 33 3 14
46 58 58 74 86 15 51
68 51 4 29 80 85 86
76 24 59 27 46 78 29
87 87 3 43 58 51 56
63 86 81 64 30 80 56
57 20 22 30 85 15 65
34 66 36 60 3 75 74
28 74 9 32 64 77 68
23 38 15 15 68 49 45
3 30 14 39 37 47 33
43 58 51 71 84 78 37
72 11 71 27 46 78 35
20 7 41 80 1 20 21
22 51 62 28 74 9 57
20 7 41 21 69 46 62
82 53 8 50 29 13 24
25 13 34 22 51 62 47
25 13 34 74 86 15 75
20 7 41 62 71 34 64
27 46 78 68 51 4 74
42 79 87 77 44 46 53
54 63 69 51 52 72 11
79 43 55 18 47 9 46
56 56 55 45 23 65 34
25 13 34 35 44 12 38
36 12 7 71 84 78 101
38 69 73 84 53 77 16
34 66 36 67 35 63 41
16 9 81 64 30 80 21
68 51 4 30 85 15 35
61 64 42 63 86 81 44
37 66 69 61 64 42 27
31 61 65 64 30 80 34
67 35 63 60 3 75 34
25 13 34 28 74 9 65
65 19 75 59 57 81 38
13 20 30 2 14 10 20
18 47 9 5 30 34 30
3 30 14 75 60 71 64
62 71 34 30 85 15 23
38 69 73 48 58 55 21
55 28 3 58 63 57 64
8 12 4 63 86 81 106
6 22 20 42 79 87 87
4 21 59 71 84 78 65
3 30 14 34 66 36 42
16 9 81 69 51 22 72
23 38 15 86 6 70 63
19 67 19 32 64 77 58
19 67 19 59 57 81 62
87 87 3 29 80 85 82
47 21 28 65 19 75 47
62 71 34 5 30 34 41
11 12 25 16 9 81 56
11 12 25 55 28 3 27
10 51 45 66 33 3 45
39 37 47 77 44 46 7
64 30 80 28 74 9 83
44 77 44 46 58 58 23
17 27 4 22 51 62 62
70 51 50 14 52 26 24
18 47 9 57 20 22 29
27 46 78 14 52 26 52
62 71 34 10 51 45 22
21 69 46 77 44 46 25
37 66 69 83 51 63 16
37 66 69 59 57 81 15
39 37 47 71 84 78 56
65 19 75 76 24 59 16
71 84 78 44 77 44 34
45 23 65 77 44 46 28
53 5 31 24 49 24 44
75 60 71 1 65 17 54
48 58 55 32 64 77 22
3 30 14 71 84 78 83
34 66 36 5 30 34 36
84 53 77 26 63 86 13
9 54 10 33 57 35 25
12 72 39 15 68 49 10
11 12 25 32 64 77 73
84 53 77 63 86 81 33
64 30 80 62 71 34 61
82 53 8 74 86 15 33
52 25 72 28 74 9 79
51 52 72 63 86 81 35
77 44 46 14 52 26 21
28 74 9 5 30 34 50
52 25 72 70 51 50 34
17 27 4 23 38 15 15
25 13 34 3 30 14 26
16 9 81 75 60 71 51
49 29 70 30 85 15 78
33 57 35 60 3 75 67
54 63 69 66 33 3 72
39 37 47 70 51 50 14
69 51 22 72 11 71 63
67 35 63 19 67 19 54
35 44 12 48 58 55 45
36 12 7 56 56 55 65
81 42 24 77 44 46 22
28 74 9 10 51 45 42
47 21 28 36 12 7 22
25 13 34 54 63 69 61
33 57 35 36 12 7 53
40 62 64 7 84 0 67
3 30 14 19 67 19 37
26 63 86 37 66 69 17
84 53 77 32 64 77 11
81 42 24 85 48 49 25
9 54 10 17 27 4 27
30 85 15 3 30 14 55
85 48 49 73 10 46 38
66 33 3 22 51 62 61
17 27 4 19 67 19 42
53 5 31 26 63 86 79
59 57 81 50 29 13 73
86 6 70 27 46 78 40
38 69 73 68 51 4 71
7 84 0 19 67 19 25
1 65 17 63 86 81 67
60 3 75 49 29 70 26
38 69 73 19 67 19 54
49 29 70 3 30 14 56
3 30 14 48 58 55 49
40 62 64 67 35 63 27
70 51 50 68 51 4 46
14 52 26 51 52 72 46
50 29 13 26 63 86 80
17 27 4 48 58 55 59
32 64 77 51 52 72 13
7 84 0 38 69 73 74
53 5 31 32 64 77 74
27 46 78 77 44 46 32
2 14 10 73 10 46 36
14 52 26 68 51 4 22
33 57 35 81 42 24 18
26 63 86 73 10 46 66
59 57 81 70 51 50 31
39 37 47 62 71 34 36
52 25 72 82 53 8 69
72 11 71 40 62 64 51
12 72 39 30 85 15 27
11 12 25 33 57 35 46
23 38 15 64 30 80 65
75 60 71 71 84 78 25
46 58 58 59 57 81 23
67 35 63 61 64 42 35
43 58 51 82 53 8 43
14 52 26 39 37 47 25
35 44 12 38 69 73 65
78 32 19 80 1 20 31
43 58 51 18 47 9 43
56 56 55 73 10 46 46
29 80 85 77 44 46 53
28 74 9 75 60 71 63
71 84 78 55 28 3 93
87 87 3 39 37 47 66
77 44 46 26 63 86 44
78 32 19 68 51 4 24
5 30 34 80 1 20 32
38 69 73 9 54 10 64
7 84 0 67 35 63 79
5 30 34 51 52 72 43
78 32 19 17 27 4 15
9 54 10 59 57 81 71
31 61 65 76 24 59 37
40 62 64 15 68 49 16
61 64 42 68 51 4 40
20 7 41 61 64 42 57
72 11 71 46 58 58 48
21 69 46 58 63 57 12
55 28 3 87 87 3 59
58 63 57 22 51 62 13
9 54 10 42 79 87 80
64 30 80 78 32 19 61
55 28 3 65 19 75 72
15 68 49 7 84 0 51
60 3 75 10 51 45 56
70 51 50 40 62 64 17
9 54 10 23 38 15 16
46 58 58 39 37 47 23
49 29 70 28 74 9 75
50 29 13 35 44 12 15
4 21 59 5 30 34 26
47 21 28 45 23 65 37
47 21 28 68 51 4 38
62 71 34 35 44 12 34
33 57 35 6 22 20 38
68 51 4 52 25 72 72
60 3 75 55 28 3 76
43 58 51 30 85 15 45
0 52 9 56 56 55 46
15 68 49 41 39 6 51
16 9 81 86 6 70 11
27 46 78 30 85 15 74
37 66 69 43 58 51 19
20 7 41 83 51 63 49
41 39 6 28 74 9 35
70 51 50 69 51 22 28
85 48 49 3 30 14 39
27 46 78 38 69 73 23
57 20 22 2 14 10 13
7 84 0 69 51 22 39
13 20 30 3 30 14 18
12 72 39 61 64 42 8
15 68 49 48 58 55 11
57 20 22 64 30 80 58
53 5 31 7 84 0 84
57 20 22 54 63 69 63
52 25 72 75 60 71 35
8 12 4 64 30 80 78
73 10 46 62 71 34 62
45 23 65 37 66 69 43
6 22 20 2 14 10 12
15 68 49 57 20 22 55
46 58 58 62 71 34 27
68 51 4 39 37 47 45
4 21 59 46 58 58 37
28 74 9 40 62 64 56
47 21 28 48 58 55 45
78 32 19 62 71 34 41
53 5 31 1 65 17 61
66 33 3 47 21 28 27
2 14 10 24 49 24 37
30 85 15 69 51 22 34
4 21 59 55 28 3 56
72 11 71 39 37 47 35
32 64 77 70 51 50 29
48 58 55 42 79 87 38
56 56 55 84 53 77 22
25 13 34 5 30 34 17
29 80 85 83 51 63 36
86 6 70 1 65 17 79
34 66 36 75 60 71 35
54 63 69 81 42 24 49
13 20 30 34 66 36 46
55 28 3 86 6 70 70
56 56 55 55 28 3 59
66 33 3 18 47 9 15
79 43 55 56 56 55 13
80 1 20 7 84 0 85
81 42 24 62 71 34 30
81 42 24 32 64 77 57
69 51 22 73 10 46 47
39 37 47 58 63 57 27
8 12 4 32 64 77 89
13 20 30 32 64 77 64
5 30 34 41 39 6 29
38 69 73 29 80 85 16
23 38 15 63 86 81 81
87 87 3 11 12 25 78
59 57 81 26 63 86 7
25 13 34 11 12 25 9
29 80 85 66 33 3 94
23 38 15 28 74 9 36
77 44 46 79 43 55 9
39 37 47 15 68 49 31
29 80 85 11 12 25 90
20 7 41 6 22 20 25
72 11 71 9 54 10 74
60 3 75 32 64 77 61
64 30 80 50 29 13 67
27 46 78 66 33 3 76
48 58 55 30 85 15 48
10 51 45 26 63 86 42
48 58 55 54 63 69 14
45 23 65 20 7 41 28
15 68 49 21 69 46 3
0 52 9 84 53 77 68
28 74 9 46 58 58 51
73 10 46 36 12 7 39
81 42 24 82 53 8 19
35 44 12 37 66 69 61
26 63 86 78 32 19 73
17 27 4 85 48 49 49
37 66 69 14 52 26 45
11 12 25 1 65 17 53
50 29 13 53 5 31 30
17 27 4 32 64 77 81
75 60 71 76 24 59 37
72 11 71 3 30 14 60
27 46 78 0 52 9 69
43 58 51 35 44 12 41
6 22 20 56 56 55 48
36 12 7 46 58 58 68
4 21 59 13 20 30 29
55 28 3 79 43 55 54
41 39 6 47 21 28 28
12 72 39 71 84 78 40
54 63 69 39 37 47 34
51 52 72 7 84 0 78
78 32 19 18 47 9 18
3 30 14 73 10 46 37
43 58 51 6 22 20 47
37 66 69 54 63 69 3
81 42 24 61 64 42 28
53 5 31 39 37 47 35
15 68 49 37 66 69 20
13 20 30 27 46 78 54
6 22 20 85 48 49 38
42 79 87 16 9 81 70
18 47 9 44 77 44 46
65 19 75 84 53 77 34
67 35 63 3 30 14 49
25 13 34 87 87 3 80
25 13 34 76 24 59 27
72 11 71 43 58 51 51
71 84 78 38 69 73 15
49 29 70 26 63 86 37
71 84 78 81 42 24 68
18 47 9 21 69 46 43
1 65 17 37 66 69 52
8 12 4 74 86 15 74
64 30 80 29 80 85 50
1 65 17 28 74 9 12
59 57 81 39 37 47 39
43 58 51 81 42 24 31
61 64 42 59 57 81 39
20 7 41 16 9 81 40
18 47 9 81 42 24 15
68 51 4 62 71 34 36
24 49 24 49 29 70 50
28 74 9 79 43 55 55
68 51 4 75 60 71 67
24 49 24 42 79 87 69
52 25 72 76 24 59 13
0 52 9 69 51 22 13
55 28 3 47 21 28 25
33 57 35 52 25 72 48
56 56 55 47 21 28 44
86 6 70 84 53 77 47
50 29 13 25 13 34 26
70 51 50 9 54 10 40
78 32 19 81 42 24 11
24 49 24 56 56 55 31
14 52 26 21 69 46 26
47 21 28 35 44 12 28
59 57 81 12 72 39 44
67 35 63 20 7 41 35
45 23 65 28 74 9 75
72 11 71 52 25 72 14
47 21 28 2 14 10 19
20 7 41 22 51 62 48
64 30 80 82 53 8 75
14 52 26 62 71 34 20
78 32 19 77 44 46 29
21 69 46 11 12 25 60
87 87 3 28 74 9 14
35 44 12 60 3 75 75
23 38 15 62 71 34 38
29 80 85 19 67 19 67
61 64 42 77 44 46 20
0 52 9 10 51 45 36
43 58 51 52 25 72 39
22 51 62 32 64 77 19
76 24 59 2 14 10 50
6 22 20 30 85 15 63
66 33 3 37 66 69 73
38 69 73 33 57 35 39
61 64 42 15 68 49 8
15 68 49 18 47 9 45
59 57 81 8 12 4 89
66 33 3 58 63 57 61
85 48 49 72 11 71 43
50 29 13 3 30 14 1
14 52 26 18 47 9 17
24 49 24 32 64 77 55
50 29 13 74 86 15 57
30 85 15 44 77 44 30
74 86 15 64 30 80 85
74 86 15 59 57 81 72
5 30 34 20 7 41 24
69 51 22 24 49 24 2
16 9 81 78 32 19 66
14 52 26 30 85 15 34
71 84 78 41 39 6 84
0 52 9 37 66 69 61
66 33 3 76 24 59 56
33 57 35 42 79 87 56
17 27 4 33 57 35 43
64 30 80 66 33 3 77
44 77 44 35 44 12 45
56 56 55 33 57 35 20
80 1 20 76 24 59 45
40 62 64 87 87 3 65
21 69 46 16 9 81 69
11 12 25 75 60 71 66
30 85 15 15 68 49 38
17 27 4 31 61 65 69
38 69 73 30 85 15 60
76 24 59 29 80 85 61
27 46 78 37 66 69 21
85 48 49 14 52 26 23
23 38 15 21 69 46 43
84 53 77 74 86 15 70
19 67 19 85 48 49 35
65 19 75 56 56 55 42
43 58 51 78 32 19 41
33 57 35 82 53 8 27
87 87 3 27 46 78 85
40 62 64 42 79 87 28
20 7 41 65 19 75 36
21 69 46 55 28 3 59
48 58 55 65 19 75 43
18 47 9 72 11 71 71
86 6 70 45 23 65 17
31 61 65 80 1 20 75
38 69 73 85 48 49 31
12 72 39 82 53 8 36
9 54 10 47 21 28 37
19 67 19 60 3 75 85
24 49 24 5 30 34 21
65 19 75 34 66 36 61
41 39 6 74 86 15 47
5 30 34 3 30 14 20
76 24 59 34 66 36 47
51 52 72 3 30 14 62
57 20 22 65 19 75 53
63 86 81 73 10 46 83
6 22 20 23 38 15 16
12 72 39 16 9 81 75
60 3 75 12 72 39 77
47 21 28 63 86 81 83
54 63 69 80 1 20 79
65 19 75 22 51 62 34
19 67 19 11 12 25 55
82 53 8 68 51 4 4
8 12 4 82 53 8 41
39 37 47 43 58 51 21
0 52 9 85 48 49 40
54 63 69 0 52 9 61
6 22 20 38 69 73 70
82 53 8 5 30 34 34
35 44 12 18 47 9 4
2 14 10 32 64 77 83
29 80 85 51 52 72 30
10 51 45 31 61 65 22
25 13 34 2 14 10 24
83 51 63 57 20 22 51
16 9 81 1 65 17 85
27 46 78 62 71 34 50
56 56 55 69 51 22 33
15 68 49 9 54 10 41
87 87 3 80 1 20 87
80 1 20 2 14 10 16
69 51 22 38 69 73 54
77 44 46 25 13 34 33
5 30 34 47 21 28 10
33 57 35 5 30 34 27
3 30 14 82 53 8 23
64 30 80 85 48 49 35
73 10 46 23 38 15 41
78 32 19 8 12 4 25
47 21 28 1 65 17 45
86 6 70 35 44 12 69
40 62 64 47 21 28 54
67 35 63 14 52 26 40
31 61 65 42 79 87 28
35 44 12 69 51 22 12
37 66 69 70 51 50 24
8 12 4 27 46 78 81
28 74 9 2 14 10 60
10 51 45 12 72 39 21
46 58 58 19 67 19 40
75 60 71 5 30 34 47
11 12 25 10 51 45 43
32 64 77 58 63 57 20
87 87 3 86 6 70 105
69 51 22 28 74 9 26
34 66 36 74 86 15 29
52 25 72 64 30 80 9
48 58 55 43 58 51 4
40 62 64 21 69 46 19
50 29 13 20 7 41 35
71 84 78 46 58 58 32
1 65 17 46 58 58 41
82 53 8 29 80 85 81
66 33 3 1 65 17 34
54 63 69 15 68 49 20
59 57 81 36 12 7 86
55 28 3 63 86 81 97
21 69 46 28 74 9 37
50 29 13 28 74 9 45
0 52 9 4 21 59 58
14 52 26 56 56 55 29
43 58 51 5 30 34 32
72 11 71 33 57 35 58
9 54 10 8 12 4 42
65 19 75 25 13 34 41
13 20 30 71 84 78 80
53 5 31 62 71 34 66
57 20 22 85 48 49 38
83 51 63 28 74 9 58
29 80 85 14 52 26 65
0 52 9 47 21 28 36
5 30 34 54 63 69 48
13 20 30 80 1 20 21
48 58 55 55 28 3 60
38 69 73 41 39 6 73
31 61 65 38 69 73 11
62 71 34 58 63 57 24
50 29 13 78 32 19 6
56 56 55 82 53 8 47
16 9 81 3 30 14 70
39 37 47 29 80 85 57
73 10 46 66 33 3 48
1 65 17 39 37 47 41
18 47 9 55 28 3 19
69 51 22 43 58 51 29
86 6 70 36 12 7 63
12 72 39 77 44 46 28
42 79 87 32 64 77 18
11 12 25 80 1 20 12
75 60 71 79 43 55 23
25 13 34 56 56 55 47
60 3 75 70 51 50 54
86 6 70 62 71 34 74
16 9 81 6 22 20 62
51 52 72 75 60 71 8
53 5 31 29 80 85 92
54 63 69 59 57 81 13
14 52 26 60 3 75 69
75 60 71 45 23 65 37
49 29 70 71 84 78 55
65 19 75 36 12 7 68
10 51 45 86 6 70 51
35 44 12 53 5 31 43
41 39 6 7 84 0 45
7 84 0 52 25 72 93
34 66 36 47 21 28 45
80 1 20 43 58 51 64
39 37 47 0 52 9 40
81 42 24 74 86 15 44
42 79 87 59 57 81 22
54 63 69 22 51 62 13
17 27 4 13 20 30 26
65 19 75 60 3 75 16
1 65 17 2 14 10 51
31 61 65 63 86 81 29
10 51 45 75 60 71 27
49 29 70 66 33 3 67
22 51 62 72 11 71 41
78 32 19 2 14 10 20
83 51 63 85 48 49 14
31 61 65 61 64 42 23
24 49 24 10 51 45 21
30 85 15 24 49 24 37
79 43 55 42 79 87 48
80 1 20 62 71 34 71
55 28 3 67 35 63 60
76 24 59 38 69 73 47
58 63 57 70 51 50 13
39 37 47 31 61 65 30
4 21 59 78 32 19 41
18 47 9 3 30 14 17
32 64 77 26 63 86 9
84 53 77 71 84 78 31
83 51 63 50 29 13 54
21 69 46 8 12 4 70
85 48 49 27 46 78 29
72 11 71 35 44 12 67
47 21 28 86 6 70 44
17 27 4 65 19 75 71
81 42 24 75 60 71 50
11 12 25 0 52 9 43
31 61 65 79 43 55 20
7 84 0 70 51 50 59
45 23 65 1 65 17 63
15 68 49 50 29 13 53
78 32 19 86 6 70 57
53 5 31 63 86 81 95
50 29 13 37 66 69 67
70 51 50 36 12 7 58
67 35 63 68 51 4 61
38 69 73 80 1 20 86
81 42 24 17 27 4 25
47 21 28 39 37 47 24
1 65 17 20 7 41 62
22 51 62 60 3 75 49
24 49 24 46 58 58 35
83 51 63 63 86 81 39
8 12 4 51 52 72 78
77 44 46 48 58 55 16
51 52 72 82 53 8 64
25 13 34 30 85 15 74
66 33 3 48 58 55 57
37 66 69 5 30 34 50
4 21 59 85 48 49 28
58 63 57 35 44 12 48
73 10 46 77 44 46 34
19 67 19 51 52 72 55
49 29 70 51 52 72 23
59 57 81 28 74 9 73
52 25 72 56 56 55 35
57 20 22 61 64 42 48
58 63 57 31 61 65 8
6 22 20 54 63 69 63
30 85 15 33 57 35 34
68 51 4 42 79 87 87
79 43 55 37 66 69 26
12 72 39 79 43 55 33
59 57 81 33 57 35 46
68 51 4 25 13 34 48
69 51 22 14 52 26 4
67 35 63 84 53 77 22
69 51 22 52 25 72 56
13 20 30 20 7 41 17
74 86 15 85 48 49 50
23 38 15 80 1 20 37
27 46 78 71 84 78 38
52 25 72 26 63 86 40
14 52 26 57 20 22 32
0 52 9 82 53 8 1
2 14 10 70 51 50 54
58 63 57 14 52 26 32
9 54 10 40 62 64 54
48 58 55 29 80 85 37
19 67 19 81 42 24 25
73 10 46 45 23 65 23
6 22 20 15 68 49 54
40 62 64 63 86 81 29
16 9 81 28 74 9 97
16 9 81 61 64 42 67
69 51 22 27 46 78 56
10 51 45 36 12 7 54
62 71 34 79 43 55 35
53 5 31 72 11 71 40
74 86 15 47 21 28 66
87 87 3 15 68 49 49
47 21 28 3 30 14 16
53 5 31 47 21 28 16
47 21 28 31 61 65 54
15 68 49 20 7 41 61
73 10 46 61 64 42 54
52 25 72 41 39 6 67
84 53 77 6 22 20 64
1 65 17 33 57 35 19
45 23 65 40 62 64 39
21 69 46 52 25 72 51
14 52 26 40 62 64 39
87 87 3 63 86 81 78
45 23 65 19 67 19 63
75 60 71 50 29 13 65
40 62 64 73 10 46 55
18 47 9 47 21 28 32
15 68 49 77 44 46 24
56 56 55 43 58 51 4
62 71 34 28 74 9 25
55 28 3 43 58 51 56
45 23 65 85 48 49 29
32 64 77 6 22 20 70
2 14 10 58 63 57 67
16 9 81 32 64 77 55
68 51 4 24 49 24 20
39 37 47 75 60 71 33
0 52 9 13 20 30 38
32 64 77 57 20 22 70
40 62 64 1 65 17 47
4 21 59 62 71 34 55
28 74 9 43 58 51 44
12 72 39 28 74 9 30
5 30 34 7 84 0 63
32 64 77 23 38 15 67
3 30 14 43 58 51 46
0 52 9 9 54 10 2
70 51 50 53 5 31 49
7 84 0 46 58 58 63
38 69 73 81 42 24 55
37 66 69 84 53 77 15
73 10 46 81 42 24 38
50 29 13 31 61 65 61
80 1 20 8 12 4 19
3 30 14 20 7 41 35
18 47 9 10 51 45 36
35 44 12 9 54 10 10
87 87 3 45 23 65 89
37 66 69 81 42 24 51
73 10 46 72 11 71 25
86 6 70 19 67 19 79
63 86 81 52 25 72 61
38 69 73 13 20 30 65
44 77 44 86 6 70 75
72 11 71 66 33 3 71
78 32 19 31 61 65 54
81 42 24 55 28 3 25
33 57 35 15 68 49 17
62 71 34 25 13 34 58
16 9 81 48 58 55 55
74 86 15 73 10 46 82
66 33 3 9 54 10 22
18 47 9 71 84 78 78
6 22 20 27 46 78 62
68 51 4 74 86 15 36
37 66 69 31 61 65 6
29 80 85 18 47 9 82
66 33 3 74 86 15 54
30 85 15 77 44 46 51
39 37 47 17 27 4 44
43 58 51 33 57 35 16
19 67 19 49 29 70 63
8 12 4 48 58 55 68
49 29 70 7 84 0 89
81 42 24 41 39 6 18
48 58 55 37 66 69 16
9 54 10 80 1 20 53
20 7 41 78 32 19 33
1 65 17 23 38 15 27
61 64 42 51 52 72 32
51 52 72 15 68 49 28
60 3 75 46 58 58 57
86 6 70 85 48 49 46
44 77 44 60 3 75 80
53 5 31 40 62 64 65
64 30 80 73 10 46 39
85 48 49 13 20 30 33
27 46 78 32 64 77 18
51 52 72 60 3 75 49
83 51 63 38 69 73 20
22 51 62 0 52 9 53
56 56 55 64 30 80 36
84 53 77 55 28 3 78
84 53 77 69 51 22 55
8 12 4 22 51 62 69
38 69 73 70 51 50 29
41 39 6 53 5 31 42
72 11 71 38 69 73 58
16 9 81 83 51 63 45
1 65 17 79 43 55 43
83 51 63 79 43 55 11
38 69 73 25 13 34 68
87 87 3 20 7 41 88
50 29 13 56 56 55 49
35 44 12 7 84 0 41
50 29 13 76 24 59 46
4 21 59 84 53 77 36
62 71 34 17 27 4 53
75 60 71 35 44 12 61
26 63 86 20 7 41 71
55 28 3 38 69 73 81
67 35 63 31 61 65 26
33 57 35 23 38 15 27
27 46 78 42 79 87 34
40 62 64 10 51 45 21
13 20 30 30 85 15 66
10 51 45 8 12 4 56
24 49 24 15 68 49 31
43 58 51 1 65 17 34
34 66 36 83 51 63 30
37 66 69 63 86 81 23
38 69 73 15 68 49 24
13 20 30 55 28 3 28
4 21 59 12 72 39 54
64 30 80 60 3 75 27
46 58 58 0 52 9 49
66 33 3 65 19 75 73
31 61 65 8 12 4 78
56 56 55 41 39 6 51
20 7 41 53 5 31 10
12 72 39 57 20 22 54
7 84 0 79 43 55 68
68 51 4 35 44 12 10
77 44 46 58 63 57 21
20 7 41 7 84 0 87
40 62 64 3 30 14 59
26 63 86 46 58 58 28
33 57 35 69 51 22 14
81 42 24 9 54 10 18
10 51 45 47 21 28 34
15 68 49 25 13 34 57
7 84 0 75 60 71 74
17 27 4 72 11 71 68
20 7 41 10 51 45 44
5 30 34 11 12 25 20
85 48 49 1 65 17 36
4 21 59 20 7 41 22
76 24 59 69 51 22 45
44 77 44 80 1 20 79
25 13 34 8 12 4 30
67 35 63 30 85 15 69
27 46 78 40 62 64 21
44 77 44 69 51 22 34
2 14 10 79 43 55 53
84 53 77 62 71 34 46
67 35 63 83 51 63 16
0 52 9 12 72 39 36
77 44 46 20 7 41 37
59 57 81 34 66 36 45
48 58 55 83 51 63 10
52 25 72 80 1 20 57
78 32 19 48 58 55 44
49 29 70 27 46 78 18
64 30 80 12 72 39 58
1 65 17 64 30 80 72
53 5 31 43 58 51 56
14 52 26 74 86 15 35
9 54 10 39 37 47 40
6 22 20 78 32 19 10
23 38 15 26 63 86 75
57 20 22 49 29 70 48
28 74 9 29 80 85 76
78 32 19 15 68 49 46
87 87 3 50 29 13 58
63 86 81 38 69 73 18
14 52 26 5 30 34 23
53 5 31 27 46 78 62
5 30 34 48 58 55 35
59 57 81 43 58 51 30
0 52 9 81 42 24 18
64 30 80 15 68 49 49
3 30 14 64 30 80 66
56 56 55 29 80 85 38
60 3 75 21 69 46 72
70 51 50 15 68 49 17
19 67 19 39 37 47 41
41 39 6 78 32 19 14
36 12 7 35 44 12 32
29 80 85 17 27 4 96
3 30 14 59 57 81 72
66 33 3 84 53 77 76
57 20 22 35 44 12 26
36 12 7 5 30 34 32
21 69 46 44 77 44 8
60 3 75 16 9 81 8
64 30 80 87 87 3 95
18 47 9 70 51 50 41
42 79 87 85 48 49 49
40 62 64 50 29 13 60
64 30 80 79 43 55 28
46 58 58 37 66 69 13
38 69 73 57 20 22 70
87 87 3 82 53 8 34
78 32 19 49 29 70 51
58 63 57 51 52 72 18
61 64 42 41 39 6 43
41 39 6 27 46 78 72
1 65 17 49 29 70 64
80 1 20 24 49 24 48
85 48 49 44 77 44 29
22 51 62 73 10 46 44
35 44 12 71 84 78 77
73 10 46 49 29 70 30
70 51 50 54 63 69 22
48 58 55 81 42 24 34
16 9 81 15 68 49 67
24 49 24 1 65 17 17
12 72 39 40 62 64 26
66 33 3 75 60 71 73
0 52 9 14 52 26 17
70 51 50 26 63 86 37
69 51 22 83 51 63 41
52 25 72 42 79 87 56
43 58 51 44 77 44 20
66 33 3 41 39 6 6
75 60 71 70 51 50 22
77 44 46 53 5 31 41
37 66 69 55 28 3 76
18 47 9 23 38 15 10
20 7 41 57 20 22 23
19 67 19 16 9 81 84
42 79 87 28 74 9 78
24 49 24 41 39 6 20
11 12 25 26 63 86 79
38 69 73 50 29 13 72
44 77 44 77 44 46 33
75 60 71 83 51 63 12
42 79 87 76 24 59 61
64 30 80 83 51 63 27
70 51 50 8 12 4 60
40 62 64 24 49 24 42
87 87 3 17 27 4 60
35 44 12 8 12 4 32
32 64 77 4 21 59 46
85 48 49 68 51 4 45
26 63 86 68 51 4 82
85 48 49 55 28 3 50
19 67 19 10 51 45 30
26 63 86 61 64 42 44
25 13 34 6 22 20 16
84 53 77 13 20 30 57
53 5 31 19 67 19 63
23 38 15 45 23 65 52
61 64 42 25 13 34 51
49 29 70 11 12 25 48
0 52 9 67 35 63 56
83 51 63 80 1 20 65
62 71 34 32 64 77 43
69 51 22 13 20 30 32
50 29 13 33 57 35 35
59 57 81 76 24 59 39
20 7 41 35 44 12 47
82 53 8 31 61 65 57
2 14 10 44 77 44 71
74 86 15 71 84 78 63
19 67 19 31 61 65 46
4 21 59 8 12 4 55
24 49 24 36 12 7 40
23 38 15 47 21 28 21
27 46 78 23 38 15 63
0 52 9 25 13 34 46
2 14 10 5 30 34 28
39 37 47 81 42 24 23
9 54 10 2 14 10 40
40 62 64 56 56 55 10
75 60 71 67 35 63 26
14 52 26 42 79 87 66
12 72 39 8 12 4 69
13 20 30 74 86 15 67
49 29 70 75 60 71 31
4 21 59 50 29 13 46
30 85 15 51 52 72 65
61 64 42 30 85 15 34
77 44 46 49 29 70 28
44 77 44 70 51 50 26
53 5 31 56 56 55 56
51 52 72 16 9 81 43
54 63 69 36 12 7 80
50 29 13 32 64 77 72
86 6 70 54 63 69 57
13 20 30 72 11 71 41
20 7 41 51 52 72 54
63 86 81 33 57 35 54
45 23 65 14 52 26 48
49 29 70 34 66 36 50
61 64 42 66 33 3 49
7 84 0 59 57 81 85
77 44 46 59 57 81 37
60 3 75 75 60 71 57
22 51 62 24 49 24 38
2 14 10 66 33 3 20
11 12 25 28 74 9 64
72 11 71 63 86 81 75
26 63 86 18 47 9 78
40 62 64 65 19 75 44
33 57 35 68 51 4 31
86 6 70 7 84 0 104
1 65 17 82 53 8 15
60 3 75 25 13 34 42
18 47 9 41 39 6 8
19 67 19 28 74 9 12
43 58 51 42 79 87 41
52 25 72 50 29 13 59
68 51 4 64 30 80 78
57 20 22 75 60 71 63
46 58 58 27 46 78 23
13 20 30 86 6 70 42
67 35 63 29 80 85 50
10 51 45 68 51 4 41
3 30 14 63 86 81 87
87 87 3 9 54 10 33
52 25 72 4 21 59 13
62 71 34 85 48 49 27
87 87 3 34 66 36 39
79 43 55 16 9 81 42
34 66 36 16 9 81 72
13 20 30 7 84 0 70
4 21 59 63 86 81 68
56 56 55 35 44 12 44
20 7 41 29 80 85 85
78 32 19 0 52 9 22
74 86 15 63 86 81 66
63 86 81 11 12 25 92
21 69 46 85 48 49 21
80 1 20 77 44 46 50
87 87 3 76 24 59 84
53 5 31 66 33 3 39
4 21 59 72 11 71 15
47 21 28 19 67 19 46
56 56 55 5 30 34 33
61 64 42 75 60 71 29
86 6 70 53 5 31 39
1 65 17 36 12 7 53
23 38 15 48 58 55 44
79 43 55 35 44 12 43
46 58 58 82 53 8 50
17 27 4 20 7 41 42
32 64 77 71 84 78 20
12 72 39 9 54 10 34
65 19 75 70 51 50 40
56 56 55 57 20 22 48
48 58 55 86 6 70 54
55 28 3 69 51 22 29
46 58 58 35 44 12 48
29 80 85 63 86 81 7
71 84 78 54 63 69 22
26 63 86 17 27 4 89
81 42 24 40 62 64 44
45 23 65 21 69 46 49
40 62 64 59 57 81 17
49 29 70 65 19 75 11
24 49 24 23 38 15 14
25 13 34 48 58 55 49
78 32 19 44 77 44 51
45 23 65 13 20 30 35
73 10 46 32 64 77 62
21 69 46 4 21 59 49
4 21 59 27 46 78 31
82 53 8 41 39 6 14
24 49 24 18 47 9 15
27 46 78 45 23 65 26
3 30 14 46 58 58 52
29 80 85 2 14 10 99
6 22 20 65 19 75 55
50 29 13 72 11 71 60
47 21 28 80 1 20 21
4 21 59 43 58 51 37
53 5 31 0 52 9 51
9 54 10 86 6 70 76
79 43 55 52 25 72 24
81 42 24 42 79 87 73
36 12 7 75 60 71 80
77 44 46 19 67 19 35
68 51 4 69 51 22 18
28 74 9 27 46 78 74
17 27 4 3 30 14 10
59 57 81 44 77 44 42
37 66 69 10 51 45 28
9 54 10 55 28 3 26
60 3 75 74 86 15 102
86 6 70 22 51 62 45
46 58 58 20 7 41 53
55 28 3 29 80 85 97
42 79 87 62 71 34 53
25 13 34 81 42 24 30
8 12 4 54 63 69 82
82 53 8 72 11 71 75
36 12 7 60 3 75 68
32 64 77 29 80 85 17
6 22 20 26 63 86 77
70 51 50 79 43 55 9
34 66 36 4 21 59 50
37 66 69 77 44 46 31
34 66 36 53 5 31 61
58 63 57 43 58 51 7
74 86 15 33 57 35 35
43 58 51 40 62 64 13
69 51 22 34 66 36 20
79 43 55 10 51 45 12
66 33 3 20 7 41 46
4 21 59 81 42 24 40
24 49 24 19 67 19 18
47 21 28 44 77 44 58
41 39 6 44 77 44 53
8 12 4 6 22 20 18
33 57 35 4 21 59 43
32 64 77 80 1 20 84
41 39 6 25 13 34 38
77 44 46 62 71 34 29
6 22 20 68 51 4 33
56 56 55 68 51 4 51
55 28 3 5 30 34 31
11 12 25 15 68 49 60
39 37 47 32 64 77 40
47 21 28 37 66 69 60
61 64 42 79 43 55 24
26 63 86 41 39 6 83
55 28 3 42 79 87 98
18 47 9 32 64 77 70
80 1 20 81 42 24 41
15 68 49 22 51 62 21
30 85 15 85 48 49 50
37 66 69 42 79 87 22
54 63 69 50 29 13 65
6 22 20 29 80 85 87
80 1 20 40 62 64 75
86 6 70 40 62 64 56
61 64 42 65 19 75 55
83 51 63 0 52 9 54
5 30 34 31 61 65 43
80 1 20 14 52 26 51
8 12 4 0 52 9 40
4 21 59 6 22 20 39
21 69 46 65 19 75 57
83 51 63 15 68 49 22
38 69 73 24 49 24 52
37 66 69 49 29 70 37
38 69 73 62 71 34 39
60 3 75 5 30 34 49
67 35 63 11 12 25 44
50 29 13 29 80 85 88
24 49 24 50 29 13 22
17 27 4 10 51 45 47
77 44 46 82 53 8 39
84 53 77 44 77 44 40
65 19 75 85 48 49 38
79 43 55 57 20 22 40
31 61 65 24 49 24 42
19 67 19 1 65 17 2
73 10 46 1 65 17 62
24 49 24 6 22 20 27
18 47 9 77 44 46 37
71 84 78 15 68 49 33
1 65 17 8 12 4 54
54 63 69 4 21 59 43
27 46 78 19 67 19 62
1 65 17 51 52 72 56
34 66 36 38 69 73 37
57 20 22 6 22 20 2
42 79 87 5 30 34 72
22 51 62 57 20 22 50
12 72 39 31 61 65 28
0 52 9 6 22 20 31
52 25 72 31 61 65 36
10 51 45 58 63 57 16
73 10 46 86 6 70 24
49 29 70 61 64 42 44
25 13 34 31 61 65 57
25 13 34 20 7 41 9
26 63 86 83 51 63 25
55 28 3 34 66 36 50
84 53 77 80 1 20 77
16 9 81 72 11 71 10
78 32 19 11 12 25 20
4 21 59 37 66 69 46
45 23 65 69 51 22 51
5 30 34 66 33 3 31
1 65 17 7 84 0 25
16 9 81 17 27 4 79
70 51 50 34 66 36 20
29 80 85 81 42 24 71
58 63 57 75 60 71 14
78 32 19 85 48 49 34
35 44 12 77 44 46 34
63 86 81 76 24 59 65
62 71 34 74 86 15 24
26 63 86 56 56 55 31
32 64 77 45 23 65 42
22 51 62 2 14 10 63
50 29 13 12 72 39 50
3 30 14 6 22 20 10
32 64 77 37 66 69 8
25 13 34 29 80 85 84
44 77 44 56 56 55 23
62 71 34 45 23 65 57
78 32 19 73 10 46 34
31 61 65 9 54 10 55
12 72 39 55 28 3 56
12 72 39 3 30 14 48
39 37 47 40 62 64 30
61 64 42 8 12 4 64
79 43 55 21 69 46 27
83 51 63 32 64 77 19
39 37 47 66 33 3 44
79 43 55 81 42 24 31
70 51 50 85 48 49 3
85 48 49 71 84 78 46
32 64 77 0 52 9 69
8 12 4 7 84 0 72
48 58 55 18 47 9 47
46 58 58 69 51 22 36
42 79 87 69 51 22 70
37 66 69 65 19 75 47
67 35 63 78 32 19 44
58 63 57 13 20 30 50
21 69 46 56 56 55 15
74 86 15 35 44 12 42
34 66 36 36 12 7 61
20 7 41 54 63 69 62
6 22 20 41 39 6 22
47 21 28 81 42 24 21
7 84 0 73 10 46 87
77 44 46 72 11 71 41
63 86 81 27 46 78 40
35 44 12 19 67 19 24
34 66 36 81 42 24 26
5 30 34 13 20 30 10
24 49 24 63 86 81 67
30 85 15 75 60 71 61
52 25 72 0 52 9 68
45 23 65 74 86 15 80
77 44 46 41 39 6 40
65 19 75 33 57 35 55
87 87 3 62 71 34 34
57 20 22 4 21 59 37
32 64 77 54 63 69 8
22 51 62 1 65 17 47
52 25 72 40 62 64 37
76 24 59 35 44 12 51
50 29 13 73 10 46 38
57 20 22 66 33 3 23
6 22 20 52 25 72 52
49 29 70 56 56 55 30
30 85 15 8 12 4 73
31 61 65 54 63 69 4
13 20 30 40 62 64 54
48 58 55 50 29 13 51
21 69 46 51 52 72 31
85 48 49 79 43 55 7
39 37 47 37 66 69 36
47 21 28 38 69 73 65
10 51 45 80 1 20 55
6 22 20 35 44 12 23
43 58 51 8 12 4 65
76 24 59 28 74 9 70
87 87 3 81 42 24 49
33 57 35 87 87 3 43
74 86 15 67 35 63 70
19 67 19 2 14 10 53
78 32 19 38 69 73 65
4 21 59 58 63 57 42
49 29 70 5 30 34 36
78 32 19 58 63 57 49
41 39 6 11 12 25 33
0 52 9 87 87 3 35
74 86 15 6 22 20 64
32 64 77 44 77 44 35
28 74 9 6 22 20 53
87 87 3 6 22 20 67
59 57 81 62 71 34 49
52 25 72 29 80 85 56
46 58 58 5 30 34 36
23 38 15 20 7 41 40
75 60 71 54 63 69 3
36 12 7 49 29 70 65
11 12 25 18 47 9 38
37 66 69 11 12 25 69
56 56 55 48 58 55 2
43 58 51 74 86 15 45
63 86 81 21 69 46 38
83 51 63 53 5 31 56
65 19 75 3 30 14 61
5 30 34 67 35 63 29
13 20 30 66 33 3 29
61 64 42 53 5 31 60
27 46 78 60 3 75 43
5 30 34 6 22 20 16
82 53 8 78 32 19 23
74 86 15 76 24 59 76
23 38 15 60 3 75 69
77 44 46 10 51 45 7
63 86 81 30 85 15 66
51 52 72 23 38 15 58
36 12 7 28 74 9 62
48 58 55 79 43 55 15
30 85 15 58 63 57 47
55 28 3 64 30 80 77
49 29 70 80 1 20 57
2 14 10 20 7 41 31
49 29 70 10 51 45 33
87 87 3 24 49 24 43
23 38 15 58 63 57 48
57 20 22 41 39 6 24
26 63 86 79 43 55 36
34 66 36 9 54 10 28
11 12 25 66 33 3 30
36 12 7 8 12 4 3
8 12 4 77 44 46 52
57 20 22 84 53 77 64
71 84 78 28 74 9 69
82 53 8 15 68 49 43
4 21 59 83 51 63 30
7 84 0 68 51 4 33
85 48 49 59 57 81 33
55 28 3 74 86 15 59
30 85 15 16 9 81 100
60 3 75 1 65 17 84
50 29 13 45 23 65 52
1 65 17 30 85 15 20
61 64 42 84 53 77 36
79 43 55 76 24 59 19
36 12 7 69 51 22 41
60 3 75 68 51 4 85
53 5 31 54 63 69 69
84 53 77 50 29 13 68
46 58 58 49 29 70 31
30 85 15 32 64 77 65
4 21 59 17 27 4 55
52 25 72 54 63 69 38
44 77 44 82 53 8 43
59 57 81 21 69 46 37
72 11 71 45 23 65 13
2 14 10 83 51 63 64
30 85 15 59 57 81 71
63 86 81 75 60 71 27
46 58 58 76 24 59 34
51 52 72 44 77 44 37
31 61 65 30 85 15 55
74 86 15 80 1 20 85
32 64 77 9 54 10 67
46 58 58 43 58 51 7
39 37 47 85 48 49 11
50 29 13 36 12 7 18
56 56 55 12 72 39 22
57 20 22 43 58 51 47
3 30 14 41 39 6 12
65 19 75 51 52 72 33
18 47 9 51 52 72 63
24 49 24 82 53 8 16
65 19 75 10 51 45 43
31 61 65 56 56 55 11
36 12 7 15 68 49 70
59 57 81 72 11 71 47
35 44 12 27 46 78 66
71 84 78 42 79 87 10
34 66 36 10 51 45 17
81 42 24 12 72 39 33
29 80 85 75 60 71 24
47 21 28 21 69 46 51
13 20 30 78 32 19 16