85 3570
39 71 61 38 45 24 45
12 20 48 27 38 16 36
48 63 46 23 79 66 25
24 40 54 29 81 2 66
65 49 78 78 39 29 50
81 46 33 70 24 29 22
18 75 58 38 45 24 45
9 23 47 44 52 33 32
80 49 75 23 79 66 31
48 63 46 41 57 63 18
54 2 58 70 24 29 36
18 75 58 6 20 51 55
82 3 3 30 30 17 30
38 45 24 66 7 0 44
21 59 37 57 76 38 17
5 82 49 27 38 16 55
0 16 1 59 52 4 36
70 24 29 61 62 1 47
2 79 26 71 39 68 58
43 34 82 5 82 49 58
24 40 54 46 59 77 29
50 42 44 83 77 25 39
60 18 63 33 8 30 34
68 54 57 49 83 5 59
84 61 73 5 82 49 31
0 16 1 31 48 21 37
44 52 33 41 57 63 30
59 52 4 1 84 31 41
35 20 27 3 79 84 82
71 39 68 16 48 56 15
3 79 84 15 27 11 89
48 63 46 15 27 11 50
68 54 57 32 52 59 2
38 45 24 5 82 49 44
64 40 31 16 48 56 26
45 69 82 33 8 30 80
13 33 72 20 13 44 34
26 79 67 5 82 49 18
19 15 55 75 44 48 29
68 54 57 66 7 0 73
21 59 37 70 24 29 35
30 30 17 59 52 4 25
80 49 75 44 52 33 42
70 24 29 40 56 35 32
49 83 5 50 42 44 56
54 2 58 16 48 56 46
15 27 11 20 13 44 35
34 24 14 51 25 54 40
78 39 29 42 54 59 33
18 75 58 73 65 68 14
64 40 31 1 84 31 44
26 79 67 78 39 29 55
3 79 84 26 79 67 17
7 68 75 14 79 84 14
76 32 26 64 40 31 9
28 17 2 56 73 27 61
37 8 41 32 52 59 47
59 52 4 14 79 84 84
82 3 3 62 27 67 68
65 49 78 18 75 58 32
22 23 7 27 38 16 17
11 44 31 70 24 29 20
25 29 40 82 3 3 45
54 2 58 5 82 49 80
64 40 31 49 83 5 50
41 57 63 54 2 58 55
13 33 72 30 30 17 55
80 49 75 1 84 31 56
39 71 61 74 51 77 25
10 13 37 79 39 18 32
69 74 52 58 10 52 64
44 52 33 45 69 82 51
63 3 81 58 10 52 29
10 13 37 78 39 29 27
83 77 25 30 30 17 47
56 73 27 36 23 35 50
50 42 44 69 74 52 32
78 39 29 51 25 54 28
52 61 68 20 13 44 53
34 24 14 19 15 55 41
14 79 84 13 33 72 47
75 44 48 32 52 59 13
65 49 78 10 13 37 54
52 61 68 71 39 68 22
20 13 44 18 75 58 63
59 52 4 7 68 75 72
30 30 17 76 32 26 9
59 52 4 21 59 37 33
77 25 6 52 61 68 71
43 34 82 41 57 63 29
3 79 84 0 16 1 104
75 44 48 28 17 2 53
4 68 73 44 52 33 43
50 42 44 46 59 77 37
82 3 3 21 59 37 65
71 39 68 31 48 21 47
38 45 24 27 38 16 10
69 74 52 62 27 67 49
60 18 63 18 75 58 57
9 23 47 21 59 37 37
63 3 81 3 79 84 76
69 74 52 20 13 44 61
69 74 52 4 68 73 21
8 30 3 43 34 82 79
35 20 27 74 51 77 58
32 52 59 34 24 14 53
70 24 29 75 44 48 27
31 48 21 39 71 61 46
0 16 1 44 52 33 48
5 82 49 31 48 21 44
60 18 63 9 23 47 16
25 29 40 65 49 78 42
20 13 44 24 40 54 28
77 25 6 2 79 26 57
26 79 67 21 59 37 36
39 71 61 84 61 73 15
56 73 27 5 82 49 23
20 13 44 16 48 56 37
47 73 39 62 27 67 53
56 73 27 64 40 31 33
48 63 46 65 49 78 34
57 76 38 11 44 31 32
64 40 31 5 82 49 45
76 32 26 6 20 51 27
38 45 24 1 84 31 39
69 74 52 71 39 68 38
11 44 31 61 62 1 34
75 44 48 78 39 29 19
55 40 79 84 61 73 21
55 40 79 4 68 73 28
6 20 51 53 50 44 30
59 52 4 18 75 58 58
43 34 82 55 40 79 6
47 73 39 9 23 47 50
35 20 27 60 18 63 36
62 27 67 37 8 41 32
13 33 72 21 59 37 43
66 7 0 40 56 35 60
43 34 82 65 49 78 15
16 48 56 11 44 31 25
58 10 52 8 30 3 52
74 51 77 48 63 46 33
37 8 41 77 25 6 38
8 30 3 20 13 44 44
28 17 2 79 39 18 27
29 81 2 36 23 35 66
61 62 1 12 20 48 63
21 59 37 32 52 59 23
35 20 27 63 3 81 56
33 8 30 69 74 52 69
9 23 47 68 54 57 32
55 40 79 39 71 61 35
83 77 25 27 38 16 40
37 8 41 27 38 16 39
17 83 17 1 84 31 14
4 68 73 12 20 48 54
16 48 56 44 52 33 23
51 25 54 10 13 37 20
57 76 38 78 39 29 38
41 57 63 18 75 58 18
10 13 37 43 34 82 49
68 54 57 12 20 48 35
54 2 58 68 54 57 52
62 27 67 17 83 17 75
2 79 26 58 10 52 73
32 52 59 60 18 63 34
23 79 66 9 23 47 59
42 54 59 51 25 54 29
1 84 31 14 79 84 53
53 50 44 24 40 54 14
13 33 72 77 25 6 66
31 48 21 34 24 14 25
2 79 26 25 29 40 51
49 83 5 25 29 40 64
57 76 38 22 23 7 61
47 73 39 2 79 26 14
65 49 78 50 42 44 34
36 23 35 18 75 58 56
62 27 67 19 15 55 16
52 61 68 39 71 61 12
29 81 2 19 15 55 84
81 46 33 36 23 35 23
60 18 63 57 76 38 63
41 57 63 71 39 68 18
27 38 16 79 39 18 2
36 23 35 55 40 79 47
36 23 35 79 39 18 23
33 8 30 7 68 75 75
39 71 61 14 79 84 24
75 44 48 83 77 25 40
43 34 82 69 74 52 50
79 39 18 84 61 73 59
50 42 44 21 59 37 18
12 20 48 28 17 2 46
14 79 84 68 54 57 36
43 34 82 14 79 84 45
10 13 37 29 81 2 76
37 8 41 48 63 46 55
44 52 33 15 27 11 33
71 39 68 54 2 58 38
4 68 73 63 3 81 65
61 62 1 63 3 81 99
69 74 52 30 30 17 56
29 81 2 17 83 17 15
48 63 46 1 84 31 25
75 44 48 53 50 44 7
83 77 25 14 79 84 59
28 17 2 49 83 5 66
71 39 68 8 30 3 65
29 81 2 57 76 38 36
72 24 52 48 63 46 39
19 15 55 5 82 49 67
76 32 26 2 79 26 47
19 15 55 9 23 47 11
9 23 47 65 49 78 40
15 27 11 49 83 5 56
16 48 56 28 17 2 62
52 61 68 55 40 79 23
40 56 35 35 20 27 36
62 27 67 81 46 33 38
54 2 58 35 20 27 35
59 52 4 64 40 31 29
71 39 68 62 27 67 12
82 3 3 26 79 67 99
33 8 30 19 15 55 25
67 32 28 22 23 7 22
35 20 27 81 46 33 26
32 52 59 22 23 7 59
5 82 49 50 42 44 40
31 48 21 53 50 44 23
44 52 33 56 73 27 21
67 32 28 31 48 21 17
2 79 26 83 77 25 2
49 83 5 38 45 24 42
74 51 77 62 27 67 26
9 23 47 82 3 3 48
52 61 68 23 79 66 18
17 83 17 37 8 41 78
19 15 55 7 68 75 56
63 3 81 6 20 51 34
25 29 40 47 73 39 44
76 32 26 72 24 52 27
17 83 17 66 7 0 77
21 59 37 20 13 44 46
25 29 40 37 8 41 21
73 65 68 13 33 72 32
48 63 46 16 48 56 18
15 27 11 62 27 67 56
0 16 1 32 52 59 68
20 13 44 35 20 27 18
12 20 48 8 30 3 46
15 27 11 76 32 26 15
37 8 41 42 54 59 49
65 49 78 71 39 68 14
39 71 61 19 15 55 56
2 79 26 38 45 24 34
15 27 11 24 40 54 44
71 39 68 14 79 84 43
14 79 84 17 83 17 67
33 8 30 4 68 73 73
58 10 52 51 25 54 15
33 8 30 82 3 3 27
70 24 29 35 20 27 4
78 39 29 63 3 81 63
74 51 77 32 52 59 18
36 23 35 3 79 84 74
74 51 77 76 32 26 54
38 45 24 63 3 81 70
5 82 49 77 25 6 71
4 68 73 57 76 38 35
27 38 16 33 8 30 33
37 8 41 58 10 52 11
24 40 54 25 29 40 17
55 40 79 20 13 44 44
27 38 16 25 29 40 25
59 52 4 35 20 27 39
2 79 26 4 68 73 48
19 15 55 3 79 84 70
69 74 52 10 13 37 62
44 52 33 57 76 38 24
20 13 44 45 69 82 67
47 73 39 63 3 81 81
7 68 75 60 18 63 51
27 38 16 9 23 47 34
63 3 81 60 18 63 23
3 79 84 69 74 52 32
33 8 30 13 33 72 48
10 13 37 31 48 21 38
39 71 61 59 52 4 60
21 59 37 68 54 57 20
28 17 2 33 8 30 29
24 40 54 19 15 55 25
44 52 33 22 23 7 38
10 13 37 14 79 84 81
49 83 5 11 44 31 46
26 79 67 72 24 52 57
22 23 7 72 24 52 45
37 8 41 24 40 54 34
82 3 3 22 23 7 20
12 20 48 29 81 2 76
30 30 17 32 52 59 47
81 46 33 16 48 56 23
36 23 35 83 77 25 54
71 39 68 11 44 31 37
33 8 30 65 49 78 63
81 46 33 37 8 41 38
57 76 38 13 33 72 54
73 65 68 59 52 4 65
66 7 0 14 79 84 110
58 10 52 15 27 11 44
3 79 84 77 25 6 94
56 73 27 77 25 6 52
16 48 56 35 20 27 40
14 79 84 27 38 16 79
3 79 84 43 34 82 45
75 44 48 21 59 37 18
30 30 17 38 45 24 16
6 20 51 35 20 27 24
6 20 51 77 25 6 45
46 59 77 22 23 7 78
8 30 3 83 77 25 51
65 49 78 57 76 38 48
43 34 82 60 18 63 24
20 13 44 47 73 39 60
36 23 35 28 17 2 33
6 20 51 25 29 40 14
68 54 57 78 39 29 31
46 59 77 52 61 68 9
74 51 77 20 13 44 50
12 20 48 43 34 82 36
82 3 3 40 56 35 61
68 54 57 1 84 31 39
38 45 24 58 10 52 44
67 32 28 43 34 82 54
45 69 82 27 38 16 72
66 7 0 21 59 37 63
76 32 26 29 81 2 54
18 75 58 10 13 37 65
25 29 40 4 68 73 51
57 76 38 63 3 81 84
63 3 81 17 83 17 102
26 79 67 19 15 55 65
17 83 17 79 39 18 44
25 29 40 21 59 37 30
3 79 84 60 18 63 64
13 33 72 78 39 29 43
1 84 31 16 48 56 43
11 44 31 77 25 6 31
14 79 84 61 62 1 84
6 20 51 70 24 29 22
17 83 17 60 18 63 79
32 52 59 51 25 54 27
10 13 37 60 18 63 26
50 42 44 74 51 77 34
65 49 78 82 3 3 87
35 20 27 55 40 79 55
67 32 28 36 23 35 11
34 24 14 42 54 59 54
58 10 52 9 23 47 13
22 23 7 12 20 48 41
39 71 61 68 54 57 17
1 84 31 54 2 58 86
46 59 77 73 65 68 10
22 23 7 80 49 75 72
63 3 81 76 32 26 62
2 79 26 23 79 66 40
2 79 26 60 18 63 71
79 39 18 9 23 47 33
46 59 77 11 44 31 48
20 13 44 72 24 52 13
83 77 25 66 7 0 74
15 27 11 30 30 17 6
16 48 56 69 74 52 26
74 51 77 26 79 67 29
23 79 66 59 52 4 67
71 39 68 50 42 44 24
17 83 17 3 79 84 67
2 79 26 28 17 2 66
78 39 29 14 79 84 68
57 76 38 23 79 66 28
60 18 63 53 50 44 37
80 49 75 20 13 44 47
1 84 31 34 24 14 62
14 79 84 26 79 67 17
1 84 31 37 8 41 76
23 79 66 37 8 41 75
11 44 31 20 13 44 33
40 56 35 50 42 44 16
74 51 77 77 25 6 75
50 42 44 12 20 48 22
30 30 17 43 34 82 65
47 73 39 6 20 51 54
72 24 52 74 51 77 36
15 27 11 13 33 72 61
47 73 39 79 39 18 39
57 76 38 83 77 25 13
10 13 37 71 39 68 40
67 32 28 74 51 77 52
41 57 63 76 32 26 44
26 79 67 47 73 39 28
1 84 31 24 40 54 49
58 10 52 35 20 27 26
27 38 16 70 24 29 19
2 79 26 81 46 33 33
56 73 27 24 40 54 42
3 79 84 72 24 52 63
43 34 82 25 29 40 42
26 79 67 44 52 33 43
48 63 46 81 46 33 21
65 49 78 42 54 59 19
62 27 67 9 23 47 20
82 3 3 70 24 29 33
37 8 41 67 32 28 27
25 29 40 51 25 54 14
33 8 30 52 61 68 65
41 57 63 68 54 57 6
73 65 68 65 49 78 18
56 73 27 80 49 75 53
35 20 27 14 79 84 82
22 23 7 52 61 68 71
43 34 82 78 39 29 53
60 18 63 80 49 75 33
71 39 68 19 15 55 27
53 50 44 1 84 31 36
13 33 72 38 45 24 49
14 79 84 62 27 67 54
3 79 84 55 40 79 39
39 71 61 82 3 3 89
6 20 51 23 79 66 60
81 46 33 30 30 17 22
69 74 52 19 15 55 59
33 8 30 6 20 51 24
32 52 59 7 68 75 22
14 79 84 18 75 58 26
76 32 26 25 29 40 14
56 73 27 6 20 51 58
40 56 35 48 63 46 13
16 48 56 62 27 67 23
10 13 37 80 49 75 52
56 73 27 81 46 33 27
79 39 18 26 79 67 63
72 24 52 39 71 61 47
41 57 63 65 49 78 17
11 44 31 5 82 49 42
17 83 17 56 73 27 14
39 71 61 42 54 59 17
23 79 66 77 25 6 80
22 23 7 65 49 78 75
2 79 26 56 73 27 6
41 57 63 25 29 40 36
8 30 3 7 68 75 81
4 68 73 65 49 78 19
50 42 44 52 61 68 30
66 7 0 29 81 2 74
74 51 77 54 2 58 52
60 18 63 55 40 79 27
5 82 49 33 8 30 76
31 48 21 49 83 5 38
82 3 3 31 48 21 48
59 52 4 60 18 63 68
17 83 17 8 30 3 54
34 24 14 29 81 2 58
16 48 56 53 50 44 12
8 30 3 55 40 79 76
11 44 31 64 40 31 4
27 38 16 51 25 54 40
79 39 18 83 77 25 38
65 49 78 28 17 2 82
66 7 0 24 40 54 63
60 18 63 56 73 27 65
13 33 72 8 30 3 69
22 23 7 14 79 84 95
70 24 29 24 40 54 29
23 79 66 41 57 63 22
61 62 1 75 44 48 50
67 32 28 28 17 2 30
81 46 33 38 45 24 9
49 83 5 78 39 29 50
36 23 35 22 23 7 28
11 44 31 2 79 26 35
71 39 68 39 71 61 32
77 25 6 16 48 56 55
24 40 54 12 20 48 20
29 81 2 78 39 29 49
6 20 51 27 38 16 39
18 75 58 19 15 55 60
18 75 58 51 25 54 50
19 15 55 52 61 68 47
44 52 33 21 59 37 8
10 13 37 57 76 38 63
36 23 35 82 3 3 37
80 49 75 49 83 5 77
7 68 75 53 50 44 35
67 32 28 32 52 59 36
37 8 41 14 79 84 83
53 50 44 38 45 24 20
43 34 82 16 48 56 29
53 50 44 84 61 73 31
13 33 72 32 52 59 23
69 74 52 56 73 27 25
64 40 31 48 63 46 27
24 40 54 60 18 63 23
72 24 52 37 8 41 19
43 34 82 72 24 52 31
67 32 28 58 10 52 32
82 3 3 77 25 6 22
19 15 55 79 39 18 44
8 30 3 5 82 49 69
75 44 48 43 34 82 35
33 8 30 35 20 27 12
61 62 1 66 7 0 55
22 23 7 31 48 21 28
3 79 84 81 46 33 60
48 63 46 66 7 0 72
6 20 51 66 7 0 52
7 68 75 51 25 54 47
80 49 75 51 25 54 31
38 45 24 37 8 41 40
16 48 56 78 39 29 28
42 54 59 57 76 38 30
41 57 63 27 38 16 50
15 27 11 66 7 0 22
7 68 75 49 83 5 71
63 3 81 33 8 30 51
43 34 82 40 56 35 51
48 63 46 17 83 17 35
26 79 67 17 83 17 50
35 20 27 4 68 73 66
43 34 82 49 83 5 91
70 24 29 66 7 0 33
19 15 55 10 13 37 18
21 59 37 79 39 18 27
52 61 68 44 52 33 36
3 79 84 34 24 14 89
70 24 29 22 23 7 22
50 42 44 82 3 3 56
29 81 2 9 23 47 73
37 8 41 68 54 57 48
78 39 29 55 40 79 50
31 48 21 62 27 67 50
51 25 54 70 24 29 25
48 63 46 25 29 40 34
57 76 38 19 15 55 63
33 8 30 21 59 37 51
45 69 82 73 65 68 14
24 40 54 74 51 77 25
34 24 14 76 32 26 14
15 27 11 9 23 47 36
76 32 26 26 79 67 62
16 48 56 37 8 41 42
14 79 84 76 32 26 74
5 82 49 7 68 75 29
33 8 30 0 16 1 30
10 13 37 23 79 66 72
24 40 54 21 59 37 25
9 23 47 71 39 68 26
49 83 5 36 23 35 67
37 8 41 45 69 82 73
39 71 61 46 59 77 20
61 62 1 51 25 54 64
65 49 78 6 20 51 39
49 83 5 0 16 1 67
68 54 57 7 68 75 22
36 23 35 80 49 75 47
5 82 49 4 68 73 27
46 59 77 3 79 84 21
1 84 31 43 34 82 71
76 32 26 46 59 77 57
82 3 3 55 40 79 84
71 39 68 27 38 16 52
65 49 78 39 71 61 27
5 82 49 70 24 29 61
47 73 39 16 48 56 30
1 84 31 40 56 35 28
63 3 81 44 52 33 68
20 13 44 30 30 17 31
51 25 54 55 40 79 29
1 84 31 6 20 51 67
57 76 38 1 84 31 10
39 71 61 3 79 84 24
18 75 58 13 33 72 44
62 27 67 0 16 1 66
55 40 79 73 65 68 27
38 45 24 76 32 26 13
55 40 79 9 23 47 36
34 24 14 47 73 39 55
67 32 28 61 62 1 40
25 29 40 28 17 2 39
21 59 37 60 18 63 48
29 81 2 1 84 31 29
61 62 1 79 39 18 28
36 23 35 24 40 54 25
46 59 77 70 24 29 59
30 30 17 47 73 39 48
33 8 30 48 63 46 57
46 59 77 26 79 67 22
58 10 52 60 18 63 13
41 57 63 26 79 67 22
42 54 59 52 61 68 11
1 84 31 42 54 59 41
11 44 31 39 71 61 40
83 77 25 33 8 30 69
14 79 84 75 44 48 50
31 48 21 79 39 18 9
71 39 68 13 33 72 7
41 57 63 72 24 52 34
54 2 58 30 30 17 49
54 2 58 24 40 54 38
25 29 40 45 69 82 58
72 24 52 79 39 18 37
53 50 44 81 46 33 11
73 65 68 67 32 28 51
32 52 59 2 79 26 42
84 61 73 67 32 28 53
45 69 82 54 2 58 71
59 52 4 38 45 24 21
38 45 24 55 40 79 55
79 39 18 25 29 40 24
77 25 6 28 17 2 8
20 13 44 44 52 33 40
36 23 35 70 24 29 6
83 77 25 48 63 46 25
7 68 75 24 40 54 35
8 30 3 0 16 1 14
58 10 52 39 71 61 61
58 10 52 12 20 48 10
70 24 29 20 13 44 18
35 20 27 61 62 1 49
54 2 58 63 3 81 23
23 79 66 26 79 67 1
38 45 24 56 73 27 28
4 68 73 15 27 11 74
64 40 31 60 18 63 38
25 29 40 58 10 52 22
58 10 52 80 49 75 45
1 84 31 35 20 27 64
51 25 54 38 45 24 36
77 25 6 40 56 35 42
67 32 28 20 13 44 24
29 81 2 48 63 46 47
11 44 31 36 23 35 21
48 63 46 0 16 1 65
75 44 48 13 33 72 26
84 61 73 31 48 21 53
35 20 27 0 16 1 26
63 3 81 79 39 18 72
72 24 52 73 65 68 44
45 69 82 58 10 52 66
4 68 73 70 24 29 62
19 15 55 44 52 33 43
16 48 56 5 82 49 34
36 23 35 43 34 82 48
80 49 75 12 20 48 39
12 20 48 55 40 79 36
3 79 84 18 75 58 26
40 56 35 31 48 21 16
51 25 54 23 79 66 55
61 62 1 20 13 44 65
45 69 82 15 27 11 82
59 52 4 34 24 14 29
1 84 31 8 30 3 60
15 27 11 82 3 3 25
43 34 82 20 13 44 43
32 52 59 39 71 61 19
0 16 1 72 24 52 51
42 54 59 77 25 6 60
53 50 44 57 76 38 26
77 25 6 67 32 28 23
5 82 49 82 3 3 91
80 49 75 7 68 75 19
12 20 48 74 51 77 42
47 73 39 68 54 57 26
48 63 46 30 30 17 43
18 75 58 17 83 17 41
25 29 40 12 20 48 12
12 20 48 69 74 52 54
1 84 31 3 79 84 53
53 50 44 71 39 68 26
8 30 3 67 32 28 25
14 79 84 34 24 14 89
77 25 6 55 40 79 74
17 83 17 34 24 14 59
58 10 52 17 83 17 80
80 49 75 45 69 82 21
33 8 30 81 46 33 38
30 30 17 58 10 52 40
37 8 41 66 7 0 41
47 73 39 40 56 35 17
54 2 58 79 39 18 54
73 65 68 53 50 44 28
73 65 68 12 20 48 49
17 83 17 52 61 68 55
52 61 68 28 17 2 79
51 25 54 6 20 51 5
75 44 48 7 68 75 36
26 79 67 33 8 30 80
79 39 18 56 73 27 35
52 61 68 61 62 1 67
77 25 6 73 65 68 73
68 54 57 51 25 54 29
15 27 11 80 49 75 67
54 2 58 46 59 77 60
82 3 3 27 38 16 37
3 79 84 78 39 29 68
83 77 25 80 49 75 57
20 13 44 59 52 4 55
23 79 66 17 83 17 49
52 61 68 15 27 11 66
21 59 37 28 17 2 54
10 13 37 11 44 31 31
41 57 63 16 48 56 11
23 79 66 0 16 1 90
18 75 58 52 61 68 17
35 20 27 29 81 2 65
37 8 41 13 33 72 39
80 49 75 25 29 40 40
74 51 77 21 59 37 40
83 77 25 43 34 82 71
10 13 37 64 40 31 27
19 15 55 76 32 26 33
24 40 54 27 38 16 38
13 33 72 22 23 7 65
61 62 1 8 30 3 32
59 52 4 69 74 52 52
10 13 37 82 3 3 35
33 8 30 36 23 35 15
81 46 33 28 17 2 42
39 71 61 80 49 75 26
53 50 44 30 30 17 33
45 69 82 3 79 84 10
27 38 16 65 49 78 62
5 82 49 57 76 38 12
34 24 14 28 17 2 13
3 79 84 44 52 33 57
45 69 82 39 71 61 21
6 20 51 69 74 52 54
27 38 16 11 44 31 16
29 81 2 43 34 82 92
14 79 84 46 59 77 21
35 20 27 50 42 44 27
55 40 79 6 20 51 34
44 52 33 72 24 52 33
38 45 24 0 16 1 37
45 69 82 11 44 31 56
25 29 40 83 77 25 50
36 23 35 21 59 37 36
62 27 67 5 82 49 57
12 20 48 14 79 84 69
42 54 59 21 59 37 22
48 63 46 69 74 52 12
56 73 27 12 20 48 57
1 84 31 21 59 37 25
38 45 24 16 48 56 32
28 17 2 20 13 44 42
2 79 26 50 42 44 41
0 16 1 80 49 75 81
58 10 52 32 52 59 42
77 25 6 24 40 54 50
3 79 84 50 42 44 54
34 24 14 5 82 49 67
26 79 67 80 49 75 31
21 59 37 29 81 2 41
4 68 73 49 83 5 69
80 49 75 24 40 54 22
52 61 68 43 34 82 30
34 24 14 7 68 75 75
80 49 75 17 83 17 67
8 30 3 29 81 2 51
19 15 55 64 40 31 34
45 69 82 17 83 17 66
24 40 54 76 32 26 29
13 33 72 59 52 4 70
25 29 40 9 23 47 9
56 73 27 7 68 75 48
69 74 52 52 61 68 20
22 23 7 48 63 46 55
75 44 48 73 65 68 29
4 68 73 11 44 31 48
83 77 25 1 84 31 9
55 40 79 31 48 21 58
13 33 72 68 54 57 25
32 52 59 23 79 66 27
56 73 27 27 38 16 36
25 29 40 20 13 44 16
60 18 63 40 56 35 47
44 52 33 11 44 31 8
58 10 52 21 59 37 51
62 27 67 80 49 75 23
5 82 49 13 33 72 54
39 71 61 56 73 27 34
80 49 75 75 44 48 27
33 8 30 76 32 26 24
82 3 3 56 73 27 74
74 51 77 25 29 40 43
9 23 47 57 76 38 53
42 54 59 74 51 77 18
21 59 37 55 40 79 46
17 83 17 82 3 3 81
63 3 81 0 16 1 81
12 20 48 47 73 39 53
42 54 59 28 17 2 67
33 8 30 31 48 21 41
33 8 30 42 54 59 54
47 73 39 82 3 3 78
57 76 38 27 38 16 43
5 82 49 36 23 35 60
47 73 39 56 73 27 12
29 81 2 64 40 31 50
57 76 38 59 52 4 41
42 54 59 19 15 55 39
4 68 73 59 52 4 70
1 84 31 84 61 73 47
83 77 25 72 24 52 59
6 20 51 9 23 47 5
23 79 66 19 15 55 64
14 79 84 38 45 24 68
77 25 6 43 34 82 76
12 20 48 51 25 54 7
79 39 18 75 44 48 30
58 10 52 4 68 73 61
3 79 84 54 2 58 81
79 39 18 39 71 61 53
6 20 51 4 68 73 52
11 44 31 53 50 44 14
72 24 52 80 49 75 33
3 79 84 49 83 5 79
26 79 67 68 54 57 26
72 24 52 7 68 75 49
44 52 33 23 79 66 42
18 75 58 76 32 26 53
10 13 37 7 68 75 66
78 39 29 80 49 75 47
28 17 2 63 3 81 80
70 24 29 2 79 26 55
81 46 33 14 79 84 60
7 68 75 70 24 29 63
44 52 33 14 79 84 57
64 40 31 53 50 44 16
45 69 82 70 24 29 69
72 24 52 47 73 39 50
65 49 78 8 30 3 77
24 40 54 64 40 31 23
22 23 7 84 61 73 76
75 44 48 0 16 1 54
34 24 14 27 38 16 14
2 79 26 44 52 33 27
72 24 52 77 25 6 46
69 74 52 7 68 75 23
57 76 38 52 61 68 33
46 59 77 36 23 35 55
65 49 78 66 7 0 88
18 75 58 26 79 67 9
42 54 59 24 40 54 14
71 39 68 75 44 48 20
0 16 1 27 38 16 26
41 57 63 8 30 3 65
78 39 29 30 30 17 15
5 82 49 1 84 31 18
50 42 44 73 65 68 33
53 50 44 66 7 0 61
30 30 17 46 59 77 66
84 61 73 17 83 17 60
52 61 68 68 54 57 13
53 50 44 47 73 39 23
18 75 58 34 24 14 67
80 49 75 43 34 82 16
57 76 38 47 73 39 3
81 46 33 65 49 78 45
6 20 51 46 59 77 46
12 20 48 34 24 14 34
6 20 51 59 52 4 56
68 54 57 56 73 27 35
33 8 30 39 71 61 70
44 52 33 47 73 39 21
9 23 47 8 30 3 44
39 71 61 29 81 2 59
5 82 49 18 75 58 11
31 48 21 9 23 47 36
38 45 24 44 52 33 11
78 39 29 58 10 52 37
43 34 82 26 79 67 47
12 20 48 2 79 26 62
68 54 57 43 34 82 32
48 63 46 28 17 2 63
31 48 21 30 30 17 18
9 23 47 2 79 26 59
45 69 82 6 20 51 57
26 79 67 50 42 44 43
53 50 44 51 25 54 26
55 40 79 37 8 41 49
72 24 52 57 76 38 53
77 25 6 15 27 11 5
60 18 63 78 39 29 39
20 13 44 66 7 0 44
71 39 68 76 32 26 42
10 13 37 26 79 67 72
29 81 2 27 38 16 45
3 79 84 9 23 47 67
55 40 79 66 7 0 85
75 44 48 48 63 46 19
14 79 84 2 79 26 58
72 24 52 2 79 26 60
4 68 73 84 61 73 7
63 3 81 59 52 4 91
11 44 31 68 54 57 27
45 69 82 57 76 38 44
24 40 54 14 79 84 49
38 45 24 40 56 35 15
76 32 26 22 23 7 21
42 54 59 25 29 40 31
36 23 35 6 20 51 16
61 62 1 80 49 75 75
69 74 52 23 79 66 14
66 7 0 59 52 4 45
61 62 1 48 63 46 45
34 24 14 61 62 1 40
1 84 31 77 25 6 64
37 8 41 36 23 35 16
50 42 44 54 2 58 42
4 68 73 23 79 66 13
1 84 31 15 27 11 60
41 57 63 13 33 72 25
33 8 30 2 79 26 71
57 76 38 8 30 3 57
2 79 26 78 39 29 40
23 79 66 42 54 59 25
68 54 57 20 13 44 43
84 61 73 20 13 44 56
66 7 0 8 30 3 23
52 61 68 21 59 37 31
65 49 78 30 30 17 63
54 2 58 15 27 11 53
69 74 52 1 84 31 23
34 24 14 56 73 27 50
65 49 78 32 52 59 19
0 16 1 5 82 49 81
64 40 31 69 74 52 39
13 33 72 82 3 3 75
13 33 72 12 20 48 27
78 39 29 40 56 35 18
74 51 77 49 83 5 78
78 39 29 31 48 21 12
33 8 30 25 29 40 23
68 54 57 74 51 77 20
37 8 41 84 61 73 61
23 79 66 82 3 3 98
7 68 75 21 59 37 39
67 32 28 53 50 44 24
31 48 21 41 57 63 42
21 59 37 4 68 73 37
50 42 44 62 27 67 27
10 13 37 27 38 16 32
32 52 59 76 32 26 38
77 25 6 48 63 46 55
77 25 6 75 44 48 46
45 69 82 24 40 54 40
66 7 0 19 15 55 55
46 59 77 68 54 57 20
46 59 77 62 27 67 33
70 24 29 15 27 11 18
18 75 58 58 10 52 65
54 2 58 28 17 2 57
4 68 73 20 13 44 62
65 49 78 46 59 77 10
82 3 3 67 32 28 38
82 3 3 73 65 68 89
41 57 63 37 8 41 53
32 52 59 78 39 29 32
73 65 68 79 39 18 56
27 38 16 7 68 75 66
3 79 84 52 61 68 24
5 82 49 66 7 0 89
62 27 67 79 39 18 50
81 46 33 4 68 73 45
14 79 84 33 8 30 89
18 75 58 11 44 31 41
46 59 77 19 15 55 49
7 68 75 29 81 2 74
15 27 11 61 62 1 36
7 68 75 50 42 44 40
33 8 30 59 52 4 51
41 57 63 32 52 59 6
50 42 44 33 8 30 36
74 51 77 0 16 1 83
4 68 73 41 57 63 14
67 32 28 70 24 29 8
83 77 25 61 62 1 28
24 40 54 26 79 67 41
33 8 30 58 10 52 22
14 79 84 48 63 46 41
5 82 49 46 59 77 36
60 18 63 84 61 73 44
44 52 33 82 3 3 57
21 59 37 71 39 68 36
59 52 4 44 52 33 29
62 27 67 75 44 48 25
41 57 63 61 62 1 62
70 24 29 60 18 63 34
73 65 68 81 46 33 39
32 52 59 81 46 33 26
83 77 25 73 65 68 44
55 40 79 23 79 66 41
54 2 58 7 68 75 68
36 23 35 41 57 63 44
65 49 78 61 62 1 78
41 57 63 35 20 27 51
15 27 11 50 42 44 36
81 46 33 58 10 52 40
33 8 30 84 61 73 68
41 57 63 52 61 68 6
29 81 2 47 73 39 37
27 38 16 49 83 5 46
44 52 33 18 75 58 33
83 77 25 5 82 49 24
63 3 81 77 25 6 78
81 46 33 41 57 63 31
68 54 57 64 40 31 29
49 83 5 26 79 67 62
31 48 21 35 20 27 28
59 52 4 41 57 63 59
45 69 82 62 27 67 44
17 83 17 72 24 52 68
81 46 33 8 30 3 34
59 52 4 50 42 44 41
29 81 2 37 8 41 82
63 3 81 80 49 75 46
48 63 46 59 52 4 43
44 52 33 33 8 30 44
49 83 5 52 61 68 66
67 32 28 15 27 11 17
41 57 63 33 8 30 59
48 63 46 7 68 75 29
31 48 21 43 34 82 62
17 83 17 54 2 58 90
75 44 48 10 13 37 32
83 77 25 21 59 37 21
1 84 31 10 13 37 71
24 40 54 23 79 66 40
25 29 40 61 62 1 51
50 42 44 84 61 73 34
57 76 38 7 68 75 37
67 32 28 19 15 55 31
25 29 40 7 68 75 52
58 10 52 46 59 77 55
78 39 29 11 44 31 5
53 50 44 19 15 55 36
71 39 68 73 65 68 26
78 39 29 9 23 47 24
10 13 37 55 40 79 49
84 61 73 2 79 26 50
66 7 0 79 39 18 36
33 8 30 66 7 0 30
24 40 54 40 56 35 24
45 69 82 2 79 26 56
60 18 63 79 39 18 49
65 49 78 76 32 26 54
0 16 1 10 13 37 36
75 44 48 74 51 77 29
29 81 2 53 50 44 52
45 69 82 41 57 63 22
15 27 11 34 24 14 4
56 73 27 49 83 5 24
23 79 66 15 27 11 75
25 29 40 56 73 27 45
22 23 7 16 48 56 55
72 24 52 28 17 2 50
43 34 82 34 24 14 68
5 82 49 40 56 35 29
15 27 11 38 45 24 22
53 50 44 8 30 3 45
11 44 31 67 32 28 12
47 73 39 11 44 31 30
2 79 26 37 8 41 72
52 61 68 38 45 24 46
81 46 33 52 61 68 38
82 3 3 2 79 26 79
73 65 68 41 57 63 9
46 59 77 48 63 46 31
74 51 77 40 56 35 42
19 15 55 2 79 26 70
10 13 37 68 54 57 45
42 54 59 17 83 17 51
30 30 17 34 24 14 6
4 68 73 54 2 58 67
73 65 68 69 74 52 18
36 23 35 15 27 11 24
65 49 78 37 8 41 55
2 79 26 49 83 5 21
59 52 4 11 44 31 28
81 46 33 67 32 28 14
12 20 48 33 8 30 21
61 62 1 58 10 52 72
53 50 44 14 79 84 49
32 52 59 15 27 11 54
16 48 56 56 73 27 38
33 8 30 9 23 47 22
38 45 24 80 49 75 51
70 24 29 12 20 48 19
50 42 44 39 71 61 33
19 15 55 81 46 33 38
28 17 2 19 15 55 53
53 50 44 17 83 17 42
45 69 82 84 61 73 12
33 8 30 64 40 31 32
69 74 52 21 59 37 21
74 51 77 13 33 72 18
75 44 48 59 52 4 44
18 75 58 4 68 73 16
73 65 68 51 25 54 42
56 73 27 9 23 47 53
27 38 16 67 32 28 13
37 8 41 15 27 11 35
36 23 35 40 56 35 33
28 17 2 71 39 68 69
72 24 52 27 38 16 38
35 20 27 13 33 72 46
23 79 66 14 79 84 18
25 29 40 11 44 31 17
31 48 21 28 17 2 36
35 20 27 79 39 18 21
58 10 52 27 38 16 45
55 40 79 40 56 35 46
11 44 31 72 24 52 29
54 2 58 47 73 39 73
7 68 75 45 69 82 7
7 68 75 55 40 79 28
1 84 31 63 3 81 95
40 56 35 56 73 27 18
59 52 4 65 49 78 74
3 79 84 12 20 48 69
75 44 48 5 82 49 38
17 83 17 47 73 39 24
63 3 81 49 83 5 110
54 2 58 62 27 67 26
79 39 18 3 79 84 77
6 20 51 64 40 31 28
54 2 58 51 25 54 23
83 77 25 37 8 41 70
11 44 31 52 61 68 40
51 25 54 47 73 39 50
81 46 33 75 44 48 15
13 33 72 27 38 16 56
9 23 47 42 54 59 33
55 40 79 57 76 38 54
35 20 27 36 23 35 8
50 42 44 58 10 52 32
19 15 55 6 20 51 6
52 61 68 66 7 0 86
2 79 26 36 23 35 56
28 17 2 32 52 59 66
20 13 44 32 52 59 41
80 49 75 82 3 3 85
7 68 75 82 3 3 97
53 50 44 68 54 57 13
71 39 68 84 61 73 22
47 73 39 37 8 41 65
61 62 1 18 75 58 58
19 15 55 13 33 72 24
55 40 79 34 24 14 66
22 23 7 62 27 67 60
28 17 2 45 69 82 95
31 48 21 80 49 75 54
66 7 0 46 59 77 92
53 50 44 34 24 14 39
1 84 31 49 83 5 26
66 7 0 2 79 26 76
52 61 68 60 18 63 43
36 23 35 44 52 33 29
1 84 31 44 52 33 32
80 49 75 35 20 27 56
28 17 2 27 38 16 25
68 54 57 55 40 79 26
73 65 68 16 48 56 20
2 79 26 61 62 1 30
75 44 48 36 23 35 24
71 39 68 63 3 81 38
62 27 67 18 75 58 48
50 42 44 80 49 75 31
70 24 29 37 8 41 20
28 17 2 15 27 11 13
82 3 3 76 32 26 37
13 33 72 40 56 35 43
25 29 40 68 54 57 30
69 74 52 18 75 58 6
67 32 28 64 40 31 8
52 61 68 6 20 51 44
18 75 58 0 16 1 82
43 34 82 56 73 27 67
43 34 82 23 79 66 47
70 24 29 17 83 17 60
43 34 82 0 16 1 82
51 25 54 44 52 33 34
16 48 56 42 54 59 6
6 20 51 84 61 73 46
60 18 63 67 32 28 37
64 40 31 34 24 14 23
83 77 25 74 51 77 58
54 2 58 66 7 0 58
45 69 82 26 79 67 18
12 20 48 71 39 68 27
70 24 29 74 51 77 55
52 61 68 63 3 81 59
81 46 33 84 61 73 42
57 76 38 20 13 44 63
61 62 1 16 48 56 56
43 34 82 13 33 72 10
78 39 29 62 27 67 39
2 79 26 67 32 28 47
0 16 1 34 24 14 15
11 44 31 48 63 46 24
0 16 1 68 54 57 67
16 48 56 24 40 54 8
7 68 75 84 61 73 7
2 79 26 80 49 75 57
30 30 17 37 8 41 32
72 24 52 75 44 48 20
79 39 18 78 39 29 11
59 52 4 15 27 11 25
54 2 58 11 44 31 49
7 68 75 28 17 2 89
61 62 1 17 83 17 26
73 65 68 54 2 58 63
43 34 82 50 42 44 38
72 24 52 31 48 21 39
63 3 81 26 79 67 77
7 68 75 43 34 82 34
44 52 33 79 39 18 19
39 71 61 13 33 72 39
0 16 1 55 40 79 81
8 30 3 45 69 82 88
0 16 1 67 32 28 31
69 74 52 60 18 63 57
14 79 84 50 42 44 54
63 3 81 75 44 48 52
76 32 26 70 24 29 8
3 79 84 64 40 31 65
17 83 17 38 45 24 38
10 13 37 73 65 68 60
37 8 41 18 75 58 69
81 46 33 71 39 68 35
40 56 35 27 38 16 26
82 3 3 35 20 27 29
20 13 44 73 65 68 57
49 83 5 46 59 77 75
44 52 33 39 71 61 33
22 23 7 64 40 31 29
20 13 44 3 79 84 77
7 68 75 79 39 18 63
44 52 33 42 54 59 26
52 61 68 26 79 67 18
76 32 26 45 69 82 67
39 71 61 66 7 0 88
66 7 0 13 33 72 76
7 68 75 81 46 33 47
79 39 18 33 8 30 33
34 24 14 22 23 7 7
10 13 37 15 27 11 29
8 30 3 51 25 54 51
12 20 48 11 44 31 29
12 20 48 75 44 48 24
27 38 16 81 46 33 18
18 75 58 82 3 3 90
71 39 68 7 68 75 29
58 10 52 48 63 46 53
30 30 17 75 44 48 34
80 49 75 65 49 78 3
28 17 2 0 16 1 1
9 23 47 53 50 44 27
5 82 49 68 54 57 29
70 24 29 48 63 46 42
18 75 58 54 2 58 73
31 48 21 36 23 35 28
67 32 28 16 48 56 32
11 44 31 41 57 63 34
3 79 84 74 51 77 28
11 44 31 30 30 17 19
67 32 28 44 52 33 20
18 75 58 71 39 68 37
31 48 21 48 63 46 29
2 79 26 21 59 37 22
7 68 75 40 56 35 41
4 68 73 71 39 68 29
13 33 72 9 23 47 26
36 23 35 73 65 68 53
76 32 26 23 79 66 61
25 29 40 60 18 63 25
17 83 17 67 32 28 52
31 48 21 83 77 25 29
49 83 5 69 74 52 47
32 52 59 6 20 51 32
43 34 82 46 59 77 25
42 54 59 3 79 84 35
17 83 17 12 20 48 70
42 54 59 46 59 77 18
51 25 54 56 73 27 55
60 18 63 23 79 66 61
1 84 31 72 24 52 63
0 16 1 57 76 38 70
68 54 57 82 3 3 74
11 44 31 13 33 72 42
57 76 38 24 40 54 39
16 48 56 66 7 0 69
41 57 63 66 7 0 80
79 39 18 23 79 66 62
8 30 3 2 79 26 54
45 69 82 1 84 31 53
77 25 6 39 71 61 71
25 29 40 44 52 33 24
69 74 52 14 79 84 32
28 17 2 57 76 38 69
55 40 79 72 24 52 31
32 52 59 14 79 84 36
47 73 39 73 65 68 30
65 49 78 77 25 6 75
43 34 82 53 50 44 41
20 13 44 19 15 55 11
26 79 67 1 84 31 36
74 51 77 82 3 3 88
40 56 35 33 8 30 48
10 13 37 3 79 84 81
44 52 33 78 39 29 13
59 52 4 84 61 73 69
72 24 52 14 79 84 63
63 3 81 55 40 79 37
73 65 68 11 44 31 42
37 8 41 54 2 58 18
72 24 52 19 15 55 9
24 40 54 68 54 57 14
13 33 72 47 73 39 51
45 69 82 79 39 18 70
77 25 6 59 52 4 27
22 23 7 5 82 49 72
29 81 2 13 33 72 84
48 63 46 73 65 68 22
58 10 52 13 33 72 30
70 24 29 33 8 30 16
75 44 48 42 54 59 14
25 29 40 55 40 79 40
69 74 52 67 32 28 48
43 34 82 48 63 46 46
52 61 68 34 24 14 65
72 24 52 66 7 0 54
49 83 5 12 20 48 76
4 68 73 13 33 72 35
23 79 66 81 46 33 46
61 62 1 53 50 44 44
29 81 2 11 44 31 47
78 39 29 18 75 58 46
46 59 77 10 13 37 60
71 39 68 78 39 29 39
1 84 31 79 39 18 46
68 54 57 28 17 2 66
66 7 0 58 10 52 52
6 20 51 20 13 44 9
16 48 56 76 32 26 34
48 63 46 12 20 48 43
6 20 51 11 44 31 31
23 79 66 25 29 40 56
78 39 29 36 23 35 17
4 68 73 46 59 77 9
56 73 27 57 76 38 11
72 24 52 5 82 49 58
72 24 52 33 8 30 27
46 59 77 64 40 31 49
71 39 68 77 25 6 63
23 79 66 45 69 82 18
9 23 47 51 25 54 7
60 18 63 76 32 26 39
72 24 52 42 54 59 30
71 39 68 43 34 82 14
66 7 0 45 69 82 102
29 81 2 55 40 79 87
56 73 27 59 52 4 31
39 71 61 78 39 29 45
32 52 59 10 13 37 44
28 17 2 58 10 52 50
63 3 81 11 44 31 64
76 32 26 4 68 73 59
15 27 11 79 39 18 13
16 48 56 75 44 48 8
9 23 47 35 20 27 20
17 83 17 19 15 55 77
39 71 61 15 27 11 66
17 83 17 39 71 61 45
63 3 81 20 13 44 38
81 46 33 57 76 38 30
60 18 63 72 24 52 12
65 49 78 79 39 18 60
66 7 0 84 61 73 90
33 8 30 51 25 54 29
52 61 68 76 32 26 51
8 30 3 49 83 5 53
27 38 16 74 51 77 62
9 23 47 39 71 61 50
42 54 59 15 27 11 55
76 32 26 62 27 67 41
57 76 38 16 48 56 33
6 20 51 10 13 37 15
5 82 49 28 17 2 80
16 48 56 84 61 73 21
84 61 73 80 49 75 12
49 83 5 67 32 28 55
45 69 82 51 25 54 52
33 8 30 56 73 27 65
4 68 73 61 62 1 72
28 17 2 74 51 77 82
78 39 29 20 13 44 30
11 44 31 74 51 77 46
47 73 39 42 54 59 27
7 68 75 78 39 29 54
53 50 44 41 57 63 20
24 40 54 58 10 52 30
43 34 82 9 23 47 36
48 63 46 55 40 79 40
2 79 26 64 40 31 39
46 59 77 84 61 73 4
8 30 3 27 38 16 15
6 20 51 39 71 61 51
83 77 25 62 27 67 65
16 48 56 49 83 5 61
5 82 49 29 81 2 47
34 24 14 35 20 27 13
47 73 39 84 61 73 36
43 34 82 11 44 31 51
47 73 39 8 30 3 56
57 76 38 39 71 61 23
19 15 55 70 24 29 27
52 61 68 74 51 77 13
24 40 54 63 3 81 45
19 15 55 41 57 63 42
28 17 2 83 77 25 64
67 32 28 79 39 18 12
58 10 52 53 50 44 40
37 8 41 78 39 29 33
10 13 37 25 29 40 16
83 77 25 7 68 75 50
19 15 55 48 63 46 48
42 54 59 35 20 27 46
60 18 63 31 48 21 51
50 42 44 11 44 31 13
40 56 35 53 50 44 10
0 16 1 25 29 40 41
1 84 31 74 51 77 56
5 82 49 30 30 17 61
53 50 44 46 59 77 34
68 54 57 45 69 82 29
42 54 59 80 49 75 16
70 24 29 32 52 59 41
0 16 1 11 44 31 41
26 79 67 64 40 31 53
42 54 59 43 34 82 30
49 83 5 13 33 72 83
77 25 6 10 13 37 33
68 54 57 18 75 58 21
20 13 44 60 18 63 19
66 7 0 74 51 77 88
54 2 58 42 54 59 52
27 38 16 78 39 29 13
83 77 25 53 50 44 33
42 54 59 50 42 44 19
10 13 37 33 8 30 8
58 10 52 83 77 25 72
39 71 61 28 17 2 79
74 51 77 80 49 75 2
82 3 3 24 40 54 63
13 33 72 63 3 81 31
7 68 75 4 68 73 2
66 7 0 47 73 39 76
69 74 52 84 61 73 24
70 24 29 44 52 33 28
50 42 44 20 13 44 29
14 79 84 73 65 68 21
32 52 59 46 59 77 19
83 77 25 49 83 5 20
64 40 31 40 56 35 16
73 65 68 2 79 26 44
63 3 81 41 57 63 56
68 54 57 36 23 35 38
46 59 77 23 79 66 22
63 3 81 5 82 49 85
50 42 44 24 40 54 10
55 40 79 11 44 31 48
16 48 56 32 52 59 5
31 48 21 58 10 52 49
52 61 68 45 69 82 16
81 46 33 42 54 59 27
48 63 46 82 3 3 73
33 8 30 68 54 57 53
5 82 49 78 39 29 47
12 20 48 31 48 21 38
1 84 31 33 8 30 76
54 2 58 8 30 3 61
1 84 31 22 23 7 65
26 79 67 7 68 75 13
18 75 58 24 40 54 35
36 23 35 65 49 78 50
60 18 63 48 63 46 48
20 13 44 1 84 31 72
73 65 68 3 79 84 21
71 39 68 44 52 33 37
70 24 29 79 39 18 18
34 24 14 73 65 68 67
54 2 58 55 40 79 43
82 3 3 4 68 73 95
28 17 2 26 79 67 89
38 45 24 73 65 68 48
57 76 38 67 32 28 45
35 20 27 53 50 44 34
83 77 25 64 40 31 37
44 52 33 74 51 77 44
61 62 1 38 45 24 28
10 13 37 61 62 1 60
72 24 52 61 62 1 63
17 83 17 24 40 54 56
66 7 0 34 24 14 22
39 71 61 24 40 54 31
7 68 75 42 54 59 21
9 23 47 81 46 33 26
75 44 48 17 83 17 49
81 46 33 5 82 49 39
84 61 73 61 62 1 72
18 75 58 42 54 59 21
28 17 2 46 59 77 85
10 13 37 8 30 3 38
9 23 47 45 69 82 57
48 63 46 71 39 68 32
80 49 75 28 17 2 79
59 52 4 24 40 54 51
10 13 37 52 61 68 57
0 16 1 81 46 33 43
39 71 61 67 32 28 51
56 73 27 58 10 52 67
43 34 82 73 65 68 34
59 52 4 16 48 56 52
53 50 44 33 8 30 44
6 20 51 30 30 17 35
48 63 46 79 39 18 36
75 44 48 57 76 38 33
17 83 17 25 29 40 58
18 75 58 39 71 61 5
7 68 75 23 79 66 14
77 25 6 7 68 75 81
67 32 28 72 24 52 25
4 68 73 80 49 75 19
10 13 37 67 32 28 21
28 17 2 13 33 72 71
57 76 38 12 20 48 56
81 46 33 44 52 33 6
59 52 4 10 13 37 51
83 77 25 12 20 48 61
1 84 31 75 44 48 43
14 79 84 28 17 2 102
69 74 52 44 52 33 29
29 81 2 4 68 73 72
11 44 31 69 74 52 36
58 10 52 40 56 35 49
40 56 35 73 65 68 34
27 38 16 3 79 84 79
29 81 2 74 51 77 80
34 24 14 11 44 31 26
1 84 31 11 44 31 40
64 40 31 18 75 58 44
38 45 24 32 52 59 35
0 16 1 2 79 26 67
67 32 28 3 79 84 73
14 79 84 49 83 5 79
19 15 55 31 48 21 47
67 32 28 80 49 75 49
54 2 58 29 81 2 96
75 44 48 76 32 26 25
69 74 52 2 79 26 26
22 23 7 61 62 1 39
15 27 11 65 49 78 70
53 50 44 23 79 66 36
83 77 25 32 52 59 42
29 81 2 84 61 73 73
49 83 5 45 69 82 78
9 23 47 26 79 67 59
38 45 24 62 27 67 46
63 3 81 31 48 21 75
8 30 3 50 42 44 42
52 61 68 82 3 3 87
48 63 46 6 20 51 43
26 79 67 77 25 6 81
79 39 18 13 33 72 54
6 20 51 3 79 84 67
44 52 33 83 77 25 26
48 63 46 78 39 29 29
40 56 35 49 83 5 40
83 77 25 52 61 68 45
71 39 68 83 77 25 57
76 32 26 17 83 17 51
20 13 44 7 68 75 63
69 74 52 34 24 14 62
41 57 63 12 20 48 39
54 2 58 59 52 4 73
38 45 24 68 54 57 34
82 3 3 28 17 2 14
84 61 73 48 63 46 27
45 69 82 38 45 24 62
45 69 82 81 46 33 54
1 84 31 32 52 59 42
10 13 37 2 79 26 66
80 49 75 52 61 68 13
32 52 59 79 39 18 43
64 40 31 66 7 0 45
6 20 51 50 42 44 23
38 45 24 22 23 7 27
79 39 18 8 30 3 17
4 68 73 48 63 46 27
2 79 26 75 44 48 41
62 27 67 41 57 63 30
41 57 63 9 23 47 37
64 40 31 62 27 67 38
81 46 33 13 33 72 41
22 23 7 79 39 18 19
41 57 63 24 40 54 19
19 15 55 40 56 35 45
24 40 54 49 83 5 65
26 79 67 71 39 68 40
25 29 40 67 32 28 12
48 63 46 49 83 5 45
9 23 47 24 40 54 18
60 18 63 12 20 48 15
56 73 27 30 30 17 44
69 74 52 46 59 77 29
0 16 1 36 23 35 34
82 3 3 66 7 0 5
1 84 31 76 32 26 52
64 40 31 77 25 6 29
1 84 31 51 25 54 63
65 49 78 35 20 27 58
84 61 73 3 79 84 21
74 51 77 16 48 56 21
16 48 56 60 18 63 30
5 82 49 3 79 84 35
6 20 51 79 39 18 38
67 32 28 83 77 25 45
39 71 61 1 84 31 32
50 42 44 57 76 38 34
47 73 39 31 48 21 30
6 20 51 14 79 84 67
57 76 38 33 8 30 68
63 3 81 25 29 40 48
37 8 41 9 23 47 16
67 32 28 46 59 77 55
75 44 48 37 8 41 36
2 79 26 13 33 72 65
13 33 72 54 2 58 34
37 8 41 20 13 44 5
51 25 54 0 16 1 53
29 81 2 56 73 27 26
12 20 48 0 16 1 47
28 17 2 70 24 29 27
58 10 52 64 40 31 36
21 59 37 53 50 44 11
25 29 40 81 46 33 18
49 83 5 44 52 33 41
65 49 78 24 40 54 25
37 8 41 35 20 27 18
18 75 58 75 44 48 32
4 68 73 30 30 17 67
6 20 51 74 51 77 40
63 3 81 15 27 11 74
56 73 27 3 79 84 57
31 48 21 65 49 78 57
32 52 59 47 73 39 29
62 27 67 84 61 73 34
53 50 44 76 32 26 25
1 84 31 55 40 79 65
55 40 79 47 73 39 51
72 24 52 32 52 59 28
78 39 29 41 57 63 38
46 59 77 27 38 16 64
69 74 52 81 46 33 33
61 62 1 45 69 82 81
67 32 28 1 84 31 52
34 24 14 58 10 52 40
4 68 73 22 23 7 79
81 46 33 78 39 29 8
7 68 75 44 52 33 44
66 7 0 77 25 6 18
78 39 29 74 51 77 49
83 77 25 51 25 54 59
55 40 79 2 79 26 65
40 56 35 41 57 63 28
57 76 38 31 48 21 32
59 52 4 43 34 82 80
39 71 61 23 79 66 9
27 38 16 23 79 66 64
1 84 31 65 49 78 58
19 15 55 36 23 35 21
82 3 3 63 3 81 78
83 77 25 42 54 59 41
3 79 84 48 63 46 41
5 82 49 44 52 33 34
66 7 0 32 52 59 74
26 79 67 15 27 11 76
64 40 31 50 42 44 13
24 40 54 5 82 49 42
81 46 33 34 24 14 29
50 42 44 23 79 66 43
14 79 84 0 16 1 104
49 83 5 42 54 59 61
34 24 14 26 79 67 76
69 74 52 57 76 38 14
34 24 14 8 30 3 12
74 51 77 41 57 63 15
36 23 35 26 79 67 64
8 30 3 16 48 56 55
77 25 6 69 74 52 67
17 83 17 31 48 21 35
74 51 77 53 50 44 33
84 61 73 52 61 68 5
69 74 52 74 51 77 33
78 39 29 38 45 24 7
61 62 1 24 40 54 57
17 83 17 74 51 77 68
52 61 68 25 29 40 42
29 81 2 79 39 18 44
66 7 0 23 79 66 97
28 17 2 30 30 17 19
32 52 59 42 54 59 2
23 79 66 83 77 25 41
5 82 49 15 27 11 66
48 63 46 32 52 59 17
67 32 28 41 57 63 43
2 79 26 46 59 77 54
14 79 84 15 27 11 89
33 8 30 24 40 54 40
19 15 55 55 40 79 34
30 30 17 24 40 54 38
51 25 54 64 40 31 27
14 79 84 36 23 35 74
83 77 25 63 3 81 92
57 76 38 73 65 68 31
2 79 26 62 27 67 66
22 23 7 60 18 63 56
18 75 58 57 76 38 20
57 76 38 48 63 46 15
76 32 26 44 52 33 21
19 15 55 43 34 82 33
55 40 79 44 52 33 47
78 39 29 67 32 28 7
20 13 44 36 23 35 13
34 24 14 63 3 81 70
21 59 37 15 27 11 41
22 23 7 29 81 2 58
37 8 41 43 34 82 48
13 33 72 84 61 73 28
1 84 31 23 79 66 35
76 32 26 55 40 79 53
14 79 84 52 61 68 24
80 49 75 21 59 37 39
21 59 37 43 34 82 51
64 40 31 23 79 66 52
41 57 63 34 24 14 59
73 65 68 56 73 27 41
77 25 6 50 42 44 41
3 79 84 33 8 30 89
7 68 75 1 84 31 46
75 44 48 35 20 27 31
66 7 0 42 54 59 75
12 20 48 54 2 58 20
46 59 77 12 20 48 48
28 17 2 53 50 44 53
49 83 5 5 82 49 44
19 15 55 56 73 27 64
79 39 18 11 44 31 13
51 25 54 65 49 78 33
6 20 51 7 68 75 53
67 32 28 52 61 68 49
14 79 84 58 10 52 76
33 8 30 8 30 3 34
80 49 75 71 39 68 12
35 20 27 10 13 37 12
48 63 46 13 33 72 39
65 49 78 49 83 5 80
73 65 68 19 15 55 51
66 7 0 67 32 28 37
39 71 61 4 68 73 12
28 17 2 50 42 44 48
84 61 73 40 56 35 38
13 33 72 3 79 84 47
2 79 26 7 68 75 50
41 57 63 56 73 27 39
31 48 21 6 20 51 41
73 65 68 0 16 1 83
47 73 39 18 75 58 19
80 49 75 77 25 6 73
79 39 18 24 40 54 36
62 27 67 44 52 33 42
38 45 24 70 24 29 21
1 84 31 30 30 17 55
51 25 54 26 79 67 55
37 8 41 52 61 68 59
65 49 78 75 44 48 30
61 62 1 74 51 77 76
78 39 29 76 32 26 7
69 74 52 54 2 58 72
24 40 54 0 16 1 58
38 45 24 35 20 27 25
73 65 68 49 83 5 65
28 17 2 64 40 31 37
25 29 40 35 20 27 15
40 56 35 26 79 67 39
59 52 4 32 52 59 55
38 45 24 4 68 73 54
7 68 75 12 20 48 55
44 52 33 66 7 0 55
36 23 35 27 38 16 24
16 48 56 46 59 77 23
21 59 37 63 3 81 71
6 20 51 78 39 29 29
80 49 75 54 2 58 49
83 77 25 68 54 57 39
7 68 75 52 61 68 9
29 81 2 69 74 52 50
68 54 57 81 46 33 25
27 38 16 64 40 31 15
9 23 47 74 51 77 41
47 73 39 22 23 7 59
2 79 26 53 50 44 34
50 42 44 78 39 29 15
33 8 30 18 75 58 72
33 8 30 29 81 2 78
13 33 72 46 59 77 26
66 7 0 51 25 54 56
57 76 38 37 8 41 68
3 79 84 65 49 78 30
38 45 24 54 2 58 54
41 57 63 51 25 54 33
30 30 17 27 38 16 8
47 73 39 4 68 73 34
26 79 67 27 38 16 65
41 57 63 3 79 84 30
9 23 47 59 52 4 51
2 79 26 16 48 56 43
31 48 21 42 54 59 38
38 45 24 67 32 28 13
49 83 5 10 13 37 76
11 44 31 84 61 73 45
0 16 1 79 39 18 28
10 13 37 70 24 29 13
66 7 0 28 17 2 10
20 13 44 40 56 35 43
8 30 3 38 45 24 25
10 13 37 37 8 41 6
79 39 18 55 40 79 61
70 24 29 83 77 25 53
28 17 2 37 8 41 40
17 83 17 73 65 68 54
18 75 58 15 27 11 67
40 56 35 28 17 2 51
53 50 44 55 40 79 36
35 20 27 71 39 68 45
80 49 75 76 32 26 51
40 56 35 30 30 17 31
68 54 57 80 49 75 18
48 63 46 20 13 44 50
64 40 31 52 61 68 42
34 24 14 9 23 47 33
55 40 79 28 17 2 80
25 29 40 22 23 7 33
9 23 47 12 20 48 3
37 8 41 63 3 81 40
49 83 5 76 32 26 55
7 68 75 11 44 31 50
60 18 63 71 39 68 21
1 84 31 73 65 68 41
84 61 73 32 52 59 16
29 81 2 2 79 26 24
64 40 31 12 20 48 26
30 30 17 19 15 55 40
17 83 17 36 23 35 62
42 54 59 60 18 63 36
8 30 3 32 52 59 60
30 30 17 39 71 61 60
19 15 55 65 49 78 41
51 25 54 30 30 17 37
28 17 2 44 52 33 46
47 73 39 43 34 82 58
4 68 73 8 30 3 79
35 20 27 72 24 52 25
68 54 57 8 30 3 59
30 30 17 68 54 57 46
72 24 52 63 3 81 35
51 25 54 76 32 26 28
49 83 5 81 46 33 46
57 76 38 76 32 26 45
18 75 58 67 32 28 52
22 23 7 69 74 52 68
9 23 47 28 17 2 45
26 79 67 53 50 44 37
39 71 61 37 8 41 66
6 20 51 37 8 41 15
64 40 31 17 83 17 45
7 68 75 65 49 78 19
78 39 29 53 50 44 18
74 51 77 30 30 17 63
20 13 44 26 79 67 69
26 79 67 0 16 1 91
58 10 52 7 68 75 62
22 23 7 77 25 6 2
16 48 56 52 61 68 17
81 46 33 54 2 58 50
15 27 11 31 48 21 23
22 23 7 28 17 2 7
23 79 66 47 73 39 27
29 81 2 60 18 63 87
81 46 33 79 39 18 16
3 79 84 25 29 40 66
20 13 44 76 32 26 26
46 59 77 44 52 33 44
51 25 54 3 79 84 61
34 24 14 57 76 38 57
13 33 72 44 52 33 43
75 44 48 46 59 77 32
42 54 59 61 62 1 58
37 8 41 7 68 75 68
82 3 3 54 2 58 55
24 40 54 44 52 33 24
68 54 57 27 38 16 44
60 18 63 82 3 3 61
22 23 7 73 65 68 74
79 39 18 71 39 68 50
35 20 27 43 34 82 56
50 42 44 9 23 47 19
35 20 27 28 17 2 25
74 51 77 73 65 68 16
18 75 58 27 38 16 55
40 56 35 67 32 28 25
72 24 52 15 27 11 41
77 25 6 18 75 58 72
58 10 52 10 13 37 15
60 18 63 51 25 54 11
77 25 6 31 48 21 27
30 30 17 45 69 82 75
70 24 29 30 30 17 13
4 68 73 10 13 37 65
70 24 29 58 10 52 26
40 56 35 23 79 66 38
72 24 52 84 61 73 42
10 13 37 56 73 27 60
61 62 1 69 74 52 52
70 24 29 47 73 39 50
36 23 35 8 30 3 32
74 51 77 63 3 81 48
56 73 27 4 68 73 46
6 20 51 60 18 63 12
83 77 25 16 48 56 42
30 30 17 0 16 1 21
19 15 55 68 54 57 39
36 23 35 66 7 0 38
17 83 17 32 52 59 52
60 18 63 15 27 11 52
50 42 44 44 52 33 14
53 50 44 82 3 3 62
34 24 14 21 59 37 41
70 24 29 25 29 40 12
34 24 14 23 79 66 75
14 79 84 11 44 31 63
6 20 51 29 81 2 78
77 25 6 57 76 38 60
36 23 35 77 25 6 29
73 65 68 35 20 27 60
46 59 77 72 24 52 43
29 81 2 83 77 25 23
45 69 82 74 51 77 18
82 3 3 20 13 44 42
4 68 73 53 50 44 34
79 39 18 40 56 35 24
84 61 73 41 57 63 10
23 79 66 13 33 72 46
82 3 3 1 84 31 85
32 52 59 3 79 84 36
14 79 84 29 81 2 82
46 59 77 56 73 27 51
24 40 54 2 79 26 48
13 33 72 25 29 40 32
66 7 0 71 39 68 75
36 23 35 42 54 59 39
50 42 44 79 39 18 26
45 69 82 55 40 79 29
30 30 17 66 7 0 28
18 75 58 50 42 44 35
5 82 49 76 32 26 55
54 2 58 72 24 52 22
48 63 46 38 45 24 28
21 59 37 81 46 33 13
46 59 77 41 57 63 14
61 62 1 19 15 55 71
52 61 68 29 81 2 68
23 79 66 78 39 29 54
49 83 5 58 10 52 86
23 79 66 65 49 78 32
7 68 75 16 48 56 27
51 25 54 43 34 82 29
35 20 27 7 68 75 67
22 23 7 40 56 35 43
29 81 2 61 62 1 19
42 54 59 59 52 4 55
15 27 11 16 48 56 49
73 65 68 9 23 47 46
66 7 0 75 44 48 60
51 25 54 72 24 52 2
71 39 68 0 16 1 70
72 24 52 8 30 3 49
40 56 35 14 79 84 54
64 40 31 37 8 41 33
76 32 26 84 61 73 55
17 83 17 4 68 73 57
14 79 84 57 76 38 46
8 30 3 21 59 37 44
81 46 33 22 23 7 34
32 52 59 55 40 79 23
14 79 84 54 2 58 81
35 20 27 78 39 29 19
82 3 3 8 30 3 27
45 69 82 35 20 27 73
71 39 68 58 10 52 33
50 42 44 81 46 33 11
62 27 67 40 56 35 43
11 44 31 38 45 24 7
61 62 1 76 32 26 39
38 45 24 9 23 47 31
83 77 25 4 68 73 48
2 79 26 41 57 63 43
64 40 31 70 24 29 16
26 79 67 22 23 7 82
32 52 59 25 29 40 29
29 81 2 26 79 67 65
26 79 67 54 2 58 77
0 16 1 22 23 7 9
65 49 78 17 83 17 69
29 81 2 49 83 5 3
29 81 2 75 44 48 59
81 46 33 39 71 61 37
16 48 56 3 79 84 41
72 24 52 65 49 78 36
63 3 81 50 42 44 53
75 44 48 84 61 73 30
22 23 7 66 7 0 17
20 13 44 51 25 54 15
57 76 38 6 20 51 57
33 8 30 75 44 48 40
9 23 47 75 44 48 21
64 40 31 74 51 77 47
40 56 35 0 16 1 52
56 73 27 18 75 58 31
37 8 41 80 49 75 53
47 73 39 81 46 33 27
38 45 24 31 48 21 4
35 20 27 68 54 57 45
56 73 27 15 27 11 48
51 25 54 50 42 44 19
13 33 72 34 24 14 58
34 24 14 2 79 26 56
10 13 37 63 3 81 45
62 27 67 43 34 82 16
59 52 4 80 49 75 71
6 20 51 68 54 57 34
84 61 73 26 79 67 18
13 33 72 65 49 78 17
31 48 21 23 79 66 54
77 25 6 51 25 54 48
15 27 11 46 59 77 73
38 45 24 79 39 18 8
40 56 35 21 59 37 3
34 24 14 54 2 58 49
5 82 49 74 51 77 41
46 59 77 9 23 47 46
40 56 35 8 30 3 41
48 63 46 9 23 47 40
6 20 51 75 44 48 24
76 32 26 68 54 57 38
3 79 84 47 73 39 45
32 52 59 27 38 16 45
33 8 30 77 25 6 29
66 7 0 62 27 67 69
81 46 33 59 52 4 29
24 40 54 55 40 79 25
58 10 52 65 49 78 46
8 30 3 22 23 7 8
79 39 18 18 75 58 53
19 15 55 8 30 3 54
22 23 7 45 69 82 87
0 16 1 52 61 68 80
21 59 37 39 71 61 26
38 45 24 10 13 37 34
70 24 29 1 84 31 60
60 18 63 5 82 49 65
61 62 1 57 76 38 39
42 54 59 79 39 18 43
73 65 68 30 30 17 61
80 49 75 81 46 33 42
37 8 41 73 65 68 63
41 57 63 75 44 48 19
79 39 18 43 34 82 64
25 29 40 78 39 29 14
64 40 31 84 61 73 46
15 27 11 6 20 51 40
47 73 39 75 44 48 30
39 71 61 70 24 29 56
35 20 27 39 71 61 61
81 46 33 10 13 37 33
32 52 59 31 48 21 38
83 77 25 26 79 67 42
17 83 17 44 52 33 34
78 39 29 59 52 4 28
20 13 44 42 54 59 43
55 40 79 33 8 30 58
64 40 31 21 59 37 19
29 81 2 15 27 11 54
10 13 37 53 50 44 37
0 16 1 9 23 47 46
64 40 31 8 30 3 29
40 56 35 65 49 78 43
31 48 21 75 44 48 27
48 63 46 35 20 27 47
62 27 67 60 18 63 9
75 44 48 54 2 58 43
60 18 63 66 7 0 63
75 44 48 67 32 28 23
8 30 3 14 79 84 94
78 39 29 84 61 73 49
14 79 84 41 57 63 30
54 2 58 57 76 38 76
48 63 46 5 82 49 19
68 54 57 65 49 78 21
29 81 2 30 30 17 53
16 48 56 13 33 72 21
1 84 31 12 20 48 66
3 79 84 76 32 26 74
16 48 56 31 48 21 35
64 40 31 54 2 58 46
38 45 24 29 81 2 42
32 52 59 61 62 1 58
28 17 2 10 13 37 35
6 20 51 81 46 33 31
69 74 52 66 7 0 84
58 10 52 43 34 82 38
77 25 6 38 45 24 26
31 48 21 7 68 75 57
26 79 67 57 76 38 29
25 29 40 40 56 35 27
45 69 82 43 34 82 35
24 40 54 69 74 52 34
49 83 5 70 24 29 63
54 2 58 84 61 73 60
62 27 67 8 30 3 64
60 18 63 36 23 35 28
35 20 27 30 30 17 14
59 52 4 29 81 2 29
71 39 68 37 8 41 41
3 79 84 14 79 84 0
84 61 73 83 77 25 50
8 30 3 23 79 66 79
80 49 75 64 40 31 44
65 49 78 12 20 48 41
52 61 68 12 20 48 45
71 39 68 36 23 35 36
47 73 39 71 39 68 44
62 27 67 63 3 81 27
30 30 17 52 61 68 59
84 61 73 58 10 52 55
50 42 44 76 32 26 20
67 32 28 14 79 84 73
17 83 17 55 40 79 75
41 57 63 0 16 1 74
10 13 37 62 27 67 33
43 34 82 32 52 59 29
20 13 44 10 13 37 7
65 49 78 60 18 63 34
1 84 31 19 15 55 73
37 8 41 44 52 33 44
53 50 44 22 23 7 45
72 24 52 58 10 52 14
2 79 26 26 79 67 41
8 30 3 77 25 6 5
1 84 31 71 39 68 58
16 48 56 82 3 3 69
74 51 77 84 61 73 10
9 23 47 69 74 52 51
18 75 58 66 7 0 89
62 27 67 32 52 59 26
68 54 57 62 27 67 28
47 73 39 67 32 28 42
61 62 1 21 59 37 36
4 68 73 36 23 35 58
15 27 11 81 46 33 29
24 40 54 51 25 54 15
3 79 84 11 44 31 63
6 20 51 83 77 25 62
69 74 52 25 29 40 46
46 59 77 1 84 31 52
31 48 21 66 7 0 46
0 16 1 17 83 17 68
80 49 75 55 40 79 9
5 82 49 25 29 40 53
19 15 55 12 20 48 8
9 23 47 36 23 35 12
8 30 3 46 59 77 79
63 3 81 36 23 35 50
84 61 73 43 34 82 28
19 15 55 83 77 25 68
79 39 18 74 51 77 60
6 20 51 16 48 56 28
83 77 25 35 20 27 57
67 32 28 4 68 73 57
52 61 68 54 2 58 59
54 2 58 77 25 6 56
35 20 27 32 52 59 45
26 79 67 4 68 73 12
45 69 82 31 48 21 64
30 30 17 26 79 67 70
26 79 67 42 54 59 26
27 38 16 16 48 56 41
53 50 44 27 38 16 30
3 79 84 82 3 3 111
84 61 73 8 30 3 76
80 49 75 3 79 84 31
4 68 73 40 56 35 39
69 74 52 26 79 67 15
24 40 54 47 73 39 36
47 73 39 58 10 52 64
27 38 16 69 74 52 50
2 79 26 54 2 58 83
77 25 6 70 24 29 23
20 13 44 31 48 21 41
59 52 4 72 24 52 55
5 82 49 14 79 84 35
81 46 33 43 34 82 50
58 10 52 41 57 63 48
65 49 78 5 82 49 43
32 52 59 40 56 35 24
6 20 51 5 82 49 62
1 84 31 2 79 26 7
77 25 6 34 24 14 8
25 29 40 72 24 52 13
18 75 58 12 20 48 55
49 83 5 61 62 1 21
74 51 77 22 23 7 75
21 59 37 3 79 84 51
50 42 44 22 23 7 41
16 48 56 33 8 30 47
66 7 0 76 32 26 36
42 54 59 11 44 31 29
57 76 38 70 24 29 52
49 83 5 77 25 6 58
75 44 48 52 61 68 26
34 24 14 37 8 41 31
17 83 17 33 8 30 76
47 73 39 77 25 6 58
70 24 29 9 23 47 18
12 20 48 72 24 52 5
38 45 24 41 57 63 40
15 27 11 68 54 57 53
78 39 29 33 8 30 31
32 52 59 73 65 68 15
52 61 68 79 39 18 54
65 49 78 54 2 58 51
53 50 44 80 49 75 31
28 17 2 17 83 17 67
68 54 57 16 48 56 6
44 52 33 29 81 2 42
24 40 54 43 34 82 28
56 73 27 21 59 37 17
84 61 73 38 45 24 51
80 49 75 14 79 84 31
12 20 48 78 39 29 26
13 33 72 42 54 59 24
20 13 44 49 83 5 80
11 44 31 15 27 11 26
67 32 28 9 23 47 21
33 8 30 22 23 7 27
78 39 29 61 62 1 36
38 45 24 72 24 52 35
25 29 40 71 39 68 29
52 61 68 27 38 16 56
62 27 67 39 71 61 44
60 18 63 1 84 31 73
25 29 40 30 30 17 23
50 42 44 68 54 57 17
36 23 35 39 71 61 54
83 77 25 10 13 37 65
73 65 68 61 62 1 67
41 57 63 42 54 59 5
72 24 52 40 56 35 36
3 79 84 59 52 4 84
27 38 16 48 63 46 39
30 30 17 42 54 59 48
20 13 44 34 24 14 31
15 27 11 0 16 1 14
30 30 17 7 68 75 69
13 33 72 83 77 25 64
73 65 68 27 38 16 58
79 39 18 34 24 14 15
21 59 37 19 15 55 47
20 13 44 12 20 48 8
25 29 40 19 15 55 20
10 13 37 47 73 39 60
51 25 54 37 8 41 21
25 29 40 84 61 73 45
27 38 16 66 7 0 34
50 42 44 31 48 21 23
42 54 59 84 61 73 15
30 30 17 50 42 44 29
46 59 77 79 39 18 62
10 13 37 76 32 26 21
74 51 77 36 23 35 50
32 52 59 57 76 38 31
53 50 44 18 75 58 28
26 79 67 56 73 27 40
14 79 84 55 40 79 39
14 79 84 4 68 73 15
70 24 29 42 54 59 42
12 20 48 59 52 4 54
79 39 18 51 25 54 38
47 73 39 35 20 27 54
38 45 24 60 18 63 47
32 52 59 82 3 3 74
21 59 37 67 32 28 28
72 24 52 16 48 56 24
76 32 26 59 52 4 29
15 27 11 27 38 16 12
61 62 1 31 48 21 24
60 18 63 45 69 82 54
60 18 63 49 83 5 87
7 68 75 73 65 68 7
21 59 37 77 25 6 46
49 83 5 17 83 17 12
33 8 30 43 34 82 58
42 54 59 73 65 68 14
15 27 11 55 40 79 69
65 49 78 69 74 52 36
44 52 33 73 65 68 37
4 68 73 72 24 52 48
32 52 59 49 83 5 62
62 27 67 58 10 52 22
47 73 39 27 38 16 41
55 40 79 71 39 68 11
37 8 41 19 15 55 15
28 17 2 59 52 4 35
19 15 55 4 68 73 55
81 46 33 17 83 17 40
52 61 68 2 79 26 45
38 45 24 19 15 55 43
23 79 66 61 62 1 67
40 56 35 75 44 48 17
34 24 14 75 44 48 39
73 65 68 33 8 30 68
30 30 17 57 76 38 50
44 52 33 65 49 78 45
0 16 1 77 25 6 10
68 54 57 58 10 52 44
48 63 46 50 42 44 21
22 23 7 10 13 37 31
2 79 26 27 38 16 42
16 48 56 0 16 1 63
56 73 27 35 20 27 53
37 8 41 59 52 4 57
59 52 4 45 69 82 79
54 2 58 40 56 35 58
32 52 59 77 25 6 59
16 48 56 39 71 61 23
13 33 72 31 48 21 53
17 83 17 59 52 4 33
0 16 1 60 18 63 62
29 81 2 42 54 59 63
62 27 67 1 84 31 67
16 48 56 80 49 75 19
63 3 81 14 79 84 76
40 56 35 80 49 75 40
17 83 17 83 77 25 10
54 2 58 56 73 27 77
49 83 5 71 39 68 76
83 77 25 69 74 52 27
32 52 59 5 82 49 31
13 33 72 1 84 31 65
0 16 1 50 42 44 50
8 30 3 35 20 27 26
21 59 37 41 57 63 26
25 29 40 53 50 44 21
68 54 57 57 76 38 29
60 18 63 4 68 73 50
79 39 18 12 20 48 35
18 75 58 25 29 40 49
60 18 63 83 77 25 70
71 39 68 72 24 52 21
51 25 54 71 39 68 19
25 29 40 54 2 58 32
78 39 29 19 15 55 35
24 40 54 35 20 27 33
66 7 0 3 79 84 110
60 18 63 28 17 2 61
71 39 68 17 83 17 67
51 25 54 29 81 2 76
77 25 6 84 61 73 76
43 34 82 28 17 2 81
11 44 31 32 52 59 29
41 57 63 39 71 61 14
69 74 52 36 23 35 53
63 3 81 23 79 66 77
20 13 44 27 38 16 37
83 77 25 20 13 44 66
37 8 41 61 62 1 67
44 52 33 68 54 57 24
26 79 67 75 44 48 39
67 32 28 5 82 49 54
79 39 18 69 74 52 48
45 69 82 72 24 52 54
8 30 3 59 52 4 22
49 83 5 9 23 47 73
67 32 28 34 24 14 16
26 79 67 31 48 21 55
7 68 75 64 40 31 52
24 40 54 71 39 68 14
69 74 52 68 54 57 20
15 27 11 74 51 77 70
6 20 51 40 56 35 39
2 79 26 31 48 21 31
16 48 56 10 13 37 39
23 79 66 33 8 30 79
26 79 67 61 62 1 68
14 79 84 30 30 17 83
71 39 68 59 52 4 65
6 20 51 24 40 54 20
64 40 31 25 29 40 14
23 79 66 49 83 5 61
17 83 17 22 23 7 60
30 30 17 44 52 33 27
54 2 58 61 62 1 82
7 68 75 46 59 77 9
9 23 47 18 75 58 53
23 79 66 73 65 68 14
29 81 2 63 3 81 111
49 83 5 53 50 44 51
25 29 40 26 79 67 56
29 81 2 28 17 2 64
44 52 33 35 20 27 32
75 44 48 56 73 27 35
24 40 54 32 52 59 13
59 52 4 31 48 21 17
39 71 61 69 74 52 9
20 13 44 81 46 33 34
76 32 26 13 33 72 46
54 2 58 10 13 37 23
78 39 29 82 3 3 44
0 16 1 6 20 51 50
30 30 17 79 39 18 9
51 25 54 40 56 35 36
27 38 16 35 20 27 21
73 65 68 64 40 31 44
11 44 31 62 27 67 39
53 50 44 20 13 44 37
11 44 31 31 48 21 10
58 10 52 23 79 66 70
47 73 39 21 59 37 14
5 82 49 61 62 1 52
55 40 79 81 46 33 46
51 25 54 14 79 84 61
40 56 35 83 77 25 23
63 3 81 51 25 54 34
46 59 77 80 49 75 10
26 79 67 39 71 61 10
22 23 7 21 59 37 46
75 44 48 11 44 31 17
31 48 21 18 75 58 45
70 24 29 0 16 1 29
34 24 14 44 52 33 33
7 68 75 39 71 61 14
3 79 84 75 44 48 50
17 83 17 35 20 27 63
31 48 21 54 2 58 59
70 24 29 13 33 72 43
64 40 31 72 24 52 26
46 59 77 57 76 38 42
71 39 68 40 56 35 37
31 48 21 3 79 84 70
7 68 75 3 79 84 14
25 29 40 16 48 56 24
49 83 5 72 24 52 75
35 20 27 64 40 31 20
11 44 31 66 7 0 48
43 34 82 4 68 73 35
74 51 77 37 8 41 56
4 68 73 27 38 16 64
80 49 75 73 65 68 17
43 34 82 63 3 81 31
10 13 37 41 57 63 51
74 51 77 4 68 73 17
56 73 27 45 69 82 55
30 30 17 62 27 67 50
83 77 25 18 75 58 33
73 65 68 26 79 67 14
7 68 75 13 33 72 35
27 38 16 76 32 26 11
20 13 44 9 23 47 10
68 54 57 71 39 68 18
19 15 55 50 42 44 29
43 34 82 61 62 1 85
13 33 72 64 40 31 41
64 40 31 61 62 1 37
22 23 7 56 73 27 53
62 27 67 59 52 4 67
61 62 1 9 23 47 60
30 30 17 55 40 79 62
4 68 73 78 39 29 52
20 13 44 62 27 67 26
32 52 59 50 42 44 18
18 75 58 28 17 2 80
64 40 31 36 23 35 17
61 62 1 0 16 1 46
50 42 44 16 48 56 13
1 84 31 0 16 1 74
47 73 39 15 27 11 53
7 68 75 76 32 26 60
17 83 17 6 20 51 71
82 3 3 43 34 82 84
77 25 6 35 20 27 21
20 13 44 56 73 27 62
69 74 52 75 44 48 30
61 62 1 77 25 6 37
28 17 2 61 62 1 45
37 8 41 5 82 49 74
8 30 3 28 17 2 13
71 39 68 33 8 30 49
79 39 18 59 52 4 19
81 46 33 24 40 54 21
59 52 4 2 79 26 34
38 45 24 65 49 78 54
29 81 2 62 27 67 84
68 54 57 61 62 1 56
22 23 7 23 79 66 81
58 10 52 77 25 6 48
57 76 38 84 61 73 38
29 81 2 81 46 33 46
73 65 68 8 30 3 73
76 32 26 81 46 33 15
25 29 40 36 23 35 7
70 24 29 55 40 79 52
6 20 51 21 59 37 41
78 39 29 17 83 17 45
67 32 28 12 20 48 23
25 29 40 62 27 67 27
32 52 59 26 79 67 28
2 79 26 63 3 81 93
22 23 7 51 25 54 47
56 73 27 14 79 84 57
82 3 3 38 45 24 46
67 32 28 71 39 68 40
31 48 21 70 24 29 25
5 82 49 9 23 47 59
62 27 67 57 76 38 56
37 8 41 69 74 52 66
60 18 63 74 51 77 35
52 61 68 5 82 49 28
75 44 48 39 71 61 29
21 59 37 11 44 31 16
41 57 63 20 13 44 47
68 54 57 77 25 6 58
32 52 59 19 15 55 37
83 77 25 54 2 58 81
57 76 38 17 83 17 22
37 8 41 53 50 44 42
46 59 77 71 39 68 21
26 79 67 67 32 28 61
63 3 81 81 46 33 64
83 77 25 9 23 47 58
51 25 54 11 44 31 29
24 40 54 28 17 2 56
27 38 16 44 52 33 22
0 16 1 20 13 44 43
13 33 72 53 50 44 32
30 30 17 22 23 7 12
5 82 49 39 71 61 16
78 39 29 8 30 3 27
62 27 67 61 62 1 74
2 79 26 30 30 17 49
27 38 16 42 54 59 45
13 33 72 50 42 44 29
15 27 11 75 44 48 40
53 50 44 56 73 27 28
58 10 52 59 52 4 63
76 32 26 47 73 39 43
0 16 1 21 59 37 56
44 52 33 84 61 73 41
70 24 29 16 48 56 36
27 38 16 61 62 1 28
65 49 78 62 27 67 24
47 73 39 0 16 1 68
58 10 52 57 76 38 67
16 48 56 30 30 17 42
21 59 37 10 13 37 46
18 75 58 70 24 29 58
8 30 3 42 54 59 60
35 20 27 23 79 66 70
1 84 31 58 10 52 76
82 3 3 72 24 52 53
28 17 2 47 73 39 67
64 40 31 45 69 82 58
4 68 73 52 61 68 8
6 20 51 62 27 67 17
57 76 38 3 79 84 46
9 23 47 40 56 35 35
52 61 68 48 63 46 22
77 25 6 29 81 2 56
0 16 1 37 8 41 40
47 73 39 52 61 68 31
52 61 68 62 27 67 34
24 40 54 8 30 3 51
24 40 54 78 39 29 25
40 56 35 61 62 1 34
27 38 16 80 49 75 60
35 20 27 18 75 58 63
27 38 16 39 71 61 55
45 69 82 67 32 28 65
75 44 48 45 69 82 42
46 59 77 81 46 33 45
34 24 14 50 42 44 34
71 39 68 22 23 7 63
47 73 39 5 82 49 13
82 3 3 19 15 55 53
74 51 77 10 13 37 55
61 62 1 13 33 72 76
78 39 29 64 40 31 2
72 24 52 30 30 17 35
35 20 27 69 74 52 59
29 81 2 32 52 59 63
32 52 59 33 8 30 52
40 56 35 34 24 14 38
5 82 49 42 54 59 29
60 18 63 19 15 55 8
76 32 26 12 20 48 25
48 63 46 21 59 37 9
73 65 68 29 81 2 67
20 13 44 14 79 84 77
47 73 39 69 74 52 13
21 59 37 76 32 26 29
22 23 7 58 10 52 46
4 68 73 9 23 47 51
58 10 52 0 16 1 51
38 45 24 74 51 77 53
58 10 52 52 61 68 53
17 83 17 5 82 49 32
57 76 38 40 56 35 20
24 40 54 84 61 73 28
52 61 68 8 30 3 72
29 81 2 70 24 29 63
56 73 27 11 44 31 29
46 59 77 74 51 77 8
13 33 72 55 40 79 9
69 74 52 80 49 75 33
2 79 26 15 27 11 54
13 33 72 0 16 1 73
61 62 1 71 39 68 70
49 83 5 84 61 73 71
53 50 44 36 23 35 28
18 75 58 55 40 79 40
84 61 73 65 49 78 13
10 13 37 9 23 47 14
12 20 48 36 23 35 13
77 25 6 79 39 18 18
12 20 48 10 13 37 13
52 61 68 72 24 52 40
62 27 67 49 83 5 83
63 3 81 27 38 16 73
0 16 1 56 73 27 62
8 30 3 70 24 29 26
34 24 14 84 61 73 69
35 20 27 15 27 11 17
68 54 57 2 79 26 39
42 54 59 2 79 26 41
51 25 54 49 83 5 75
70 24 29 73 65 68 56
15 27 11 69 74 52 62
68 54 57 31 48 21 36
58 10 52 11 44 31 39
22 23 7 3 79 84 95
4 68 73 66 7 0 95
42 54 59 76 32 26 39
39 71 61 8 30 3 71
45 69 82 36 23 35 65
49 83 5 21 59 37 40
50 42 44 37 8 41 34
14 79 84 21 59 37 51
58 10 52 73 65 68 57
63 3 81 53 50 44 59
75 44 48 51 25 54 19
81 46 33 31 48 21 12
59 52 4 19 15 55 63
72 24 52 18 75 58 51
36 23 35 34 24 14 21
44 52 33 53 50 44 11
71 39 68 30 30 17 51
16 48 56 12 20 48 29
11 44 31 24 40 54 23
47 73 39 83 77 25 14
64 40 31 82 3 3 46
74 51 77 7 68 75 17
24 40 54 4 68 73 33
81 46 33 1 84 31 38
78 39 29 1 84 31 45
44 52 33 61 62 1 33
72 24 52 9 23 47 5
29 81 2 65 49 78 82
44 52 33 32 52 59 26
14 79 84 25 29 40 66
31 48 21 4 68 73 55
50 42 44 53 50 44 8
13 33 72 36 23 35 38
53 50 44 0 16 1 54
15 27 11 22 23 7 5
35 20 27 84 61 73 61
63 3 81 68 54 57 56
45 69 82 12 20 48 59
21 59 37 72 24 52 38
37 8 41 11 44 31 37
35 20 27 22 23 7 20
59 52 4 67 32 28 31
58 10 52 29 81 2 86
9 23 47 16 48 56 26
79 39 18 68 54 57 41
72 24 52 23 79 66 56
3 79 84 28 17 2 102
37 8 41 82 3 3 38
67 32 28 63 3 81 60
76 32 26 58 10 52 34
45 69 82 10 13 37 71
83 77 25 38 45 24 32
3 79 84 61 62 1 84
11 44 31 65 49 78 47
21 59 37 65 49 78 42
11 44 31 22 23 7 31
74 51 77 57 76 38 46
15 27 11 64 40 31 23
72 24 52 68 54 57 30
26 79 67 62 27 67 52
37 8 41 33 8 30 11
67 32 28 54 2 58 42
72 24 52 34 24 14 38
45 69 82 48 63 46 36
69 74 52 53 50 44 25
65 49 78 16 48 56 22
41 57 63 7 68 75 16
8 30 3 15 27 11 8
51 25 54 62 27 67 13
13 33 72 26 79 67 46
21 59 37 18 75 58 26
69 74 52 31 48 21 40
81 46 33 40 56 35 10
31 48 21 14 79 84 70
16 48 56 18 75 58 27
27 38 16 55 40 79 63
50 42 44 1 84 31 43
66 7 0 9 23 47 49
47 73 39 39 71 61 22
9 23 47 64 40 31 23
58 10 52 36 23 35 21
58 10 52 6 20 51 10
35 20 27 76 32 26 12
38 45 24 46 59 77 54
82 3 3 71 39 68 74
84 61 73 63 3 81 58
68 54 57 60 18 63 36
76 32 26 40 56 35 25
76 32 26 54 2 58 43
6 20 51 8 30 3 49
24 40 54 10 13 37 31
52 61 68 24 40 54 25
54 2 58 36 23 35 31
13 33 72 80 49 75 16
57 76 38 38 45 24 34
45 69 82 18 75 58 24
39 71 61 49 83 5 57
23 79 66 16 48 56 32
20 13 44 2 79 26 68
63 3 81 45 69 82 66
66 7 0 25 29 40 45
74 51 77 43 34 82 17
30 30 17 84 61 73 64
21 59 37 73 65 68 31
34 24 14 65 49 78 68
30 30 17 17 83 17 53
80 49 75 30 30 17 61
56 73 27 66 7 0 71
12 20 48 42 54 59 35
53 50 44 32 52 59 15
3 79 84 8 30 3 94
80 49 75 9 23 47 38
20 13 44 29 81 2 79
11 44 31 35 20 27 24
3 79 84 23 79 66 18
16 48 56 14 79 84 41
17 83 17 11 44 31 41
3 79 84 83 77 25 59
78 39 29 46 59 77 52
20 13 44 39 71 61 60
62 27 67 33 8 30 41
48 63 46 44 52 33 17
42 54 59 10 13 37 46
35 20 27 2 79 26 59
31 48 21 64 40 31 12
41 57 63 50 42 44 24
52 61 68 78 39 29 44
25 29 40 1 84 31 55
15 27 11 57 76 38 55
46 59 77 55 40 79 19
0 16 1 4 68 73 88
53 50 44 39 71 61 27
26 79 67 11 44 31 50
69 74 52 78 39 29 41
19 15 55 22 23 7 48
46 59 77 31 48 21 57
40 56 35 52 61 68 33
72 24 52 81 46 33 29
10 13 37 34 24 14 25
29 81 2 31 48 21 38
22 23 7 24 40 54 49
83 77 25 46 59 77 55
77 25 6 12 20 48 42
70 24 29 80 49 75 52
23 79 66 75 44 48 39
84 61 73 19 15 55 49
32 52 59 71 39 68 15
63 3 81 9 23 47 39
59 52 4 55 40 79 75
4 68 73 42 54 59 19
81 46 33 61 62 1 35
45 69 82 50 42 44 46
51 25 54 36 23 35 19
44 52 33 77 25 6 38
77 25 6 46 59 77 78
43 34 82 38 45 24 59
30 30 17 36 23 35 19
4 68 73 28 17 2 87
17 83 17 77 25 6 59
68 54 57 84 61 73 17
14 79 84 9 23 47 67
31 48 21 73 65 68 49
16 48 56 58 10 52 38
38 45 24 42 54 59 36
49 83 5 79 39 18 45
19 15 55 77 25 6 50
1 84 31 18 75 58 28
47 73 39 36 23 35 50
78 39 29 28 17 2 34
60 18 63 44 52 33 45
21 59 37 78 39 29 21
60 18 63 77 25 6 57
64 40 31 47 73 39 33
33 8 30 49 83 5 79
66 7 0 26 79 67 98
22 23 7 49 83 5 60
69 74 52 55 40 79 43
51 25 54 4 68 73 47
33 8 30 54 2 58 28
50 42 44 10 13 37 29
16 48 56 36 23 35 32
46 59 77 45 69 82 11
41 57 63 28 17 2 72
77 25 6 4 68 73 79
39 71 61 0 16 1 81
59 52 4 61 62 1 10
49 83 5 37 8 41 83
6 20 51 54 2 58 19
70 24 29 63 3 81 56
70 24 29 43 34 82 53
49 83 5 30 30 17 54
74 51 77 14 79 84 28
68 54 57 67 32 28 36
27 38 16 50 42 44 28
52 61 68 9 23 47 43
72 24 52 78 39 29 27
6 20 51 28 17 2 49
46 59 77 82 3 3 92
43 34 82 15 27 11 71
58 10 52 55 40 79 40
35 20 27 67 32 28 12
70 24 29 50 42 44 23
58 10 52 26 79 67 70
63 3 81 73 65 68 63
20 13 44 64 40 31 29
72 24 52 13 33 72 21
43 34 82 18 75 58 47
28 17 2 1 84 31 73
45 69 82 19 15 55 60
80 49 75 11 44 31 44
13 33 72 56 73 27 60
41 57 63 64 40 31 36
2 79 26 18 75 58 32
52 61 68 32 52 59 12
69 74 52 8 30 3 65
60 18 63 39 71 61 53
51 25 54 52 61 68 38
37 8 41 31 48 21 44
39 71 61 83 77 25 36
24 40 54 83 77 25 47
38 45 24 34 24 14 23
81 46 33 60 18 63 41
37 8 41 60 18 63 24
75 44 48 50 42 44 4
60 18 63 75 44 48 30
77 25 6 78 39 29 26
21 59 37 45 69 82 46
8 30 3 80 49 75 74
16 48 56 21 59 37 21
12 20 48 21 59 37 40
22 23 7 68 54 57 58
20 13 44 58 10 52 8
2 79 26 65 49 78 60
52 61 68 35 20 27 57
4 68 73 75 44 48 34
57 76 38 49 83 5 33
71 39 68 5 82 49 47
61 62 1 47 73 39 39
57 76 38 25 29 40 47
28 17 2 38 45 24 35
1 84 31 36 23 35 61
52 61 68 65 49 78 15
23 79 66 36 23 35 64
55 40 79 64 40 31 48
41 57 63 15 27 11 60
83 77 25 41 57 63 42
63 3 81 19 15 55 28
5 82 49 53 50 44 32
41 57 63 57 76 38 31
22 23 7 75 44 48 46
3 79 84 68 54 57 36
62 27 67 53 50 44 32
41 57 63 17 83 17 52
84 61 73 28 17 2 83
49 83 5 54 2 58 96
5 82 49 55 40 79 51
48 63 46 54 2 58 62
65 49 78 55 40 79 9
69 74 52 63 3 81 76
66 7 0 10 13 37 37
73 65 68 24 40 54 28
49 83 5 6 20 51 78
75 44 48 25 29 40 17
38 45 24 7 68 75 55
64 40 31 43 34 82 51
24 40 54 48 63 46 24
16 48 56 63 3 81 51
30 30 17 9 23 47 30
80 49 75 41 57 63 14
76 32 26 0 16 1 29
14 79 84 64 40 31 65
56 73 27 42 54 59 37
47 73 39 33 8 30 65
81 46 33 18 75 58 38
39 71 61 43 34 82 42
19 15 55 14 79 84 70
0 16 1 66 7 0 9
58 10 52 75 44 48 34
0 16 1 42 54 59 69
50 42 44 67 32 28 18
38 45 24 75 44 48 24
4 68 73 62 27 67 41
4 68 73 16 48 56 26
63 3 81 30 30 17 69
15 27 11 7 68 75 76
22 23 7 83 77 25 56
49 83 5 66 7 0 76
35 20 27 57 76 38 57
34 24 14 83 77 25 54
56 73 27 70 24 29 49
19 15 55 51 25 54 10
35 20 27 12 20 48 21
19 15 55 47 73 39 60
43 34 82 76 32 26 56
2 79 26 17 83 17 9
10 13 37 30 30 17 26
1 84 31 66 7 0 83
45 69 82 78 39 29 60
12 20 48 62 27 67 20
59 52 4 83 77 25 32
5 82 49 21 59 37 25
8 30 3 26 79 67 80
84 61 73 21 59 37 36
3 79 84 58 10 52 76
64 40 31 71 39 68 37
12 20 48 37 8 41 13
39 71 61 64 40 31 43
38 45 24 33 8 30 37
14 79 84 60 18 63 64
76 32 26 67 32 28 2
49 83 5 35 20 27 66
67 32 28 30 30 17 11
68 54 57 23 79 66 26
61 62 1 82 3 3 59
4 68 73 50 42 44 38
53 50 44 3 79 84 49
7 68 75 17 83 17 59
40 56 35 59 52 4 31
48 63 46 67 32 28 35
13 33 72 62 27 67 7
7 68 75 9 23 47 53
72 24 52 70 24 29 23
71 39 68 34 24 14 56
51 25 54 69 74 52 49
46 59 77 40 56 35 42
11 44 31 76 32 26 13
67 32 28 51 25 54 26
75 44 48 8 30 3 47
63 3 81 7 68 75 65
29 81 2 0 16 1 65
80 49 75 18 75 58 31
17 83 17 68 54 57 49
29 81 2 50 42 44 57
21 59 37 38 45 24 19
76 32 26 37 8 41 28
53 50 44 45 69 82 42
83 77 25 15 27 11 51
8 30 3 18 75 58 71
54 2 58 23 79 66 77
38 45 24 12 20 48 34
24 40 54 13 33 72 19
49 83 5 41 57 63 63
6 20 51 38 45 24 36
21 59 37 37 8 41 51
53 50 44 52 61 68 26
14 79 84 84 61 73 21
61 62 1 33 8 30 61
71 39 68 57 76 38 47
55 40 79 56 73 27 61
63 3 81 39 71 61 70
5 82 49 12 20 48 62
72 24 52 10 13 37 18
15 27 11 51 25 54 43
27 38 16 54 2 58 55
2 79 26 6 20 51 64
67 32 28 55 40 79 51
60 18 63 47 73 39 60
34 24 14 49 83 5 59
22 23 7 20 13 44 38
62 27 67 77 25 6 61
5 82 49 51 25 54 57
76 32 26 28 17 2 28
6 20 51 67 32 28 25
58 10 52 5 82 49 72
51 25 54 82 3 3 55
62 27 67 67 32 28 39
50 42 44 72 24 52 19
69 74 52 0 16 1 77
34 24 14 82 3 3 23
20 13 44 54 2 58 17
81 46 33 11 44 31 2
48 63 46 76 32 26 36
62 27 67 42 54 59 28
43 34 82 22 23 7 75
45 69 82 5 82 49 35
7 68 75 66 7 0 96
63 3 81 66 7 0 81
62 27 67 48 63 46 41
36 23 35 10 13 37 10
62 27 67 73 65 68 38
17 83 17 15 27 11 56
26 79 67 55 40 79 40
36 23 35 7 68 75 60
7 68 75 67 32 28 59
79 39 18 57 76 38 42
34 24 14 60 18 63 49
61 62 1 46 59 77 76
66 7 0 73 65 68 89
59 52 4 49 83 5 31
7 68 75 62 27 67 41
56 73 27 65 49 78 56
79 39 18 37 8 41 38
84 61 73 70 24 29 57
41 57 63 30 30 17 53
49 83 5 82 3 3 80
54 2 58 39 71 61 69
29 81 2 45 69 82 80
51 25 54 39 71 61 46
44 52 33 75 44 48 17
24 40 54 31 48 21 33
1 84 31 61 62 1 37
27 38 16 75 44 48 32
67 32 28 56 73 27 41
79 39 18 20 13 44 36
26 79 67 35 20 27 71
82 3 3 14 79 84 111
70 24 29 53 50 44 30
46 59 77 59 52 4 73
31 48 21 56 73 27 25
22 23 7 41 57 63 65
78 39 29 47 73 39 35
23 79 66 18 75 58 8
1 84 31 47 73 39 13
69 74 52 72 24 52 50
17 83 17 51 25 54 68
46 59 77 21 59 37 40
22 23 7 37 8 41 37
42 54 59 67 32 28 38
18 75 58 63 3 81 75
5 82 49 69 74 52 8
62 27 67 21 59 37 43
46 59 77 18 75 58 24
47 73 39 80 49 75 43
42 54 59 64 40 31 31
83 77 25 45 69 82 57
81 46 33 26 79 67 47
47 73 39 46 59 77 40
23 79 66 21 59 37 35
5 82 49 73 65 68 25
63 3 81 64 40 31 62
43 34 82 6 20 51 34
83 77 25 82 3 3 77
39 71 61 76 32 26 52
38 45 24 26 79 67 54
1 84 31 52 61 68 43
9 23 47 76 32 26 22
6 20 51 12 20 48 3
68 54 57 42 54 59 2
11 44 31 9 23 47 26
77 25 6 76 32 26 21
62 27 67 36 23 35 32
56 73 27 32 52 59 38
81 46 33 66 7 0 51
15 27 11 53 50 44 40
48 63 46 10 13 37 50
82 3 3 0 16 1 13
8 30 3 30 30 17 14
14 79 84 79 39 18 77
10 13 37 40 56 35 43
22 23 7 9 23 47 40
1 84 31 27 38 16 48
75 44 48 64 40 31 17
34 24 14 25 29 40 26
20 13 44 75 44 48 31
77 25 6 20 13 44 39
29 81 2 82 3 3 78
6 20 51 41 57 63 38
64 40 31 57 76 38 36
5 82 49 80 49 75 42
20 13 44 33 8 30 14
79 39 18 5 82 49 53
55 40 79 41 57 63 23
32 52 59 63 3 81 53
8 30 3 74 51 77 76
34 24 14 48 63 46 50
84 61 73 10 13 37 60
16 48 56 51 25 54 23
10 13 37 13 33 72 40
84 61 73 27 38 16 61
48 63 46 2 79 26 25
79 39 18 16 48 56 39
55 40 79 42 54 59 24
65 49 78 45 69 82 20
80 49 75 79 39 18 57
11 44 31 40 56 35 12
16 48 56 26 79 67 32
82 3 3 12 20 48 48
75 44 48 82 3 3 60
76 32 26 31 48 21 16
59 52 4 51 25 54 56
59 52 4 26 79 67 68
62 27 67 27 38 16 52
12 20 48 63 3 81 37
35 20 27 21 59 37 40
15 27 11 40 56 35 37
66 7 0 43 34 82 86
80 49 75 6 20 51 37
65 49 78 63 3 81 46
42 54 59 6 20 51 34
45 69 82 16 48 56 33
47 73 39 45 69 82 43
33 8 30 46 59 77 69
62 27 67 70 24 29 38
38 45 24 36 23 35 24
31 48 21 8 30 3 25
70 24 29 59 52 4 37
48 63 46 18 75 58 16
18 75 58 40 56 35 29
19 15 55 15 27 11 45
37 8 41 26 79 67 75
48 63 46 26 79 67 26
63 3 81 8 30 3 82
77 25 6 81 46 33 34
30 30 17 61 62 1 35
55 40 79 74 51 77 11
32 52 59 36 23 35 37
32 52 59 4 68 73 21
10 13 37 44 52 33 39
18 75 58 32 52 59 23
64 40 31 38 45 24 8
7 68 75 61 62 1 74
43 34 82 17 83 17 81
28 17 2 73 65 68 81
55 40 79 50 42 44 35
73 65 68 25 29 40 45
74 51 77 34 24 14 68
12 20 48 26 79 67 61
79 39 18 41 57 63 48
57 76 38 51 25 54 53
29 81 2 46 59 77 78
45 69 82 77 25 6 87
50 42 44 66 7 0 56
69 74 52 13 33 72 45
83 77 25 56 73 27 4
29 81 2 23 79 66 64
11 44 31 19 15 55 37
17 83 17 50 42 44 49
70 24 29 26 79 67 66
30 30 17 3 79 84 83
8 30 3 37 8 41 43
48 63 46 8 30 3 54
49 83 5 75 44 48 58
3 79 84 70 24 29 77
78 39 29 70 24 29 15
84 61 73 73 65 68 6
56 73 27 37 8 41 66
48 63 46 56 73 27 21
1 84 31 9 23 47 63
82 3 3 84 61 73 90
53 50 44 48 63 46 13
35 20 27 46 59 77 63
82 3 3 6 20 51 50
44 52 33 54 2 58 55
80 49 75 29 81 2 79
7 68 75 47 73 39 36
59 52 4 52 61 68 64
3 79 84 38 45 24 68
51 25 54 28 17 2 52
40 56 35 29 81 2 41
53 50 44 12 20 48 30
80 49 75 32 52 59 16
2 79 26 51 25 54 60
6 20 51 44 52 33 36
67 32 28 13 33 72 44
45 69 82 13 33 72 37
38 45 24 47 73 39 31
23 79 66 20 13 44 69
64 40 31 81 46 33 6
46 59 77 51 25 54 41
14 79 84 70 24 29 77
11 44 31 28 17 2 39
9 23 47 54 2 58 23
1 84 31 41 57 63 41
21 59 37 27 38 16 29
68 54 57 29 81 2 61
4 68 73 79 39 18 62
69 74 52 70 24 29 55
45 69 82 4 68 73 9
64 40 31 65 49 78 47
19 15 55 58 10 52 5
47 73 39 14 79 84 45
74 51 77 19 15 55 42
67 32 28 33 8 30 24
22 23 7 18 75 58 72
6 20 51 71 39 68 25
48 63 46 68 54 57 14
23 79 66 5 82 49 17
60 18 63 73 65 68 47
19 15 55 27 38 16 45
30 30 17 18 75 58 60
39 71 61 25 29 40 46
42 54 59 82 3 3 75
2 79 26 57 76 38 12
51 25 54 84 61 73 40
44 52 33 12 20 48 35
56 73 27 72 24 52 55
8 30 3 11 44 31 31
16 48 56 34 24 14 48
40 56 35 63 3 81 70
46 59 77 34 24 14 72
50 42 44 60 18 63 30
54 2 58 0 16 1 58
78 39 29 54 2 58 47
60 18 63 26 79 67 61
77 25 6 41 57 63 65
84 61 73 9 23 47 46
20 13 44 17 83 17 75
55 40 79 62 27 67 17
33 8 30 80 49 75 60
55 40 79 61 62 1 81
65 49 78 83 77 25 59
29 81 2 41 57 63 65
75 44 48 24 40 54 7
41 57 63 69 74 52 20
55 40 79 75 44 48 31
71 39 68 56 73 27 53
56 73 27 50 42 44 35
59 52 4 25 29 40 42
30 30 17 33 8 30 25
23 79 66 84 61 73 19
84 61 73 12 20 48 48
82 3 3 58 10 52 49
18 75 58 29 81 2 56
81 46 33 74 51 77 44
43 34 82 54 2 58 40
48 63 46 80 49 75 32
34 24 14 70 24 29 15
73 65 68 15 27 11 68
22 23 7 39 71 61 72
40 56 35 37 8 41 48
59 52 4 68 54 57 53
54 2 58 53 50 44 50
59 52 4 47 73 39 40
74 51 77 51 25 54 34
6 20 51 73 65 68 48
51 25 54 31 48 21 40
70 24 29 71 39 68 41
60 18 63 61 62 1 76
57 76 38 43 34 82 60
6 20 51 34 24 14 37
2 79 26 22 23 7 59
0 16 1 83 77 25 65
69 74 52 17 83 17 36
6 20 51 72 24 52 4
22 23 7 42 54 59 60
48 63 46 47 73 39 12
19 15 55 35 20 27 28
73 65 68 76 32 26 53
65 49 78 74 51 77 2
72 24 52 62 27 67 15
41 57 63 5 82 49 28
48 63 46 51 25 54 38
83 77 25 77 25 6 55
84 61 73 36 23 35 53
68 54 57 40 56 35 22
54 2 58 21 59 37 60
69 74 52 28 17 2 75
83 77 25 76 32 26 45
53 50 44 77 25 6 45
79 39 18 2 79 26 40
71 39 68 42 54 59 17
82 3 3 41 57 63 80
22 23 7 7 68 75 81
66 7 0 35 20 27 29
73 65 68 4 68 73 5
56 73 27 23 79 66 39
39 71 61 10 13 37 62
3 79 84 24 40 54 49
24 40 54 67 32 28 27
17 83 17 27 38 16 45
60 18 63 30 30 17 47
36 23 35 72 24 52 17
64 40 31 79 39 18 13
39 71 61 2 79 26 35
74 51 77 2 79 26 58
21 59 37 30 30 17 35
54 2 58 22 23 7 55
38 45 24 23 79 66 54
31 48 21 52 61 68 48
64 40 31 4 68 73 50
8 30 3 44 52 33 37
9 23 47 32 52 59 31
10 13 37 5 82 49 70
31 48 21 1 84 31 37
67 32 28 29 81 2 55
15 27 11 84 61 73 70
12 20 48 23 79 66 61
69 74 52 76 32 26 49
0 16 1 78 39 29 36
82 3 3 57 76 38 80
68 54 57 4 68 73 21
63 3 81 22 23 7 76
59 52 4 74 51 77 73
2 79 26 43 34 82 71
59 52 4 27 38 16 18
45 69 82 32 52 59 28
56 73 27 84 61 73 47
25 29 40 38 45 24 22
47 73 39 49 83 5 35
33 8 30 11 44 31 36
23 79 66 28 17 2 89
46 59 77 17 83 17 64
72 24 52 24 40 54 16
0 16 1 45 69 82 96
5 82 49 35 20 27 65
71 39 68 74 51 77 15
47 73 39 41 57 63 28
3 79 84 2 79 26 58
16 48 56 17 83 17 52
65 49 78 26 79 67 31
29 81 2 16 48 56 63
22 23 7 59 52 4 29
65 49 78 70 24 29 55
41 57 63 60 18 63 39
40 56 35 16 48 56 22
25 29 40 8 30 3 37
30 30 17 23 79 66 69
80 49 75 19 15 55 39
51 25 54 21 59 37 38
81 46 33 83 77 25 32
14 79 84 45 69 82 10
9 23 47 17 83 17 67
77 25 6 27 38 16 16
8 30 3 60 18 63 61
52 61 68 13 33 72 28
53 50 44 72 24 52 27
42 54 59 48 63 46 15
46 59 77 20 13 44 56
70 24 29 23 79 66 66
54 2 58 60 18 63 16
70 24 29 41 57 63 47
70 24 29 68 54 57 41
71 39 68 3 79 84 43
50 42 44 47 73 39 31
50 42 44 36 23 35 21
74 51 77 47 73 39 43
44 52 33 40 56 35 4
44 52 33 43 34 82 52
62 27 67 23 79 66 52
78 39 29 56 73 27 34
81 46 33 82 3 3 52
65 49 78 14 79 84 30
12 20 48 66 7 0 49
39 71 61 48 63 46 17
56 73 27 74 51 77 54
71 39 68 45 69 82 33
80 49 75 34 24 14 65
56 73 27 62 27 67 60
64 40 31 30 30 17 17
47 73 39 65 49 78 45
15 27 11 25 29 40 29
78 39 29 66 7 0 43
5 82 49 59 52 4 54
40 56 35 2 79 26 24
69 74 52 42 54 59 21
49 83 5 19 15 55 84
69 74 52 38 45 24 40
12 20 48 32 52 59 33
6 20 51 13 33 72 24
83 77 25 55 40 79 65
15 27 11 71 39 68 58
48 63 46 63 3 81 69
25 29 40 46 59 77 47
18 75 58 7 68 75 18
54 2 58 58 10 52 10
45 69 82 34 24 14 81
12 20 48 30 30 17 32
53 50 44 79 39 18 28
25 29 40 31 48 21 26
77 25 6 25 29 40 34
34 24 14 24 40 54 43
71 39 68 23 79 66 40
51 25 54 13 33 72 19
73 65 68 68 54 57 15
78 39 29 15 27 11 21
34 24 14 39 71 61 66
25 29 40 50 42 44 13
22 23 7 6 20 51 44
26 79 67 6 20 51 61
74 51 77 58 10 52 48
40 56 35 69 74 52 24
8 30 3 76 32 26 23
60 18 63 13 33 72 17
17 83 17 40 56 35 32
56 73 27 76 32 26 41
3 79 84 37 8 41 83
7 68 75 0 16 1 90
0 16 1 64 40 31 38
53 50 44 65 49 78 34
50 42 44 38 45 24 20
35 20 27 62 27 67 40
71 39 68 38 45 24 44
68 54 57 34 24 14 52
40 56 35 45 69 82 48
59 52 4 53 50 44 40
59 52 4 36 23 35 42
18 75 58 74 51 77 30
32 52 59 64 40 31 30
60 18 63 11 44 31 41
69 74 52 45 69 82 30
78 39 29 83 77 25 38
69 74 52 32 52 59 23
52 61 68 70 24 29 53
74 51 77 33 8 30 63
60 18 63 46 59 77 43
23 79 66 74 51 77 30
39 71 61 61 62 1 60
77 25 6 9 23 47 41
55 40 79 22 23 7 73
1 84 31 56 73 27 11
84 61 73 18 75 58 20
73 65 68 52 61 68 4
58 10 52 42 54 59 44
40 56 35 3 79 84 54
45 69 82 42 54 59 27
11 44 31 82 3 3 49
29 81 2 3 79 84 82
65 49 78 0 16 1 83
10 13 37 17 83 17 72
12 20 48 15 27 11 37
21 59 37 31 48 21 19
54 2 58 19 15 55 13
82 3 3 79 39 18 39
61 62 1 36 23 35 51
1 84 31 4 68 73 44
28 17 2 62 27 67 65
62 27 67 34 24 14 53
24 40 54 38 45 24 30
82 3 3 59 52 4 49
4 68 73 34 24 14 73
62 27 67 24 40 54 18
50 42 44 61 62 1 47
84 61 73 0 16 1 84
46 59 77 63 3 81 56
45 69 82 82 3 3 102
34 24 14 33 8 30 22
8 30 3 56 73 27 49
76 32 26 36 23 35 12
77 25 6 30 30 17 12
78 39 29 22 23 7 27
66 7 0 57 76 38 78
12 20 48 40 56 35 38
36 23 35 52 61 68 50
78 39 29 73 65 68 46
31 48 21 44 52 33 12
39 71 61 12 20 48 52
61 62 1 6 20 51 65
36 23 35 57 76 38 53
16 48 56 19 15 55 33
31 48 21 74 51 77 56
40 56 35 42 54 59 24
42 54 59 63 3 81 55
73 65 68 39 71 61 9
46 59 77 0 16 1 87
69 74 52 82 3 3 86
71 39 68 29 81 2 78
37 8 41 46 59 77 62
80 49 75 57 76 38 45
54 2 58 32 52 59 50
31 48 21 27 38 16 11
5 82 49 2 79 26 23
34 24 14 78 39 29 21
25 29 40 29 81 2 64
71 39 68 20 13 44 35
23 79 66 67 32 28 60
44 52 33 64 40 31 12
79 39 18 58 10 52 44
49 83 5 18 75 58 53
21 59 37 17 83 17 31
61 62 1 56 73 27 28
56 73 27 52 61 68 42
3 79 84 4 68 73 15
3 79 84 62 27 67 54
42 54 59 14 79 84 35
17 83 17 13 33 72 74
16 48 56 55 40 79 24
48 63 46 36 23 35 41
51 25 54 81 46 33 29
43 34 82 27 38 16 66
80 49 75 66 7 0 85
0 16 1 19 15 55 54
14 79 84 77 25 6 94
40 56 35 39 71 61 30
12 20 48 81 46 33 30
20 13 44 38 45 24 37
15 27 11 33 8 30 26
23 79 66 11 44 31 49
75 44 48 68 54 57 13
58 10 52 44 52 33 46
42 54 59 53 50 44 15
55 40 79 49 83 5 85
63 3 81 56 73 27 88
20 13 44 65 49 78 49
76 32 26 79 39 18 10
11 44 31 83 77 25 33
27 38 16 60 18 63 51
5 82 49 20 13 44 69
29 81 2 72 24 52 75
35 20 27 51 25 54 27
67 32 28 65 49 78 52
4 68 73 37 8 41 68