94 4371
64 83 64 68 32 10 74
54 57 30 37 67 73 44
10 59 30 30 89 4 39
26 83 64 67 65 36 33
32 89 2 62 81 79 77
75 6 0 28 29 92 94
58 56 5 5 64 43 38
83 52 70 3 62 57 16
32 89 2 29 81 9 10
17 65 31 13 90 77 52
87 71 5 84 25 80 87
16 52 75 20 36 75 16
63 93 58 74 91 55 3
42 11 51 8 36 71 32
4 35 6 81 81 13 46
4 35 6 16 52 75 71
87 71 5 49 18 52 70
69 63 64 56 70 76 13
43 61 70 38 73 84 18
72 89 48 82 66 25 32
41 77 74 80 91 24 51
61 29 24 10 59 30 30
64 83 64 3 62 57 22
93 27 44 35 77 33 51
0 27 15 16 52 75 65
20 36 75 19 16 50 32
10 59 30 70 38 34 21
86 62 79 45 17 55 51
90 0 15 39 39 58 58
72 89 48 22 75 36 18
55 49 10 44 88 33 45
42 11 51 32 89 2 92
59 21 70 89 41 48 29
82 66 25 20 36 75 58
53 54 87 82 66 25 63
26 83 64 58 56 5 64
6 8 65 17 65 31 66
60 63 67 30 89 4 68
68 32 10 77 52 1 21
30 89 4 87 71 5 18
9 45 49 4 35 6 44
84 25 80 43 61 70 37
40 77 17 70 38 34 42
40 77 17 62 81 79 62
83 52 70 91 44 19 51
33 56 9 41 77 74 68
70 38 34 82 66 25 29
42 11 51 47 37 49 26
66 13 74 16 52 75 39
75 6 0 66 13 74 74
32 89 2 48 25 71 94
66 13 74 38 73 84 60
56 70 76 60 63 67 11
50 84 71 43 61 70 23
53 54 87 63 93 58 48
62 81 79 37 67 73 15
36 12 72 67 65 36 64
84 25 80 12 41 21 61
45 17 55 40 77 17 71
7 63 73 22 75 36 38
48 25 71 61 29 24 47
0 27 15 34 29 33 18
77 52 1 83 52 70 69
20 36 75 85 87 43 60
12 41 21 85 87 43 50
88 3 22 72 89 48 89
66 13 74 45 17 55 19
71 15 79 79 1 4 76
17 65 31 67 65 36 5
29 81 9 49 18 52 76
42 11 51 15 26 23 31
2 85 55 79 1 4 98
90 0 15 29 81 9 81
22 75 36 76 22 84 71
53 54 87 39 39 58 32
61 29 24 29 81 9 54
54 57 30 2 85 55 37
91 44 19 4 35 6 15
59 21 70 16 52 75 31
41 77 74 20 36 75 41
92 52 73 4 35 6 69
8 36 71 46 9 71 27
63 93 58 91 44 19 62
16 52 75 52 4 0 89
38 73 84 22 75 36 48
93 27 44 44 88 33 61
37 67 73 38 73 84 12
79 1 4 76 22 84 82
89 41 48 48 25 71 28
52 4 0 83 52 70 84
39 39 58 51 17 19 44
15 26 23 1 9 57 38
35 77 33 36 12 72 75
67 65 36 62 81 79 45
4 35 6 64 83 64 75
1 9 57 90 0 15 42
57 64 70 28 29 92 41
64 83 64 52 4 0 101
15 26 23 81 81 13 55
82 66 25 28 29 92 76
37 67 73 51 17 19 73
24 66 9 49 18 52 64
48 25 71 45 17 55 17
8 36 71 58 56 5 68
21 92 27 5 64 43 32
42 11 51 85 87 43 76
64 83 64 85 87 43 21
81 81 13 23 21 43 67
85 87 43 35 77 33 14
2 85 55 68 32 10 69
89 41 48 58 56 5 45
30 89 4 58 56 5 33
30 89 4 63 93 58 54
0 27 15 50 84 71 79
15 26 23 90 0 15 27
80 91 24 66 13 74 92
53 54 87 83 52 70 17
55 49 10 59 21 70 66
44 88 33 59 21 70 76
4 35 6 68 32 10 5
74 91 55 65 4 36 89
26 83 64 34 29 33 62
25 1 24 5 64 43 65
6 8 65 93 27 44 28
34 29 33 50 84 71 66
35 77 33 51 17 19 61
11 13 87 91 44 19 74
47 37 49 88 3 22 43
39 39 58 15 26 23 37
7 63 73 62 81 79 18
71 15 79 62 81 79 66
33 56 9 74 91 55 57
48 25 71 67 65 36 53
17 65 31 90 0 15 66
51 17 19 22 75 36 60
50 84 71 39 39 58 46
12 41 21 40 77 17 36
28 29 92 66 13 74 24
53 54 87 0 27 15 76
50 84 71 28 29 92 58
38 73 84 41 77 74 10
16 52 75 45 17 55 40
27 14 23 59 21 70 47
2 85 55 18 75 47 12
85 87 43 40 77 17 27
20 36 75 10 59 30 50
59 21 70 90 0 15 58
7 63 73 35 77 33 42
62 81 79 90 0 15 103
7 63 73 41 77 74 14
59 21 70 62 81 79 60
64 83 64 47 37 49 48
23 21 43 57 64 70 50
24 66 9 57 64 70 61
13 90 77 52 4 0 115
79 1 4 34 29 33 40
16 52 75 22 75 36 45
52 4 0 4 35 6 31
58 56 5 72 89 48 54
36 12 72 42 11 51 21
45 17 55 58 56 5 63
53 54 87 14 32 45 47
13 90 77 36 12 72 78
28 29 92 15 26 23 69
12 41 21 1 9 57 48
34 29 33 10 59 30 30
46 9 71 22 75 36 74
32 89 2 66 13 74 104
30 89 4 79 1 4 88
73 84 11 56 70 76 66
7 63 73 51 17 19 70
66 13 74 10 59 30 63
32 89 2 12 41 21 51
65 4 36 60 63 67 66
77 52 1 89 41 48 48
92 52 73 46 9 71 43
38 73 84 19 16 50 66
45 17 55 70 38 34 29
20 36 75 45 17 55 27
91 44 19 61 29 24 15
55 49 10 6 8 65 68
6 8 65 28 29 92 34
64 83 64 26 83 64 0
24 66 9 68 32 10 34
11 13 87 66 13 74 13
85 87 43 53 54 87 55
38 73 84 85 87 43 43
18 75 47 61 29 24 51
56 70 76 55 49 10 69
37 67 73 78 26 29 60
28 29 92 2 85 55 67
91 44 19 76 22 84 68
54 57 30 7 63 73 43
40 77 17 90 0 15 77
54 57 30 66 13 74 62
28 29 92 29 81 9 97
62 81 79 23 21 43 69
55 49 10 57 64 70 61
74 91 55 80 91 24 31
41 77 74 81 81 13 61
19 16 50 63 93 58 77
22 75 36 32 89 2 36
43 61 70 7 63 73 3
31 83 2 22 75 36 34
18 75 47 42 11 51 64
63 93 58 62 81 79 24
67 65 36 25 1 24 65
36 12 72 88 3 22 50
25 1 24 83 52 70 68
80 91 24 40 77 17 15
55 49 10 66 13 74 73
74 91 55 3 62 57 29
32 89 2 26 83 64 62
45 17 55 15 26 23 33
85 87 43 14 32 45 55
77 52 1 2 85 55 63
81 81 13 70 38 34 47
26 83 64 47 37 49 48
36 12 72 9 45 49 40
6 8 65 81 81 13 89
90 0 15 87 71 5 71
60 63 67 18 75 47 23
57 64 70 7 63 73 3
81 81 13 56 70 76 63
35 77 33 53 54 87 58
58 56 5 35 77 33 35
82 66 25 54 57 30 10
85 87 43 5 64 43 23
78 26 29 22 75 36 49
7 63 73 6 8 65 55
60 63 67 33 56 9 58
9 45 49 73 84 11 54
10 59 30 24 66 9 22
84 25 80 81 81 13 87
29 81 9 79 1 4 80
82 66 25 15 26 23 40
52 4 0 49 18 52 53
92 52 73 54 57 30 43
14 32 45 8 36 71 26
47 37 49 3 62 57 26
27 14 23 24 66 9 53
39 39 58 70 38 34 24
31 83 2 15 26 23 60
93 27 44 25 1 24 32
5 64 43 75 6 0 72
36 12 72 78 26 29 45
87 71 5 34 29 33 50
17 65 31 48 25 71 56
77 52 1 61 29 24 32
48 25 71 24 66 9 74
10 59 30 68 32 10 33
2 85 55 71 15 79 74
51 17 19 5 64 43 52
22 75 36 27 14 23 62
42 11 51 41 77 74 69
29 81 9 84 25 80 90
77 52 1 70 38 34 35
43 61 70 82 66 25 45
63 93 58 37 67 73 30
60 63 67 77 52 1 66
91 44 19 18 75 47 41
70 38 34 63 93 58 60
26 83 64 50 84 71 7
22 75 36 6 8 65 73
15 26 23 83 52 70 53
6 8 65 69 63 64 55
73 84 11 39 39 58 65
70 38 34 55 49 10 26
2 85 55 4 35 6 70
28 29 92 33 56 9 87
19 16 50 62 81 79 71
21 92 27 9 45 49 51
49 18 52 65 4 36 21
28 29 92 63 93 58 72
23 21 43 82 66 25 48
59 21 70 51 17 19 51
27 14 23 3 62 57 58
3 62 57 34 29 33 40
73 84 11 83 52 70 67
5 64 43 55 49 10 36
66 13 74 53 54 87 43
49 18 52 41 77 74 62
16 52 75 44 88 33 55
78 26 29 68 32 10 19
63 93 58 87 71 5 57
7 63 73 20 36 75 27
7 63 73 83 52 70 11
45 17 55 11 13 87 32
12 41 21 53 54 87 67
31 83 2 73 84 11 9
55 49 10 91 44 19 10
17 65 31 36 12 72 67
57 64 70 49 18 52 49
50 84 71 67 65 36 39
44 88 33 23 21 43 67
51 17 19 73 84 11 67
63 93 58 64 83 64 11
48 25 71 73 84 11 84
45 17 55 71 15 79 24
39 39 58 45 17 55 22
52 4 0 89 41 48 60
73 84 11 18 75 47 37
9 45 49 91 44 19 30
3 62 57 4 35 6 57
16 52 75 80 91 24 64
84 25 80 64 83 64 60
45 17 55 43 61 70 46
88 3 22 83 52 70 68
23 21 43 21 92 27 72
32 89 2 73 84 11 10
93 27 44 64 83 64 59
87 71 5 53 54 87 83
70 38 34 80 91 24 53
10 59 30 86 62 79 49
8 36 71 80 91 24 72
11 13 87 55 49 10 85
81 81 13 58 56 5 26
67 65 36 7 63 73 37
73 84 11 90 0 15 84
1 9 57 71 15 79 22
25 1 24 90 0 15 9
80 91 24 89 41 48 55
44 88 33 0 27 15 63
16 52 75 90 0 15 79
15 26 23 2 85 55 67
19 16 50 64 83 64 68
51 17 19 43 61 70 67
33 56 9 43 61 70 61
18 75 47 6 8 65 69
20 36 75 63 93 58 59
82 66 25 39 39 58 42
69 63 64 5 64 43 21
12 41 21 7 63 73 56
31 83 2 28 29 92 104
61 29 24 19 16 50 29
35 77 33 4 35 6 49
15 26 23 6 8 65 45
6 8 65 5 64 43 60
37 67 73 24 66 9 64
26 83 64 30 89 4 60
92 52 73 91 44 19 54
45 17 55 83 52 70 38
3 62 57 93 27 44 37
46 9 71 30 89 4 104
34 29 33 18 75 47 48
20 36 75 27 14 23 56
89 41 48 64 83 64 44
39 39 58 28 29 92 35
58 56 5 49 18 52 60
58 56 5 92 52 73 68
78 26 29 21 92 27 66
36 12 72 51 17 19 53
52 4 0 78 26 29 36
1 9 57 54 57 30 55
63 93 58 78 26 29 73
1 9 57 5 64 43 56
39 39 58 57 64 70 27
40 77 17 69 63 64 49
77 52 1 78 26 29 38
32 89 2 82 66 25 32
59 21 70 5 64 43 50
93 27 44 62 81 79 64
78 26 29 15 26 23 6
62 81 79 50 84 71 8
92 52 73 70 38 34 41
47 37 49 22 75 36 40
67 65 36 13 90 77 48
88 3 22 25 1 24 2
7 63 73 14 32 45 41
9 45 49 57 64 70 28
10 59 30 28 29 92 68
82 66 25 8 36 71 54
93 27 44 36 12 72 31
79 1 4 43 61 70 89
27 14 23 4 35 6 27
83 52 70 58 56 5 65
23 21 43 20 36 75 35
51 17 19 3 62 57 58
21 92 27 57 64 70 51
58 56 5 74 91 55 61
16 52 75 77 52 1 74
81 81 13 29 81 9 4
0 27 15 8 36 71 56
31 83 2 84 25 80 97
41 77 74 24 66 9 65
42 11 51 24 66 9 69
9 45 49 58 56 5 45
77 52 1 8 36 71 71
27 14 23 31 83 2 72
72 89 48 59 21 70 71
47 37 49 87 71 5 55
10 59 30 55 49 10 22
33 56 9 21 92 27 40
54 57 30 22 75 36 18
13 90 77 38 73 84 18
62 81 79 73 84 11 68
54 57 30 43 61 70 40
17 65 31 24 66 9 22
64 83 64 6 8 65 75
82 66 25 13 90 77 57
53 54 87 72 89 48 52
47 37 49 50 84 71 51
37 67 73 19 16 50 55
89 41 48 9 45 49 4
2 85 55 5 64 43 24
21 92 27 46 9 71 93
79 1 4 77 52 1 51
20 36 75 0 27 15 60
31 83 2 16 52 75 79
0 27 15 73 84 11 57
84 25 80 24 66 9 81
68 32 10 79 1 4 31
39 39 58 63 93 58 54
7 63 73 56 70 76 7
45 17 55 61 29 24 33
81 81 13 59 21 70 82
80 91 24 91 44 19 47
41 77 74 28 29 92 51
19 16 50 41 77 74 65
88 3 22 24 66 9 64
41 77 74 57 64 70 13
73 84 11 72 89 48 37
48 25 71 57 64 70 39
20 36 75 87 71 5 78
45 17 55 77 52 1 64
18 75 47 71 15 79 68
33 56 9 19 16 50 57
40 77 17 21 92 27 18
53 54 87 58 56 5 82
9 45 49 10 59 30 23
67 65 36 60 63 67 31
19 16 50 52 4 0 51
48 25 71 33 56 9 69
61 29 24 0 27 15 9
30 89 4 23 21 43 78
82 66 25 6 8 65 70
22 75 36 33 56 9 33
45 17 55 52 4 0 56
5 64 43 28 29 92 60
10 59 30 58 56 5 25
16 52 75 24 66 9 67
1 9 57 9 45 49 36
73 84 11 23 21 43 70
19 16 50 3 62 57 46
75 6 0 12 41 21 40
31 83 2 57 64 70 70
53 54 87 36 12 72 44
41 77 74 32 89 2 72
69 63 64 81 81 13 54
70 38 34 53 54 87 55
10 59 30 23 21 43 40
63 93 58 25 1 24 98
19 16 50 13 90 77 78
47 37 49 84 25 80 33
41 77 74 53 54 87 26
79 1 4 93 27 44 47
80 91 24 57 64 70 53
76 22 84 59 21 70 14
2 85 55 25 1 24 89
50 84 71 74 91 55 17
76 22 84 49 18 52 32
60 63 67 75 6 0 87
6 8 65 34 29 33 38
20 36 75 6 8 65 29
79 1 4 75 6 0 6
66 13 74 61 29 24 52
18 75 47 35 77 33 14
85 87 43 21 92 27 16
52 4 0 77 52 1 48
90 0 15 46 9 71 56
55 49 10 60 63 67 58
30 89 4 19 16 50 86
59 21 70 10 59 30 55
62 81 79 69 63 64 23
78 26 29 58 56 5 38
1 9 57 60 63 67 54
2 85 55 14 32 45 53
30 89 4 83 52 70 75
27 14 23 67 65 36 52
36 12 72 77 52 1 81
23 21 43 16 52 75 44
36 12 72 1 9 57 15
89 41 48 21 92 27 55
62 81 79 31 83 2 77
2 85 55 47 37 49 48
26 83 64 14 32 45 54
93 27 44 68 32 10 34
68 32 10 65 4 36 38
89 41 48 45 17 55 25
41 77 74 34 29 33 63
53 54 87 48 25 71 33
0 27 15 22 75 36 52
52 4 0 43 61 70 90
47 37 49 30 89 4 68
45 17 55 22 75 36 61
61 29 24 71 15 79 56
7 63 73 42 11 51 56
59 21 70 74 91 55 71
69 63 64 24 66 9 55
75 6 0 90 0 15 16
45 17 55 57 64 70 49
36 12 72 57 64 70 52
37 67 73 41 77 74 10
14 32 45 79 1 4 51
85 87 43 43 61 70 37
55 49 10 39 39 58 49
15 26 23 7 63 73 62
35 77 33 38 73 84 51
67 65 36 59 21 70 55
91 44 19 33 56 9 15
85 87 43 19 16 50 71
22 75 36 71 15 79 73
86 62 79 33 56 9 70
64 83 64 61 29 24 67
74 91 55 14 32 45 59
67 65 36 68 32 10 42
17 65 31 65 4 36 61
37 67 73 61 29 24 62
80 91 24 15 26 23 65
77 52 1 44 88 33 48
37 67 73 52 4 0 96
49 18 52 43 61 70 46
49 18 52 51 17 19 33
46 9 71 78 26 29 45
16 52 75 82 66 25 51
2 85 55 31 83 2 53
89 41 48 3 62 57 22
30 89 4 71 15 79 105
4 35 6 18 75 47 57
75 6 0 72 89 48 95
14 32 45 1 9 57 25
75 6 0 34 29 33 40
44 88 33 32 89 2 31
4 35 6 20 36 75 69
14 32 45 55 49 10 38
51 17 19 6 8 65 46
2 85 55 52 4 0 97
91 44 19 49 18 52 42
9 45 49 37 67 73 32
8 36 71 44 88 33 64
17 65 31 30 89 4 36
46 9 71 89 41 48 39
70 38 34 73 84 11 51
6 8 65 1 9 57 8
40 77 17 7 63 73 57
56 70 76 92 52 73 18
20 36 75 88 3 22 62
22 75 36 29 81 9 27
81 81 13 11 13 87 100
92 52 73 59 21 70 31
59 21 70 56 70 76 49
3 62 57 35 77 33 28
9 45 49 75 6 0 62
32 89 2 8 36 71 87
91 44 19 13 90 77 74
64 83 64 69 63 64 20
90 0 15 38 73 84 100
58 56 5 46 9 71 81
86 62 79 73 84 11 71
71 15 79 57 64 70 49
8 36 71 91 44 19 52
54 57 30 48 25 71 52
80 91 24 22 75 36 20
87 71 5 9 45 49 51
4 35 6 29 81 9 46
8 36 71 66 13 74 23
19 16 50 88 3 22 30
42 11 51 39 39 58 28
58 56 5 91 44 19 18
86 62 79 74 91 55 37
56 70 76 45 17 55 57
37 67 73 55 49 10 65
44 88 33 56 70 76 46
26 83 64 43 61 70 22
0 27 15 19 16 50 36
11 13 87 73 84 11 104
40 77 17 71 15 79 87
60 63 67 3 62 57 10
66 13 74 1 9 57 17
34 29 33 81 81 13 55
52 4 0 9 45 49 63
30 89 4 73 84 11 8
52 4 0 38 73 84 108
81 81 13 64 83 64 51
38 73 84 65 4 36 84
88 3 22 32 89 2 88
63 93 58 66 13 74 81
81 81 13 47 37 49 56
91 44 19 67 65 36 27
81 81 13 67 65 36 28
11 13 87 40 77 17 94
8 36 71 5 64 43 39
69 63 64 88 3 22 73
91 44 19 30 89 4 47
92 52 73 6 8 65 44
82 66 25 40 77 17 13
87 71 5 52 4 0 67
69 63 64 83 52 70 12
80 91 24 37 67 73 54
29 81 9 56 70 76 67
20 36 75 92 52 73 16
15 26 23 40 77 17 51
50 84 71 83 52 70 32
72 89 48 64 83 64 17
47 37 49 17 65 31 33
69 63 64 75 6 0 85
81 81 13 37 67 73 61
7 63 73 74 91 55 33
9 45 49 41 77 74 40
82 66 25 44 88 33 23
25 1 24 19 16 50 30
5 64 43 0 27 15 46
41 77 74 16 52 75 25
5 64 43 26 83 64 28
34 29 33 72 89 48 61
73 84 11 79 1 4 83
86 62 79 20 36 75 26
53 54 87 55 49 10 77
5 64 43 47 37 49 27
27 14 23 29 81 9 68
9 45 49 17 65 31 26
73 84 11 35 77 33 23
80 91 24 35 77 33 16
66 13 74 40 77 17 85
59 21 70 7 63 73 42
78 26 29 65 4 36 23
79 1 4 88 3 22 18
44 88 33 5 64 43 26
50 84 71 85 87 43 28
29 81 9 93 27 44 64
20 36 75 29 81 9 79
89 41 48 6 8 65 37
83 52 70 27 14 23 60
52 4 0 8 36 71 77
93 27 44 0 27 15 29
29 81 9 65 4 36 81
58 56 5 2 85 55 57
48 25 71 86 62 79 37
0 27 15 89 41 48 35
60 63 67 57 64 70 3
49 18 52 59 21 70 18
34 29 33 20 36 75 42
80 91 24 29 81 9 18
56 70 76 89 41 48 40
44 88 33 10 59 30 29
38 73 84 17 65 31 53
87 71 5 54 57 30 28
6 8 65 4 35 6 64
12 41 21 34 29 33 16
53 54 87 77 52 1 86
13 90 77 63 93 58 19
15 26 23 41 77 74 72
57 64 70 35 77 33 39
5 64 43 7 63 73 30
3 62 57 65 4 36 61
58 56 5 67 65 36 32
80 91 24 39 39 58 62
89 41 48 70 38 34 14
65 4 36 19 16 50 18
21 92 27 83 52 70 58
19 16 50 72 89 48 73
71 15 79 43 61 70 46
59 21 70 34 29 33 37
65 4 36 93 27 44 24
74 91 55 24 66 9 52
88 3 22 43 61 70 75
22 75 36 4 35 6 50
88 3 22 17 65 31 62
22 75 36 81 81 13 23
92 52 73 75 6 0 86
91 44 19 88 3 22 41
75 6 0 53 54 87 99
87 71 5 82 66 25 20
37 67 73 35 77 33 41
89 41 48 23 21 43 20
54 57 30 18 75 47 24
46 9 71 23 21 43 30
12 41 21 58 56 5 21
32 89 2 86 62 79 81
66 13 74 43 61 70 48
72 89 48 5 64 43 25
78 26 29 70 38 34 13
86 62 79 8 36 71 27
81 81 13 53 54 87 78
61 29 24 33 56 9 30
14 32 45 39 39 58 14
34 29 33 69 63 64 46
32 89 2 20 36 75 90
12 41 21 37 67 73 58
84 25 80 23 21 43 37
71 15 79 47 37 49 37
50 84 71 33 56 9 68
30 89 4 0 27 15 62
92 52 73 45 17 55 39
55 49 10 90 0 15 49
33 56 9 44 88 33 40
58 56 5 52 4 0 52
7 63 73 26 83 64 21
7 63 73 8 36 71 27
49 18 52 44 88 33 72
47 37 49 44 88 33 53
26 83 64 38 73 84 22
87 71 5 8 36 71 74
54 57 30 51 17 19 41
67 65 36 15 26 23 41
21 92 27 69 63 64 47
33 56 9 63 93 58 61
2 85 55 12 41 21 55
52 4 0 28 29 92 95
85 87 43 26 83 64 21
17 65 31 4 35 6 39
44 88 33 50 84 71 38
30 89 4 18 75 47 45
76 22 84 87 71 5 92
21 92 27 36 12 72 91
83 52 70 55 49 10 60
78 26 29 85 87 43 62
54 57 30 63 93 58 45
52 4 0 22 75 36 79
75 6 0 22 75 36 77
16 52 75 1 9 57 46
9 45 49 50 84 71 44
12 41 21 10 59 30 20
20 36 75 51 17 19 59
55 49 10 12 41 21 13
30 89 4 27 14 23 77
55 49 10 27 14 23 37
36 12 72 7 63 73 51
84 25 80 34 29 33 47
88 3 22 33 56 9 54
22 75 36 17 65 31 11
72 89 48 27 14 23 79
28 29 92 87 71 5 96
80 91 24 28 29 92 92
6 8 65 70 38 34 43
62 81 79 18 75 47 32
58 56 5 65 4 36 60
47 37 49 39 39 58 9
70 38 34 32 89 2 60
22 75 36 88 3 22 73
49 18 52 25 1 24 32
41 77 74 35 77 33 41
52 4 0 73 84 11 80
21 92 27 77 52 1 47
17 65 31 74 91 55 35
10 59 30 83 52 70 40
16 52 75 62 81 79 29
80 91 24 53 54 87 73
89 41 48 15 26 23 29
7 63 73 46 9 71 54
54 57 30 47 37 49 27
75 6 0 89 41 48 59
49 18 52 42 11 51 7
39 39 58 20 36 75 17
29 81 9 37 67 73 65
38 73 84 77 52 1 85
33 56 9 6 8 65 73
38 73 84 89 41 48 48
72 89 48 44 88 33 15
61 29 24 8 36 71 47
37 67 73 3 62 57 16
4 35 6 14 32 45 39
54 57 30 86 62 79 49
11 13 87 16 52 75 40
83 52 70 17 65 31 41
67 65 36 5 64 43 7
92 52 73 69 63 64 14
93 27 44 56 70 76 53
33 56 9 79 1 4 55
90 0 15 37 67 73 88
54 57 30 45 17 55 47
56 70 76 54 57 30 47
47 37 49 8 36 71 22
17 65 31 50 84 71 44
64 83 64 30 89 4 60
78 26 29 87 71 5 51
31 83 2 13 90 77 75
52 4 0 51 17 19 23
84 25 80 60 63 67 40
22 75 36 70 38 34 37
78 26 29 53 54 87 64
23 21 43 92 52 73 43
79 1 4 23 21 43 43
50 84 71 77 52 1 76
23 21 43 55 49 10 43
30 89 4 52 4 0 85
56 70 76 62 81 79 11
88 3 22 16 52 75 72
65 4 36 82 66 25 62
12 41 21 87 71 5 34
72 89 48 28 29 92 74
1 9 57 23 21 43 18
11 13 87 51 17 19 68
30 89 4 41 77 74 71
72 89 48 15 26 23 67
20 36 75 8 36 71 4
24 66 9 50 84 71 64
34 29 33 13 90 77 75
60 63 67 11 13 87 53
39 39 58 83 52 70 17
49 18 52 6 8 65 16
54 57 30 57 64 70 40
71 15 79 17 65 31 69
18 75 47 0 27 15 57
82 66 25 92 52 73 50
40 77 17 61 29 24 48
49 18 52 35 77 33 61
37 67 73 58 56 5 68
59 21 70 88 3 22 51
24 66 9 62 81 79 71
68 32 10 34 29 33 23
85 87 43 77 52 1 54
32 89 2 28 29 92 108
30 89 4 55 49 10 40
34 29 33 49 18 52 21
64 83 64 9 45 49 40
88 3 22 3 62 57 68
59 21 70 42 11 51 21
4 35 6 5 64 43 47
60 63 67 38 73 84 19
61 29 24 2 85 55 64
20 36 75 1 9 57 32
37 67 73 26 83 64 18
39 39 58 35 77 33 45
43 61 70 57 64 70 3
38 73 84 47 37 49 50
81 81 13 13 90 77 64
39 39 58 1 9 57 30
44 88 33 35 77 33 11
81 81 13 25 1 24 80
26 83 64 79 1 4 101
53 54 87 24 66 9 78
42 11 51 66 13 74 23
59 21 70 23 21 43 27
60 63 67 29 81 9 60
29 81 9 68 32 10 49
32 89 2 31 83 2 6
19 16 50 74 91 55 75
22 75 36 14 32 45 43
13 90 77 79 1 4 115
42 11 51 67 65 36 56
73 84 11 64 83 64 53
91 44 19 45 17 55 45
71 15 79 59 21 70 10
12 41 21 74 91 55 60
77 52 1 43 61 70 69
30 89 4 2 85 55 51
16 52 75 50 84 71 32
58 56 5 17 65 31 27
67 65 36 52 4 0 70
52 4 0 36 12 72 72
17 65 31 0 27 15 41
49 18 52 10 59 30 46
31 83 2 54 57 30 38
58 56 5 47 37 49 47
76 22 84 9 45 49 41
11 13 87 24 66 9 94
32 89 2 55 49 10 40
1 9 57 77 52 1 70
67 65 36 72 89 48 26
47 37 49 34 29 33 17
47 37 49 45 17 55 20
77 52 1 30 89 4 37
35 77 33 68 32 10 50
93 27 44 24 66 9 52
57 64 70 89 41 48 31
63 93 58 40 77 17 44
90 0 15 79 1 4 11
82 66 25 42 11 51 60
68 32 10 17 65 31 39
9 45 49 27 14 23 40
60 63 67 34 29 33 48
76 22 84 92 52 73 31
2 85 55 76 22 84 69
14 32 45 60 63 67 38
60 63 67 58 56 5 62
37 67 73 82 66 25 48
40 77 17 28 29 92 89
4 35 6 25 1 24 38
49 18 52 56 70 76 57
23 21 43 65 4 36 18
63 93 58 14 32 45 62
89 41 48 20 36 75 27
15 26 23 5 64 43 42
63 93 58 24 66 9 55
56 70 76 35 77 33 43
57 64 70 87 71 5 65
45 17 55 68 32 10 47
76 22 84 78 26 29 55
87 71 5 7 63 73 68
0 27 15 85 87 43 66
48 25 71 59 21 70 4
48 25 71 58 56 5 72
51 17 19 38 73 84 85
12 41 21 47 37 49 28
24 66 9 77 52 1 16
68 32 10 0 27 15 7
60 63 67 91 44 19 51
67 65 36 41 77 74 39
48 25 71 83 52 70 27
12 41 21 88 3 22 38
14 32 45 48 25 71 26
60 63 67 42 11 51 54
48 25 71 92 52 73 27
61 29 24 59 21 70 46
46 9 71 19 16 50 22
26 83 64 86 62 79 25
42 11 51 53 54 87 56
12 41 21 3 62 57 41
52 4 0 32 89 2 85
66 13 74 92 52 73 39
15 26 23 33 56 9 33
72 89 48 71 15 79 80
18 75 47 39 39 58 37
62 81 79 57 64 70 19
6 8 65 78 26 29 40
55 49 10 46 9 71 72
92 52 73 21 92 27 60
16 52 75 56 70 76 18
6 8 65 44 88 33 86
78 26 29 51 17 19 13
30 89 4 43 61 70 71
48 25 71 1 9 57 21
84 25 80 90 0 15 69
9 45 49 54 57 30 22
66 13 74 30 89 4 103
47 37 49 35 77 33 43
81 81 13 90 0 15 81
13 90 77 86 62 79 28
69 63 64 86 62 79 15
68 32 10 13 90 77 88
50 84 71 88 3 22 94
11 13 87 34 29 33 56
75 6 0 91 44 19 42
68 32 10 21 92 27 62
93 27 44 84 25 80 36
77 52 1 0 27 15 28
46 9 71 27 14 23 48
78 26 29 34 29 33 5
91 44 19 25 1 24 43
53 54 87 90 0 15 90
11 13 87 44 88 33 92
16 52 75 73 84 11 71
76 22 84 54 57 30 64
57 64 70 4 35 6 70
86 62 79 41 77 74 15
46 9 71 11 13 87 16
29 81 9 16 52 75 72
59 21 70 91 44 19 55
2 85 55 10 59 30 36
3 62 57 87 71 5 52
18 75 47 43 61 70 26
11 13 87 0 27 15 73
61 29 24 25 1 24 28
34 29 33 93 27 44 11
93 27 44 76 22 84 40
35 77 33 84 25 80 70
2 85 55 59 21 70 65
72 89 48 77 52 1 59
13 90 77 62 81 79 9
36 12 72 55 49 10 72
61 29 24 49 18 52 30
6 8 65 86 62 79 55
92 52 73 72 89 48 44
26 83 64 87 71 5 60
25 1 24 43 61 70 75
53 54 87 5 64 43 45
5 64 43 61 29 24 39
37 67 73 53 54 87 19
3 62 57 42 11 51 51
64 83 64 91 44 19 59
91 44 19 6 8 65 58
11 13 87 89 41 48 48
3 62 57 24 66 9 48
87 71 5 0 27 15 45
21 92 27 25 1 24 91
71 15 79 34 29 33 48
70 38 34 87 71 5 43
37 67 73 4 35 6 74
2 85 55 89 41 48 44
49 18 52 54 57 30 44
33 56 9 56 70 76 68
88 3 22 48 25 71 53
48 25 71 16 52 75 27
93 27 44 12 41 21 26
85 87 43 57 64 70 35
60 63 67 8 36 71 27
13 90 77 6 8 65 82
78 26 29 8 36 71 43
63 93 58 12 41 21 63
65 4 36 39 39 58 41
57 64 70 64 83 64 19
58 56 5 51 17 19 41
35 77 33 29 81 9 24
92 52 73 85 87 43 46
45 17 55 25 1 24 34
71 15 79 0 27 15 65
64 83 64 31 83 2 62
8 36 71 84 25 80 14
16 52 75 55 49 10 65
38 73 84 53 54 87 19
32 89 2 72 89 48 46
11 13 87 26 83 64 73
75 6 0 76 22 84 85
92 52 73 33 56 9 64
48 25 71 19 16 50 22
40 77 17 33 56 9 22
82 66 25 4 35 6 36
1 9 57 30 89 4 95
19 16 50 54 57 30 45
75 6 0 47 37 49 57
0 27 15 60 63 67 63
54 57 30 65 4 36 53
91 44 19 41 77 74 64
59 21 70 77 52 1 75
1 9 57 31 83 2 92
93 27 44 53 54 87 50
91 44 19 69 63 64 48
84 25 80 28 29 92 12
64 83 64 14 32 45 54
18 75 47 15 26 23 54
58 56 5 18 75 47 46
66 13 74 58 56 5 81
11 13 87 37 67 73 55
38 73 84 30 89 4 81
43 61 70 55 49 10 61
49 18 52 21 92 27 78
83 52 70 63 93 58 42
3 62 57 43 61 70 13
61 29 24 84 25 80 56
68 32 10 80 91 24 60
60 63 67 61 29 24 54
74 91 55 2 85 55 6
91 44 19 65 4 36 43
38 73 84 73 84 11 73
72 89 48 87 71 5 46
53 54 87 3 62 57 31
48 25 71 72 89 48 68
74 91 55 92 52 73 42
74 91 55 6 8 65 83
84 25 80 71 15 79 10
14 32 45 71 15 79 38
84 25 80 51 17 19 61
28 29 92 7 63 73 38
60 63 67 59 21 70 42
44 88 33 12 41 21 48
40 77 17 22 75 36 19
82 66 25 17 65 31 6
78 26 29 81 81 13 57
81 81 13 55 49 10 32
2 85 55 40 77 17 38
38 73 84 25 1 24 93
54 57 30 74 91 55 42
9 45 49 67 65 36 23
22 75 36 77 52 1 41
22 75 36 59 21 70 63
47 37 49 23 21 43 17
23 21 43 66 13 74 32
2 85 55 62 81 79 24
67 65 36 40 77 17 22
80 91 24 84 25 80 86
72 89 48 12 41 21 55
73 84 11 58 56 5 28
3 62 57 77 52 1 56
51 17 19 82 66 25 49
53 54 87 88 3 22 82
92 52 73 0 27 15 63
10 59 30 50 84 71 48
39 39 58 66 13 74 30
54 57 30 53 54 87 57
27 14 23 53 54 87 75
77 52 1 74 91 55 66
77 52 1 82 66 25 27
28 29 92 81 81 13 94
93 27 44 30 89 4 73
33 56 9 45 17 55 60
82 66 25 52 4 0 66
90 0 15 80 91 24 91
4 35 6 10 59 30 33
18 75 47 29 81 9 38
42 11 51 25 1 24 28
34 29 33 29 81 9 57
34 29 33 33 56 9 36
15 26 23 77 52 1 34
19 16 50 92 52 73 42
23 21 43 90 0 15 35
60 63 67 2 85 55 25
30 89 4 56 70 76 74
0 27 15 52 4 0 27
70 38 34 7 63 73 46
44 88 33 14 32 45 57
7 63 73 39 39 58 28
53 54 87 92 52 73 14
65 4 36 69 63 64 65
27 14 23 79 1 4 23
3 62 57 38 73 84 29
38 73 84 64 83 64 22
63 93 58 57 64 70 31
79 1 4 38 73 84 107
51 17 19 81 81 13 64
38 73 84 6 8 65 67
12 41 21 31 83 2 46
22 75 36 91 44 19 35
83 52 70 89 41 48 24
37 67 73 48 25 71 42
12 41 21 22 75 36 37
73 84 11 5 64 43 37
43 61 70 35 77 33 40
54 57 30 69 63 64 34
52 4 0 66 13 74 74
63 93 58 92 52 73 43
89 41 48 16 52 75 29
12 41 21 17 65 31 26
5 64 43 91 44 19 31
6 8 65 77 52 1 77
3 62 57 28 29 92 48
72 89 48 65 4 36 85
1 9 57 28 29 92 40
63 93 58 81 81 13 46
20 36 75 3 62 57 31
50 84 71 55 49 10 70
31 83 2 26 83 64 62
52 4 0 25 1 24 24
2 85 55 65 4 36 83
54 57 30 4 35 6 32
29 81 9 2 85 55 46
62 81 79 89 41 48 50
49 18 52 18 75 47 57
2 85 55 49 18 52 67
80 91 24 4 35 6 58
80 91 24 83 52 70 60
60 63 67 62 81 79 21
13 90 77 77 52 1 84
88 3 22 39 39 58 50
26 83 64 80 91 24 40
12 41 21 54 57 30 18
14 32 45 19 16 50 16
34 29 33 4 35 6 27
15 26 23 49 18 52 30
73 84 11 54 57 30 33
6 8 65 23 21 43 25
47 37 49 49 18 52 19
35 77 33 92 52 73 47
82 66 25 58 56 5 22
19 16 50 44 88 33 73
89 41 48 68 32 10 39
57 64 70 66 13 74 51
50 84 71 29 81 9 62
49 18 52 38 73 84 63
9 45 49 0 27 15 38
37 67 73 31 83 2 72
45 17 55 2 85 55 68
69 63 64 89 41 48 27
26 83 64 49 18 52 66
56 70 76 18 75 47 29
52 4 0 54 57 30 60
71 15 79 80 91 24 93
3 62 57 73 84 11 50
66 13 74 12 41 21 59
33 56 9 5 64 43 34
15 26 23 92 52 73 56
43 61 70 39 39 58 25
43 61 70 1 9 57 53
46 9 71 1 9 57 14
20 36 75 91 44 19 56
7 63 73 21 92 27 54
52 4 0 68 32 10 29
47 37 49 80 91 24 59
9 45 49 48 25 71 29
55 49 10 62 81 79 76
69 63 64 47 37 49 30
17 65 31 57 64 70 39
53 54 87 34 29 33 59
41 77 74 36 12 72 65
12 41 21 64 83 64 60
57 64 70 29 81 9 63
73 84 11 42 11 51 83
35 77 33 26 83 64 31
53 54 87 7 63 73 16
5 64 43 89 41 48 23
53 54 87 11 13 87 41
22 75 36 67 65 36 10
14 32 45 25 1 24 37
55 49 10 20 36 75 66
3 62 57 90 0 15 74
46 9 71 75 6 0 71
37 67 73 64 83 64 18
41 77 74 14 32 45 53
73 84 11 69 63 64 57
48 25 71 55 49 10 65
34 29 33 62 81 79 69
43 61 70 34 29 33 48
48 25 71 79 1 4 71
19 16 50 11 13 87 37
50 84 71 65 4 36 87
28 29 92 62 81 79 53
9 45 49 40 77 17 45
20 36 75 5 64 43 42
88 3 22 49 18 52 33
22 75 36 43 61 70 36
62 81 79 68 32 10 84
68 32 10 26 83 64 74
85 87 43 48 25 71 68
31 83 2 17 65 31 34
25 1 24 65 4 36 12
24 66 9 75 6 0 60
53 54 87 71 15 79 39
81 81 13 27 14 23 67
83 52 70 37 67 73 15
73 84 11 50 84 71 60
25 1 24 10 59 30 58
63 93 58 3 62 57 31
90 0 15 28 29 92 82
19 16 50 23 21 43 8
86 62 79 42 11 51 58
61 29 24 3 62 57 46
90 0 15 78 26 29 29
85 87 43 82 66 25 27
13 90 77 35 77 33 45
58 56 5 27 14 23 45
6 8 65 19 16 50 17
92 52 73 93 27 44 38
25 1 24 3 62 57 69
57 64 70 67 65 36 34
40 77 17 3 62 57 42
58 56 5 44 88 33 42
36 12 72 79 1 4 68
54 57 30 44 88 33 31
77 52 1 31 83 2 31
64 83 64 34 29 33 62
88 3 22 6 8 65 43
72 89 48 69 63 64 30
46 9 71 63 93 58 85
32 89 2 54 57 30 42
80 91 24 77 52 1 45
55 49 10 85 87 43 50
86 62 79 79 1 4 96
8 36 71 76 22 84 19
37 67 73 20 36 75 31
35 77 33 0 27 15 53
35 77 33 12 41 21 37
21 92 27 48 25 71 80
8 36 71 48 25 71 11
66 13 74 78 26 29 46
36 12 72 68 32 10 65
37 67 73 67 65 36 37
93 27 44 77 52 1 49
16 52 75 14 32 45 36
1 9 57 78 26 29 32
43 61 70 76 22 84 41
45 17 55 5 64 43 48
88 3 22 45 17 55 35
93 27 44 50 84 71 63
17 65 31 64 83 64 37
67 65 36 55 49 10 30
83 52 70 13 90 77 38
40 77 17 51 17 19 60
21 92 27 82 66 25 26
34 29 33 15 26 23 10
1 9 57 86 62 79 57
24 66 9 55 49 10 17
28 29 92 86 62 79 35
12 41 21 79 1 4 43
31 83 2 85 87 43 41
82 66 25 88 3 22 63
43 61 70 40 77 17 55
84 25 80 44 88 33 78
37 67 73 17 65 31 42
0 27 15 69 63 64 60
30 89 4 76 22 84 104
38 73 84 32 89 2 83
32 89 2 57 64 70 72
75 6 0 1 9 57 57
2 85 55 36 12 72 74
92 52 73 9 45 49 25
67 65 36 71 15 79 65
35 77 33 24 66 9 26
50 84 71 70 38 34 59
91 44 19 23 21 43 33
29 81 9 36 12 72 93
51 17 19 21 92 27 75
81 81 13 60 63 67 56
1 9 57 24 66 9 74
3 62 57 41 77 74 22
55 49 10 64 83 64 63
26 83 64 71 15 79 69
88 3 22 29 81 9 79
13 90 77 93 27 44 71
27 14 23 60 63 67 65
28 29 92 73 84 11 97
7 63 73 25 1 24 79
92 52 73 34 29 33 46
47 37 49 37 67 73 38
42 11 51 40 77 17 74
92 52 73 79 1 4 85
70 38 34 83 52 70 38
3 62 57 58 56 5 52
21 92 27 52 4 0 92
2 85 55 70 38 34 51
66 13 74 31 83 2 100
52 4 0 14 32 45 53
13 90 77 85 87 43 34
48 25 71 60 63 67 38
87 71 5 43 61 70 65
54 57 30 61 29 24 28
32 89 2 46 9 71 105
22 75 36 53 54 87 55
7 63 73 31 83 2 73
23 21 43 51 17 19 24
17 65 31 40 77 17 18
2 85 55 66 13 74 74
75 6 0 77 52 1 46
39 39 58 84 25 80 26
48 25 71 47 37 49 25
20 36 75 93 27 44 32
21 92 27 22 75 36 19
39 39 58 64 83 64 44
12 41 21 76 22 84 65
59 21 70 73 84 11 86
74 91 55 49 18 52 73
58 56 5 19 16 50 60
41 77 74 6 8 65 69
50 84 71 4 35 6 81
66 13 74 50 84 71 71
35 77 33 9 45 49 35
83 52 70 6 8 65 44
15 26 23 23 21 43 20
42 11 51 31 83 2 87
73 84 11 24 66 9 18
42 11 51 75 6 0 51
46 9 71 39 39 58 32
73 84 11 53 54 87 81
42 11 51 89 41 48 30
14 32 45 5 64 43 32
60 63 67 92 52 73 12
42 11 51 93 27 44 17
20 36 75 69 63 64 29
16 52 75 87 71 5 72
49 18 52 68 32 10 44
30 89 4 68 32 10 57
66 13 74 36 12 72 2
93 27 44 10 59 30 34
19 16 50 34 29 33 21
75 6 0 80 91 24 88
78 26 29 74 91 55 70
34 29 33 17 65 31 36
14 32 45 40 77 17 53
62 81 79 85 87 43 36
76 22 84 21 92 27 90
18 75 47 45 17 55 58
6 8 65 87 71 5 87
11 13 87 54 57 30 72
8 36 71 27 14 23 52
57 64 70 30 89 4 70
17 65 31 32 89 2 37
53 54 87 10 59 30 57
36 12 72 10 59 30 63
34 29 33 37 67 73 55
88 3 22 84 25 80 62
71 15 79 48 25 71 12
10 59 30 43 61 70 40
0 27 15 3 62 57 54
81 81 13 39 39 58 61
26 83 64 81 81 13 51
32 89 2 61 29 24 63
3 62 57 71 15 79 51
48 25 71 68 32 10 61
8 36 71 38 73 84 39
58 56 5 90 0 15 56
87 71 5 4 35 6 36
50 84 71 12 41 21 65
8 36 71 6 8 65 28
68 32 10 47 37 49 39
71 15 79 64 83 64 69
56 70 76 5 64 43 33
9 45 49 53 54 87 39
42 11 51 55 49 10 55
66 13 74 68 32 10 66
0 27 15 45 17 55 41
20 36 75 47 37 49 26
5 64 43 10 59 30 13
37 67 73 36 12 72 55
56 70 76 76 22 84 48
92 52 73 89 41 48 27
72 89 48 68 32 10 68
42 11 51 48 25 71 24
61 29 24 55 49 10 24
48 25 71 64 83 64 58
67 65 36 10 59 30 8
8 36 71 72 89 48 57
31 83 2 52 4 0 79
11 13 87 41 77 74 65
14 32 45 34 29 33 12
42 11 51 5 64 43 53
71 15 79 58 56 5 84
63 93 58 15 26 23 75
29 81 9 10 59 30 30
13 90 77 25 1 24 103
31 83 2 46 9 71 101
74 91 55 45 17 55 74
93 27 44 73 84 11 65
41 77 74 1 9 57 70
26 83 64 12 41 21 60
32 89 2 80 91 24 22
5 64 43 50 84 71 34
39 39 58 13 90 77 54
30 89 4 28 29 92 106
72 89 48 89 41 48 48
73 84 11 49 18 52 77
38 73 84 33 56 9 76
93 27 44 52 4 0 49
51 17 19 92 52 73 64
60 63 67 89 41 48 29
14 32 45 32 89 2 71
74 91 55 64 83 64 12
15 26 23 48 25 71 48
48 25 71 50 84 71 59
14 32 45 24 66 9 49
40 77 17 52 4 0 74
76 22 84 47 37 49 38
50 84 71 71 15 79 69
21 92 27 35 77 33 16
63 93 58 2 85 55 8
41 77 74 51 17 19 81
78 26 29 73 84 11 60
25 1 24 22 75 36 74
1 9 57 88 3 22 35
76 22 84 33 56 9 82
54 57 30 46 9 71 63
4 35 6 28 29 92 86
83 52 70 41 77 74 25
25 1 24 20 36 75 61
83 52 70 46 9 71 43
70 38 34 4 35 6 28
67 65 36 43 61 70 34
46 9 71 52 4 0 71
36 12 72 3 62 57 52
93 27 44 91 44 19 30
39 39 58 38 73 84 42
22 75 36 66 13 74 72
51 17 19 60 63 67 66
89 41 48 91 44 19 29
24 66 9 31 83 2 18
12 41 21 49 18 52 38
45 17 55 1 9 57 8
52 4 0 65 4 36 36
13 90 77 87 71 5 74
10 59 30 15 26 23 33
2 85 55 41 77 74 20
35 77 33 8 36 71 55
9 45 49 31 83 2 60
64 83 64 40 77 17 47
37 67 73 69 63 64 9
2 85 55 64 83 64 9
5 64 43 31 83 2 45
29 81 9 51 17 19 64
32 89 2 59 21 70 96
24 66 9 79 1 4 65
32 89 2 84 25 80 100
65 4 36 12 41 21 39
29 81 9 9 45 49 53
65 4 36 79 1 4 32
78 26 29 79 1 4 35
45 17 55 62 81 79 68
87 71 5 92 52 73 70
73 84 11 66 13 74 94
36 12 72 89 41 48 37
56 70 76 20 36 75 34
64 83 64 46 9 71 74
15 26 23 76 22 84 61
25 1 24 40 77 17 76
19 16 50 9 45 49 29
68 32 10 84 25 80 70
90 0 15 89 41 48 52
80 91 24 43 61 70 54
28 29 92 16 52 75 28
86 62 79 84 25 80 37
2 85 55 1 9 57 76
13 90 77 16 52 75 38
72 89 48 51 17 19 77
19 16 50 42 11 51 5
87 71 5 51 17 19 55
2 85 55 81 81 13 42
32 89 2 5 64 43 48
55 49 10 2 85 55 57
60 63 67 39 39 58 25
51 17 19 1 9 57 38
63 93 58 58 56 5 64
13 90 77 28 29 92 62
39 39 58 54 57 30 33
62 81 79 30 89 4 75
4 35 6 59 21 70 65
81 81 13 68 32 10 49
33 56 9 52 4 0 52
6 8 65 66 13 74 10
2 85 55 3 62 57 23
29 81 9 12 41 21 41
33 56 9 75 6 0 50
31 83 2 40 77 17 16
23 21 43 13 90 77 76
1 9 57 69 63 64 54
5 64 43 39 39 58 29
87 71 5 66 13 74 90
21 92 27 19 16 50 79
58 56 5 39 39 58 55
66 13 74 56 70 76 57
39 39 58 87 71 5 61
15 26 23 53 54 87 69
91 44 19 37 67 73 58
57 64 70 44 88 33 44
1 9 57 93 27 44 22
56 70 76 32 89 2 76
38 73 84 87 71 5 79
10 59 30 41 77 74 47
81 81 13 91 44 19 37
24 66 9 29 81 9 15
93 27 44 54 57 30 33
10 59 30 18 75 47 23
5 64 43 88 3 22 64
18 75 47 37 67 73 27
92 52 73 68 32 10 66
71 15 79 74 91 55 79
6 8 65 42 11 51 14
31 83 2 25 1 24 84
20 36 75 60 63 67 28
22 75 36 69 63 64 30
67 65 36 69 63 64 28
66 13 74 90 0 15 60
24 66 9 92 52 73 65
87 71 5 44 88 33 32
61 29 24 31 83 2 58
61 29 24 46 9 71 51
59 21 70 57 64 70 43
12 41 21 6 8 65 55
27 14 23 39 39 58 43
70 38 34 68 32 10 24
29 81 9 87 71 5 10
40 77 17 23 21 43 61
13 90 77 56 70 76 20
26 83 64 39 39 58 44
41 77 74 69 63 64 17
5 64 43 90 0 15 69
78 26 29 2 85 55 64
88 3 22 80 91 24 88
80 91 24 5 64 43 33
44 88 33 29 81 9 25
19 16 50 67 65 36 50
81 81 13 31 83 2 11
64 83 64 13 90 77 14
18 75 47 79 1 4 85
40 77 17 88 3 22 74
86 62 79 65 4 36 72
34 29 33 2 85 55 60
65 4 36 70 38 34 34
87 71 5 73 84 11 14
26 83 64 18 75 47 18
13 90 77 0 27 15 88
9 45 49 45 17 55 28
35 77 33 52 4 0 80
74 91 55 87 71 5 53
27 14 23 93 27 44 24
24 66 9 0 27 15 39
45 17 55 51 17 19 36
49 18 52 80 91 24 78
70 38 34 91 44 19 16
4 35 6 76 22 84 79
22 75 36 28 29 92 72
59 21 70 78 26 29 41
24 66 9 19 16 50 64
17 65 31 15 26 23 39
29 81 9 83 52 70 67
43 61 70 86 62 79 9
83 52 70 86 62 79 13
73 84 11 89 41 48 56
68 32 10 38 73 84 84
27 14 23 75 6 0 24
66 13 74 35 77 33 76
17 65 31 70 38 34 27
62 81 79 36 12 72 69
0 27 15 10 59 30 35
77 52 1 11 13 87 94
55 49 10 68 32 10 17
68 32 10 74 91 55 74
6 8 65 3 62 57 54
91 44 19 2 85 55 54
79 1 4 6 8 65 61
92 52 73 43 61 70 9
70 38 34 9 45 49 16
40 77 17 26 83 64 47
11 13 87 72 89 48 85
87 71 5 55 49 10 22
27 14 23 47 37 49 34
92 52 73 49 18 52 39
83 52 70 11 13 87 42
69 63 64 77 52 1 63
71 15 79 35 77 33 77
61 29 24 83 52 70 51
37 67 73 59 21 70 46
67 65 36 83 52 70 36
81 81 13 33 56 9 25
21 92 27 42 11 51 84
32 89 2 21 92 27 25
58 56 5 93 27 44 48
52 4 0 62 81 79 110
82 66 25 30 89 4 31
60 63 67 73 84 11 59
71 15 79 4 35 6 75
74 91 55 75 6 0 101
27 14 23 23 21 43 21
84 25 80 19 16 50 31
58 56 5 79 1 4 55
75 6 0 45 17 55 56
35 77 33 82 66 25 13
24 66 9 54 57 30 22
88 3 22 74 91 55 93
26 83 64 78 26 29 66
45 17 55 76 22 84 29
68 32 10 46 9 71 65
24 66 9 76 22 84 86
90 0 15 51 17 19 17
87 71 5 59 21 70 82
11 13 87 22 75 36 80
0 27 15 59 21 70 55
21 92 27 37 67 73 52
60 63 67 93 27 44 42
34 29 33 32 89 2 67
61 29 24 58 56 5 33
55 49 10 18 75 47 45
63 93 58 16 52 75 44
41 77 74 55 49 10 69
78 26 29 18 75 47 52
0 27 15 67 65 36 43
39 39 58 56 70 76 35
68 32 10 41 77 74 78
28 29 92 23 21 43 49
64 83 64 20 36 75 48
37 67 73 23 21 43 54
25 1 24 86 62 79 82
43 61 70 91 44 19 53
37 67 73 89 41 48 36
50 84 71 41 77 74 7
43 61 70 44 88 33 45
37 67 73 86 62 79 7
74 91 55 89 41 48 50
65 4 36 15 26 23 25
16 52 75 5 64 43 34
16 52 75 86 62 79 10
67 65 36 76 22 84 64
68 32 10 7 63 73 70
17 65 31 87 71 5 26
75 6 0 39 39 58 66
39 39 58 62 81 79 46
78 26 29 17 65 31 39
78 26 29 33 56 9 36
42 11 51 30 89 4 91
70 38 34 30 89 4 59
66 13 74 13 90 77 77
24 66 9 87 71 5 6
54 57 30 89 41 48 24
19 16 50 31 83 2 82
23 21 43 48 25 71 28
14 32 45 35 77 33 46
30 89 4 74 91 55 51
91 44 19 32 89 2 48
81 81 13 86 62 79 68
76 22 84 40 77 17 86
63 93 58 80 91 24 34
38 73 84 42 11 51 70
25 1 24 34 29 33 29
15 26 23 66 13 74 52
84 25 80 70 38 34 47
84 25 80 27 14 23 58
57 64 70 1 9 57 56
13 90 77 41 77 74 13
47 37 49 9 45 49 8
86 62 79 85 87 43 43
26 83 64 23 21 43 65
32 89 2 45 17 55 89
32 89 2 71 15 79 106
48 25 71 0 27 15 56
28 29 92 38 73 84 44
26 83 64 3 62 57 22
88 3 22 31 83 2 82
79 1 4 91 44 19 45
36 12 72 75 6 0 72
31 83 2 75 6 0 77
12 41 21 9 45 49 28
16 52 75 25 1 24 72
27 14 23 21 92 27 78
33 56 9 71 15 79 81
78 26 29 9 45 49 27
82 66 25 49 18 52 55
60 63 67 28 29 92 42
59 21 70 1 9 57 17
33 56 9 55 49 10 7
46 9 71 80 91 24 94
88 3 22 9 45 49 49
93 27 44 4 35 6 38
53 54 87 40 77 17 73
58 56 5 70 38 34 34
7 63 73 24 66 9 64
45 17 55 87 71 5 73
43 61 70 16 52 75 10
1 9 57 52 4 0 57
44 88 33 9 45 49 45
10 59 30 38 73 84 55
0 27 15 6 8 65 53
92 52 73 41 77 74 25
38 73 84 21 92 27 60
31 83 2 59 21 70 92
14 32 45 82 66 25 39
69 63 64 30 89 4 65
56 70 76 75 6 0 99
67 65 36 84 25 80 59
51 17 19 19 16 50 31
31 83 2 43 61 70 71
74 91 55 57 64 70 30
85 87 43 16 52 75 47
43 61 70 48 25 71 36
39 39 58 33 56 9 51
56 70 76 0 27 15 74
88 3 22 60 63 67 75
79 1 4 89 41 48 59
44 88 33 39 39 58 55
54 57 30 50 84 71 49
18 75 47 11 13 87 73
76 22 84 20 36 75 16
62 81 79 21 92 27 53
21 92 27 29 81 9 21
86 62 79 62 81 79 19
48 25 71 5 64 43 48
82 66 25 63 93 58 42
53 54 87 21 92 27 71
8 36 71 88 3 22 59
59 21 70 38 73 84 53
63 93 58 27 14 23 86
62 81 79 46 9 71 72
4 35 6 85 87 43 63
92 52 73 27 14 23 62
41 77 74 54 57 30 48
41 77 74 59 21 70 56
84 25 80 62 81 79 56
51 17 19 89 41 48 37
42 11 51 63 93 58 82
18 75 47 65 4 36 71
3 62 57 32 89 2 61
55 49 10 88 3 22 47
83 52 70 24 66 9 62
58 56 5 69 63 64 59
8 36 71 17 65 31 49
84 25 80 30 89 4 99
6 8 65 9 45 49 40
88 3 22 70 38 34 37
41 77 74 78 26 29 68
57 64 70 68 32 10 68
60 63 67 63 93 58 31
1 9 57 7 63 73 56
83 52 70 9 45 49 22
88 3 22 11 13 87 65
2 85 55 51 17 19 76
35 77 33 54 57 30 20
35 77 33 72 89 48 19
3 62 57 57 64 70 13
23 21 43 36 12 72 30
76 22 84 39 39 58 31
90 0 15 54 57 30 58
88 3 22 77 52 1 53
10 59 30 48 25 71 53
41 77 74 60 63 67 15
71 15 79 11 13 87 8
58 56 5 25 1 24 58
60 63 67 40 77 17 51
62 81 79 47 37 49 53
75 6 0 57 64 70 90
15 26 23 3 62 57 49
30 89 4 37 67 73 72
20 36 75 74 91 55 58
59 21 70 30 89 4 94
13 90 77 49 18 52 76
12 41 21 89 41 48 27
51 17 19 75 6 0 21
88 3 22 92 52 73 70
59 21 70 64 83 64 62
56 70 76 51 17 19 77
72 89 48 76 22 84 76
88 3 22 35 77 33 74
60 63 67 10 59 30 37
22 75 36 87 71 5 31
80 91 24 72 89 48 24
24 66 9 86 62 79 70
65 4 36 75 6 0 36
22 75 36 89 41 48 36
27 14 23 13 90 77 93
41 77 74 22 75 36 38
72 89 48 57 64 70 33
62 81 79 64 83 64 15
36 12 72 80 91 24 92
57 64 70 65 4 36 68
42 11 51 52 4 0 51
92 52 73 65 4 36 60
86 62 79 93 27 44 49
59 21 70 19 16 50 20
28 29 92 27 14 23 70
69 63 64 71 15 79 50
10 59 30 21 92 27 33
56 70 76 48 25 71 45
5 64 43 11 13 87 67
30 89 4 51 17 19 73
48 25 71 62 81 79 56
73 84 11 71 15 79 96
78 26 29 47 37 49 22
20 36 75 22 75 36 55
50 84 71 19 16 50 71
33 56 9 17 65 31 23
84 25 80 9 45 49 36
74 91 55 83 52 70 41
42 11 51 44 88 33 79
56 70 76 6 8 65 62
1 9 57 11 13 87 30
40 77 17 73 84 11 9
87 71 5 60 63 67 62
38 73 84 76 22 84 51
21 92 27 12 41 21 51
39 39 58 3 62 57 23
21 92 27 60 63 67 49
84 25 80 92 52 73 27
15 26 23 86 62 79 66
79 1 4 25 1 24 20
93 27 44 19 16 50 12
27 14 23 0 27 15 15
37 67 73 27 14 23 72
15 26 23 50 84 71 75
42 11 51 91 44 19 45
44 88 33 61 29 24 59
85 87 43 79 1 4 94
26 83 64 16 52 75 32
12 41 21 45 17 55 41
66 13 74 44 88 33 85
59 21 70 9 45 49 31
84 25 80 91 44 19 63
47 37 49 25 1 24 43
31 83 2 44 88 33 31
7 63 73 84 25 80 38
86 62 79 78 26 29 61
37 67 73 60 63 67 7
62 81 79 4 35 6 86
86 62 79 40 77 17 63
51 17 19 53 54 87 77
83 52 70 57 64 70 12
40 77 17 59 21 70 77
3 62 57 5 64 43 14
36 12 72 87 71 5 89
74 91 55 13 90 77 22
83 52 70 92 52 73 3
25 1 24 35 77 33 76
65 4 36 5 64 43 60
18 75 47 83 52 70 32
61 29 24 22 75 36 47
32 89 2 1 9 57 97
55 49 10 1 9 57 61
31 83 2 29 81 9 7
87 71 5 81 81 13 12
44 88 33 62 81 79 46
81 81 13 18 75 47 34
49 18 52 53 54 87 50
77 52 1 46 9 71 82
54 57 30 83 52 70 40
69 63 64 31 83 2 65
64 83 64 21 92 27 38
90 0 15 67 65 36 68
6 8 65 37 67 73 59
56 70 76 83 52 70 18
86 62 79 35 77 33 48
92 52 73 73 84 11 69
75 6 0 58 56 5 50
1 9 57 65 4 36 21
80 91 24 31 83 2 23
63 93 58 36 12 72 82
64 83 64 29 81 9 55
10 59 30 75 6 0 60
10 59 30 72 89 48 34
71 15 79 15 26 23 57
35 77 33 46 9 71 77
36 12 72 65 4 36 36
18 75 47 89 41 48 34
36 12 72 38 73 84 62
85 87 43 56 70 76 37
30 89 4 90 0 15 89
54 57 30 59 21 70 53
46 9 71 5 64 43 61
27 14 23 16 52 75 64
4 35 6 24 66 9 31
68 32 10 32 89 2 57
78 26 29 35 77 33 51
32 89 2 36 12 72 104
4 35 6 78 26 29 24
40 77 17 46 9 71 86
55 49 10 82 66 25 22
23 21 43 8 36 71 31
81 81 13 93 27 44 62
84 25 80 40 77 17 81
71 15 79 10 59 30 65
59 21 70 39 39 58 21
51 17 19 46 9 71 52
77 52 1 48 25 71 75
72 89 48 45 17 55 72
14 32 45 10 59 30 30
51 17 19 32 89 2 73
69 63 64 35 77 33 34
79 1 4 32 89 2 88
4 35 6 77 52 1 17
2 85 55 39 39 58 46
9 45 49 66 13 74 40
82 66 25 38 73 84 59
41 77 74 58 56 5 72
44 88 33 80 91 24 9
60 63 67 9 45 49 25
54 57 30 60 63 67 37
82 66 25 86 62 79 54
88 3 22 10 59 30 56
45 17 55 84 25 80 26
30 89 4 40 77 17 17
8 36 71 2 85 55 51
48 25 71 26 83 64 58
90 0 15 49 18 52 41
78 26 29 25 1 24 25
92 52 73 22 75 36 43
0 27 15 79 1 4 28
23 21 43 86 62 79 54
81 81 13 77 52 1 31
23 21 43 58 56 5 51
11 13 87 58 56 5 92
26 83 64 0 27 15 74
53 54 87 89 41 48 41
37 67 73 44 88 33 45
46 9 71 26 83 64 74
5 64 43 19 16 50 48
23 21 43 31 83 2 74
17 65 31 59 21 70 58
61 29 24 42 11 51 32
67 65 36 34 29 33 36
43 61 70 90 0 15 82
70 38 34 93 27 44 14
15 26 23 24 66 9 42
90 0 15 57 64 70 84
5 64 43 36 12 72 59
70 38 34 12 41 21 13
72 89 48 49 18 52 71
43 61 70 93 27 44 42
33 56 9 12 41 21 19
75 6 0 40 77 17 73
41 77 74 0 27 15 77
25 1 24 32 89 2 90
2 85 55 85 87 43 12
69 63 64 3 62 57 7
27 14 23 41 77 74 81
45 17 55 59 21 70 15
29 81 9 77 52 1 30
40 77 17 36 12 72 85
56 70 76 88 3 22 86
46 9 71 56 70 76 61
49 18 52 63 93 58 75
31 83 2 82 66 25 28
20 36 75 68 32 10 65
11 13 87 57 64 70 53
39 39 58 21 92 27 61
41 77 74 40 77 17 57
59 21 70 52 4 0 72
62 81 79 49 18 52 68
1 9 57 34 29 33 31
15 26 23 14 32 45 22
69 63 64 48 25 71 38
25 1 24 12 41 21 40
88 3 22 42 11 51 30
92 52 73 37 67 73 15
4 35 6 42 11 51 51
13 90 77 21 92 27 50
60 63 67 47 37 49 31
54 57 30 91 44 19 17
28 29 92 77 52 1 93
72 89 48 24 66 9 45
49 18 52 77 52 1 61
75 6 0 84 25 80 82
79 1 4 45 17 55 53
47 37 49 16 52 75 30
33 56 9 93 27 44 45
43 61 70 42 11 51 53
34 29 33 91 44 19 20
52 4 0 39 39 58 67
49 18 52 71 15 79 27
9 45 49 46 9 71 42
67 65 36 44 88 33 23
31 83 2 18 75 47 45
61 29 24 81 81 13 53
80 91 24 10 59 30 32
2 85 55 50 84 71 16
90 0 15 85 87 43 91
75 6 0 88 3 22 22
10 59 30 31 83 2 36
12 41 21 0 27 15 15
82 66 25 41 77 74 50
29 81 9 45 17 55 78
71 15 79 83 52 70 38
82 66 25 5 64 43 18
66 13 74 76 22 84 13
62 81 79 0 27 15 83
11 13 87 7 63 73 51
11 13 87 93 27 44 45
91 44 19 39 39 58 39
5 64 43 35 77 33 16
58 56 5 76 22 84 86
23 21 43 12 41 21 29
2 85 55 90 0 15 93
10 59 30 74 91 55 40
11 13 87 35 77 33 83
71 15 79 85 87 43 80
64 83 64 65 4 36 83
54 57 30 84 25 80 59
17 65 31 85 87 43 25
68 32 10 11 13 87 79
40 77 17 29 81 9 8
43 61 70 28 29 92 38
23 21 43 52 4 0 46
64 83 64 86 62 79 25
80 91 24 64 83 64 40
53 54 87 4 35 6 83
89 41 48 27 14 23 36
39 39 58 89 41 48 10
87 71 5 64 83 64 60
1 9 57 62 81 79 75
59 21 70 25 1 24 50
13 90 77 4 35 6 89
10 59 30 6 8 65 61
83 52 70 72 89 48 43
1 9 57 70 38 34 37
60 63 67 83 52 70 11
27 14 23 38 73 84 84
71 15 79 93 27 44 37
38 73 84 55 49 10 77
87 71 5 62 81 79 74
85 87 43 45 17 55 71
15 26 23 93 27 44 21
65 4 36 80 91 24 87
3 62 57 29 81 9 51
92 52 73 8 36 71 16
23 21 43 77 52 1 52
72 89 48 38 73 84 39
65 4 36 45 17 55 23
14 32 45 90 0 15 43
42 11 51 17 65 31 57
63 93 58 7 63 73 33
37 67 73 50 84 71 17
13 90 77 10 59 30 56
40 77 17 34 29 33 50
23 21 43 41 77 74 64
40 77 17 48 25 71 74
85 87 43 84 25 80 72
78 26 29 14 32 45 17
14 32 45 80 91 24 62
87 71 5 86 62 79 74
23 21 43 61 29 24 20
52 4 0 76 22 84 85
57 64 70 51 17 19 69
56 70 76 61 29 24 66
86 62 79 60 63 67 12
16 52 75 35 77 33 48
83 52 70 42 11 51 45
15 26 23 0 27 15 8
37 67 73 79 1 4 95
12 41 21 48 25 71 52
3 62 57 52 4 0 81
91 44 19 40 77 17 33
44 88 33 69 63 64 39
44 88 33 4 35 6 59
47 37 49 1 9 57 29
34 29 33 76 22 84 51
71 15 79 37 67 73 52
31 83 2 78 26 29 63
45 17 55 82 66 25 57
50 84 71 3 62 57 26
75 6 0 8 36 71 77
6 8 65 59 21 70 13
26 83 64 29 81 9 55
23 21 43 24 66 9 56
85 87 43 28 29 92 75
41 77 74 47 37 49 47
6 8 65 72 89 48 82
59 21 70 85 87 43 71
69 63 64 52 4 0 87
3 62 57 78 26 29 45
65 4 36 51 17 19 21
42 11 51 9 45 49 34
26 83 64 60 63 67 20
33 56 9 73 84 11 28
61 29 24 12 41 21 12
6 8 65 11 13 87 22
80 91 24 23 21 43 72
83 52 70 40 77 17 58
54 57 30 26 83 64 42
80 91 24 58 56 5 39
63 93 58 48 25 71 69
67 65 36 86 62 79 43
23 21 43 50 84 71 68
76 22 84 83 52 70 33
67 65 36 79 1 4 71
86 62 79 34 29 33 56
74 91 55 56 70 76 29
52 4 0 53 54 87 100
74 91 55 60 63 67 30
80 91 24 33 56 9 38
74 91 55 8 36 71 57
17 65 31 51 17 19 49
72 89 48 7 63 73 36
22 75 36 57 64 70 35
55 49 10 77 52 1 9
6 8 65 80 91 24 92
9 45 49 90 0 15 56
17 65 31 2 85 55 31
30 89 4 21 92 27 23
62 81 79 6 8 65 74
22 75 36 65 4 36 71
35 77 33 2 85 55 23
93 27 44 41 77 74 58
4 35 6 79 1 4 34
90 0 15 0 27 15 27
48 25 71 31 83 2 90
19 16 50 80 91 24 79
70 38 34 48 25 71 39
87 71 5 32 89 2 18
65 4 36 44 88 33 84
26 83 64 41 77 74 11
40 77 17 18 75 47 30
22 75 36 30 89 4 34
14 32 45 70 38 34 12
72 89 48 23 21 43 68
64 83 64 42 11 51 73
92 52 73 31 83 2 77
21 92 27 65 4 36 88
9 45 49 32 89 2 64
81 81 13 66 13 74 91
35 77 33 22 75 36 3
16 52 75 83 52 70 5
8 36 71 90 0 15 66
50 84 71 84 25 80 59
14 32 45 36 12 72 33
0 27 15 21 92 27 66
28 29 92 46 9 71 29
64 83 64 45 17 55 66
54 57 30 40 77 17 23
43 61 70 72 89 48 35
29 81 9 25 1 24 81
82 66 25 76 22 84 73
27 14 23 90 0 15 16
87 71 5 83 52 70 67
44 88 33 45 17 55 74
5 64 43 87 71 5 38
38 73 84 14 32 45 56
47 37 49 57 64 70 34
17 65 31 39 39 58 37
60 63 67 25 1 24 75
10 59 30 35 77 33 18
52 4 0 48 25 71 74
66 13 74 0 27 15 60
5 64 43 93 27 44 37
24 66 9 8 36 71 68
8 36 71 41 77 74 41
68 32 10 58 56 5 24
73 84 11 34 29 33 59
12 41 21 62 81 79 70
18 75 47 77 52 1 51
32 89 2 47 37 49 70
85 87 43 76 22 84 76
71 15 79 6 8 65 15
57 64 70 79 1 4 91
18 75 47 88 3 22 76
28 29 92 59 21 70 23
74 91 55 32 89 2 53
26 83 64 74 91 55 12
50 84 71 86 62 79 23
49 18 52 85 87 43 69
28 29 92 34 29 33 59
44 88 33 41 77 74 42
25 1 24 11 13 87 64
74 91 55 40 77 17 40
85 87 43 44 88 33 10
2 85 55 67 65 36 27
69 63 64 78 26 29 50
6 8 65 58 56 5 76
42 11 51 0 27 15 39
46 9 71 44 88 33 87
7 63 73 61 29 24 59
79 1 4 80 91 24 92
61 29 24 90 0 15 30
74 91 55 79 1 4 103
18 75 47 8 36 71 45
81 81 13 82 66 25 19
49 18 52 27 14 23 29
17 65 31 16 52 75 45
54 57 30 3 62 57 27
16 52 75 40 77 17 63
15 26 23 54 57 30 31
29 81 9 66 13 74 94
53 54 87 6 8 65 50
74 91 55 91 44 19 59
73 84 11 7 63 73 65
57 64 70 91 44 19 54
46 9 71 16 52 75 43
46 9 71 0 27 15 58
92 52 73 86 62 79 11
2 85 55 84 25 80 65
5 64 43 30 89 4 46
79 1 4 54 57 30 61
39 39 58 29 81 9 64
5 64 43 70 38 34 27
76 22 84 37 67 73 46
60 63 67 50 84 71 21
54 57 30 0 27 15 33
62 81 79 61 29 24 75
93 27 44 75 6 0 48
27 14 23 10 59 30 45
22 75 36 60 63 67 33
62 81 79 8 36 71 45
32 89 2 75 6 0 83
61 29 24 38 73 84 74
60 63 67 35 77 33 36
61 29 24 68 32 10 14
84 25 80 17 65 31 63
43 61 70 19 16 50 49
64 83 64 49 18 52 66
57 64 70 40 77 17 54
84 25 80 6 8 65 22
16 52 75 7 63 73 11
93 27 44 14 32 45 5
67 65 36 8 36 71 45
7 63 73 29 81 9 66
11 13 87 13 90 77 77
80 91 24 87 71 5 27
74 91 55 93 27 44 64
61 29 24 78 26 29 5
45 17 55 35 77 33 63
83 52 70 23 21 43 41
10 59 30 57 64 70 40
28 29 92 35 77 33 76
63 93 58 55 49 10 65
77 52 1 42 11 51 64
39 39 58 68 32 10 48
26 83 64 27 14 23 80
81 81 13 71 15 79 93
70 38 34 64 83 64 54
18 75 47 59 21 70 58
17 65 31 5 64 43 12
8 36 71 64 83 64 47
63 93 58 44 88 33 25
63 93 58 88 3 22 96
28 29 92 61 29 24 68
62 81 79 79 1 4 109
23 21 43 88 3 22 27
56 70 76 91 44 19 62
65 4 36 55 49 10 51
77 52 1 87 71 5 19
87 71 5 1 9 57 80
82 66 25 59 21 70 63
47 37 49 29 81 9 59
38 73 84 88 3 22 93
39 39 58 67 65 36 34
66 13 74 70 38 34 47
48 25 71 22 75 36 61
63 93 58 47 37 49 56
30 89 4 15 26 23 65
60 63 67 72 89 48 32
92 52 73 90 0 15 77
1 9 57 40 77 17 78
63 93 58 45 17 55 76
62 81 79 10 59 30 53
8 36 71 9 45 49 23
83 52 70 5 64 43 29
72 89 48 52 4 0 97
82 66 25 9 45 49 31
74 91 55 70 38 34 57
12 41 21 18 75 47 42
58 56 5 38 73 84 80
28 29 92 25 1 24 73
58 56 5 87 71 5 15
18 75 47 90 0 15 81
24 66 9 85 87 43 39
69 63 64 66 13 74 50
24 66 9 44 88 33 32
42 11 51 54 57 30 50
76 22 84 18 75 47 64
27 14 23 54 57 30 43
19 16 50 45 17 55 5
81 81 13 46 9 71 92
9 45 49 86 62 79 34
3 62 57 1 9 57 53
34 29 33 51 17 19 18
67 65 36 1 9 57 59
73 84 11 36 12 72 94
29 81 9 53 54 87 82
66 13 74 19 16 50 24
72 89 48 91 44 19 53
73 84 11 15 26 23 59
28 29 92 78 26 29 63
81 81 13 83 52 70 63
88 3 22 37 67 73 81
19 16 50 29 81 9 76
14 32 45 57 64 70 40
27 14 23 73 84 11 71
63 93 58 51 17 19 85
30 89 4 25 1 24 90
48 25 71 65 4 36 40
82 66 25 18 75 47 23
66 13 74 59 21 70 8
90 0 15 11 13 87 73
3 62 57 86 62 79 22
71 15 79 75 6 0 79
93 27 44 18 75 47 48
38 73 84 63 93 58 32
64 83 64 32 89 2 62
47 37 49 61 29 24 26
41 77 74 88 3 22 90
27 14 23 15 26 23 12
79 1 4 1 9 57 53
21 92 27 20 36 75 73
51 17 19 85 87 43 74
32 89 2 11 13 87 114
1 9 57 33 56 9 67
32 89 2 76 22 84 105
54 57 30 85 87 43 32
62 81 79 91 44 19 70
24 66 9 78 26 29 44
71 15 79 9 45 49 42
9 45 49 39 39 58 10
44 88 33 27 14 23 74
25 1 24 56 70 76 86
9 45 49 15 26 23 32
61 29 24 93 27 44 20
23 21 43 34 29 33 12
52 4 0 86 62 79 98
18 75 47 68 32 10 56
12 41 21 30 89 4 50
48 25 71 80 91 24 81
76 22 84 86 62 79 40
70 38 34 21 92 27 54
4 35 6 89 41 48 42
85 87 43 66 13 74 80
67 65 36 35 77 33 12
34 29 33 61 29 24 9
17 65 31 11 13 87 76
67 65 36 53 54 87 52
71 15 79 86 62 79 47
78 26 29 93 27 44 15
17 65 31 28 29 92 70
39 39 58 32 89 2 75
4 35 6 55 49 10 14
88 3 22 57 64 70 77
10 59 30 69 63 64 34
54 57 30 77 52 1 29
79 1 4 11 13 87 83
7 63 73 86 62 79 6
68 32 10 71 15 79 71
82 66 25 57 64 70 45
65 4 36 56 70 76 77
49 18 52 4 35 6 49
58 56 5 59 21 70 73
78 26 29 56 70 76 64
75 6 0 23 21 43 45
19 16 50 18 75 47 59
69 63 64 93 27 44 41
56 70 76 9 45 49 36
23 21 43 74 91 55 71
75 6 0 13 90 77 113
92 52 73 44 88 33 53
63 93 58 86 62 79 37
43 61 70 47 37 49 31
76 22 84 68 32 10 74
84 25 80 5 64 43 53
85 87 43 60 63 67 33
69 63 64 49 18 52 46
41 77 74 87 71 5 69
81 81 13 75 6 0 76
14 32 45 83 52 70 32
33 56 9 72 89 48 51
70 38 34 49 18 52 26
75 6 0 62 81 79 108
75 6 0 35 77 33 78
91 44 19 36 12 72 61
20 36 75 66 13 74 23
81 81 13 73 84 11 3
30 89 4 88 3 22 87
30 89 4 48 25 71 92
92 52 73 50 84 71 32
15 26 23 8 36 71 49
90 0 15 69 63 64 79
68 32 10 28 29 92 82
4 35 6 58 56 5 21
50 84 71 38 73 84 17
61 29 24 14 32 45 21
14 32 45 62 81 79 59
19 16 50 36 12 72 22
88 3 22 28 29 92 74
76 22 84 48 25 71 13
3 62 57 17 65 31 26
61 29 24 35 77 33 48
80 91 24 30 89 4 20
10 59 30 76 22 84 65
92 52 73 38 73 84 23
80 91 24 21 92 27 3
91 44 19 1 9 57 51
50 84 71 30 89 4 67
45 17 55 6 8 65 13
82 66 25 27 14 23 52
53 54 87 45 17 55 48
58 56 5 21 92 27 42
72 89 48 25 1 24 91
36 12 72 34 29 33 42
92 52 73 2 85 55 37
72 89 48 16 52 75 45
53 54 87 74 91 55 48
53 54 87 2 85 55 44
72 89 48 18 75 47 14
65 4 36 77 52 1 59
44 88 33 18 75 47 19
91 44 19 82 66 25 22
51 17 19 67 65 36 50
1 9 57 74 91 55 82
39 39 58 61 29 24 35
20 36 75 18 75 47 48
59 21 70 83 52 70 31
65 4 36 83 52 70 58
27 14 23 51 17 19 5
52 4 0 20 36 75 81
83 52 70 79 1 4 83
85 87 43 91 44 19 49
69 63 64 63 93 58 30
86 62 79 18 75 47 34
64 83 64 10 59 30 41
42 11 51 92 52 73 46
13 90 77 58 56 5 79
72 89 48 50 84 71 23
40 77 17 65 4 36 75
81 81 13 62 81 79 66
13 90 77 9 45 49 53
51 17 19 14 32 45 30
50 84 71 25 1 24 95
78 26 29 39 39 58 31
79 1 4 87 71 5 70
3 62 57 81 81 13 47
25 1 24 84 25 80 60
30 89 4 44 88 33 29
25 1 24 27 14 23 13
54 57 30 6 8 65 60
18 75 47 52 4 0 85
49 18 52 40 77 17 68
49 18 52 11 13 87 35
2 85 55 13 90 77 22
93 27 44 47 37 49 11
75 6 0 15 26 23 30
85 87 43 39 39 58 50
37 67 73 77 52 1 73
3 62 57 48 25 71 39
47 37 49 31 83 2 65
82 66 25 90 0 15 66
26 83 64 33 56 9 61
68 32 10 31 83 2 51
53 54 87 61 29 24 67
23 21 43 69 63 64 46
53 54 87 8 36 71 24
17 65 31 49 18 52 51
19 16 50 28 29 92 43
18 75 47 14 32 45 43
19 16 50 17 65 31 52
50 84 71 75 6 0 105
51 17 19 86 62 79 75
61 29 24 75 6 0 33
62 81 79 20 36 75 45
55 49 10 74 91 55 61
7 63 73 82 66 25 48
35 77 33 20 36 75 58
61 29 24 16 52 75 55
16 52 75 39 39 58 21
65 4 36 53 54 87 71
69 63 64 53 54 87 24
62 81 79 25 1 24 97
72 89 48 9 45 49 44
71 15 79 8 36 71 22
73 84 11 55 49 10 35
44 88 33 48 25 71 73
82 66 25 34 29 33 37
60 63 67 24 66 9 58
86 62 79 17 65 31 48
9 45 49 18 75 47 30
66 13 74 51 17 19 55
92 52 73 64 83 64 32
62 81 79 29 81 9 70
75 6 0 59 21 70 71
1 9 57 64 83 64 74
63 93 58 6 8 65 85
82 66 25 25 1 24 65
19 16 50 16 52 75 43
60 63 67 6 8 65 55
55 49 10 35 77 33 36
67 65 36 65 4 36 61
31 83 2 79 1 4 82
47 37 49 86 62 79 39
61 29 24 67 65 36 37
69 63 64 16 52 75 15
27 14 23 19 16 50 27
64 83 64 27 14 23 80
11 13 87 4 35 6 83
76 22 84 13 90 77 68
86 62 79 66 13 74 49
24 66 9 52 4 0 62
3 62 57 82 66 25 32
11 13 87 10 59 30 73
80 91 24 50 84 71 47
25 1 24 85 87 43 88
24 66 9 43 61 70 61
18 75 47 51 17 19 64
74 91 55 73 84 11 44
67 65 36 56 70 76 40
20 36 75 42 11 51 34
44 88 33 76 22 84 83
48 25 71 66 13 74 12
9 45 49 93 27 44 18
27 14 23 14 32 45 28
34 29 33 83 52 70 43
44 88 33 52 4 0 90
45 17 55 30 89 4 88
5 64 43 23 21 43 43
34 29 33 46 9 71 42
6 8 65 36 12 72 8
68 32 10 33 56 9 24
52 4 0 10 59 30 62
26 83 64 21 92 27 38
76 22 84 74 91 55 74
72 89 48 63 93 58 10
2 85 55 37 67 73 25
57 64 70 56 70 76 8
71 15 79 19 16 50 29
36 12 72 39 39 58 30
67 65 36 73 84 11 31
86 62 79 90 0 15 89
38 73 84 5 64 43 41
14 32 45 6 8 65 31
17 65 31 1 9 57 61
92 52 73 25 1 24 70
87 71 5 10 59 30 27
88 3 22 78 26 29 24
37 67 73 1 9 57 60
77 52 1 9 45 49 48
50 84 71 20 36 75 48
43 61 70 81 81 13 60
19 16 50 26 83 64 68
47 37 49 74 91 55 54
43 61 70 75 6 0 89
16 52 75 51 17 19 66
48 25 71 41 77 74 52
93 27 44 80 91 24 67
35 77 33 1 9 57 72
45 17 55 8 36 71 24
11 13 87 39 39 58 38
51 17 19 8 36 71 55
68 32 10 83 52 70 63
27 14 23 52 4 0 25
45 17 55 90 0 15 43
67 65 36 32 89 2 41
27 14 23 36 12 72 49
29 81 9 71 15 79 96
33 56 9 54 57 30 21
81 81 13 14 32 45 58
0 27 15 49 18 52 38
63 93 58 90 0 15 102
18 75 47 32 89 2 47
49 18 52 86 62 79 51
9 45 49 65 4 36 43
50 84 71 59 21 70 63
29 81 9 74 91 55 47
67 65 36 89 41 48 26
83 52 70 38 73 84 25
15 26 23 43 61 70 58
25 1 24 74 91 55 95
82 66 25 56 70 76 51
14 32 45 92 52 73 34
50 84 71 32 89 2 69
51 17 19 91 44 19 27
51 17 19 80 91 24 74
79 1 4 16 52 75 87
43 61 70 63 93 58 34
66 13 74 5 64 43 59
37 67 73 10 59 30 43
75 6 0 41 77 74 102
65 4 36 7 63 73 69
46 9 71 6 8 65 6
30 89 4 6 8 65 101
42 11 51 45 17 55 7
21 92 27 88 3 22 89
50 84 71 78 26 29 71
12 41 21 81 81 13 40
32 89 2 63 93 58 56
26 83 64 45 17 55 66
50 84 71 53 54 87 34
25 1 24 6 8 65 41
55 49 10 69 63 64 55
53 54 87 32 89 2 91
46 9 71 14 32 45 34
7 63 73 92 52 73 11
20 36 75 57 64 70 28
55 49 10 49 18 52 52
8 36 71 43 61 70 25
46 9 71 74 91 55 83
91 44 19 24 66 9 24
14 32 45 50 84 71 58
54 57 30 68 32 10 32
70 38 34 75 6 0 46
75 6 0 3 62 57 79
11 13 87 65 4 36 51
28 29 92 9 45 49 45
69 63 64 28 29 92 44
91 44 19 21 92 27 48
48 25 71 75 6 0 73
92 52 73 28 29 92 29
81 81 13 40 77 17 5
55 49 10 29 81 9 32
45 17 55 46 9 71 17
44 88 33 1 9 57 82
13 90 77 55 49 10 78
35 77 33 76 22 84 75
4 35 6 40 77 17 43
32 89 2 15 26 23 66
76 22 84 60 63 67 44
70 38 34 71 15 79 50
78 26 29 5 64 43 40
89 41 48 87 71 5 52
28 29 92 55 49 10 84
80 91 24 45 17 55 80
43 61 70 32 89 2 73
17 65 31 72 89 48 29
62 81 79 27 14 23 87
40 77 17 44 88 33 19
84 25 80 26 83 64 60
47 37 49 0 27 15 35
62 81 79 9 45 49 46
25 1 24 64 83 64 91
77 52 1 66 13 74 82
21 92 27 61 29 24 63
11 13 87 20 36 75 25
92 52 73 36 12 72 40
41 77 74 21 92 27 49
76 22 84 77 52 1 88
53 54 87 26 83 64 37
25 1 24 0 27 15 27
75 6 0 4 35 6 29
55 49 10 26 83 64 63
1 9 57 80 91 24 88
57 64 70 18 75 47 25
10 59 30 56 70 76 47
44 88 33 68 32 10 60
54 57 30 20 36 75 49
88 3 22 86 62 79 82
60 63 67 82 66 25 42
3 62 57 56 70 76 20
18 75 47 92 52 73 34
56 70 76 80 91 24 56
49 18 52 37 67 73 53
66 13 74 84 25 80 13
4 35 6 21 92 27 60
85 87 43 65 4 36 83
4 35 6 56 70 76 78
4 35 6 41 77 74 79
71 15 79 42 11 51 28
0 27 15 63 93 58 78
57 64 70 0 27 15 66
56 70 76 63 93 58 29
89 41 48 65 4 36 38
63 93 58 41 77 74 22
7 63 73 49 18 52 49
3 62 57 8 36 71 29
74 91 55 44 88 33 22
5 64 43 76 22 84 58
27 14 23 48 25 71 49
86 62 79 55 49 10 70
45 17 55 50 84 71 68
1 9 57 10 59 30 56
8 36 71 36 12 72 24
74 91 55 28 29 92 72
78 26 29 82 66 25 40
27 14 23 18 75 47 65
33 56 9 42 11 51 61
23 21 43 67 65 36 44
33 56 9 65 4 36 58
47 37 49 11 13 87 44
89 41 48 47 37 49 4
92 52 73 61 29 24 54
46 9 71 42 11 51 20
46 9 71 91 44 19 62
55 49 10 34 29 33 30
37 67 73 22 75 36 37
1 9 57 42 11 51 6
86 62 79 58 56 5 74
23 21 43 63 93 58 73
40 77 17 87 71 5 13
49 18 52 8 36 71 26
45 17 55 24 66 9 67
22 75 36 64 83 64 29
31 83 2 6 8 65 97
48 25 71 74 91 55 67
5 64 43 79 1 4 74
71 15 79 7 63 73 48
1 9 57 8 36 71 30
2 85 55 6 8 65 77
76 22 84 19 16 50 34
65 4 36 0 27 15 31
80 91 24 12 41 21 50
78 26 29 32 89 2 68
79 1 4 28 29 92 92
74 91 55 37 67 73 30
53 54 87 44 88 33 63
53 54 87 64 83 64 37
62 81 79 92 52 73 29
61 29 24 74 91 55 69
4 35 6 69 63 64 64
81 81 13 36 12 72 90
52 4 0 55 49 10 46
71 15 79 21 92 27 92
42 11 51 28 29 92 44
69 63 64 39 39 58 24
61 29 24 11 13 87 65
25 1 24 48 25 71 52
79 1 4 15 26 23 31
80 91 24 11 13 87 100
20 36 75 79 1 4 79
46 9 71 50 84 71 75
0 27 15 91 44 19 17
38 73 84 54 57 30 56
70 38 34 69 63 64 39
48 25 71 46 9 71 16
13 90 77 88 3 22 102
29 81 9 72 89 48 39
7 63 73 88 3 22 78
1 9 57 89 41 48 33
54 57 30 75 6 0 59
27 14 23 66 13 74 51
42 11 51 29 81 9 81
52 4 0 6 8 65 65
90 0 15 52 4 0 15
17 65 31 7 63 73 42
77 52 1 33 56 9 8
61 29 24 26 83 64 67
86 62 79 75 6 0 96
75 6 0 17 65 31 66
23 21 43 0 27 15 28
52 4 0 81 81 13 78
64 83 64 67 65 36 33
84 25 80 14 32 45 35
0 27 15 1 9 57 45
6 8 65 50 84 71 76
4 35 6 32 89 2 54
22 75 36 13 90 77 43
5 64 43 9 45 49 19
90 0 15 24 66 9 66
4 35 6 60 63 67 67
4 35 6 39 39 58 52
89 41 48 31 83 2 62
72 89 48 20 36 75 59
47 37 49 85 87 43 50
22 75 36 90 0 15 77
49 18 52 1 9 57 10
84 25 80 33 56 9 77
84 25 80 22 75 36 66
59 21 70 3 62 57 43
66 13 74 18 75 47 67
12 41 21 39 39 58 37
43 61 70 58 56 5 65
24 66 9 46 9 71 84
5 64 43 60 63 67 24
16 52 75 37 67 73 15
54 57 30 62 81 79 54
65 4 36 81 81 13 80
49 18 52 32 89 2 86
16 52 75 93 27 44 39
81 81 13 44 88 33 21
70 38 34 42 11 51 31
33 56 9 85 87 43 46
36 12 72 49 18 52 20
57 64 70 27 14 23 68
8 36 71 37 67 73 31
51 17 19 70 38 34 25
92 52 73 10 59 30 43
42 11 51 16 52 75 47
61 29 24 41 77 74 69
12 41 21 78 26 29 17
28 29 92 64 83 64 60
64 83 64 7 63 73 21
30 89 4 34 29 33 66
48 25 71 49 18 52 20
91 44 19 7 63 73 57
31 83 2 33 56 9 27
50 84 71 11 13 87 72
22 75 36 2 85 55 21
47 37 49 91 44 19 30
69 63 64 32 89 2 67
7 63 73 81 81 13 62
56 70 76 38 73 84 8
41 77 74 74 91 55 23
36 12 72 69 63 64 51
49 18 52 22 75 36 59
43 61 70 59 21 70 40
29 81 9 54 57 30 31
72 89 48 37 67 73 33
67 65 36 54 57 30 10
33 56 9 46 9 71 77
57 64 70 78 26 29 55
24 66 9 66 13 74 83
9 45 49 81 81 13 50
16 52 75 78 26 29 52
26 83 64 25 1 24 91
76 22 84 29 81 9 95
57 64 70 16 52 75 13
24 66 9 67 65 36 27
11 13 87 62 81 79 68
11 13 87 56 70 76 58
76 22 84 36 12 72 15
14 32 45 37 67 73 44
76 22 84 26 83 64 64
14 32 45 77 52 1 48
16 52 75 15 26 23 58
89 41 48 30 89 4 65
88 3 22 68 32 10 31
30 89 4 39 39 58 73
3 62 57 10 59 30 27
48 25 71 28 29 92 21
22 75 36 44 88 33 13
70 38 34 43 61 70 42
13 90 77 45 17 55 76
78 26 29 44 88 33 62
14 32 45 45 17 55 18
79 1 4 63 93 58 106
36 12 72 48 25 71 13
35 77 33 64 83 64 31
38 73 84 29 81 9 75
93 27 44 90 0 15 39
38 73 84 4 35 6 86
21 92 27 18 75 47 26
75 6 0 55 49 10 44
64 83 64 16 52 75 32
8 36 71 22 75 36 52
4 35 6 23 21 43 39
85 87 43 37 67 73 36
90 0 15 33 56 9 56
47 37 49 90 0 15 50
44 88 33 17 65 31 23
0 27 15 28 29 92 77
43 61 70 11 13 87 50
81 81 13 32 89 2 13
84 25 80 69 63 64 41
36 12 72 43 61 70 49
20 36 75 75 6 0 80
26 83 64 77 52 1 70
8 36 71 28 29 92 22
41 77 74 72 89 48 28
61 29 24 24 66 9 39
20 36 75 24 66 9 72
65 4 36 34 29 33 25
52 4 0 79 1 4 5
90 0 15 68 32 10 32
14 32 45 13 90 77 66
38 73 84 9 45 49 44
50 84 71 7 63 73 21
11 13 87 86 62 79 49
91 44 19 78 26 29 20
14 32 45 12 41 21 25
54 57 30 81 81 13 29
70 38 34 41 77 74 55
39 39 58 8 36 71 13
80 91 24 3 62 57 43
6 8 65 24 66 9 80
19 16 50 8 36 71 29
12 41 21 27 14 23 27
87 71 5 37 67 73 68
66 13 74 71 15 79 5
56 70 76 15 26 23 68
56 70 76 41 77 74 7
87 71 5 69 63 64 59
52 4 0 11 13 87 87
83 52 70 44 88 33 51
69 63 64 25 1 24 73
37 67 73 28 29 92 42
48 25 71 13 90 77 65
74 91 55 35 77 33 26
2 85 55 56 70 76 25
12 41 21 20 36 75 54
31 83 2 11 13 87 110
67 65 36 77 52 1 37
91 44 19 16 52 75 56
44 88 33 51 17 19 72
89 41 48 61 29 24 26
27 14 23 68 32 10 22
4 35 6 67 65 36 42
57 64 70 38 73 84 16
93 27 44 31 83 2 70
68 32 10 69 63 64 62
63 93 58 67 65 36 35
78 26 29 0 27 15 14
10 59 30 85 87 43 30
93 27 44 83 52 70 36
40 77 17 38 73 84 67
17 65 31 27 14 23 51
78 26 29 29 81 9 58
16 52 75 10 59 30 45
1 9 57 56 70 76 63
19 16 50 81 81 13 74
46 9 71 43 61 70 52
23 21 43 18 75 47 54
29 81 9 85 87 43 34
85 87 43 61 29 24 61
8 36 71 55 49 10 62
39 39 58 19 16 50 24
70 38 34 59 21 70 39
58 56 5 14 32 45 46
53 54 87 86 62 79 11
42 11 51 74 91 55 80
25 1 24 77 52 1 55
42 11 51 81 81 13 79
27 14 23 1 9 57 34
59 21 70 26 83 64 62
75 6 0 63 93 58 104
41 77 74 90 0 15 97
67 65 36 3 62 57 21
26 83 64 69 63 64 20
77 52 1 63 93 58 70
45 17 55 37 67 73 53
42 11 51 56 70 76 64
24 66 9 30 89 4 23
19 16 50 55 49 10 51
50 84 71 87 71 5 67
42 11 51 90 0 15 37
13 90 77 5 64 43 42
29 81 9 52 4 0 77
38 73 84 46 9 71 65
63 93 58 1 9 57 84
7 63 73 10 59 30 43
66 13 74 79 1 4 71
7 63 73 45 17 55 49
42 11 51 72 89 48 78
36 12 72 30 89 4 102
83 52 70 8 36 71 16
89 41 48 88 3 22 46
24 66 9 5 64 43 34
13 90 77 69 63 64 29
16 52 75 8 36 71 16
35 77 33 32 89 2 33
37 67 73 13 90 77 23
66 13 74 83 52 70 39
81 81 13 57 64 70 59
25 1 24 76 22 84 63
83 52 70 51 17 19 61
64 83 64 51 17 19 79
77 52 1 64 83 64 70
45 17 55 23 21 43 12
92 52 73 40 77 17 61
47 37 49 92 52 73 28
74 91 55 18 75 47 17
73 84 11 17 65 31 27
47 37 49 73 84 11 60
84 25 80 82 66 25 68
31 83 2 55 49 10 34
48 25 71 34 29 33 38
19 16 50 90 0 15 38
66 13 74 33 56 9 77
85 87 43 36 12 72 80
17 65 31 66 13 74 67
38 73 84 31 83 2 82
93 27 44 2 85 55 59
81 81 13 49 18 52 74
26 83 64 44 88 33 31
63 93 58 73 84 11 47
54 57 30 88 3 22 54
85 87 43 9 45 49 42
42 11 51 62 81 79 75
78 26 29 45 17 55 27
54 57 30 14 32 45 29
14 32 45 47 37 49 6
77 52 1 39 39 58 58
34 29 33 27 14 23 18
84 25 80 57 64 70 40
13 90 77 33 56 9 76
88 3 22 71 15 79 58
27 14 23 43 61 70 66
82 66 25 71 15 79 74
6 8 65 16 52 75 45
53 54 87 59 21 70 37
56 70 76 68 32 10 76
93 27 44 89 41 48 14
61 29 24 15 26 23 3
13 90 77 42 11 51 83
32 89 2 6 8 65 102
86 62 79 5 64 43 36
71 15 79 55 49 10 76
75 6 0 18 75 47 83
40 77 17 56 70 76 59
93 27 44 26 83 64 59
58 56 5 77 52 1 5
40 77 17 35 77 33 16
12 41 21 13 90 77 74
13 90 77 7 63 73 27
12 41 21 67 65 36 28
60 63 67 13 90 77 28
39 39 58 6 8 65 31
14 32 45 69 63 64 36
84 25 80 41 77 74 52
27 14 23 35 77 33 63
43 61 70 13 90 77 29
50 84 71 52 4 0 106
90 0 15 10 59 30 60
89 41 48 50 84 71 48
14 32 45 3 62 57 32
58 56 5 84 25 80 81
21 92 27 15 26 23 66
81 81 13 17 65 31 24
50 84 71 90 0 15 100
89 41 48 71 15 79 40
59 21 70 93 27 44 26
54 57 30 10 59 30 2
7 63 73 93 27 44 46
72 89 48 70 38 34 52
36 12 72 59 21 70 9
24 66 9 40 77 17 13
43 61 70 21 92 27 53
56 70 76 28 29 92 44
36 12 72 20 36 75 24
92 52 73 67 65 36 39
55 49 10 7 63 73 64
46 9 71 41 77 74 68
27 14 23 91 44 19 30
64 83 64 33 56 9 61
68 32 10 51 17 19 17
82 66 25 69 63 64 39
79 1 4 21 92 27 93
62 81 79 43 61 70 21
31 83 2 58 56 5 27
19 16 50 91 44 19 41
68 32 10 3 62 57 55
89 41 48 35 77 33 39
10 59 30 22 75 36 17
61 29 24 88 3 22 26
66 13 74 37 67 73 54
35 77 33 91 44 19 35
24 66 9 56 70 76 67
93 27 44 45 17 55 14
33 56 9 82 66 25 18
32 89 2 65 4 36 91
81 81 13 20 36 75 76
5 64 43 52 4 0 73
58 56 5 16 52 75 70
6 8 65 35 77 33 76
66 13 74 60 63 67 50
84 25 80 89 41 48 35
47 37 49 19 16 50 21
28 29 92 21 92 27 90
11 13 87 64 83 64 73
77 52 1 90 0 15 53
0 27 15 14 32 45 30
54 57 30 8 36 71 46
38 73 84 67 65 36 48
22 75 36 63 93 58 28
51 17 19 13 90 77 93
34 29 33 35 77 33 48
26 83 64 62 81 79 15
17 65 31 93 27 44 40
64 83 64 79 1 4 101
2 85 55 57 64 70 25
85 87 43 23 21 43 66
13 90 77 72 89 48 29
43 61 70 89 41 48 29
84 25 80 20 36 75 12
3 62 57 21 92 27 42
76 22 84 14 32 45 40
36 12 72 33 56 9 76
17 65 31 56 70 76 45
42 11 51 58 56 5 64
32 89 2 58 56 5 33
38 73 84 81 81 13 71
13 90 77 80 91 24 53
12 41 21 73 84 11 44
22 75 36 19 16 50 60
52 4 0 70 38 34 48
74 91 55 21 92 27 28
13 90 77 50 84 71 8
10 59 30 19 16 50 47
78 26 29 64 83 64 66
23 21 43 78 26 29 14
73 84 11 76 22 84 95
34 29 33 85 87 43 58
31 83 2 83 52 70 74
68 32 10 43 61 70 66
32 89 2 13 90 77 75
48 25 71 81 81 13 80
60 63 67 31 83 2 68
28 29 92 49 18 52 41
74 91 55 0 27 15 75
60 63 67 45 17 55 47
66 13 74 34 29 33 44
43 61 70 73 84 11 63
90 0 15 48 25 71 61
34 29 33 22 75 36 46
74 91 55 85 87 43 12
67 65 36 45 17 55 51
40 77 17 93 27 44 56
5 64 43 74 91 55 29
80 91 24 61 29 24 62
6 8 65 76 22 84 23
38 73 84 86 62 79 12
90 0 15 36 12 72 58
39 39 58 72 89 48 50
7 63 73 18 75 47 28
2 85 55 72 89 48 8
49 18 52 14 32 45 15
17 65 31 55 49 10 26
86 62 79 59 21 70 41
44 88 33 25 1 24 87
3 62 57 16 52 75 20
90 0 15 32 89 2 89
31 83 2 74 91 55 53
67 65 36 30 89 4 40
29 81 9 15 26 23 56
21 92 27 54 57 30 35
84 25 80 53 54 87 29
69 63 64 74 91 55 29
9 45 49 43 61 70 26
77 52 1 20 36 75 75
17 65 31 91 44 19 24
79 1 4 56 70 76 99
45 17 55 28 29 92 38
80 91 24 18 75 47 28
14 32 45 56 70 76 49
75 6 0 73 84 11 78
25 1 24 17 65 31 64
90 0 15 13 90 77 109
22 75 36 58 56 5 36
50 84 71 61 29 24 72
20 36 75 70 38 34 41
38 73 84 80 91 24 62
71 15 79 46 9 71 10
9 45 49 34 29 33 22
46 9 71 25 1 24 47
33 56 9 23 21 43 48
53 54 87 30 89 4 90
16 52 75 84 25 80 27
64 83 64 23 21 43 65
84 25 80 10 59 30 60
15 26 23 52 4 0 31
39 39 58 25 1 24 50
83 52 70 47 37 49 25
92 52 73 5 64 43 32
93 27 44 8 36 71 28
79 1 4 53 54 87 98
62 81 79 35 77 33 46
88 3 22 27 14 23 11
78 26 29 27 14 23 13
52 4 0 84 25 80 82
11 13 87 12 41 21 71
32 89 2 16 52 75 81
8 36 71 81 81 13 73
84 25 80 4 35 6 74
56 70 76 19 16 50 59
38 73 84 75 6 0 107
38 73 84 12 41 21 70
15 26 23 26 83 64 70
35 77 33 77 52 1 40
69 63 64 79 1 4 86
46 9 71 10 59 30 64
93 27 44 51 17 19 26
73 84 11 88 3 22 81
65 4 36 76 22 84 51
26 83 64 17 65 31 37
39 39 58 31 83 2 71
35 77 33 30 89 4 31
79 1 4 50 84 71 106
18 75 47 38 73 84 37
39 39 58 24 66 9 55
75 6 0 83 52 70 83
11 13 87 29 81 9 103
81 81 13 76 22 84 92
3 62 57 23 21 43 43
4 35 6 15 26 23 19
54 57 30 23 21 43 38
7 63 73 89 41 48 33
72 89 48 74 91 55 7
15 26 23 37 67 73 64
42 11 51 50 84 71 75
84 25 80 77 52 1 83
19 16 50 57 64 70 52
83 52 70 20 36 75 16
11 13 87 48 25 71 20
12 41 21 83 52 70 50
12 41 21 57 64 70 54
67 65 36 31 83 2 38
4 35 6 65 4 36 43
10 59 30 32 89 2 41
70 38 34 29 81 9 49
84 25 80 18 75 47 59
50 84 71 35 77 33 38
59 21 70 21 92 27 83
63 93 58 76 22 84 75
28 29 92 76 22 84 10
31 83 2 70 38 34 55
16 52 75 36 12 72 40
42 11 51 68 32 10 46
74 91 55 15 26 23 72
27 14 23 61 29 24 15
31 83 2 65 4 36 86
76 22 84 62 81 79 59
68 32 10 15 26 23 14
58 56 5 20 36 75 72
82 66 25 24 66 9 16
41 77 74 29 81 9 65
55 49 10 22 75 36 36
26 83 64 9 45 49 40
23 21 43 17 65 31 45
27 14 23 5 64 43 53
59 21 70 69 63 64 42
42 11 51 2 85 55 74
14 32 45 86 62 79 45
49 18 52 46 9 71 21
33 56 9 16 52 75 66
82 66 25 26 83 64 42
7 63 73 44 88 33 47
91 44 19 73 84 11 40
31 83 2 36 12 72 99
40 77 17 55 49 10 28
28 29 92 14 32 45 47
84 25 80 48 25 71 9
46 9 71 29 81 9 95
78 26 29 19 16 50 23
89 41 48 24 66 9 46
72 89 48 31 83 2 46
5 64 43 43 61 70 27
20 36 75 38 73 84 38
11 13 87 2 85 55 78
4 35 6 46 9 71 70
76 22 84 90 0 15 72
51 17 19 76 22 84 65
50 84 71 68 32 10 80
48 25 71 2 85 55 62
62 81 79 72 89 48 32
62 81 79 88 3 22 96
40 77 17 6 8 65 84
23 21 43 93 27 44 6
83 52 70 49 18 52 38
18 75 47 85 87 43 12
74 91 55 4 35 6 74
63 93 58 21 92 27 31
56 70 76 34 29 33 59
25 1 24 9 45 49 50
47 37 49 79 1 4 57
55 49 10 54 57 30 21
61 29 24 87 71 5 46
65 4 36 13 90 77 95
14 32 45 20 36 75 30
24 66 9 59 21 70 75
17 65 31 53 54 87 57
17 65 31 10 59 30 6
91 44 19 77 52 1 19
38 73 84 0 27 15 82
75 6 0 0 27 15 25
89 41 48 34 29 33 19
70 38 34 15 26 23 16
4 35 6 12 41 21 16
82 66 25 61 29 24 37
10 59 30 78 26 29 33
29 81 9 43 61 70 64
43 61 70 78 26 29 53
30 89 4 92 52 73 78
90 0 15 34 29 33 34
57 64 70 58 56 5 65
90 0 15 31 83 2 84
12 41 21 59 21 70 52
69 63 64 2 85 55 23
21 92 27 6 8 65 92
16 52 75 67 65 36 41
68 32 10 60 63 67 64
70 38 34 47 37 49 15
42 11 51 65 4 36 16
50 84 71 57 64 70 20
15 26 23 11 13 87 65
47 37 49 28 29 92 43
16 52 75 68 32 10 68
67 65 36 93 27 44 38
11 13 87 82 66 25 81
70 38 34 18 75 47 39
51 17 19 31 83 2 68
73 84 11 2 85 55 44
76 22 84 61 29 24 60
18 75 47 33 56 9 42
93 27 44 21 92 27 67
50 84 71 31 83 2 69
1 9 57 72 89 48 80
85 87 43 32 89 2 41
58 56 5 40 77 17 24
33 56 9 25 1 24 57
72 89 48 14 32 45 57
47 37 49 10 59 30 29
54 57 30 78 26 29 31
83 52 70 62 81 79 30
90 0 15 26 83 64 96
29 81 9 33 56 9 25
71 15 79 36 12 72 7
3 62 57 49 18 52 44
32 89 2 77 52 1 37
20 36 75 90 0 15 69
82 66 25 93 27 44 43
93 27 44 39 39 58 18
69 63 64 17 65 31 33
91 44 19 38 73 84 71
18 75 47 47 37 49 38
77 52 1 47 37 49 50
16 52 75 70 38 34 43
1 9 57 58 56 5 70
71 15 79 87 71 5 92
8 36 71 34 29 33 38
64 83 64 83 52 70 31
41 77 74 79 1 4 103
19 16 50 32 89 2 87
33 56 9 27 14 23 44
79 1 4 84 25 80 79
44 88 33 70 38 34 50
84 25 80 0 27 15 65
20 36 75 53 54 87 21
60 63 67 19 16 50 49
54 57 30 17 65 31 8
70 38 34 86 62 79 51
65 4 36 28 29 92 61
77 52 1 73 84 11 33
31 83 2 30 89 4 6
53 54 87 33 56 9 78
79 1 4 61 29 24 34
84 25 80 74 91 55 70
51 17 19 9 45 49 41
54 57 30 80 91 24 34
37 67 73 57 64 70 4
42 11 51 51 17 19 32
87 71 5 67 65 36 31
45 17 55 21 92 27 80
73 84 11 61 29 24 56
78 26 29 20 36 75 47
65 4 36 66 13 74 39
77 52 1 62 81 79 83
64 83 64 60 63 67 20
7 63 73 2 85 55 28
31 83 2 56 70 76 75
7 63 73 76 22 84 42
39 39 58 79 1 4 66
80 91 24 81 81 13 14
90 0 15 83 52 70 75
36 12 72 25 1 24 49
50 84 71 36 12 72 72
61 29 24 30 89 4 63
70 38 34 38 73 84 61
66 13 74 4 35 6 71
22 75 36 68 32 10 50
79 1 4 81 81 13 80
19 16 50 2 85 55 69
9 45 49 11 13 87 49
72 89 48 4 35 6 68
62 81 79 78 26 29 74
72 89 48 81 81 13 35
70 38 34 23 21 43 19
62 81 79 65 4 36 88
59 21 70 84 25 80 10
47 37 49 6 8 65 33
91 44 19 31 83 2 42
27 14 23 74 91 55 83
7 63 73 30 89 4 73
15 26 23 69 63 64 55
73 84 11 41 77 74 63
51 17 19 0 27 15 10
78 26 29 72 89 48 65
2 85 55 26 83 64 9
60 63 67 80 91 24 51
16 52 75 38 73 84 22
0 27 15 70 38 34 21
85 87 43 72 89 48 5
29 81 9 63 93 58 50
72 89 48 30 89 4 44
29 81 9 30 89 4 9
23 21 43 60 63 67 48
79 1 4 35 77 33 81
11 13 87 23 21 43 44
31 83 2 41 77 74 72
73 84 11 68 32 10 52
69 63 64 45 17 55 46
73 84 11 82 66 25 22
72 89 48 36 12 72 80
8 36 71 63 93 58 58
52 4 0 60 63 67 89
22 75 36 42 11 51 65
4 35 6 47 37 49 43
17 65 31 35 77 33 12
23 21 43 43 61 70 48
19 16 50 40 77 17 69
93 27 44 37 67 73 49
44 88 33 13 90 77 44
59 21 70 80 91 24 83
70 38 34 26 83 64 54
84 25 80 15 26 23 57
33 56 9 62 81 79 74
31 83 2 63 93 58 56
59 21 70 14 32 45 27
67 65 36 33 56 9 28
19 16 50 77 52 1 60
28 29 92 36 12 72 26
72 89 48 54 57 30 36
44 88 33 3 62 57 35
28 29 92 53 54 87 25
39 39 58 92 52 73 19
14 32 45 23 21 43 11
44 88 33 79 1 4 91
90 0 15 4 35 6 36
91 44 19 28 29 92 74
16 52 75 74 91 55 43
62 81 79 15 26 23 78
41 77 74 52 4 0 103
21 92 27 17 65 31 27
52 4 0 7 63 73 93
51 17 19 48 25 71 52
38 73 84 93 27 44 60
26 83 64 20 36 75 48
6 8 65 85 87 43 82
25 1 24 1 9 57 33
69 63 64 76 22 84 45
90 0 15 44 88 33 89
57 64 70 69 63 64 6
65 4 36 90 0 15 21
70 38 34 19 16 50 27
71 15 79 20 36 75 21
46 9 71 60 63 67 54
5 64 43 49 18 52 46
65 4 36 84 25 80 48
56 70 76 87 71 5 71
56 70 76 21 92 27 53
13 90 77 30 89 4 73
87 71 5 2 85 55 51
92 52 73 11 13 87 41
93 27 44 87 71 5 58
65 4 36 47 37 49 35
73 84 11 57 64 70 62
64 83 64 43 61 70 22
12 41 21 90 0 15 41
63 93 58 89 41 48 52
77 52 1 71 15 79 86
88 3 22 64 83 64 90
80 91 24 25 1 24 90
16 52 75 53 54 87 12
34 29 33 74 91 55 65
8 36 71 73 84 11 76
29 81 9 69 63 64 57
3 62 57 46 9 71 54
29 81 9 82 66 25 21
51 17 19 12 41 21 24
20 36 75 40 77 17 71
9 45 49 33 56 9 41
0 27 15 29 81 9 54
13 90 77 89 41 48 56
87 71 5 15 26 23 48
28 29 92 24 66 9 90
66 13 74 41 77 74 64
7 63 73 33 56 9 64
50 84 71 49 18 52 68
89 41 48 44 88 33 49
16 52 75 12 41 21 55
85 87 43 69 63 64 31
31 83 2 71 15 79 102
86 62 79 57 64 70 9
1 9 57 19 16 50 9
70 38 34 61 29 24 13
77 52 1 27 14 23 43
12 41 21 56 70 76 62
60 63 67 78 26 29 53
7 63 73 90 0 15 85
43 61 70 60 63 67 3
43 61 70 2 85 55 28
16 52 75 75 6 0 87
71 15 79 56 70 76 55
15 26 23 22 75 36 50
86 62 79 19 16 50 54
75 6 0 68 32 10 27
80 91 24 67 65 36 28
42 11 51 87 71 5 75
14 32 45 89 41 48 9
49 18 52 67 65 36 49
43 61 70 14 32 45 38
9 45 49 14 32 45 13
82 66 25 46 9 71 73
88 3 22 81 81 13 78
18 75 47 16 52 75 36
65 4 36 20 36 75 50
45 17 55 4 35 6 52
73 84 11 6 8 65 93
31 83 2 20 36 75 86
11 13 87 59 21 70 18
92 52 73 80 91 24 62
35 77 33 87 71 5 28
18 75 47 63 93 58 21
36 12 72 22 75 36 72
3 62 57 92 52 73 18
91 44 19 87 71 5 30
14 32 45 21 92 27 62
81 81 13 30 89 4 12
50 84 71 51 17 19 84
37 67 73 25 1 24 82
75 6 0 21 92 27 90
92 52 73 12 41 21 53
51 17 19 47 37 49 36
85 87 43 81 81 13 30
73 84 11 13 90 77 66
44 88 33 34 29 33 59
31 83 2 76 22 84 102
80 91 24 20 36 75 75
72 89 48 56 70 76 33
63 93 58 50 84 71 15
65 4 36 59 21 70 38
82 66 25 67 65 36 11
52 4 0 92 52 73 87
73 84 11 84 25 80 90
50 84 71 27 14 23 84
1 9 57 53 54 87 54
10 59 30 8 36 71 47
84 25 80 42 11 51 32
38 73 84 1 9 57 69
42 11 51 78 26 29 26
30 89 4 54 57 30 41
3 62 57 72 89 48 28
4 35 6 36 12 72 69
19 16 50 83 52 70 41
15 26 23 12 41 21 15
18 75 47 1 9 57 66
2 85 55 46 9 71 77
6 8 65 65 4 36 29
3 62 57 30 89 4 59
78 26 29 67 65 36 39
3 62 57 91 44 19 42
70 38 34 28 29 92 58
74 91 55 38 73 84 34
75 6 0 14 32 45 51
51 17 19 26 83 64 79
58 56 5 55 49 10 8
76 22 84 53 54 87 32
87 71 5 46 9 71 90
20 36 75 43 61 70 25
91 44 19 12 41 21 3
25 1 24 89 41 48 46
67 65 36 11 13 87 72
91 44 19 66 13 74 63
2 85 55 38 73 84 31
6 8 65 67 65 36 63
78 26 29 48 25 71 42
41 77 74 76 22 84 55
1 9 57 83 52 70 44
80 91 24 17 65 31 26
70 38 34 3 62 57 33
18 75 47 69 63 64 20
63 93 58 52 4 0 106
84 25 80 46 9 71 18
0 27 15 39 39 58 44
2 85 55 21 92 27 28
27 14 23 2 85 55 77
58 56 5 50 84 71 71
21 92 27 73 84 11 17
1 9 57 85 87 43 79
41 77 74 18 75 47 27
5 64 43 77 52 1 43
68 32 10 82 66 25 37
32 89 2 93 27 44 74
45 17 55 55 49 10 55
46 9 71 37 67 73 58
27 14 23 70 38 34 26
91 44 19 14 32 45 28
40 77 17 68 32 10 45
16 52 75 60 63 67 13
17 65 31 20 36 75 52
90 0 15 70 38 34 42
82 66 25 79 1 4 68
39 39 58 49 18 52 21
52 4 0 26 83 64 101
24 66 9 36 12 72 82
72 89 48 66 13 74 80
21 92 27 86 62 79 60
59 21 70 33 56 9 70
27 14 23 71 15 79 56
21 92 27 11 13 87 99
9 45 49 68 32 10 41
80 91 24 2 85 55 31
31 83 2 53 54 87 89
4 35 6 31 83 2 48
1 9 57 81 81 13 84
16 52 75 9 45 49 26
86 62 79 68 32 10 75
1 9 57 22 75 36 69
76 22 84 55 49 10 78
45 17 55 27 14 23 32
80 91 24 0 27 15 64
69 63 64 7 63 73 9
69 63 64 51 17 19 64
15 26 23 13 90 77 83
74 91 55 51 17 19 82
21 92 27 87 71 5 30
60 63 67 49 18 52 47
86 62 79 56 70 76 8
24 66 9 33 56 9 10
19 16 50 12 41 21 38
74 91 55 66 13 74 80
49 18 52 33 56 9 57
8 36 71 69 63 64 27
76 22 84 11 13 87 9
37 67 73 56 70 76 4
81 81 13 0 27 15 54
42 11 51 10 59 30 52
89 41 48 29 81 9 55
43 61 70 12 41 21 52
50 84 71 1 9 57 76
60 63 67 15 26 23 57
63 93 58 59 21 70 72
29 81 9 5 64 43 38
74 91 55 67 65 36 32
47 37 49 7 63 73 35
81 81 13 74 91 55 43
25 1 24 68 32 10 34
71 15 79 13 90 77 75
33 56 9 2 85 55 54
76 22 84 80 91 24 91
87 71 5 11 13 87 100
6 8 65 75 6 0 65
4 35 6 1 9 57 57
49 18 52 66 13 74 22
77 52 1 56 70 76 77
24 66 9 71 15 79 86
18 75 47 17 65 31 18
54 57 30 16 52 75 45
13 90 77 61 29 24 80
12 41 21 52 4 0 42
90 0 15 6 8 65 50
27 14 23 40 77 17 63
9 45 49 22 75 36 32
27 14 23 32 89 2 77
9 45 49 23 21 43 24
92 52 73 1 9 57 45
22 75 36 93 27 44 48
68 32 10 63 93 58 77
62 81 79 17 65 31 50
46 9 71 36 12 72 3
63 93 58 93 27 44 67
26 83 64 6 8 65 75
72 89 48 26 83 64 17
28 29 92 44 88 33 83
86 62 79 31 83 2 79
46 9 71 53 54 87 47
24 66 9 18 75 47 39
47 37 49 67 65 36 30
75 6 0 30 89 4 83
84 25 80 55 49 10 74
85 87 43 87 71 5 41
64 83 64 66 13 74 70
54 57 30 64 83 64 42
14 32 45 66 13 74 34
83 52 70 4 35 6 66
91 44 19 10 59 30 18
61 29 24 86 62 79 64
88 3 22 65 4 36 14
58 56 5 29 81 9 25
62 81 79 74 91 55 26
86 62 79 2 85 55 33
89 41 48 17 65 31 29
6 8 65 29 81 9 92
7 63 73 66 13 74 50
42 11 51 69 63 64 53
30 89 4 78 26 29 67
78 26 29 84 25 80 51
77 52 1 17 65 31 32
9 45 49 63 93 58 48
8 36 71 4 35 6 65
67 65 36 21 92 27 28
63 93 58 35 77 33 29
85 87 43 41 77 74 32
9 45 49 24 66 9 45
15 26 23 20 36 75 52
80 91 24 73 84 11 14
26 83 64 36 12 72 71
60 63 67 17 65 31 36
76 22 84 23 21 43 41
28 29 92 58 56 5 91
70 38 34 46 9 71 47
79 1 4 19 16 50 48
88 3 22 90 0 15 7
76 22 84 70 38 34 52
82 66 25 2 85 55 35
85 87 43 80 91 24 19
40 77 17 50 84 71 54
31 83 2 49 18 52 82
1 9 57 13 90 77 83
28 29 92 89 41 48 45
30 89 4 14 32 45 70
81 81 13 16 52 75 68
63 93 58 65 4 36 91
64 83 64 58 56 5 64
15 26 23 91 44 19 18
51 17 19 55 49 10 33
50 84 71 91 44 19 65
74 91 55 43 61 70 33
40 77 17 77 52 1 29
73 84 11 65 4 36 83
83 52 70 85 87 43 44
44 88 33 88 3 22 85
14 32 45 33 56 9 43
65 4 36 27 14 23 16
77 52 1 57 64 70 70
60 63 67 7 63 73 6
12 41 21 60 63 67 50
51 17 19 28 29 92 73
7 63 73 23 21 43 51
40 77 17 39 39 58 55
28 29 92 71 15 79 19
57 64 70 92 52 73 12
15 26 23 35 77 33 51
92 52 73 78 26 29 51
32 89 2 60 63 67 70
81 81 13 24 66 9 15
77 52 1 34 29 33 39
20 36 75 9 45 49 27
24 66 9 38 73 84 75
54 57 30 28 29 92 68
6 8 65 43 61 70 53
30 89 4 4 35 6 54
18 75 47 3 62 57 16
46 9 71 69 63 64 54
30 89 4 49 18 52 85
41 77 74 25 1 24 90
30 89 4 9 45 49 62
59 21 70 13 90 77 69
10 59 30 51 17 19 43
75 6 0 82 66 25 65
21 92 27 8 36 71 71
20 36 75 73 84 11 80
68 32 10 19 16 50 43
23 21 43 29 81 9 68
82 66 25 89 41 48 33
5 64 43 22 75 36 13
86 62 79 39 39 58 31
79 1 4 60 63 67 88
91 44 19 71 15 79 66
71 15 79 16 52 75 37
15 26 23 58 56 5 34
56 70 76 22 75 36 40
51 17 19 15 26 23 9
0 27 15 72 89 48 70
88 3 22 51 17 19 14
23 21 43 39 39 58 23
43 61 70 41 77 74 16
0 27 15 33 56 9 29
5 64 43 62 81 79 39
21 92 27 90 0 15 92
69 63 64 27 14 23 63
36 12 72 82 66 25 71
36 12 72 84 25 80 15
67 65 36 20 36 75 48
8 36 71 13 90 77 54
12 41 21 46 9 71 59
46 9 71 20 36 75 27
26 83 64 65 4 36 83
39 39 58 34 29 33 26
89 41 48 86 62 79 37
19 16 50 89 41 48 25
61 29 24 6 8 65 46
63 93 58 26 83 64 11
90 0 15 60 63 67 81
48 25 71 82 66 25 61
87 71 5 31 83 2 12
55 49 10 89 41 48 38
49 18 52 19 16 50 2
74 91 55 82 66 25 39
73 84 11 22 75 36 26
70 38 34 60 63 67 41
66 13 74 3 62 57 51
20 36 75 44 88 33 66
65 4 36 46 9 71 35
56 70 76 84 25 80 45
23 21 43 32 89 2 79
84 25 80 38 73 84 48
17 65 31 45 17 55 53
26 83 64 57 64 70 19
86 62 79 22 75 36 44
80 91 24 52 4 0 90
62 81 79 53 54 87 28
47 37 49 13 90 77 59
42 11 51 37 67 73 60
29 81 9 59 21 70 85
38 73 84 69 63 64 22
85 87 43 70 38 34 49
87 71 5 14 32 45 55
27 14 23 80 91 24 77
35 77 33 31 83 2 31
34 29 33 80 91 24 62
8 36 71 68 32 10 61
42 11 51 80 91 24 84
45 17 55 38 73 84 63
34 29 33 7 63 73 52
72 89 48 55 49 10 55
63 93 58 34 29 33 68
47 37 49 55 49 10 40
53 54 87 23 21 43 55
36 12 72 83 52 70 40
14 32 45 65 4 36 29
8 36 71 33 56 9 65
44 88 33 91 44 19 46
4 35 6 61 29 24 18
79 1 4 70 38 34 47
47 37 49 72 89 48 52
32 89 2 89 41 48 66
27 14 23 86 62 79 73
56 70 76 27 14 23 77
34 29 33 45 17 55 25
56 70 76 70 38 34 52
51 17 19 79 1 4 21
21 92 27 66 13 74 91
15 26 23 44 88 33 62
68 32 10 91 44 19 15
26 83 64 4 35 6 75
27 14 23 87 71 5 59
25 1 24 70 38 34 38
44 88 33 64 83 64 31
46 9 71 47 37 49 35
15 26 23 85 87 43 64
52 4 0 71 15 79 79
69 63 64 80 91 24 48
88 3 22 67 65 36 63
91 44 19 48 25 71 55
13 90 77 26 83 64 14
53 54 87 56 70 76 19
87 71 5 18 75 47 42
18 75 47 36 12 72 67
84 25 80 11 13 87 13
73 84 11 44 88 33 22
56 70 76 26 83 64 17
70 38 34 33 56 9 30
46 9 71 59 21 70 12
26 83 64 92 52 73 32
40 77 17 8 36 71 67
66 13 74 89 41 48 38
24 66 9 26 83 64 57
58 56 5 7 63 73 68
76 22 84 17 65 31 68
58 56 5 34 29 33 38
54 57 30 58 56 5 25
46 9 71 79 1 4 67
42 11 51 79 1 4 48
54 57 30 5 64 43 14
21 92 27 1 9 57 88
78 26 29 11 13 87 59
74 91 55 36 12 72 80
31 83 2 3 62 57 58
22 75 36 74 91 55 24
24 66 9 22 75 36 28
18 75 47 28 29 92 64
84 25 80 49 18 52 28
75 6 0 87 71 5 65
8 36 71 29 81 9 76
20 36 75 30 89 4 88
72 89 48 61 29 24 64
14 32 45 11 13 87 46
46 9 71 93 27 44 32
52 4 0 85 87 43 93
66 13 74 62 81 79 68
64 83 64 15 26 23 70
12 41 21 36 12 72 58
11 13 87 75 6 0 87
41 77 74 39 39 58 41
61 29 24 17 65 31 36
85 87 43 63 93 58 16
13 90 77 70 38 34 67
21 92 27 34 29 33 63
10 59 30 63 93 58 44
88 3 22 4 35 6 35
3 62 57 76 22 84 48
53 54 87 13 90 77 37
5 64 43 12 41 21 31
53 54 87 91 44 19 68
38 73 84 7 63 73 14
56 70 76 43 61 70 10
35 77 33 48 25 71 64
81 81 13 10 59 30 27
15 26 23 88 3 22 23
55 49 10 9 45 49 39
5 64 43 63 93 58 32
91 44 19 26 83 64 59
79 1 4 49 18 52 50
25 1 24 87 71 5 72
13 90 77 46 9 71 81
0 27 15 43 61 70 64
21 92 27 72 89 48 21
11 13 87 36 12 72 15
40 77 17 32 89 2 19
84 25 80 3 62 57 43
56 70 76 8 36 71 34
62 81 79 70 38 34 62
70 38 34 35 77 33 39
11 13 87 33 56 9 89
81 81 13 21 92 27 17
88 3 22 0 27 15 25
11 13 87 70 38 34 58
46 9 71 18 75 47 70
51 17 19 25 1 24 16
49 18 52 45 17 55 3
83 52 70 33 56 9 61
50 84 71 64 83 64 7
65 4 36 71 15 79 44
90 0 15 64 83 64 96
20 36 75 13 90 77 54
34 29 33 57 64 70 50
36 12 72 61 29 24 50
8 36 71 85 87 43 58
51 17 19 71 15 79 60
73 84 11 14 32 45 62
93 27 44 88 3 22 32
79 1 4 59 21 70 68
32 89 2 30 89 4 2
22 75 36 79 1 4 80
23 21 43 49 18 52 9
22 75 36 50 84 71 36
43 61 70 61 29 24 56
86 62 79 0 27 15 72
66 13 74 93 27 44 33
4 35 6 43 61 70 69
0 27 15 37 67 73 70
91 44 19 52 4 0 44
46 9 71 72 89 48 83
73 84 11 19 16 50 78
32 89 2 24 66 9 24
68 32 10 85 87 43 64
36 12 72 86 62 79 50
26 83 64 83 52 70 31
8 36 71 57 64 70 28
0 27 15 31 83 2 57
89 41 48 78 26 29 24
50 84 71 81 81 13 58
29 81 9 48 25 71 83
93 27 44 48 25 71 27
52 4 0 75 6 0 2
47 37 49 52 4 0 59
33 56 9 87 71 5 15
85 87 43 11 13 87 86
51 17 19 24 66 9 50
52 4 0 57 64 70 92
50 84 71 76 22 84 63
72 89 48 79 1 4 98
43 61 70 83 52 70 9
45 17 55 36 12 72 17
32 89 2 83 52 70 77
0 27 15 36 12 72 58
66 13 74 25 1 24 51
37 67 73 84 25 80 42
68 32 10 12 41 21 14
66 13 74 67 65 36 64
63 93 58 11 13 87 85
78 26 29 80 91 24 65
2 85 55 23 21 43 65
11 13 87 30 89 4 112
56 70 76 36 12 72 58
47 37 49 36 12 72 33
5 64 43 68 32 10 45
84 25 80 1 9 57 28
18 75 47 67 65 36 14
82 66 25 80 91 24 25
69 63 64 60 63 67 3
93 27 44 57 64 70 45
52 4 0 74 91 55 102
89 41 48 76 22 84 40
56 70 76 50 84 71 14
7 63 73 37 67 73 4
33 56 9 37 67 73 64
33 56 9 89 41 48 41
13 90 77 40 77 17 61
57 64 70 6 8 65 56
50 84 71 21 92 27 44
72 89 48 84 25 80 71
45 17 55 41 77 74 62
75 6 0 26 83 64 100
79 1 4 17 65 31 69
28 29 92 12 41 21 72
83 52 70 78 26 29 48
77 52 1 92 52 73 72
65 4 36 30 89 4 90
40 77 17 10 59 30 22
64 83 64 5 64 43 28
55 49 10 0 27 15 22
53 54 87 25 1 24 82
44 88 33 71 15 79 86
37 67 73 70 38 34 48
75 6 0 49 18 52 53
93 27 44 85 87 43 60
37 67 73 39 39 58 31
89 41 48 49 18 52 23
35 77 33 83 52 70 44
65 4 36 61 29 24 27
61 29 24 1 9 57 38
88 3 22 52 4 0 22
34 29 33 42 11 51 25
80 91 24 7 63 73 56
33 56 9 4 35 6 21
38 73 84 11 13 87 60
62 81 79 51 17 19 87
52 4 0 17 65 31 68
72 89 48 93 27 44 62
24 66 9 80 91 24 29
45 17 55 10 59 30 48
69 63 64 9 45 49 23
7 63 73 78 26 29 57
76 22 84 46 9 71 18
85 87 43 27 14 23 75
92 52 73 29 81 9 70
58 56 5 85 87 43 49
71 15 79 12 41 21 63
75 6 0 67 65 36 69
15 26 23 59 21 70 47
49 18 52 16 52 75 41
39 39 58 10 59 30 34
92 52 73 32 89 2 80
14 32 45 68 32 10 35
21 92 27 55 49 10 46
91 44 19 86 62 79 62
82 66 25 1 9 57 65
8 36 71 65 4 36 47
48 25 71 7 63 73 38
93 27 44 28 29 92 48
86 62 79 46 9 71 53
88 3 22 46 9 71 49
6 8 65 68 32 10 60
2 85 55 0 27 15 70
37 67 73 40 77 17 56
16 52 75 92 52 73 2
84 25 80 63 93 58 71
57 64 70 61 29 24 57
13 90 77 18 75 47 33
5 64 43 41 77 74 33
74 91 55 11 13 87 84
47 37 49 82 66 25 37
52 4 0 61 29 24 34
8 36 71 25 1 24 58
54 57 30 71 15 79 64
64 83 64 56 70 76 17
24 66 9 25 1 24 66
60 63 67 53 54 87 21
82 66 25 50 84 71 49
38 73 84 23 21 43 66
4 35 6 48 25 71 65
75 6 0 37 67 73 95
41 77 74 64 83 64 11
69 63 64 12 41 21 48
76 22 84 71 15 79 8
58 56 5 36 12 72 80
92 52 73 13 90 77 38
20 36 75 48 25 71 11
88 3 22 14 32 45 37
68 32 10 59 21 70 61
25 1 24 55 49 10 50
20 36 75 2 85 55 52
80 91 24 86 62 79 62
26 83 64 89 41 48 44
48 25 71 38 73 84 49
4 35 6 63 93 58 77
11 13 87 27 14 23 64
88 3 22 76 22 84 64
20 36 75 49 18 52 29
68 32 10 87 71 5 39
8 36 71 31 83 2 83
29 81 9 14 32 45 60
7 63 73 19 16 50 52
2 85 55 9 45 49 40
79 1 4 9 45 49 62
35 77 33 42 11 51 68
55 49 10 79 1 4 48
86 62 79 4 35 6 77
89 41 48 85 87 43 46
93 27 44 49 18 52 12
33 56 9 3 62 57 48
17 65 31 14 32 45 35
64 83 64 82 66 25 42
55 49 10 80 91 24 44
15 26 23 38 73 84 77
3 62 57 9 45 49 18
21 92 27 47 37 49 59
85 87 43 75 6 0 91
85 87 43 73 84 11 32
27 14 23 42 11 51 28
92 52 73 71 15 79 37
11 13 87 28 29 92 16
41 77 74 89 41 48 44
46 9 71 17 65 31 68
25 1 24 57 64 70 78
90 0 15 74 91 55 99
29 81 9 75 6 0 75
76 22 84 64 83 64 64
36 12 72 64 83 64 71
12 41 21 82 66 25 25
29 81 9 91 44 19 38
50 84 71 18 75 47 25
33 56 9 69 63 64 55
25 1 24 54 57 30 56
29 81 9 73 84 11 3
31 83 2 21 92 27 26
58 56 5 33 56 9 4
38 73 84 71 15 79 58
86 62 79 12 41 21 61
56 70 76 52 4 0 100
1 9 57 29 81 9 86
18 75 47 22 75 36 11
24 66 9 70 38 34 37
19 16 50 87 71 5 71
4 35 6 0 27 15 12
25 1 24 75 6 0 24
62 81 79 41 77 74 6
76 22 84 16 52 75 31
71 15 79 5 64 43 60
71 15 79 39 39 58 31
84 25 80 13 90 77 65
20 36 75 59 21 70 15
8 36 71 50 84 71 48
17 65 31 29 81 9 27
7 63 73 79 1 4 92
47 37 49 59 21 70 26
39 39 58 22 75 36 42
71 15 79 90 0 15 65
62 81 79 82 66 25 56
0 27 15 58 56 5 30
36 12 72 70 38 34 46
32 89 2 7 63 73 75
61 29 24 20 36 75 51
64 83 64 0 27 15 74
33 56 9 35 77 33 31
35 77 33 19 16 50 63
45 17 55 3 62 57 45
85 87 43 7 63 73 38
25 1 24 73 84 11 84
32 89 2 33 56 9 33
10 59 30 89 41 48 25
34 29 33 16 52 75 47
25 1 24 71 15 79 56
29 81 9 67 65 36 31
44 88 33 21 92 27 7
18 75 47 5 64 43 11
65 4 36 16 52 75 61
47 37 49 40 77 17 51
88 3 22 26 83 64 90
81 81 13 89 41 48 53
42 11 51 23 21 43 12
5 64 43 57 64 70 27
13 90 77 3 62 57 34
3 62 57 79 1 4 80
51 17 19 4 35 6 22
46 9 71 15 26 23 50
85 87 43 3 62 57 28
78 26 29 71 15 79 51
34 29 33 24 66 9 44
26 83 64 66 13 74 70
37 67 73 65 4 36 73
61 29 24 69 63 64 52
26 83 64 10 59 30 41
35 77 33 81 81 13 20
83 52 70 0 27 15 60
41 77 74 12 41 21 64
5 64 43 40 77 17 29
90 0 15 91 44 19 44
88 3 22 66 13 74 52
74 91 55 9 45 49 46
69 63 64 11 13 87 55
87 71 5 65 4 36 73
83 52 70 28 29 92 31
37 67 73 5 64 43 30
73 84 11 10 59 30 31
30 89 4 86 62 79 79
16 52 75 30 89 4 80
65 4 36 10 59 30 55
82 66 25 22 75 36 14
37 67 73 73 84 11 64
14 32 45 42 11 51 21
63 93 58 61 29 24 72
26 83 64 1 9 57 74
6 8 65 48 25 71 18
65 4 36 24 66 9 67
8 36 71 59 21 70 15
77 52 1 41 77 74 77
76 22 84 42 11 51 34
40 77 17 89 41 48 47
70 38 34 54 57 30 19
57 64 70 33 56 9 61
4 35 6 19 16 50 47
11 13 87 8 36 71 28
5 64 43 34 29 33 36
47 37 49 24 66 9 49
21 92 27 16 52 75 62
42 11 51 12 41 21 42
45 17 55 31 83 2 84
92 52 73 17 65 31 43
36 12 72 15 26 23 50
37 67 73 32 89 2 74
73 84 11 45 17 55 80
26 83 64 22 75 36 29
56 70 76 23 21 43 59
23 21 43 35 77 33 56
2 85 55 88 3 22 88
18 75 47 48 25 71 55
2 85 55 32 89 2 53
67 65 36 14 32 45 34
85 87 43 67 65 36 23
83 52 70 84 25 80 28
78 26 29 38 73 84 72
57 64 70 53 54 87 19
56 70 76 47 37 49 42
17 65 31 43 61 70 39
7 63 73 77 52 1 72
57 64 70 76 22 84 44
8 36 71 89 41 48 23
39 39 58 48 25 71 19
32 89 2 0 27 15 63
26 83 64 8 36 71 47
24 66 9 21 92 27 31
47 37 49 53 54 87 41
25 1 24 18 75 47 77
39 39 58 74 91 55 52
51 17 19 77 52 1 39
22 75 36 85 87 43 13
58 56 5 62 81 79 78
7 63 73 4 35 6 72
15 26 23 55 49 10 26
46 9 71 73 84 11 96
46 9 71 57 64 70 55
58 56 5 56 70 76 72
33 56 9 30 89 4 33
42 11 51 26 83 64 73
31 83 2 34 29 33 62
15 26 23 25 1 24 25
19 16 50 82 66 25 55
7 63 73 75 6 0 92
44 88 33 38 73 84 53
69 63 64 19 16 50 49
35 77 33 59 21 70 67
29 81 9 86 62 79 72
13 90 77 57 64 70 26
23 21 43 87 71 5 62
79 1 4 8 36 71 75
20 36 75 33 56 9 68
27 14 23 6 8 65 42
15 26 23 57 64 70 60
62 81 79 80 91 24 55
7 63 73 27 14 23 70
70 38 34 34 29 33 9
37 67 73 43 61 70 6
50 84 71 69 63 64 22
64 83 64 24 66 9 57
78 26 29 55 49 10 29
3 62 57 55 49 10 48
75 6 0 78 26 29 35
81 81 13 45 17 55 76
38 73 84 34 29 33 67
10 59 30 77 52 1 29
40 77 17 72 89 48 33
81 81 13 5 64 43 34
1 9 57 76 22 84 29
2 85 55 16 52 75 38
23 21 43 71 15 79 36
0 27 15 82 66 25 40
68 32 10 53 54 87 80
42 11 51 57 64 70 56
35 77 33 90 0 15 79
70 38 34 67 65 36 27
49 18 52 9 45 49 27
31 83 2 14 32 45 66
58 56 5 24 66 9 10
82 66 25 66 13 74 72
85 87 43 46 9 71 82
36 12 72 60 63 67 51
51 17 19 61 29 24 13
1 9 57 73 84 11 87
44 88 33 2 85 55 22
72 89 48 86 62 79 41
3 62 57 22 75 36 24
18 75 47 64 83 64 18
22 75 36 62 81 79 43
69 63 64 43 61 70 6
85 87 43 88 3 22 86
52 4 0 34 29 33 41
28 29 92 26 83 64 60
84 25 80 21 92 27 85
15 26 23 47 37 49 28
88 3 22 34 29 33 28
7 63 73 3 62 57 16
26 83 64 73 84 11 53
62 81 79 38 73 84 9
73 84 11 4 35 6 49
58 56 5 88 3 22 55
10 59 30 33 56 9 21
9 45 49 7 63 73 30
43 61 70 65 4 36 66
93 27 44 55 49 10 40
13 90 77 24 66 9 72
70 38 34 57 64 70 44
76 22 84 0 27 15 69
34 29 33 54 57 30 28
66 13 74 46 9 71 5
75 6 0 2 85 55 96
41 77 74 17 65 31 44
55 49 10 92 52 73 63
19 16 50 75 6 0 50
13 90 77 29 81 9 68
61 29 24 9 45 49 29
20 36 75 28 29 92 18
83 52 70 82 66 25 47
40 77 17 0 27 15 50
17 65 31 63 93 58 38
76 22 84 27 14 23 61
84 25 80 76 22 84 5
46 9 71 67 65 36 66
40 77 17 79 1 4 77
65 4 36 41 77 74 82
51 17 19 33 56 9 40
3 62 57 11 13 87 57
90 0 15 56 70 76 92
82 66 25 10 59 30 8
62 81 79 3 62 57 29
42 11 51 11 13 87 36
68 32 10 37 67 73 72
72 89 48 90 0 15 94
2 85 55 83 52 70 36
78 26 29 49 18 52 24
23 21 43 68 32 10 34
81 81 13 92 52 73 66
12 41 21 8 36 71 50
87 71 5 88 3 22 70
78 26 29 40 77 17 52
43 61 70 53 54 87 18
15 26 23 19 16 50 28
30 89 4 85 87 43 39
86 62 79 77 52 1 78
8 36 71 70 38 34 37
68 32 10 1 9 57 52
53 54 87 19 16 50 53
24 66 9 12 41 21 27
36 12 72 44 88 33 85
75 6 0 64 83 64 100
65 4 36 35 77 33 73
25 1 24 23 21 43 27
22 75 36 83 52 70 41
36 12 72 54 57 30 61
79 1 4 10 59 30 63
44 88 33 75 6 0 88
47 37 49 66 13 74 34
87 71 5 48 25 71 80
53 54 87 18 75 47 45
78 26 29 13 90 77 80
33 56 9 47 37 49 44
12 41 21 77 52 1 22
0 27 15 7 63 73 68
30 89 4 8 36 71 85
24 66 9 2 85 55 49
22 75 36 23 21 43 54
60 63 67 71 15 79 49
67 65 36 28 29 92 66
44 88 33 86 62 79 52
54 57 30 13 90 77 57
71 15 79 63 93 58 80
71 15 79 41 77 74 62
60 63 67 44 88 33 42
9 45 49 80 91 24 52