54 1431
42 13 53 26 11 28 25
40 26 23 21 22 28 6
31 10 36 42 13 53 17
9 25 32 3 35 17 18
8 35 45 29 12 7 44
52 37 14 48 13 27 27
32 30 50 29 12 7 46
44 15 16 33 46 41 39
2 0 19 7 24 10 25
18 52 34 31 10 36 42
16 29 11 10 15 4 15
20 19 37 40 26 23 15
43 26 17 24 14 18 12
9 25 32 16 29 11 21
7 24 10 6 36 2 14
40 26 23 37 7 39 24
47 17 35 21 22 28 8
11 48 7 16 29 11 19
39 19 18 0 38 18 19
28 44 34 50 8 15 40
12 26 6 46 25 17 11
2 0 19 47 17 35 23
48 13 27 16 29 11 22
52 37 14 27 42 1 13
47 17 35 41 16 48 13
2 0 19 6 36 2 39
13 21 19 42 13 53 34
0 38 18 43 26 17 12
31 10 36 45 9 7 29
13 21 19 8 35 45 29
0 38 18 51 33 50 32
28 44 34 1 2 21 43
45 9 7 24 14 18 12
24 14 18 52 37 14 23
9 25 32 24 14 18 17
3 35 17 25 51 31 21
25 51 31 30 44 18 14
0 38 18 52 37 14 4
2 0 19 19 18 1 25
45 9 7 49 25 5 16
40 26 23 50 8 15 19
11 48 7 13 21 19 29
24 14 18 3 35 17 21
30 44 18 44 15 16 29
30 44 18 10 15 4 32
17 0 11 43 26 17 26
38 32 37 17 0 11 41
36 15 14 33 46 41 41
22 47 11 41 16 48 48
43 26 17 35 29 24 7
43 26 17 30 44 18 18
35 29 24 41 16 48 27
18 52 34 35 29 24 25
8 35 45 53 47 6 40
50 8 15 5 37 43 40
43 26 17 5 37 43 28
48 13 27 47 17 35 8
42 13 53 7 24 10 44
2 0 19 41 16 48 33
14 25 9 2 0 19 26
48 13 27 14 25 9 21
26 11 28 38 32 37 22
35 29 24 44 15 16 16
44 15 16 22 47 11 32
52 37 14 19 18 1 23
8 35 45 33 46 41 11
30 44 18 48 13 27 32
4 14 53 12 26 6 48
51 33 50 17 0 11 51
28 44 34 43 26 17 24
53 47 6 29 12 7 35
42 13 53 47 17 35 18
46 25 17 9 25 32 15
30 44 18 40 26 23 18
34 8 23 14 25 9 22
7 24 10 24 14 18 12
47 17 35 10 15 4 31
26 11 28 18 52 34 41
21 22 28 44 15 16 13
29 12 7 44 15 16 9
32 30 50 15 27 14 36
23 10 37 10 15 4 33
40 26 23 36 15 14 14
18 52 34 5 37 43 17
22 47 11 3 35 17 13
19 18 1 36 15 14 13
5 37 43 9 25 32 16
14 25 9 44 15 16 12
51 33 50 20 19 37 19
29 12 7 40 26 23 21
12 26 6 5 37 43 38
53 47 6 22 47 11 5
15 27 14 21 22 28 14
42 13 53 27 42 1 59
47 17 35 9 25 32 8
25 51 31 10 15 4 45
51 33 50 25 51 31 26
0 38 18 45 9 7 31
43 26 17 13 21 19 5
0 38 18 30 44 18 6
23 10 37 25 51 31 41
38 32 37 22 47 11 30
17 0 11 27 42 1 43
4 14 53 21 22 28 26
13 21 19 14 25 9 10
36 15 14 32 30 50 39
14 25 9 37 7 39 34
50 8 15 52 37 14 29
39 19 18 27 42 1 28
11 48 7 5 37 43 37
3 35 17 0 38 18 3
40 26 23 48 13 27 13
14 25 9 4 14 53 45
5 37 43 31 10 36 27
35 29 24 12 26 6 18
15 27 14 5 37 43 30
49 25 5 35 29 24 19
32 30 50 9 25 32 18
17 0 11 53 47 6 47
18 52 34 9 25 32 27
51 33 50 43 26 17 33
9 25 32 13 21 19 13
41 16 48 38 32 37 19
3 35 17 32 30 50 33
30 44 18 9 25 32 23
10 15 4 11 48 7 33
45 9 7 37 7 39 32
36 15 14 38 32 37 28
8 35 45 40 26 23 23
8 35 45 32 30 50 7
24 14 18 27 42 1 32
43 26 17 29 12 7 17
41 16 48 28 44 34 31
11 48 7 7 24 10 24
0 38 18 21 22 28 18
31 10 36 37 7 39 4
39 19 18 48 13 27 10
41 16 48 20 19 37 11
53 47 6 5 37 43 38
5 37 43 46 25 17 28
35 29 24 7 24 10 14
45 9 7 53 47 6 38
44 15 16 12 26 6 14
0 38 18 17 0 11 38
21 22 28 16 29 11 18
33 46 41 20 19 37 27
32 30 50 16 29 11 39
15 27 14 35 29 24 10
36 15 14 12 26 6 13
26 11 28 28 44 34 33
41 16 48 7 24 10 38
24 14 18 21 22 28 12
10 15 4 0 38 18 26
47 17 35 0 38 18 27
23 10 37 1 2 21 17
38 32 37 8 35 45 8
26 11 28 43 26 17 18
28 44 34 4 14 53 35
39 19 18 2 0 19 19
18 52 34 51 33 50 24
20 19 37 3 35 17 25
25 51 31 44 15 16 39
40 26 23 23 10 37 21
29 12 7 9 25 32 28
8 35 45 28 44 34 14
3 35 17 44 15 16 20
25 51 31 39 19 18 34
5 37 43 8 35 45 2
37 7 39 11 48 7 52
1 2 21 48 13 27 12
28 44 34 5 37 43 11
3 35 17 26 11 28 26
5 37 43 38 32 37 7
53 47 6 4 14 53 57
9 25 32 33 46 41 22
29 12 7 19 18 1 8
5 37 43 19 18 1 46
48 13 27 18 52 34 39
27 42 1 36 15 14 29
24 14 18 47 17 35 17
8 35 45 14 25 9 37
9 25 32 41 16 48 18
2 0 19 51 33 50 45
27 42 1 1 2 21 44
13 21 19 37 7 39 24
46 25 17 49 25 5 12
43 26 17 41 16 48 32
3 35 17 17 0 11 35
27 42 1 53 47 6 7
50 8 15 30 44 18 36
28 44 34 17 0 11 49
36 15 14 42 13 53 39
8 35 45 48 13 27 28
6 36 2 26 11 28 36
1 2 21 33 46 41 48
19 18 1 30 44 18 31
4 14 53 19 18 1 52
29 12 7 49 25 5 13
7 24 10 5 37 43 35
34 8 23 42 13 53 30
21 22 28 29 12 7 23
21 22 28 10 15 4 25
53 47 6 14 25 9 22
2 0 19 48 13 27 15
16 29 11 36 15 14 14
30 44 18 31 10 36 38
43 26 17 7 24 10 7
50 8 15 53 47 6 40
21 22 28 33 46 41 27
26 11 28 51 33 50 31
1 2 21 41 16 48 30
17 0 11 9 25 32 32
7 24 10 46 25 17 7
15 27 14 47 17 35 23
25 51 31 9 25 32 26
32 30 50 31 10 36 24
25 51 31 26 11 28 40
21 22 28 52 37 14 20
2 0 19 27 42 1 45
2 0 19 29 12 7 16
47 17 35 22 47 11 38
41 16 48 13 21 19 29
18 52 34 44 15 16 41
35 29 24 2 0 19 29
48 13 27 42 13 53 26
47 17 35 34 8 23 15
49 25 5 0 38 18 18
3 35 17 11 48 7 16
26 11 28 11 48 7 42
26 11 28 16 29 11 24
20 19 37 24 14 18 19
36 15 14 41 16 48 34
16 29 11 30 44 18 16
19 18 1 21 22 28 27
19 18 1 48 13 27 26
18 52 34 3 35 17 24
33 46 41 43 26 17 31
25 51 31 19 18 1 44
12 26 6 13 21 19 13
8 35 45 24 14 18 34
16 29 11 19 18 1 14
43 26 17 36 15 14 11
4 14 53 33 46 41 34
47 17 35 3 35 17 25
21 22 28 5 37 43 21
6 36 2 32 30 50 48
36 15 14 51 33 50 40
45 9 7 9 25 32 29
40 26 23 5 37 43 22
0 38 18 2 0 19 38
28 44 34 40 26 23 21
48 13 27 25 51 31 38
18 52 34 20 19 37 33
23 10 37 28 44 34 34
11 48 7 17 0 11 48
14 25 9 49 25 5 4
37 7 39 1 2 21 18
22 47 11 40 26 23 24
18 52 34 42 13 53 43
47 17 35 50 8 15 21
31 10 36 36 15 14 22
48 13 27 34 8 23 6
36 15 14 21 22 28 15
39 19 18 49 25 5 14
31 10 36 40 26 23 20
8 35 45 27 42 1 44
14 25 9 24 14 18 14
27 42 1 3 35 17 17
33 46 41 7 24 10 38
46 25 17 3 35 17 10
1 2 21 9 25 32 25
51 33 50 16 29 11 39
48 13 27 4 14 53 26
42 13 53 53 47 6 58
6 36 2 33 46 41 40
41 16 48 24 14 18 30
17 0 11 19 18 1 20
24 14 18 36 15 14 4
13 21 19 16 29 11 11
24 14 18 42 13 53 35
28 44 34 45 9 7 44
41 16 48 49 25 5 43
23 10 37 51 33 50 26
32 30 50 35 29 24 26
51 33 50 35 29 24 26
19 18 1 1 2 21 25
53 47 6 38 32 37 34
3 35 17 39 19 18 16
16 29 11 47 17 35 26
34 8 23 22 47 11 40
27 42 1 11 48 7 8
25 51 31 34 8 23 43
24 14 18 1 2 21 12
27 42 1 32 30 50 50
8 35 45 0 38 18 27
29 12 7 38 32 37 36
25 51 31 40 26 23 26
33 46 41 38 32 37 14
36 15 14 15 27 14 12
23 10 37 4 14 53 16
8 35 45 35 29 24 21
22 47 11 26 11 28 39
21 22 28 50 8 15 19
23 10 37 47 17 35 7
32 30 50 24 14 18 35
36 15 14 18 52 34 42
18 52 34 12 26 6 38
13 21 19 33 46 41 33
44 15 16 46 25 17 10
19 18 1 35 29 24 25
36 15 14 53 47 6 32
36 15 14 13 21 19 7
10 15 4 17 0 11 16
49 25 5 20 19 37 32
49 25 5 13 21 19 14
38 32 37 30 44 18 22
38 32 37 28 44 34 12
44 15 16 39 19 18 4
45 9 7 25 51 31 48
37 7 39 23 10 37 3
50 8 15 44 15 16 7
47 17 35 13 21 19 16
1 2 21 3 35 17 33
43 26 17 21 22 28 11
41 16 48 18 52 34 38
43 26 17 39 19 18 7
22 47 11 14 25 9 22
22 47 11 15 27 14 20
31 10 36 16 29 11 31
25 51 31 14 25 9 34
30 44 18 23 10 37 38
3 35 17 28 44 34 19
32 30 50 52 37 14 36
3 35 17 4 14 53 41
46 25 17 45 9 7 18
4 14 53 42 13 53 1
17 0 11 18 52 34 56
15 27 14 25 51 31 29
14 25 9 9 25 32 23
4 14 53 50 8 15 38
22 47 11 0 38 18 11
34 8 23 15 27 14 21
32 30 50 37 7 39 25
4 14 53 43 26 17 37
14 25 9 36 15 14 11
26 11 28 39 19 18 12
10 15 4 6 36 2 21
48 13 27 50 8 15 13
1 2 21 25 51 31 50
14 25 9 35 29 24 15
21 22 28 35 29 24 8
14 25 9 31 10 36 30
43 26 17 1 2 21 24
35 29 24 30 44 18 16
49 25 5 24 14 18 17
38 32 37 1 2 21 34
33 46 41 39 19 18 35
50 8 15 37 7 39 24
17 0 11 23 10 37 27
10 15 4 45 9 7 6
18 52 34 21 22 28 30
3 35 17 51 33 50 33
8 35 45 41 16 48 19
15 27 14 48 13 27 19
51 33 50 29 12 7 47
18 52 34 30 44 18 17
18 52 34 40 26 23 28
16 29 11 37 7 39 35
10 15 4 20 19 37 33
19 18 1 39 19 18 17
2 0 19 53 47 6 48
31 10 36 11 48 7 47
24 14 18 17 0 11 15
37 7 39 43 26 17 29
7 24 10 8 35 45 36
27 42 1 41 16 48 53
46 25 17 19 18 1 17
2 0 19 9 25 32 28
10 15 4 33 46 41 48
27 42 1 6 36 2 6
43 26 17 45 9 7 19
50 8 15 35 29 24 22
9 25 32 48 13 27 13
46 25 17 47 17 35 19
23 10 37 53 47 6 48
31 10 36 53 47 6 47
6 36 2 53 47 6 11
20 19 37 27 42 1 42
23 10 37 32 30 50 23
38 32 37 44 15 16 27
26 11 28 13 21 19 13
36 15 14 49 25 5 13
20 19 37 29 12 7 30
13 21 19 23 10 37 21
19 18 1 12 26 6 9
14 25 9 30 44 18 21
47 17 35 19 18 1 34
47 17 35 53 47 6 41
35 29 24 11 48 7 25
23 10 37 14 25 9 31
12 26 6 50 8 15 20
51 33 50 30 44 18 33
11 48 7 21 22 28 33
45 9 7 11 48 7 39
14 25 9 51 33 50 41
22 47 11 23 10 37 45
4 14 53 5 37 43 25
48 13 27 28 44 34 31
21 22 28 12 26 6 22
52 37 14 20 19 37 29
34 8 23 38 32 37 27
11 48 7 4 14 53 57
36 15 14 39 19 18 5
25 51 31 20 19 37 32
35 29 24 39 19 18 11
9 25 32 28 44 34 19
26 11 28 41 16 48 20
25 51 31 0 38 18 18
50 8 15 0 38 18 30
19 18 1 3 35 17 23
33 46 41 16 29 11 34
19 18 1 50 8 15 17
15 27 14 27 42 1 19
35 29 24 3 35 17 9
39 19 18 21 22 28 10
32 30 50 38 32 37 13
50 8 15 16 29 11 21
37 7 39 29 12 7 32
44 15 16 28 44 34 34
40 26 23 12 26 6 17
50 8 15 2 0 19 8
51 33 50 45 9 7 49
43 26 17 2 0 19 26
36 15 14 26 11 28 14
3 35 17 2 0 19 35
27 42 1 46 25 17 23
49 25 5 52 37 14 15
14 25 9 50 8 15 18
33 46 41 24 14 18 39
52 37 14 18 52 34 25
6 36 2 8 35 45 43
15 27 14 50 8 15 19
10 15 4 2 0 19 21
17 0 11 16 29 11 29
2 0 19 5 37 43 44
6 36 2 12 26 6 10
15 27 14 4 14 53 41
20 19 37 34 8 23 17
44 15 16 37 7 39 24
37 7 39 22 47 11 48
20 19 37 37 7 39 12
21 22 28 32 30 50 23
6 36 2 28 44 34 32
16 29 11 44 15 16 14
47 17 35 38 32 37 15
34 8 23 50 8 15 8
8 35 45 43 26 17 29
18 52 34 6 36 2 35
34 8 23 39 19 18 12
12 26 6 27 42 1 16
30 44 18 6 36 2 17
21 22 28 17 0 11 27
9 25 32 11 48 7 33
14 25 9 19 18 1 10
26 11 28 14 25 9 23
13 21 19 28 44 34 27
51 33 50 5 37 43 8
30 44 18 37 7 39 42
33 46 41 40 26 23 26
44 15 16 53 47 6 33
6 36 2 38 32 37 35
52 37 14 46 25 17 12
42 13 53 29 12 7 46
45 9 7 15 27 14 19
41 16 48 23 10 37 12
18 52 34 46 25 17 31
2 0 19 21 22 28 23
34 8 23 33 46 41 42
49 25 5 43 26 17 12
32 30 50 53 47 6 47
2 0 19 18 52 34 54
31 10 36 8 35 45 26
37 7 39 18 52 34 45
17 0 11 30 44 18 44
42 13 53 1 2 21 33
21 22 28 27 42 1 33
42 13 53 11 48 7 57
22 47 11 18 52 34 23
33 46 41 51 33 50 15
39 19 18 20 19 37 19
5 37 43 33 46 41 9
8 35 45 4 14 53 22
2 0 19 16 29 11 30
35 29 24 31 10 36 22
23 10 37 7 24 10 30
25 51 31 35 29 24 23
28 44 34 35 29 24 18
40 26 23 19 18 1 23
38 32 37 18 52 34 20
47 17 35 4 14 53 18
49 25 5 16 29 11 7
11 48 7 36 15 14 33
11 48 7 23 10 37 48
37 7 39 28 44 34 37
20 19 37 13 21 19 18
39 19 18 18 52 34 36
33 46 41 50 8 15 46
1 2 21 13 21 19 19
48 13 27 20 19 37 11
9 25 32 44 15 16 18
38 32 37 48 13 27 21
16 29 11 27 42 1 16
13 21 19 39 19 18 2
17 0 11 34 8 23 14
19 18 1 41 16 48 47
34 8 23 51 33 50 36
27 42 1 22 47 11 11
18 52 34 14 25 9 36
8 35 45 25 51 31 21
10 15 4 31 10 36 32
12 26 6 14 25 9 3
15 27 14 14 25 9 5
7 24 10 47 17 35 25
25 51 31 38 32 37 19
46 25 17 41 16 48 32
41 16 48 6 36 2 50
38 32 37 16 29 11 26
13 21 19 38 32 37 21
6 36 2 24 14 18 27
51 33 50 52 37 14 36
39 19 18 8 35 45 31
0 38 18 33 46 41 24
51 33 50 12 26 6 44
8 35 45 9 25 32 16
21 22 28 7 24 10 18
11 48 7 32 30 50 46
44 15 16 45 9 7 10
17 0 11 49 25 5 25
39 19 18 47 17 35 17
20 19 37 42 13 53 17
46 25 17 22 47 11 22
33 46 41 30 44 18 23
20 19 37 28 44 34 25
7 24 10 32 30 50 40
15 27 14 53 47 6 21
21 22 28 49 25 5 23
7 24 10 53 47 6 23
19 18 1 32 30 50 50
12 26 6 39 19 18 13
33 46 41 42 13 53 35
10 15 4 29 12 7 4
42 13 53 16 29 11 44
21 22 28 42 13 53 26
44 15 16 42 13 53 37
15 27 14 49 25 5 9
30 44 18 39 19 18 25
20 19 37 47 17 35 2
27 42 1 47 17 35 42
31 10 36 50 8 15 21
31 10 36 12 26 6 34
46 25 17 28 44 34 25
0 38 18 27 42 1 17
47 17 35 45 9 7 29
27 42 1 26 11 28 41
34 8 23 10 15 4 20
34 8 23 3 35 17 27
40 26 23 14 25 9 14
48 13 27 31 10 36 9
19 18 1 37 7 39 39
4 14 53 25 51 31 43
23 10 37 36 15 14 23
11 48 7 29 12 7 36
39 19 18 7 24 10 9
50 8 15 27 42 1 36
15 27 14 24 14 18 13
46 25 17 36 15 14 10
9 25 32 22 47 11 30
14 25 9 16 29 11 4
42 13 53 0 38 18 43
48 13 27 29 12 7 20
3 35 17 16 29 11 8
52 37 14 30 44 18 8
48 13 27 10 15 4 23
41 16 48 14 25 9 40
8 35 45 51 33 50 5
53 47 6 24 14 18 35
31 10 36 19 18 1 35
5 37 43 48 13 27 28
18 52 34 13 21 19 34
49 25 5 12 26 6 1
50 8 15 13 21 19 13
9 25 32 15 27 14 18
39 19 18 29 12 7 13
28 44 34 22 47 11 23
8 35 45 3 35 17 28
47 17 35 44 15 16 19
20 19 37 23 10 37 9
45 9 7 8 35 45 46
30 44 18 12 26 6 21
1 2 21 8 35 45 40
41 16 48 52 37 14 39
11 48 7 33 46 41 34
6 36 2 37 7 39 47
24 14 18 39 19 18 5
35 29 24 23 10 37 23
25 51 31 42 13 53 43
49 25 5 28 44 34 34
11 48 7 25 51 31 24
46 25 17 24 14 18 11
51 33 50 39 19 18 34
29 12 7 52 37 14 25
38 32 37 24 14 18 26
1 2 21 47 17 35 20
7 24 10 40 26 23 13
9 25 32 52 37 14 21
52 37 14 38 32 37 23
2 0 19 26 11 28 14
4 14 53 52 37 14 45
40 26 23 39 19 18 8
20 19 37 31 10 36 9
18 52 34 7 24 10 36
34 8 23 36 15 14 11
2 0 19 49 25 5 28
18 52 34 47 17 35 35
18 52 34 16 29 11 32
48 13 27 21 22 28 9
21 22 28 28 44 34 22
25 51 31 33 46 41 11
7 24 10 34 8 23 20
8 35 45 52 37 14 31
1 2 21 16 29 11 28
35 29 24 53 47 6 25
15 27 14 30 44 18 17
0 38 18 1 2 21 36
38 32 37 49 25 5 32
53 47 6 41 16 48 52
44 15 16 4 14 53 37
45 9 7 14 25 9 16
1 2 21 49 25 5 28
17 0 11 48 13 27 20
46 25 17 6 36 2 18
41 16 48 12 26 6 43
3 35 17 31 10 36 31
30 44 18 21 22 28 24
52 37 14 42 13 53 45
47 17 35 31 10 36 7
13 21 19 24 14 18 7
48 13 27 46 25 17 15
46 25 17 11 48 7 25
11 48 7 24 14 18 35
28 44 34 14 25 9 31
6 36 2 1 2 21 38
39 19 18 32 30 50 33
14 25 9 17 0 11 25
13 21 19 21 22 28 9
44 15 16 24 14 18 2
30 44 18 13 21 19 23
29 12 7 5 37 43 43
38 32 37 9 25 32 8
26 11 28 9 25 32 14
43 26 17 14 25 9 8
52 37 14 39 19 18 18
36 15 14 4 14 53 39
8 35 45 10 15 4 45
6 36 2 19 18 1 18
44 15 16 23 10 37 21
28 44 34 52 37 14 21
48 13 27 24 14 18 9
31 10 36 26 11 28 8
8 35 45 20 19 37 17
19 18 1 27 42 1 24
18 52 34 45 9 7 50
13 21 19 45 9 7 16
52 37 14 3 35 17 3
39 19 18 4 14 53 35
27 42 1 49 25 5 17
5 37 43 20 19 37 18
4 14 53 1 2 21 34
23 10 37 43 26 17 25
31 10 36 51 33 50 26
29 12 7 15 27 14 16
48 13 27 23 10 37 10
42 13 53 8 35 45 23
14 25 9 21 22 28 19
25 51 31 17 0 11 54
45 9 7 40 26 23 23
16 29 11 40 26 23 12
1 2 21 45 9 7 15
24 14 18 12 26 6 16
18 52 34 32 30 50 27
52 37 14 5 37 43 29
51 33 50 7 24 10 41
26 11 28 21 22 28 11
29 12 7 4 14 53 46
50 8 15 42 13 53 38
35 29 24 47 17 35 16
51 33 50 9 25 32 19
33 46 41 31 10 36 36
24 14 18 35 29 24 16
0 38 18 16 29 11 11
33 46 41 18 52 34 9
9 25 32 43 26 17 15
48 13 27 35 29 24 16
51 33 50 10 15 4 49
7 24 10 50 8 15 16
42 13 53 46 25 17 37
53 47 6 34 8 23 42
38 32 37 51 33 50 13
1 2 21 51 33 50 42
50 8 15 18 52 34 47
13 21 19 34 8 23 13
51 33 50 47 17 35 21
15 27 14 39 19 18 8
12 26 6 10 15 4 11
44 15 16 6 36 2 25
48 13 27 41 16 48 21
3 35 17 10 15 4 23
16 29 11 23 10 37 32
4 14 53 32 30 50 16
4 14 53 38 32 37 24
12 26 6 1 2 21 28
17 0 11 42 13 53 43
19 18 1 18 52 34 47
53 47 6 39 19 18 30
53 47 6 48 13 27 39
19 18 1 22 47 11 30
20 19 37 17 0 11 32
53 47 6 10 15 4 32
13 21 19 7 24 10 9
5 37 43 26 11 28 30
46 25 17 53 47 6 24
6 36 2 35 29 24 23
38 32 37 46 25 17 21
51 33 50 15 27 14 36
39 19 18 50 8 15 11
42 13 53 41 16 48 5
46 25 17 8 35 45 29
0 38 18 4 14 53 42
27 42 1 37 7 39 51
22 47 11 1 2 21 46
14 25 9 47 17 35 27
46 25 17 2 0 19 25
25 51 31 2 0 19 52
20 19 37 46 25 17 20
2 0 19 36 15 14 15
50 8 15 8 35 45 40
17 0 11 36 15 14 15
53 47 6 20 19 37 41
27 42 1 28 44 34 33
16 29 11 39 19 18 12
53 47 6 49 25 5 22
16 29 11 35 29 24 13
40 26 23 27 42 1 27
39 19 18 23 10 37 21
43 26 17 19 18 1 17
5 37 43 47 17 35 21
12 26 6 52 37 14 13
49 25 5 10 15 4 10
24 14 18 37 7 39 22
8 35 45 2 0 19 43
25 51 31 37 7 39 44
47 17 35 28 44 34 27
52 37 14 25 51 31 22
37 7 39 7 24 10 33
9 25 32 42 13 53 24
25 51 31 24 14 18 39
52 37 14 23 10 37 35
16 29 11 52 37 14 8
8 35 45 15 27 14 32
3 35 17 12 26 6 14
46 25 17 17 0 11 25
48 13 27 26 11 28 2
4 14 53 35 29 24 32
23 10 37 15 27 14 28
35 29 24 33 46 41 24
30 44 18 42 13 53 46
7 24 10 29 12 7 12
12 26 6 26 11 28 26
22 47 11 31 10 36 44
38 32 37 14 25 9 28
2 0 19 30 44 18 44
23 10 37 19 18 1 36
0 38 18 11 48 7 14
40 26 23 47 17 35 15
20 19 37 2 0 19 26
33 46 41 37 7 39 39
11 48 7 18 52 34 27
32 30 50 43 26 17 33
15 27 14 37 7 39 32
30 44 18 26 11 28 34
21 22 28 45 9 7 24
33 46 41 26 11 28 37
48 13 27 32 30 50 28
7 24 10 0 38 18 16
44 15 16 48 13 27 11
24 14 18 22 47 11 33
23 10 37 50 8 15 22
37 7 39 51 33 50 28
44 15 16 20 19 37 21
28 44 34 30 44 18 16
11 48 7 34 8 23 43
43 26 17 27 42 1 22
23 10 37 3 35 17 32
48 13 27 0 38 18 26
16 29 11 46 25 17 7
20 19 37 14 25 9 28
2 0 19 12 26 6 29
20 19 37 6 36 2 38
36 15 14 6 36 2 24
14 25 9 32 30 50 41
5 37 43 44 15 16 34
30 44 18 5 37 43 25
33 46 41 41 16 48 30
32 30 50 2 0 19 43
32 30 50 34 8 23 34
3 35 17 38 32 37 20
31 10 36 9 25 32 15
52 37 14 33 46 41 28
2 0 19 40 26 23 26
17 0 11 1 2 21 10
26 11 28 53 47 6 42
11 48 7 52 37 14 13
31 10 36 4 14 53 17
20 19 37 45 9 7 31
28 44 34 11 48 7 27
10 15 4 43 26 17 17
0 38 18 38 32 37 19
45 9 7 42 13 53 46
6 36 2 34 8 23 35
20 19 37 9 25 32 7
34 8 23 31 10 36 13
6 36 2 50 8 15 30
50 8 15 49 25 5 19
3 35 17 21 22 28 17
0 38 18 37 7 39 37
28 44 34 39 19 18 29
39 19 18 5 37 43 30
27 42 1 13 21 19 27
9 25 32 19 18 1 31
6 36 2 45 9 7 27
37 7 39 49 25 5 38
50 8 15 51 33 50 43
28 44 34 32 30 50 21
29 12 7 26 11 28 21
29 12 7 41 16 48 41
45 9 7 30 44 18 36
13 21 19 22 47 11 27
37 7 39 34 8 23 16
41 16 48 21 22 28 20
29 12 7 14 25 9 13
27 42 1 44 15 16 30
40 26 23 35 29 24 3
7 24 10 16 29 11 5
41 16 48 31 10 36 13
32 30 50 13 21 19 32
31 10 36 29 12 7 29
23 10 37 18 52 34 42
32 30 50 45 9 7 47
42 13 53 19 18 1 52
22 47 11 30 44 18 7
28 44 34 42 13 53 36
40 26 23 26 11 28 15
27 42 1 34 8 23 40
4 14 53 24 14 18 35
10 15 4 22 47 11 32
23 10 37 34 8 23 14
23 10 37 42 13 53 16
5 37 43 1 2 21 41
47 17 35 32 30 50 19
29 12 7 50 8 15 8
52 37 14 2 0 19 37
34 8 23 1 2 21 6
46 25 17 29 12 7 16
34 8 23 44 15 16 9
16 29 11 43 26 17 6
18 52 34 24 14 18 41
42 13 53 51 33 50 20
45 9 7 4 14 53 46
11 48 7 19 18 1 30
5 37 43 41 16 48 21
53 47 6 37 7 39 51
53 47 6 30 44 18 12
44 15 16 19 18 1 15
35 29 24 46 25 17 8
13 21 19 17 0 11 22
43 26 17 18 52 34 31
20 19 37 21 22 28 9
39 19 18 9 25 32 15
40 26 23 4 14 53 32
50 8 15 46 25 17 17
24 14 18 51 33 50 37
46 25 17 31 10 36 24
6 36 2 23 10 37 43
8 35 45 36 15 14 36
29 12 7 13 21 19 15
7 24 10 4 14 53 44
16 29 11 28 44 34 27
11 48 7 39 19 18 31
35 29 24 27 42 1 26
22 47 11 20 19 37 38
36 15 14 44 15 16 2
15 27 14 17 0 11 27
43 26 17 53 47 6 23
21 22 28 22 47 11 30
31 10 36 27 42 1 47
23 10 37 0 38 18 33
1 2 21 2 0 19 2
17 0 11 7 24 10 24
11 48 7 51 33 50 45
38 32 37 15 27 14 23
40 26 23 52 37 14 14
21 22 28 51 33 50 24
37 7 39 46 25 17 28
1 2 21 35 29 24 27
53 47 6 28 44 34 28
18 52 34 1 2 21 51
31 10 36 49 25 5 34
42 13 53 43 26 17 38
34 8 23 35 29 24 21
24 14 18 16 29 11 16
37 7 39 42 13 53 15
24 14 18 31 10 36 18
8 35 45 17 0 11 48
11 48 7 48 13 27 40
1 2 21 14 25 9 25
25 51 31 53 47 6 25
39 19 18 10 15 4 14
28 44 34 0 38 18 17
6 36 2 48 13 27 33
41 16 48 37 7 39 12
13 21 19 53 47 6 29
49 25 5 9 25 32 27
43 26 17 15 27 14 3
13 21 19 5 37 43 28
48 13 27 36 15 14 13
1 2 21 44 15 16 13
32 30 50 42 13 53 17
19 18 1 0 38 18 26
45 9 7 23 10 37 30
40 26 23 17 0 11 28
7 24 10 25 51 31 34
31 10 36 44 15 16 20
12 26 6 25 51 31 35
26 11 28 15 27 14 21
37 7 39 2 0 19 21
38 32 37 42 13 53 24
11 48 7 30 44 18 11
0 38 18 13 21 19 17
32 30 50 1 2 21 40
52 37 14 7 24 10 13
49 25 5 5 37 43 39
15 27 14 1 2 21 25
14 25 9 27 42 1 18
40 26 23 24 14 18 13
0 38 18 29 12 7 28
45 9 7 35 29 24 26
45 9 7 41 16 48 41
39 19 18 31 10 36 20
6 36 2 5 37 43 41
49 25 5 42 13 53 49
35 29 24 42 13 53 33
49 25 5 4 14 53 49
26 11 28 7 24 10 22
38 32 37 19 18 1 38
28 44 34 15 27 14 26
47 17 35 36 15 14 21
8 35 45 26 11 28 29
18 52 34 53 47 6 28
36 15 14 22 47 11 32
15 27 14 2 0 19 27
22 47 11 51 33 50 41
2 0 19 23 10 37 20
4 14 53 41 16 48 5
26 11 28 4 14 53 25
11 48 7 47 17 35 41
45 9 7 7 24 10 15
29 12 7 27 42 1 30
18 52 34 25 51 31 3
41 16 48 51 33 50 17
11 48 7 2 0 19 49
32 30 50 26 11 28 29
40 26 23 41 16 48 26
4 14 53 18 52 34 42
12 26 6 17 0 11 26
36 15 14 35 29 24 17
17 0 11 45 9 7 9
27 42 1 18 52 34 34
0 38 18 31 10 36 33
52 37 14 36 15 14 22
45 9 7 52 37 14 28
45 9 7 34 8 23 16
9 25 32 12 26 6 26
50 8 15 9 25 32 24
14 25 9 39 19 18 10
44 15 16 15 27 14 12
29 12 7 16 29 11 17
2 0 19 44 15 16 15
26 11 28 46 25 17 17
51 33 50 49 25 5 45
32 30 50 33 46 41 18
25 51 31 31 10 36 41
19 18 1 34 8 23 24
38 32 37 12 26 6 31
41 16 48 32 30 50 14
2 0 19 13 21 19 21
27 42 1 23 10 37 48
3 35 17 48 13 27 24
10 15 4 38 32 37 37
42 13 53 10 15 4 49
12 26 6 48 13 27 24
53 47 6 3 35 17 16
35 29 24 5 37 43 20
13 21 19 19 18 1 18
47 17 35 49 25 5 31
30 44 18 27 42 1 17
39 19 18 37 7 39 24
37 7 39 48 13 27 13
4 14 53 30 44 18 46
32 30 50 10 15 4 48
26 11 28 37 7 39 11
3 35 17 14 25 9 12
30 44 18 47 17 35 31
39 19 18 41 16 48 30
3 35 17 36 15 14 20
18 52 34 49 25 5 39
27 42 1 33 46 41 40
34 8 23 40 26 23 18
37 7 39 21 22 28 18
41 16 48 25 51 31 38
0 38 18 44 15 16 23
15 27 14 46 25 17 3
21 22 28 34 8 23 14
5 37 43 32 30 50 9
34 8 23 2 0 19 8
21 22 28 8 35 45 21
26 11 28 50 8 15 13
27 42 1 51 33 50 49
20 19 37 26 11 28 12
12 26 6 16 29 11 5
7 24 10 19 18 1 10
37 7 39 36 15 14 26
38 32 37 40 26 23 15
30 44 18 3 35 17 9
12 26 6 45 9 7 17
13 21 19 15 27 14 7
28 44 34 24 14 18 34
31 10 36 7 24 10 29
4 14 53 16 29 11 44
17 0 11 29 12 7 12
5 37 43 17 0 11 48
2 0 19 33 46 41 50
28 44 34 25 51 31 7
6 36 2 43 26 17 18
7 24 10 10 15 4 10
10 15 4 4 14 53 49
6 36 2 0 38 18 16
38 32 37 27 42 1 37
19 18 1 20 19 37 36
33 46 41 23 10 37 36
34 8 23 18 52 34 45
37 7 39 35 29 24 26
3 35 17 50 8 15 27
50 8 15 45 9 7 8
38 32 37 43 26 17 20
52 37 14 22 47 11 10
17 0 11 26 11 28 20
32 30 50 40 26 23 27
7 24 10 44 15 16 10
6 36 2 52 37 14 12
22 47 11 4 14 53 53
44 15 16 49 25 5 14
50 8 15 36 15 14 7
2 0 19 31 10 36 19
13 21 19 46 25 17 4
4 14 53 51 33 50 19
7 24 10 1 2 21 24
34 8 23 30 44 18 36
28 44 34 2 0 19 46
27 42 1 48 13 27 38
37 7 39 3 35 17 35
45 9 7 26 11 28 21
17 0 11 37 7 39 28
11 48 7 43 26 17 24
41 16 48 16 29 11 39
15 27 14 42 13 53 41
42 13 53 5 37 43 26
11 48 7 8 35 45 40
11 48 7 44 15 16 34
20 19 37 36 15 14 23
8 35 45 12 26 6 40
47 17 35 33 46 41 29
11 48 7 14 25 9 23
31 10 36 21 22 28 14
9 25 32 34 8 23 19
52 37 14 44 15 16 22
45 9 7 22 47 11 38
36 15 14 28 44 34 35
24 14 18 50 8 15 6
33 46 41 45 9 7 50
10 15 4 46 25 17 16
49 25 5 7 24 10 5
4 14 53 46 25 17 37
35 29 24 13 21 19 9
38 32 37 37 7 39 25
3 35 17 7 24 10 13
11 48 7 40 26 23 27
16 29 11 8 35 45 34
46 25 17 43 26 17 1
21 22 28 1 2 21 21
2 0 19 24 14 18 14
50 8 15 17 0 11 8
12 26 6 22 47 11 21
30 44 18 1 2 21 42
41 16 48 50 8 15 33
0 38 18 12 26 6 16
27 42 1 9 25 32 35
16 29 11 5 37 43 32
34 8 23 5 37 43 35
43 26 17 12 26 6 11
52 37 14 37 7 39 39
0 38 18 32 30 50 32
47 17 35 25 51 31 34
15 27 14 19 18 1 15
51 33 50 19 18 1 51
20 19 37 4 14 53 16
32 30 50 51 33 50 3
22 47 11 8 35 45 36
46 25 17 23 10 37 25
17 0 11 6 36 2 37
33 46 41 22 47 11 30
35 29 24 9 25 32 8
9 25 32 4 14 53 23
47 17 35 17 0 11 29
9 25 32 53 47 6 34
9 25 32 40 26 23 9
52 37 14 13 21 19 16
3 35 17 6 36 2 15
44 15 16 32 30 50 37
41 16 48 30 44 18 41
31 10 36 28 44 34 34
32 30 50 46 25 17 33
31 10 36 38 32 37 22
3 35 17 5 37 43 26
19 18 1 8 35 45 47
16 29 11 20 19 37 27
52 37 14 26 11 28 29
49 25 5 8 35 45 41
23 10 37 31 10 36 1
24 14 18 19 18 1 17
22 47 11 16 29 11 18
1 2 21 39 19 18 17
32 30 50 22 47 11 42
11 48 7 49 25 5 23
33 46 41 48 13 27 35
30 44 18 36 15 14 29
22 47 11 48 13 27 37
22 47 11 25 51 31 20
42 13 53 14 25 9 45
31 10 36 15 27 14 27
43 26 17 44 15 16 11
49 25 5 33 46 41 41
20 19 37 38 32 37 13
6 36 2 9 25 32 31
34 8 23 26 11 28 5
10 15 4 24 14 18 14
40 26 23 6 36 2 23
2 0 19 22 47 11 47
43 26 17 31 10 36 24
18 52 34 28 44 34 8
46 25 17 14 25 9 8
13 21 19 44 15 16 6
34 8 23 8 35 45 34
29 12 7 6 36 2 24
1 2 21 26 11 28 11
1 2 21 11 48 7 48
42 13 53 22 47 11 54
10 15 4 18 52 34 47
20 19 37 50 8 15 24
7 24 10 9 25 32 22
52 37 14 31 10 36 34
34 8 23 4 14 53 30
3 35 17 45 9 7 27
45 9 7 19 18 1 10
46 25 17 0 38 18 13
7 24 10 12 26 6 4
14 25 9 33 46 41 38
30 44 18 24 14 18 30
53 47 6 16 29 11 18
26 11 28 0 38 18 28
13 21 19 25 51 31 32
0 38 18 20 19 37 26
24 14 18 0 38 18 24
44 15 16 8 35 45 35
4 14 53 27 42 1 59
34 8 23 49 25 5 24
44 15 16 17 0 11 15
19 18 1 28 44 34 42
7 24 10 48 13 27 20
53 47 6 21 22 28 33
1 2 21 52 37 14 35
6 36 2 22 47 11 14
4 14 53 17 0 11 44
15 27 14 20 19 37 24
28 44 34 33 46 41 7
7 24 10 22 47 11 23
12 26 6 23 10 37 34
29 12 7 30 44 18 33
5 37 43 36 15 14 36
5 37 43 37 7 39 30
8 35 45 37 7 39 28
16 29 11 15 27 14 3
34 8 23 29 12 7 16
40 26 23 44 15 16 13
53 47 6 52 37 14 12
43 26 17 20 19 37 21
36 15 14 10 15 4 10
11 48 7 20 19 37 41
20 19 37 30 44 18 31
26 11 28 10 15 4 24
17 0 11 52 37 14 37
17 0 11 32 30 50 49
26 11 28 44 15 16 12
0 38 18 9 25 32 19
30 44 18 8 35 45 28
33 46 41 12 26 6 40
37 7 39 9 25 32 19
39 19 18 46 25 17 6
43 26 17 47 17 35 20
13 21 19 51 33 50 33
25 51 31 32 30 50 28
50 8 15 1 2 21 8
36 15 14 25 51 31 39
45 9 7 36 15 14 9
23 10 37 29 12 7 30
6 36 2 21 22 28 29
14 25 9 0 38 18 15
6 36 2 14 25 9 13
10 15 4 41 16 48 44
12 26 6 53 47 6 21
29 12 7 24 14 18 11
23 10 37 38 32 37 22
49 25 5 26 11 28 26
11 48 7 15 27 14 22
40 26 23 53 47 6 27
37 7 39 10 15 4 35
34 8 23 41 16 48 26
51 33 50 40 26 23 27
19 18 1 53 47 6 29
45 9 7 16 29 11 20
45 9 7 39 19 18 14
15 27 14 18 52 34 32
3 35 17 41 16 48 36
29 12 7 1 2 21 17
35 29 24 29 12 7 24
34 8 23 16 29 11 24
15 27 14 33 46 41 33
40 26 23 49 25 5 18
51 33 50 53 47 6 46
47 17 35 6 36 2 38
22 47 11 35 29 24 22
1 2 21 20 19 37 23
39 19 18 42 13 53 35
34 8 23 52 37 14 30
46 25 17 33 46 41 31
9 25 32 23 10 37 15
23 10 37 49 25 5 35
29 12 7 18 52 34 48
43 26 17 22 47 11 21
29 12 7 28 44 34 41
12 26 6 32 30 50 44
11 48 7 6 36 2 13
17 0 11 41 16 48 40
23 10 37 8 35 45 26
33 46 41 53 47 6 35
50 8 15 11 48 7 40
10 15 4 44 15 16 12
30 44 18 46 25 17 19
3 35 17 40 26 23 10
49 25 5 48 13 27 25
13 21 19 4 14 53 34
29 12 7 36 15 14 7
33 46 41 17 0 11 54
2 0 19 4 14 53 36
24 14 18 34 8 23 7
35 29 24 20 19 37 16
39 19 18 6 36 2 23
10 15 4 27 42 1 27
49 25 5 30 44 18 23
10 15 4 15 27 14 15
19 18 1 26 11 28 27
50 8 15 10 15 4 13
34 8 23 12 26 6 24
50 8 15 32 30 50 41
27 42 1 7 24 10 20
53 47 6 0 38 18 15
43 26 17 25 51 31 28
42 13 53 3 35 17 42
38 32 37 7 24 10 28
25 51 31 46 25 17 29
26 11 28 24 14 18 10
10 15 4 14 25 9 11
50 8 15 25 51 31 45
40 26 23 1 2 21 24
3 35 17 29 12 7 25
5 37 43 45 9 7 45
42 13 53 40 26 23 32
7 24 10 15 27 14 5
35 29 24 38 32 37 13
10 15 4 5 37 43 44
43 26 17 50 8 15 18
37 7 39 12 26 6 38
48 13 27 43 26 17 16
44 15 16 41 16 48 32
40 26 23 10 15 4 21
22 47 11 49 25 5 22
21 22 28 25 51 31 29
29 12 7 33 46 41 48
20 19 37 32 30 50 17
0 38 18 41 16 48 37
12 26 6 47 17 35 30
10 15 4 52 37 14 24
9 25 32 10 15 4 29
15 27 14 52 37 14 10
11 48 7 22 47 11 4
38 32 37 50 8 15 32
43 26 17 34 8 23 18
7 24 10 36 15 14 9
18 52 34 0 38 18 21
40 26 23 13 21 19 6
38 32 37 11 48 7 34
10 15 4 35 29 24 24
5 37 43 0 38 18 25
10 15 4 13 21 19 16
0 38 18 40 26 23 13
35 29 24 17 0 11 31
27 42 1 5 37 43 42
24 14 18 5 37 43 33
42 13 53 2 0 19 36
52 37 14 47 17 35 29
37 7 39 47 17 35 10
23 10 37 26 11 28 9
46 25 17 51 33 50 33
19 18 1 10 15 4 4
40 26 23 46 25 17 6
48 13 27 13 21 19 11
13 21 19 31 10 36 20
48 13 27 51 33 50 30
3 35 17 15 27 14 8
27 42 1 25 51 31 31
1 2 21 53 47 6 47
5 37 43 14 25 9 36
49 25 5 3 35 17 15
31 10 36 1 2 21 17
34 8 23 0 38 18 30
39 19 18 38 32 37 23
25 51 31 29 12 7 45
13 21 19 6 36 2 22
28 44 34 34 8 23 37
9 25 32 21 22 28 5
1 2 21 10 15 4 21
45 9 7 38 32 37 37
22 47 11 50 8 15 39
45 9 7 29 12 7 3
30 44 18 7 24 10 21
25 51 31 49 25 5 36
23 10 37 24 14 18 19
28 44 34 12 26 6 33
2 0 19 38 32 37 36
15 27 14 41 16 48 35
49 25 5 19 18 1 8
32 30 50 30 44 18 34
6 36 2 42 13 53 55
0 38 18 15 27 14 11
12 26 6 20 19 37 31
7 24 10 14 25 9 1
22 47 11 5 37 43 33
21 22 28 38 32 37 13
9 25 32 36 15 14 20
17 0 11 22 47 11 47
3 35 17 13 21 19 14
49 25 5 32 30 50 45
27 42 1 45 9 7 33
12 26 6 11 48 7 22
6 36 2 31 10 36 42
10 15 4 28 44 34 41
12 26 6 15 27 14 8
16 29 11 25 51 31 29
29 12 7 22 47 11 35
3 35 17 43 26 17 9
28 44 34 51 33 50 19
6 36 2 4 14 53 55
35 29 24 26 11 28 18
14 25 9 52 37 14 13
33 46 41 3 35 17 26
48 13 27 45 9 7 20
29 12 7 47 17 35 28
47 17 35 8 35 45 20
2 0 19 17 0 11 8
6 36 2 15 27 14 15
6 36 2 51 33 50 48
40 26 23 43 26 17 6
41 16 48 11 48 7 52
11 48 7 53 47 6 1
12 26 6 42 13 53 48
36 15 14 1 2 21 14
31 10 36 17 0 11 26
29 12 7 12 26 6 14
19 18 1 33 46 41 48
52 37 14 43 26 17 11
7 24 10 20 19 37 27
21 22 28 23 10 37 15
6 36 2 25 51 31 32
46 25 17 34 8 23 18
39 19 18 22 47 11 28
5 37 43 25 51 31 18
18 52 34 8 35 45 20
21 22 28 46 25 17 11
15 27 14 40 26 23 9
6 36 2 49 25 5 11
26 11 28 47 17 35 9
5 37 43 23 10 37 27
17 0 11 39 19 18 20
51 33 50 44 15 16 38
45 9 7 2 0 19 15
36 15 14 0 38 18 23
37 7 39 4 14 53 15
35 29 24 0 38 18 10
46 25 17 1 2 21 23
16 29 11 6 36 2 11
28 44 34 7 24 10 31
35 29 24 52 37 14 12