44 946
41 40 21 38 9 7 34
36 2 22 35 14 26 12
32 5 21 33 36 29 32
9 39 11 8 5 39 44
40 25 11 4 34 35 25
26 17 17 2 8 21 9
30 13 2 19 11 41 39
10 22 39 0 25 40 3
28 20 12 27 18 43 31
34 15 18 4 34 35 25
11 12 40 4 34 35 22
11 12 40 25 10 37 3
38 9 7 35 14 26 19
9 39 11 5 18 17 21
13 39 39 27 18 43 21
22 12 34 23 30 28 18
11 12 40 7 30 18 28
16 8 35 1 34 16 32
9 39 11 41 40 21 10
28 20 12 4 34 35 26
29 39 19 43 19 12 21
10 22 39 37 15 8 31
21 4 7 29 39 19 37
8 5 39 39 2 27 12
40 25 11 10 22 39 28
25 10 37 41 40 21 34
28 20 12 7 30 18 11
13 39 39 32 5 21 38
1 34 16 25 10 37 31
14 3 33 32 5 21 12
7 30 18 24 24 16 6
40 25 11 24 24 16 5
19 11 41 3 4 18 24
8 5 39 3 4 18 21
1 34 16 14 3 33 35
13 39 39 23 30 28 14
23 30 28 34 15 18 18
9 39 11 37 15 8 24
36 2 22 17 22 20 20
0 25 40 37 15 8 33
38 9 7 40 25 11 16
14 3 33 27 18 43 18
12 17 4 1 34 16 20
18 37 1 22 12 34 41
2 8 21 14 3 33 13
38 9 7 20 41 12 32
32 5 21 35 14 26 10
37 15 8 32 5 21 16
39 2 27 11 12 40 16
37 15 8 40 25 11 10
43 19 12 3 4 18 16
12 17 4 30 13 2 4
12 17 4 2 8 21 19
42 27 24 27 18 43 21
12 17 4 8 5 39 37
26 17 17 36 2 22 15
23 30 28 19 11 41 23
24 24 16 19 11 41 28
12 17 4 7 30 18 19
40 25 11 27 18 43 32
31 4 32 5 18 17 20
6 43 27 32 5 21 38
32 5 21 30 13 2 20
38 9 7 32 5 21 14
10 22 39 13 39 39 17
34 15 18 2 8 21 7
22 12 34 11 12 40 6
37 15 8 36 2 22 19
6 43 27 18 37 1 26
35 14 26 25 10 37 11
23 30 28 40 25 11 17
3 4 18 24 24 16 20
9 39 11 20 41 12 2
4 34 35 5 18 17 24
15 25 8 43 19 12 7
2 8 21 23 30 28 23
16 8 35 32 5 21 14
7 30 18 36 2 22 28
18 37 1 11 12 40 46
2 8 21 40 25 11 19
33 36 29 10 22 39 17
28 20 12 42 27 24 13
18 37 1 38 9 7 28
13 39 39 42 27 24 19
7 30 18 4 34 35 17
37 15 8 39 2 27 23
17 22 20 4 34 35 19
15 25 8 5 18 17 11
38 9 7 15 25 8 16
41 40 21 17 22 20 18
25 10 37 32 5 21 16
33 36 29 37 15 8 29
39 2 27 27 18 43 22
19 11 41 22 12 34 7
10 22 39 26 17 17 22
36 2 22 39 2 27 5
26 17 17 28 20 12 5
40 25 11 26 17 17 10
23 30 28 31 4 32 26
40 25 11 8 5 39 34
11 12 40 8 5 39 7
12 17 4 38 9 7 8
14 3 33 40 25 11 31
35 14 26 34 15 18 8
15 25 8 16 8 35 31
10 22 39 9 39 11 32
14 3 33 42 27 24 25
31 4 32 2 8 21 11
7 30 18 37 15 8 18
19 11 41 14 3 33 11
14 3 33 36 2 22 11
0 25 40 4 34 35 10
2 8 21 29 39 19 31
20 41 12 24 24 16 17
42 27 24 33 36 29 10
20 41 12 18 37 1 11
13 39 39 41 40 21 18
3 4 18 23 30 28 27
1 34 16 33 36 29 13
11 12 40 27 18 43 6
8 5 39 13 39 39 34
41 40 21 22 12 34 30
15 25 8 17 22 20 12
27 18 43 22 12 34 10
40 25 11 19 11 41 33
32 5 21 27 18 43 25
26 17 17 15 25 8 12
3 4 18 39 2 27 9
15 25 8 29 39 19 17
2 8 21 17 22 20 14
23 30 28 5 18 17 16
25 10 37 31 4 32 7
6 43 27 19 11 41 34
21 4 7 15 25 8 21
3 4 18 7 30 18 26
24 24 16 13 39 39 27
35 14 26 17 22 20 10
40 25 11 31 4 32 29
17 22 20 6 43 27 22
28 20 12 0 25 40 28
24 24 16 23 30 28 13
42 27 24 19 11 41 23
6 43 27 10 22 39 24
19 11 41 11 12 40 1
43 19 12 38 9 7 11
38 9 7 42 27 24 24
19 11 41 32 5 21 20
35 14 26 3 4 18 12
6 43 27 33 36 29 7
23 30 28 7 30 18 10
23 30 28 1 34 16 12
26 17 17 42 27 24 12
29 39 19 3 4 18 35
37 15 8 27 18 43 35
42 27 24 32 5 21 22
4 34 35 13 39 39 6
24 24 16 39 2 27 24
1 34 16 21 4 7 31
39 2 27 5 18 17 18
8 5 39 27 18 43 13
2 8 21 0 25 40 25
34 15 18 38 9 7 12
0 25 40 25 10 37 15
27 18 43 20 41 12 38
24 24 16 41 40 21 16
9 39 11 36 2 22 38
28 20 12 25 10 37 26
37 15 8 18 37 1 23
5 18 17 30 13 2 15
11 12 40 12 17 4 36
25 10 37 29 39 19 34
25 10 37 42 27 24 21
32 5 21 43 19 12 16
32 5 21 9 39 11 35
38 9 7 16 8 35 28
28 20 12 20 41 12 21
37 15 8 34 15 18 10
35 14 26 37 15 8 18
5 18 17 3 4 18 14
11 12 40 20 41 12 40
8 5 39 22 12 34 8
10 22 39 39 2 27 23
25 10 37 24 24 16 25
27 18 43 9 39 11 38
7 30 18 1 34 16 4
0 25 40 39 2 27 26
28 20 12 12 17 4 8
25 10 37 30 13 2 35
41 40 21 21 4 7 38
11 12 40 0 25 40 13
1 34 16 0 25 40 25
3 4 18 41 40 21 36
22 12 34 6 43 27 31
40 25 11 0 25 40 29
31 4 32 14 3 33 1
11 12 40 21 4 7 33
28 20 12 40 25 11 5
36 2 22 30 13 2 22
22 12 34 28 20 12 23
17 22 20 40 25 11 9
12 17 4 37 15 8 4
10 22 39 1 34 16 25
31 4 32 13 39 39 35
21 4 7 22 12 34 28
18 37 1 29 39 19 18
27 18 43 23 30 28 19
34 15 18 41 40 21 25
41 40 21 18 37 1 20
13 39 39 1 34 16 23
10 22 39 3 4 18 27
10 22 39 17 22 20 19
42 27 24 31 4 32 24
1 34 16 32 5 21 29
36 2 22 34 15 18 13
6 43 27 24 24 16 21
29 39 19 7 30 18 9
27 18 43 16 8 35 12
15 25 8 8 5 39 36
21 4 7 36 2 22 15
34 15 18 19 11 41 23
21 4 7 25 10 37 30
32 5 21 28 20 12 17
28 20 12 13 39 39 33
39 2 27 31 4 32 5
17 22 20 23 30 28 11
9 39 11 31 4 32 40
31 4 32 33 36 29 32
34 15 18 12 17 4 14
23 30 28 18 37 1 27
16 8 35 29 39 19 34
29 39 19 37 15 8 26
13 39 39 17 22 20 25
16 8 35 3 4 18 17
43 19 12 41 40 21 22
5 18 17 34 15 18 3
36 2 22 23 30 28 28
2 8 21 41 40 21 32
21 4 7 37 15 8 11
11 12 40 40 25 11 31
13 39 39 43 19 12 33
2 8 21 18 37 1 35
39 2 27 20 41 12 41
19 11 41 37 15 8 33
2 8 21 16 8 35 14
42 27 24 40 25 11 13
12 17 4 41 40 21 28
1 34 16 8 5 39 37
38 9 7 26 17 17 12
3 4 18 33 36 29 33
43 19 12 5 18 17 5
40 25 11 13 39 39 31
33 36 29 16 8 35 28
0 25 40 5 18 17 24
26 17 17 9 39 11 22
34 15 18 24 24 16 9
14 3 33 16 8 35 5
31 4 32 36 2 22 10
33 36 29 38 9 7 34
41 40 21 15 25 8 19
13 39 39 39 2 27 38
26 17 17 29 39 19 22
32 5 21 12 17 4 20
21 4 7 38 9 7 5
30 13 2 31 4 32 31
31 4 32 6 43 27 39
31 4 32 43 19 12 25
16 8 35 8 5 39 5
3 4 18 30 13 2 18
34 15 18 29 39 19 24
15 25 8 31 4 32 31
9 39 11 17 22 20 19
33 36 29 14 3 33 33
21 4 7 13 39 39 47
38 9 7 4 34 35 37
24 24 16 4 34 35 21
37 15 8 22 12 34 26
3 4 18 11 12 40 23
23 30 28 0 25 40 13
18 37 1 24 24 16 19
18 37 1 14 3 33 46
43 19 12 30 13 2 11
5 18 17 36 2 22 16
4 34 35 32 5 21 32
19 11 41 8 5 39 6
26 17 17 6 43 27 27
43 19 12 18 37 1 21
40 25 11 22 12 34 26
39 2 27 34 15 18 15
30 13 2 42 27 24 26
23 30 28 21 4 7 33
14 3 33 0 25 40 23
1 34 16 3 4 18 30
7 30 18 19 11 41 29
12 17 4 22 12 34 30
35 14 26 24 24 16 14
41 40 21 19 11 41 35
35 14 26 9 39 11 29
35 14 26 10 22 39 15
41 40 21 8 5 39 39
28 20 12 30 13 2 12
11 12 40 33 36 29 26
43 19 12 6 43 27 28
28 20 12 34 15 18 7
21 4 7 8 5 39 32
34 15 18 1 34 16 19
4 34 35 3 4 18 34
24 24 16 21 4 7 21
2 8 21 21 4 7 14
15 25 8 34 15 18 14
16 8 35 22 12 34 4
5 18 17 32 5 21 13
10 22 39 4 34 35 12
30 13 2 24 24 16 17
39 2 27 33 36 29 34
23 30 28 41 40 21 12
42 27 24 5 18 17 11
13 39 39 34 15 18 31
26 17 17 35 14 26 9
34 15 18 42 27 24 13
28 20 12 2 8 21 15
4 34 35 9 39 11 24
18 37 1 1 34 16 15
31 4 32 16 8 35 5
10 22 39 24 24 16 23
2 8 21 24 24 16 16
30 13 2 4 34 35 39
6 43 27 15 25 8 26
28 20 12 1 34 16 14
27 18 43 33 36 29 22
26 17 17 4 34 35 24
40 25 11 12 17 4 10
42 27 24 23 30 28 5
8 5 39 28 20 12 30
4 34 35 12 17 4 35
14 3 33 10 22 39 19
33 36 29 20 41 12 17
9 39 11 42 27 24 17
2 8 21 3 4 18 5
9 39 11 24 24 16 15
7 30 18 34 15 18 15
38 9 7 11 12 40 33
21 4 7 5 18 17 17
12 17 4 17 22 20 16
25 10 37 43 19 12 26
23 30 28 15 25 8 20
30 13 2 40 25 11 15
16 8 35 10 22 39 14
22 12 34 35 14 26 8
18 37 1 19 11 41 47
11 12 40 42 27 24 21
22 12 34 0 25 40 14
40 25 11 25 10 37 30
5 18 17 27 18 43 26
0 25 40 26 17 17 24
0 25 40 35 14 26 17
33 36 29 5 18 17 21
35 14 26 16 8 35 10
10 22 39 11 12 40 10
15 25 8 24 24 16 8
43 19 12 0 25 40 28
17 22 20 22 12 34 17
15 25 8 18 37 1 13
11 12 40 35 14 26 14
2 8 21 38 9 7 14
28 20 12 43 19 12 1
11 12 40 6 43 27 33
12 17 4 35 14 26 22
1 34 16 27 18 43 31
6 43 27 7 30 18 15
20 41 12 12 17 4 25
43 19 12 4 34 35 27
31 4 32 35 14 26 11
28 20 12 17 22 20 8
9 39 11 15 25 8 14
8 5 39 35 14 26 15
5 18 17 2 8 21 10
20 41 12 2 8 21 34
25 10 37 23 30 28 21
18 37 1 40 25 11 15
5 18 17 8 5 39 25
21 4 7 32 5 21 14
35 14 26 39 2 27 12
13 39 39 33 36 29 10
11 12 40 29 39 19 34
27 18 43 6 43 27 29
17 22 20 20 41 12 20
6 43 27 20 41 12 15
27 18 43 7 30 18 27
3 4 18 42 27 24 23
9 39 11 38 9 7 30
1 34 16 22 12 34 28
15 25 8 42 27 24 16
33 36 29 30 13 2 35
21 4 7 43 19 12 15
26 17 17 7 30 18 13
14 3 33 43 19 12 26
26 17 17 20 41 12 24
1 34 16 4 34 35 19
26 17 17 30 13 2 15
40 25 11 41 40 21 18
29 39 19 42 27 24 13
29 39 19 8 5 39 39
16 8 35 36 2 22 14
31 4 32 28 20 12 25
30 13 2 21 4 7 10
25 10 37 7 30 18 27
32 5 21 41 40 21 35
24 24 16 32 5 21 19
37 15 8 31 4 32 26
35 14 26 20 41 12 30
12 17 4 25 10 37 33
0 25 40 7 30 18 22
40 25 11 32 5 21 22
36 2 22 25 10 37 17
9 39 11 0 25 40 32
39 2 27 40 25 11 28
41 40 21 27 18 43 31
9 39 11 21 4 7 35
7 30 18 8 5 39 32
16 8 35 4 34 35 26
7 30 18 5 18 17 12
17 22 20 30 13 2 20
9 39 11 22 12 34 35
39 2 27 7 30 18 29
41 40 21 35 14 26 26
33 36 29 15 25 8 23
14 3 33 29 39 19 38
33 36 29 24 24 16 17
7 30 18 41 40 21 10
4 34 35 23 30 28 8
16 8 35 21 4 7 28
43 19 12 34 15 18 7
20 41 12 19 11 41 41
29 39 19 6 43 27 8
27 18 43 38 9 7 37
36 2 22 2 8 21 6
7 30 18 22 12 34 24
42 27 24 1 34 16 10
36 2 22 6 43 27 41
33 36 29 25 10 37 27
0 25 40 27 18 43 7
37 15 8 20 41 12 26
32 5 21 0 25 40 27
4 34 35 39 2 27 32
24 24 16 12 17 4 13
17 22 20 1 34 16 12
43 19 12 39 2 27 22
32 5 21 20 41 12 37
11 12 40 41 40 21 33
12 17 4 16 8 35 32
33 36 29 35 14 26 22
40 25 11 5 18 17 9
8 5 39 43 19 12 30
25 10 37 39 2 27 12
20 41 12 36 2 22 40
34 15 18 11 12 40 22
22 12 34 30 13 2 32
20 41 12 23 30 28 19
35 14 26 13 39 39 28
5 18 17 26 17 17 1
36 2 22 3 4 18 4
4 34 35 25 10 37 24
40 25 11 7 30 18 8
5 18 17 22 12 34 18
37 15 8 2 8 21 14
22 12 34 38 9 7 27
9 39 11 25 10 37 38
21 4 7 0 25 40 39
41 40 21 0 25 40 24
29 39 19 31 4 32 37
7 30 18 18 37 1 18
26 17 17 39 2 27 18
12 17 4 0 25 40 36
23 30 28 16 8 35 23
31 4 32 4 34 35 30
38 9 7 13 39 39 43
10 22 39 25 10 37 12
42 27 24 6 43 27 16
27 18 43 29 39 19 31
34 15 18 3 4 18 11
28 20 12 24 24 16 5
21 4 7 19 11 41 34
17 22 20 26 17 17 5
29 39 19 17 22 20 17
8 5 39 10 22 39 17
11 12 40 28 20 12 29
26 17 17 22 12 34 17
13 39 39 16 8 35 31
31 4 32 12 17 4 30
21 4 7 7 30 18 28
35 14 26 27 18 43 17
17 22 20 11 12 40 22
43 19 12 36 2 22 19
30 13 2 27 18 43 41
19 11 41 38 9 7 34
5 18 17 1 34 16 16
31 4 32 34 15 18 17
19 11 41 43 19 12 30
0 25 40 17 22 20 20
38 9 7 6 43 27 39
12 17 4 15 25 8 8
21 4 7 20 41 12 37
40 25 11 21 4 7 21
1 34 16 40 25 11 10
20 41 12 1 34 16 8
13 39 39 18 37 1 38
18 37 1 36 2 22 40
14 3 33 38 9 7 26
19 11 41 16 8 35 6
41 40 21 33 36 29 8
35 14 26 28 20 12 15
8 5 39 6 43 27 39
22 12 34 25 10 37 3
37 15 8 38 9 7 6
11 12 40 30 13 2 38
20 41 12 22 12 34 36
31 4 32 0 25 40 22
30 13 2 16 8 35 33
16 8 35 39 2 27 10
28 20 12 10 22 39 27
36 2 22 41 40 21 38
4 34 35 27 18 43 17
13 39 39 2 8 21 35
13 39 39 22 12 34 27
41 40 21 16 8 35 34
13 39 39 12 17 4 41
39 2 27 41 40 21 38
34 15 18 20 41 12 26
36 2 22 38 9 7 16
36 2 22 19 11 41 21
22 12 34 2 8 21 13
39 2 27 6 43 27 41
35 14 26 40 25 11 18
17 22 20 27 18 43 23
37 15 8 6 43 27 33
10 22 39 20 41 12 33
24 24 16 0 25 40 24
15 25 8 3 4 18 23
43 19 12 22 12 34 23
20 41 12 15 25 8 16
7 30 18 10 22 39 22
5 18 17 10 22 39 22
0 25 40 34 15 18 24
22 12 34 32 5 21 14
24 24 16 43 19 12 6
26 17 17 23 30 28 17
12 17 4 19 11 41 37
18 37 1 42 27 24 25
19 11 41 17 22 20 23
31 4 32 8 5 39 7
2 8 21 9 39 11 32
26 17 17 11 12 40 23
35 14 26 7 30 18 17
31 4 32 22 12 34 8
15 25 8 1 34 16 12
29 39 19 39 2 27 37
36 2 22 24 24 16 22
22 12 34 10 22 39 11
18 37 1 10 22 39 40
13 39 39 0 25 40 14
25 10 37 13 39 39 29
16 8 35 37 15 8 27
12 17 4 42 27 24 22
21 4 7 27 18 43 38
4 34 35 15 25 8 28
38 9 7 31 4 32 25
28 20 12 18 37 1 20
42 27 24 4 34 35 13
18 37 1 35 14 26 33
30 13 2 29 39 19 31
11 12 40 24 24 16 26
31 4 32 7 30 18 29
30 13 2 20 41 12 29
37 15 8 24 24 16 12
41 40 21 4 34 35 15
37 15 8 25 10 37 29
32 5 21 26 17 17 12
23 30 28 28 20 12 18
11 12 40 5 18 17 23
8 5 39 34 15 18 23
21 4 7 18 37 1 33
26 17 17 41 40 21 23
11 12 40 9 39 11 39
15 25 8 40 25 11 3
6 43 27 25 10 37 34
21 4 7 31 4 32 25
17 22 20 39 2 27 21
19 11 41 9 39 11 41
13 39 39 29 39 19 20
17 22 20 25 10 37 20
22 12 34 36 2 22 15
11 12 40 31 4 32 11
20 41 12 42 27 24 18
3 4 18 38 9 7 12
21 4 7 14 3 33 26
42 27 24 2 8 21 19
33 36 29 17 22 20 16
33 36 29 21 4 7 38
14 3 33 30 13 2 32
24 24 16 27 18 43 27
0 25 40 19 11 41 14
9 39 11 34 15 18 25
3 4 18 0 25 40 30
23 30 28 10 22 39 13
11 12 40 36 2 22 20
32 5 21 18 37 1 37
31 4 32 27 18 43 17
14 3 33 22 12 34 9
26 17 17 24 24 16 7
0 25 40 29 39 19 25
8 5 39 2 8 21 18
6 43 27 30 13 2 39
15 25 8 10 22 39 31
34 15 18 16 8 35 18
21 4 7 35 14 26 21
11 12 40 14 3 33 11
19 11 41 31 4 32 11
31 4 32 10 22 39 19
29 39 19 32 5 21 34
1 34 16 11 12 40 32
29 39 19 19 11 41 35
34 15 18 30 13 2 16
1 34 16 6 43 27 14
28 20 12 39 2 27 23
33 36 29 7 30 18 12
7 30 18 14 3 33 30
6 43 27 4 34 35 12
4 34 35 21 4 7 41
25 10 37 2 8 21 16
13 39 39 20 41 12 27
16 8 35 17 22 20 20
3 4 18 37 15 8 14
26 17 17 25 10 37 21
12 17 4 18 37 1 20
6 43 27 0 25 40 22
12 17 4 21 4 7 13
21 4 7 39 2 27 20
18 37 1 8 5 39 49
4 34 35 19 11 41 23
9 39 11 39 2 27 40
1 34 16 31 4 32 34
4 34 35 37 15 8 33
5 18 17 16 8 35 20
32 5 21 31 4 32 11
5 18 17 35 14 26 9
37 15 8 14 3 33 27
43 19 12 23 30 28 19
1 34 16 43 19 12 15
40 25 11 20 41 12 16
3 4 18 27 18 43 28
32 5 21 39 2 27 6
27 18 43 26 17 17 26
15 25 8 36 2 22 26
27 18 43 25 10 37 10
3 4 18 12 17 4 19
42 27 24 0 25 40 16
39 2 27 38 9 7 21
15 25 8 35 14 26 21
37 15 8 15 25 8 10
3 4 18 13 39 39 40
16 8 35 20 41 12 40
17 22 20 21 4 7 22
2 8 21 35 14 26 7
2 8 21 4 34 35 29
3 4 18 6 43 27 40
14 3 33 4 34 35 31
43 19 12 16 8 35 25
25 10 37 3 4 18 19
14 3 33 13 39 39 36
13 39 39 5 18 17 30
5 18 17 14 3 33 21
19 11 41 2 8 21 20
11 12 40 32 5 21 20
38 9 7 17 22 20 18
30 13 2 10 22 39 38
0 25 40 18 37 1 40
2 8 21 10 22 39 22
21 4 7 3 4 18 11
16 8 35 0 25 40 17
23 30 28 29 39 19 12
23 30 28 37 15 8 25
29 39 19 9 39 11 8
43 19 12 26 17 17 5
25 10 37 19 11 41 4
43 19 12 10 22 39 27
16 8 35 26 17 17 20
12 17 4 43 19 12 8
37 15 8 13 39 39 39
42 27 24 43 19 12 14
36 2 22 12 17 4 23
32 5 21 2 8 21 3
40 25 11 43 19 12 6
24 24 16 42 27 24 8
8 5 39 42 27 24 26
34 15 18 26 17 17 2
9 39 11 33 36 29 18
40 25 11 29 39 19 16
7 30 18 38 9 7 23
30 13 2 1 34 16 25
20 41 12 43 19 12 22
18 37 1 4 34 35 34
40 25 11 33 36 29 21
21 4 7 10 22 39 36
14 3 33 23 30 28 27
38 9 7 29 39 19 32
15 25 8 22 12 34 29
34 15 18 32 5 21 10
0 25 40 15 25 8 32
20 41 12 3 4 18 37
23 30 28 6 43 27 13
38 9 7 30 13 2 6
38 9 7 8 5 39 32
2 8 21 43 19 12 14
36 2 22 13 39 39 40
37 15 8 1 34 16 20
7 30 18 2 8 21 22
36 2 22 32 5 21 3
33 36 29 19 11 41 27
22 12 34 4 34 35 22
41 40 21 42 27 24 13
32 5 21 3 4 18 3
28 20 12 33 36 29 23
24 24 16 22 12 34 21
10 22 39 27 18 43 5
8 5 39 33 36 29 32
28 20 12 14 3 33 27
8 5 39 23 30 28 27
42 27 24 16 8 35 21
1 34 16 26 17 17 17
15 25 8 2 8 21 21
42 27 24 35 14 26 13
15 25 8 27 18 43 35
14 3 33 17 22 20 23
0 25 40 20 41 12 32
9 39 11 6 43 27 16
29 39 19 1 34 16 5
23 30 28 33 36 29 6
6 43 27 40 25 11 24
18 37 1 39 2 27 43
40 25 11 16 8 35 29
16 8 35 9 39 11 39
2 8 21 39 2 27 8
20 41 12 7 30 18 12
33 36 29 34 15 18 23
10 22 39 19 11 41 11
43 19 12 17 22 20 8
37 15 8 28 20 12 6
39 2 27 12 17 4 27
41 40 21 31 4 32 37
9 39 11 28 20 12 19
33 36 29 22 12 34 24
5 18 17 41 40 21 22
17 22 20 34 15 18 7
31 4 32 26 17 17 19
23 30 28 35 14 26 16
12 17 4 14 3 33 32
10 22 39 42 27 24 15
6 43 27 35 14 26 29
18 37 1 30 13 2 24
17 22 20 5 18 17 5
38 9 7 24 24 16 17
9 39 11 12 17 4 23
16 8 35 25 10 37 2
6 43 27 21 4 7 43
41 40 21 37 15 8 28
19 11 41 13 39 39 28
23 30 28 38 9 7 29
2 8 21 11 12 40 19
9 39 11 13 39 39 28
30 13 2 15 25 8 13
37 15 8 42 27 24 20
13 39 39 30 13 2 45
33 36 29 0 25 40 15
28 20 12 3 4 18 17
19 11 41 26 17 17 24
1 34 16 35 14 26 22
34 15 18 14 3 33 19
5 18 17 12 17 4 13
16 8 35 6 43 27 35
25 10 37 5 18 17 21
6 43 27 34 15 18 29
21 4 7 28 20 12 16
23 30 28 12 17 4 27
13 39 39 26 17 17 31
8 5 39 17 22 20 25
2 8 21 33 36 29 29
34 15 18 10 22 39 22
3 4 18 17 22 20 18
37 15 8 43 19 12 5
29 39 19 35 14 26 25
18 37 1 31 4 32 45
9 39 11 14 3 33 42
40 25 11 9 39 11 14
7 30 18 42 27 24 6
24 24 16 31 4 32 25
14 3 33 8 5 39 6
25 10 37 34 15 18 19
12 17 4 33 36 29 31
39 2 27 14 3 33 6
24 24 16 1 34 16 10
16 8 35 7 30 18 27
36 2 22 1 34 16 32
11 12 40 13 39 39 27
16 8 35 24 24 16 24
0 25 40 38 9 7 36
6 43 27 28 20 12 27
29 39 19 20 41 12 7
28 20 12 19 11 41 30
4 34 35 33 36 29 6
5 18 17 38 9 7 13
2 8 21 1 34 16 26
32 5 21 8 5 39 18
36 2 22 10 22 39 26
7 30 18 30 13 2 23
35 14 26 30 13 2 24
36 2 22 28 20 12 20
31 4 32 20 41 12 42
12 17 4 29 39 19 26
14 3 33 3 4 18 15
29 39 19 10 22 39 26
5 18 17 29 39 19 21
29 39 19 36 2 22 37
37 15 8 26 17 17 9
15 25 8 19 11 41 35
8 5 39 30 13 2 37
11 12 40 16 8 35 6
36 2 22 42 27 24 25
9 39 11 1 34 16 7
11 12 40 37 15 8 32
26 17 17 21 4 7 16
22 12 34 29 39 19 30
24 24 16 8 5 39 29
12 17 4 10 22 39 35
28 20 12 29 39 19 20
39 2 27 22 12 34 12
7 30 18 17 22 20 8
16 8 35 18 37 1 44
9 39 11 18 37 1 10
32 5 21 10 22 39 24
37 15 8 17 22 20 13
37 15 8 5 18 17 9
29 39 19 24 24 16 15
41 40 21 1 34 16 7
12 17 4 27 18 43 39
39 2 27 1 34 16 33
15 25 8 28 20 12 6
7 30 18 13 39 39 22
19 11 41 1 34 16 33
18 37 1 33 36 29 28
6 43 27 5 18 17 26
33 36 29 43 19 12 24
10 22 39 38 9 7 34
11 12 40 23 30 28 21
25 10 37 20 41 12 39
30 13 2 37 15 8 6
33 36 29 36 2 22 34
26 17 17 14 3 33 21
36 2 22 40 25 11 25
30 13 2 39 2 27 27
30 13 2 23 30 28 31
25 10 37 38 9 7 30
17 22 20 42 27 24 6
8 5 39 25 10 37 5
5 18 17 20 41 12 23
3 4 18 9 39 11 35
6 43 27 12 17 4 34
33 36 29 26 17 17 22
17 22 20 32 5 21 17
13 39 39 15 25 8 34
41 40 21 14 3 33 38
18 37 1 27 18 43 46
37 15 8 8 5 39 32
16 8 35 28 20 12 25
10 22 39 41 40 21 25
34 15 18 27 18 43 25
3 4 18 31 4 32 14
39 2 27 19 11 41 16
24 24 16 5 18 17 6
38 9 7 1 34 16 26
40 25 11 3 4 18 22
26 17 17 3 4 18 13
41 40 21 20 41 12 9
14 3 33 15 25 8 33
28 20 12 41 40 21 21
8 5 39 4 34 35 29
36 2 22 8 5 39 17
39 2 27 15 25 8 29
24 24 16 17 22 20 4
38 9 7 28 20 12 12
11 12 40 43 19 12 28
3 4 18 18 37 1 37
26 17 17 18 37 1 25
12 17 4 26 17 17 13
30 13 2 9 39 11 27
14 3 33 24 24 16 27
2 8 21 27 18 43 24
25 10 37 14 3 33 8
36 2 22 0 25 40 29
36 2 22 4 34 35 34
34 15 18 40 25 11 12
5 18 17 19 11 41 25
39 2 27 42 27 24 25
43 19 12 27 18 43 31
4 34 35 20 41 12 24
15 25 8 11 12 40 34
28 20 12 5 18 17 5
21 4 7 42 27 24 28
32 5 21 7 30 18 25
5 18 17 18 37 1 24
32 5 21 23 30 28 25
32 5 21 15 25 8 23
34 15 18 22 12 34 16
34 15 18 21 4 7 15
35 14 26 19 11 41 15
2 8 21 30 13 2 19
20 41 12 14 3 33 43
42 27 24 22 12 34 18
20 41 12 8 5 39 45
18 37 1 17 22 20 24
35 14 26 43 19 12 14
27 18 43 36 2 22 26
23 30 28 39 2 27 28
8 5 39 0 25 40 20
3 4 18 22 12 34 17
7 30 18 15 25 8 11
29 39 19 41 40 21 2
4 34 35 29 39 19 16
17 22 20 31 4 32 21
30 13 2 41 40 21 33
6 43 27 13 39 39 12
7 30 18 9 39 11 11
29 39 19 33 36 29 10
23 30 28 9 39 11 19
9 39 11 43 19 12 20
0 25 40 30 13 2 39
8 5 39 26 17 17 25
6 43 27 41 40 21 6
25 10 37 15 25 8 32
25 10 37 18 37 1 45
2 8 21 6 43 27 35
14 3 33 6 43 27 40
27 18 43 19 11 41 7
35 14 26 14 3 33 13
4 34 35 35 14 26 21
7 30 18 43 19 12 12
18 37 1 34 15 18 27