25 300
23 10 8 6 17 1 9
0 14 14 23 10 8 7
9 5 16 13 5 18 2
0 14 14 10 6 14 8
19 23 22 16 21 1 21
18 22 12 10 6 14 16
4 0 5 2 18 12 19
15 0 0 9 5 16 16
6 17 1 10 6 14 17
12 14 2 1 24 24 24
15 0 0 6 17 1 17
11 11 21 5 3 22 8
9 5 16 1 24 24 20
17 22 20 20 24 6 14
3 12 9 7 10 21 12
17 22 20 4 0 5 26
4 0 5 7 10 21 18
24 22 15 0 14 14 8
1 24 24 11 11 21 13
16 21 1 22 5 1 16
22 5 1 10 6 14 13
4 0 5 8 1 11 6
8 1 11 14 17 14 16
21 12 0 16 21 1 9
15 0 0 2 18 12 21
23 10 8 2 18 12 8
8 1 11 19 23 22 24
23 10 8 18 22 12 12
12 14 2 24 22 15 15
18 22 12 14 17 14 5
7 10 21 9 5 16 7
18 22 12 24 22 15 3
11 11 21 2 18 12 11
24 22 15 4 0 5 24
18 22 12 22 5 1 20
3 12 9 10 6 14 7
13 5 18 20 24 6 22
2 18 12 17 22 20 8
14 17 14 4 0 5 19
9 5 16 16 21 1 21
6 17 1 1 24 24 24
3 12 9 12 14 2 7
20 24 6 8 1 11 23
18 22 12 0 14 14 8
7 10 21 6 17 1 21
1 24 24 22 5 1 29
19 23 22 9 5 16 18
3 12 9 2 18 12 6
17 22 20 7 10 21 12
4 0 5 19 23 22 28
11 11 21 24 22 15 12
17 22 20 24 22 15 5
2 18 12 22 5 1 17
11 11 21 15 0 0 23
15 0 0 23 10 8 12
2 18 12 13 5 18 14
19 23 22 7 10 21 13
23 10 8 17 22 20 16
20 24 6 23 10 8 14
12 14 2 17 22 20 19
19 23 22 2 18 12 11
13 5 18 18 22 12 18
6 17 1 24 22 15 14
19 23 22 18 22 12 10
19 23 22 0 14 14 12
14 17 14 16 21 1 13
8 1 11 12 14 2 15
10 6 14 9 5 16 2
5 3 22 17 22 20 19
7 10 21 1 24 24 14
13 5 18 6 17 1 20
3 12 9 21 12 0 9
20 24 6 21 12 0 13
9 5 16 23 10 8 9
11 11 21 19 23 22 12
8 1 11 10 6 14 5
22 5 1 5 3 22 21
3 12 9 1 24 24 19
23 10 8 4 0 5 10
3 12 9 14 17 14 7
4 0 5 18 22 12 23
10 6 14 23 10 8 7
12 14 2 0 14 14 12
2 18 12 9 5 16 13
13 5 18 12 14 2 18
16 21 1 4 0 5 21
21 12 0 13 5 18 19
13 5 18 16 21 1 23
2 18 12 12 14 2 10
0 14 14 22 5 1 15
18 22 12 11 11 21 14
19 23 22 13 5 18 18
15 0 0 14 17 14 22
5 3 22 19 23 22 20
5 3 22 8 1 11 11
8 1 11 16 21 1 22
23 10 8 7 10 21 13
22 5 1 14 17 14 17
9 5 16 4 0 5 12
10 6 14 24 22 15 16
7 10 21 14 17 14 9
12 14 2 15 0 0 14
16 21 1 7 10 21 22
6 17 1 18 22 12 12
22 5 1 23 10 8 8
17 22 20 13 5 18 17
23 10 8 16 21 1 13
4 0 5 11 11 21 19
20 24 6 9 5 16 21
12 14 2 16 21 1 7
1 24 24 5 3 22 21
15 0 0 10 6 14 15
22 5 1 17 22 20 25
1 24 24 2 18 12 13
14 17 14 13 5 18 12
1 24 24 16 21 1 23
16 21 1 11 11 21 22
15 0 0 21 12 0 12
8 1 11 3 12 9 11
14 17 14 5 3 22 16
22 5 1 24 22 15 22
4 0 5 1 24 24 30
24 22 15 15 0 0 26
2 18 12 7 10 21 12
1 24 24 14 17 14 12
1 24 24 8 1 11 26
7 10 21 13 5 18 5
15 0 0 22 5 1 5
24 22 15 2 18 12 5
17 22 20 9 5 16 17
14 17 14 9 5 16 12
14 17 14 2 18 12 2
16 21 1 5 3 22 27
13 5 18 15 0 0 18
18 22 12 16 21 1 11
14 17 14 0 14 14 3
10 6 14 13 5 18 4
4 0 5 22 5 1 6
1 24 24 0 14 14 14
10 6 14 4 0 5 10
14 17 14 19 23 22 10
20 24 6 11 11 21 19
23 10 8 13 5 18 11
18 22 12 1 24 24 12
12 14 2 21 12 0 2
17 22 20 16 21 1 19
9 5 16 0 14 14 9
20 24 6 24 22 15 9
12 14 2 14 17 14 12
18 22 12 17 22 20 8
20 24 6 15 0 0 24
12 14 2 18 22 12 12
11 11 21 12 14 2 19
24 22 15 5 3 22 20
7 10 21 24 22 15 13
16 21 1 10 6 14 19
10 6 14 5 3 22 8
0 14 14 13 5 18 9
23 10 8 5 3 22 15
0 14 14 8 1 11 13
20 24 6 12 14 2 10
14 17 14 17 22 20 7
18 22 12 2 18 12 4
15 0 0 5 3 22 22
17 22 20 19 23 22 2
0 14 14 21 12 0 14
24 22 15 19 23 22 7
21 12 0 9 5 16 17
22 5 1 7 10 21 20
20 24 6 2 18 12 8
8 1 11 23 10 8 9
0 14 14 20 24 6 12
13 5 18 5 3 22 4
21 12 0 14 17 14 14
15 0 0 18 22 12 25
5 3 22 9 5 16 6
14 17 14 6 17 1 13
19 23 22 23 10 8 19
15 0 0 0 14 14 19
6 17 1 12 14 2 3
11 11 21 6 17 1 20
2 18 12 8 1 11 17
17 22 20 6 17 1 19
4 0 5 0 14 14 16
9 5 16 18 22 12 17
22 5 1 21 12 0 7
15 0 0 8 1 11 11
8 1 11 6 17 1 18
3 12 9 4 0 5 12
6 17 1 22 5 1 12
15 0 0 4 0 5 5
18 22 12 21 12 0 15
3 12 9 9 5 16 9
22 5 1 3 12 9 10
2 18 12 10 6 14 12
1 24 24 15 0 0 33
19 23 22 22 5 1 27
3 12 9 0 14 14 5
24 22 15 23 10 8 13
1 24 24 21 12 0 26
6 17 1 5 3 22 25
16 21 1 2 18 12 11
11 11 21 14 17 14 9
11 11 21 17 22 20 11
19 23 22 21 12 0 24
18 22 12 20 24 6 6
19 23 22 10 6 14 18
3 12 9 24 22 15 11
5 3 22 21 12 0 23
18 22 12 5 3 22 21
8 1 11 21 12 0 15
24 22 15 8 1 11 21
8 1 11 13 5 18 8
3 12 9 11 11 21 12
20 24 6 5 3 22 26
5 3 22 7 10 21 7
2 18 12 5 3 22 18
18 22 12 8 1 11 21
17 22 20 10 6 14 17
10 6 14 12 14 2 14
9 5 16 12 14 2 16
21 12 0 2 18 12 13
0 14 14 11 11 21 7
24 22 15 13 5 18 17
6 17 1 0 14 14 13
16 21 1 24 22 15 14
7 10 21 10 6 14 8
4 0 5 20 24 6 24
5 3 22 12 14 2 22
0 14 14 7 10 21 8
20 24 6 22 5 1 19
21 12 0 6 17 1 5
6 17 1 4 0 5 17
6 17 1 16 21 1 4
18 22 12 7 10 21 15
5 3 22 0 14 14 13
6 17 1 2 18 12 11
7 10 21 12 14 2 19
3 12 9 13 5 18 11
20 24 6 3 12 9 12
7 10 21 21 12 0 21
17 22 20 3 12 9 14
10 6 14 14 17 14 11
15 0 0 3 12 9 15
20 24 6 6 17 1 8
4 0 5 21 12 0 13
20 24 6 19 23 22 16
0 14 14 17 22 20 10
7 10 21 20 24 6 20
11 11 21 10 6 14 8
6 17 1 9 5 16 19
5 3 22 3 12 9 15
14 17 14 20 24 6 10
22 5 1 8 1 11 10
16 21 1 15 0 0 21
13 5 18 4 0 5 13
21 12 0 17 22 20 22
1 24 24 24 22 15 9
14 17 14 24 22 15 5
23 10 8 3 12 9 2
17 22 20 1 24 24 4
15 0 0 7 10 21 23
19 23 22 15 0 0 31
13 5 18 1 24 24 19
11 11 21 23 10 8 13
23 10 8 1 24 24 21
3 12 9 18 22 12 10
16 21 1 3 12 9 12
19 23 22 6 17 1 21
0 14 14 2 18 12 4
16 21 1 0 14 14 14
21 12 0 23 10 8 8
24 22 15 9 5 16 17
12 14 2 4 0 5 14
1 24 24 20 24 6 18
8 1 11 17 22 20 22
9 5 16 22 5 1 15
20 24 6 10 6 14 19
1 24 24 10 6 14 20
16 21 1 20 24 6 5
11 11 21 13 5 18 6
3 12 9 19 23 22 17
19 23 22 1 24 24 2
11 11 21 22 5 1 20
12 14 2 22 5 1 9
3 12 9 6 17 1 9
15 0 0 17 22 20 29
24 22 15 21 12 0 18
8 1 11 9 5 16 6
5 3 22 4 0 5 17
21 12 0 11 11 21 21
23 10 8 14 17 14 9
12 14 2 19 23 22 21
11 11 21 8 1 11 14
8 1 11 7 10 21 13
11 11 21 7 10 21 1
12 14 2 23 10 8 7
22 5 1 13 5 18 17
11 11 21 9 5 16 7
10 6 14 21 12 0 15