27 351
19 19 18 13 14 14 6
7 26 0 12 16 19 21
1 12 10 26 17 16 7
8 17 4 16 10 24 21
7 26 0 9 9 8 18
14 18 21 19 19 18 3
4 3 3 1 12 10 11
16 10 24 22 22 0 26
19 19 18 11 18 23 5
1 12 10 0 3 21 14
1 12 10 23 1 20 14
20 11 24 6 20 25 9
23 1 20 14 18 21 17
18 8 4 4 3 3 5
7 26 0 13 14 14 18
25 10 20 17 4 8 13
23 1 20 5 15 10 17
2 14 14 18 8 4 11
10 26 26 23 1 20 25
21 25 5 19 19 18 14
4 3 3 3 15 16 17
20 11 24 14 18 21 7
23 1 20 17 4 8 12
18 8 4 6 20 25 24
2 14 14 19 19 18 6
3 15 16 13 14 14 2
17 4 8 9 9 8 5
6 20 25 3 15 16 10
16 10 24 15 14 20 5
25 10 20 19 19 18 9
19 19 18 8 17 4 14
2 14 14 22 22 0 16
12 16 19 22 22 0 19
15 14 20 20 11 24 5
16 10 24 0 3 21 7
7 26 0 15 14 20 23
1 12 10 15 14 20 10
18 8 4 24 18 12 12
9 9 8 16 10 24 16
5 15 10 11 18 23 13
12 16 19 6 20 25 7
20 11 24 8 17 4 20
25 10 20 8 17 4 17
16 10 24 14 18 21 8
11 18 23 2 14 14 9
26 17 16 17 4 8 15
7 26 0 17 4 8 23
19 19 18 22 22 0 18
21 25 5 20 11 24 23
2 14 14 5 15 10 4
15 14 20 14 18 21 4
20 11 24 23 1 20 10
19 19 18 10 26 26 10
5 15 10 3 15 16 6
5 15 10 1 12 10 3
10 26 26 26 17 16 13
9 9 8 12 16 19 13
13 14 14 14 18 21 8
23 1 20 11 18 23 17
17 4 8 21 25 5 21
11 18 23 12 16 19 4
18 8 4 23 1 20 17
16 10 24 2 14 14 10
24 18 12 12 16 19 7
4 3 3 8 17 4 14
21 25 5 2 14 14 14
26 17 16 8 17 4 12
10 26 26 8 17 4 23
3 15 16 11 18 23 7
10 26 26 6 20 25 6
7 26 0 25 10 20 25
4 3 3 21 25 5 22
21 25 5 6 20 25 20
0 3 21 21 25 5 27
20 11 24 4 3 3 22
12 16 19 25 10 20 6
21 25 5 5 15 10 11
19 19 18 1 12 10 10
14 18 21 6 20 25 4
15 14 20 25 10 20 4
7 26 0 6 20 25 25
14 18 21 0 3 21 15
15 14 20 9 9 8 13
0 3 21 4 3 3 18
0 3 21 23 1 20 2
17 4 8 14 18 21 19
19 19 18 20 11 24 10
8 17 4 7 26 0 9
18 8 4 7 26 0 18
0 3 21 18 8 4 17
14 18 21 22 22 0 21
10 26 26 14 18 21 9
19 19 18 5 15 10 8
7 26 0 14 18 21 22
14 18 21 9 9 8 15
8 17 4 0 3 21 22
4 3 3 14 18 21 23
9 9 8 20 11 24 16
19 19 18 0 3 21 16
8 17 4 14 18 21 17
9 9 8 13 14 14 7
16 10 24 17 4 8 17
19 19 18 23 1 20 18
12 16 19 20 11 24 7
7 26 0 0 3 21 31
25 10 20 0 3 21 7
14 18 21 12 16 19 2
22 22 0 15 14 20 21
20 11 24 22 22 0 26
20 11 24 1 12 10 14
9 9 8 21 25 5 16
5 15 10 15 14 20 10
25 10 20 21 25 5 21
10 26 26 13 14 14 16
6 20 25 13 14 14 12
24 18 12 3 15 16 5
8 17 4 17 4 8 13
2 14 14 13 14 14 0
18 8 4 11 18 23 21
24 18 12 11 18 23 11
14 18 21 1 12 10 12
12 16 19 16 10 24 7
15 14 20 8 17 4 16
13 14 14 25 10 20 7
24 18 12 20 11 24 13
16 10 24 1 12 10 14
17 4 8 2 14 14 11
18 8 4 21 25 5 17
2 14 14 4 3 3 15
2 14 14 24 18 12 4
23 1 20 6 20 25 19
5 15 10 25 10 20 11
11 18 23 7 26 0 24
20 11 24 18 8 4 20
13 14 14 17 4 8 11
18 8 4 15 14 20 17
2 14 14 3 15 16 2
13 14 14 20 11 24 10
21 25 5 13 14 14 14
20 11 24 10 26 26 15
7 26 0 26 17 16 18
0 3 21 24 18 12 17
16 10 24 23 1 20 9
1 12 10 10 26 26 21
24 18 12 4 3 3 17
1 12 10 25 10 20 10
6 20 25 17 4 8 23
6 20 25 1 12 10 17
16 10 24 26 17 16 10
18 8 4 9 9 8 4
15 14 20 0 3 21 11
13 14 14 1 12 10 4
21 25 5 12 16 19 16
21 25 5 26 17 16 13
8 17 4 23 1 20 22
4 3 3 10 26 26 32
3 15 16 20 11 24 8
24 18 12 5 15 10 3
5 15 10 14 18 21 11
4 3 3 23 1 20 17
13 14 14 4 3 3 15
19 19 18 12 16 19 3
3 15 16 22 22 0 17
3 15 16 16 10 24 9
3 15 16 14 18 21 5
7 26 0 24 18 12 14
12 16 19 17 4 8 16
3 15 16 17 4 8 13
9 9 8 1 12 10 3
17 4 8 22 22 0 19
26 17 16 3 15 16 2
23 1 20 3 15 16 14
5 15 10 13 14 14 4
12 16 19 5 15 10 9
1 12 10 2 14 14 4
9 9 8 19 19 18 14
22 22 0 11 18 23 23
5 15 10 16 10 24 14
22 22 0 18 8 4 14
5 15 10 22 22 0 12
0 3 21 13 14 14 13
12 16 19 3 15 16 3
14 18 21 11 18 23 2
25 10 20 3 15 16 6
1 12 10 3 15 16 6
24 18 12 10 26 26 16
1 12 10 21 25 5 13
13 14 14 16 10 24 10
13 14 14 22 22 0 16
11 18 23 21 25 5 19
6 20 25 2 14 14 12
12 16 19 8 17 4 15
9 9 8 25 10 20 12
12 16 19 26 17 16 3
6 20 25 26 17 16 9
19 19 18 26 17 16 2
0 3 21 17 4 8 13
18 8 4 12 16 19 17
23 1 20 7 26 0 32
26 17 16 13 14 14 3
3 15 16 15 14 20 4
4 3 3 25 10 20 18
16 10 24 19 19 18 10
5 15 10 17 4 8 11
22 22 0 8 17 4 6
4 3 3 19 19 18 21
22 22 0 1 12 10 14
26 17 16 23 1 20 16
0 3 21 5 15 10 16
6 20 25 8 17 4 21
18 8 4 5 15 10 9
24 18 12 13 14 14 4
11 18 23 13 14 14 9
10 26 26 7 26 0 26
2 14 14 8 17 4 10
21 25 5 7 26 0 5
26 17 16 15 14 20 5
21 25 5 14 18 21 17
25 10 20 2 14 14 7
11 18 23 20 11 24 7
17 4 8 1 12 10 8
17 4 8 15 14 20 15
15 14 20 24 18 12 8
24 18 12 9 9 8 9
15 14 20 4 3 3 20
8 17 4 11 18 23 19
10 26 26 9 9 8 24
17 4 8 19 19 18 18
23 1 20 2 14 14 14
0 3 21 10 26 26 23
2 14 14 20 11 24 10
17 4 8 11 18 23 20
0 3 21 6 20 25 17
4 3 3 17 4 8 5
11 18 23 0 3 21 15
4 3 3 9 9 8 7
4 3 3 16 10 24 22
6 20 25 11 18 23 2
12 16 19 15 14 20 2
24 18 12 21 25 5 9
6 20 25 4 3 3 27
25 10 20 10 26 26 17
13 14 14 12 16 19 5
26 17 16 24 18 12 4
15 14 20 2 14 14 6
12 16 19 4 3 3 20
11 18 23 15 14 20 5
26 17 16 0 3 21 14
1 12 10 18 8 4 7
20 11 24 5 15 10 14
16 10 24 10 26 26 16
7 26 0 16 10 24 28
20 11 24 25 10 20 4
13 14 14 8 17 4 10
20 11 24 0 3 21 8
19 19 18 6 20 25 7
16 10 24 20 11 24 1
24 18 12 14 18 21 9
25 10 20 24 18 12 11
3 15 16 8 17 4 12
26 17 16 9 9 8 11
8 17 4 1 12 10 7
19 19 18 18 8 4 17
23 1 20 22 22 0 29
2 14 14 26 17 16 3
8 17 4 21 25 5 8
2 14 14 12 16 19 5
26 17 16 20 11 24 10
26 17 16 4 3 3 19
5 15 10 26 17 16 6
10 26 26 17 4 8 28
3 15 16 10 26 26 14
0 3 21 22 22 0 28
26 17 16 18 8 4 15
6 20 25 24 18 12 13
8 17 4 9 9 8 8
9 9 8 22 22 0 15
25 10 20 22 22 0 23
11 18 23 16 10 24 8
16 10 24 21 25 5 24
17 4 8 20 11 24 17
20 11 24 7 26 0 28
11 18 23 26 17 16 7
22 22 0 10 26 26 26
9 9 8 2 14 14 7
1 12 10 12 16 19 9
23 1 20 25 10 20 9
24 18 12 22 22 0 12
26 17 16 14 18 21 5
7 26 0 4 3 3 23
12 16 19 10 26 26 12
10 26 26 11 18 23 8
24 18 12 1 12 10 6
25 10 20 14 18 21 8
10 26 26 18 8 4 28
18 8 4 25 10 20 16
11 18 23 4 3 3 25
13 14 14 15 14 20 6
9 9 8 0 3 21 14
17 4 8 18 8 4 5
10 26 26 21 25 5 21
18 8 4 16 10 24 20
17 4 8 24 18 12 14
12 16 19 0 3 21 13
23 1 20 12 16 19 15
0 3 21 3 15 16 13
7 26 0 19 19 18 19
2 14 14 7 26 0 18
23 1 20 24 18 12 18
0 3 21 2 14 14 13
10 26 26 5 15 10 19
24 18 12 16 10 24 14
5 15 10 4 3 3 13
15 14 20 6 20 25 7
19 19 18 15 14 20 5
3 15 16 21 25 5 14
7 26 0 3 15 16 19
6 20 25 5 15 10 15
18 8 4 8 17 4 9
24 18 12 8 17 4 8
26 17 16 25 10 20 8
19 19 18 24 18 12 6
11 18 23 1 12 10 14
5 15 10 8 17 4 6
7 26 0 5 15 10 14
11 18 23 25 10 20 8
13 14 14 18 8 4 11
6 20 25 9 9 8 20
9 9 8 23 1 20 14
11 18 23 9 9 8 17
6 20 25 25 10 20 11
7 26 0 1 12 10 17
13 14 14 23 1 20 14
6 20 25 22 22 0 25
22 22 0 4 3 3 19
18 8 4 14 18 21 19
10 26 26 15 14 20 13
22 22 0 26 17 16 16
10 26 26 2 14 14 16
18 8 4 3 15 16 13
21 25 5 23 1 20 28
2 14 14 14 18 21 8
23 1 20 15 14 20 13
22 22 0 7 26 0 4
21 25 5 22 22 0 5
3 15 16 9 9 8 10
6 20 25 16 10 24 10
15 14 20 21 25 5 18
3 15 16 19 19 18 4
5 15 10 9 9 8 6
25 10 20 16 10 24 4