21 210
4 8 2 3 9 14 12
17 6 7 6 14 13 10
18 20 9 1 6 13 14
3 9 14 2 20 7 13
7 6 4 4 8 2 2
18 20 9 4 8 2 13
14 17 19 9 11 20 6
9 11 20 13 15 2 18
16 19 7 14 17 19 12
12 13 9 6 14 13 4
20 5 2 15 18 18 20
16 19 7 3 9 14 12
2 20 7 4 8 2 13
6 14 13 20 5 2 14
9 11 20 16 19 7 15
19 0 7 17 6 7 6
12 13 9 2 20 7 7
20 5 2 3 9 14 12
15 18 18 11 13 16 5
17 6 7 0 15 6 9
0 15 6 8 13 12 6
15 18 18 7 6 4 18
15 18 18 8 13 12 7
1 6 13 10 7 2 11
6 14 13 10 7 2 13
12 13 9 8 13 12 3
6 14 13 4 8 2 12
11 13 16 14 17 19 5
18 20 9 11 13 16 9
4 8 2 9 11 20 18
16 19 7 1 6 13 14
16 19 7 19 0 7 19
5 5 13 13 15 2 14
19 0 7 4 8 2 9
14 17 19 5 5 13 13
8 13 12 9 11 20 8
15 18 18 3 9 14 9
0 15 6 12 13 9 3
0 15 6 13 15 2 4
10 7 2 0 15 6 8
2 20 7 8 13 12 8
1 6 13 2 20 7 15
8 13 12 7 6 4 10
7 6 4 20 5 2 2
20 5 2 18 20 9 16
11 13 16 4 8 2 14
19 0 7 0 15 6 15
7 6 4 12 13 9 8
10 7 2 14 17 19 19
19 0 7 1 6 13 8
10 7 2 16 19 7 13
6 14 13 18 20 9 7
16 19 7 13 15 2 6
5 5 13 15 18 18 13
15 18 18 9 11 20 7
6 14 13 19 0 7 15
4 8 2 1 6 13 11
1 6 13 0 15 6 11
3 9 14 8 13 12 4
17 6 7 12 13 9 7
17 6 7 2 20 7 14
2 20 7 16 19 7 1
16 19 7 18 20 9 2
3 9 14 18 20 9 12
11 13 16 1 6 13 7
0 15 6 5 5 13 12
17 6 7 3 9 14 7
16 19 7 11 13 16 10
19 0 7 2 20 7 20
18 20 9 2 20 7 2
17 6 7 8 13 12 8
16 19 7 5 5 13 15
13 15 2 1 6 13 14
18 20 9 17 6 7 14
9 11 20 10 7 2 18
7 6 4 18 20 9 14
5 5 13 1 6 13 1
11 13 16 9 11 20 4
17 6 7 14 17 19 16
14 17 19 1 6 13 12
5 5 13 4 8 2 11
19 0 7 10 7 2 8
6 14 13 15 18 18 6
9 11 20 7 6 4 16
7 6 4 0 15 6 9
5 5 13 19 0 7 7
6 14 13 8 13 12 1
12 13 9 9 11 20 11
13 15 2 3 9 14 13
6 14 13 1 6 13 8
11 13 16 19 0 7 15
12 13 9 5 5 13 8
16 19 7 17 6 7 13
5 5 13 9 11 20 9
8 13 12 5 5 13 8
2 20 7 7 6 4 14
11 13 16 8 13 12 4
14 17 19 6 14 13 6
14 17 19 8 13 12 8
3 9 14 19 0 7 11
0 15 6 14 17 19 13
2 20 7 0 15 6 5
1 6 13 15 18 18 13
12 13 9 11 13 16 7
17 6 7 15 18 18 16
10 7 2 13 15 2 8
13 15 2 11 13 16 14
5 5 13 17 6 7 6
13 15 2 18 20 9 8
16 19 7 20 5 2 14
7 6 4 5 5 13 9
15 18 18 12 13 9 10
6 14 13 9 11 20 7
7 6 4 14 17 19 18
4 8 2 16 19 7 12
6 14 13 7 6 4 12
14 17 19 2 20 7 12
16 19 7 15 18 18 11
16 19 7 8 13 12 7
2 20 7 9 11 20 15
20 5 2 12 13 9 10
3 9 14 12 13 9 6
8 13 12 18 20 9 7
13 15 2 4 8 2 7
7 6 4 10 7 2 2
8 13 12 1 6 13 7
9 11 20 0 15 6 14
4 8 2 20 5 2 3
0 15 6 20 5 2 10
20 5 2 17 6 7 5
20 5 2 8 13 12 12
13 15 2 6 14 13 11
7 6 4 17 6 7 3
20 5 2 14 17 19 20
15 18 18 13 15 2 16
3 9 14 14 17 19 9
19 0 7 20 5 2 7
20 5 2 5 5 13 11
2 20 7 20 5 2 15
1 6 13 3 9 14 3
14 17 19 18 20 9 10
9 11 20 18 20 9 14
12 13 9 16 19 7 6
15 18 18 10 7 2 19
1 6 13 20 5 2 11
0 15 6 16 19 7 4
4 8 2 14 17 19 19
12 13 9 13 15 2 7
19 0 7 13 15 2 15
19 0 7 15 18 18 21
19 0 7 12 13 9 13
6 14 13 11 13 16 3
17 6 7 1 6 13 6
3 9 14 9 11 20 6
16 19 7 6 14 13 7
2 20 7 10 7 2 13
6 14 13 3 9 14 5
3 9 14 10 7 2 12
10 7 2 12 13 9 9
13 15 2 20 5 2 10
2 20 7 15 18 18 11
11 13 16 3 9 14 4
19 0 7 18 20 9 20
10 7 2 18 20 9 14
19 0 7 14 17 19 20
0 15 6 18 20 9 5
17 6 7 9 11 20 13
11 13 16 7 6 4 13
4 8 2 17 6 7 5
4 8 2 12 13 9 8
4 8 2 0 15 6 8
3 9 14 5 5 13 4
8 13 12 10 7 2 11
20 5 2 10 7 2 2
17 6 7 13 15 2 10
6 14 13 2 20 7 8
4 8 2 8 13 12 11
12 13 9 14 17 19 10
19 0 7 9 11 20 17
14 17 19 13 15 2 17
0 15 6 6 14 13 7
0 15 6 15 18 18 12
13 15 2 8 13 12 10
18 20 9 12 13 9 7
12 13 9 1 6 13 8
1 6 13 7 6 4 9
7 6 4 19 0 7 6
13 15 2 2 20 7 7
18 20 9 5 5 13 15
5 5 13 11 13 16 8
5 5 13 6 14 13 9
14 17 19 15 18 18 1
17 6 7 10 7 2 5
11 13 16 2 20 7 11
11 13 16 17 6 7 11
8 13 12 19 0 7 13
11 13 16 0 15 6 10
11 13 16 20 5 2 16
20 5 2 9 11 20 18
13 15 2 7 6 4 9
10 7 2 5 5 13 11
11 13 16 10 7 2 15
18 20 9 15 18 18 9
3 9 14 7 6 4 10
4 8 2 10 7 2 1
1 6 13 9 11 20 8
5 5 13 2 20 7 16
16 19 7 7 6 4 13
15 18 18 4 8 2 18
3 9 14 0 15 6 10