73 2628
54 22 9 72 6 52 45
28 51 19 57 42 43 25
7 25 7 24 10 37 33
10 11 2 61 69 44 71
60 41 50 55 0 36 43
25 63 66 4 38 21 51
28 51 19 44 15 59 53
17 9 18 12 0 33 17
49 5 24 30 33 44 34
62 36 6 44 15 59 57
41 42 15 62 36 6 10
53 45 1 61 69 44 49
12 0 33 54 22 9 32
14 61 45 51 46 51 16
56 67 27 36 7 40 61
23 23 68 62 36 6 63
15 49 14 3 62 28 19
1 24 61 0 37 31 32
72 6 52 19 45 6 60
57 42 43 44 15 59 31
16 68 26 56 67 27 1
72 6 52 1 24 61 20
61 69 44 1 24 61 48
71 38 67 69 25 49 22
50 39 8 32 52 33 28
48 15 26 26 36 61 40
55 0 36 11 36 20 39
63 62 37 21 42 55 26
57 42 43 68 47 7 36
12 0 33 53 45 1 55
16 68 26 21 42 55 38
8 37 8 68 47 7 10
50 39 8 37 59 22 24
38 2 44 55 0 36 8
5 27 49 26 36 61 15
65 52 5 69 25 49 51
12 0 33 9 0 3 30
10 11 2 58 16 68 66
10 11 2 30 33 44 47
55 0 36 39 63 21 64
19 45 6 0 37 31 26
4 38 21 24 10 37 32
6 30 46 24 10 37 21
17 9 18 26 36 61 50
66 21 64 26 36 61 15
38 2 44 29 6 50 7
28 51 19 15 49 14 5
20 12 44 21 42 55 31
69 25 49 52 49 71 32
28 51 19 33 39 57 39
40 17 44 26 36 61 25
72 6 52 52 49 71 47
17 9 18 28 51 19 42
67 5 70 47 67 3 91
14 61 45 4 38 21 33
30 33 44 57 42 43 9
56 67 27 70 33 7 39
29 6 50 63 62 37 57
44 15 59 53 45 1 65
2 25 62 28 51 19 50
71 38 67 23 23 68 15
4 38 21 39 63 21 25
9 0 3 17 9 18 17
4 38 21 36 7 40 36
61 69 44 3 62 28 17
10 11 2 4 38 21 33
67 5 70 29 6 50 20
48 15 26 37 59 22 44
13 57 25 48 15 26 42
71 38 67 15 49 14 54
70 33 7 66 21 64 58
45 46 53 31 48 51 2
31 48 51 37 59 22 31
66 21 64 23 23 68 4
31 48 51 64 41 29 23
57 42 43 13 57 25 23
5 27 49 23 23 68 19
43 53 27 63 62 37 13
34 2 42 26 36 61 38
15 49 14 54 22 9 27
46 11 22 67 5 70 48
51 46 51 4 38 21 31
39 63 21 53 45 1 26
7 25 7 1 24 61 54
0 37 31 11 36 20 11
3 62 28 25 63 66 38
55 0 36 9 0 3 33
42 26 41 4 38 21 23
36 7 40 6 30 46 23
9 0 3 33 39 57 66
14 61 45 12 0 33 62
15 49 14 40 17 44 43
6 30 46 60 41 50 11
30 33 44 20 12 44 21
43 53 27 48 15 26 38
65 52 5 23 23 68 69
11 36 20 32 52 33 20
70 33 7 24 10 37 37
66 21 64 46 11 22 43
13 57 25 49 5 24 52
28 51 19 39 63 21 12
65 52 5 40 17 44 52
34 2 42 41 42 15 48
47 67 3 2 25 62 72
61 69 44 71 38 67 38
49 5 24 56 67 27 62
32 52 33 66 21 64 43
9 0 3 69 25 49 52
34 2 42 47 67 3 75
11 36 20 49 5 24 31
26 36 61 55 0 36 43
63 62 37 19 45 6 35
1 24 61 69 25 49 12
9 0 3 48 15 26 27
67 5 70 51 46 51 45
70 33 7 27 63 25 34
37 59 22 2 25 62 52
65 52 5 64 41 29 26
43 53 27 52 49 71 44
50 39 8 22 24 65 58
65 52 5 17 9 18 44
14 61 45 72 6 52 55
27 63 25 66 21 64 57
32 52 33 2 25 62 39
51 46 51 36 7 40 40
34 2 42 9 0 3 39
52 49 71 29 6 50 47
44 15 59 39 63 21 61
13 57 25 46 11 22 46
27 63 25 33 39 57 40
11 36 20 51 46 51 32
24 10 37 51 46 51 38
41 42 15 63 62 37 29
37 59 22 28 51 19 8
48 15 26 72 6 52 27
62 36 6 9 0 3 36
54 22 9 44 15 59 50
43 53 27 15 49 14 13
43 53 27 72 6 52 53
55 0 36 32 52 33 52
48 15 26 39 63 21 48
6 30 46 52 49 71 31
61 69 44 67 5 70 69
44 15 59 37 59 22 57
66 21 64 35 25 50 14
60 41 50 64 41 29 21
3 62 28 35 25 50 43
60 41 50 47 67 3 53
2 25 62 1 24 61 1
62 36 6 71 38 67 61
15 49 14 47 67 3 21
45 46 53 39 63 21 36
48 15 26 42 26 41 18
65 52 5 52 49 71 66
60 41 50 30 33 44 10
67 5 70 60 41 50 41
44 15 59 59 33 38 27
46 11 22 7 25 7 20
14 61 45 40 17 44 44
64 41 29 62 36 6 23
25 63 66 6 30 46 38
49 5 24 31 48 51 50
26 36 61 63 62 37 35
44 15 59 27 63 25 58
46 11 22 15 49 14 38
65 52 5 41 42 15 14
20 12 44 4 38 21 34
44 15 59 50 39 8 56
4 38 21 44 15 59 44
53 45 1 7 25 7 20
0 37 31 2 25 62 33
10 11 2 69 25 49 49
71 38 67 35 25 50 21
68 47 7 50 39 8 8
22 24 65 26 36 61 12
31 48 51 0 37 31 22
46 11 22 70 33 7 26
44 15 59 29 6 50 12
71 38 67 67 5 70 33
45 46 53 21 42 55 4
71 38 67 8 37 8 59
62 36 6 66 21 64 59
5 27 49 37 59 22 41
3 62 28 37 59 22 6
19 45 6 4 38 21 16
54 22 9 68 47 7 25
14 61 45 61 69 44 8
33 39 57 62 36 6 51
56 67 27 65 52 5 26
18 63 69 7 25 7 72
38 2 44 72 6 52 8
57 42 43 2 25 62 25
21 42 55 53 45 1 54
12 0 33 0 37 31 37
30 33 44 0 37 31 13
69 25 49 25 63 66 41
18 63 69 6 30 46 40
26 36 61 46 11 22 46
60 41 50 2 25 62 20
26 36 61 24 10 37 35
52 49 71 2 25 62 25
70 33 7 71 38 67 60
60 41 50 9 0 3 62
12 0 33 45 46 53 50
1 24 61 58 16 68 10
58 16 68 26 36 61 21
0 37 31 49 5 24 32
39 63 21 15 49 14 15
15 49 14 2 25 62 53
69 25 49 59 33 38 13
7 25 7 48 15 26 21
18 63 69 39 63 21 48
55 0 36 19 45 6 54
39 63 21 69 25 49 47
6 30 46 42 26 41 6
6 30 46 39 63 21 41
55 0 36 40 17 44 18
44 15 59 48 15 26 33
64 41 29 59 33 38 12
41 42 15 69 25 49 38
23 23 68 27 63 25 58
48 15 26 32 52 33 37
51 46 51 42 26 41 22
42 26 41 16 68 26 44
7 25 7 64 41 29 27
9 0 3 24 10 37 35
0 37 31 24 10 37 27
54 22 9 33 39 57 50
25 63 66 48 15 26 62
1 24 61 5 27 49 12
44 15 59 36 7 40 20
12 0 33 42 26 41 27
12 0 33 7 25 7 36
67 5 70 28 51 19 68
39 63 21 46 11 22 52
24 10 37 64 41 29 32
36 7 40 49 5 24 16
50 39 8 59 33 38 30
25 63 66 17 9 18 72
26 36 61 43 53 27 38
46 11 22 17 9 18 4
56 67 27 20 12 44 57
66 21 64 47 67 3 76
35 25 50 65 52 5 52
62 36 6 7 25 7 11
52 49 71 53 45 1 70
41 42 15 40 17 44 38
62 36 6 0 37 31 25
52 49 71 61 69 44 33
69 25 49 54 22 9 40
32 52 33 43 53 27 6
41 42 15 70 33 7 12
44 15 59 65 52 5 65
1 24 61 53 45 1 63
21 42 55 30 33 44 14
10 11 2 44 15 59 57
60 41 50 17 9 18 45
53 45 1 54 22 9 24
64 41 29 70 33 7 23
1 24 61 3 62 28 50
70 33 7 68 47 7 14
5 27 49 57 42 43 16
67 5 70 10 11 2 68
43 53 27 9 0 3 58
51 46 51 0 37 31 21
2 25 62 68 47 7 59
2 25 62 72 6 52 21
31 48 51 8 37 8 44
59 33 38 26 36 61 23
47 67 3 21 42 55 57
38 2 44 32 52 33 51
26 36 61 72 6 52 31
22 24 65 28 51 19 53
18 63 69 71 38 67 25
27 63 25 49 5 24 58
0 37 31 26 36 61 30
7 25 7 28 51 19 28
57 42 43 54 22 9 39
67 5 70 0 37 31 50
47 67 3 0 37 31 41
37 59 22 6 30 46 37
52 49 71 13 57 25 46
36 7 40 24 10 37 4
59 33 38 11 36 20 18
29 6 50 56 67 27 65
34 2 42 27 63 25 63
8 37 8 5 27 49 42
68 47 7 25 63 66 61
66 21 64 7 25 7 57
44 15 59 26 36 61 21
3 62 28 39 63 21 7
72 6 52 33 39 57 33
10 11 2 62 36 6 25
30 33 44 13 57 25 30
39 63 21 30 33 44 37
53 45 1 46 11 22 39
42 26 41 31 48 51 24
18 63 69 37 59 22 47
24 10 37 39 63 21 55
33 39 57 17 9 18 49
51 46 51 26 36 61 14
29 6 50 36 7 40 10
5 27 49 65 52 5 50
51 46 51 49 5 24 49
28 51 19 51 46 51 32
43 53 27 6 30 46 29
19 45 6 62 36 6 9
49 5 24 8 37 8 35
40 17 44 58 16 68 24
5 27 49 30 33 44 7
51 46 51 70 33 7 45
53 45 1 59 33 38 38
68 47 7 0 37 31 26
1 24 61 60 41 50 20
62 36 6 15 49 14 15
71 38 67 42 26 41 28
35 25 50 58 16 68 20
9 0 3 58 16 68 66
15 49 14 35 25 50 43
57 42 43 70 33 7 37
38 2 44 47 67 3 76
58 16 68 16 68 26 66
29 6 50 50 39 8 53
5 27 49 44 15 59 15
32 52 33 6 30 46 25
7 25 7 54 22 9 3
4 38 21 41 42 15 7
69 25 49 63 62 37 38
62 36 6 67 5 70 71
24 10 37 46 11 22 15
6 30 46 49 5 24 33
21 42 55 32 52 33 24
64 41 29 15 49 14 17
68 47 7 71 38 67 60
3 62 28 18 63 69 41
46 11 22 68 47 7 39
15 49 14 21 42 55 41
67 5 70 44 15 59 14
44 15 59 41 42 15 51
19 45 6 21 42 55 49
51 46 51 53 45 1 50
8 37 8 4 38 21 13
19 45 6 8 37 8 8
59 33 38 41 42 15 24
11 36 20 40 17 44 30
15 49 14 6 30 46 37
46 11 22 43 53 27 42
67 5 70 11 36 20 58
22 24 65 55 0 36 37
57 42 43 29 6 50 36
1 24 61 17 9 18 45
14 61 45 29 6 50 55
51 46 51 58 16 68 34
10 11 2 68 47 7 36
64 41 29 55 0 36 41
51 46 51 7 25 7 48
60 41 50 58 16 68 30
72 6 52 70 33 7 52
30 33 44 41 42 15 30
39 63 21 0 37 31 27
45 46 53 41 42 15 38
65 52 5 26 36 61 58
25 63 66 58 16 68 47
14 61 45 53 45 1 46
24 10 37 53 45 1 50
31 48 51 54 22 9 49
65 52 5 36 7 40 57
1 24 61 62 36 6 56
52 49 71 36 7 40 52
33 39 57 34 2 42 39
64 41 29 14 61 45 25
42 26 41 18 63 69 46
56 67 27 21 42 55 37
39 63 21 61 69 44 23
6 30 46 38 2 44 28
61 69 44 26 36 61 37
17 9 18 30 33 44 35
32 52 33 49 5 24 47
40 17 44 45 46 53 30
10 11 2 19 45 6 34
11 36 20 2 25 62 43
12 0 33 59 33 38 33
7 25 7 45 46 53 50
61 69 44 59 33 38 36
33 39 57 46 11 22 44
50 39 8 67 5 70 70
5 27 49 70 33 7 42
68 47 7 64 41 29 22
8 37 8 25 63 66 63
23 23 68 46 11 22 47
55 0 36 62 36 6 46
72 6 52 51 46 51 40
25 63 66 20 12 44 55
60 41 50 33 39 57 7
17 9 18 43 53 27 44
68 47 7 33 39 57 50
38 2 44 71 38 67 42
7 25 7 16 68 26 47
61 69 44 29 6 50 63
25 63 66 7 25 7 70
32 52 33 59 33 38 19
22 24 65 7 25 7 58
32 52 33 10 11 2 51
54 22 9 5 27 49 40
40 17 44 59 33 38 17
71 38 67 59 33 38 29
6 30 46 28 51 19 34
59 33 38 48 15 26 21
20 12 44 39 63 21 55
8 37 8 9 0 3 37
54 22 9 26 36 61 53
39 63 21 64 41 29 23
24 10 37 48 15 26 12
29 6 50 19 45 6 58
50 39 8 51 46 51 43
66 21 64 6 30 46 20
29 6 50 20 12 44 8
14 61 45 55 0 36 61
12 0 33 15 49 14 52
1 24 61 30 33 44 19
6 30 46 4 38 21 26
35 25 50 38 2 44 23
30 33 44 46 11 22 31
72 6 52 23 23 68 23
41 42 15 43 53 27 16
19 45 6 47 67 3 22
6 30 46 5 27 49 4
3 62 28 17 9 18 53
16 68 26 32 52 33 17
64 41 29 36 7 40 35
64 41 29 44 15 59 39
16 68 26 2 25 62 56
50 39 8 55 0 36 48
54 22 9 40 17 44 35
15 49 14 69 25 49 42
37 59 22 43 53 27 7
33 39 57 47 67 3 60
19 45 6 33 39 57 51
40 17 44 38 2 44 15
0 37 31 6 30 46 16
56 67 27 0 37 31 30
59 33 38 58 16 68 34
22 24 65 33 39 57 17
34 2 42 63 62 37 60
54 22 9 45 46 53 50
46 11 22 11 36 20 25
35 25 50 0 37 31 22
20 12 44 2 25 62 22
47 67 3 32 52 33 33
56 67 27 24 10 37 57
2 25 62 22 24 65 3
63 62 37 0 37 31 25
15 49 14 57 42 43 29
22 24 65 25 63 66 39
66 21 64 61 69 44 52
0 37 31 72 6 52 37
40 17 44 44 15 59 15
36 7 40 46 11 22 18
63 62 37 60 41 50 24
49 5 24 9 0 3 21
30 33 44 16 68 26 39
31 48 51 26 36 61 15
23 23 68 67 5 70 18
45 46 53 1 24 61 23
34 2 42 49 5 24 18
28 51 19 62 36 6 19
18 63 69 21 42 55 25
9 0 3 65 52 5 52
47 67 3 12 0 33 73
1 24 61 42 26 41 20
4 38 21 26 36 61 40
20 12 44 58 16 68 24
52 49 71 16 68 26 48
57 42 43 38 2 44 40
51 46 51 22 24 65 26
14 61 45 41 42 15 35
8 37 8 23 23 68 61
0 37 31 46 11 22 27
59 33 38 6 30 46 8
36 7 40 23 23 68 32
36 7 40 8 37 8 43
39 63 21 8 37 8 29
6 30 46 55 0 36 31
65 52 5 24 10 37 52
42 26 41 50 39 8 35
18 63 69 17 9 18 74
35 25 50 27 63 25 45
17 9 18 27 63 25 54
68 47 7 20 12 44 50
7 25 7 69 25 49 42
72 6 52 12 0 33 19
53 45 1 55 0 36 57
40 17 44 47 67 3 64
33 39 57 48 15 26 39
9 0 3 41 42 15 43
46 11 22 58 16 68 46
5 27 49 9 0 3 53
56 67 27 61 69 44 17
43 53 27 25 63 66 40
11 36 20 43 53 27 18
2 25 62 17 9 18 46
10 11 2 5 27 49 49
39 63 21 1 24 61 55
3 62 28 62 36 6 34
55 0 36 12 0 33 3
15 49 14 5 27 49 41
43 53 27 10 11 2 48
36 7 40 70 33 7 42
35 25 50 5 27 49 2
21 42 55 43 53 27 30
3 62 28 49 5 24 57
13 57 25 4 38 21 19
27 63 25 32 52 33 13
11 36 20 28 51 19 15
26 36 61 68 47 7 55
71 38 67 58 16 68 22
3 62 28 5 27 49 40
64 41 29 12 0 33 41
41 42 15 51 46 51 36
35 25 50 29 6 50 19
47 67 3 9 0 3 67
0 37 31 29 6 50 36
52 49 71 5 27 49 31
42 26 41 8 37 8 34
7 25 7 68 47 7 22
51 46 51 12 0 33 49
55 0 36 33 39 57 44
19 45 6 64 41 29 23
51 46 51 17 9 18 49
11 36 20 52 49 71 52
24 10 37 1 24 61 27
22 24 65 10 11 2 64
31 48 51 67 5 70 47
18 63 69 57 42 43 33
33 39 57 6 30 46 14
32 52 33 15 49 14 19
65 52 5 51 46 51 46
33 39 57 13 57 25 36
6 30 46 50 39 8 39
57 42 43 33 39 57 14
2 25 62 27 63 25 53
2 25 62 12 0 33 38
11 36 20 58 16 68 52
35 25 50 30 33 44 10
44 15 59 35 25 50 13
3 62 28 54 22 9 44
35 25 50 59 33 38 14
24 10 37 35 25 50 19
43 53 27 18 63 69 43
3 62 28 65 52 5 25
36 7 40 30 33 44 26
71 38 67 53 45 1 66
44 15 59 21 42 55 27
10 11 2 37 59 22 52
28 51 19 35 25 50 40
12 0 33 5 27 49 31
39 63 21 26 36 61 48
48 15 26 40 17 44 18
51 46 51 10 11 2 60
11 36 20 66 21 64 46
52 49 71 17 9 18 66
56 67 27 11 36 20 31
50 39 8 0 37 31 23
44 15 59 12 0 33 30
20 12 44 67 5 70 26
2 25 62 45 46 53 22
58 16 68 27 63 25 63
10 11 2 24 10 37 35
9 0 3 16 68 26 71
13 57 25 68 47 7 20
32 52 33 54 22 9 38
46 11 22 19 45 6 37
36 7 40 19 45 6 50
36 7 40 62 36 6 44
62 36 6 49 5 24 35
49 5 24 66 21 64 43
9 0 3 28 51 19 53
35 25 50 46 11 22 31
12 0 33 69 25 49 29
40 17 44 71 38 67 31
16 68 26 53 45 1 33
11 36 20 3 62 28 27
60 41 50 5 27 49 14
2 25 62 34 2 42 30
66 21 64 53 45 1 67
20 12 44 49 5 24 21
5 27 49 34 2 42 25
49 5 24 50 39 8 37
9 0 3 71 38 67 74
29 6 50 17 9 18 32
10 11 2 48 15 26 24
34 2 42 71 38 67 43
71 38 67 12 0 33 50
61 69 44 9 0 3 80
29 6 50 24 10 37 13
40 17 44 69 25 49 9
37 59 22 56 67 27 9
39 63 21 41 42 15 21
61 69 44 70 33 7 51
33 39 57 59 33 38 19
46 11 22 47 67 3 59
70 33 7 17 9 18 26
27 63 25 38 2 44 63
50 39 8 62 36 6 3
31 48 51 72 6 52 42
45 46 53 5 27 49 19
47 67 3 5 27 49 60
57 42 43 8 37 8 35
57 42 43 47 67 3 47
7 25 7 59 33 38 32
48 15 26 49 5 24 10
60 41 50 34 2 42 39
24 10 37 41 42 15 38
27 63 25 12 0 33 63
25 63 66 50 39 8 62
43 53 27 20 12 44 44
7 25 7 30 33 44 37
36 7 40 2 25 62 28
30 33 44 9 0 3 52
64 41 29 45 46 53 24
1 24 61 33 39 57 15
22 24 65 31 48 51 27
57 42 43 14 61 45 19
32 52 33 67 5 70 59
45 46 53 23 23 68 27
15 49 14 61 69 44 36
19 45 6 49 5 24 43
51 46 51 61 69 44 24
1 24 61 54 22 9 52
28 51 19 10 11 2 43
24 10 37 44 15 59 22
60 41 50 35 25 50 16
21 42 55 27 63 25 36
60 41 50 4 38 21 29
22 24 65 16 68 26 58
46 11 22 52 49 71 62
2 25 62 29 6 50 22
4 38 21 53 45 1 21
19 45 6 17 9 18 37
26 36 61 12 0 33 45
3 62 28 24 10 37 52
0 37 31 54 22 9 26
65 52 5 15 49 14 9
50 39 8 43 53 27 23
24 10 37 5 27 49 20
61 69 44 69 25 49 44
60 41 50 15 49 14 36
64 41 29 11 36 20 10
11 36 20 68 47 7 17
0 37 31 58 16 68 42
53 45 1 23 23 68 70
0 37 31 36 7 40 31
18 63 69 26 36 61 28
70 33 7 1 24 61 54
19 45 6 56 67 27 30
71 38 67 64 41 29 38
70 33 7 32 52 33 32
46 11 22 56 67 27 56
5 27 49 2 25 62 13
21 42 55 46 11 22 45
70 33 7 25 63 66 66
39 63 21 59 33 38 34
13 57 25 1 24 61 48
10 11 2 54 22 9 13
60 41 50 52 49 71 22
50 39 8 8 37 8 2
5 27 49 14 61 45 34
66 21 64 64 41 29 40
41 42 15 15 49 14 7
24 10 37 40 17 44 9
27 63 25 15 49 14 17
34 2 42 15 49 14 54
54 22 9 9 0 3 22
40 17 44 42 26 41 9
47 67 3 58 16 68 82
14 61 45 10 11 2 65
42 26 41 68 47 7 39
27 63 25 10 11 2 56
8 37 8 52 49 71 64
15 49 14 53 45 1 13
13 57 25 59 33 38 27
17 9 18 32 52 33 45
43 53 27 12 0 33 53
8 37 8 14 61 45 44
54 22 9 58 16 68 59
55 0 36 25 63 66 69
47 67 3 55 0 36 74
63 62 37 72 6 52 57
28 51 19 26 36 61 44
64 41 29 26 36 61 32
48 15 26 61 69 44 56
52 49 71 1 24 61 26
34 2 42 38 2 44 2
55 0 36 66 21 64 35
51 46 51 59 33 38 18
12 0 33 13 57 25 57
21 42 55 17 9 18 49
68 47 7 48 15 26 37
6 30 46 67 5 70 34
57 42 43 51 46 51 8
10 11 2 0 37 31 38
63 62 37 52 49 71 36
2 25 62 56 67 27 54
38 2 44 3 62 28 62
64 41 29 47 67 3 36
34 2 42 37 59 22 60
54 22 9 67 5 70 63
67 5 70 53 45 1 79
44 15 59 45 46 53 31
6 30 46 2 25 62 16
39 63 21 19 45 6 23
49 5 24 53 45 1 46
69 25 49 29 6 50 19
22 24 65 52 49 71 25
25 63 66 67 5 70 58
36 7 40 17 9 18 22
15 49 14 17 9 18 40
33 39 57 64 41 29 28
46 11 22 71 38 67 52
44 15 59 18 63 69 49
10 11 2 52 49 71 78
19 45 6 23 23 68 65
46 11 22 10 11 2 20
23 23 68 6 30 46 23
66 21 64 57 42 43 29
8 37 8 44 15 59 55
43 53 27 56 67 27 14
59 33 38 38 2 44 31
28 51 19 40 17 44 42
71 38 67 31 48 51 18
7 25 7 8 37 8 12
51 46 51 19 45 6 45
60 41 50 37 59 22 33
3 62 28 22 24 65 53
34 2 42 3 62 28 61
24 10 37 55 0 36 10
17 9 18 41 42 15 33
52 49 71 7 25 7 68
40 17 44 39 63 21 51
14 61 45 49 5 24 59
21 42 55 23 23 68 23
55 0 36 46 11 22 17
27 63 25 6 30 46 39
38 2 44 12 0 33 11
46 11 22 49 5 24 6
23 23 68 43 53 27 50
51 46 51 54 22 9 48
50 39 8 4 38 21 13
30 33 44 56 67 27 38
62 36 6 37 59 22 28
2 25 62 10 11 2 61
47 67 3 8 37 8 30
19 45 6 67 5 70 75
9 0 3 3 62 28 66
33 39 57 2 25 62 14
49 5 24 57 42 43 41
67 5 70 45 46 53 44
20 12 44 15 49 14 47
28 51 19 63 62 37 21
1 24 61 65 52 5 62
35 25 50 50 39 8 44
21 42 55 25 63 66 23
4 38 21 3 62 28 25
18 63 69 23 23 68 40
45 46 53 13 57 25 30
64 41 29 6 30 46 20
45 46 53 35 25 50 21
2 25 62 51 46 51 23
46 11 22 25 63 66 68
42 26 41 37 59 22 38
16 68 26 15 49 14 22
35 25 50 22 24 65 15
69 25 49 23 23 68 19
22 24 65 61 69 44 49
16 68 26 8 37 8 35
27 63 25 3 62 28 3
30 33 44 23 23 68 26
71 38 67 65 52 5 63
0 37 31 42 26 41 14
39 63 21 49 5 24 58
42 26 41 67 5 70 35
62 36 6 8 37 8 2
72 6 52 32 52 33 49
12 0 33 52 49 71 62
42 26 41 20 12 44 14
58 16 68 29 6 50 20
3 62 28 28 51 19 14
10 11 2 63 62 37 61
49 5 24 52 49 71 64
17 9 18 71 38 67 56
58 16 68 4 38 21 51
53 45 1 32 52 33 32
20 12 44 34 2 42 10
16 68 26 45 46 53 34
31 48 51 20 12 44 36
61 69 44 0 37 31 34
7 25 7 2 25 62 55
52 49 71 42 26 41 37
13 57 25 21 42 55 33
47 67 3 24 10 37 66
34 2 42 56 67 27 66
47 67 3 23 23 68 78
45 46 53 56 67 27 33
48 15 26 3 62 28 47
6 30 46 65 52 5 46
21 42 55 59 33 38 19
15 49 14 36 7 40 49
48 15 26 28 51 19 36
12 0 33 46 11 22 15
3 62 28 55 0 36 62
35 25 50 7 25 7 43
4 38 21 33 39 57 36
9 0 3 2 25 62 64
22 24 65 24 10 37 31
23 23 68 54 22 9 59
41 42 15 53 45 1 14
22 24 65 37 59 22 55
43 53 27 13 57 25 4
0 37 31 45 46 53 23
71 38 67 29 6 50 36
46 11 22 31 48 51 47
72 6 52 62 36 6 54
43 53 27 68 47 7 20
28 51 19 42 26 41 33
65 52 5 7 25 7 27
60 41 50 69 25 49 16
3 62 28 60 41 50 30
25 63 66 60 41 50 27
63 62 37 17 9 18 56
39 63 21 65 52 5 19
5 27 49 0 37 31 20
22 24 65 36 7 40 30
1 24 61 32 52 33 39
58 16 68 12 0 33 38
23 23 68 24 10 37 33
69 25 49 42 26 41 8
61 69 44 65 52 5 42
37 59 22 30 33 44 34
60 41 50 57 42 43 7
42 26 41 2 25 62 21
35 25 50 10 11 2 50
3 62 28 59 33 38 30
23 23 68 26 36 61 14
17 9 18 59 33 38 31
41 42 15 16 68 26 28
44 15 59 23 23 68 12
13 57 25 26 36 61 41
54 22 9 13 57 25 38
9 0 3 13 57 25 61
36 7 40 58 16 68 29
48 15 26 70 33 7 26
68 47 7 5 27 49 46
37 59 22 72 6 52 60
27 63 25 40 17 44 49
47 67 3 71 38 67 70
44 15 59 43 53 27 49
42 26 41 36 7 40 19
33 39 57 58 16 68 25
12 0 33 28 51 19 52
50 39 8 17 9 18 31
35 25 50 21 42 55 17
13 57 25 58 16 68 59
59 33 38 16 68 26 37
55 0 36 70 33 7 43
44 15 59 51 46 51 32
8 37 8 1 24 61 54
52 49 71 19 45 6 65
60 41 50 23 23 68 25
39 63 21 56 67 27 7
5 27 49 19 45 6 46
67 5 70 17 9 18 52
40 17 44 56 67 27 52
60 41 50 65 52 5 46
14 61 45 28 51 19 27
66 21 64 60 41 50 24
26 36 61 47 67 3 65
45 46 53 38 2 44 44
23 23 68 29 6 50 24
17 9 18 10 11 2 16
71 38 67 30 33 44 23
65 52 5 62 36 6 16
66 21 64 38 2 44 27
59 33 38 63 62 37 29
12 0 33 33 39 57 45
57 42 43 19 45 6 37
56 67 27 14 61 45 18
56 67 27 5 27 49 45
37 59 22 12 0 33 60
59 33 38 15 49 14 28
50 39 8 13 57 25 24
41 42 15 46 11 22 31
68 47 7 60 41 50 43
56 67 27 69 25 49 47
47 67 3 6 30 46 56
27 63 25 55 0 36 63
33 39 57 24 10 37 35
32 52 33 68 47 7 26
12 0 33 31 48 51 51
5 27 49 55 0 36 29
65 52 5 42 26 41 44
57 42 43 53 45 1 42
64 41 29 29 6 50 40
10 11 2 23 23 68 67
4 38 21 28 51 19 13
50 39 8 30 33 44 36
50 39 8 31 48 51 43
68 47 7 39 63 21 21
30 33 44 58 16 68 29
24 10 37 27 63 25 54
72 6 52 11 36 20 43
59 33 38 36 7 40 26
3 62 28 31 48 51 26
18 63 69 1 24 61 39
53 45 1 40 17 44 51
65 52 5 22 24 65 66
65 52 5 19 45 6 7
39 63 21 54 22 9 42
37 59 22 54 22 9 39
54 22 9 4 38 21 20
13 57 25 27 63 25 6
19 45 6 3 62 28 27
29 6 50 42 26 41 21
69 25 49 67 5 70 29
26 36 61 42 26 41 22
57 42 43 64 41 29 14
24 10 37 11 36 20 31
44 15 59 55 0 36 27
63 62 37 38 2 44 60
61 69 44 37 59 22 24
11 36 20 9 0 3 39
33 39 57 66 21 64 19
15 49 14 48 15 26 36
38 2 44 33 39 57 39
24 10 37 15 49 14 45
8 37 8 70 33 7 4
10 11 2 29 6 50 48
27 63 25 0 37 31 26
18 63 69 64 41 29 45
28 51 19 71 38 67 49
72 6 52 66 21 64 19
31 48 51 27 63 25 30
0 37 31 48 15 26 22
24 10 37 42 26 41 16
54 22 9 42 26 41 32
27 63 25 28 51 19 13
24 10 37 43 53 27 44
37 59 22 53 45 1 25
20 12 44 35 25 50 14
44 15 59 15 49 14 56
2 25 62 31 48 51 25
28 51 19 1 24 61 49
0 37 31 23 23 68 39
51 46 51 48 15 26 39
29 6 50 16 68 26 66
20 12 44 7 25 7 39
72 6 52 20 12 44 10
19 45 6 71 38 67 61
2 25 62 48 15 26 37
37 59 22 26 36 61 45
52 49 71 32 52 33 38
5 27 49 66 21 64 16
69 25 49 35 25 50 1
34 2 42 62 36 6 49
16 68 26 51 46 51 33
72 6 52 40 17 44 13
27 63 25 57 42 43 27
50 39 8 47 67 3 28
28 51 19 23 23 68 56
9 0 3 52 49 71 83
59 33 38 2 25 62 25
35 25 50 11 36 20 31
15 49 14 52 49 71 57
4 38 21 1 24 61 42
51 46 51 6 30 46 16
48 15 26 5 27 49 25
22 24 65 14 61 45 42
34 2 42 0 37 31 36
18 63 69 8 37 8 66
2 25 62 53 45 1 64
11 36 20 34 2 42 40
11 36 20 61 69 44 40
16 68 26 34 2 42 67
29 6 50 8 37 8 52
13 57 25 65 52 5 20
54 22 9 65 52 5 30
72 6 52 56 67 27 65
51 46 51 46 11 22 45
64 41 29 0 37 31 4
56 67 27 54 22 9 48
40 17 44 49 5 24 23
7 25 7 67 5 70 66
35 25 50 16 68 26 49
50 39 8 14 61 45 43
64 41 29 46 11 22 30
61 69 44 12 0 33 69
69 25 49 32 52 33 31
60 41 50 16 68 26 36
20 12 44 6 30 46 18
42 26 41 5 27 49 8
22 24 65 48 15 26 40
34 2 42 22 24 65 31
59 33 38 23 23 68 31
14 61 45 13 57 25 20
56 67 27 60 41 50 34
61 69 44 46 11 22 62
49 5 24 65 52 5 50
27 63 25 45 46 53 32
22 24 65 64 41 29 39
66 21 64 37 59 22 56
14 61 45 69 25 49 36
9 0 3 35 25 50 53
25 63 66 45 46 53 21
7 25 7 58 16 68 61
28 51 19 56 67 27 17
9 0 3 22 24 65 66
43 53 27 61 69 44 23
48 15 26 41 42 15 29
62 36 6 40 17 44 42
18 63 69 4 38 21 54
41 42 15 8 37 8 8
13 57 25 15 49 14 13
1 24 61 40 17 44 18
11 36 20 65 52 5 21
32 52 33 39 63 21 16
51 46 51 25 63 66 22
46 11 22 54 22 9 17
28 51 19 54 22 9 30
36 7 40 20 12 44 6
32 52 33 36 7 40 45
2 25 62 35 25 50 12
64 41 29 61 69 44 31
7 25 7 6 30 46 39
11 36 20 29 6 50 42
8 37 8 37 59 22 26
22 24 65 12 0 33 40
32 52 33 25 63 66 34
47 67 3 4 38 21 34
52 49 71 71 38 67 11
61 69 44 6 30 46 39
1 24 61 68 47 7 58
49 5 24 4 38 21 33
12 0 33 70 33 7 42
54 22 9 66 21 64 55
47 67 3 7 25 7 42
3 62 28 42 26 41 38
70 33 7 47 67 3 34
63 62 37 32 52 33 10
56 67 27 23 23 68 60
32 52 33 51 46 51 18
10 11 2 56 67 27 61
53 45 1 10 11 2 34
53 45 1 58 16 68 73
27 63 25 29 6 50 62
37 59 22 20 12 44 51
8 37 8 61 69 44 48
1 24 61 50 39 8 55
47 67 3 31 48 51 51
31 48 51 30 33 44 16
60 41 50 50 39 8 42
68 47 7 65 52 5 5
54 22 9 6 30 46 37
10 11 2 3 62 28 57
69 25 49 31 48 51 23
53 45 1 45 46 53 52
69 25 49 44 15 59 14
16 68 26 36 7 40 62
44 15 59 58 16 68 9
18 63 69 66 21 64 42
44 15 59 2 25 62 10
18 63 69 61 69 44 25
16 68 26 10 11 2 61
50 39 8 15 49 14 11
57 42 43 12 0 33 43
42 26 41 38 2 44 24
12 0 33 6 30 46 32
53 45 1 13 57 25 26
63 62 37 44 15 59 51
46 11 22 27 63 25 52
44 15 59 17 9 18 41
41 42 15 42 26 41 30
9 0 3 31 48 51 67
2 25 62 19 45 6 59
54 22 9 49 5 24 22
8 37 8 69 25 49 42
27 63 25 67 5 70 73
38 2 44 56 67 27 67
43 53 27 60 41 50 25
8 37 8 27 63 25 31
62 36 6 43 53 27 27
61 69 44 24 10 37 59
43 53 27 2 25 62 44
26 36 61 38 2 44 38
39 63 21 43 53 27 11
17 9 18 57 42 43 41
14 61 45 38 2 44 59
0 37 31 59 33 38 8
40 17 44 9 0 3 44
32 52 33 8 37 8 29
66 21 64 29 6 50 20
38 2 44 4 38 21 42
5 27 49 40 17 44 11
53 45 1 36 7 40 54
21 42 55 28 51 19 37
65 52 5 27 63 25 22
38 2 44 69 25 49 23
0 37 31 55 0 36 37
16 68 26 65 52 5 26
63 62 37 37 59 22 15
26 36 61 7 25 7 55
66 21 64 42 26 41 23
56 67 27 17 9 18 58
10 11 2 31 48 51 61
2 25 62 38 2 44 29
52 49 71 40 17 44 41
34 2 42 21 42 55 42
35 25 50 55 0 36 28
66 21 64 30 33 44 23
60 41 50 7 25 7 45
36 7 40 61 69 44 62
15 49 14 7 25 7 25
62 36 6 70 33 7 3
18 63 69 0 37 31 46
69 25 49 51 46 51 21
34 2 42 25 63 66 65
58 16 68 65 52 5 72
21 42 55 33 39 57 3
46 11 22 65 52 5 44
3 62 28 23 23 68 55
20 12 44 53 45 1 54
61 69 44 32 52 33 20
69 25 49 64 41 29 25
59 33 38 8 37 8 30
61 69 44 19 45 6 44
50 39 8 58 16 68 64
44 15 59 25 63 66 48
54 22 9 19 45 6 23
48 15 26 34 2 42 20
18 63 69 15 49 14 56
15 49 14 9 0 3 50
8 37 8 54 22 9 15
1 24 61 67 5 70 21
41 42 15 38 2 44 49
27 63 25 72 6 52 63
26 36 61 3 62 28 42
53 45 1 31 48 51 50
64 41 29 53 45 1 28
22 24 65 6 30 46 19
31 48 51 19 45 6 45
65 52 5 38 2 44 63
54 22 9 63 62 37 48
6 30 46 35 25 50 6
59 33 38 24 10 37 23
39 63 21 12 0 33 64
38 2 44 53 45 1 60
37 59 22 65 52 5 18
72 6 52 24 10 37 15
16 68 26 72 6 52 67
28 51 19 29 6 50 54
15 49 14 49 5 24 45
15 49 14 31 48 51 37
36 7 40 18 63 69 63
44 15 59 33 39 57 24
62 36 6 48 15 26 29
64 41 29 4 38 21 8
60 41 50 29 6 50 35
5 27 49 43 53 27 34
35 25 50 62 36 6 45
40 17 44 13 57 25 44
32 52 33 26 36 61 32
50 39 8 57 42 43 35
20 12 44 23 23 68 26
35 25 50 52 49 71 31
58 16 68 32 52 33 50
46 11 22 16 68 26 57
51 46 51 68 47 7 44
34 2 42 28 51 19 54
17 9 18 4 38 21 29
33 39 57 31 48 51 10
0 37 31 4 38 21 10
16 68 26 64 41 29 27
63 62 37 67 5 70 65
69 25 49 33 39 57 16
26 36 61 27 63 25 45
32 52 33 31 48 51 18
54 22 9 11 36 20 17
56 67 27 22 24 65 57
72 6 52 9 0 3 49
12 0 33 21 42 55 47
55 0 36 31 48 51 50
37 59 22 41 42 15 18
25 63 66 42 26 41 44
12 0 33 24 10 37 10
23 23 68 38 2 44 31
38 2 44 16 68 26 68
34 2 42 35 25 50 24
72 6 52 65 52 5 65
67 5 70 72 6 52 18
44 15 59 68 47 7 61
6 30 46 69 25 49 5
62 36 6 47 67 3 31
9 0 3 45 46 53 67
71 38 67 72 6 52 35
40 17 44 50 39 8 42
2 25 62 70 33 7 55
55 0 36 20 12 44 14
37 59 22 0 37 31 23
42 26 41 35 25 50 9
13 57 25 44 15 59 54
63 62 37 23 23 68 49
42 26 41 9 0 3 46
21 42 55 41 42 15 40
63 62 37 7 25 7 47
14 61 45 31 48 51 14
55 0 36 48 15 26 18
56 67 27 50 39 8 33
0 37 31 69 25 49 21
7 25 7 61 69 44 57
18 63 69 31 48 51 23
17 9 18 40 17 44 27
46 11 22 69 25 49 30
36 7 40 13 57 25 52
67 5 70 38 2 44 26
34 2 42 30 33 44 31
18 63 69 5 27 49 41
52 49 71 70 33 7 65
6 30 46 44 15 59 19
0 37 31 8 37 8 23
8 37 8 26 36 61 53
70 33 7 45 46 53 47
68 47 7 53 45 1 6
20 12 44 26 36 61 29
11 36 20 17 9 18 27
57 42 43 36 7 40 35
20 12 44 48 15 26 18
0 37 31 60 41 50 19
2 25 62 24 10 37 29
55 0 36 57 42 43 42
51 46 51 43 53 27 25
35 25 50 4 38 21 31
56 67 27 63 62 37 11
4 38 21 66 21 64 46
24 10 37 62 36 6 40
14 61 45 18 63 69 24
25 63 66 65 52 5 61
2 25 62 64 41 29 36
68 47 7 45 46 53 46
28 51 19 72 6 52 55
50 39 8 53 45 1 9
38 2 44 51 46 51 44
39 63 21 14 61 45 24
70 33 7 16 68 26 39
13 57 25 63 62 37 13
66 21 64 58 16 68 6
64 41 29 48 15 26 26
58 16 68 41 42 15 59
16 68 26 5 27 49 47
63 62 37 20 12 44 50
48 15 26 29 6 50 25
63 62 37 46 11 22 53
13 57 25 42 26 41 34
30 33 44 47 67 3 53
62 36 6 60 41 50 44
8 37 8 56 67 27 35
37 59 22 16 68 26 9
3 62 28 12 0 33 62
60 41 50 20 12 44 29
19 45 6 41 42 15 9
47 67 3 11 36 20 35
49 5 24 37 59 22 54
17 9 18 64 41 29 33
17 9 18 54 22 9 15
9 0 3 25 63 66 89
40 17 44 6 30 46 13
56 67 27 42 26 41 43
54 22 9 71 38 67 60
27 63 25 63 62 37 12
11 36 20 7 25 7 17
71 38 67 16 68 26 50
66 21 64 16 68 26 60
25 63 66 15 49 14 53
17 9 18 35 25 50 35
69 25 49 37 59 22 43
58 16 68 39 63 21 66
32 52 33 9 0 3 60
60 41 50 53 45 1 49
11 36 20 12 0 33 38
39 63 21 7 25 7 40
59 33 38 65 52 5 38
11 36 20 41 42 15 7
21 42 55 61 69 44 29
24 10 37 49 5 24 13
14 61 45 21 42 55 21
43 53 27 71 38 67 42
60 41 50 8 37 8 42
64 41 29 50 39 8 21
48 15 26 8 37 8 28
34 2 42 59 33 38 31
67 5 70 48 15 26 45
55 0 36 42 26 41 26
62 36 6 45 46 53 48
70 33 7 4 38 21 14
6 30 46 63 62 37 33
2 25 62 13 57 25 48
11 36 20 20 12 44 33
72 6 52 13 57 25 57
2 25 62 41 42 15 49
65 52 5 57 42 43 39
14 61 45 48 15 26 49
50 39 8 3 62 28 30
61 69 44 72 6 52 63
62 36 6 2 25 62 57
14 61 45 59 33 38 28
18 63 69 38 2 44 65
71 38 67 57 42 43 24
18 63 69 41 42 15 57
16 68 26 55 0 36 68
39 63 21 16 68 26 7
67 5 70 15 49 14 71
72 6 52 36 7 40 12
20 12 44 1 24 61 20
4 38 21 16 68 26 30
31 48 51 23 23 68 30
44 15 59 31 48 51 33
15 49 14 14 61 45 33
4 38 21 43 53 27 16
28 51 19 69 25 49 39
37 59 22 36 7 40 55
72 6 52 15 49 14 57
62 36 6 17 9 18 29
32 52 33 5 27 49 29
29 6 50 43 53 27 52
1 24 61 44 15 59 9
33 39 57 16 68 26 42
8 37 8 2 25 62 55
4 38 21 57 42 43 22
5 27 49 50 39 8 42
16 68 26 57 42 43 31
9 0 3 29 6 50 47
45 46 53 37 59 22 33
54 22 9 18 63 69 72
34 2 42 46 11 22 21
35 25 50 36 7 40 20
45 46 53 71 38 67 16
30 33 44 15 49 14 34
3 62 28 46 11 22 51
0 37 31 25 63 66 43
8 37 8 33 39 57 49
34 2 42 52 49 71 55
16 68 26 17 9 18 59
36 7 40 43 53 27 47
62 36 6 20 12 44 44
20 12 44 12 0 33 16
9 0 3 21 42 55 66
37 59 22 33 39 57 40
36 7 40 55 0 36 8
49 5 24 7 25 7 26
26 36 61 62 36 6 55
55 0 36 15 49 14 53
30 33 44 27 63 25 35
38 2 44 5 27 49 25
66 21 64 20 12 44 21
40 17 44 67 5 70 28
13 57 25 51 46 51 28
16 68 26 19 45 6 30
38 2 44 20 12 44 10
70 33 7 21 42 55 48
5 27 49 64 41 29 24
65 52 5 55 0 36 60
28 51 19 61 69 44 30
48 15 26 35 25 50 26
69 25 49 43 53 27 35
9 0 3 50 39 8 39
52 49 71 51 46 51 20
66 21 64 44 15 59 7
8 37 8 21 42 55 47
33 39 57 20 12 44 29
62 36 6 29 6 50 53
59 33 38 49 5 24 31
6 30 46 14 61 45 31
33 39 57 30 33 44 14
46 11 22 57 42 43 37
17 9 18 69 25 49 34
27 63 25 42 26 41 40
53 45 1 65 52 5 8
19 45 6 38 2 44 57
34 2 42 39 63 21 64
61 69 44 63 62 37 9
45 46 53 15 49 14 39
41 42 15 28 51 19 9
43 53 27 40 17 44 39
1 24 61 27 63 25 53
6 30 46 68 47 7 42
3 62 28 21 42 55 33
48 15 26 16 68 26 53
63 62 37 33 39 57 30
68 47 7 63 62 37 33
29 6 50 30 33 44 27
62 36 6 5 27 49 43
72 6 52 10 11 2 50
48 15 26 1 24 61 36
62 36 6 39 63 21 30
29 6 50 41 42 15 50
67 5 70 33 39 57 36
11 36 20 50 39 8 12
7 25 7 70 33 7 8
54 22 9 38 2 44 40
35 25 50 32 52 33 31
72 6 52 4 38 21 44
67 5 70 3 62 28 70
29 6 50 3 62 28 60
41 42 15 52 49 71 56
40 17 44 60 41 50 24
12 0 33 49 5 24 10
2 25 62 26 36 61 11
50 39 8 41 42 15 7
50 39 8 36 7 40 45
15 49 14 23 23 68 59
6 30 46 70 33 7 39
30 33 44 24 10 37 24
28 51 19 36 7 40 48
35 25 50 40 17 44 10
72 6 52 41 42 15 51
11 36 20 30 33 44 24
59 33 38 9 0 3 48
34 2 42 10 11 2 41
34 2 42 58 16 68 29
69 25 49 4 38 21 30
29 6 50 51 46 51 40
33 39 57 42 26 41 20
71 38 67 3 62 28 45
46 11 22 4 38 21 27
5 27 49 27 63 25 43
3 62 28 16 68 26 6
3 62 28 30 33 44 33
56 67 27 57 42 43 29
1 24 61 57 42 43 25
11 36 20 18 63 69 55
48 15 26 66 21 64 38
16 68 26 27 63 25 5
11 36 20 26 36 61 41
42 26 41 57 42 43 16
52 49 71 56 67 27 47
34 2 42 69 25 49 24
72 6 52 29 6 50 2
30 33 44 53 45 1 44
66 21 64 39 63 21 60
29 6 50 55 0 36 15
26 36 61 45 46 53 12
42 26 41 14 61 45 35
21 42 55 54 22 9 50
50 39 8 19 45 6 6
30 33 44 65 52 5 43
55 0 36 21 42 55 46
19 45 6 15 49 14 8
18 63 69 56 67 27 42
61 69 44 68 47 7 43
35 25 50 43 53 27 36
58 16 68 38 2 44 27
55 0 36 18 63 69 71
68 47 7 30 33 44 39
43 53 27 28 51 19 8
61 69 44 20 12 44 57
0 37 31 41 42 15 16
50 39 8 46 11 22 31
45 46 53 52 49 71 18
5 27 49 71 38 67 21
10 11 2 59 33 38 42
57 42 43 25 63 66 31
19 45 6 24 10 37 46
40 17 44 30 33 44 16
23 23 68 40 17 44 24
51 46 51 45 46 53 2
69 25 49 19 45 6 47
63 62 37 42 26 41 36
35 25 50 56 67 27 47
47 67 3 53 45 1 22
57 42 43 67 5 70 45
58 16 68 57 42 43 36
11 36 20 62 36 6 14
6 30 46 56 67 27 41
37 59 22 9 0 3 61
63 62 37 47 67 3 34
24 10 37 37 59 22 51
65 52 5 4 38 21 21
58 16 68 49 5 24 45
21 42 55 10 11 2 61
29 6 50 22 24 65 23
39 63 21 50 39 8 27
12 0 33 62 36 6 45
42 26 41 19 45 6 39
32 52 33 64 41 29 11
6 30 46 13 57 25 34
18 63 69 53 45 1 70
31 48 51 68 47 7 44
55 0 36 8 37 8 46
70 33 7 0 37 31 24
57 42 43 3 62 28 25
54 22 9 27 63 25 44
9 0 3 4 38 21 42
41 42 15 64 41 29 14
8 37 8 38 2 44 50
10 11 2 65 52 5 41
30 33 44 28 51 19 30
0 37 31 57 42 43 13
31 48 51 60 41 50 7
31 48 51 28 51 19 32
44 15 59 42 26 41 21
16 68 26 54 22 9 49
3 62 28 20 12 44 52
60 41 50 54 22 9 45
61 69 44 62 36 6 50
31 48 51 29 6 50 42
69 25 49 21 42 55 18
44 15 59 20 12 44 15
71 38 67 44 15 59 24
24 10 37 58 16 68 31
51 46 51 8 37 8 43
16 68 26 49 5 24 63
42 26 41 45 46 53 23
16 68 26 43 53 27 15
70 33 7 50 39 8 6
9 0 3 36 7 40 37
44 15 59 61 69 44 56
14 61 45 23 23 68 44
69 25 49 11 36 20 31
47 67 3 17 9 18 59
38 2 44 60 41 50 39
8 37 8 64 41 29 21
45 46 53 47 67 3 54
36 7 40 38 2 44 6
39 63 21 37 59 22 4
16 68 26 28 51 19 18
65 52 5 47 67 3 15
14 61 45 9 0 3 74
46 11 22 72 6 52 30
70 33 7 18 63 69 68
1 24 61 35 25 50 11
66 21 64 50 39 8 58
38 2 44 46 11 22 23
41 42 15 66 21 64 53
40 17 44 0 37 31 23
66 21 64 0 37 31 36
35 25 50 51 46 51 21
48 15 26 18 63 69 64
3 62 28 0 37 31 25
52 49 71 66 21 64 28
53 45 1 11 36 20 21
38 2 44 28 51 19 55
49 5 24 70 33 7 32
3 62 28 70 33 7 35
7 25 7 38 2 44 43
23 23 68 42 26 41 27
19 45 6 12 0 33 52
17 9 18 66 21 64 47
7 25 7 36 7 40 37
70 33 7 43 53 27 28
13 57 25 20 12 44 48
34 2 42 23 23 68 33
5 27 49 22 24 65 16
63 62 37 48 15 26 48
41 42 15 26 36 61 46
36 7 40 60 41 50 35
6 30 46 41 42 15 33
63 62 37 24 10 37 52
49 5 24 60 41 50 44
53 45 1 5 27 49 51
43 53 27 8 37 8 24
13 57 25 39 63 21 7
59 33 38 37 59 22 30
6 30 46 26 36 61 16
37 59 22 13 57 25 3
22 24 65 53 45 1 67
45 46 53 18 63 69 23
9 0 3 26 36 61 68
32 52 33 29 6 50 49
23 23 68 58 16 68 7
27 63 25 22 24 65 55
27 63 25 71 38 67 48
28 51 19 49 5 24 46
58 16 68 31 48 51 36
69 25 49 13 57 25 40
54 22 9 22 24 65 56
71 38 67 4 38 21 46
55 0 36 56 67 27 67
66 21 64 22 24 65 3
1 24 61 37 59 22 52
54 22 9 2 25 62 53
4 38 21 45 46 53 32
22 24 65 18 63 69 39
27 63 25 59 33 38 32
3 62 28 69 25 49 42
21 42 55 57 42 43 12
2 25 62 25 63 66 38
41 42 15 56 67 27 27
3 62 28 52 49 71 44
8 37 8 24 10 37 39
60 41 50 24 10 37 33
6 30 46 8 37 8 38
64 41 29 9 0 3 48
13 57 25 29 6 50 56
5 27 49 72 6 52 21
59 33 38 42 26 41 7
49 5 24 29 6 50 26
33 39 57 29 6 50 33
48 15 26 50 39 8 30
40 17 44 66 21 64 20
44 15 59 56 67 27 61
48 15 26 57 42 43 31
70 33 7 22 24 65 58
61 69 44 42 26 41 43
53 45 1 25 63 66 67
20 12 44 28 51 19 46
16 68 26 0 37 31 31
51 46 51 23 23 68 28
18 63 69 19 45 6 65
52 49 71 50 39 8 63
25 63 66 54 22 9 70
45 46 53 43 53 27 26
57 42 43 34 2 42 40
7 25 7 5 27 49 42
7 25 7 33 39 57 51
37 59 22 52 49 71 50
60 41 50 18 63 69 29
26 36 61 52 49 71 16
68 47 7 35 25 50 48
22 24 65 69 25 49 16
22 24 65 1 24 61 4
62 36 6 69 25 49 44
50 39 8 12 0 33 46
71 38 67 51 46 51 17
17 9 18 0 37 31 30
30 33 44 69 25 49 9
49 5 24 17 9 18 7
16 68 26 6 30 46 42
64 41 29 1 24 61 36
43 53 27 19 45 6 22
11 36 20 38 2 44 41
57 42 43 23 23 68 31
44 15 59 16 68 26 62
53 45 1 6 30 46 47
12 0 33 30 33 44 34
67 5 70 70 33 7 68
20 12 44 9 0 3 42
57 42 43 69 25 49 18
25 63 66 35 25 50 41
53 45 1 28 51 19 18
58 16 68 62 36 6 65
5 27 49 29 6 50 21
42 26 41 17 9 18 28
14 61 45 20 12 44 49
27 63 25 18 63 69 44
60 41 50 72 6 52 35
67 5 70 56 67 27 75
60 41 50 70 33 7 43
37 59 22 11 36 20 23
46 11 22 5 27 49 31
32 52 33 13 57 25 9
23 23 68 12 0 33 41
10 11 2 39 63 21 55
47 67 3 36 7 40 70
1 24 61 11 36 20 42
5 27 49 31 48 51 21
10 11 2 12 0 33 32
72 6 52 25 63 66 58
38 2 44 30 33 44 31
50 39 8 69 25 49 43
65 52 5 31 48 51 46
9 0 3 46 11 22 21
69 25 49 18 63 69 42
13 57 25 28 51 19 8
48 15 26 65 52 5 42
33 39 57 15 49 14 44
13 57 25 64 41 29 16
49 5 24 72 6 52 28
6 30 46 10 11 2 47
49 5 24 47 67 3 65
69 25 49 2 25 62 13
27 63 25 11 36 20 27
55 0 36 37 59 22 60
10 11 2 20 12 44 42
52 49 71 64 41 29 42
21 42 55 26 36 61 8
58 16 68 21 42 55 29
41 42 15 47 67 3 27
37 59 22 32 52 33 13
3 62 28 66 21 64 54
26 36 61 19 45 6 55
59 33 38 70 33 7 31
24 10 37 31 48 51 40
1 24 61 43 53 27 44
68 47 7 69 25 49 47
46 11 22 1 24 61 41
46 11 22 59 33 38 27
64 41 29 10 11 2 40
8 37 8 67 5 70 69
64 41 29 58 16 68 46
67 5 70 21 42 55 39
39 63 21 51 46 51 34
68 47 7 28 51 19 12
21 42 55 38 2 44 41
54 22 9 30 33 44 36
29 6 50 26 36 61 31
26 36 61 67 5 70 32
32 52 33 57 42 43 14
41 42 15 25 63 66 55
42 26 41 15 49 14 35
40 17 44 34 2 42 15
12 0 33 34 2 42 9
71 38 67 11 36 20 47
31 48 51 11 36 20 33
38 2 44 44 15 59 19
32 52 33 3 62 28 11
62 36 6 52 49 71 66
40 17 44 31 48 51 31
33 39 57 18 63 69 26
31 48 51 25 63 66 21
5 27 49 41 42 15 37
52 49 71 38 2 44 54
30 33 44 45 46 53 15
19 45 6 60 41 50 44
14 61 45 44 15 59 48
55 0 36 2 25 62 36
31 48 51 61 69 44 22
54 22 9 50 39 8 17
59 33 38 57 42 43 10
2 25 62 67 5 70 21
52 49 71 24 10 37 51
65 52 5 28 51 19 14
42 26 41 72 6 52 22
14 61 45 1 24 61 40
70 33 7 44 15 59 55
1 24 61 6 30 46 16
35 25 50 64 41 29 26
24 10 37 28 51 19 44
45 46 53 24 10 37 39
72 6 52 45 46 53 40
4 38 21 63 62 37 28
29 6 50 7 25 7 47
61 69 44 30 33 44 36
5 27 49 67 5 70 30
50 39 8 20 12 44 45
64 41 29 3 62 28 21
66 21 64 21 42 55 22
10 11 2 42 26 41 41
31 48 51 52 49 71 20
20 12 44 16 68 26 58
10 11 2 40 17 44 42
57 42 43 10 11 2 51
13 57 25 18 63 69 44
49 5 24 43 53 27 48
6 30 46 11 36 20 26
63 62 37 55 0 36 62
38 2 44 64 41 29 41
56 67 27 51 46 51 31
17 9 18 20 12 44 26
27 63 25 56 67 27 4
3 62 28 36 7 40 56
0 37 31 7 25 7 26
14 61 45 62 36 6 46
43 53 27 67 5 70 64
24 10 37 13 57 25 48
19 45 6 14 61 45 42
31 48 51 62 36 6 46
23 23 68 13 57 25 54
39 63 21 60 41 50 36
60 41 50 41 42 15 35
11 36 20 45 46 53 34
40 17 44 4 38 21 31
56 67 27 13 57 25 10
60 41 50 10 11 2 56
14 61 45 43 53 27 19
22 24 65 32 52 33 42
28 51 19 59 33 38 26
69 25 49 70 33 7 42
14 61 45 24 10 37 51
65 52 5 70 33 7 19
14 61 45 26 36 61 29
45 46 53 63 62 37 22
0 37 31 21 42 55 24
9 0 3 66 21 64 64
19 45 6 20 12 44 50
9 0 3 19 45 6 45
46 11 22 28 51 19 40
37 59 22 58 16 68 62
37 59 22 25 63 66 44
66 21 64 8 37 8 58
49 5 24 18 63 69 73
55 0 36 59 33 38 33
23 23 68 7 25 7 61
37 59 22 38 2 44 61
32 52 33 44 15 59 45
19 45 6 34 2 42 56
1 24 61 34 2 42 29
25 63 66 47 67 3 63
61 69 44 57 42 43 27
24 10 37 20 12 44 7
53 45 1 69 25 49 52
68 47 7 3 62 28 25
31 48 51 66 21 64 29
53 45 1 26 36 61 60
36 7 40 45 46 53 41
14 61 45 32 52 33 15
22 24 65 38 2 44 30
62 36 6 4 38 21 15
12 0 33 48 15 26 16
25 63 66 30 33 44 37
12 0 33 1 24 61 36
2 25 62 30 33 44 19
59 33 38 4 38 21 17
40 17 44 32 52 33 36
6 30 46 72 6 52 24
66 21 64 71 38 67 17
72 6 52 22 24 65 22
52 49 71 23 23 68 26
63 62 37 71 38 67 38
34 2 42 53 45 1 59
26 36 61 70 33 7 54
50 39 8 34 2 42 50
58 16 68 68 47 7 68
47 67 3 61 69 44 41
58 16 68 3 62 28 60
16 68 26 68 47 7 28
47 67 3 10 11 2 56
34 2 42 6 30 46 28
72 6 52 7 25 7 48
39 63 21 70 33 7 33
34 2 42 66 21 64 29
38 2 44 0 37 31 37
30 33 44 52 49 71 31
55 0 36 28 51 19 53
4 38 21 34 2 42 41
11 36 20 39 63 21 27
28 51 19 52 49 71 52
12 0 33 60 41 50 44
48 15 26 58 16 68 42
33 39 57 56 67 27 41
25 63 66 27 63 25 41
37 59 22 27 63 25 5
0 37 31 14 61 45 27
48 15 26 56 67 27 52
30 33 44 72 6 52 28
11 36 20 5 27 49 30
42 26 41 43 53 27 30
47 67 3 18 63 69 66
37 59 22 17 9 18 50
32 52 33 7 25 7 37
38 2 44 13 57 25 58
46 11 22 45 46 53 46
18 63 69 58 16 68 47
55 0 36 41 42 15 46
44 15 59 47 67 3 76
41 42 15 31 48 51 36
9 0 3 18 63 69 91
62 36 6 53 45 1 10
18 63 69 34 2 42 66
23 23 68 50 39 8 62
50 39 8 24 10 37 41
5 27 49 25 63 66 39
63 62 37 16 68 26 12
2 25 62 46 11 22 42
2 25 62 18 63 69 38
14 61 45 17 9 18 58
22 24 65 40 17 44 22
68 47 7 21 42 55 48
65 52 5 2 25 62 63
24 10 37 54 22 9 30
15 49 14 70 33 7 17
22 24 65 30 33 44 22
71 38 67 0 37 31 36
47 67 3 1 24 61 72
62 36 6 32 52 33 31
21 42 55 22 24 65 20
8 37 8 45 46 53 45
25 63 66 10 11 2 82
64 41 29 67 5 70 54
49 5 24 44 15 59 36
24 10 37 71 38 67 41
25 63 66 12 0 33 71
15 49 14 10 11 2 39
2 25 62 21 42 55 18
49 5 24 21 42 55 48
62 36 6 57 42 43 37
13 57 25 71 38 67 46
13 57 25 31 48 51 27
31 48 51 17 9 18 51
35 25 50 19 45 6 48
13 57 25 34 2 42 57
33 39 57 36 7 40 36
11 36 20 60 41 50 30
33 39 57 0 37 31 26
24 10 37 21 42 55 36
26 36 61 69 25 49 16
14 61 45 45 46 53 17
71 38 67 56 67 27 49
15 49 14 29 6 50 56
3 62 28 72 6 52 60
31 48 51 59 33 38 19
48 15 26 23 23 68 42
23 23 68 1 24 61 7
1 24 61 56 67 27 54
9 0 3 0 37 31 46
53 45 1 33 39 57 56
6 30 46 31 48 51 18
63 62 37 15 49 14 26
62 36 6 42 26 41 36
49 5 24 25 63 66 71
53 45 1 48 15 26 39
67 5 70 14 61 45 61
47 67 3 27 63 25 22
38 2 44 61 69 44 67
66 21 64 14 61 45 44
56 67 27 62 36 6 37
13 57 25 55 0 36 58
59 33 38 45 46 53 19
10 11 2 1 24 61 60
8 37 8 3 62 28 32
68 47 7 72 6 52 60
31 48 51 48 15 26 41
38 2 44 68 47 7 58
48 15 26 54 22 9 18
34 2 42 17 9 18 25
33 39 57 5 27 49 14
40 17 44 25 63 66 50
8 37 8 58 16 68 63
6 30 46 17 9 18 35
38 2 44 50 39 8 51
36 7 40 25 63 66 61
72 6 52 69 25 49 19
61 69 44 55 0 36 69
22 24 65 0 37 31 36
71 38 67 33 39 57 10
42 26 41 64 41 29 19
9 0 3 1 24 61 62
59 33 38 1 24 61 24
7 25 7 31 48 51 49
50 39 8 65 52 5 13
37 59 22 68 47 7 19
15 49 14 8 37 8 13
47 67 3 56 67 27 24
40 17 44 19 45 6 47
11 36 20 14 61 45 35
9 0 3 27 63 25 66
66 21 64 68 47 7 62
23 23 68 64 41 29 42
60 41 50 61 69 44 28
38 2 44 25 63 66 64
7 25 7 37 59 22 37
28 51 19 50 39 8 16
6 30 46 46 11 22 30
51 46 51 40 17 44 29
67 5 70 49 5 24 46
15 49 14 56 67 27 22
64 41 29 27 63 25 22
25 63 66 63 62 37 29
52 49 71 0 37 31 41
39 63 21 21 42 55 39
36 7 40 54 22 9 34
41 42 15 68 47 7 9
39 63 21 57 42 43 30
30 33 44 48 15 26 25
10 11 2 7 25 7 14
10 11 2 38 2 44 42
66 21 64 65 52 5 66
7 25 7 56 67 27 46
70 33 7 23 23 68 61
20 12 44 46 11 22 22
5 27 49 61 69 44 42
66 21 64 36 7 40 27
35 25 50 37 59 22 44
6 30 46 58 16 68 26
50 39 8 26 36 61 53
21 42 55 5 27 49 16
4 38 21 48 15 26 23
19 45 6 53 45 1 5
4 38 21 67 5 70 59
26 36 61 57 42 43 18
27 63 25 7 25 7 42
35 25 50 18 63 69 42
62 36 6 25 63 66 65
16 68 26 13 57 25 11
64 41 29 72 6 52 41
40 17 44 18 63 69 52
51 46 51 62 36 6 46
22 24 65 41 42 15 53
9 0 3 68 47 7 47
64 41 29 51 46 51 22
22 24 65 15 49 14 56
29 6 50 45 46 53 40
24 10 37 67 5 70 33
27 63 25 36 7 40 57
7 25 7 13 57 25 36
36 7 40 67 5 70 30
37 59 22 4 38 21 21
48 15 26 69 25 49 25
62 36 6 27 63 25 33
25 63 66 11 36 20 53
38 2 44 15 49 14 55
32 52 33 12 0 33 52
42 26 41 49 5 24 27
16 68 26 62 36 6 37
21 42 55 48 15 26 39
72 6 52 35 25 50 19
66 21 64 2 25 62 4
20 12 44 40 17 44 5
36 7 40 48 15 26 16
22 24 65 45 46 53 25
32 52 33 19 45 6 27
4 38 21 30 33 44 23
63 62 37 2 25 62 44
23 23 68 4 38 21 49
29 6 50 18 63 69 60
51 46 51 55 0 36 48
47 67 3 54 22 9 45
41 42 15 49 5 24 38
47 67 3 22 24 65 75
31 48 51 43 53 27 24
28 51 19 19 45 6 14
20 12 44 57 42 43 30
50 39 8 71 38 67 59
10 11 2 71 38 67 70
36 7 40 26 36 61 35
8 37 8 35 25 50 43
67 5 70 41 42 15 66
68 47 7 18 63 69 64
5 27 49 4 38 21 30
30 33 44 18 63 69 39
31 48 51 70 33 7 46
17 9 18 24 10 37 19
11 36 20 23 23 68 49
58 16 68 2 25 62 10
63 62 37 40 17 44 45
60 41 50 27 63 25 33
67 5 70 52 49 71 44
9 0 3 6 30 46 52
17 9 18 53 45 1 39
56 67 27 25 63 66 39
56 67 27 26 36 61 46
63 62 37 66 21 64 49
41 42 15 23 23 68 56
65 52 5 14 61 45 41
30 33 44 63 62 37 29
14 61 45 58 16 68 50
52 49 71 18 63 69 14
23 23 68 39 63 21 61
62 36 6 68 47 7 11
32 52 33 4 38 21 18
33 39 57 70 33 7 50
25 63 66 16 68 26 40
35 25 50 61 69 44 44
21 42 55 6 30 46 15
45 46 53 49 5 24 50
66 21 64 19 45 6 62
50 39 8 21 42 55 47
27 63 25 69 25 49 44
8 37 8 46 11 22 29
14 61 45 3 62 28 17
7 25 7 34 2 42 41
51 46 51 37 59 22 31
70 33 7 13 57 25 30
62 36 6 30 33 44 38
24 10 37 66 21 64 29
27 63 25 4 38 21 25
39 63 21 22 24 65 58
41 42 15 61 69 44 39
54 22 9 61 69 44 58
12 0 33 18 63 69 72
11 36 20 33 39 57 37
19 45 6 1 24 61 58
64 41 29 56 67 27 26
61 69 44 4 38 21 38
45 46 53 57 42 43 10
39 63 21 63 62 37 16
17 9 18 48 15 26 10
37 59 22 57 42 43 27
35 25 50 47 67 3 63
61 69 44 34 2 42 67
14 61 45 30 33 44 28
33 39 57 50 39 8 49
20 12 44 65 52 5 55
52 49 71 27 63 25 48
67 5 70 34 2 42 28
34 2 42 65 52 5 62
66 21 64 28 51 19 54
65 52 5 0 37 31 30
48 15 26 71 38 67 47
54 22 9 43 53 27 35
13 57 25 5 27 49 38
44 15 59 19 45 6 60
6 30 46 62 36 6 40
3 62 28 45 46 53 29
46 11 22 62 36 6 29
2 25 62 71 38 67 13
30 33 44 8 37 8 36
5 27 49 58 16 68 21
28 51 19 25 63 66 48
48 15 26 19 45 6 36
55 0 36 49 5 24 13
14 61 45 46 11 22 55
72 6 52 21 42 55 36
5 27 49 20 12 44 15
32 52 33 56 67 27 16
53 45 1 35 25 50 52
55 0 36 10 11 2 35
48 15 26 38 2 44 22
68 47 7 34 2 42 57
45 46 53 66 21 64 27
64 41 29 43 53 27 12
23 23 68 33 39 57 19
51 46 51 60 41 50 5
71 38 67 21 42 55 12
53 45 1 42 26 41 44
12 0 33 40 17 44 20
14 61 45 37 59 22 23
54 22 9 41 42 15 20
66 21 64 51 46 51 28
6 30 46 30 33 44 3
38 2 44 70 33 7 48
5 27 49 49 5 24 33
57 42 43 41 42 15 28
71 38 67 14 61 45 31
24 10 37 16 68 26 59
59 33 38 18 63 69 43
45 46 53 32 52 33 20
68 47 7 4 38 21 16
16 68 26 50 39 8 34
59 33 38 60 41 50 14
50 39 8 7 25 7 14
17 9 18 72 6 52 34
68 47 7 40 17 44 47
3 62 28 44 15 59 56
10 11 2 18 63 69 84
13 57 25 19 45 6 22
29 6 50 12 0 33 18
8 37 8 20 12 44 43
58 16 68 61 69 44 58
66 21 64 67 5 70 17
21 42 55 62 36 6 49
68 47 7 15 49 14 7
21 42 55 52 49 71 17
50 39 8 72 6 52 55
1 24 61 49 5 24 41
47 67 3 3 62 28 25
39 63 21 2 25 62 55
63 62 37 35 25 50 39
9 0 3 53 45 1 45
41 42 15 1 24 61 49
34 2 42 72 6 52 10
45 46 53 50 39 8 45
32 52 33 42 26 41 27
4 38 21 22 24 65 46
7 25 7 44 15 59 52
70 33 7 37 59 22 30
63 62 37 31 48 51 19
16 68 26 61 69 44 18
53 45 1 72 6 52 64
41 42 15 27 63 25 23
1 24 61 63 62 37 44
56 67 27 3 62 28 5
46 11 22 40 17 44 22
8 37 8 65 52 5 15
4 38 21 12 0 33 39
60 41 50 45 46 53 5
68 47 7 27 63 25 24
24 10 37 38 2 44 10
10 11 2 26 36 61 64
22 24 65 44 15 59 10
14 61 45 16 68 26 20
33 39 57 45 46 53 8
39 63 21 35 25 50 47
41 42 15 12 0 33 45
11 36 20 48 15 26 21
55 0 36 54 22 9 34
47 67 3 48 15 26 56
10 11 2 45 46 53 61
12 0 33 66 21 64 37
39 63 21 9 0 3 65
1 24 61 16 68 26 56
38 2 44 43 53 27 53
1 24 61 71 38 67 15
63 62 37 62 36 6 40
3 62 28 51 46 51 28
45 46 53 48 15 26 41
45 46 53 19 45 6 47
63 62 37 49 5 24 58
34 2 42 42 26 41 24
62 36 6 18 63 69 68
40 17 44 33 39 57 25
67 5 70 22 24 65 19
12 0 33 56 67 27 67
57 42 43 43 53 27 19
13 57 25 10 11 2 51
43 53 27 47 67 3 27
9 0 3 70 33 7 33
69 25 49 45 46 53 21
27 63 25 48 15 26 48
2 25 62 14 61 45 39
54 22 9 52 49 71 67
64 41 29 25 63 66 43
21 42 55 4 38 21 34
51 46 51 63 62 37 21
25 63 66 61 69 44 22
20 12 44 22 24 65 24
42 26 41 22 24 65 24
39 63 21 27 63 25 4
31 48 51 34 2 42 46
67 5 70 65 52 5 80
70 33 7 10 11 2 22
50 39 8 27 63 25 29
4 38 21 29 6 50 43
11 36 20 15 49 14 14
71 38 67 37 59 22 49
48 15 26 60 41 50 35
22 24 65 17 9 18 49
29 6 50 54 22 9 44
39 63 21 25 63 66 45
43 53 27 55 0 36 53
16 68 26 40 17 44 54
35 25 50 67 5 70 28
59 33 38 20 12 44 21
2 25 62 50 39 8 55
14 61 45 60 41 50 20
37 59 22 19 45 6 21
18 63 69 63 62 37 32
47 67 3 16 68 26 23
33 39 57 41 42 15 42
46 11 22 60 41 50 41
51 46 51 30 33 44 14
41 42 15 3 62 28 23
64 41 29 37 59 22 19
36 7 40 14 61 45 54
70 33 7 20 12 44 42
36 7 40 12 0 33 9
8 37 8 12 0 33 44
40 17 44 37 59 22 47
27 63 25 61 69 44 19
31 48 51 16 68 26 32
55 0 36 7 25 7 38
67 5 70 13 57 25 68
14 61 45 7 25 7 52
25 63 66 23 23 68 40
41 42 15 71 38 67 52
46 11 22 32 52 33 42
52 49 71 20 12 44 45
20 12 44 69 25 49 13
18 63 69 25 63 66 3
71 38 67 39 63 21 52
60 41 50 71 38 67 17
42 26 41 21 42 55 21
42 26 41 58 16 68 28
18 63 69 32 52 33 37
55 0 36 67 5 70 34
65 52 5 45 46 53 48
71 38 67 32 52 33 36
33 39 57 65 52 5 53
53 45 1 56 67 27 34
8 37 8 63 62 37 38
36 7 40 21 42 55 38
35 25 50 33 39 57 15
64 41 29 21 42 55 26
42 26 41 39 63 21 42
45 46 53 6 30 46 17
11 36 20 22 24 65 46
16 68 26 18 63 69 43
24 10 37 34 2 42 9
26 36 61 60 41 50 12
34 2 42 29 6 50 8
69 25 49 55 0 36 28
20 12 44 0 37 31 28
39 63 21 29 6 50 63
52 49 71 55 0 36 60
49 5 24 23 23 68 47
9 0 3 63 62 37 70
64 41 29 30 33 44 17
17 9 18 8 37 8 29
55 0 36 30 33 44 33
56 67 27 4 38 21 29
27 63 25 53 45 1 30
69 25 49 16 68 26 48
29 6 50 47 67 3 77
44 15 59 9 0 3 57
51 46 51 18 63 69 24
23 23 68 55 0 36 39
19 45 6 25 63 66 62
53 45 1 3 62 28 31
26 36 61 33 39 57 5
33 39 57 25 63 66 25
2 25 62 61 69 44 47
62 36 6 54 22 9 14
5 27 49 17 9 18 35
41 42 15 10 11 2 33
70 33 7 40 17 44 40
26 36 61 1 24 61 12
32 52 33 30 33 44 21
67 5 70 39 63 21 75
32 52 33 34 2 42 50
15 49 14 0 37 31 20
17 9 18 58 16 68 50
59 33 38 54 22 9 31
70 33 7 30 33 44 37
35 25 50 23 23 68 18
60 41 50 21 42 55 5
63 62 37 22 24 65 47
71 38 67 25 63 66 25
17 9 18 68 47 7 39
63 62 37 57 42 43 20
55 0 36 1 24 61 34
32 52 33 20 12 44 41
22 24 65 46 11 22 44
51 46 51 33 39 57 9
45 46 53 28 51 19 34
22 24 65 59 33 38 28
4 38 21 7 25 7 19
7 25 7 71 38 67 61
2 25 62 49 5 24 42
51 46 51 9 0 3 66
7 25 7 19 45 6 20
7 25 7 41 42 15 18
68 47 7 12 0 33 53
57 42 43 22 24 65 28
60 41 50 32 52 33 20
34 2 42 8 37 8 48
57 42 43 7 25 7 39
13 57 25 66 21 64 53
3 62 28 43 53 27 9
12 0 33 63 62 37 62
64 41 29 40 17 44 28
61 69 44 49 5 24 67
46 11 22 44 15 59 37
11 36 20 42 26 41 23
4 38 21 11 36 20 2
30 33 44 19 45 6 39
14 61 45 68 47 7 40
0 37 31 53 45 1 31
47 67 3 20 12 44 68
8 37 8 22 24 65 58
18 63 69 46 11 22 70
60 41 50 22 24 65 22
1 24 61 38 2 44 27
11 36 20 16 68 26 32
23 23 68 37 59 22 58
27 63 25 19 45 6 26
67 5 70 18 63 69 58
51 46 51 47 67 3 52
72 6 52 58 16 68 18
63 62 37 14 61 45 8
47 67 3 37 59 22 20
72 6 52 8 37 8 53
2 25 62 4 38 21 43
1 24 61 36 7 40 27
69 25 49 66 21 64 15
66 21 64 25 63 66 42
28 51 19 70 33 7 21
7 25 7 42 26 41 34
38 2 44 49 5 24 20
53 45 1 63 62 37 39
31 48 51 35 25 50 23
47 67 3 28 51 19 22
70 33 7 35 25 50 43
17 9 18 7 25 7 19
21 42 55 40 17 44 27
33 39 57 43 53 27 33
30 33 44 67 5 70 38
9 0 3 23 23 68 68
36 7 40 71 38 67 41
21 42 55 1 24 61 18
40 17 44 8 37 8 41
26 36 61 71 38 67 6
27 63 25 43 53 27 10
54 22 9 64 41 29 27
18 63 69 28 51 19 51
28 51 19 8 37 8 17
57 42 43 72 6 52 37
63 62 37 36 7 40 55
71 38 67 6 30 46 22
63 62 37 3 62 28 9
21 42 55 51 46 51 5
37 59 22 46 11 22 48
14 61 45 27 63 25 20
18 63 69 24 10 37 61
4 38 21 52 49 71 51
34 2 42 54 22 9 38
50 39 8 18 63 69 65
58 16 68 19 45 6 68
3 62 28 13 57 25 5
9 0 3 38 2 44 41
39 63 21 47 67 3 18
20 12 44 41 42 15 41
36 7 40 10 11 2 38
28 51 19 58 16 68 60
30 33 44 43 53 27 26
15 49 14 66 21 64 57
68 47 7 67 5 70 75
9 0 3 10 11 2 11
72 6 52 55 0 36 17
1 24 61 51 46 51 24
49 5 24 22 24 65 45
64 41 29 20 12 44 32
71 38 67 22 24 65 14
19 45 6 70 33 7 12
17 9 18 38 2 44 26
14 61 45 54 22 9 53
13 57 25 61 69 44 22
34 2 42 44 15 59 21
14 61 45 33 39 57 25
32 52 33 65 52 5 28
67 5 70 58 16 68 11
28 51 19 64 41 29 14
58 16 68 43 53 27 55
46 11 22 48 15 26 5
29 6 50 53 45 1 62
6 30 46 3 62 28 36
69 25 49 47 67 3 62
17 9 18 13 57 25 48
31 48 51 36 7 40 42
7 25 7 9 0 3 25
33 39 57 39 63 21 43
45 46 53 20 12 44 35
14 61 45 34 2 42 59
52 49 71 68 47 7 64
19 45 6 59 33 38 34
13 57 25 41 42 15 18
7 25 7 21 42 55 50
3 62 28 40 17 44 47
2 25 62 3 62 28 50
50 39 8 61 69 44 46
67 5 70 9 0 3 67
65 52 5 18 63 69 64
39 63 21 52 49 71 51
2 25 62 40 17 44 19
61 69 44 23 23 68 51
55 0 36 4 38 21 40
42 26 41 46 11 22 24
50 39 8 10 11 2 28
63 62 37 5 27 49 37
22 24 65 43 53 27 47
44 15 59 0 37 31 35
20 12 44 27 63 25 54
49 5 24 64 41 29 36
52 49 71 59 33 38 36
6 30 46 19 45 6 42
49 5 24 33 39 57 47
22 24 65 19 45 6 62
29 6 50 46 11 22 28
26 36 61 16 68 26 47
23 23 68 32 52 33 45
28 51 19 60 41 50 32
0 37 31 28 51 19 18
34 2 42 36 7 40 5
66 21 64 10 11 2 62
55 0 36 34 2 42 6
29 6 50 59 33 38 29
56 67 27 59 33 38 35
11 36 20 19 45 6 16
62 36 6 59 33 38 32
53 45 1 43 53 27 27
69 25 49 58 16 68 21
1 24 61 29 6 50 21
30 33 44 26 36 61 17
26 36 61 49 5 24 48
49 5 24 35 25 50 32
29 6 50 65 52 5 64
39 63 21 72 6 52 64
29 6 50 37 59 22 59
11 36 20 21 42 55 35
55 0 36 68 47 7 55
15 49 14 26 36 61 48
52 49 71 14 61 45 28
37 59 22 67 5 70 72
56 67 27 68 47 7 28
39 63 21 31 48 51 33
34 2 42 45 46 53 45
11 36 20 10 11 2 30
55 0 36 17 9 18 20
1 24 61 25 63 66 39
33 39 57 10 11 2 61
68 47 7 29 6 50 59
35 25 50 14 61 45 36
69 25 49 49 5 24 32
40 17 44 57 42 43 25
72 6 52 59 33 38 30
63 62 37 11 36 20 31
43 53 27 66 21 64 48
31 48 51 4 38 21 31
61 69 44 33 39 57 32
51 46 51 20 12 44 34
32 52 33 24 10 37 42
22 24 65 58 16 68 8
35 25 50 57 42 43 18
48 15 26 52 49 71 56
39 63 21 5 27 49 45
29 6 50 40 17 44 12
31 48 51 38 2 44 46
5 27 49 51 46 51 19
50 39 8 63 62 37 37
24 10 37 68 47 7 47
68 47 7 36 7 40 51
19 45 6 68 47 7 2
1 24 61 66 21 64 4
41 42 15 36 7 40 43
42 26 41 60 41 50 17
54 22 9 70 33 7 11
38 2 44 62 36 6 50
18 63 69 20 12 44 56
64 41 29 34 2 42 41
23 23 68 22 24 65 3
25 63 66 13 57 25 41
5 27 49 69 25 49 2
58 16 68 52 49 71 33
27 63 25 51 46 51 31
5 27 49 28 51 19 38
64 41 29 63 62 37 22
11 36 20 36 7 40 35
9 0 3 57 42 43 58
65 52 5 21 42 55 50
44 15 59 11 36 20 44
16 68 26 23 23 68 61
25 63 66 14 61 45 21
15 49 14 1 24 61 53
8 37 8 10 11 2 26
44 15 59 30 33 44 23
11 36 20 8 37 8 12
65 52 5 43 53 27 22
49 5 24 10 11 2 22
43 53 27 7 25 7 34
39 63 21 36 7 40 59
42 26 41 47 67 3 55
71 38 67 20 12 44 34
68 47 7 23 23 68 65
24 10 37 25 63 66 60
21 42 55 31 48 51 7
63 62 37 65 52 5 33
15 49 14 58 16 68 63
47 67 3 13 57 25 24
31 48 51 1 24 61 26
44 15 59 52 49 71 36
61 69 44 45 46 53 24
57 42 43 11 36 20 23
13 57 25 0 37 31 20
28 51 19 32 52 33 14
29 6 50 70 33 7 50
59 33 38 43 53 27 22
25 63 66 29 6 50 59
31 48 51 51 46 51 2
39 63 21 38 2 44 65
68 47 7 59 33 38 34
49 5 24 68 47 7 45
26 36 61 35 25 50 15
43 53 27 0 37 31 16
67 5 70 16 68 26 76
35 25 50 13 57 25 40
12 0 33 35 25 50 30
41 42 15 35 25 50 38
8 37 8 13 57 25 26
43 53 27 34 2 42 53
69 25 49 36 7 40 20
66 21 64 59 33 38 28
30 33 44 59 33 38 6
69 25 49 24 10 37 19
55 0 36 71 38 67 49
68 47 7 47 67 3 20
54 22 9 35 25 50 41
62 36 6 22 24 65 60
58 16 68 45 46 53 33
3 62 28 33 39 57 37
52 49 71 47 67 3 70
17 9 18 45 46 53 50
59 33 38 5 27 49 12
39 63 21 17 9 18 54
36 7 40 5 27 49 21
40 17 44 36 7 40 10
4 38 21 15 49 14 13
29 6 50 6 30 46 24
47 67 3 14 61 45 42
41 42 15 32 52 33 20
13 57 25 22 24 65 51
13 57 25 60 41 50 29
70 33 7 42 26 41 34
31 48 51 56 67 27 30
15 49 14 37 59 22 12
44 15 59 72 6 52 11
53 45 1 70 33 7 13
16 68 26 12 0 33 68
34 2 42 51 46 51 44
56 67 27 58 16 68 65
8 37 8 53 45 1 10
48 15 26 6 30 46 25
72 6 52 47 67 3 78
23 23 68 17 9 18 51
23 23 68 2 25 62 6
33 39 57 52 49 71 17
70 33 7 58 16 68 63
3 62 28 7 25 7 42
57 42 43 6 30 46 12
29 6 50 21 42 55 36
13 57 25 11 36 20 21
49 5 24 71 38 67 54
33 39 57 32 52 33 27
59 33 38 47 67 3 48
12 0 33 65 52 5 59
61 69 44 17 9 18 65
63 62 37 58 16 68 55
52 49 71 25 63 66 14
55 0 36 45 46 53 49
14 61 45 70 33 7 47
67 5 70 12 0 33 37
0 37 31 32 52 33 15
60 41 50 44 15 59 27
66 21 64 56 67 27 59
30 33 44 42 26 41 7
72 6 52 18 63 69 59
70 33 7 34 2 42 46
22 24 65 68 47 7 62
40 17 44 7 25 7 37
13 57 25 62 36 6 28
54 22 9 20 12 44 36
24 10 37 57 42 43 32
25 63 66 59 33 38 41
9 0 3 56 67 27 71
57 42 43 31 48 51 10
51 46 51 15 49 14 37
61 69 44 40 17 44 52
52 49 71 57 42 43 28
26 36 61 25 63 66 27
37 59 22 21 42 55 37
58 16 68 55 0 36 35
63 62 37 70 33 7 41
70 33 7 11 36 20 13
67 5 70 59 33 38 42