30 435
0 20 27 3 4 19 17
17 11 1 29 20 1 9
17 11 1 9 16 21 20
2 23 28 21 16 8 21
6 0 19 10 25 12 25
16 25 14 0 20 27 13
1 2 11 26 14 3 14
29 20 1 0 20 27 26
18 5 23 13 2 24 3
16 25 14 28 7 4 20
25 9 26 10 25 12 21
29 20 1 8 16 23 22
18 5 23 20 28 13 25
5 7 27 25 9 26 2
28 7 4 2 23 28 28
18 5 23 5 7 27 4
5 7 27 0 20 27 13
28 7 4 23 10 16 12
23 10 16 6 0 19 10
16 25 14 23 10 16 15
15 27 22 18 5 23 22
17 11 1 22 5 2 6
28 7 4 1 2 11 8
23 10 16 21 16 8 10
20 28 13 27 27 20 7
29 20 1 11 11 27 27
18 5 23 25 9 26 5
3 4 19 20 28 13 24
6 0 19 13 2 24 5
26 14 3 19 29 12 17
8 16 23 16 25 14 12
22 5 2 8 16 23 23
15 27 22 19 29 12 10
23 10 16 22 5 2 14
17 11 1 21 16 8 8
17 11 1 7 25 15 19
7 25 15 24 9 8 17
20 28 13 14 19 17 9
2 23 28 26 14 3 26
2 23 28 7 25 15 13
24 9 8 3 4 19 12
10 25 12 9 16 21 12
25 9 26 17 11 1 25
12 13 15 24 9 8 8
16 25 14 20 28 13 3
13 2 24 9 16 21 14
6 0 19 7 25 15 25
27 27 20 24 9 8 21
28 7 4 5 7 27 23
16 25 14 11 11 27 19
5 7 27 7 25 15 21
8 16 23 11 11 27 6
22 5 2 7 25 15 23
11 11 27 21 16 8 19
10 25 12 14 19 17 7
15 27 22 13 2 24 25
3 4 19 1 2 11 8
3 4 19 2 23 28 21
11 11 27 4 19 21 10
18 5 23 24 9 8 15
20 28 13 19 29 12 1
8 16 23 0 20 27 5
19 29 12 3 4 19 25
1 2 11 5 7 27 16
15 27 22 24 9 8 22
4 19 21 3 4 19 15
13 2 24 26 14 3 24
28 7 4 26 14 3 7
3 4 19 5 7 27 8
5 7 27 24 9 8 19
6 0 19 9 16 21 16
2 23 28 27 27 20 8
4 19 21 7 25 15 8
19 29 12 18 5 23 26
23 10 16 10 25 12 15
27 27 20 5 7 27 21
1 2 11 23 10 16 9
23 10 16 4 19 21 10
23 10 16 11 11 27 11
9 16 21 18 5 23 11
22 5 2 24 9 8 7
8 16 23 6 0 19 16
22 5 2 19 29 12 26
24 9 8 29 20 1 13
26 14 3 5 7 27 25
17 11 1 12 13 15 14
25 9 26 2 23 28 14
13 2 24 17 11 1 24
22 5 2 28 7 4 2
6 0 19 21 16 8 19
4 19 21 26 14 3 18
5 7 27 14 19 17 15
19 29 12 4 19 21 13
0 20 27 12 13 15 13
18 5 23 7 25 15 21
25 9 26 29 20 1 27
11 11 27 15 27 22 16
8 16 23 19 29 12 17
16 25 14 3 4 19 21
11 11 27 3 4 19 10
20 28 13 5 7 27 25
2 23 28 13 2 24 21
20 28 13 12 13 15 15
28 7 4 10 25 12 19
10 25 12 7 25 15 3
1 2 11 4 19 21 19
29 20 1 9 16 21 20
9 16 21 23 10 16 7
4 19 21 8 16 23 3
29 20 1 2 23 28 27
2 23 28 8 16 23 8
4 19 21 15 27 22 8
20 28 13 25 9 26 23
13 2 24 23 10 16 11
10 25 12 5 7 27 23
1 2 11 13 2 24 13
10 25 12 29 20 1 12
20 28 13 17 11 1 20
14 19 17 16 25 14 6
4 19 21 28 7 4 20
11 11 27 19 29 12 23
9 16 21 1 2 11 17
0 20 27 21 16 8 19
8 16 23 5 7 27 9
26 14 3 20 28 13 17
14 19 17 0 20 27 10
5 7 27 9 16 21 10
12 13 15 5 7 27 13
16 25 14 7 25 15 1
19 29 12 6 0 19 29
10 25 12 20 28 13 3
15 27 22 14 19 17 9
15 27 22 2 23 28 7
27 27 20 29 20 1 20
16 25 14 12 13 15 12
13 2 24 24 9 8 17
8 16 23 7 25 15 12
22 5 2 10 25 12 22
1 2 11 7 25 15 23
27 27 20 3 4 19 23
19 29 12 28 7 4 23
11 11 27 7 25 15 18
21 16 8 16 25 14 10
22 5 2 20 28 13 25
12 13 15 28 7 4 12
17 11 1 16 25 14 19
5 7 27 19 29 12 26
13 2 24 27 27 20 25
26 14 3 6 0 19 21
19 29 12 10 25 12 4
20 28 13 15 27 22 9
21 16 8 27 27 20 16
3 4 19 23 10 16 6
9 16 21 24 9 8 14
15 27 22 5 7 27 20
2 23 28 5 7 27 16
12 13 15 15 27 22 15
25 9 26 26 14 3 23
12 13 15 11 11 27 12
12 13 15 8 16 23 8
29 20 1 16 25 14 13
16 25 14 10 25 12 2
25 9 26 16 25 14 20
16 25 14 27 27 20 6
11 11 27 0 20 27 9
14 19 17 2 23 28 11
0 20 27 28 7 4 26
20 28 13 24 9 8 19
2 23 28 6 0 19 24
9 16 21 25 9 26 8
17 11 1 19 29 12 21
2 23 28 22 5 2 31
16 25 14 4 19 21 9
20 28 13 11 11 27 22
13 2 24 28 7 4 20
18 5 23 0 20 27 15
14 19 17 28 7 4 17
11 11 27 10 25 12 20
24 9 8 2 23 28 24
16 25 14 24 9 8 17
17 11 1 18 5 23 22
14 19 17 24 9 8 13
21 16 8 24 9 8 7
28 7 4 3 4 19 15
15 27 22 26 14 3 23
21 16 8 25 9 26 19
23 10 16 7 25 15 15
14 19 17 26 14 3 14
23 10 16 24 9 8 8
16 25 14 18 5 23 21
8 16 23 21 16 8 15
7 25 15 3 4 19 21
3 4 19 21 16 8 16
6 0 19 12 13 15 13
8 16 23 14 19 17 6
26 14 3 9 16 21 18
3 4 19 14 19 17 15
0 20 27 25 9 26 11
21 16 8 28 7 4 9
19 29 12 27 27 20 8
7 25 15 13 2 24 24
11 11 27 18 5 23 7
14 19 17 1 2 11 18
10 25 12 3 4 19 22
21 16 8 22 5 2 12
12 13 15 13 2 24 14
13 2 24 22 5 2 22
0 20 27 9 16 21 7
25 9 26 23 10 16 10
18 5 23 26 14 3 21
27 27 20 17 11 1 24
14 19 17 19 29 12 11
18 5 23 6 0 19 6
18 5 23 3 4 19 4
28 7 4 7 25 15 21
12 13 15 7 25 15 12
27 27 20 25 9 26 18
2 23 28 1 2 11 27
20 28 13 1 2 11 26
15 27 22 25 9 26 18
7 25 15 21 16 8 11
3 4 19 13 2 24 5
14 19 17 27 27 20 8
8 16 23 13 2 24 14
12 13 15 3 4 19 9
23 10 16 27 27 20 17
28 7 4 25 9 26 22
6 0 19 25 9 26 11
21 16 8 9 16 21 13
14 19 17 18 5 23 15
0 20 27 15 27 22 8
2 23 28 16 25 14 14
28 7 4 15 27 22 26
16 25 14 26 14 3 15
26 14 3 27 27 20 21
11 11 27 26 14 3 24
25 9 26 22 5 2 24
6 0 19 20 28 13 28
24 9 8 11 11 27 19
17 11 1 10 25 12 17
4 19 21 10 25 12 10
15 27 22 9 16 21 11
11 11 27 13 2 24 9
0 20 27 20 28 13 16
23 10 16 18 5 23 8
8 16 23 17 11 1 22
11 11 27 9 16 21 7
14 19 17 9 16 21 5
1 2 11 15 27 22 27
26 14 3 0 20 27 24
1 2 11 19 29 12 27
2 23 28 18 5 23 18
12 13 15 10 25 12 12
18 5 23 10 25 12 22
19 29 12 7 25 15 5
7 25 15 25 9 26 19
21 16 8 5 7 27 21
19 29 12 23 10 16 19
12 13 15 19 29 12 16
21 16 8 13 2 24 21
29 20 1 23 10 16 18
26 14 3 23 10 16 13
26 14 3 3 4 19 18
2 23 28 11 11 27 12
27 27 20 11 11 27 17
24 9 8 25 9 26 18
21 16 8 29 20 1 8
22 5 2 15 27 22 29
0 20 27 10 25 12 15
17 11 1 2 23 28 29
9 16 21 7 25 15 10
18 5 23 27 27 20 22
9 16 21 2 23 28 9
5 7 27 11 11 27 4
4 19 21 18 5 23 14
1 2 11 17 11 1 13
17 11 1 0 20 27 27
22 5 2 27 27 20 28
22 5 2 16 25 14 23
3 4 19 9 16 21 12
1 2 11 18 5 23 12
4 19 21 12 13 15 8
8 16 23 25 9 26 7
20 28 13 7 25 15 3
29 20 1 28 7 4 13
17 11 1 4 19 21 21
20 28 13 2 23 28 15
3 4 19 25 9 26 8
20 28 13 8 16 23 15
19 29 12 9 16 21 15
29 20 1 19 29 12 14
6 0 19 17 11 1 21
19 29 12 24 9 8 20
29 20 1 4 19 21 20
4 19 21 0 20 27 6
17 11 1 28 7 4 5
29 20 1 3 4 19 24
23 10 16 0 20 27 14
1 2 11 22 5 2 9
18 5 23 21 16 8 18
21 16 8 15 27 22 17
15 27 22 8 16 23 11
25 9 26 14 19 17 13
14 19 17 13 2 24 18
5 7 27 22 5 2 25
29 20 1 1 2 11 20
10 25 12 21 16 8 9
8 16 23 23 10 16 9
19 29 12 21 16 8 13
4 19 21 14 19 17 4
12 13 15 23 10 16 3
6 0 19 4 19 21 19
0 20 27 13 2 24 18
27 27 20 6 0 19 27
28 7 4 24 9 8 4
15 27 22 7 25 15 7
12 13 15 18 5 23 11
22 5 2 11 11 27 25
13 2 24 16 25 14 25
26 14 3 12 13 15 12
23 10 16 14 19 17 9
0 20 27 19 29 12 17
13 2 24 20 28 13 28
1 2 11 0 20 27 24
17 11 1 24 9 8 7
18 5 23 29 20 1 26
22 5 2 9 16 21 21
12 13 15 2 23 28 16
15 27 22 16 25 14 8
6 0 19 28 7 4 16
19 29 12 2 23 28 17
27 27 20 28 7 4 25
6 0 19 3 4 19 4
8 16 23 28 7 4 21
17 11 1 11 11 27 26
28 7 4 9 16 21 19
29 20 1 26 14 3 6
3 4 19 17 11 1 19
9 16 21 20 28 13 14
11 11 27 1 2 11 18
14 19 17 22 5 2 20
9 16 21 8 16 23 2
4 19 21 2 23 28 8
10 25 12 24 9 8 16
12 13 15 21 16 8 7
6 0 19 15 27 22 27
23 10 16 20 28 13 18
4 19 21 25 9 26 11
27 27 20 7 25 15 5
24 9 8 6 0 19 14
29 20 1 12 13 15 15
0 20 27 2 23 28 3
14 19 17 6 0 19 19
17 11 1 5 7 27 26
5 7 27 6 0 19 10
1 2 11 6 0 19 8
8 16 23 1 2 11 18
29 20 1 13 2 24 29
27 27 20 4 19 21 8
12 13 15 22 5 2 15
28 7 4 20 28 13 22
26 14 3 21 16 8 5
7 25 15 0 20 27 13
28 7 4 18 5 23 19
4 19 21 9 16 21 3
13 2 24 25 9 26 7
7 25 15 29 20 1 14
22 5 2 29 20 1 15
15 27 22 29 20 1 22
17 11 1 23 10 16 15
27 27 20 0 20 27 9
9 16 21 27 27 20 11
2 23 28 10 25 12 16
26 14 3 24 9 8 7
6 0 19 0 20 27 21
22 5 2 26 14 3 9
14 19 17 12 13 15 6
25 9 26 19 29 12 24
1 2 11 27 27 20 26
20 28 13 4 19 21 12
21 16 8 14 19 17 9
9 16 21 16 25 14 11
1 2 11 24 9 8 7
21 16 8 4 19 21 13
0 20 27 24 9 8 21
5 7 27 16 25 14 22
1 2 11 12 13 15 11
11 11 27 14 19 17 12
4 19 21 24 9 8 16
20 28 13 29 20 1 14
19 29 12 13 2 24 29
8 16 23 3 4 19 12
17 11 1 26 14 3 3
10 25 12 1 2 11 23
26 14 3 10 25 12 14
15 27 22 3 4 19 23
26 14 3 7 25 15 16
27 27 20 15 27 22 2
1 2 11 16 25 14 23
29 20 1 5 7 27 29
28 7 4 11 11 27 23
21 16 8 1 2 11 14
15 27 22 10 25 12 10
23 10 16 5 7 27 11
1 2 11 25 9 26 16
18 5 23 22 5 2 21
27 27 20 8 16 23 11
5 7 27 13 2 24 5
19 29 12 16 25 14 4
17 11 1 14 19 17 17
14 19 17 29 20 1 16
22 5 2 0 20 27 29
22 5 2 6 0 19 17
29 20 1 6 0 19 26
22 5 2 3 4 19 17
25 9 26 11 11 27 2
18 5 23 8 16 23 11
10 25 12 27 27 20 8
17 11 1 15 27 22 26
14 19 17 7 25 15 6
4 19 21 22 5 2 23
27 27 20 12 13 15 14
10 25 12 13 2 24 25
2 23 28 23 10 16 17
16 25 14 6 0 19 25
26 14 3 8 16 23 20
6 0 19 11 11 27 13
5 7 27 4 19 21 13
12 13 15 25 9 26 11
4 19 21 13 2 24 17
24 9 8 8 16 23 16
21 16 8 20 28 13 13
9 16 21 12 13 15 6
15 27 22 23 10 16 18
10 25 12 8 16 23 14