92 4186
25 16 22 9 70 58 64
10 88 60 72 84 35 25
17 75 51 60 14 91 72
4 30 68 8 47 65 17
20 78 84 69 44 9 82
43 78 57 67 1 53 77
63 38 54 64 22 49 16
10 88 60 82 7 91 86
90 29 15 18 13 1 21
5 5 52 72 84 35 80
44 47 52 43 78 57 31
73 56 2 76 9 55 70
65 4 62 0 17 10 53
62 26 27 91 85 66 70
85 52 42 21 80 66 36
52 90 91 79 35 79 56
68 73 84 58 66 43 41
41 10 21 77 63 57 64
11 47 32 41 10 21 38
75 16 25 61 10 35 11
68 73 84 39 89 1 84
88 60 71 69 44 9 64
79 35 79 34 35 46 33
54 26 42 68 73 84 63
35 90 20 11 47 32 44
82 7 91 52 90 91 83
22 91 27 13 43 51 53
31 9 66 35 90 20 93
3 9 81 82 7 91 10
10 88 60 45 75 5 56
0 17 10 83 34 81 73
79 35 79 22 91 27 76
65 4 62 64 22 49 22
22 91 27 16 78 87 61
69 44 9 80 57 68 60
43 78 57 14 73 47 11
32 7 69 30 88 35 87
33 60 20 9 70 58 39
36 11 25 54 26 42 22
8 47 65 60 14 91 42
66 3 90 58 66 43 78
49 88 21 15 42 25 46
15 42 25 3 9 81 65
23 68 44 3 9 81 69
2 29 15 73 56 2 29
86 39 36 57 88 48 50
89 84 12 23 68 44 35
60 14 91 31 9 66 25
11 47 32 53 11 75 56
61 10 35 14 73 47 64
81 71 39 65 4 62 70
2 29 15 85 52 42 35
35 90 20 83 34 81 82
37 87 73 53 11 75 76
48 88 11 61 10 35 81
51 89 22 49 88 21 1
72 84 35 74 40 35 44
89 84 12 40 16 17 68
63 38 54 77 63 57 25
54 26 42 91 85 66 63
76 9 55 47 31 71 27
9 70 58 90 29 15 59
55 59 70 50 20 90 43
33 60 20 65 4 62 70
41 10 21 87 52 54 53
71 83 62 80 57 68 26
10 88 60 80 57 68 32
64 22 49 37 87 73 69
85 52 42 57 88 48 36
61 10 35 31 9 66 31
53 11 75 84 12 40 35
2 29 15 62 26 27 12
42 79 71 54 26 42 60
84 12 40 68 73 84 75
17 75 51 45 75 5 46
25 16 22 12 71 83 82
21 80 66 62 26 27 66
39 89 1 7 82 23 23
89 84 12 53 11 75 96
29 14 68 46 27 88 23
27 71 5 25 16 22 57
20 78 84 68 73 84 5
83 34 81 44 47 52 31
90 29 15 7 82 23 53
51 89 22 29 14 68 87
79 35 79 14 73 47 49
70 89 59 39 89 1 58
67 1 53 30 88 35 88
75 16 25 13 43 51 37
89 84 12 60 14 91 105
32 7 69 18 13 1 68
57 88 48 60 14 91 85
32 7 69 0 17 10 59
2 29 15 25 16 22 14
88 60 71 38 22 17 66
17 75 51 64 22 49 53
8 47 65 50 20 90 36
65 4 62 12 71 83 70
72 84 35 55 59 70 43
43 78 57 19 1 25 83
60 14 91 7 82 23 96
6 13 1 8 47 65 72
89 84 12 21 80 66 54
88 60 71 28 71 45 28
44 47 52 67 1 53 46
41 10 21 0 17 10 13
35 90 20 84 12 40 80
35 90 20 77 63 57 45
2 29 15 18 13 1 21
17 75 51 84 12 40 63
59 22 22 78 4 28 18
30 88 35 85 52 42 36
77 63 57 66 3 90 68
87 52 54 71 83 62 32
58 66 43 9 70 58 15
65 4 62 85 52 42 52
45 75 5 77 63 57 53
41 10 21 23 68 44 62
73 56 2 16 78 87 87
54 26 42 29 14 68 28
66 3 90 36 11 25 65
60 14 91 90 29 15 77
33 60 20 71 83 62 47
21 80 66 69 44 9 67
72 84 35 28 71 45 16
54 26 42 45 75 5 61
30 88 35 44 47 52 44
22 91 27 75 16 25 75
80 57 68 66 3 90 58
70 89 59 23 68 44 25
63 38 54 66 3 90 50
82 7 91 4 30 68 32
15 42 25 29 14 68 51
63 38 54 46 27 88 35
72 84 35 7 82 23 12
10 88 60 17 75 51 15
15 42 25 6 13 1 37
77 63 57 31 9 66 54
40 16 17 30 88 35 74
78 4 28 67 1 53 25
32 7 69 38 22 17 54
41 10 21 6 13 1 20
90 29 15 61 10 35 27
90 29 15 68 73 84 81
27 71 5 24 56 40 38
0 17 10 37 87 73 94
12 71 83 20 78 84 7
42 79 71 26 21 80 58
49 88 21 8 47 65 60
50 20 90 0 17 10 80
13 43 51 83 34 81 31
5 5 52 4 30 68 29
22 91 27 12 71 83 59
58 66 43 31 9 66 61
37 87 73 29 14 68 73
27 71 5 6 13 1 58
8 47 65 91 85 66 38
7 82 23 63 38 54 53
79 35 79 18 13 1 81
40 16 17 91 85 66 84
22 91 27 49 88 21 6
72 84 35 79 35 79 65
28 71 45 57 88 48 17
0 17 10 60 14 91 81
68 73 84 49 88 21 64
85 52 42 91 85 66 40
45 75 5 82 7 91 109
40 16 17 76 9 55 38
88 60 71 20 78 84 22
30 88 35 6 13 1 82
2 29 15 17 75 51 58
50 20 90 35 90 20 98
7 82 23 11 47 32 36
3 9 81 90 29 15 68
39 89 1 89 84 12 12
46 27 88 34 35 46 42
63 38 54 22 91 27 59
80 57 68 12 71 83 20
52 90 91 81 71 39 55
88 60 71 66 3 90 60
65 4 62 42 79 71 75
89 84 12 90 29 15 55
47 31 71 79 35 79 8
68 73 84 61 10 35 79
15 42 25 16 78 87 71
29 14 68 0 17 10 58
91 85 66 17 75 51 18
39 89 1 57 88 48 47
77 63 57 5 5 52 58
2 29 15 40 16 17 13
65 4 62 23 68 44 66
29 14 68 5 5 52 18
74 40 35 57 88 48 49
26 21 80 39 89 1 104
70 89 59 53 11 75 79
46 27 88 55 59 70 36
63 38 54 0 17 10 48
42 79 71 70 89 59 15
34 35 46 6 13 1 50
35 90 20 9 70 58 42
58 66 43 40 16 17 56
8 47 65 2 29 15 53
80 57 68 70 89 59 33
72 84 35 36 11 25 73
15 42 25 77 63 57 38
87 52 54 72 84 35 37
23 68 44 37 87 73 34
87 52 54 28 71 45 21
12 71 83 1 45 22 66
5 5 52 3 9 81 29
0 17 10 40 16 17 7
42 79 71 63 38 54 44
34 35 46 27 71 5 54
51 89 22 56 58 73 59
65 4 62 9 70 58 66
15 42 25 59 22 22 20
9 70 58 51 89 22 40
26 21 80 61 10 35 46
32 7 69 60 14 91 23
0 17 10 26 21 80 70
6 13 1 75 16 25 24
16 78 87 0 17 10 98
67 1 53 35 90 20 94
57 88 48 42 79 71 24
81 71 39 39 89 1 42
16 78 87 72 84 35 52
72 84 35 17 75 51 18
57 88 48 81 71 39 19
4 30 68 58 66 43 43
10 88 60 26 21 80 69
37 87 73 1 45 22 66
66 3 90 90 29 15 79
12 71 83 18 13 1 100
55 59 70 52 90 91 37
90 29 15 48 88 11 59
13 43 51 14 73 47 30
61 10 35 55 59 70 60
44 47 52 82 7 91 55
60 14 91 1 45 22 75
20 78 84 29 14 68 65
11 47 32 81 71 39 25
56 58 73 24 56 40 33
84 12 40 50 20 90 50
56 58 73 4 30 68 28
13 43 51 2 29 15 38
84 12 40 83 34 81 46
64 22 49 30 88 35 67
51 89 22 60 14 91 101
45 75 5 22 91 27 27
81 71 39 48 88 11 32
19 1 25 9 70 58 76
14 73 47 6 13 1 75
9 70 58 34 35 46 37
15 42 25 9 70 58 43
51 89 22 15 42 25 47
22 91 27 30 88 35 8
79 35 79 53 11 75 24
58 66 43 12 71 83 40
25 16 22 62 26 27 11
45 75 5 12 71 83 78
3 9 81 63 38 54 39
40 16 17 50 20 90 73
47 31 71 72 84 35 64
65 4 62 90 29 15 53
14 73 47 68 73 84 37
23 68 44 13 43 51 25
51 89 22 27 71 5 24
42 79 71 28 71 45 27
8 47 65 88 60 71 14
61 10 35 51 89 22 80
53 11 75 81 71 39 69
87 52 54 60 14 91 53
59 22 22 25 16 22 6
83 34 81 34 35 46 35
47 31 71 17 75 51 48
56 58 73 20 78 84 22
6 13 1 47 31 71 72
88 60 71 71 83 62 24
21 80 66 76 9 55 71
28 71 45 36 11 25 63
46 27 88 74 40 35 54
29 14 68 76 9 55 13
46 27 88 41 10 21 69
69 44 9 34 35 46 38
15 42 25 89 84 12 43
89 84 12 57 88 48 36
49 88 21 27 71 5 23
60 14 91 50 20 90 6
55 59 70 12 71 83 17
31 9 66 22 91 27 90
77 63 57 59 22 22 53
57 88 48 58 66 43 22
79 35 79 7 82 23 73
60 14 91 46 27 88 13
47 31 71 3 9 81 24
58 66 43 76 9 55 58
7 82 23 38 22 17 60
56 58 73 1 45 22 52
41 10 21 34 35 46 35
50 20 90 75 16 25 65
73 56 2 52 90 91 95
21 80 66 80 57 68 23
52 90 91 5 5 52 93
49 88 21 67 1 53 92
78 4 28 36 11 25 7
62 26 27 59 22 22 6
47 31 71 51 89 22 75
0 17 10 54 26 42 33
80 57 68 23 68 44 26
42 79 71 6 13 1 96
60 14 91 40 16 17 74
83 34 81 72 84 35 67
75 16 25 25 16 22 3
9 70 58 11 47 32 34
6 13 1 49 88 21 77
15 42 25 26 21 80 58
16 78 87 44 47 52 46
11 47 32 84 12 40 35
69 44 9 13 43 51 42
61 10 35 27 71 5 67
68 73 84 56 58 73 18
56 58 73 42 79 71 21
77 63 57 18 13 1 75
23 68 44 64 22 49 46
22 91 27 68 73 84 59
65 4 62 80 57 68 53
7 82 23 8 47 65 54
18 13 1 72 84 35 78
36 11 25 91 85 66 84
3 9 81 21 80 66 72
48 88 11 68 73 84 74
36 11 25 18 13 1 24
28 71 45 21 80 66 22
44 47 52 10 88 60 41
41 10 21 51 89 22 79
37 87 73 49 88 21 52
61 10 35 67 1 53 20
60 14 91 11 47 32 67
72 84 35 6 13 1 78
73 56 2 35 90 20 38
39 89 1 25 16 22 75
68 73 84 52 90 91 18
7 82 23 85 52 42 35
63 38 54 58 66 43 30
79 35 79 75 16 25 57
37 87 73 36 11 25 89
4 30 68 12 71 83 43
44 47 52 68 73 84 41
2 29 15 89 84 12 55
85 52 42 52 90 91 62
86 39 36 71 83 62 51
49 88 21 62 26 27 62
56 58 73 50 20 90 41
21 80 66 66 3 90 80
73 56 2 23 68 44 43
19 1 25 4 30 68 51
5 5 52 49 88 21 88
50 20 90 74 40 35 58
33 60 20 6 13 1 50
61 10 35 57 88 48 79
39 89 1 83 34 81 97
90 29 15 79 35 79 64
59 22 22 1 45 22 23
87 52 54 39 89 1 64
20 78 84 76 9 55 74
7 82 23 48 88 11 13
22 91 27 42 79 71 45
7 82 23 17 75 51 28
31 9 66 7 82 23 84
67 1 53 63 38 54 37
5 5 52 23 68 44 63
88 60 71 60 14 91 50
20 78 84 18 13 1 105
82 7 91 67 1 53 38
90 29 15 53 11 75 62
75 16 25 29 14 68 43
18 13 1 91 85 66 97
35 90 20 71 83 62 42
37 87 73 90 29 15 82
57 88 48 88 60 71 36
12 71 83 61 10 35 77
38 22 17 20 78 84 87
0 17 10 48 88 11 71
58 66 43 46 27 88 59
30 88 35 46 27 88 80
60 14 91 80 57 68 48
38 22 17 25 16 22 7
34 35 46 32 7 69 36
77 63 57 70 89 59 26
71 83 62 21 80 66 5
25 16 22 26 21 80 58
79 35 79 39 89 1 94
2 29 15 65 4 62 53
64 22 49 75 16 25 24
55 59 70 45 75 5 66
36 11 25 52 90 91 102
91 85 66 74 40 35 54
7 82 23 23 68 44 25
43 78 57 39 89 1 57
18 13 1 81 71 39 69
16 78 87 29 14 68 66
52 90 91 35 90 20 71
60 14 91 75 16 25 66
85 52 42 76 9 55 44
80 57 68 61 10 35 57
12 71 83 60 14 91 57
51 89 22 53 11 75 94
13 43 51 86 39 36 15
63 38 54 27 71 5 59
25 16 22 43 78 57 71
1 45 22 50 20 90 72
40 16 17 32 7 69 52
39 89 1 50 20 90 112
19 1 25 76 9 55 31
6 13 1 48 88 11 75
12 71 83 71 83 62 24
21 80 66 27 71 5 61
8 47 65 47 31 71 17
26 21 80 63 38 54 31
70 89 59 44 47 52 42
48 88 11 84 12 40 81
3 9 81 62 26 27 56
67 1 53 54 26 42 27
46 27 88 28 71 45 61
63 38 54 59 22 22 35
71 83 62 19 1 25 89
51 89 22 7 82 23 7
65 4 62 79 35 79 35
67 1 53 19 1 25 28
12 71 83 52 90 91 20
39 89 1 71 83 62 61
31 9 66 6 13 1 65
40 16 17 67 1 53 39
32 7 69 73 56 2 83
68 73 84 78 4 28 88
2 29 15 32 7 69 58
4 30 68 57 88 48 61
83 34 81 55 59 70 27
63 38 54 6 13 1 58
17 75 51 23 68 44 9
34 35 46 80 57 68 31
70 89 59 14 73 47 20
48 88 11 10 88 60 49
46 27 88 5 5 52 42
47 31 71 4 30 68 3
81 71 39 12 71 83 44
36 11 25 24 56 40 47
32 7 69 39 89 1 106
78 4 28 21 80 66 84
13 43 51 66 3 90 55
13 43 51 6 13 1 58
29 14 68 70 89 59 75
81 71 39 7 82 23 19
1 45 22 15 42 25 4
88 60 71 47 31 71 29
48 88 11 88 60 71 66
63 38 54 32 7 69 34
27 71 5 66 3 90 108
62 26 27 83 34 81 54
11 47 32 3 9 81 62
84 12 40 34 35 46 23
18 13 1 63 38 54 58
23 68 44 33 60 20 25
46 27 88 57 88 48 72
89 84 12 81 71 39 29
5 5 52 15 42 25 45
15 42 25 53 11 75 58
41 10 21 14 73 47 68
56 58 73 82 7 91 54
1 45 22 27 71 5 31
22 91 27 53 11 75 93
53 11 75 4 30 68 20
59 22 22 72 84 35 63
33 60 20 77 63 57 37
66 3 90 9 70 58 74
54 26 42 30 88 35 62
38 22 17 35 90 20 68
28 71 45 45 75 5 40
75 16 25 67 1 53 31
70 89 59 82 7 91 88
87 52 54 20 78 84 39
76 9 55 7 82 23 79
9 70 58 26 21 80 53
34 35 46 58 66 43 31
41 10 21 5 5 52 31
69 44 9 4 30 68 60
24 56 40 76 9 55 49
10 88 60 27 71 5 57
51 89 22 8 47 65 60
53 11 75 50 20 90 17
82 7 91 75 16 25 66
91 85 66 41 10 21 87
88 60 71 84 12 40 57
44 47 52 41 10 21 48
47 31 71 16 78 87 49
76 9 55 74 40 35 36
32 7 69 27 71 5 90
0 17 10 10 88 60 86
43 78 57 57 88 48 13
40 16 17 55 59 70 68
48 88 11 58 66 43 38
73 56 2 31 9 66 79
41 10 21 73 56 2 49
9 70 58 61 10 35 64
13 43 51 44 47 52 4
13 43 51 76 9 55 34
8 47 65 90 29 15 53
81 71 39 20 78 84 45
27 71 5 89 84 12 14
70 89 59 21 80 66 11
66 3 90 23 68 44 79
34 35 46 78 4 28 35
54 26 42 25 16 22 22
51 89 22 19 1 25 88
65 4 62 11 47 32 52
31 9 66 69 44 9 66
89 84 12 55 59 70 63
21 80 66 73 56 2 68
33 60 20 25 16 22 44
17 75 51 56 58 73 27
55 59 70 57 88 48 36
90 29 15 31 9 66 54
29 14 68 25 16 22 46
9 70 58 23 68 44 14
59 22 22 7 82 23 60
8 47 65 61 10 35 47
48 88 11 63 38 54 65
84 12 40 75 16 25 15
29 14 68 27 71 5 84
88 60 71 67 1 53 61
54 26 42 18 13 1 43
47 31 71 2 29 15 56
55 59 70 85 52 42 28
17 75 51 32 7 69 70
19 1 25 18 13 1 26
48 88 11 72 84 35 24
77 63 57 78 4 28 65
73 56 2 86 39 36 38
43 78 57 52 90 91 36
11 47 32 13 43 51 19
8 47 65 12 71 83 30
87 52 54 83 34 81 32
62 26 27 45 75 5 53
56 58 73 22 91 27 56
30 88 35 62 26 27 62
63 38 54 69 44 9 45
50 20 90 80 57 68 43
53 11 75 85 52 42 52
90 29 15 51 89 22 60
59 22 22 35 90 20 68
70 89 59 73 56 2 65
53 11 75 28 71 45 67
33 60 20 69 44 9 19
38 22 17 90 29 15 7
81 71 39 59 22 22 51
27 71 5 53 11 75 92
25 16 22 36 11 25 5
78 4 28 50 20 90 64
85 52 42 71 83 62 36
81 71 39 50 20 90 72
81 71 39 49 88 21 24
35 90 20 0 17 10 73
25 16 22 11 47 32 32
60 14 91 3 9 81 11
85 52 42 28 71 45 19
72 84 35 77 63 57 30
59 22 22 76 9 55 35
1 45 22 18 13 1 38
67 1 53 80 57 68 57
79 35 79 81 71 39 53
56 58 73 85 52 42 31
68 73 84 21 80 66 19
86 39 36 58 66 43 27
48 88 11 20 78 84 73
44 47 52 28 71 45 25
88 60 71 19 1 25 74
1 45 22 36 11 25 34
81 71 39 28 71 45 6
1 45 22 87 52 54 32
54 26 42 10 88 60 64
0 17 10 3 9 81 71
7 82 23 62 26 27 56
25 16 22 34 35 46 30
54 26 42 28 71 45 45
5 5 52 51 89 22 89
58 66 43 15 42 25 30
16 78 87 35 90 20 68
19 1 25 25 16 22 15
50 20 90 66 3 90 17
55 59 70 84 12 40 55
83 34 81 47 31 71 10
60 14 91 53 11 75 16
69 44 9 27 71 5 27
23 68 44 50 20 90 66
32 7 69 31 9 66 3
53 11 75 78 4 28 47
79 35 79 31 9 66 29
20 78 84 74 40 35 62
25 16 22 56 58 73 66
68 73 84 5 5 52 75
56 58 73 11 47 32 42
30 88 35 87 52 54 40
69 44 9 18 13 1 32
2 29 15 57 88 48 67
29 14 68 89 84 12 89
27 71 5 0 17 10 54
40 16 17 83 34 81 66
2 29 15 9 70 58 59
53 11 75 8 47 65 37
44 47 52 91 85 66 40
10 88 60 34 35 46 54
36 11 25 4 30 68 47
83 34 81 23 68 44 50
57 88 48 22 91 27 21
46 27 88 25 16 22 66
80 57 68 89 84 12 62
41 10 21 78 4 28 9
48 88 11 5 5 52 92
20 78 84 32 7 69 72
77 63 57 3 9 81 59
16 78 87 25 16 22 89
33 60 20 22 91 27 31
39 89 1 84 12 40 86
24 56 40 68 73 84 47
57 88 48 9 70 58 20
18 13 1 25 16 22 21
47 31 71 69 44 9 63
67 1 53 90 29 15 47
54 26 42 11 47 32 23
68 73 84 69 44 9 80
40 16 17 73 56 2 42
2 29 15 42 79 71 75
65 4 62 87 52 54 48
28 71 45 74 40 35 32
69 44 9 46 27 88 80
53 11 75 74 40 35 49
7 82 23 28 71 45 24
14 73 47 39 89 1 48
4 30 68 87 52 54 26
34 35 46 11 47 32 18
77 63 57 49 88 21 43
6 13 1 69 44 9 32
66 3 90 38 22 17 75
9 70 58 17 75 51 8
51 89 22 14 73 47 29
81 71 39 38 22 17 53
66 3 90 61 10 35 55
56 58 73 32 7 69 51
8 47 65 52 90 91 50
31 9 66 88 60 71 51
49 88 21 42 79 71 50
49 88 21 36 11 25 77
8 47 65 62 26 27 43
64 22 49 54 26 42 8
26 21 80 16 78 87 57
16 78 87 65 4 62 78
28 71 45 60 14 91 73
16 78 87 62 26 27 79
27 71 5 77 63 57 52
65 4 62 57 88 48 85
3 9 81 57 88 48 85
91 85 66 31 9 66 76
48 88 11 28 71 45 38
87 52 54 61 10 35 46
40 16 17 16 78 87 93
43 78 57 42 79 71 14
14 73 47 72 84 35 16
10 88 60 50 20 90 74
9 70 58 28 71 45 13
31 9 66 78 4 28 38
0 17 10 80 57 68 70
8 47 65 82 7 91 47
57 88 48 63 38 54 50
47 31 71 10 88 60 58
31 9 66 71 83 62 74
83 34 81 90 29 15 66
87 52 54 85 52 42 12
36 11 25 3 9 81 56
54 26 42 26 21 80 38
42 79 71 35 90 20 52
44 47 52 1 45 22 30
28 71 45 12 71 83 38
40 16 17 69 44 9 29
78 4 28 56 58 73 70
18 13 1 5 5 52 51
63 38 54 25 16 22 38
75 16 25 18 13 1 24
36 11 25 7 82 23 71
37 87 73 63 38 54 52
88 60 71 26 21 80 40
7 82 23 78 4 28 78
24 56 40 72 84 35 28
79 35 79 25 16 22 60
8 47 65 67 1 53 47
59 22 22 60 14 91 69
58 66 43 37 87 73 36
5 5 52 22 91 27 89
52 90 91 6 13 1 118
62 26 27 74 40 35 16
77 63 57 85 52 42 18
38 22 17 78 4 28 21
4 30 68 20 78 84 50
82 7 91 2 29 15 79
77 63 57 86 39 36 31
5 5 52 24 56 40 52
47 31 71 56 58 73 27
38 22 17 59 22 22 5
24 56 40 18 13 1 58
41 10 21 69 44 9 36
21 80 66 25 16 22 77
74 40 35 3 9 81 55
90 29 15 25 16 22 14
83 34 81 63 38 54 27
22 91 27 46 27 88 88
14 73 47 23 68 44 5
90 29 15 35 90 20 61
73 56 2 28 71 45 45
77 63 57 40 16 17 61
15 42 25 55 59 70 48
75 16 25 19 1 25 15
19 1 25 13 43 51 49
61 10 35 0 17 10 25
43 78 57 72 84 35 22
84 12 40 70 89 59 79
50 20 90 82 7 91 13
14 73 47 87 52 54 22
36 11 25 60 14 91 66
45 75 5 13 43 51 56
43 78 57 11 47 32 39
76 9 55 68 73 84 70
12 71 83 66 3 90 68
0 17 10 17 75 51 71
64 22 49 38 22 17 32
68 73 84 71 83 62 24
71 83 62 77 63 57 20
7 82 23 4 30 68 68
62 26 27 39 89 1 68
44 47 52 4 30 68 23
54 26 42 69 44 9 37
58 66 43 47 31 71 44
39 89 1 5 5 52 98
51 89 22 62 26 27 63
76 9 55 78 4 28 27
15 42 25 32 7 69 56
73 56 2 44 47 52 50
53 11 75 9 70 58 61
79 35 79 58 66 43 47
16 78 87 77 63 57 33
19 1 25 56 58 73 74
37 87 73 68 73 84 17
69 44 9 64 22 49 45
30 88 35 74 40 35 48
69 44 9 16 78 87 85
13 43 51 42 79 71 41
78 4 28 27 71 5 70
12 71 83 84 12 40 73
66 3 90 48 88 11 116
27 71 5 59 22 22 51
15 42 25 54 26 42 23
71 83 62 14 73 47 18
18 13 1 62 26 27 29
55 59 70 88 60 71 1
64 22 49 74 40 35 22
62 26 27 14 73 47 51
55 59 70 62 26 27 54
51 89 22 24 56 40 37
53 11 75 31 9 66 9
36 11 25 8 47 65 53
76 9 55 2 29 15 44
44 47 52 60 14 91 51
76 9 55 22 91 27 86
42 79 71 39 89 1 70
25 16 22 7 82 23 66
8 47 65 73 56 2 63
46 27 88 18 13 1 88
15 42 25 85 52 42 19
85 52 42 43 78 57 30
74 40 35 12 71 83 57
12 71 83 26 21 80 50
45 75 5 41 10 21 66
7 82 23 35 90 20 8
5 5 52 45 75 5 84
6 13 1 79 35 79 81
26 21 80 20 78 84 57
27 71 5 67 1 53 84
76 9 55 25 16 22 33
2 29 15 27 71 5 43
38 22 17 72 84 35 64
10 88 60 61 10 35 81
58 66 43 62 26 27 43
85 52 42 50 20 90 57
2 29 15 91 85 66 75
26 21 80 38 22 17 63
9 70 58 41 10 21 70
61 10 35 52 90 91 97
13 43 51 5 5 52 38
72 84 35 25 16 22 69
55 59 70 20 78 84 23
37 87 73 38 22 17 85
72 84 35 35 90 20 16
86 39 36 50 20 90 57
14 73 47 17 75 51 4
8 47 65 64 22 49 29
11 47 32 89 84 12 42
81 71 39 62 26 27 46
14 73 47 90 29 15 54
17 75 51 24 56 40 21
34 35 46 87 52 54 18
39 89 1 17 75 51 51
10 88 60 62 26 27 70
81 71 39 61 10 35 61
34 35 46 43 78 57 44
39 89 1 59 22 22 70
22 91 27 70 89 59 32
27 71 5 72 84 35 32
49 88 21 20 78 84 63
70 89 59 88 60 71 31
16 78 87 88 60 71 24
68 73 84 17 75 51 33
86 39 36 88 60 71 40
32 7 69 81 71 39 70
37 87 73 84 12 40 81
58 66 43 50 20 90 65
70 89 59 40 16 17 84
1 45 22 31 9 66 56
79 35 79 73 56 2 79
23 68 44 57 88 48 20
5 5 52 57 88 48 83
8 47 65 78 4 28 56
24 56 40 53 11 75 57
54 26 42 55 59 70 43
17 75 51 78 4 28 74
52 90 91 48 88 11 80
55 59 70 17 75 51 24
49 88 21 46 27 88 90
45 75 5 53 11 75 94
87 52 54 58 66 43 17
44 47 52 34 35 46 13
48 88 11 50 20 90 104
42 79 71 12 71 83 14
4 30 68 41 10 21 51
29 14 68 63 38 54 27
2 29 15 36 11 25 20
75 16 25 7 82 23 66
43 78 57 33 60 20 41
7 82 23 70 89 59 36
28 71 45 51 89 22 29
5 5 52 26 21 80 32
63 38 54 55 59 70 26
55 59 70 10 88 60 30
26 21 80 81 71 39 64
43 78 57 32 7 69 72
5 5 52 71 83 62 78
48 88 11 1 45 22 44
39 89 1 58 66 43 47
72 84 35 80 57 68 42
6 13 1 4 30 68 69
25 16 22 81 71 39 57
63 38 54 76 9 55 29
86 39 36 46 27 88 53
81 71 39 45 75 5 34
41 10 21 57 88 48 82
16 78 87 75 16 25 87
75 16 25 32 7 69 44
50 20 90 46 27 88 7
49 88 21 76 9 55 86
51 89 22 48 88 11 11
49 88 21 59 22 22 66
0 17 10 74 40 35 33
62 26 27 31 9 66 42
28 71 45 31 9 66 65
42 79 71 75 16 25 78
43 78 57 20 78 84 27
13 43 51 51 89 22 54
73 56 2 11 47 32 31
53 11 75 17 75 51 68
23 68 44 40 16 17 58
24 56 40 3 9 81 62
60 14 91 42 79 71 68
91 85 66 13 43 51 44
17 75 51 26 21 80 61
70 89 59 8 47 65 42
18 13 1 3 9 81 80
32 7 69 21 80 66 73
53 11 75 29 14 68 7
17 75 51 51 89 22 32
58 66 43 13 43 51 24
30 88 35 35 90 20 15
34 35 46 5 5 52 30
3 9 81 91 85 66 77
27 71 5 38 22 17 50
78 4 28 29 14 68 41
88 60 71 52 90 91 36
26 21 80 87 52 54 40
40 16 17 66 3 90 74
0 17 10 72 84 35 71
79 35 79 12 71 83 36
40 16 17 63 38 54 43
54 26 42 46 27 88 46
36 11 25 83 34 81 60
72 84 35 54 26 42 58
5 5 52 1 45 22 50
43 78 57 80 57 68 23
38 22 17 19 1 25 22
11 47 32 69 44 9 23
18 13 1 35 90 20 79
55 59 70 49 88 21 56
31 9 66 12 71 83 64
30 88 35 29 14 68 81
70 89 59 5 5 52 84
17 75 51 90 29 15 58
67 1 53 12 71 83 76
30 88 35 88 60 71 45
29 14 68 21 80 66 66
57 88 48 48 88 11 37
9 70 58 6 13 1 80
74 40 35 39 89 1 59
71 83 62 42 79 71 9
82 7 91 11 47 32 71
10 88 60 29 14 68 74
29 14 68 74 40 35 42
46 27 88 36 11 25 65
26 21 80 47 31 71 13
15 42 25 10 88 60 57
49 88 21 38 22 17 66
53 11 75 59 22 22 54
73 56 2 67 1 53 75
47 31 71 5 5 52 32
34 35 46 54 26 42 9
83 34 81 26 21 80 13
90 29 15 4 30 68 53
47 31 71 44 47 52 24
77 63 57 43 78 57 15
11 47 32 62 26 27 21
12 71 83 3 9 81 62
44 47 52 19 1 25 53
17 75 51 85 52 42 24
20 78 84 3 9 81 69
27 71 5 68 73 84 79
18 13 1 50 20 90 89
15 42 25 90 29 15 16
19 1 25 63 38 54 47
87 52 54 23 68 44 18
64 22 49 53 11 75 28
27 71 5 7 82 23 21
49 88 21 34 35 46 58
4 30 68 76 9 55 24
22 91 27 73 56 2 43
86 39 36 63 38 54 18
75 16 25 63 38 54 36
40 16 17 87 52 54 51
88 60 71 41 10 21 70
10 88 60 35 90 20 40
42 79 71 8 47 65 32
82 7 91 14 73 47 79
44 47 52 64 22 49 25
68 73 84 6 13 1 102
83 34 81 24 56 40 46
32 7 69 64 22 49 25
39 89 1 77 63 57 61
65 4 62 59 22 22 43
54 26 42 14 73 47 47
53 11 75 80 57 68 46
2 29 15 67 1 53 47
85 52 42 44 47 52 11
30 88 35 81 71 39 17
52 90 91 25 16 22 101
52 90 91 22 91 27 64
21 80 66 16 78 87 21
13 43 51 40 16 17 43
60 14 91 23 68 44 71
69 44 9 37 87 73 77
65 4 62 75 16 25 38
69 44 9 26 21 80 74
59 22 22 57 88 48 70
31 9 66 45 75 5 89
78 4 28 64 22 49 27
72 84 35 42 79 71 36
42 79 71 10 88 60 14
47 31 71 39 89 1 90
39 89 1 76 9 55 96
27 71 5 40 16 17 56
76 9 55 89 84 12 86
70 89 59 60 14 91 81
52 90 91 15 42 25 81
38 22 17 40 16 17 6
24 56 40 50 20 90 61
37 87 73 34 35 46 58
17 75 51 36 11 25 69
72 84 35 65 4 62 84
36 11 25 90 29 15 20
64 22 49 1 45 22 35
3 9 81 76 9 55 26
71 83 62 41 10 21 83
8 47 65 45 75 5 66
74 40 35 67 1 53 42
88 60 71 85 52 42 30
42 79 71 74 40 35 53
5 5 52 82 7 91 39
0 17 10 23 68 44 61
23 68 44 58 66 43 2
42 79 71 77 63 57 21
66 3 90 73 56 2 102
37 87 73 18 13 1 103
90 29 15 16 78 87 87
71 83 62 23 68 44 23
82 7 91 80 57 68 55
26 21 80 85 52 42 49
54 26 42 13 43 51 19
68 73 84 34 35 46 53
27 71 5 45 75 5 4
43 78 57 37 87 73 18
54 26 42 52 90 91 80
67 1 53 13 43 51 42
25 16 22 68 73 84 84
81 71 39 55 59 70 33
22 91 27 41 10 21 81
74 40 35 82 7 91 65
84 12 40 86 39 36 27
16 78 87 36 11 25 91
88 60 71 35 90 20 59
65 4 62 83 34 81 35
52 90 91 49 88 21 70
70 89 59 89 84 12 47
27 71 5 14 73 47 42
30 88 35 49 88 21 14
27 71 5 42 79 71 66
47 31 71 28 71 45 47
49 88 21 13 43 51 54
67 1 53 65 4 62 9
6 13 1 74 40 35 43
45 75 5 65 4 62 91
11 47 32 8 47 65 33
36 11 25 58 66 43 57
88 60 71 3 9 81 51
61 10 35 20 78 84 83
81 71 39 24 56 40 15
20 78 84 19 1 25 97
16 78 87 87 52 54 42
13 43 51 8 47 65 14
17 75 51 16 78 87 36
48 88 11 83 34 81 88
48 88 11 40 16 17 72
51 89 22 78 4 28 85
62 26 27 46 27 88 61
19 1 25 49 88 21 87
61 10 35 63 38 54 33
79 35 79 24 56 40 44
50 20 90 89 84 12 100
11 47 32 28 71 45 27
30 88 35 11 47 32 41
45 75 5 19 1 25 76
57 88 48 87 52 54 36
10 88 60 73 56 2 66
91 85 66 26 21 80 65
66 3 90 29 14 68 24
27 71 5 37 87 73 69
38 22 17 10 88 60 78
71 83 62 0 17 10 84
76 9 55 48 88 11 90
13 43 51 77 63 57 20
64 22 49 15 42 25 31
14 73 47 50 20 90 68
7 82 23 24 56 40 31
70 89 59 90 29 15 74
4 30 68 31 9 66 21
76 9 55 54 26 42 21
80 57 68 76 9 55 49
39 89 1 69 44 9 45
16 78 87 42 79 71 16
56 58 73 13 43 51 26
38 22 17 39 89 1 68
55 59 70 42 79 71 20
1 45 22 24 56 40 21
9 70 58 1 45 22 43
79 35 79 36 11 25 59
78 4 28 9 70 58 72
56 58 73 83 34 81 25
87 52 54 7 82 23 43
38 22 17 89 84 12 62
3 9 81 69 44 9 80
41 10 21 67 1 53 33
18 13 1 87 52 54 65
16 78 87 10 88 60 28
34 35 46 50 20 90 46
48 88 11 56 58 73 68
67 1 53 55 59 70 60
37 87 73 65 4 62 83
46 27 88 68 73 84 46
9 70 58 59 22 22 60
48 88 11 65 4 62 98
3 9 81 84 12 40 41
89 84 12 46 27 88 95
25 16 22 89 84 12 68
6 13 1 19 1 25 26
74 40 35 85 52 42 13
74 40 35 83 34 81 46
62 26 27 80 57 68 51
51 89 22 76 9 55 86
61 10 35 16 78 87 85
63 38 54 85 52 42 18
6 13 1 89 84 12 71
0 17 10 34 35 46 40
57 88 48 10 88 60 12
82 7 91 13 43 51 53
48 88 11 19 1 25 88
5 5 52 53 11 75 23
76 9 55 31 9 66 11
91 85 66 86 39 36 54
27 71 5 12 71 83 78
71 83 62 50 20 90 68
36 11 25 64 22 49 26
81 71 39 16 78 87 48
1 45 22 68 73 84 68
82 7 91 85 52 42 66
46 27 88 84 12 40 50
1 45 22 43 78 57 48
23 68 44 46 27 88 60
79 35 79 4 30 68 12
62 26 27 48 88 11 64
4 30 68 85 52 42 34
49 88 21 72 84 35 14
74 40 35 22 91 27 51
65 4 62 47 31 71 28
42 79 71 11 47 32 50
24 56 40 2 29 15 36
36 11 25 31 9 66 41
12 71 83 69 44 9 78
33 60 20 18 13 1 50
61 10 35 22 91 27 81
71 83 62 6 13 1 92
20 78 84 42 79 71 13
66 3 90 69 44 9 90
44 47 52 62 26 27 32
82 7 91 7 82 23 101
91 85 66 27 71 5 62
73 56 2 90 29 15 29
33 60 20 34 35 46 36
51 89 22 55 59 70 56
20 78 84 58 66 43 42
58 66 43 75 16 25 53
61 10 35 89 84 12 77
48 88 11 71 83 62 51
20 78 84 11 47 32 60
41 10 21 90 29 15 19
33 60 20 63 38 54 40
77 63 57 84 12 40 53
25 16 22 44 47 52 43
63 38 54 28 71 45 34
52 90 91 41 10 21 106
48 88 11 26 21 80 96
68 73 84 81 71 39 45
71 83 62 79 35 79 50
17 75 51 83 34 81 50
38 22 17 28 71 45 56
80 57 68 77 63 57 12
76 9 55 52 90 91 88
73 56 2 9 70 58 57
77 63 57 52 90 91 43
7 82 23 47 31 71 70
50 20 90 7 82 23 91
42 79 71 41 10 21 85
45 75 5 84 12 40 72
21 80 66 74 40 35 50
90 29 15 42 79 71 75
54 26 42 51 89 22 66
4 30 68 46 27 88 20
28 71 45 82 7 91 78
86 39 36 32 7 69 45
26 21 80 3 9 81 12
75 16 25 56 58 73 63
68 73 84 60 14 91 59
20 78 84 25 16 22 87
14 73 47 88 60 71 27
34 35 46 4 30 68 22
20 78 84 37 87 73 14
38 22 17 75 16 25 10
36 11 25 84 12 40 15
4 30 68 13 43 51 21
45 75 5 72 84 35 31
46 27 88 20 78 84 51
79 35 79 84 12 40 45
21 80 66 83 34 81 48
34 35 46 29 14 68 30
9 70 58 4 30 68 41
50 20 90 79 35 79 18
33 60 20 2 29 15 31
29 14 68 60 14 91 23
2 29 15 81 71 39 48
49 88 21 89 84 12 9
86 39 36 29 14 68 40
84 12 40 63 38 54 29
24 56 40 61 10 35 46
71 83 62 54 26 42 60
34 35 46 28 71 45 36
62 26 27 57 88 48 65
75 16 25 81 71 39 56
86 39 36 19 1 25 39
53 11 75 88 60 71 49
50 20 90 51 89 22 96
88 60 71 1 45 22 51
70 89 59 1 45 22 57
49 88 21 9 70 58 41
90 29 15 28 71 45 51
58 66 43 29 14 68 57
83 34 81 2 29 15 66
47 31 71 80 57 68 26
63 38 54 10 88 60 50
52 90 91 64 22 49 79
35 90 20 41 10 21 80
15 42 25 46 27 88 64
84 12 40 59 22 22 20
4 30 68 18 13 1 69
41 10 21 29 14 68 47
52 90 91 39 89 1 90
46 27 88 2 29 15 73
42 79 71 50 20 90 61
12 71 83 63 38 54 43
53 11 75 30 88 35 86
81 71 39 14 73 47 8
48 88 11 41 10 21 78
35 90 20 89 84 12 10
2 29 15 54 26 42 27
55 59 70 39 89 1 75
67 1 53 28 71 45 70
20 78 84 50 20 90 58
39 89 1 30 88 35 34
29 14 68 9 70 58 56
34 35 46 1 45 22 26
63 38 54 20 78 84 50
9 70 58 30 88 35 29
41 10 21 18 13 1 20
35 90 20 24 56 40 39
42 79 71 21 80 66 5
5 5 52 56 58 73 57
58 66 43 80 57 68 26
86 39 36 2 29 15 23
4 30 68 78 4 28 47
45 75 5 60 14 91 105
46 27 88 12 71 83 44
9 70 58 16 78 87 30
2 29 15 35 90 20 61
54 26 42 24 56 40 30
68 73 84 77 63 57 28
37 87 73 60 14 91 75
29 14 68 6 13 1 67
34 35 46 52 90 91 71
0 17 10 86 39 36 34
5 5 52 43 78 57 73
52 90 91 24 56 40 61
36 11 25 59 22 22 11
45 75 5 70 89 59 55
63 38 54 78 4 28 42
1 45 22 11 47 32 10
16 78 87 86 39 36 64
50 20 90 67 1 53 41
71 83 62 52 90 91 29
46 27 88 8 47 65 30
20 78 84 31 9 66 71
55 59 70 58 66 43 27
28 71 45 41 10 21 65
84 12 40 28 71 45 59
39 89 1 23 68 44 47
46 27 88 80 57 68 36
30 88 35 89 84 12 23
91 85 66 30 88 35 31
37 87 73 47 31 71 56
57 88 48 6 13 1 88
7 82 23 16 78 87 64
4 30 68 86 39 36 33
91 85 66 64 22 49 65
45 75 5 7 82 23 19
25 16 22 41 10 21 6
14 73 47 42 79 71 24
5 5 52 80 57 68 54
18 13 1 68 73 84 102
2 29 15 50 20 90 75
19 1 25 61 10 35 13
44 47 52 3 9 81 47
59 22 22 64 22 49 27
0 17 10 25 16 22 12
66 3 90 31 9 66 24
5 5 52 2 29 15 44
57 88 48 68 73 84 39
73 56 2 14 73 47 48
31 9 66 49 88 21 90
20 78 84 60 14 91 64
84 12 40 54 26 42 14
53 11 75 57 88 48 81
58 66 43 59 22 22 48
21 80 66 53 11 75 69
88 60 71 89 84 12 63
14 73 47 33 60 20 29
57 88 48 38 22 17 72
56 58 73 15 42 25 50
33 60 20 37 87 73 59
90 29 15 52 90 91 97
20 78 84 47 31 71 48
87 52 54 47 31 71 27
1 45 22 21 80 66 56
36 11 25 41 10 21 4
85 52 42 0 17 10 47
49 88 21 75 16 25 72
11 47 32 50 20 90 63
57 88 48 34 35 46 53
56 58 73 66 3 90 57
2 29 15 15 42 25 16
81 71 39 78 4 28 67
18 13 1 76 9 55 54
66 3 90 11 47 32 72
17 75 51 3 9 81 72
74 40 35 47 31 71 37
24 56 40 43 78 57 27
81 71 39 10 88 60 27
23 68 44 21 80 66 25
77 63 57 11 47 32 29
48 88 11 43 78 57 47
62 26 27 40 16 17 14
83 34 81 80 57 68 26
77 63 57 7 82 23 38
85 52 42 39 89 1 55
40 16 17 6 13 1 16
17 75 51 6 13 1 79
45 75 5 64 22 49 68
5 5 52 40 16 17 36
78 4 28 19 1 25 4
34 35 46 56 58 73 35
65 4 62 24 56 40 56
4 30 68 55 59 70 29
18 13 1 43 78 57 85
45 75 5 80 57 68 65
58 66 43 17 75 51 12
89 84 12 47 31 71 79
53 11 75 82 7 91 16
2 29 15 64 22 49 34
46 27 88 72 84 35 77
66 3 90 59 22 22 70
69 44 9 43 78 57 58
28 71 45 20 78 84 39
12 71 83 37 87 73 18
13 43 51 63 38 54 5
82 7 91 25 16 22 69
88 60 71 15 42 25 49
65 4 62 38 22 17 48
72 84 35 30 88 35 4
42 79 71 76 9 55 71
19 1 25 28 71 45 72
20 78 84 44 47 52 44
53 11 75 7 82 23 88
4 30 68 68 73 84 45
38 22 17 74 40 35 25
8 47 65 26 21 80 30
0 17 10 21 80 66 84
57 88 48 17 75 51 13
56 58 73 39 89 1 78
70 89 59 81 71 39 26
4 30 68 21 80 66 50
40 16 17 44 47 52 46
68 73 84 32 7 69 67
43 78 57 51 89 22 36
3 9 81 9 70 58 65
68 73 84 85 52 42 46
49 88 21 10 88 60 39
84 12 40 81 71 39 59
86 39 36 37 87 73 60
62 26 27 26 21 80 53
46 27 88 88 60 71 37
82 7 91 61 10 35 56
52 90 91 2 29 15 97
59 22 22 3 9 81 60
15 42 25 38 22 17 21
8 47 65 20 78 84 36
11 47 32 72 84 35 37
21 80 66 77 63 57 19
47 31 71 91 85 66 54
37 87 73 82 7 91 82
22 91 27 32 7 69 93
54 26 42 53 11 75 36
30 88 35 19 1 25 87
22 91 27 25 16 22 75
84 12 40 71 83 62 74
21 80 66 60 14 91 70
55 59 70 82 7 91 56
11 47 32 83 34 81 50
51 89 22 80 57 68 56
53 11 75 66 3 90 17
11 47 32 87 52 54 22
47 31 71 61 10 35 41
3 9 81 50 20 90 14
48 88 11 80 57 68 64
89 84 12 13 43 51 56
44 47 52 81 71 39 27
29 14 68 28 71 45 61
10 88 60 58 66 43 27
86 39 36 33 60 20 26
83 34 81 64 22 49 34
55 59 70 47 31 71 28
48 88 11 42 79 71 60
66 3 90 19 1 25 65
33 60 20 79 35 79 64
17 75 51 66 3 90 81
10 88 60 56 58 73 32
50 20 90 76 9 55 36
91 85 66 4 30 68 55
78 4 28 6 13 1 28
91 85 66 87 52 54 35
16 78 87 43 78 57 30
3 9 81 53 11 75 6
88 60 71 62 26 27 55
65 4 62 13 43 51 40
66 3 90 26 21 80 20
27 71 5 44 47 52 52
83 34 81 4 30 68 13
60 14 91 34 35 46 49
0 17 10 36 11 25 16
29 14 68 72 84 35 77
23 68 44 27 71 5 39
61 10 35 76 9 55 20
60 14 91 9 70 58 65
60 14 91 63 38 54 44
42 79 71 40 16 17 82
60 14 91 19 1 25 67
14 73 47 91 85 66 22
80 57 68 56 58 73 5
8 47 65 57 88 48 44
87 52 54 69 44 9 45
20 78 84 13 43 51 48
25 16 22 35 90 20 74
51 89 22 81 71 39 24
52 90 91 32 7 69 85
3 9 81 66 3 90 10
18 13 1 45 75 5 62
69 44 9 56 58 73 65
2 29 15 77 63 57 54
17 75 51 48 88 11 42
40 16 17 80 57 68 65
50 20 90 13 43 51 45
6 13 1 25 16 22 21
32 7 69 1 45 22 60
40 16 17 10 88 60 83
49 88 21 58 66 43 31
76 9 55 6 13 1 54
90 29 15 64 22 49 34
89 84 12 59 22 22 62
48 88 11 34 35 46 63
46 27 88 78 4 28 64
42 79 71 3 9 81 70
14 73 47 30 88 35 19
50 20 90 32 7 69 24
31 9 66 27 71 5 86
48 88 11 38 22 17 66
21 80 66 7 82 23 43
21 80 66 88 60 71 20
0 17 10 13 43 51 48
72 84 35 62 26 27 58
16 78 87 60 14 91 64
53 11 75 2 29 15 62
31 9 66 18 13 1 65
1 45 22 62 26 27 19
16 78 87 52 90 91 12
29 14 68 22 91 27 87
83 34 81 66 3 90 32
83 34 81 73 56 2 82
24 56 40 47 31 71 39
49 88 21 60 14 91 101
82 7 91 58 66 43 76
0 17 10 68 73 84 92
31 9 66 47 31 71 22
75 16 25 30 88 35 72
59 22 22 44 47 52 39
50 20 90 6 13 1 89
63 38 54 90 29 15 40
12 71 83 68 73 84 2
9 70 58 67 1 53 69
32 7 69 29 14 68 7
62 26 27 60 14 91 65
66 3 90 55 59 70 59
53 11 75 55 59 70 48
86 39 36 87 52 54 22
56 58 73 26 21 80 37
24 56 40 64 22 49 35
57 88 48 50 20 90 79
72 84 35 37 87 73 38
77 63 57 4 30 68 34
75 16 25 39 89 1 76
48 88 11 33 60 20 29
71 83 62 58 66 43 25
64 22 49 81 71 39 50
68 73 84 79 35 79 38
12 71 83 56 58 73 16
45 75 5 79 35 79 84
13 43 51 90 29 15 38
88 60 71 32 7 69 53
18 13 1 8 47 65 72
30 88 35 79 35 79 68
17 75 51 22 91 27 28
16 78 87 31 9 66 72
33 60 20 53 11 75 73
24 56 40 63 38 54 22
58 66 43 8 47 65 29
61 10 35 5 5 52 17
67 1 53 51 89 22 93
22 91 27 18 13 1 82
69 44 9 28 71 45 45
62 26 27 67 1 53 36
21 80 66 18 13 1 93
87 52 54 59 22 22 43
59 22 22 75 16 25 6
47 31 71 0 17 10 62
22 91 27 20 78 84 58
40 16 17 74 40 35 30
1 45 22 69 44 9 13
59 22 22 18 13 1 22
17 75 51 81 71 39 12
17 75 51 77 63 57 13
76 9 55 41 10 21 34
38 22 17 91 85 66 79
75 16 25 69 44 9 32
81 71 39 87 52 54 24
34 35 46 81 71 39 36
29 14 68 39 89 1 100
28 71 45 23 68 44 3
58 66 43 45 75 5 39
15 42 25 91 85 66 59
43 78 57 9 70 58 8
22 91 27 43 78 57 32
29 14 68 67 1 53 19
89 84 12 43 78 57 45
13 43 51 87 52 54 9
38 22 17 62 26 27 10
73 56 2 71 83 62 65
1 45 22 63 38 54 32
77 63 57 58 66 43 14
33 60 20 3 9 81 79
78 4 28 1 45 22 41
80 57 68 25 16 22 61
40 16 17 28 71 45 61
32 7 69 37 87 73 80
85 52 42 18 13 1 56
35 90 20 26 21 80 91
41 10 21 13 43 51 44
57 88 48 72 84 35 13
62 26 27 85 52 42 30
49 88 21 1 45 22 43
15 42 25 13 43 51 26
70 89 59 16 78 87 30
32 7 69 12 71 83 65
5 5 52 69 44 9 58
54 26 42 40 16 17 26
23 68 44 74 40 35 29
12 71 83 64 22 49 59
85 52 42 11 47 32 11
32 7 69 7 82 23 87
7 82 23 20 78 84 61
33 60 20 10 88 60 48
43 78 57 91 85 66 11
46 27 88 11 47 32 59
62 26 27 79 35 79 52
47 31 71 23 68 44 45
33 60 20 60 14 91 84
51 89 22 23 68 44 30
38 22 17 73 56 2 37
62 26 27 17 75 51 54
6 13 1 59 22 22 22
79 35 79 48 88 11 86
18 13 1 10 88 60 95
33 60 20 52 90 91 77
44 47 52 17 75 51 28
56 58 73 81 71 39 36
70 89 59 57 88 48 11
48 88 11 73 56 2 33
70 89 59 43 78 57 11
21 80 66 58 66 43 26
26 21 80 4 30 68 15
60 14 91 52 90 91 76
60 14 91 65 4 62 30
79 35 79 77 63 57 35
88 60 71 82 7 91 56
66 3 90 24 56 40 72
2 29 15 70 89 59 74
16 78 87 63 38 54 51
0 17 10 81 71 39 61
57 88 48 90 29 15 67
19 1 25 87 52 54 58
25 16 22 14 73 47 62
90 29 15 44 47 52 41
27 71 5 5 5 52 81
43 78 57 45 75 5 52
9 70 58 87 52 54 18
56 58 73 36 11 25 67
71 83 62 18 13 1 92
37 87 73 8 47 65 40
45 75 5 76 9 55 82
29 14 68 69 44 9 66
26 21 80 33 60 20 71
37 87 73 22 91 27 46
36 11 25 32 7 69 44
28 71 45 65 4 62 69
80 57 68 52 90 91 40
2 29 15 38 22 17 7
19 1 25 33 60 20 59
22 91 27 47 31 71 74
12 71 83 34 35 46 51
61 10 35 43 78 57 71
84 12 40 24 56 40 44
21 80 66 33 60 20 50
31 9 66 2 29 15 54
44 47 52 87 52 54 5
40 16 17 31 9 66 49
19 1 25 70 89 59 94
14 73 47 59 22 22 56
38 22 17 17 75 51 62
17 75 51 13 43 51 32
32 7 69 69 44 9 70
45 75 5 38 22 17 54
5 5 52 14 73 47 68
61 10 35 33 60 20 52
80 57 68 79 35 79 24
83 34 81 30 88 35 70
36 11 25 26 21 80 55
70 89 59 32 7 69 82
15 42 25 27 71 5 35
83 34 81 78 4 28 60
73 56 2 33 60 20 18
0 17 10 43 78 57 77
89 84 12 87 52 54 52
70 89 59 30 88 35 24
34 35 46 72 84 35 50
55 59 70 14 73 47 26
30 88 35 34 35 46 54
82 7 91 62 26 27 66
91 85 66 34 35 46 53
61 10 35 21 80 66 76
59 22 22 85 52 42 36
23 68 44 10 88 60 25
36 11 25 38 22 17 13
63 38 54 89 84 12 62
86 39 36 51 89 22 51
91 85 66 25 16 22 81
58 66 43 43 78 57 18
60 14 91 69 44 9 87
52 90 91 75 16 25 99
63 38 54 45 75 5 61
14 73 47 86 39 36 35
47 31 71 12 71 83 41
55 59 70 5 5 52 56
17 75 51 8 47 65 31
10 88 60 36 11 25 84
28 71 45 75 16 25 58
22 91 27 36 11 25 80
32 7 69 53 11 75 7
89 84 12 14 73 47 36
6 13 1 2 29 15 21
9 70 58 56 58 73 19
32 7 69 66 3 90 21
86 39 36 15 42 25 11
7 82 23 46 27 88 85
45 75 5 37 87 73 69
77 63 57 36 11 25 61
58 66 43 35 90 20 33
82 7 91 21 80 66 77
36 11 25 51 89 22 78
15 42 25 84 12 40 33
52 90 91 72 84 35 56
35 90 20 57 88 48 28
62 26 27 66 3 90 67
84 12 40 19 1 25 18
49 88 21 78 4 28 84
52 90 91 57 88 48 43
56 58 73 33 60 20 53
57 88 48 82 7 91 91
15 42 25 23 68 44 32
87 52 54 76 9 55 43
53 11 75 16 78 87 68
83 34 81 82 7 91 28
85 52 42 9 70 58 24
89 84 12 32 7 69 95
23 68 44 88 60 71 28
50 20 90 16 78 87 58
59 22 22 0 17 10 13
4 30 68 40 16 17 52
44 47 52 74 40 35 18
54 26 42 79 35 79 38
36 11 25 42 79 71 82
80 57 68 55 59 70 2
4 30 68 1 45 22 48
87 52 54 35 90 20 50
8 47 65 22 91 27 58
45 75 5 4 30 68 77
40 16 17 36 11 25 9
42 79 71 51 89 22 50
88 60 71 43 78 57 22
16 78 87 55 59 70 25
90 29 15 77 63 57 54
85 52 42 66 3 90 68
33 60 20 50 20 90 80
71 83 62 13 43 51 41
35 90 20 45 75 5 21
22 91 27 15 42 25 49
87 52 54 43 78 57 26
88 60 71 64 22 49 43
85 52 42 31 9 66 49
84 12 40 76 9 55 15
65 4 62 58 66 43 64
41 10 21 53 11 75 54
81 71 39 73 56 2 39
18 13 1 60 14 91 90
35 90 20 62 26 27 64
67 1 53 10 88 60 87
6 13 1 80 57 68 80
20 78 84 73 56 2 84
15 42 25 79 35 79 54
14 73 47 18 13 1 75
53 11 75 91 85 66 74
24 56 40 77 63 57 18
19 1 25 26 21 80 58
83 34 81 22 91 27 78
25 16 22 15 42 25 26
37 87 73 78 4 28 94
6 13 1 82 7 91 90
34 35 46 59 22 22 27
85 52 42 40 16 17 43
7 82 23 61 10 35 72
34 35 46 38 22 17 31
53 11 75 38 22 17 59
1 45 22 74 40 35 13
74 40 35 48 88 11 53
83 34 81 7 82 23 75
30 88 35 7 82 23 13
59 22 22 70 89 59 76
67 1 53 38 22 17 41
63 38 54 65 4 62 34
79 35 79 66 3 90 33
46 27 88 82 7 91 20
28 71 45 62 26 27 48
68 73 84 63 38 54 46
55 59 70 24 56 40 30
23 68 44 20 78 84 41
10 88 60 64 22 49 66
17 75 51 73 56 2 52
44 47 52 31 9 66 40
67 1 53 70 89 59 88
59 22 22 71 83 62 72
46 27 88 47 31 71 17
26 21 80 7 82 23 83
40 16 17 24 56 40 46
25 16 22 51 89 22 73
79 35 79 2 29 15 64
61 10 35 2 29 15 27
60 14 91 5 5 52 40
14 73 47 8 47 65 31
24 56 40 75 16 25 42
39 89 1 16 78 87 86
64 22 49 11 47 32 30
71 83 62 47 31 71 52
2 29 15 55 59 70 62
54 26 42 43 78 57 54
36 11 25 14 73 47 65
4 30 68 75 16 25 45
59 22 22 80 57 68 57
87 52 54 10 88 60 36
84 12 40 65 4 62 23
82 7 91 43 78 57 78
17 75 51 25 16 22 65
49 88 21 91 85 66 45
25 16 22 71 83 62 78
18 13 1 82 7 91 90
34 35 46 65 4 62 34
65 4 62 4 30 68 26
82 7 91 64 22 49 44
31 9 66 11 47 32 50
79 35 79 42 79 71 44
7 82 23 73 56 2 33
78 4 28 15 42 25 38
35 90 20 82 7 91 109
24 56 40 49 88 21 37
66 3 90 35 90 20 111
72 84 35 3 9 81 87
35 90 20 47 31 71 77
3 9 81 27 71 5 98
38 22 17 79 35 79 63
8 47 65 5 5 52 43
38 22 17 22 91 27 69
41 10 21 37 87 73 92
1 45 22 54 26 42 27
72 84 35 67 1 53 84
58 66 43 64 22 49 44
19 1 25 31 9 66 41
48 88 11 45 75 5 14
45 75 5 6 13 1 62
8 47 65 21 80 66 33
73 56 2 55 59 70 68
48 88 11 4 30 68 81
22 91 27 72 84 35 10
21 80 66 46 27 88 57
31 9 66 38 22 17 50
59 22 22 68 73 84 80
46 27 88 48 88 11 98
52 90 91 21 80 66 26
8 47 65 85 52 42 23
14 73 47 48 88 11 39
91 85 66 22 91 27 39
54 26 42 23 68 44 42
40 16 17 25 16 22 5
61 10 35 41 10 21 14
41 10 21 17 75 51 71
41 10 21 1 45 22 35
15 42 25 31 9 66 52
74 40 35 90 29 15 22
77 63 57 38 22 17 57
57 88 48 49 88 21 27
17 75 51 30 88 35 20
68 73 84 65 4 62 72
80 57 68 44 47 52 18
20 78 84 82 7 91 71
36 11 25 50 20 90 65
80 57 68 78 4 28 66
66 3 90 64 22 49 45
71 83 62 10 88 60 5
16 78 87 74 40 35 64
47 31 71 59 22 22 49
22 91 27 50 20 90 94
68 73 84 55 59 70 19
30 88 35 21 80 66 32
16 78 87 80 57 68 28
74 40 35 17 75 51 38
5 5 52 90 29 15 44
34 35 46 39 89 1 70
2 29 15 7 82 23 53
68 73 84 87 52 54 36
40 16 17 71 83 62 80
31 9 66 26 21 80 18
18 13 1 44 47 52 61
58 66 43 24 56 40 10
24 56 40 28 71 45 15
69 44 9 84 12 40 44
88 60 71 68 73 84 18
77 63 57 46 27 88 47
22 91 27 88 60 71 53
67 1 53 79 35 79 42
45 75 5 66 3 90 111
86 39 36 43 78 57 44
52 90 91 46 27 88 63
13 43 51 37 87 73 49
12 71 83 7 82 23 61
26 21 80 30 88 35 80
27 71 5 11 47 32 36
36 11 25 70 89 59 85
30 88 35 3 9 81 91
65 4 62 14 73 47 70
50 20 90 12 71 83 51
72 84 35 86 39 36 45
6 13 1 81 71 39 69
18 13 1 64 22 49 48
40 16 17 39 89 1 74
24 56 40 46 27 88 56
74 40 35 35 90 20 52
75 16 25 35 90 20 74
24 56 40 0 17 10 49
60 14 91 14 73 47 73
80 57 68 64 22 49 39
0 17 10 46 27 88 78
1 45 22 0 17 10 30
25 16 22 61 10 35 14
73 56 2 64 22 49 58
69 44 9 30 88 35 51
74 40 35 66 3 90 66
27 71 5 81 71 39 34
30 88 35 50 20 90 87
48 88 11 86 39 36 55
72 84 35 88 60 71 43
57 88 48 24 56 40 32
37 87 73 16 78 87 16
64 22 49 87 52 54 30
14 73 47 84 12 40 61
83 34 81 29 14 68 23
7 82 23 1 45 22 37
9 70 58 83 34 81 42
91 85 66 83 34 81 53
87 52 54 22 91 27 47
55 59 70 56 58 73 3
33 60 20 51 89 22 29
45 75 5 0 17 10 58
40 16 17 68 73 84 87
3 9 81 70 89 59 82
40 16 17 21 80 66 80
27 71 5 86 39 36 44
86 39 36 76 9 55 35
75 16 25 72 84 35 68
87 52 54 21 80 66 30
82 7 91 17 75 51 78
51 89 22 70 89 59 37
28 71 45 18 13 1 72
68 73 84 30 88 35 51
40 16 17 12 71 83 85
48 88 11 8 47 65 67
63 38 54 30 88 35 53
29 14 68 35 90 20 89
24 56 40 82 7 91 70
91 85 66 63 38 54 48
75 16 25 89 84 12 69
50 20 90 21 80 66 64
33 60 20 57 88 48 39
46 27 88 35 90 20 92
42 79 71 30 88 35 37
86 39 36 1 45 22 15
8 47 65 81 71 39 35
20 78 84 54 26 42 66
20 78 84 85 52 42 49
55 59 70 91 85 66 26
24 56 40 42 79 71 38
27 71 5 17 75 51 46
64 22 49 25 16 22 27
31 9 66 81 71 39 67
45 75 5 1 45 22 34
76 9 55 23 68 44 60
64 22 49 55 59 70 42
12 71 83 48 88 11 73
36 11 25 23 68 44 60
70 89 59 66 3 90 91
14 73 47 2 29 15 54
74 40 35 75 16 25 26
66 3 90 4 30 68 34
19 1 25 59 22 22 21
6 13 1 54 26 42 43
59 22 22 51 89 22 67
57 88 48 32 7 69 83
34 35 46 64 22 49 13
16 78 87 41 10 21 94
10 88 60 11 47 32 49
21 80 66 38 22 17 75
4 30 68 60 14 91 28
82 7 91 89 84 12 110
67 1 53 33 60 20 67
44 47 52 49 88 21 51
75 16 25 43 78 57 69
2 29 15 48 88 11 59
62 26 27 4 30 68 41
40 16 17 45 75 5 60
56 58 73 21 80 66 23
86 39 36 28 71 45 33
62 26 27 71 83 62 66
32 7 69 8 47 65 40
60 14 91 84 12 40 51
5 5 52 75 16 25 29
76 9 55 65 4 62 8
74 40 35 25 16 22 27
34 35 46 23 68 44 33
42 79 71 84 12 40 73
71 83 62 22 91 27 35
88 60 71 24 56 40 31
5 5 52 17 75 51 70
42 79 71 46 27 88 54
11 47 32 70 89 59 49
65 4 62 88 60 71 56
22 91 27 90 29 15 63
78 4 28 82 7 91 63
82 7 91 60 14 91 7
22 91 27 65 4 62 93
87 52 54 90 29 15 45
76 9 55 14 73 47 64
30 88 35 80 57 68 45
58 66 43 67 1 53 65
43 78 57 64 22 49 56
58 66 43 32 7 69 64
34 35 46 63 38 54 8
46 27 88 79 35 79 12
36 11 25 47 31 71 50
12 71 83 77 63 57 27
11 47 32 6 13 1 46
62 26 27 36 11 25 15
84 12 40 62 26 27 19
13 43 51 46 27 88 40
60 14 91 27 71 5 103
30 88 35 73 56 2 45
2 29 15 41 10 21 19
37 87 73 80 57 68 30
65 4 62 1 45 22 57
65 4 62 15 42 25 53
70 89 59 41 10 21 87
87 52 54 78 4 28 54
45 75 5 36 11 25 67
60 14 91 73 56 2 98
77 63 57 10 88 60 25
15 42 25 37 87 73 65
0 17 10 11 47 32 37
84 12 40 89 84 12 77
65 4 62 17 75 51 71
59 22 22 86 39 36 22
44 47 52 45 75 5 54
84 12 40 7 82 23 72
45 75 5 21 80 66 61
67 1 53 68 73 84 78
26 21 80 29 14 68 13
44 47 52 23 68 44 22
52 90 91 4 30 68 64
45 75 5 42 79 71 66
57 88 48 29 14 68 76
31 9 66 83 34 81 29
12 71 83 43 78 57 26
15 42 25 63 38 54 29
27 71 5 41 10 21 63
81 71 39 9 70 58 19
41 10 21 40 16 17 7
47 31 71 18 13 1 72
8 47 65 9 70 58 24
55 59 70 71 83 62 25
63 38 54 47 31 71 18
87 52 54 79 35 79 30
78 4 28 48 88 11 85
20 78 84 79 35 79 43
91 85 66 88 60 71 25
73 56 2 74 40 35 36
68 73 84 19 1 25 93
74 40 35 19 1 25 40
38 22 17 61 10 35 21
32 7 69 49 88 21 94
50 20 90 62 26 27 63
81 71 39 58 66 43 6
82 7 91 12 71 83 64
21 80 66 5 5 52 76
72 84 35 73 56 2 43
67 1 53 16 78 87 84
66 3 90 15 42 25 75
13 43 51 27 71 5 53
12 71 83 51 89 22 63
81 71 39 60 14 91 77
89 84 12 71 83 62 50
79 35 79 63 38 54 25
54 26 42 87 52 54 28
21 80 66 39 89 1 65
1 45 22 8 47 65 43
85 52 42 6 13 1 56
69 44 9 22 91 27 50
90 29 15 50 20 90 75
51 89 22 83 34 81 80
88 60 71 90 29 15 64
12 71 83 39 89 1 83
89 84 12 8 47 65 64
14 73 47 44 47 52 26
8 47 65 43 78 57 32
8 47 65 69 44 9 56
77 63 57 64 22 49 41
8 47 65 0 17 10 62
1 45 22 84 12 40 37
38 22 17 80 57 68 61
41 10 21 79 35 79 63
46 27 88 67 1 53 43
21 80 66 2 29 15 72
81 71 39 74 40 35 31
24 56 40 78 4 28 53
1 45 22 91 85 66 59
64 22 49 48 88 11 76
45 75 5 33 60 20 21
81 71 39 33 60 20 21
72 84 35 21 80 66 31
54 26 42 7 82 23 59
61 10 35 58 66 43 56
9 70 58 32 7 69 63
59 22 22 69 44 9 25
61 10 35 4 30 68 38
34 35 46 90 29 15 31
35 90 20 5 5 52 90
22 91 27 11 47 32 44
14 73 47 28 71 45 2
83 34 81 38 22 17 65
88 60 71 7 82 23 52
90 29 15 59 22 22 9
17 75 51 80 57 68 24
25 16 22 78 4 28 13
85 52 42 61 10 35 42
48 88 11 85 52 42 47
47 31 71 11 47 32 42
67 1 53 6 13 1 53
19 1 25 82 7 91 66
9 70 58 71 83 62 13
45 75 5 32 7 69 93
79 35 79 1 45 22 57
64 22 49 29 14 68 20
23 68 44 18 13 1 69
56 58 73 71 83 62 27
79 35 79 51 89 22 78
19 1 25 55 59 70 73
38 22 17 69 44 9 23
30 88 35 28 71 45 19
51 89 22 4 30 68 74
29 14 68 31 9 66 5
13 43 51 25 16 22 39
16 78 87 91 85 66 22
15 42 25 45 75 5 38
60 14 91 2 29 15 77
14 73 47 78 4 28 71
43 78 57 28 71 45 13
54 26 42 50 20 90 48
54 26 42 77 63 57 39
80 57 68 4 30 68 27
19 1 25 12 71 83 90
81 71 39 47 31 71 51
65 4 62 10 88 60 84
10 88 60 75 16 25 80
18 13 1 29 14 68 67
7 82 23 64 22 49 65
20 78 84 21 80 66 18
67 1 53 0 17 10 45
78 4 28 74 40 35 36
9 70 58 75 16 25 63
62 26 27 34 35 46 21
26 21 80 28 71 45 61
11 47 32 18 13 1 46
20 78 84 41 10 21 92
27 71 5 88 60 71 66
7 82 23 55 59 70 52
85 52 42 47 31 71 35
40 16 17 22 91 27 75
17 75 51 87 52 54 23
65 4 62 41 10 21 41
11 47 32 75 16 25 31
2 29 15 3 9 81 68
29 14 68 90 29 15 55
69 44 9 58 66 43 40
66 3 90 72 84 35 97
75 16 25 31 9 66 41
68 73 84 38 22 17 84
24 56 40 4 30 68 38
46 27 88 27 71 5 93
83 34 81 54 26 42 39
37 87 73 28 71 45 32
46 27 88 53 11 75 20
67 1 53 39 89 1 102
61 10 35 18 13 1 34
38 22 17 30 88 35 68
32 7 69 83 34 81 29
37 87 73 56 58 73 29
44 47 52 36 11 25 45
25 16 22 73 56 2 44
87 52 54 84 12 40 42
13 43 51 30 88 35 47
49 88 21 64 22 49 71
9 70 58 10 88 60 18
41 10 21 21 80 66 83
44 47 52 15 42 25 27
85 52 42 35 90 20 43
78 4 28 60 14 91 63
21 80 66 36 11 25 80
28 71 45 10 88 60 22
61 10 35 15 42 25 33
17 75 51 86 39 36 39
79 35 79 19 1 25 63
14 73 47 46 27 88 61
11 47 32 26 21 80 54
0 17 10 39 89 1 72
79 35 79 61 10 35 50
40 16 17 46 27 88 71
79 35 79 78 4 28 59
64 22 49 56 58 73 43
49 88 21 21 80 66 45
88 60 71 11 47 32 41
24 56 40 70 89 59 38
70 89 59 75 16 25 80
25 16 22 49 88 21 72
52 90 91 38 22 17 100
76 9 55 67 1 53 8
24 56 40 91 85 66 38
79 35 79 8 47 65 18
62 26 27 70 89 59 70
59 22 22 22 91 27 69
49 88 21 69 44 9 45
45 75 5 90 29 15 47
9 70 58 47 31 71 41
39 89 1 2 29 15 61
18 13 1 89 84 12 71
86 39 36 53 11 75 48
22 91 27 82 7 91 105
44 47 52 54 26 42 23
42 79 71 73 56 2 72
22 91 27 28 71 45 26
83 34 81 6 13 1 82
57 88 48 76 9 55 79
21 80 66 14 73 47 20
64 22 49 13 43 51 21
35 90 20 36 11 25 79
17 75 51 59 22 22 60
80 57 68 33 60 20 48
68 73 84 51 89 22 64
44 47 52 78 4 28 49
23 68 44 45 75 5 39
62 26 27 86 39 36 15
20 78 84 24 56 40 49
22 91 27 89 84 12 16
15 42 25 41 10 21 32
19 1 25 1 45 22 44
87 52 54 38 22 17 47
58 66 43 26 21 80 58
66 3 90 71 83 62 84
81 71 39 15 42 25 32
54 26 42 56 58 73 44
47 31 71 70 89 59 59
91 85 66 6 13 1 97
52 90 91 11 47 32 73
83 34 81 71 83 62 52
77 63 57 56 58 73 16
76 9 55 77 63 57 54
46 27 88 59 22 22 66
24 56 40 39 89 1 51
19 1 25 35 90 20 89
19 1 25 2 29 15 29
84 12 40 40 16 17 23
80 57 68 24 56 40 28
28 71 45 56 58 73 30
74 40 35 15 42 25 10
69 44 9 44 47 52 43
2 29 15 43 78 57 64
23 68 44 19 1 25 69
66 3 90 91 85 66 85
45 75 5 20 78 84 79
58 66 43 60 14 91 70
48 88 11 31 9 66 96
44 47 52 84 12 40 37
70 89 59 20 78 84 27
8 47 65 28 71 45 31
73 56 2 5 5 52 71
20 78 84 65 4 62 77
0 17 10 52 90 91 109
73 56 2 87 52 54 52
91 85 66 58 66 43 29
21 80 66 44 47 52 35
78 4 28 20 78 84 92
72 84 35 15 42 25 43
45 75 5 52 90 91 87
32 7 69 44 47 52 43
83 34 81 5 5 52 41
63 38 54 35 90 20 62
54 26 42 88 60 71 44
19 1 25 39 89 1 91
69 44 9 14 73 47 47
33 60 20 47 31 71 58
51 89 22 45 75 5 22
28 71 45 71 83 62 20
48 88 11 69 44 9 44
21 80 66 67 1 53 80
17 75 51 76 9 55 66
69 44 9 81 71 39 40
47 31 71 52 90 91 62
83 34 81 69 44 9 72
31 9 66 33 60 20 68
84 12 40 47 31 71 36
75 16 25 23 68 44 55
64 22 49 6 13 1 48
36 11 25 5 5 52 27
16 78 87 59 22 22 85
24 56 40 32 7 69 56
91 85 66 37 87 73 7
91 85 66 21 80 66 5
54 26 42 32 7 69 33
75 16 25 55 59 70 62
1 45 22 89 84 12 40
63 38 54 14 73 47 35
42 79 71 88 60 71 19
29 14 68 4 30 68 16
65 4 62 51 89 22 93
14 73 47 56 58 73 30
47 31 71 42 79 71 48
74 40 35 79 35 79 44
42 79 71 38 22 17 78
68 73 84 66 3 90 70
33 60 20 13 43 51 35
10 88 60 25 16 22 81
59 22 22 45 75 5 55
1 45 22 14 73 47 37
33 60 20 32 7 69 72
84 12 40 67 1 53 17
90 29 15 32 7 69 58
60 14 91 67 1 53 40
5 5 52 62 26 27 32
64 22 49 57 88 48 66
90 29 15 49 88 21 59
0 17 10 55 59 70 73
52 90 91 7 82 23 68
35 90 20 44 47 52 53
42 79 71 61 10 35 77
11 47 32 90 29 15 24
56 58 73 84 12 40 56
28 71 45 35 90 20 31
20 78 84 84 12 40 79
51 89 22 66 3 90 109
65 4 62 55 59 70 55
37 87 73 40 16 17 90
66 3 90 78 4 28 62
45 75 5 49 88 21 20
10 88 60 83 34 81 57
28 71 45 79 35 79 49
14 73 47 37 87 73 29
42 79 71 91 85 66 7
74 40 35 31 9 66 43
47 31 71 1 45 22 50
61 10 35 65 4 62 27
91 85 66 76 9 55 76
34 35 46 70 89 59 55
54 26 42 49 88 21 65
53 11 75 34 35 46 37
86 39 36 89 84 12 51
37 87 73 52 90 91 18
79 35 79 83 34 81 2
37 87 73 88 60 71 27
32 7 69 41 10 21 48
71 83 62 3 9 81 76
38 22 17 54 26 42 25
49 88 21 65 4 62 93
35 90 20 68 73 84 66
29 14 68 61 10 35 33
91 85 66 68 73 84 21
17 75 51 63 38 54 37
35 90 20 70 89 59 39
51 89 22 3 9 81 99
26 21 80 67 1 53 33
84 12 40 22 91 27 80
39 89 1 86 39 36 61
29 14 68 48 88 11 93
24 56 40 11 47 32 12
8 47 65 56 58 73 13
53 11 75 62 26 27 50
13 43 51 53 11 75 40
10 88 60 91 85 66 6
6 13 1 88 60 71 84
9 70 58 44 47 52 23
61 10 35 30 88 35 78
62 26 27 32 7 69 46
29 14 68 55 59 70 45
35 90 20 40 16 17 74
22 91 27 62 26 27 65
79 35 79 85 52 42 40
69 44 9 77 63 57 51
17 75 51 12 71 83 32
5 5 52 63 38 54 33
7 82 23 80 57 68 51
75 16 25 21 80 66 76
64 22 49 79 35 79 32
31 9 66 42 79 71 70
55 59 70 1 45 22 50
0 17 10 18 13 1 9
38 22 17 12 71 83 82
17 75 51 67 1 53 74
61 10 35 72 84 35 74
91 85 66 29 14 68 71
47 31 71 90 29 15 56
75 16 25 76 9 55 30
23 68 44 63 38 54 31
67 1 53 64 22 49 21
84 12 40 82 7 91 51
78 4 28 73 56 2 58
80 57 68 75 16 25 59
73 56 2 24 56 40 38
36 11 25 82 7 91 66
29 14 68 62 26 27 42
67 1 53 31 9 66 15
40 16 17 52 90 91 104
38 22 17 85 52 42 39
80 57 68 86 39 36 36
31 9 66 68 73 84 66
56 58 73 67 1 53 60
16 78 87 32 7 69 73
19 1 25 16 78 87 98
78 4 28 30 88 35 84
12 71 83 9 70 58 25
37 87 73 67 1 53 88
78 4 28 62 26 27 22
32 7 69 11 47 32 54
66 3 90 28 71 45 81
70 89 59 55 59 70 31
48 88 11 77 63 57 52
64 22 49 26 21 80 31
71 83 62 45 75 5 57
36 11 25 73 56 2 50
78 4 28 11 47 32 43
76 9 55 62 26 27 32
51 89 22 30 88 35 13
51 89 22 74 40 35 50
43 78 57 21 80 66 9
42 79 71 33 60 20 54
10 88 60 88 60 71 30
43 78 57 59 22 22 66
21 80 66 26 21 80 60
6 13 1 1 45 22 38
33 60 20 66 3 90 90
45 75 5 61 10 35 71
4 30 68 35 90 20 76
9 70 58 55 59 70 16
71 83 62 44 47 52 37
0 17 10 91 85 66 88
88 60 71 75 16 25 63
39 89 1 78 4 28 89
39 89 1 65 4 62 104
71 83 62 20 78 84 22
53 11 75 67 1 53 24
7 82 23 6 13 1 72
75 16 25 40 16 17 8
85 52 42 10 88 60 40
20 78 84 53 11 75 67
37 87 73 57 88 48 25
87 52 54 12 71 83 34
63 38 54 52 90 91 63
54 26 42 8 47 65 31
84 12 40 73 56 2 58
70 89 59 63 38 54 51
85 52 42 19 1 25 53
31 9 66 39 89 1 103
21 80 66 84 12 40 72
43 78 57 76 9 55 69
33 60 20 78 4 28 56
60 14 91 41 10 21 70
76 9 55 82 7 91 36
5 5 52 81 71 39 67
49 88 21 53 11 75 94
63 38 54 74 40 35 19
48 88 11 39 89 1 10
44 47 52 6 13 1 61
62 26 27 54 26 42 15
15 42 25 42 79 71 59
82 7 91 77 63 57 65
20 78 84 0 17 10 95
46 27 88 32 7 69 27
65 4 62 32 7 69 7
75 16 25 33 60 20 44
18 13 1 16 78 87 107
55 59 70 33 60 20 50
15 42 25 30 88 35 47
90 29 15 76 9 55 44
40 16 17 51 89 22 73
0 17 10 62 26 27 19
88 60 71 49 88 21 57
31 9 66 72 84 35 81
73 56 2 85 52 42 40
68 73 84 64 22 49 61
57 88 48 45 75 5 44
29 14 68 79 35 79 23
2 29 15 68 73 84 81
66 3 90 60 14 91 11
73 56 2 80 57 68 66
46 27 88 71 83 62 61
14 73 47 16 78 87 40
71 83 62 76 9 55 74
83 34 81 45 75 5 86
48 88 11 21 80 66 55
17 75 51 40 16 17 68
78 4 28 42 79 71 86
70 89 59 65 4 62 85
2 29 15 90 29 15 0
80 57 68 8 47 65 10
29 14 68 85 52 42 46
88 60 71 0 17 10 74
78 4 28 52 90 91 106
7 82 23 56 58 73 55
6 13 1 26 21 80 79
65 4 62 52 90 91 90
48 88 11 24 56 40 43
36 11 25 55 59 70 65
84 12 40 27 71 5 68
61 10 35 17 75 51 66
58 66 43 72 84 35 19
62 26 27 37 87 73 76
31 9 66 23 68 44 62
85 52 42 13 43 51 12
7 82 23 13 43 51 48
7 82 23 89 84 12 11
41 10 21 58 66 43 60
22 91 27 54 26 42 66
56 58 73 46 27 88 34
11 47 32 39 89 1 52
71 83 62 32 7 69 76
84 12 40 32 7 69 29
49 88 21 23 68 44 30
76 9 55 32 7 69 14
62 26 27 6 13 1 29
21 80 66 47 31 71 49
49 88 21 7 82 23 6
43 78 57 62 26 27 60
19 1 25 69 44 9 45
9 70 58 62 26 27 53
0 17 10 14 73 47 67
39 89 1 3 9 81 113
13 43 51 21 80 66 39
58 66 43 6 13 1 67
23 68 44 11 47 32 24
61 10 35 78 4 28 9
3 9 81 78 4 28 53
68 73 84 45 75 5 79
4 30 68 14 73 47 47
20 78 84 36 11 25 89
79 35 79 57 88 48 61
20 78 84 9 70 58 27
21 80 66 59 22 22 72
11 47 32 49 88 21 42
10 88 60 46 27 88 67
21 80 66 86 39 36 50
21 80 66 9 70 58 12
41 10 21 62 26 27 17
49 88 21 35 90 20 2
39 89 1 44 47 52 66
73 56 2 57 88 48 56
26 21 80 82 7 91 17
1 45 22 28 71 45 34
6 13 1 66 3 90 89
91 85 66 82 7 91 81
19 1 25 47 31 71 54
41 10 21 12 71 83 86
85 52 42 14 73 47 21
17 75 51 28 71 45 7
70 89 59 50 20 90 75
39 89 1 82 7 91 121
82 7 91 27 71 5 107
9 70 58 70 89 59 19
59 22 22 41 10 21 12
61 10 35 62 26 27 17
18 13 1 84 12 40 39
88 60 71 76 9 55 53
17 75 51 34 35 46 40
15 42 25 70 89 59 58
16 78 87 71 83 62 25
36 11 25 33 60 20 49
57 88 48 15 42 25 51
90 29 15 24 56 40 36
33 60 20 0 17 10 44
34 35 46 45 75 5 57
58 66 43 30 88 35 23
60 14 91 26 21 80 13
84 12 40 80 57 68 53
23 68 44 1 45 22 31
45 75 5 16 78 87 82
59 22 22 79 35 79 58
7 82 23 65 4 62 87
28 71 45 5 5 52 66
8 47 65 41 10 21 57
36 11 25 30 88 35 77
40 16 17 47 31 71 56
52 90 91 20 78 84 13
89 84 12 85 52 42 43
44 47 52 48 88 11 57
52 90 91 84 12 40 93
12 71 83 44 47 52 39
35 90 20 1 45 22 45
59 22 22 2 29 15 9
21 80 66 11 47 32 47
72 84 35 51 89 22 13
13 43 51 61 10 35 36
43 78 57 78 4 28 79
37 87 73 24 56 40 45
70 89 59 46 27 88 68
25 16 22 30 88 35 73
77 63 57 9 70 58 7
37 87 73 4 30 68 57
77 63 57 32 7 69 57
73 56 2 4 30 68 70
75 16 25 57 88 48 75
64 22 49 51 89 22 72
16 78 87 13 43 51 50
38 22 17 82 7 91 75
54 26 42 27 71 5 58
82 7 91 29 14 68 24
25 16 22 5 5 52 31
26 21 80 84 12 40 41
68 73 84 13 43 51 44
90 29 15 80 57 68 59
8 47 65 65 4 62 43
62 26 27 47 31 71 44
41 10 21 3 9 81 60
52 90 91 62 26 27 90
60 14 91 86 39 36 60
50 20 90 9 70 58 59
60 14 91 38 22 17 74
25 16 22 1 45 22 29
33 60 20 38 22 17 38
85 52 42 78 4 28 50
23 68 44 69 44 9 42
20 78 84 80 57 68 26
2 29 15 1 45 22 17
52 90 91 67 1 53 96
38 22 17 86 39 36 25
24 56 40 62 26 27 32
65 4 62 89 84 12 94
9 70 58 74 40 35 37
3 9 81 67 1 53 29
85 52 42 60 14 91 62
90 29 15 33 60 20 31
54 26 42 47 31 71 29
48 88 11 89 84 12 4
75 16 25 48 88 11 73
57 88 48 20 78 84 37
72 84 35 69 44 9 47
84 12 40 72 84 35 72
40 16 17 26 21 80 63
27 71 5 50 20 90 99
91 85 66 39 89 1 65
57 88 48 26 21 80 74
27 71 5 30 88 35 34
69 44 9 62 26 27 25
59 22 22 40 16 17 7
70 89 59 69 44 9 67
83 34 81 49 88 21 80
29 14 68 38 22 17 51
78 4 28 22 91 27 87
13 43 51 52 90 91 61
56 58 73 27 71 5 69
83 34 81 33 60 20 66
6 13 1 23 68 44 69
62 26 27 65 4 62 41
40 16 17 34 35 46 34
66 3 90 2 29 15 79
23 68 44 29 14 68 59
74 40 35 14 73 47 35
78 4 28 58 66 43 63
53 11 75 68 73 84 62
53 11 75 76 9 55 20
3 9 81 28 71 45 71
28 71 45 91 85 66 25
21 80 66 17 75 51 15
60 14 91 25 16 22 69
18 13 1 17 75 51 79
43 78 57 10 88 60 10
64 22 49 86 39 36 21
30 88 35 66 3 90 101
66 3 90 82 7 91 4
12 71 83 83 34 81 37
18 13 1 70 89 59 95
73 56 2 6 13 1 43
38 22 17 63 38 54 40
73 56 2 68 73 84 83
85 52 42 69 44 9 33
4 30 68 0 17 10 59
68 73 84 42 79 71 14
88 60 71 73 56 2 69
82 7 91 48 88 11 113
32 7 69 85 52 42 52
27 71 5 19 1 25 72
39 89 1 36 11 25 81
39 89 1 9 70 58 60
86 39 36 45 75 5 47
85 52 42 75 16 25 39
87 52 54 8 47 65 12
14 73 47 83 34 81 51
58 66 43 88 60 71 28
12 71 83 13 43 51 42
63 38 54 4 30 68 16
53 11 75 39 89 1 107
39 89 1 60 14 91 117
74 40 35 8 47 65 30
14 73 47 12 71 83 36
73 56 2 65 4 62 79
73 56 2 77 63 57 55
35 90 20 86 39 36 53
91 85 66 84 12 40 77
63 38 54 49 88 21 59
71 83 62 51 89 22 40
59 22 22 33 60 20 38
27 71 5 73 56 2 15
20 78 84 83 34 81 44
14 73 47 75 16 25 61
38 22 17 46 27 88 71
43 78 57 7 82 23 34
48 88 11 53 11 75 100
45 75 5 73 56 2 19
47 31 71 60 14 91 26
26 21 80 68 73 84 52
85 52 42 5 5 52 48
90 29 15 69 44 9 16
74 40 35 34 35 46 12
19 1 25 90 29 15 29
30 88 35 4 30 68 66
55 59 70 41 10 21 69
68 73 84 16 78 87 5
34 35 46 2 29 15 31
86 39 36 47 31 71 35
62 26 27 77 63 57 47
49 88 21 3 9 81 99
84 12 40 64 22 49 13
87 52 54 82 7 91 58
51 89 22 58 66 43 31
73 56 2 19 1 25 59
52 90 91 44 47 52 58
65 4 62 46 27 88 34
89 84 12 67 1 53 92
80 57 68 88 60 71 4
9 70 58 88 60 71 16
90 29 15 30 88 35 62
46 27 88 75 16 25 63
75 16 25 27 71 5 58
10 88 60 2 29 15 74
16 78 87 38 22 17 89
72 84 35 56 58 73 46
35 90 20 23 68 44 32
84 12 40 5 5 52 13
78 4 28 69 44 9 44
36 11 25 29 14 68 43
46 27 88 73 56 2 90
34 35 46 22 91 27 59
57 88 48 21 80 66 19
70 89 59 13 43 51 46
51 89 22 91 85 66 44
43 78 57 73 56 2 59
57 88 48 11 47 32 44
83 34 81 19 1 25 65
10 88 60 20 78 84 26
53 11 75 73 56 2 85
87 52 54 25 16 22 48
16 78 87 23 68 44 44
45 75 5 25 16 22 61
43 78 57 15 42 25 48
14 73 47 3 9 81 72
11 47 32 36 11 25 36
5 5 52 74 40 35 38
59 22 22 88 60 71 62
14 73 47 53 11 75 68
64 22 49 9 70 58 48
4 30 68 38 22 17 51
84 12 40 8 47 65 43
10 88 60 5 5 52 83
17 75 51 46 27 88 60
37 87 73 46 27 88 61
8 47 65 30 88 35 50
33 60 20 58 66 43 23
22 91 27 81 71 39 23
44 47 52 11 47 32 20
74 40 35 2 29 15 22
7 82 23 68 73 84 61
68 73 84 8 47 65 32
81 71 39 80 57 68 32
16 78 87 11 47 32 63
25 16 22 28 71 45 59
69 44 9 2 29 15 16
72 84 35 1 45 22 41
31 9 66 8 47 65 38
82 7 91 63 38 54 48
56 58 73 44 47 52 23
20 78 84 15 42 25 69
56 58 73 23 68 44 30
17 75 51 71 83 62 13
65 4 62 71 83 62 79
31 9 66 21 80 66 71
70 89 59 76 9 55 80
2 29 15 26 21 80 65
43 78 57 35 90 20 38
5 5 52 58 66 43 61
70 89 59 31 9 66 80
84 12 40 33 60 20 52
75 16 25 90 29 15 16
19 1 25 62 26 27 25
16 78 87 3 9 81 69
28 71 45 80 57 68 26
58 66 43 85 52 42 14
16 78 87 1 45 22 72
52 90 91 83 34 81 56
49 88 21 12 71 83 64
72 84 35 41 10 21 75
48 88 11 32 7 69 99
70 89 59 26 21 80 71
18 13 1 73 56 2 43
8 47 65 75 16 25 50
32 7 69 74 40 35 47
24 56 40 60 14 91 66
26 21 80 27 71 5 90
4 30 68 50 20 90 24
46 27 88 85 52 42 52
33 60 20 17 75 51 34
13 43 51 10 88 60 45
30 88 35 20 78 84 50
25 16 22 42 79 71 79
20 78 84 1 45 22 70
5 5 52 0 17 10 43
14 73 47 22 91 27 26
59 22 22 91 85 66 76
39 89 1 6 13 1 76
42 79 71 23 68 44 29
15 42 25 39 89 1 52
19 1 25 32 7 69 44
48 88 11 55 59 70 65
28 71 45 2 29 15 51
37 87 73 7 82 23 50
9 70 58 13 43 51 27
61 10 35 64 22 49 18
27 71 5 33 60 20 18
86 39 36 36 11 25 30
90 29 15 6 13 1 21
64 22 49 72 84 35 63
32 7 69 79 35 79 29
30 88 35 33 60 20 31
20 78 84 51 89 22 62
62 26 27 90 29 15 12
11 47 32 2 29 15 24
23 68 44 32 7 69 65
70 89 59 85 52 42 40
20 78 84 40 16 17 91
42 79 71 52 90 91 22
32 7 69 28 71 45 68
52 90 91 23 68 44 51
69 44 9 10 88 60 67
44 47 52 8 47 65 13
81 71 39 71 83 62 25
28 71 45 89 84 12 35
38 22 17 1 45 22 23
14 73 47 26 21 80 61
3 9 81 35 90 20 101
19 1 25 14 73 47 75
48 88 11 3 9 81 105
82 7 91 0 17 10 81
19 1 25 34 35 46 39
73 56 2 0 17 10 39
9 70 58 69 44 9 55
81 71 39 54 26 42 45
7 82 23 10 88 60 37
59 22 22 54 26 42 20
15 42 25 19 1 25 41
80 57 68 87 52 54 14
14 73 47 38 22 17 59
61 10 35 40 16 17 18
50 20 90 41 10 21 69
80 57 68 85 52 42 26
50 20 90 87 52 54 48
76 9 55 66 3 90 35
66 3 90 42 79 71 78
82 7 91 54 26 42 52
25 16 22 57 88 48 76
34 35 46 66 3 90 54
78 4 28 13 43 51 45
25 16 22 86 39 36 26
64 22 49 20 78 84 66
32 7 69 51 89 22 94
47 31 71 27 71 5 77
7 82 23 44 47 52 45
53 11 75 10 88 60 78
81 71 39 42 79 71 32
10 88 60 21 80 66 10
70 89 59 61 10 35 82
11 47 32 58 66 43 21
12 71 83 70 89 59 30
28 71 45 52 90 91 49
41 10 21 80 57 68 66
10 88 60 8 47 65 41
51 89 22 11 47 32 43
80 57 68 35 90 20 58
4 30 68 89 84 12 77
23 68 44 90 29 15 48
66 3 90 57 88 48 94
54 26 42 61 10 35 17
76 9 55 46 27 88 37
82 7 91 16 78 87 71
21 80 66 55 59 70 21
76 9 55 1 45 22 48
62 26 27 12 71 83 71
56 58 73 49 88 21 60
83 34 81 16 78 87 44
59 22 22 28 71 45 54
64 22 49 89 84 12 72
49 88 21 61 10 35 79
37 87 73 21 80 66 9
89 84 12 42 79 71 59
23 68 44 68 73 84 40
91 85 66 9 70 58 17
46 27 88 91 85 66 62
60 14 91 91 85 66 75
3 9 81 75 16 25 56
87 52 54 3 9 81 50
77 63 57 57 88 48 26
29 14 68 8 47 65 33
78 4 28 57 88 48 86
90 29 15 20 78 84 84
7 82 23 40 16 17 66
71 83 62 49 88 21 41
80 57 68 42 79 71 22
71 83 62 75 16 25 76
30 88 35 1 45 22 44
74 40 35 37 87 73 60
46 27 88 6 13 1 88
55 59 70 23 68 44 27
1 45 22 57 88 48 50
78 4 28 89 84 12 81
8 47 65 77 63 57 17
14 73 47 47 31 71 48
8 47 65 59 22 22 49
21 80 66 90 29 15 72
3 9 81 40 16 17 64
77 63 57 44 47 52 16
79 35 79 40 16 17 64
67 1 53 7 82 23 86
82 7 91 42 79 71 74
13 43 51 29 14 68 33
78 4 28 90 29 15 28
44 47 52 0 17 10 51
79 35 79 5 5 52 40
48 88 11 70 89 59 48
53 11 75 25 16 22 53
51 89 22 21 80 66 44
33 60 20 46 27 88 75
83 34 81 68 73 84 39
23 68 44 84 12 40 56
23 68 44 24 56 40 12
67 1 53 4 30 68 32
6 13 1 0 17 10 9
9 70 58 54 26 42 46
69 44 9 52 90 91 94
21 80 66 22 91 27 40
35 90 20 33 60 20 30
26 21 80 53 11 75 11
66 3 90 52 90 91 87
15 42 25 0 17 10 29
84 12 40 38 22 17 25
59 22 22 37 87 73 82
53 11 75 65 4 62 14
72 84 35 39 89 1 34
18 13 1 42 79 71 96
89 84 12 68 73 84 72
6 13 1 77 63 57 75
35 90 20 8 47 65 62
75 16 25 26 21 80 55
88 60 71 4 30 68 30
40 16 17 43 78 57 73
34 35 46 73 56 2 48
14 73 47 58 66 43 8
51 89 22 89 84 12 11
10 88 60 52 90 91 31
49 88 21 0 17 10 71
43 78 57 55 59 70 23
11 47 32 76 9 55 44
29 14 68 3 9 81 13
59 22 22 30 88 35 67
55 59 70 25 16 22 64
63 38 54 87 52 54 14
4 30 68 3 9 81 24
72 84 35 20 78 84 49
17 75 51 49 88 21 32
55 59 70 76 9 55 52
30 88 35 71 83 62 27
83 34 81 50 20 90 16
26 21 80 86 39 36 47
69 44 9 42 79 71 71
43 78 57 6 13 1 85
89 84 12 54 26 42 65
59 22 22 24 56 40 38
82 7 91 71 83 62 81
66 3 90 87 52 54 60
59 22 22 50 20 90 68
34 35 46 51 89 22 59
37 87 73 55 59 70 28
75 16 25 54 26 42 19
64 22 49 22 91 27 72
63 38 54 21 80 66 43
12 71 83 6 13 1 100
54 26 42 48 88 11 69
88 60 71 17 75 51 25
65 4 62 3 9 81 19
1 45 22 40 16 17 29
53 11 75 23 68 44 64
16 78 87 85 52 42 51
42 79 71 17 75 51 20
82 7 91 1 45 22 78
55 59 70 30 88 35 45
6 13 1 37 87 73 103
22 91 27 9 70 58 37
45 75 5 89 84 12 11
71 83 62 27 71 5 58
32 7 69 80 57 68 50
23 68 44 77 63 57 13
5 5 52 19 1 25 27
8 47 65 76 9 55 39
4 30 68 59 22 22 46
53 11 75 12 71 83 60
6 13 1 20 78 84 105
91 85 66 90 29 15 75
74 40 35 52 90 91 75
2 29 15 87 52 54 45
71 83 62 15 42 25 55
81 71 39 85 52 42 19
27 71 5 36 11 25 63
40 16 17 18 13 1 16
22 91 27 86 39 36 52
69 44 9 86 39 36 27
5 5 52 9 70 58 65
42 79 71 5 5 52 76
14 73 47 35 90 20 31
59 22 22 12 71 83 78
32 7 69 5 5 52 17
8 47 65 63 38 54 14
22 91 27 66 3 90 108
31 9 66 51 89 22 91
15 42 25 4 30 68 44
52 90 91 58 66 43 53
30 88 35 16 78 87 52
24 56 40 22 91 27 37
20 78 84 34 35 46 57
65 4 62 54 26 42 29
61 10 35 60 14 91 56
29 14 68 17 75 51 63
77 63 57 1 45 22 39
77 63 57 75 16 25 56
15 42 25 82 7 91 74
41 10 21 86 39 36 32
50 20 90 43 78 57 66
39 89 1 80 57 68 74
81 71 39 29 14 68 63
2 29 15 80 57 68 59
59 22 22 48 88 11 66
68 73 84 75 16 25 82
70 89 59 25 16 22 81
91 85 66 7 82 23 43
41 10 21 31 9 66 45
55 59 70 26 21 80 39
68 73 84 72 84 35 50
11 47 32 74 40 35 7
53 11 75 71 83 62 73
33 60 20 1 45 22 15
69 44 9 91 85 66 70
73 56 2 58 66 43 42
38 22 17 13 43 51 39
19 1 25 91 85 66 93
46 27 88 31 9 66 28
61 10 35 71 83 62 77
82 7 91 32 7 69 22
74 40 35 68 73 84 59
51 89 22 85 52 42 42
66 3 90 44 47 52 58
55 59 70 34 35 46 33
55 59 70 69 44 9 62
10 88 60 31 9 66 79
9 70 58 52 90 91 38
72 84 35 82 7 91 95
5 5 52 65 4 62 10
58 66 43 3 9 81 68
64 22 49 21 80 66 60
61 10 35 83 34 81 51
16 78 87 27 71 5 82
24 56 40 13 43 51 17
85 52 42 90 29 15 35
88 60 71 87 52 54 18
41 10 21 54 26 42 26
77 63 57 20 78 84 30
77 63 57 29 14 68 50
54 26 42 35 90 20 67
75 16 25 1 45 22 29
28 71 45 78 4 28 69
57 88 48 36 11 25 80
1 45 22 80 57 68 47
69 44 9 74 40 35 26
27 71 5 22 91 27 29
55 59 70 18 13 1 82
23 68 44 91 85 66 27
46 27 88 1 45 22 68
75 16 25 87 52 54 46
74 40 35 58 66 43 27
81 71 39 3 9 81 74
51 89 22 69 44 9 46
25 16 22 67 1 53 34
38 22 17 70 89 59 79
13 43 51 31 9 66 37
62 26 27 87 52 54 37
61 10 35 28 71 45 61
10 88 60 14 73 47 19
35 90 20 79 35 79 80
45 75 5 87 52 54 54
19 1 25 24 56 40 57
29 14 68 52 90 91 79
2 29 15 56 58 73 64
27 71 5 87 52 54 52
68 73 84 28 71 45 39
11 47 32 19 1 25 46
35 90 20 12 71 83 65
35 90 20 64 22 49 73
55 59 70 35 90 20 58
79 35 79 60 14 91 24
80 57 68 29 14 68 43
24 56 40 89 84 12 39
78 4 28 86 39 36 35
47 31 71 78 4 28 50
29 14 68 1 45 22 55
70 89 59 78 4 28 90
29 14 68 7 82 23 81
0 17 10 84 12 40 30
3 9 81 43 78 57 73
33 60 20 64 22 49 47
49 88 21 2 29 15 59
20 78 84 86 39 36 61
47 31 71 64 22 49 23
42 79 71 7 82 23 48
36 11 25 76 9 55 30
9 70 58 18 13 1 80
6 13 1 86 39 36 43
65 4 62 26 21 80 24
60 14 91 76 9 55 36
53 11 75 58 66 43 63
37 87 73 83 34 81 53
2 29 15 44 47 52 41
50 20 90 25 16 22 68
36 11 25 9 70 58 67
35 90 20 21 80 66 47
6 13 1 3 9 81 80
64 22 49 4 30 68 20
38 22 17 18 13 1 18
47 31 71 50 20 90 21
74 40 35 89 84 12 49
87 52 54 33 60 20 34
71 83 62 2 29 15 71
56 58 73 29 14 68 44
53 11 75 69 44 9 73
15 42 25 18 13 1 37
25 16 22 23 68 44 56
49 88 21 50 20 90 96
67 1 53 23 68 44 67
66 3 90 18 13 1 89
26 21 80 52 90 91 69
23 68 44 86 39 36 30
23 68 44 22 91 27 28
9 70 58 86 39 36 38
60 14 91 15 42 25 71
74 40 35 55 59 70 39
71 83 62 70 89 59 6
55 59 70 79 35 79 25
37 87 73 48 88 11 62
32 7 69 67 1 53 17
64 22 49 85 52 42 30
15 42 25 62 26 27 16
79 35 79 44 47 52 29
65 4 62 19 1 25 37
14 73 47 77 63 57 14
91 85 66 57 88 48 18
43 78 57 53 11 75 69
45 75 5 30 88 35 32
69 44 9 71 83 62 65
88 60 71 79 35 79 26
79 35 79 86 39 36 43
62 26 27 75 16 25 10
19 1 25 53 11 75 50
19 1 25 52 90 91 110
3 9 81 85 52 42 58
52 90 91 18 13 1 118
25 16 22 65 4 62 41
79 35 79 91 85 66 51
13 43 51 35 90 20 56
16 78 87 34 35 46 59
69 44 9 79 35 79 70
57 88 48 31 9 66 81
36 11 25 69 44 9 36
32 7 69 72 84 35 84
16 78 87 20 78 84 3
35 90 20 56 58 73 61
56 58 73 58 66 43 31
51 89 22 52 90 91 69
86 39 36 68 73 84 58
9 70 58 82 7 91 71
50 20 90 29 14 68 22
70 89 59 4 30 68 59
56 58 73 74 40 35 42
41 10 21 89 84 12 74
30 88 35 41 10 21 79
36 11 25 34 35 46 31
46 27 88 87 52 54 42
20 78 84 39 89 1 83
3 9 81 52 90 91 81
30 88 35 47 31 71 67
71 83 62 24 56 40 34
10 88 60 76 9 55 79
55 59 70 86 39 36 39
87 52 54 70 89 59 37
82 7 91 49 88 21 107
91 85 66 45 75 5 61
69 44 9 57 88 48 58
0 17 10 64 22 49 39
11 47 32 71 83 62 46
27 71 5 90 29 15 43
6 13 1 70 89 59 95
6 13 1 5 5 52 51
26 21 80 22 91 27 87
30 88 35 65 4 62 88
74 40 35 27 71 5 43
88 60 71 77 63 57 14
73 56 2 69 44 9 13
71 83 62 34 35 46 50
3 9 81 55 59 70 51
27 71 5 83 34 81 84
78 4 28 5 5 52 24
29 14 68 88 60 71 46
84 12 40 61 10 35 5
68 73 84 9 70 58 26
18 13 1 78 4 28 28
54 26 42 86 39 36 14
78 4 28 26 21 80 54
73 56 2 91 85 66 70
42 79 71 53 11 75 68
86 39 36 34 35 46 10
51 89 22 73 56 2 38
42 79 71 29 14 68 65
37 87 73 73 56 2 77
87 52 54 31 9 66 44
29 14 68 47 31 71 17
86 39 36 65 4 62 43
15 42 25 75 16 25 26
7 82 23 14 73 47 25
23 68 44 26 21 80 59
44 47 52 50 20 90 46
40 16 17 78 4 28 16
41 10 21 66 3 90 69
21 80 66 12 71 83 19
69 44 9 15 42 25 16
46 27 88 45 75 5 95
39 89 1 35 90 20 19
53 11 75 61 10 35 40
52 90 91 53 11 75 80
9 70 58 80 57 68 16
12 71 83 54 26 42 60
40 16 17 11 47 32 34
10 88 60 19 1 25 93
82 7 91 90 29 15 79
73 56 2 50 20 90 95
21 80 66 65 4 62 76
11 47 32 15 42 25 8
13 43 51 34 35 46 9
91 85 66 35 90 20 46
2 29 15 51 89 22 60
43 78 57 36 11 25 74
83 34 81 15 42 25 56
36 11 25 71 83 62 80
55 59 70 8 47 65 13
48 88 11 25 16 22 72
33 60 20 40 16 17 44
72 84 35 8 47 65 47
91 85 66 56 58 73 27
28 71 45 70 89 59 22
42 79 71 83 34 81 46
56 58 73 0 17 10 75
21 80 66 6 13 1 93
16 78 87 6 13 1 107
48 88 11 16 78 87 76
5 5 52 31 9 66 14
68 73 84 36 11 25 85
64 22 49 62 26 27 22
64 22 49 46 27 88 39
51 89 22 46 27 88 90
5 5 52 66 3 90 38
52 90 91 59 22 22 96
73 56 2 29 14 68 78
2 29 15 12 71 83 79
31 9 66 24 56 40 53
44 47 52 33 60 20 34
36 11 25 48 88 11 78
54 26 42 3 9 81 42
41 10 21 39 89 1 81
13 43 51 59 22 22 35
33 60 20 41 10 21 50
46 27 88 3 9 81 19
25 16 22 83 34 81 61
18 13 1 83 34 81 82
6 13 1 36 11 25 24
81 71 39 82 7 91 82
48 88 11 23 68 44 38
60 14 91 35 90 20 104
55 59 70 87 52 54 17
77 63 57 50 20 90 54
29 14 68 87 52 54 40
24 56 40 15 42 25 20
83 34 81 76 9 55 36
84 12 40 25 16 22 18
9 70 58 79 35 79 40
89 84 12 72 84 35 23
41 10 21 74 40 35 33
38 22 17 76 9 55 40
50 20 90 5 5 52 40
28 71 45 50 20 90 68
11 47 32 63 38 54 23
77 63 57 81 71 39 19
58 66 43 1 45 22 29
57 88 48 0 17 10 80
15 42 25 34 35 46 22
26 21 80 18 13 1 79
75 16 25 0 17 10 15
60 14 91 55 59 70 49
64 22 49 60 14 91 42
36 11 25 61 10 35 10
14 73 47 15 42 25 38
89 84 12 52 90 91 79
48 88 11 49 88 21 10
44 47 52 61 10 35 40
78 4 28 32 7 69 41
34 35 46 24 56 40 21
4 30 68 23 68 44 44
22 91 27 67 1 53 93
85 52 42 12 71 83 45
84 12 40 2 29 15 30
61 10 35 1 45 22 37
70 89 59 33 60 20 48
3 9 81 56 58 73 49
2 29 15 20 78 84 84
27 71 5 18 13 1 58
27 71 5 39 89 1 18
35 90 20 32 7 69 96
51 89 22 6 13 1 78
88 60 71 74 40 35 41
64 22 49 76 9 55 14
84 12 40 6 13 1 39
88 60 71 45 75 5 67
49 88 21 29 14 68 87
54 26 42 21 80 66 59
30 88 35 2 29 15 62
69 44 9 89 84 12 40
44 47 52 26 21 80 38
51 89 22 88 60 71 56
35 90 20 76 9 55 88
60 14 91 71 83 62 74
64 22 49 42 79 71 61
1 45 22 39 89 1 48
43 78 57 13 43 51 35
55 59 70 59 22 22 60
29 14 68 71 83 62 69
36 11 25 13 43 51 41
15 42 25 47 31 71 47
26 21 80 50 20 90 10
67 1 53 14 73 47 72
22 91 27 4 30 68 73
3 9 81 73 56 2 91
54 26 42 16 78 87 68
0 17 10 79 35 79 71
39 89 1 37 87 73 72
49 88 21 70 89 59 38
26 21 80 89 84 12 92
7 82 23 3 9 81 93
85 52 42 33 60 20 23
73 56 2 75 16 25 46
22 91 27 85 52 42 41
19 1 25 3 9 81 56
35 90 20 53 11 75 96
89 84 12 0 17 10 67
63 38 54 44 47 52 9
30 88 35 43 78 57 24
5 5 52 89 84 12 88
30 88 35 57 88 48 13
37 87 73 85 52 42 46
28 71 45 49 88 21 29
49 88 21 84 12 40 78
13 43 51 18 13 1 58
39 89 1 63 38 54 73
30 88 35 86 39 36 49
8 47 65 33 60 20 46
72 84 35 4 30 68 63
0 17 10 58 66 43 59
76 9 55 33 60 20 61
73 56 2 49 88 21 37
64 22 49 41 10 21 30
22 91 27 6 13 1 82
85 52 42 23 68 44 16
54 26 42 57 88 48 62
46 27 88 39 89 1 106
60 14 91 10 88 60 80
79 35 79 70 89 59 57
42 79 71 86 39 36 53
11 47 32 61 10 35 37
30 88 35 77 63 57 33
84 12 40 74 40 35 28
65 4 62 36 11 25 37
63 38 54 53 11 75 34
20 78 84 67 1 53 83
37 87 73 25 16 22 87
59 22 22 5 5 52 34
2 29 15 88 60 71 64
40 16 17 14 73 47 64
29 14 68 84 12 40 28
4 30 68 10 88 60 58
51 89 22 84 12 40 79
76 9 55 37 87 73 80
2 29 15 37 87 73 82
91 85 66 52 90 91 25
16 78 87 4 30 68 51
64 22 49 14 73 47 51
3 9 81 25 16 22 59
63 38 54 9 70 58 32
34 35 46 89 84 12 59
10 88 60 12 71 83 28
67 1 53 18 13 1 53
79 35 79 21 80 66 46
41 10 21 10 88 60 87
25 16 22 69 44 9 30
18 13 1 88 60 71 84
22 91 27 44 47 52 50
85 52 42 41 10 21 46
61 10 35 69 44 9 42
43 78 57 63 38 54 40
14 73 47 32 7 69 69
32 7 69 10 88 60 81
65 4 62 82 7 91 29
43 78 57 71 83 62 7
7 82 23 5 5 52 82
86 39 36 90 29 15 23
26 21 80 74 40 35 48
65 4 62 50 20 90 32
31 9 66 84 12 40 26
57 88 48 18 13 1 88
33 60 20 68 73 84 65
19 1 25 54 26 42 30
43 78 57 29 14 68 64
42 79 71 0 17 10 86
15 42 25 36 11 25 31
3 9 81 1 45 22 69
86 39 36 85 52 42 14
9 70 58 40 16 17 67
23 68 44 38 22 17 53
25 16 22 32 7 69 47
77 63 57 74 40 35 31
53 11 75 77 63 57 55
10 88 60 74 40 35 54
11 47 32 5 5 52 46
34 35 46 77 63 57 30
61 10 35 86 39 36 29
57 88 48 16 78 87 40
42 79 71 85 52 42 39
5 5 52 76 9 55 5
34 35 46 47 31 71 25
65 4 62 91 85 66 81
38 22 17 50 20 90 73
63 38 54 41 10 21 43
36 11 25 88 60 71 67
73 56 2 82 7 91 101
5 5 52 12 71 83 72
30 88 35 31 9 66 84
24 56 40 16 78 87 51
56 58 73 16 78 87 24
57 88 48 27 71 5 46
61 10 35 73 56 2 56
81 71 39 88 60 71 33
53 11 75 47 31 71 20
56 58 73 41 10 21 70
39 89 1 51 89 22 21
10 88 60 68 73 84 28
71 83 62 78 4 28 86
85 52 42 67 1 53 52
88 60 71 39 89 1 75
26 21 80 80 57 68 37
41 10 21 26 21 80 60
67 1 53 81 71 39 71
57 88 48 14 73 47 15
9 70 58 89 84 12 48
17 75 51 50 20 90 67
15 42 25 35 90 20 48
6 13 1 53 11 75 74
35 90 20 27 71 5 24
74 40 35 59 22 22 22
28 71 45 13 43 51 28
55 59 70 28 71 45 27
90 29 15 54 26 42 27
8 47 65 66 3 90 50
69 44 9 76 9 55 57
35 90 20 51 89 22 2
86 39 36 75 16 25 25
33 60 20 82 7 91 88
14 73 47 24 56 40 18
10 88 60 37 87 73 13
70 89 59 27 71 5 56
50 20 90 69 44 9 84
55 59 70 31 9 66 50
79 35 79 17 75 51 48
75 16 25 41 10 21 7
77 63 57 25 16 22 58
21 80 66 24 56 40 35
37 87 73 30 88 35 38
49 88 21 26 21 80 89
34 35 46 61 10 35 27
44 47 52 51 89 22 51
17 75 51 70 89 59 16
0 17 10 9 70 58 71
28 71 45 6 13 1 72
11 47 32 59 22 22 26
0 17 10 28 71 45 64
52 90 91 30 88 35 56
79 35 79 76 9 55 35
27 71 5 85 52 42 41
52 90 91 50 20 90 70
58 66 43 90 29 15 46
12 71 83 57 88 48 38
23 68 44 12 71 83 39
81 71 39 13 43 51 30
39 89 1 8 47 65 76
82 7 91 69 44 9 89
54 26 42 33 60 20 40
70 89 59 37 87 73 14
19 1 25 58 66 43 67
37 87 73 61 10 35 85
47 31 71 25 16 22 51
63 38 54 73 56 2 55
91 85 66 33 60 20 52
80 57 68 3 9 81 49
77 63 57 51 89 22 43
74 40 35 71 83 62 50
72 84 35 26 21 80 77
20 78 84 89 84 12 72
29 14 68 40 16 17 51
78 4 28 55 59 70 69
3 9 81 38 22 17 65
16 78 87 51 89 22 65
83 34 81 89 84 12 85
8 47 65 40 16 17 57
5 5 52 44 47 52 42
18 13 1 58 66 43 67
19 1 25 21 80 66 89
56 58 73 62 26 27 56
4 30 68 74 40 35 34
54 26 42 63 38 54 16
2 29 15 22 91 27 63
90 29 15 26 21 80 65
34 35 46 21 80 66 49
31 9 66 56 58 73 49
79 35 79 43 78 57 48
32 7 69 6 13 1 68
80 57 68 14 73 47 26
4 30 68 71 83 62 53
33 60 20 7 82 23 22
45 75 5 9 70 58 53
71 83 62 67 1 53 82
23 68 44 43 78 57 16
37 87 73 51 89 22 51
49 88 21 47 31 71 75
56 58 73 38 22 17 66
43 78 57 4 30 68 49
32 7 69 87 52 54 47
43 78 57 46 27 88 59
63 38 54 80 57 68 23
72 84 35 85 52 42 32
10 88 60 1 45 22 57
43 78 57 38 22 17 68
61 10 35 50 20 90 55
25 16 22 88 60 71 65
29 14 68 59 22 22 46
24 56 40 33 60 20 20
71 83 62 1 45 22 55
27 71 5 52 90 91 88
76 9 55 9 70 58 61
63 38 54 2 29 15 40
56 58 73 61 10 35 61
5 5 52 30 88 35 84
43 78 57 83 34 81 50
87 52 54 67 1 53 51
42 79 71 32 7 69 72
55 59 70 27 71 5 66
68 73 84 43 78 57 27
66 3 90 20 78 84 75
15 42 25 50 20 90 68
75 16 25 66 3 90 66
91 85 66 89 84 12 54
36 11 25 19 1 25 10
46 27 88 26 21 80 10
26 21 80 73 56 2 85
51 89 22 10 88 60 38
84 12 40 85 52 42 40
6 13 1 87 52 54 65
34 35 46 75 16 25 28
53 11 75 56 58 73 47
11 47 32 37 87 73 57
7 82 23 19 1 25 81
47 31 71 57 88 48 61
62 26 27 20 78 84 77
26 21 80 77 63 57 47
43 78 57 66 3 90 81
85 52 42 34 35 46 17
0 17 10 76 9 55 45
79 35 79 26 21 80 14
89 84 12 3 9 81 101
43 78 57 74 40 35 43
81 71 39 35 90 20 26
34 35 46 31 9 66 32
84 12 40 9 70 58 60
67 1 53 1 45 22 53
59 22 22 67 1 53 37
42 79 71 9 70 58 15
20 78 84 35 90 20 65
0 17 10 87 52 54 56
67 1 53 36 11 25 29
9 70 58 46 27 88 52
67 1 53 91 85 66 85
7 82 23 69 44 9 40
4 30 68 81 71 39 50
77 63 57 89 84 12 49
13 43 51 32 7 69 40
48 88 11 67 1 53 96
19 1 25 57 88 48 89
33 60 20 29 14 68 66
56 58 73 40 16 17 70
28 71 45 39 89 1 47
62 26 27 63 38 54 29
26 21 80 34 35 46 36
78 4 28 91 85 66 89
3 9 81 64 22 49 34
34 35 46 88 60 71 35
81 71 39 23 68 44 5
47 31 71 41 10 21 54
45 75 5 39 89 1 14
79 35 79 11 47 32 48
37 87 73 81 71 39 37
37 87 73 71 83 62 11
90 29 15 0 17 10 13
44 47 52 38 22 17 43
51 89 22 0 17 10 72
6 13 1 10 88 60 95
89 84 12 62 26 27 59
84 12 40 66 3 90 50
35 90 20 6 13 1 79
41 10 21 81 71 39 63
44 47 52 65 4 62 44
68 73 84 47 31 71 43
11 47 32 67 1 53 50
57 88 48 13 43 51 45
45 75 5 3 9 81 100
88 60 71 61 10 35 61
13 43 51 84 12 40 32
67 1 53 47 31 71 34
39 89 1 33 60 20 34
45 75 5 67 1 53 88
5 5 52 64 22 49 17
86 39 36 67 1 53 41
50 20 90 68 73 84 53
64 22 49 16 78 87 67
78 4 28 88 60 71 70
35 90 20 69 44 9 47
61 10 35 32 7 69 34
49 88 21 79 35 79 78
12 71 83 0 17 10 90
87 52 54 77 63 57 11
46 27 88 81 71 39 65
1 45 22 17 75 51 41
32 7 69 47 31 71 24
4 30 68 39 89 1 89
79 35 79 16 78 87 43
37 87 73 26 21 80 66
67 1 53 5 5 52 4
90 29 15 40 16 17 13
1 45 22 26 21 80 62
65 4 62 43 78 57 74
22 91 27 60 14 91 100
4 30 68 84 12 40 33
90 29 15 55 59 70 62
64 22 49 31 9 66 21
73 56 2 39 89 1 33
11 47 32 4 30 68 39
3 9 81 22 91 27 98
88 60 71 5 5 52 58
3 9 81 68 73 84 64
67 1 53 69 44 9 61
60 14 91 48 88 11 108
73 56 2 15 42 25 26
74 40 35 54 26 42 15
83 34 81 75 16 25 58
66 3 90 14 73 47 82
72 84 35 44 47 52 40
38 22 17 6 13 1 18
27 71 5 79 35 79 82
83 34 81 67 1 53 43
55 59 70 32 7 69 52
56 58 73 59 22 22 62
48 88 11 13 43 51 60
8 47 65 24 56 40 26
3 9 81 34 35 46 43
62 26 27 68 73 84 73
83 34 81 86 39 36 45
86 39 36 66 3 90 64
2 29 15 78 4 28 28
53 11 75 1 45 22 62
89 84 12 31 9 66 92
25 16 22 8 47 65 53
58 66 43 25 16 22 54
7 82 23 86 39 36 44
78 4 28 65 4 62 34
61 10 35 3 9 81 46
9 70 58 48 88 11 50
2 29 15 4 30 68 53
56 58 73 76 9 55 52
45 75 5 14 73 47 42
67 1 53 15 42 25 49
40 16 17 53 11 75 58
31 9 66 25 16 22 44
71 83 62 26 21 80 64
49 88 21 74 40 35 50
27 71 5 9 70 58 53
88 60 71 13 43 51 26
22 91 27 1 45 22 46
44 47 52 24 56 40 15
80 57 68 18 13 1 80
5 5 52 38 22 17 38
5 5 52 20 78 84 79
70 89 59 56 58 73 34
70 89 59 54 26 42 65
48 88 11 47 31 71 82
40 16 17 64 22 49 32
84 12 40 41 10 21 19
71 83 62 63 38 54 45
23 68 44 79 35 79 48
78 4 28 54 26 42 26
76 9 55 30 88 35 81
66 3 90 7 82 23 103
25 16 22 24 56 40 43
80 57 68 68 73 84 22
9 70 58 72 84 35 26
70 89 59 74 40 35 54
4 30 68 25 16 22 48
83 34 81 1 45 22 60
5 5 52 86 39 36 37
60 14 91 13 43 51 49
80 57 68 91 85 66 28
63 38 54 88 60 71 27
83 34 81 8 47 65 20
77 63 57 67 1 53 62
67 1 53 42 79 71 80
36 11 25 75 16 25 5
45 75 5 24 56 40 39
19 1 25 81 71 39 71
72 84 35 12 71 83 49
41 10 21 83 34 81 64
3 9 81 13 43 51 45
50 20 90 91 85 66 69
74 40 35 24 56 40 16
86 39 36 8 47 65 30
60 14 91 6 13 1 90
10 88 60 24 56 40 37
72 84 35 60 14 91 89
3 9 81 31 9 66 15
58 66 43 2 29 15 46
87 52 54 52 90 91 53
78 4 28 72 84 35 80
31 9 66 0 17 10 56
51 89 22 38 22 17 67
10 88 60 84 12 40 78
49 88 21 66 3 90 109
77 63 57 55 59 70 13
36 11 25 63 38 54 39
62 26 27 42 79 71 68
20 78 84 17 75 51 33
66 3 90 37 87 73 85
91 85 66 81 71 39 30
43 78 57 41 10 21 76
37 87 73 50 20 90 69
9 70 58 7 82 23 37
18 13 1 48 88 11 75
46 27 88 19 1 25 68
49 88 21 18 13 1 77
39 89 1 10 88 60 59
43 78 57 31 9 66 69
79 35 79 13 43 51 29
79 35 79 37 87 73 52
17 75 51 37 87 73 25
47 31 71 38 22 17 54
15 42 25 8 47 65 40
77 63 57 37 87 73 28
2 29 15 23 68 44 48
85 52 42 54 26 42 26
70 89 59 91 85 66 8
31 9 66 82 7 91 25
69 44 9 65 4 62 66
76 9 55 34 35 46 27
16 78 87 84 12 40 81
29 14 68 2 29 15 55
42 79 71 58 66 43 30
12 71 83 90 29 15 79
26 21 80 59 22 22 58
71 83 62 57 88 48 14
71 83 62 7 82 23 39
91 85 66 75 16 25 80
11 47 32 45 75 5 38
8 47 65 71 83 62 36
82 7 91 40 16 17 74
9 70 58 31 9 66 61
57 88 48 51 89 22 26
56 58 73 30 88 35 48
60 14 91 74 40 35 61
68 73 84 82 7 91 66
55 59 70 22 91 27 53
0 17 10 19 1 25 21
62 26 27 27 71 5 50
69 44 9 24 56 40 33
17 75 51 69 44 9 52
3 9 81 86 39 36 54
68 73 84 29 14 68 61
29 14 68 24 56 40 50
32 7 69 4 30 68 23
8 47 65 3 9 81 41
64 22 49 28 71 45 49
3 9 81 37 87 73 78
35 90 20 17 75 51 34
22 91 27 80 57 68 53
63 38 54 31 9 66 31
64 22 49 71 83 62 62
45 75 5 47 31 71 79
19 1 25 89 84 12 84
58 66 43 38 22 17 51
18 13 1 86 39 36 43
64 22 49 50 20 90 41
33 60 20 11 47 32 17
11 47 32 91 85 66 50
18 13 1 65 4 62 61
83 34 81 3 9 81 25
91 85 66 20 78 84 19
74 40 35 61 10 35 30
34 35 46 82 7 91 53
8 47 65 16 78 87 38
50 20 90 72 84 35 84
26 21 80 32 7 69 17
80 57 68 54 26 42 40
39 89 1 54 26 42 75
82 7 91 30 88 35 98
89 84 12 10 88 60 48
13 43 51 80 57 68 22
75 16 25 37 87 73 85
45 75 5 69 44 9 31
47 31 71 77 63 57 34
0 17 10 30 88 35 75
81 71 39 36 11 25 61
13 43 51 72 84 35 44
14 73 47 11 47 32 30
8 47 65 27 71 5 64
17 75 51 19 1 25 78
82 7 91 59 22 22 70
40 16 17 15 42 25 27
72 84 35 91 85 66 31
68 73 84 70 89 59 29
55 59 70 11 47 32 39
49 88 21 16 78 87 66
76 9 55 28 71 45 62
37 87 73 5 5 52 84
62 26 27 73 56 2 39
77 63 57 22 91 27 41
41 10 21 49 88 21 78
34 35 46 7 82 23 52
57 88 48 80 57 68 36
37 87 73 87 52 54 39
40 16 17 57 88 48 78
52 90 91 17 75 51 42
22 91 27 7 82 23 9
14 73 47 34 35 46 38
68 73 84 41 10 21 89
66 3 90 67 1 53 37
48 88 11 87 52 54 56
84 12 40 30 88 35 76
57 88 48 56 58 73 39
34 35 46 67 1 53 34
81 71 39 66 3 90 85
27 71 5 58 66 43 38
91 85 66 71 83 62 4
74 40 35 18 13 1 43
74 40 35 86 39 36 1
74 40 35 65 4 62 45
54 26 42 5 5 52 23
86 39 36 40 16 17 29
44 47 52 57 88 48 41
55 59 70 44 47 52 21
76 9 55 12 71 83 68
31 9 66 80 57 68 48
52 90 91 14 73 47 47
34 35 46 42 79 71 50
56 58 73 63 38 54 27
70 89 59 0 17 10 87
82 7 91 23 68 44 77
43 78 57 47 31 71 49
81 71 39 76 9 55 64
74 40 35 36 11 25 30
43 78 57 84 12 40 68
16 78 87 12 71 83 8
89 84 12 37 87 73 61
52 90 91 31 9 66 84
59 22 22 10 88 60 76
83 34 81 58 66 43 49
56 58 73 60 14 91 47
50 20 90 63 38 54 40
37 87 73 44 47 52 45
87 52 54 53 11 75 46
88 60 71 40 16 17 69
23 68 44 59 22 22 50
53 11 75 36 11 25 50
62 26 27 23 68 44 45
75 16 25 12 71 83 79
83 34 81 77 63 57 37
4 30 68 28 71 45 47
87 52 54 36 11 25 50
26 21 80 24 56 40 53
2 29 15 72 84 35 58
78 4 28 84 12 40 14
56 58 73 52 90 91 36
77 63 57 60 14 91 59
65 4 62 27 71 5 87
57 88 48 67 1 53 87
72 84 35 19 1 25 83
18 13 1 6 13 1 0
12 71 83 89 84 12 72
54 26 42 17 75 51 49
24 56 40 9 70 58 22
35 90 20 78 4 28 86
15 42 25 80 57 68 45
85 52 42 25 16 22 41
0 17 10 2 29 15 13
15 42 25 68 73 84 66
60 14 91 30 88 35 92
81 71 39 72 84 35 13
90 29 15 84 12 40 30
44 47 52 88 60 71 23
28 71 45 83 34 81 51
70 89 59 52 90 91 32
56 58 73 43 78 57 25
46 27 88 66 3 90 24
59 22 22 20 78 84 83
16 78 87 76 9 55 76
36 11 25 89 84 12 74
27 71 5 20 78 84 79
87 52 54 51 89 22 48
86 39 36 56 58 73 41
37 87 73 31 9 66 78
66 3 90 10 88 60 90
73 56 2 1 45 22 22
72 84 35 53 11 75 83
1 45 22 13 43 51 29
51 89 22 63 38 54 60
16 78 87 58 66 43 45
72 84 35 63 38 54 49
22 91 27 35 90 20 7
30 88 35 10 88 60 25
26 21 80 45 75 5 92
39 89 1 18 13 1 76
72 84 35 76 9 55 77
40 16 17 19 1 25 17
43 78 57 81 71 39 19
23 68 44 72 84 35 18
15 42 25 12 71 83 64
28 71 45 16 78 87 42
49 88 21 14 73 47 30
82 7 91 79 35 79 30
15 42 25 7 82 23 40
75 16 25 45 75 5 62
47 31 71 73 56 2 73
37 87 73 19 1 25 98
33 60 20 49 88 21 28
66 3 90 25 16 22 69
27 71 5 64 22 49 65
11 47 32 38 22 17 29
45 75 5 50 20 90 101
38 22 17 71 83 62 75
85 52 42 83 34 81 42
58 66 43 28 71 45 5
65 4 62 29 14 68 11
24 56 40 12 71 83 45
86 39 36 11 47 32 8
11 47 32 80 57 68 37
86 39 36 31 9 66 42
65 4 62 35 90 20 95
83 34 81 59 22 22 60
15 42 25 76 9 55 44
88 60 71 33 60 20 51
10 88 60 86 39 36 54
60 14 91 83 34 81 22
38 22 17 0 17 10 8
80 57 68 36 11 25 62
80 57 68 49 88 21 56
82 7 91 41 10 21 70
22 91 27 39 89 1 26
5 5 52 16 78 87 80
54 26 42 4 30 68 26
19 1 25 64 22 49 31
83 34 81 57 88 48 63
56 58 73 79 35 79 23
91 85 66 48 88 11 55
33 60 20 62 26 27 34
90 29 15 46 27 88 73
4 30 68 17 75 51 48
51 89 22 1 45 22 44
70 89 59 72 84 35 24
29 14 68 44 47 52 36
44 47 52 75 16 25 41
5 5 52 33 60 20 63
13 43 51 62 26 27 29
59 22 22 73 56 2 39
12 71 83 11 47 32 56
87 52 54 42 79 71 31
60 14 91 43 78 57 72
85 52 42 1 45 22 21
72 84 35 71 83 62 27
24 56 40 6 13 1 58
77 63 57 19 1 25 69
0 17 10 77 63 57 65
40 16 17 49 88 21 72
11 47 32 29 14 68 48
66 3 90 65 4 62 28
79 35 79 3 9 81 26
43 78 57 90 29 15 64
66 3 90 89 84 12 112
80 57 68 19 1 25 70
75 16 25 78 4 28 12
86 39 36 70 89 59 55
44 47 52 42 79 71 37
19 1 25 22 91 27 90
51 89 22 75 16 25 73
24 56 40 30 88 35 32
76 9 55 27 71 5 79
65 4 62 31 9 66 6
26 21 80 51 89 22 89
13 43 51 39 89 1 67
44 47 52 76 9 55 38
24 56 40 85 52 42 4
8 47 65 19 1 25 60
31 9 66 59 22 22 45
87 52 54 74 40 35 22
56 58 73 89 84 12 66
8 47 65 34 35 46 22
37 87 73 42 79 71 8
53 11 75 18 13 1 74
17 75 51 11 47 32 33
51 89 22 22 91 27 5
30 88 35 23 68 44 21
78 4 28 12 71 83 86
17 75 51 75 16 25 64
13 43 51 74 40 35 16
19 1 25 50 20 90 67
46 27 88 61 10 35 55
14 73 47 31 9 66 66
57 88 48 84 12 40 76
47 31 71 75 16 25 48
41 10 21 19 1 25 9
66 3 90 0 17 10 81
53 11 75 75 16 25 50
61 10 35 77 63 57 57
87 52 54 24 56 40 14
58 66 43 44 47 52 21
35 90 20 34 35 46 60
91 85 66 12 71 83 22
86 39 36 49 88 21 51
81 71 39 40 16 17 59
32 7 69 3 9 81 12
33 60 20 20 78 84 66
33 60 20 28 71 45 27
18 13 1 30 88 35 82
41 10 21 38 22 17 12
71 83 62 90 29 15 71
86 39 36 52 90 91 75
47 31 71 66 3 90 33
0 17 10 7 82 23 66
79 35 79 89 84 12 83
56 58 73 45 75 5 70
15 42 25 87 52 54 30
24 56 40 38 22 17 41
37 87 73 35 90 20 53
37 87 73 54 26 42 68
52 90 91 1 45 22 82
54 26 42 58 66 43 40
45 75 5 74 40 35 46
0 17 10 78 4 28 22
0 17 10 22 91 27 75
28 71 45 77 63 57 14
36 11 25 12 71 83 83
69 44 9 0 17 10 27
86 39 36 44 47 52 17
73 56 2 54 26 42 50
35 90 20 48 88 11 9
81 71 39 21 80 66 28
36 11 25 85 52 42 44
65 4 62 40 16 17 46
10 88 60 79 35 79 56
31 9 66 17 75 51 67
78 4 28 16 78 87 94
2 29 15 75 16 25 16
27 71 5 4 30 68 75
46 27 88 44 47 52 41
49 88 21 87 52 54 48
63 38 54 81 71 39 36
1 45 22 42 79 71 59
66 3 90 1 45 22 79
50 20 90 31 9 66 26
33 60 20 16 78 87 69
56 58 73 87 52 54 19
83 34 81 53 11 75 23
42 79 71 59 22 22 75
49 88 21 85 52 42 41
58 66 43 89 84 12 35
51 89 22 82 7 91 107
70 89 59 64 22 49 67
49 88 21 39 89 1 20
75 16 25 20 78 84 85
88 60 71 50 20 90 44
86 39 36 81 71 39 32
53 11 75 0 17 10 65
56 58 73 18 13 1 84
38 22 17 9 70 58 63
44 47 52 89 84 12 54
18 13 1 34 35 46 50
16 78 87 2 29 15 87
30 88 35 48 88 11 24
22 91 27 58 66 43 29
13 43 51 47 31 71 23
29 14 68 19 1 25 44
44 47 52 53 11 75 42
15 42 25 33 60 20 18
66 3 90 39 89 1 123
1 45 22 81 71 39 31
89 84 12 33 60 20 25
58 66 43 7 82 23 25
85 52 42 45 75 5 43
38 22 17 8 47 65 54
39 89 1 90 29 15 61
21 80 66 15 42 25 55
48 88 11 15 42 25 48
43 78 57 26 21 80 61
56 58 73 90 29 15 64
72 84 35 90 29 15 58
4 30 68 42 79 71 49
90 29 15 1 45 22 17
11 47 32 68 73 84 58
35 90 20 61 10 35 81
10 88 60 70 89 59 1
76 9 55 26 21 80 27
67 1 53 24 56 40 56
57 88 48 7 82 23 25
9 70 58 37 87 73 22
65 4 62 6 13 1 61
20 78 84 14 73 47 37
82 7 91 86 39 36 63
4 30 68 33 60 20 56
18 13 1 51 89 22 78
27 71 5 28 71 45 40
38 22 17 55 59 70 64
12 71 83 30 88 35 50
83 34 81 81 71 39 55
32 7 69 91 85 66 78
56 58 73 73 56 2 71
66 3 90 54 26 42 53
91 85 66 61 10 35 81
17 75 51 15 42 25 42
56 58 73 88 60 71 2
80 57 68 74 40 35 37
89 84 12 17 75 51 40
6 13 1 55 59 70 82
13 43 51 73 56 2 50
12 71 83 33 60 20 63
48 88 11 22 91 27 16
5 5 52 87 52 54 47
61 10 35 59 22 22 17
24 56 40 86 39 36 17
61 10 35 39 89 1 86
22 91 27 10 88 60 33
88 60 71 83 34 81 27
12 71 83 88 60 71 16
70 89 59 83 34 81 59
54 26 42 60 14 91 50
23 68 44 78 4 28 65
48 88 11 27 71 5 18
27 71 5 80 57 68 64
13 43 51 55 59 70 24
42 79 71 19 1 25 90
74 40 35 33 60 20 25
45 75 5 2 29 15 47
5 5 52 91 85 66 81
89 84 12 16 78 87 75
39 89 1 64 22 49 82
72 84 35 33 60 20 28
78 4 28 10 88 60 89
45 75 5 78 4 28 74
8 47 65 23 68 44 29
12 71 83 29 14 68 58
12 71 83 86 39 36 56
43 78 57 27 71 5 52
91 85 66 77 63 57 23
43 78 57 17 75 51 6
15 42 25 28 71 45 35
6 13 1 56 58 73 84
23 68 44 61 10 35 58
65 4 62 56 58 73 55
77 63 57 65 4 62 59
73 56 2 12 71 83 82
9 70 58 14 73 47 11
10 88 60 3 9 81 81
61 10 35 6 13 1 34
73 56 2 89 84 12 29
49 88 21 4 30 68 74
84 12 40 58 66 43 54
16 78 87 66 3 90 75
7 82 23 18 13 1 72
46 27 88 16 78 87 51
90 29 15 10 88 60 74
29 14 68 14 73 47 62
72 84 35 40 16 17 70
46 27 88 83 34 81 9
70 89 59 58 66 43 28
43 78 57 49 88 21 37
41 10 21 7 82 23 72
81 71 39 90 29 15 48
82 7 91 47 31 71 31
41 10 21 24 56 40 49
11 47 32 48 88 11 46
54 26 42 31 9 66 29
74 40 35 7 82 23 43
59 22 22 32 7 69 49
13 43 51 26 21 80 36
45 75 5 29 14 68 87