79 3081
44 38 69 31 56 22 50
47 2 63 49 35 44 38
33 9 44 41 65 63 59
70 23 43 37 42 58 24
6 62 63 45 58 44 19
36 43 27 23 51 7 21
21 59 48 39 69 15 34
48 73 71 62 65 25 46
59 47 3 29 26 54 55
19 57 40 7 22 35 35
50 38 52 10 57 78 32
78 73 61 69 25 74 49
63 15 52 24 22 45 9
20 55 66 12 42 38 30
50 38 52 44 38 69 17
5 68 31 62 65 25 6
37 42 58 32 20 26 38
66 44 35 8 15 3 43
8 15 3 22 52 45 55
73 23 0 41 65 63 75
62 65 25 41 65 63 38
27 73 8 76 67 73 65
72 39 3 38 12 35 41
15 14 55 23 51 7 60
62 65 25 37 42 58 40
11 72 1 14 9 41 74
24 22 45 2 70 54 48
12 42 38 60 39 6 32
21 59 48 76 67 73 26
53 23 70 40 46 28 47
6 62 63 78 73 61 11
65 12 20 71 75 17 63
6 62 63 59 47 3 61
61 30 66 2 70 54 41
78 73 61 51 66 16 45
13 44 76 76 67 73 23
39 69 15 31 56 22 14
1 5 47 13 44 76 48
67 7 42 21 59 48 52
40 46 28 22 52 45 18
51 66 16 0 35 17 31
52 34 55 44 38 69 14
72 39 3 39 69 15 32
23 51 7 18 41 8 10
55 26 22 42 62 9 38
72 39 3 41 65 63 65
26 4 12 29 26 54 47
31 56 22 46 74 27 18
24 22 45 69 25 74 29
34 72 67 60 39 6 69
38 12 35 70 23 43 13
20 55 66 13 44 76 14
69 25 74 59 47 3 74
44 38 69 32 20 26 46
30 15 30 66 44 35 29
65 12 20 19 57 40 49
41 65 63 8 15 3 78
49 35 44 74 46 66 24
68 43 30 55 26 22 18
32 20 26 77 60 40 42
30 15 30 55 26 22 13
0 35 17 10 57 78 64
32 20 26 24 22 45 19
34 72 67 68 43 30 47
37 42 58 4 17 22 43
36 43 27 42 62 9 26
33 9 44 76 67 73 64
2 70 54 6 62 63 12
16 67 49 15 14 55 53
11 72 1 27 73 8 7
31 56 22 64 42 59 39
42 62 9 43 43 74 67
14 9 41 8 15 3 38
78 73 61 3 58 40 25
58 69 65 16 67 49 16
45 58 44 47 2 63 59
14 9 41 56 40 52 32
24 22 45 53 23 70 25
40 46 28 36 43 27 3
45 58 44 36 43 27 22
14 9 41 35 31 65 32
69 25 74 76 67 73 42
58 69 65 50 38 52 33
65 12 20 39 69 15 57
18 41 8 10 57 78 71
43 43 74 74 46 66 8
7 22 35 17 63 42 41
17 63 42 11 72 1 41
56 40 52 51 66 16 44
55 26 22 43 43 74 54
38 12 35 57 65 51 55
66 44 35 49 35 44 12
53 23 70 29 26 54 16
63 15 52 30 15 30 22
8 15 3 63 15 52 49
9 52 50 77 60 40 12
69 25 74 39 69 15 73
13 44 76 31 56 22 55
58 69 65 8 15 3 82
8 15 3 60 39 6 24
71 75 17 20 55 66 52
20 55 66 78 73 61 18
22 52 45 56 40 52 13
69 25 74 8 15 3 71
72 39 3 60 39 6 3
68 43 30 53 23 70 44
38 12 35 68 43 30 31
54 72 61 38 12 35 65
76 67 73 57 65 51 22
75 25 10 13 44 76 68
11 72 1 77 60 40 40
26 4 12 67 7 42 30
15 14 55 58 69 65 55
71 75 17 45 58 44 31
35 31 65 24 22 45 21
16 67 49 0 35 17 45
54 72 61 13 44 76 31
44 38 69 40 46 28 41
55 26 22 31 56 22 30
44 38 69 0 35 17 52
6 62 63 12 42 38 32
73 23 0 12 42 38 42
50 38 52 36 43 27 25
49 35 44 23 51 7 40
44 38 69 46 74 27 55
73 23 0 67 7 42 44
78 73 61 36 43 27 45
75 25 10 73 23 0 10
51 66 16 48 73 71 55
61 30 66 74 46 66 16
56 40 52 71 75 17 49
9 52 50 75 25 10 48
31 56 22 71 75 17 19
38 12 35 63 15 52 17
23 51 7 31 56 22 15
64 42 59 61 30 66 13
31 56 22 60 39 6 23
11 72 1 54 72 61 60
27 73 8 42 62 9 11
8 15 3 75 25 10 12
58 69 65 59 47 3 65
74 46 66 65 12 20 57
27 73 8 57 65 51 43
48 73 71 22 52 45 33
37 42 58 9 52 50 12
4 17 22 48 73 71 74
30 15 30 19 57 40 43
3 58 40 44 38 69 35
39 69 15 24 22 45 55
13 44 76 26 4 12 75
19 57 40 10 57 78 38
28 53 18 27 73 8 22
39 69 15 55 26 22 43
22 52 45 75 25 10 44
30 15 30 9 52 50 42
28 53 18 78 73 61 47
28 53 18 58 69 65 49
39 69 15 33 9 44 66
71 75 17 37 42 58 52
68 43 30 26 4 12 42
24 22 45 75 25 10 35
77 60 40 64 42 59 26
40 46 28 66 44 35 7
31 56 22 24 22 45 41
4 17 22 69 25 74 52
55 26 22 0 35 17 10
38 12 35 45 58 44 46
34 72 67 37 42 58 31
29 26 54 0 35 17 38
39 69 15 49 35 44 44
46 74 27 59 47 3 36
73 23 0 31 56 22 39
52 34 55 36 43 27 29
2 70 54 9 52 50 18
53 23 70 26 4 12 61
7 22 35 21 59 48 39
63 15 52 27 73 8 72
20 55 66 24 22 45 39
1 5 47 48 73 71 72
24 22 45 1 5 47 17
61 30 66 6 62 63 32
70 23 43 51 66 16 50
35 31 65 55 26 22 43
77 60 40 18 41 8 37
64 42 59 53 23 70 21
48 73 71 60 39 6 73
46 74 27 4 17 22 57
16 67 49 19 57 40 13
54 72 61 73 23 0 78
41 65 63 29 26 54 40
60 39 6 52 34 55 49
44 38 69 75 25 10 60
4 17 22 17 63 42 50
51 66 16 71 75 17 9
36 43 27 16 67 49 32
32 20 26 54 72 61 62
43 43 74 47 2 63 42
77 60 40 33 9 44 51
7 22 35 62 65 25 44
15 14 55 47 2 63 14
68 43 30 30 15 30 28
70 23 43 27 73 8 61
10 57 78 38 12 35 62
11 72 1 46 74 27 26
38 12 35 36 43 27 32
28 53 18 37 42 58 41
10 57 78 23 51 7 71
4 17 22 67 7 42 22
16 67 49 48 73 71 22
65 12 20 46 74 27 62
53 23 70 14 9 41 32
71 75 17 25 77 62 45
26 4 12 45 58 44 62
39 69 15 78 73 61 46
28 53 18 15 14 55 53
59 47 3 19 57 40 38
73 23 0 43 43 74 76
67 7 42 32 20 26 20
12 42 38 63 15 52 30
62 65 25 64 42 59 41
4 17 22 70 23 43 21
17 63 42 64 42 59 27
5 68 31 67 7 42 61
3 58 40 54 72 61 25
48 73 71 26 4 12 90
50 38 52 55 26 22 32
62 65 25 53 23 70 61
18 41 8 4 17 22 27
0 35 17 1 5 47 42
26 4 12 34 72 67 87
1 5 47 61 30 66 31
51 66 16 29 26 54 55
8 15 3 33 9 44 41
44 38 69 49 35 44 25
36 43 27 19 57 40 19
33 9 44 13 44 76 47
3 58 40 59 47 3 38
74 46 66 55 26 22 48
41 65 63 20 55 66 10
60 39 6 50 38 52 46
40 46 28 51 66 16 23
78 73 61 25 77 62 4
54 72 61 9 52 50 22
0 35 17 24 22 45 30
62 65 25 75 25 10 42
32 20 26 51 66 16 47
44 38 69 77 60 40 36
17 63 42 0 35 17 37
71 75 17 67 7 42 72
25 77 62 23 51 7 60
67 7 42 2 70 54 64
9 52 50 11 72 1 52
16 67 49 24 22 45 45
4 17 22 11 72 1 58
71 75 17 15 14 55 71
63 15 52 73 23 0 52
53 23 70 13 44 76 21
48 73 71 57 65 51 21
10 57 78 31 56 22 56
75 25 10 58 69 65 70
76 67 73 59 47 3 72
74 46 66 24 22 45 31
51 66 16 47 2 63 79
18 41 8 36 43 27 19
44 38 69 45 58 44 32
11 72 1 49 35 44 56
51 66 16 35 31 65 60
56 40 52 61 30 66 17
10 57 78 59 47 3 75
42 62 9 67 7 42 64
45 58 44 56 40 52 19
43 43 74 63 15 52 35
42 62 9 58 69 65 56
42 62 9 77 60 40 31
32 20 26 47 2 63 41
9 52 50 8 15 3 59
31 56 22 2 70 54 34
14 9 41 28 53 18 49
6 62 63 36 43 27 40
50 38 52 43 43 74 22
1 5 47 26 4 12 35
9 52 50 15 14 55 38
18 41 8 73 23 0 19
58 69 65 74 46 66 23
21 59 48 70 23 43 36
38 12 35 19 57 40 45
32 20 26 73 23 0 26
77 60 40 54 72 61 24
73 23 0 14 9 41 43
10 57 78 67 7 42 61
53 23 70 72 39 3 68
50 38 52 40 46 28 25
17 63 42 36 43 27 25
27 73 8 51 66 16 10
22 52 45 28 53 18 27
55 26 22 41 65 63 56
27 73 8 50 38 52 56
14 9 41 20 55 66 52
69 25 74 23 51 7 71
73 23 0 44 38 69 70
58 69 65 40 46 28 43
61 30 66 43 43 74 15
44 38 69 4 17 22 51
9 52 50 72 39 3 48
21 59 48 58 69 65 19
39 69 15 27 73 8 8
47 2 63 54 72 61 70
65 12 20 20 55 66 62
5 68 31 17 63 42 12
9 52 50 36 43 27 24
40 46 28 69 25 74 50
38 12 35 46 74 27 62
0 35 17 39 69 15 34
66 44 35 47 2 63 50
24 22 45 18 41 8 41
62 65 25 18 41 8 29
40 46 28 68 43 30 3
42 62 9 70 23 43 51
75 25 10 16 67 49 57
12 42 38 70 23 43 19
19 57 40 18 41 8 35
61 30 66 33 9 44 30
23 51 7 29 26 54 53
0 35 17 26 4 12 31
33 9 44 11 72 1 76
58 69 65 23 51 7 60
76 67 73 67 7 42 67
49 35 44 48 73 71 46
33 9 44 18 41 8 48
21 59 48 72 39 3 49
60 39 6 23 51 7 12
56 40 52 46 74 27 42
46 74 27 40 46 28 28
6 62 63 50 38 52 26
41 65 63 0 35 17 54
65 12 20 40 46 28 34
78 73 61 67 7 42 68
4 17 22 54 72 61 67
20 55 66 39 69 15 52
43 43 74 53 23 70 20
1 5 47 8 15 3 45
62 65 25 74 46 66 45
63 15 52 21 59 48 44
44 38 69 24 22 45 28
72 39 3 50 38 52 49
58 69 65 27 73 8 57
10 57 78 43 43 74 14
35 31 65 59 47 3 64
54 72 61 14 9 41 66
44 38 69 48 73 71 35
21 59 48 23 51 7 41
40 46 28 11 72 1 37
77 60 40 21 59 48 8
71 75 17 1 5 47 76
65 12 20 22 52 45 47
45 58 44 69 25 74 44
24 22 45 72 39 3 45
12 42 38 29 26 54 22
4 17 22 74 46 66 52
74 46 66 72 39 3 63
42 62 9 41 65 63 54
6 62 63 66 44 35 33
78 73 61 47 2 63 71
36 43 27 35 31 65 39
15 14 55 7 22 35 21
7 22 35 14 9 41 14
41 65 63 11 72 1 62
72 39 3 61 30 66 63
58 69 65 60 39 6 66
70 23 43 64 42 59 24
11 72 1 69 25 74 86
11 72 1 37 42 58 64
47 2 63 20 55 66 53
35 31 65 12 42 38 29
10 57 78 69 25 74 32
13 44 76 66 44 35 41
13 44 76 45 58 44 34
43 43 74 21 59 48 30
63 15 52 11 72 1 76
14 9 41 19 57 40 48
44 38 69 9 52 50 23
12 42 38 77 60 40 18
35 31 65 3 58 40 36
18 41 8 53 23 70 64
12 42 38 44 38 69 31
7 22 35 11 72 1 60
30 15 30 28 53 18 39
49 35 44 9 52 50 18
50 38 52 16 67 49 29
62 65 25 55 26 22 39
63 15 52 39 69 15 65
2 70 54 7 22 35 51
77 60 40 41 65 63 23
6 62 63 68 43 30 38
51 66 16 13 44 76 63
1 5 47 70 23 43 18
39 69 15 6 62 63 48
69 25 74 15 14 55 21
37 42 58 54 72 61 30
1 5 47 59 47 3 60
46 74 27 5 68 31 7
58 69 65 10 57 78 17
22 52 45 32 20 26 37
31 56 22 14 9 41 50
48 73 71 35 31 65 42
32 20 26 64 42 59 39
20 55 66 68 43 30 37
14 9 41 69 25 74 36
46 74 27 20 55 66 43
72 39 3 27 73 8 34
75 25 10 36 43 27 24
18 41 8 30 15 30 34
42 62 9 22 52 45 37
60 39 6 56 40 52 46
47 2 63 24 22 45 26
21 59 48 25 77 62 22
10 57 78 4 17 22 68
59 47 3 36 43 27 24
7 22 35 33 9 44 15
7 22 35 46 74 27 52
23 51 7 14 9 41 54
57 65 51 42 62 9 42
23 51 7 44 38 69 63
15 14 55 62 65 25 59
28 53 18 23 51 7 11
44 38 69 17 63 42 36
67 7 42 39 69 15 67
66 44 35 27 73 8 39
30 15 30 54 72 61 64
63 15 52 17 63 42 49
0 35 17 9 52 50 37
75 25 10 10 57 78 75
29 26 54 24 22 45 9
22 52 45 72 39 3 43
44 38 69 7 22 35 37
74 46 66 59 47 3 63
21 59 48 3 58 40 8
40 46 28 63 15 52 39
19 57 40 3 58 40 1
63 15 52 2 70 54 55
71 75 17 18 41 8 35
12 42 38 36 43 27 11
46 74 27 10 57 78 53
51 66 16 41 65 63 47
12 42 38 7 22 35 20
64 42 59 58 69 65 27
41 65 63 26 4 12 79
57 65 51 72 39 3 54
13 44 76 17 63 42 38
6 62 63 28 53 18 45
66 44 35 67 7 42 37
47 2 63 71 75 17 86
20 55 66 49 35 44 29
9 52 50 67 7 42 45
35 31 65 19 57 40 36
44 38 69 55 26 22 48
68 43 30 10 57 78 50
37 42 58 50 38 52 7
43 43 74 44 38 69 7
40 46 28 19 57 40 16
31 56 22 45 58 44 22
67 7 42 44 38 69 41
45 58 44 66 44 35 16
17 63 42 22 52 45 11
38 12 35 42 62 9 56
45 58 44 40 46 28 20
3 58 40 55 26 22 36
56 40 52 2 70 54 30
3 58 40 10 57 78 38
2 70 54 39 69 15 39
67 7 42 35 31 65 33
3 58 40 12 42 38 16
66 44 35 60 39 6 29
46 74 27 54 72 61 34
39 69 15 68 43 30 30
28 53 18 56 40 52 36
28 53 18 34 72 67 52
13 44 76 60 39 6 70
74 46 66 21 59 48 22
10 57 78 9 52 50 28
67 7 42 34 72 67 69
28 53 18 45 58 44 26
48 73 71 42 62 9 62
76 67 73 60 39 6 72
57 65 51 36 43 27 32
46 74 27 26 4 12 71
16 67 49 2 70 54 5
37 42 58 12 42 38 20
68 43 30 29 26 54 29
21 59 48 54 72 61 18
60 39 6 59 47 3 8
72 39 3 58 69 65 68
7 22 35 57 65 51 45
12 42 38 8 15 3 44
66 44 35 75 25 10 31
22 52 45 71 75 17 36
70 23 43 76 67 73 53
37 42 58 27 73 8 58
8 15 3 61 30 66 64
58 69 65 9 52 50 22
45 58 44 76 67 73 30
50 38 52 12 42 38 14
41 65 63 56 40 52 27
2 70 54 38 12 35 61
63 15 52 34 72 67 58
9 52 50 20 55 66 16
0 35 17 59 47 3 18
23 51 7 68 43 30 24
18 41 8 68 43 30 22
2 70 54 49 35 44 36
31 56 22 52 34 55 39
47 2 63 29 26 54 25
27 73 8 69 25 74 81
18 41 8 48 73 71 70
73 23 0 4 17 22 22
12 42 38 67 7 42 35
51 66 16 77 60 40 24
21 59 48 14 9 41 50
25 77 62 12 42 38 42
24 22 45 43 43 74 35
45 58 44 1 5 47 53
40 46 28 78 73 61 42
9 52 50 60 39 6 45
46 74 27 61 30 66 58
33 9 44 59 47 3 55
50 38 52 38 12 35 31
17 63 42 1 5 47 58
52 34 55 40 46 28 29
28 53 18 20 55 66 48
76 67 73 49 35 44 43
62 65 25 10 57 78 53
15 14 55 13 44 76 36
27 73 8 38 12 35 66
71 75 17 13 44 76 66
62 65 25 52 34 55 43
69 25 74 63 15 52 24
1 5 47 28 53 18 56
52 34 55 47 2 63 32
2 70 54 60 39 6 57
40 46 28 38 12 35 34
56 40 52 6 62 63 24
16 67 49 73 23 0 65
45 58 44 21 59 48 4
64 42 59 46 74 27 45
34 72 67 56 40 52 35
43 43 74 20 55 66 14
1 5 47 35 31 65 31
27 73 8 49 35 44 52
36 43 27 58 69 65 46
9 52 50 61 30 66 27
47 2 63 31 56 22 67
58 69 65 20 55 66 14
37 42 58 69 25 74 23
41 65 63 35 31 65 34
53 23 70 44 38 69 15
39 69 15 25 77 62 47
70 23 43 22 52 45 29
24 22 45 9 52 50 30
45 58 44 39 69 15 31
41 65 63 3 58 40 24
74 46 66 26 4 12 68
20 55 66 67 7 42 53
52 34 55 73 23 0 56
73 23 0 8 15 3 8
48 73 71 77 60 40 33
5 68 31 42 62 9 22
26 4 12 62 65 25 62
5 68 31 57 65 51 20
76 67 73 65 12 20 76
32 20 26 56 40 52 32
0 35 17 25 77 62 61
16 67 49 31 56 22 29
7 22 35 68 43 30 21
18 41 8 54 72 61 61
26 4 12 3 58 40 60
67 7 42 7 22 35 16
35 31 65 65 12 20 48
38 12 35 59 47 3 47
13 44 76 8 15 3 78
5 68 31 35 31 65 50
40 46 28 12 42 38 10
14 9 41 48 73 71 70
39 69 15 18 41 8 28
23 51 7 7 22 35 40
71 75 17 44 38 69 63
26 4 12 28 53 18 49
17 63 42 58 69 65 23
46 74 27 62 65 25 9
6 62 63 63 15 52 48
32 20 26 11 72 1 57
23 51 7 32 20 26 36
25 77 62 9 52 50 27
5 68 31 78 73 61 30
20 55 66 22 52 45 21
2 70 54 68 43 30 36
59 47 3 50 38 52 49
4 17 22 75 25 10 14
15 14 55 29 26 54 12
59 47 3 39 69 15 25
48 73 71 69 25 74 48
26 4 12 39 69 15 65
13 44 76 50 38 52 24
71 75 17 28 53 18 22
35 31 65 44 38 69 8
63 15 52 78 73 61 58
35 31 65 50 38 52 14
10 57 78 48 73 71 17
71 75 17 41 65 63 47
29 26 54 20 55 66 31
35 31 65 68 43 30 37
73 23 0 76 67 73 85
72 39 3 45 58 44 45
35 31 65 75 25 10 55
35 31 65 25 77 62 46
40 46 28 18 41 8 20
12 42 38 31 56 22 21
39 69 15 75 25 10 44
43 43 74 35 31 65 15
37 42 58 20 55 66 15
17 63 42 35 31 65 39
20 55 66 21 59 48 18
19 57 40 54 72 61 25
48 73 71 2 70 54 17
78 73 61 15 14 55 59
77 60 40 40 46 28 18
18 41 8 5 68 31 35
41 65 63 15 14 55 51
77 60 40 52 34 55 30
75 25 10 46 74 27 51
39 69 15 23 51 7 19
57 65 51 49 35 44 30
4 17 22 65 12 20 5
64 42 59 34 72 67 31
55 26 22 1 5 47 32
57 65 51 37 42 58 24
47 2 63 48 73 71 71
16 67 49 45 58 44 10
59 47 3 12 42 38 35
57 65 51 35 31 65 36
35 31 65 47 2 63 29
55 26 22 59 47 3 28
61 30 66 23 51 7 62
41 65 63 39 69 15 48
42 62 9 76 67 73 64
57 65 51 6 62 63 12
53 23 70 41 65 63 42
19 57 40 47 2 63 59
38 12 35 12 42 38 30
21 59 48 49 35 44 24
78 73 61 41 65 63 8
2 70 54 66 44 35 32
62 65 25 47 2 63 73
75 25 10 54 72 61 69
30 15 30 58 69 65 64
78 73 61 44 38 69 35
16 67 49 64 42 59 26
10 57 78 15 14 55 48
11 72 1 24 22 45 66
65 12 20 24 22 45 26
28 53 18 21 59 48 30
72 39 3 68 43 30 27
63 15 52 0 35 17 40
0 35 17 54 72 61 57
52 34 55 7 22 35 23
10 57 78 45 58 44 34
33 9 44 3 58 40 49
69 25 74 70 23 43 31
14 9 41 37 42 58 37
5 68 31 23 51 7 29
2 70 54 51 66 16 38
75 25 10 28 53 18 29
57 65 51 8 15 3 69
9 52 50 53 23 70 35
72 39 3 12 42 38 35
73 23 0 49 35 44 45
17 63 42 20 55 66 25
17 63 42 59 47 3 42
35 31 65 56 40 52 15
34 72 67 57 65 51 17
37 42 58 5 68 31 37
75 25 10 57 65 51 57
47 2 63 59 47 3 75
61 30 66 68 43 30 38
37 42 58 44 38 69 11
24 22 45 67 7 42 15
68 43 30 56 40 52 22
27 73 8 5 68 31 23
59 47 3 23 51 7 5
44 38 69 54 72 61 34
61 30 66 69 25 74 9
54 72 61 49 35 44 40
22 52 45 27 73 8 42
8 15 3 30 15 30 27
74 46 66 47 2 63 44
26 4 12 11 72 1 68
51 66 16 62 65 25 9
30 15 30 11 72 1 63
52 34 55 50 38 52 5
4 17 22 19 57 40 43
42 62 9 26 4 12 58
75 25 10 6 62 63 64
57 65 51 13 44 76 32
52 34 55 12 42 38 18
18 41 8 66 44 35 27
52 34 55 11 72 1 66
67 7 42 41 65 63 61
5 68 31 59 47 3 35
27 73 8 40 46 28 33
49 35 44 15 14 55 23
30 15 30 3 58 40 44
28 53 18 57 65 51 35
67 7 42 23 51 7 56
73 23 0 45 58 44 56
13 44 76 46 74 27 57
3 58 40 63 15 52 44
17 63 42 73 23 0 58
53 23 70 52 34 55 18
74 46 66 33 9 44 43
58 69 65 14 9 41 64
11 72 1 45 58 44 45
38 12 35 5 68 31 56
66 44 35 53 23 70 40
11 72 1 47 2 63 93
32 20 26 78 73 61 63
8 15 3 24 22 45 42
49 35 44 58 69 65 39
27 73 8 6 62 63 56
34 72 67 39 69 15 52
35 31 65 22 52 45 29
61 30 66 45 58 44 35
64 42 59 75 25 10 51
19 57 40 57 65 51 13
10 57 78 57 65 51 28
17 63 42 66 44 35 20
31 56 22 18 41 8 20
3 58 40 15 14 55 46
25 77 62 53 23 70 54
57 65 51 15 14 55 51
77 60 40 27 73 8 34
38 12 35 31 56 22 45
1 5 47 64 42 59 38
77 60 40 6 62 63 23
22 52 45 33 9 44 43
78 73 61 71 75 17 44
54 72 61 10 57 78 22
56 40 52 53 23 70 24
62 65 25 13 44 76 55
31 56 22 15 14 55 53
4 17 22 8 15 3 19
29 26 54 74 46 66 23
48 73 71 68 43 30 50
49 35 44 25 77 62 45
76 67 73 23 51 7 67
32 20 26 50 38 52 31
52 34 55 39 69 15 53
62 65 25 54 72 61 36
33 9 44 40 46 28 40
29 26 54 7 22 35 19
4 17 22 50 38 52 36
28 53 18 18 41 8 15
55 26 22 34 72 67 64
5 68 31 20 55 66 37
3 58 40 67 7 42 51
37 42 58 55 26 22 39
12 42 38 5 68 31 26
36 43 27 43 43 74 47
74 46 66 56 40 52 15
12 42 38 34 72 67 41
78 73 61 65 12 20 73
77 60 40 73 23 0 54
27 73 8 55 26 22 49
66 44 35 33 9 44 36
48 73 71 78 73 61 10
31 56 22 50 38 52 34
29 26 54 21 59 48 33
14 9 41 13 44 76 49
44 38 69 60 39 6 63
36 43 27 25 77 62 48
70 23 43 14 9 41 14
20 55 66 10 57 78 12
1 5 47 18 41 8 53
37 42 58 73 23 0 61
8 15 3 32 20 26 23
46 74 27 29 26 54 55
27 73 8 60 39 6 34
35 31 65 33 9 44 30
2 70 54 35 31 65 40
37 42 58 75 25 10 50
17 63 42 16 67 49 8
7 22 35 31 56 22 36
38 12 35 77 60 40 48
78 73 61 35 31 65 42
19 57 40 58 69 65 27
68 43 30 1 5 47 41
14 9 41 5 68 31 59
16 67 49 29 26 54 41
20 55 66 59 47 3 63
16 67 49 65 12 20 62
11 72 1 73 23 0 49
10 57 78 35 31 65 29
35 31 65 73 23 0 65
58 69 65 53 23 70 46
6 62 63 29 26 54 37
25 77 62 20 55 66 22
11 72 1 57 65 51 50
37 42 58 72 39 3 55
1 5 47 39 69 15 71
26 4 12 73 23 0 22
43 43 74 9 52 50 25
75 25 10 26 4 12 21
38 12 35 56 40 52 32
66 44 35 59 47 3 32
48 73 71 70 23 43 57
58 69 65 4 17 22 67
69 25 74 16 67 49 48
50 38 52 75 25 10 43
76 67 73 32 20 26 66
73 23 0 22 52 45 53
58 69 65 18 41 8 63
15 14 55 76 67 73 55
24 22 45 37 42 58 23
29 26 54 64 42 59 16
36 43 27 46 74 27 31
47 2 63 42 62 9 80
50 38 52 18 41 8 44
53 23 70 70 23 43 27
55 26 22 6 62 63 54
62 65 25 11 72 1 25
36 43 27 1 5 47 42
55 26 22 28 53 18 27
44 38 69 21 59 48 29
78 73 61 54 72 61 1
57 65 51 73 23 0 66
9 52 50 50 38 52 14
0 35 17 37 42 58 41
41 65 63 74 46 66 19
29 26 54 60 39 6 49
31 56 22 42 62 9 14
10 57 78 28 53 18 60
34 72 67 75 25 10 73
49 35 44 68 43 30 16
14 9 41 41 65 63 60
75 25 10 77 60 40 46
75 25 10 72 39 3 15
76 67 73 46 74 27 46
12 42 38 56 40 52 14
69 25 74 7 22 35 39
77 60 40 36 43 27 21
72 39 3 6 62 63 64
71 75 17 75 25 10 50
36 43 27 68 43 30 3
25 77 62 7 22 35 61
38 12 35 52 34 55 29
64 42 59 76 67 73 28
19 57 40 0 35 17 31
58 69 65 67 7 42 66
78 73 61 1 5 47 69
59 47 3 54 72 61 63
3 58 40 61 30 66 38
56 40 52 36 43 27 25
18 41 8 41 65 63 60
33 9 44 16 67 49 58
25 77 62 44 38 69 39
34 72 67 65 12 20 76
48 73 71 3 58 40 34
59 47 3 28 53 18 16
34 72 67 15 14 55 59
13 44 76 24 22 45 38
74 46 66 57 65 51 24
35 31 65 58 69 65 38
71 75 17 61 30 66 66
21 59 48 69 25 74 42
3 58 40 39 69 15 27
37 42 58 26 4 12 59
78 73 61 43 43 74 32
55 26 22 73 23 0 22
55 26 22 29 26 54 32
63 15 52 1 5 47 11
37 42 58 49 35 44 15
12 42 38 74 46 66 28
46 74 27 50 38 52 43
54 72 61 8 15 3 81
59 47 3 63 15 52 58
1 5 47 6 62 63 59
45 58 44 25 77 62 26
23 51 7 35 31 65 61
9 52 50 38 12 35 42
30 15 30 40 46 28 31
26 4 12 15 14 55 44
46 74 27 6 62 63 37
10 57 78 30 15 30 63
75 25 10 40 46 28 27
76 67 73 12 42 38 43
61 30 66 0 35 17 49
4 17 22 16 67 49 56
19 57 40 15 14 55 45
36 43 27 21 59 48 26
76 67 73 55 26 22 65
75 25 10 41 65 63 66
13 44 76 2 70 54 34
39 69 15 16 67 49 34
66 44 35 54 72 61 38
32 20 26 0 35 17 17
13 44 76 25 77 62 35
5 68 31 66 44 35 24
55 26 22 36 43 27 17
76 67 73 63 15 52 56
64 42 59 78 73 61 31
38 12 35 64 42 59 38
56 40 52 31 56 22 34
72 39 3 36 43 27 24
25 77 62 14 9 41 71
72 39 3 7 22 35 36
11 72 1 75 25 10 47
23 51 7 50 38 52 46
78 73 61 7 22 35 57
31 56 22 11 72 1 26
13 44 76 68 43 30 46
15 14 55 75 25 10 46
24 22 45 3 58 40 36
57 65 51 46 74 27 25
33 9 44 62 65 25 59
41 65 63 69 25 74 41
46 74 27 15 14 55 66
11 72 1 20 55 66 67
74 46 66 18 41 8 58
6 62 63 3 58 40 23
3 58 40 58 69 65 27
37 42 58 65 12 20 48
43 43 74 23 51 7 67
47 2 63 7 22 35 34
51 66 16 76 67 73 57
58 69 65 29 26 54 44
1 5 47 15 14 55 12
59 47 3 72 39 3 8
7 22 35 42 62 9 47
17 63 42 19 57 40 6
8 15 3 37 42 58 61
74 46 66 31 56 22 45
45 58 44 3 58 40 4
60 39 6 24 22 45 42
58 69 65 54 72 61 5
52 34 55 71 75 17 55
3 58 40 40 46 28 16
38 12 35 41 65 63 59
29 26 54 69 25 74 20
36 43 27 67 7 42 39
76 67 73 48 73 71 6
32 20 26 14 9 41 18
65 12 20 9 52 50 50
66 44 35 4 17 22 29
75 25 10 0 35 17 12
32 20 26 2 70 54 57
23 51 7 72 39 3 12
5 68 31 49 35 44 35
77 60 40 0 35 17 33
51 66 16 14 9 41 62
29 26 54 22 52 45 27
61 30 66 22 52 45 30
43 43 74 32 20 26 53
76 67 73 62 65 25 48
16 67 49 55 26 22 49
46 74 27 28 53 18 22
64 42 59 69 25 74 22
32 20 26 17 63 42 45
58 69 65 55 26 22 60
34 72 67 50 38 52 37
46 74 27 12 42 38 33
24 22 45 66 44 35 24
34 72 67 42 62 9 58
13 44 76 73 23 0 78
32 20 26 62 65 25 45
20 55 66 19 57 40 26
17 63 42 24 22 45 41
7 22 35 49 35 44 15
49 35 44 78 73 61 41
42 62 9 44 38 69 64
53 23 70 31 56 22 58
71 75 17 21 59 48 34
21 59 48 22 52 45 7
51 66 16 52 34 55 50
27 73 8 0 35 17 39
37 42 58 33 9 44 35
41 65 63 13 44 76 24
32 20 26 53 23 70 44
27 73 8 44 38 69 70
34 72 67 31 56 22 47
23 51 7 46 74 27 30
17 63 42 74 46 66 29
51 66 16 28 53 18 13
11 72 1 50 38 52 61
62 65 25 45 58 44 20
57 65 51 41 65 63 12
47 2 63 69 25 74 25
25 77 62 24 22 45 57
72 39 3 40 46 28 25
35 31 65 11 72 1 76
8 15 3 29 26 54 52
4 17 22 71 75 17 58
34 72 67 70 23 43 54
50 38 52 77 60 40 25
70 23 43 29 26 54 11
48 73 71 20 55 66 18
75 25 10 52 34 55 45
5 68 31 53 23 70 59
8 15 3 49 35 44 45
5 68 31 41 65 63 32
75 25 10 14 9 41 34
61 30 66 62 65 25 53
25 77 62 18 41 8 64
49 35 44 67 7 42 28
73 23 0 78 73 61 78
16 67 49 22 52 45 15
31 56 22 22 52 45 23
51 66 16 67 7 42 64
72 39 3 48 73 71 76
59 47 3 14 9 41 53
33 9 44 5 68 31 60
4 17 22 51 66 16 49
15 14 55 70 23 43 15
4 17 22 35 31 65 45
51 66 16 72 39 3 29
26 4 12 71 75 17 71
4 17 22 41 65 63 63
19 57 40 63 15 52 43
66 44 35 42 62 9 31
15 14 55 42 62 9 66
19 57 40 21 59 48 8
64 42 59 5 68 31 38
53 23 70 51 66 16 69
52 34 55 3 58 40 28
16 67 49 20 55 66 20
14 9 41 47 2 63 23
9 52 50 17 63 42 13
66 44 35 63 15 52 33
7 22 35 64 42 59 31
24 22 45 49 35 44 13
61 30 66 59 47 3 65
72 39 3 43 43 74 71
30 15 30 47 2 63 35
49 35 44 64 42 59 16
48 73 71 23 51 7 67
25 77 62 47 2 63 75
44 38 69 62 65 25 51
14 9 41 43 43 74 47
70 23 43 50 38 52 17
20 55 66 51 66 16 51
58 69 65 26 4 12 83
75 25 10 67 7 42 36
62 65 25 21 59 48 23
16 67 49 26 4 12 73
13 44 76 58 69 65 27
37 42 58 22 52 45 16
58 69 65 46 74 27 38
53 23 70 76 67 73 44
7 22 35 34 72 67 59
58 69 65 77 60 40 26
32 20 26 33 9 44 21
19 57 40 73 23 0 52
78 73 61 75 25 10 70
68 43 30 66 44 35 5
8 15 3 2 70 54 75
54 72 61 41 65 63 7
61 30 66 12 42 38 30
40 46 28 6 62 63 38
68 43 30 77 60 40 19
66 44 35 48 73 71 46
40 46 28 26 4 12 44
5 68 31 8 15 3 59
39 69 15 53 23 70 71
36 43 27 27 73 8 35
63 15 52 29 26 54 11
39 69 15 70 23 43 53
71 75 17 46 74 27 10
5 68 31 10 57 78 48
66 44 35 64 42 59 24
67 7 42 37 42 58 38
36 43 27 64 42 59 32
57 65 51 50 38 52 27
15 14 55 27 73 8 75
68 43 30 45 58 44 20
12 42 38 43 43 74 36
29 26 54 67 7 42 22
2 70 54 22 52 45 20
26 4 12 12 42 38 46
63 15 52 60 39 6 51
61 30 66 58 69 65 39
26 4 12 38 12 35 24
76 67 73 7 22 35 58
22 52 45 50 38 52 15
52 34 55 19 57 40 27
13 44 76 42 62 9 69
21 59 48 42 62 9 39
29 26 54 40 46 28 32
6 62 63 49 35 44 33
2 70 54 26 4 12 78
47 2 63 38 12 35 29
25 77 62 8 15 3 85
28 53 18 42 62 9 12
46 74 27 18 41 8 38
17 63 42 78 73 61 21
74 46 66 15 14 55 33
58 69 65 73 23 0 79
73 23 0 7 22 35 35
34 72 67 45 58 44 26
24 22 45 21 59 48 37
39 69 15 74 46 66 55
63 15 52 67 7 42 12
23 51 7 33 9 44 55
73 23 0 71 75 17 54
10 57 78 17 63 42 36
75 25 10 32 20 26 16
60 39 6 54 72 61 64
42 62 9 40 46 28 24
78 73 61 0 35 17 58
8 15 3 65 12 20 17
23 51 7 30 15 30 42
31 56 22 33 9 44 51
4 17 22 15 14 55 33
25 77 62 77 60 40 27
40 46 28 64 42 59 31
24 22 45 51 66 16 52
26 4 12 70 23 43 36
22 52 45 19 57 40 7
54 72 61 26 4 12 83
28 53 18 53 23 70 60
27 73 8 78 73 61 53
48 73 71 31 56 22 51
5 68 31 44 38 69 48
40 46 28 47 2 63 56
4 17 22 36 43 27 26
10 57 78 6 62 63 15
36 43 27 62 65 25 22
44 38 69 28 53 18 53
41 65 63 52 34 55 32
16 67 49 32 20 26 52
3 58 40 11 72 1 41
63 15 52 5 68 31 57
54 72 61 2 70 54 7
1 5 47 37 42 58 38
3 58 40 28 53 18 22
29 26 54 62 65 25 48
75 25 10 2 70 54 62
50 38 52 14 9 41 31
28 53 18 54 72 61 47
63 15 52 75 25 10 43
63 15 52 37 42 58 27
18 41 8 27 73 8 32
51 66 16 74 46 66 53
24 22 45 36 43 27 27
17 63 42 60 39 6 43
0 35 17 43 43 74 57
39 69 15 44 38 69 62
4 17 22 26 4 12 16
3 58 40 75 25 10 44
59 47 3 71 75 17 31
78 73 61 13 44 76 32
29 26 54 30 15 30 26
36 43 27 13 44 76 49
16 67 49 27 73 8 41
44 38 69 68 43 30 39
48 73 71 8 15 3 89
42 62 9 78 73 61 53
39 69 15 19 57 40 27
9 52 50 68 43 30 21
73 23 0 60 39 6 17
50 38 52 39 69 15 48
7 22 35 35 31 65 31
55 26 22 22 52 45 34
75 25 10 17 63 42 49
15 14 55 20 55 66 42
68 43 30 31 56 22 15
77 60 40 15 14 55 48
71 75 17 55 26 22 49
51 66 16 64 42 59 49
25 77 62 62 65 25 38
23 51 7 11 72 1 21
20 55 66 27 73 8 60
28 53 18 33 9 44 51
62 65 25 72 39 3 34
8 15 3 52 34 55 55
1 5 47 19 57 40 52
68 43 30 37 42 58 28
36 43 27 26 4 12 41
57 65 51 52 34 55 31
24 22 45 14 9 41 13
5 68 31 15 14 55 59
15 14 55 43 43 74 34
72 39 3 46 74 27 42
47 2 63 1 5 47 16
6 62 63 21 59 48 15
20 55 66 1 5 47 53
38 12 35 23 51 7 48
5 68 31 50 38 52 36
4 17 22 77 60 40 46
12 42 38 71 75 17 39
38 12 35 60 39 6 39
56 40 52 11 72 1 60
33 9 44 24 22 45 13
39 69 15 51 66 16 3
43 43 74 60 39 6 68
51 66 16 10 57 78 62
72 39 3 47 2 63 70
48 73 71 56 40 52 38
18 41 8 26 4 12 37
49 35 44 30 15 30 24
42 62 9 0 35 17 28
78 73 61 61 30 66 43
52 34 55 34 72 67 39
66 44 35 52 34 55 22
49 35 44 42 62 9 44
17 63 42 57 65 51 9
34 72 67 51 66 16 51
57 65 51 45 58 44 9
68 43 30 62 65 25 22
17 63 42 27 73 8 35
42 62 9 11 72 1 12
62 65 25 42 62 9 16
22 52 45 39 69 15 34
14 9 41 1 5 47 7
42 62 9 53 23 70 72
4 17 22 33 9 44 23
29 26 54 34 72 67 47
63 15 52 35 31 65 20
42 62 9 14 9 41 61
8 15 3 35 31 65 64
54 72 61 23 51 7 57
21 59 48 18 41 8 43
16 67 49 37 42 58 26
63 15 52 45 58 44 43
66 44 35 72 39 3 32
17 63 42 15 14 55 50
53 23 70 7 22 35 35
33 9 44 78 73 61 66
72 39 3 17 63 42 45
39 69 15 48 73 71 56
61 30 66 63 15 52 20
4 17 22 3 58 40 44
26 4 12 69 25 74 65
7 22 35 20 55 66 45
20 55 66 8 15 3 74
34 72 67 48 73 71 4
62 65 25 2 70 54 29
35 31 65 9 52 50 25
34 72 67 36 43 27 49
30 15 30 38 12 35 5
34 72 67 1 5 47 69
35 31 65 31 56 22 49
52 34 55 46 74 27 48
49 35 44 13 44 76 33
61 30 66 70 23 43 24
23 51 7 63 15 52 57
52 34 55 56 40 52 6
60 39 6 74 46 66 60
49 35 44 38 12 35 24
29 26 54 78 73 61 47
74 46 66 42 62 9 59
11 72 1 72 39 3 33
73 23 0 21 59 48 60
35 31 65 49 35 44 21
78 73 61 57 65 51 12
21 59 48 59 47 3 46
38 12 35 65 12 20 15
65 12 20 49 35 44 33
53 23 70 55 26 22 48
20 55 66 45 58 44 22
2 70 54 30 15 30 60
30 15 30 17 63 42 49
45 58 44 27 73 8 39
52 34 55 48 73 71 42
18 41 8 72 39 3 5
60 39 6 6 62 63 61
47 2 63 27 73 8 89
5 68 31 60 39 6 38
42 62 9 56 40 52 48
43 43 74 71 75 17 65
0 35 17 31 56 22 21
24 22 45 38 12 35 14
6 62 63 23 51 7 57
13 44 76 47 2 63 43
25 77 62 26 4 12 88
38 12 35 3 58 40 46
64 42 59 67 7 42 38
12 42 38 47 2 63 47
62 65 25 50 38 52 38
17 63 42 31 56 22 21
73 23 0 68 43 30 36
44 38 69 57 65 51 32
39 69 15 57 65 51 36
11 72 1 74 46 66 70
51 66 16 8 15 3 52
41 65 63 24 22 45 46
69 25 74 9 52 50 36
46 74 27 32 20 26 54
62 65 25 9 52 50 28
37 42 58 48 73 71 33
27 73 8 54 72 61 53
15 14 55 21 59 48 45
40 46 28 60 39 6 23
54 72 61 68 43 30 42
10 57 78 42 62 9 69
41 65 63 1 5 47 62
24 22 45 22 52 45 30
4 17 22 28 53 18 36
35 31 65 70 23 43 23
27 73 8 46 74 27 19
46 74 27 69 25 74 67
25 77 62 11 72 1 61
31 56 22 29 26 54 43
52 34 55 27 73 8 61
6 62 63 32 20 26 55
5 68 31 55 26 22 42
26 4 12 24 22 45 37
51 66 16 19 57 40 25
14 9 41 12 42 38 33
13 44 76 70 23 43 39
12 42 38 51 66 16 32
50 38 52 63 15 52 23
53 23 70 2 70 54 49
4 17 22 56 40 52 37
66 44 35 70 23 43 22
65 12 20 3 58 40 50
40 46 28 55 26 22 20
25 77 62 28 53 18 50
55 26 22 66 44 35 22
17 63 42 21 59 48 7
6 62 63 42 62 9 54
33 9 44 73 23 0 46
6 62 63 62 65 25 38
43 43 74 16 67 49 34
26 4 12 51 66 16 62
60 39 6 46 74 27 40
46 74 27 35 31 65 57
57 65 51 47 2 63 64
55 26 22 13 44 76 56
62 65 25 73 23 0 48
37 42 58 78 73 61 31
5 68 31 13 44 76 51
69 25 74 53 23 70 4
45 58 44 52 34 55 26
22 52 45 76 67 73 31
22 52 45 13 44 76 32
43 43 74 65 12 20 62
42 62 9 59 47 3 16
34 72 67 10 57 78 18
38 12 35 1 5 47 13
54 72 61 24 22 45 52
70 23 43 75 25 10 33
26 4 12 57 65 51 72
77 60 40 17 63 42 3
76 67 73 6 62 63 11
45 58 44 67 7 42 51
64 42 59 33 9 44 36
26 4 12 60 39 6 35
33 9 44 25 77 62 70
19 57 40 70 23 43 34
63 15 52 72 39 3 54
57 65 51 67 7 42 58
7 22 35 6 62 63 48
64 42 59 48 73 71 33
32 20 26 26 4 12 21
27 73 8 71 75 17 9
74 46 66 36 43 27 39
17 63 42 45 58 44 5
73 23 0 10 57 78 85
20 55 66 35 31 65 24
71 75 17 50 38 52 50
67 7 42 1 5 47 5
37 42 58 56 40 52 6
69 25 74 17 63 42 49
68 43 30 22 52 45 17
30 15 30 50 38 52 31
8 15 3 64 42 59 62
64 42 59 27 73 8 59
54 72 61 72 39 3 66
30 15 30 21 59 48 47
2 70 54 23 51 7 50
48 73 71 6 62 63 13
28 53 18 0 35 17 18
21 59 48 55 26 22 42
5 68 31 26 4 12 66
40 46 28 5 68 31 22
39 69 15 4 17 22 52
52 34 55 9 52 50 18
10 57 78 25 77 62 25
63 15 52 49 35 44 21
29 26 54 72 39 3 52
40 46 28 70 23 43 27
20 55 66 73 23 0 73
6 62 63 18 41 8 58
7 22 35 77 60 40 38
30 15 30 74 46 66 47
65 12 20 21 59 48 54
1 5 47 21 59 48 54
39 69 15 56 40 52 47
73 23 0 36 43 27 33
8 15 3 47 2 63 61
5 68 31 11 72 1 30
57 65 51 60 39 6 51
71 75 17 5 68 31 15
5 68 31 4 17 22 51
74 46 66 71 75 17 56
50 38 52 51 66 16 45
24 22 45 42 62 9 53
52 34 55 32 20 26 32
70 23 43 17 63 42 40
42 62 9 12 42 38 35
2 70 54 76 67 73 19
27 73 8 9 52 50 46
30 15 30 14 9 41 12
47 2 63 9 52 50 51
65 12 20 25 77 62 77
19 57 40 41 65 63 24
63 15 52 44 38 69 28
70 23 43 0 35 17 28
48 73 71 75 25 10 77
53 23 70 30 15 30 40
22 52 45 67 7 42 45
21 59 48 41 65 63 16
37 42 58 46 74 27 44
47 2 63 39 69 15 82
65 12 20 31 56 22 44
74 46 66 40 46 28 38
46 74 27 22 52 45 28
18 41 8 12 42 38 30
2 70 54 57 65 51 5
10 57 78 39 69 15 64
33 9 44 0 35 17 37
50 38 52 21 59 48 21
3 58 40 66 44 35 14
45 58 44 70 23 43 35
44 38 69 76 67 73 29
0 35 17 57 65 51 45
61 30 66 18 41 8 59
1 5 47 33 9 44 5
62 65 25 0 35 17 31
67 7 42 61 30 66 33
51 66 16 58 69 65 49
24 22 45 50 38 52 17
33 9 44 54 72 61 65
56 40 52 64 42 59 7
73 23 0 25 77 62 82
29 26 54 14 9 41 21
52 34 55 6 62 63 29
49 35 44 31 56 22 30
61 30 66 10 57 78 29
78 73 61 31 56 22 42
63 15 52 53 23 70 19
39 69 15 13 44 76 65
38 12 35 53 23 70 36
67 7 42 33 9 44 2
0 35 17 14 9 41 35
68 43 30 46 74 27 31
19 57 40 9 52 50 11
17 63 42 67 7 42 56
75 25 10 29 26 54 44
36 43 27 28 53 18 13
56 40 52 16 67 49 27
8 15 3 39 69 15 55
41 65 63 32 20 26 58
35 31 65 54 72 61 41
74 46 66 37 42 58 8
69 25 74 60 39 6 69
44 38 69 11 72 1 76
24 22 45 15 14 55 12
57 65 51 65 12 20 61
60 39 6 75 25 10 14
39 69 15 43 43 74 64
66 44 35 15 14 55 36
50 38 52 29 26 54 12
14 9 41 27 73 8 72
19 57 40 28 53 18 22
59 47 3 18 41 8 7
73 23 0 3 58 40 53
12 42 38 45 58 44 17
9 52 50 13 44 76 27
77 60 40 63 15 52 46
25 77 62 22 52 45 30
9 52 50 42 62 9 42
6 62 63 38 12 35 57
11 72 1 67 7 42 76
4 17 22 49 35 44 28
20 55 66 30 15 30 53
43 43 74 19 57 40 36
47 2 63 6 62 63 60
20 55 66 36 43 27 40
27 73 8 26 4 12 69
27 73 8 53 23 70 79
10 57 78 56 40 52 31
17 63 42 25 77 62 24
31 56 22 43 43 74 53
12 42 38 68 43 30 8
37 42 58 47 2 63 40
25 77 62 48 73 71 9
26 4 12 19 57 40 59
66 44 35 36 43 27 8
64 42 59 65 12 20 49
32 20 26 29 26 54 28
53 23 70 59 47 3 71
6 62 63 24 22 45 43
48 73 71 41 65 63 11
43 43 74 64 42 59 15
36 43 27 63 15 52 37
16 67 49 3 58 40 12
33 9 44 29 26 54 19
43 43 74 5 68 31 49
39 69 15 54 72 61 46
65 12 20 51 66 16 54
0 35 17 50 38 52 35
21 59 48 12 42 38 19
15 14 55 36 43 27 40
34 72 67 30 15 30 67
54 72 61 55 26 22 60
67 7 42 50 38 52 32
10 57 78 32 20 26 63
10 57 78 44 38 69 21
20 55 66 4 17 22 58
14 9 41 66 44 35 35
52 34 55 42 62 9 53
47 2 63 0 35 17 56
37 42 58 19 57 40 23
35 31 65 21 59 48 32
70 23 43 71 75 17 58
19 57 40 62 65 25 17
1 5 47 52 34 55 30
15 14 55 72 39 3 57
11 72 1 43 43 74 78
65 12 20 29 26 54 36
67 7 42 65 12 20 22
25 77 62 74 46 66 31
1 5 47 43 43 74 46
66 44 35 65 12 20 35
34 72 67 9 52 50 26
54 72 61 64 42 59 30
75 25 10 61 30 66 56
69 25 74 32 20 26 48
31 56 22 26 4 12 52
77 60 40 35 31 65 38
12 42 38 30 15 30 28
4 17 22 53 23 70 48
52 34 55 59 47 3 53
33 9 44 51 66 16 63
53 23 70 57 65 51 46
61 30 66 65 12 20 49
47 2 63 2 70 54 68
58 69 65 68 43 30 43
38 12 35 15 14 55 20
2 70 54 71 75 17 37
69 25 74 0 35 17 57
74 46 66 50 38 52 16
45 58 44 22 52 45 6
38 12 35 29 26 54 23
59 47 3 32 20 26 35
43 43 74 77 60 40 38
40 46 28 54 72 61 42
18 41 8 13 44 76 68
35 31 65 18 41 8 57
3 58 40 57 65 51 13
2 70 54 15 14 55 56
24 22 45 78 73 61 53
13 44 76 40 46 28 48
45 58 44 59 47 3 42
50 38 52 45 58 44 21
13 44 76 67 7 42 50
48 73 71 11 72 1 70
49 35 44 50 38 52 8
66 44 35 57 65 51 26
28 53 18 35 31 65 51
12 42 38 39 69 15 35
76 67 73 11 72 1 72
45 58 44 48 73 71 30
47 2 63 46 74 27 80
9 52 50 5 68 31 24
56 40 52 43 43 74 22
13 44 76 59 47 3 73
0 35 17 6 62 63 53
20 55 66 57 65 51 18
34 72 67 24 22 45 54
63 15 52 64 42 59 27
47 2 63 53 23 70 22
4 17 22 6 62 63 60
0 35 17 21 59 48 39
55 26 22 63 15 52 31
9 52 50 74 46 66 17
44 38 69 38 12 35 42
73 23 0 30 15 30 31
69 25 74 51 66 16 71
26 4 12 77 60 40 62
31 56 22 57 65 51 30
33 9 44 34 72 67 67
46 74 27 53 23 70 66
8 15 3 78 73 61 82
50 38 52 54 72 61 35
18 41 8 78 73 61 61
65 12 20 7 22 35 18
47 2 63 17 63 42 64
70 23 43 56 40 52 19
14 9 41 74 46 66 44
46 74 27 33 9 44 67
40 46 28 73 23 0 36
56 40 52 8 15 3 55
19 57 40 64 42 59 24
56 40 52 23 51 7 46
68 43 30 42 62 9 28
32 20 26 31 56 22 36
14 9 41 57 65 51 56
23 51 7 51 66 16 17
34 72 67 41 65 63 8
64 42 59 28 53 18 42
21 59 48 52 34 55 25
2 70 54 43 43 74 33
69 25 74 52 34 55 21
16 67 49 13 44 76 35
12 42 38 49 35 44 9
51 66 16 55 26 22 40
30 15 30 26 4 12 21
30 15 30 61 30 66 39
3 58 40 74 46 66 28
12 42 38 54 72 61 37
24 22 45 46 74 27 55
62 65 25 31 56 22 9
28 53 18 74 46 66 48
56 40 52 55 26 22 33
21 59 48 56 40 52 19
34 72 67 3 58 40 30
39 69 15 28 53 18 16
70 23 43 2 70 54 48
48 73 71 12 42 38 45
20 55 66 56 40 52 20
51 66 16 5 68 31 15
24 22 45 5 68 31 48
22 52 45 11 72 1 48
3 58 40 17 63 42 5
45 58 44 18 41 8 39
14 9 41 38 12 35 6
22 52 45 60 39 6 41
23 51 7 19 57 40 33
31 56 22 36 43 27 13
56 40 52 26 4 12 53
57 65 51 62 65 25 26
71 75 17 10 57 78 63
61 30 66 17 63 42 40
73 23 0 48 73 71 86
15 14 55 22 52 45 39
78 73 61 45 58 44 22
63 15 52 71 75 17 69
6 62 63 53 23 70 39
34 72 67 25 77 62 7
55 26 22 77 60 40 38
2 70 54 18 41 8 54
17 63 42 40 46 28 22
44 38 69 51 66 16 59
37 42 58 45 58 44 21
66 44 35 32 20 26 25
19 57 40 71 75 17 29
60 39 6 41 65 63 62
72 39 3 25 77 62 70
59 47 3 49 35 44 42
37 42 58 66 44 35 23
60 39 6 51 66 16 28
5 68 31 28 53 18 19
36 43 27 44 38 69 42
56 40 52 19 57 40 20
42 62 9 1 5 47 68
37 42 58 17 63 42 26
10 57 78 8 15 3 85
57 65 51 29 26 54 39
39 69 15 64 42 59 51
76 67 73 5 68 31 42
72 39 3 34 72 67 72
78 73 61 26 4 12 84
71 75 17 53 23 70 74
6 62 63 37 42 58 20
28 53 18 69 25 74 62
0 35 17 30 15 30 23
43 43 74 59 47 3 71
38 12 35 16 67 49 56
7 22 35 50 38 52 23
32 20 26 19 57 40 39
49 35 44 26 4 12 44
39 69 15 76 67 73 58
62 65 25 67 7 42 60
1 5 47 7 22 35 20
67 7 42 69 25 74 36
76 67 73 1 5 47 67
22 52 45 43 43 74 30
50 38 52 19 57 40 22
68 43 30 47 2 63 52
59 47 3 27 73 8 26
78 73 61 46 74 27 34
0 35 17 22 52 45 32
47 2 63 44 38 69 36
48 73 71 33 9 44 69
66 44 35 61 30 66 34
42 62 9 75 25 10 37
14 9 41 40 46 28 39
59 47 3 75 25 10 23
54 72 61 61 30 66 42
63 15 52 25 77 62 62
58 69 65 41 65 63 4
56 40 52 0 35 17 35
51 66 16 37 42 58 48
24 22 45 12 42 38 21
77 60 40 47 2 63 62
74 46 66 27 73 8 63
71 75 17 23 51 7 26
44 38 69 26 4 12 66
19 57 40 34 72 67 30
45 58 44 0 35 17 35
62 65 25 59 47 3 28
75 25 10 23 51 7 26
11 72 1 12 42 38 47
68 43 30 11 72 1 41
69 25 74 50 38 52 25
46 74 27 16 67 49 23
24 22 45 71 75 17 59
74 46 66 78 73 61 27
77 60 40 28 53 18 23
4 17 22 42 62 9 46
35 31 65 42 62 9 64
12 42 38 33 9 44 33
14 9 41 65 12 20 21
64 42 59 23 51 7 52
35 31 65 40 46 28 39
29 26 54 9 52 50 26
47 2 63 3 58 40 60
14 9 41 17 63 42 54
4 17 22 57 65 51 56
73 23 0 53 23 70 70
18 41 8 38 12 35 39
11 72 1 66 44 35 44
31 56 22 25 77 62 45
76 67 73 29 26 54 45
14 9 41 46 74 27 66
23 51 7 26 4 12 47
43 43 74 45 58 44 33
68 43 30 43 43 74 44
64 42 59 26 4 12 60
41 65 63 44 38 69 27
67 7 42 30 15 30 14
54 72 61 52 34 55 38
8 15 3 28 53 18 40
21 59 48 33 9 44 50
78 73 61 22 52 45 26
61 30 66 25 77 62 47
71 75 17 35 31 65 65
23 51 7 0 35 17 18
2 70 54 33 9 44 61
34 72 67 13 44 76 29
58 69 65 7 22 35 55
66 44 35 34 72 67 42
53 23 70 11 72 1 84
8 15 3 70 23 43 40
41 65 63 59 47 3 62
35 31 65 76 67 73 36
63 15 52 18 41 8 51
15 14 55 73 23 0 55
53 23 70 67 7 42 32
44 38 69 8 15 3 69
71 75 17 16 67 49 32
0 35 17 52 34 55 38
44 38 69 29 26 54 19
10 57 78 13 44 76 13
41 65 63 22 52 45 22
61 30 66 44 38 69 8
67 7 42 15 14 55 14
33 9 44 30 15 30 15
23 51 7 57 65 51 46
3 58 40 37 42 58 24
70 23 43 11 72 1 64
47 2 63 50 38 52 37
66 44 35 35 31 65 32
44 38 69 15 14 55 27
25 77 62 6 62 63 15
59 47 3 51 66 16 23
0 35 17 58 69 65 58
48 73 71 28 53 18 56
29 26 54 2 70 54 44
42 62 9 18 41 8 21
30 15 30 6 62 63 57
76 67 73 66 44 35 44
52 34 55 24 22 45 15
35 31 65 34 72 67 41
43 43 74 41 65 63 24
35 31 65 37 42 58 13
52 34 55 16 67 49 33
38 12 35 25 77 62 70
69 25 74 25 77 62 53
48 73 71 54 72 61 10
31 56 22 76 67 73 52
76 67 73 36 43 27 51
22 52 45 12 42 38 12
4 17 22 40 46 28 29
61 30 66 4 17 22 45
50 38 52 26 4 12 52
58 69 65 57 65 51 14
73 23 0 2 70 54 71
77 60 40 78 73 61 24
1 5 47 29 26 54 22
1 5 47 62 65 25 63
71 75 17 54 72 61 44
16 67 49 47 2 63 66
0 35 17 49 35 44 27
13 44 76 0 35 17 59
77 60 40 76 67 73 33
10 57 78 72 39 3 77
55 26 22 52 34 55 33
12 42 38 27 73 8 43
31 56 22 4 17 22 39
46 74 27 55 26 22 48
51 66 16 1 5 47 68
64 42 59 44 38 69 10
73 23 0 6 62 63 74
15 14 55 12 42 38 32
57 65 51 32 20 26 51
9 52 50 33 9 44 43
54 72 61 56 40 52 33
11 72 1 36 43 27 38
75 25 10 69 25 74 64
75 25 10 55 26 22 12
77 60 40 46 74 27 19
22 52 45 47 2 63 53
7 22 35 26 4 12 29
15 14 55 11 72 1 79
48 73 71 67 7 42 72
73 23 0 1 5 47 50
78 73 61 60 39 6 64
22 52 45 26 4 12 58
2 70 54 41 65 63 10
43 43 74 69 25 74 18
21 59 48 4 17 22 49
38 12 35 8 15 3 32
15 14 55 52 34 55 20
52 34 55 43 43 74 21
15 14 55 0 35 17 43
7 22 35 74 46 66 39
61 30 66 34 72 67 42
27 73 8 29 26 54 65
59 47 3 64 42 59 56
49 35 44 28 53 18 31
13 44 76 4 17 22 60
2 70 54 77 60 40 17
42 62 9 23 51 7 11
54 72 61 69 25 74 48
61 30 66 29 26 54 12
49 35 44 62 65 25 35
71 75 17 69 25 74 75
24 22 45 7 22 35 10
36 43 27 53 23 70 47
52 34 55 26 4 12 52
65 12 20 42 62 9 51
70 23 43 5 68 31 46
16 67 49 78 73 61 13
41 65 63 37 42 58 23
28 53 18 2 70 54 39
48 73 71 13 44 76 29
6 62 63 26 4 12 77
28 53 18 29 26 54 45
44 38 69 20 55 66 17
52 34 55 30 15 30 31
76 67 73 20 55 66 13
2 70 54 58 69 65 11
9 52 50 18 41 8 43
7 22 35 27 73 8 57
60 39 6 37 42 58 52
47 2 63 61 30 66 28
25 77 62 1 5 47 73
50 38 52 73 23 0 54
53 23 70 0 35 17 54
71 75 17 29 26 54 61
21 59 48 38 12 35 48
72 39 3 76 67 73 75
64 42 59 11 72 1 65
9 52 50 3 58 40 11
7 22 35 56 40 52 24
75 25 10 65 12 20 16
42 62 9 39 69 15 9
61 30 66 38 12 35 35
36 43 27 5 68 31 25
7 22 35 45 58 44 37
38 12 35 32 20 26 12
74 46 66 68 43 30 36
33 9 44 15 14 55 12
58 69 65 34 72 67 3
9 52 50 12 42 38 15
62 65 25 22 52 45 23
39 69 15 7 22 35 51
41 65 63 68 43 30 39
22 52 45 69 25 74 39
77 60 40 10 57 78 38
58 69 65 37 42 58 27
17 63 42 53 23 70 48
49 35 44 51 66 16 41
42 62 9 3 58 40 31
64 42 59 41 65 63 23
32 20 26 1 5 47 25
6 62 63 34 72 67 10
70 23 43 62 65 25 45
66 44 35 12 42 38 3
45 58 44 23 51 7 37
24 22 45 10 57 78 48
35 31 65 32 20 26 40
42 62 9 37 42 58 52
30 15 30 57 65 51 54
74 46 66 13 44 76 10
24 22 45 4 17 22 23
7 22 35 38 12 35 10
49 35 44 46 74 27 42
35 31 65 62 65 25 52
13 44 76 21 59 48 31
1 5 47 40 46 28 45
76 67 73 4 17 22 71
52 34 55 72 39 3 52
74 46 66 69 25 74 22
1 5 47 49 35 44 30
9 52 50 32 20 26 40
12 42 38 19 57 40 15
21 59 48 10 57 78 30
9 52 50 1 5 47 47
25 77 62 67 7 42 72
17 63 42 55 26 22 42
68 43 30 76 67 73 49
8 15 3 68 43 30 38
36 43 27 10 57 78 52
64 42 59 72 39 3 56
27 73 8 2 70 54 46
62 65 25 39 69 15 10
4 17 22 30 15 30 8
9 52 50 57 65 51 13
57 65 51 54 72 61 12
67 7 42 60 39 6 48
5 68 31 48 73 71 40
23 51 7 13 44 76 69
57 65 51 56 40 52 25
76 67 73 52 34 55 37
70 23 43 44 38 69 30
1 5 47 30 15 30 19
20 55 66 0 35 17 52
63 15 52 10 57 78 49
25 77 62 37 42 58 35
41 65 63 40 46 28 39
34 72 67 47 2 63 70
70 23 43 7 22 35 8
50 38 52 42 62 9 49
58 69 65 56 40 52 31
30 15 30 76 67 73 67
14 9 41 15 14 55 14
9 52 50 28 53 18 32
12 42 38 16 67 49 27
71 75 17 42 62 9 15
51 66 16 17 63 42 26
64 42 59 25 77 62 35
7 22 35 63 15 52 18
18 41 8 49 35 44 36
60 39 6 65 12 20 30
33 9 44 71 75 17 71
78 73 61 11 72 1 60
12 42 38 2 70 54 32
56 40 52 76 67 73 34
68 43 30 15 14 55 38
49 35 44 60 39 6 38
74 46 66 10 57 78 16
74 46 66 64 42 59 8
26 4 12 61 30 66 59
78 73 61 55 26 22 61
31 56 22 40 46 28 11
39 69 15 11 72 1 14
44 38 69 16 67 49 35
75 25 10 27 73 8 48
12 42 38 65 12 20 34
24 22 45 45 58 44 36
8 15 3 7 22 35 32
61 30 66 50 38 52 16
61 30 66 42 62 9 65
45 58 44 77 60 40 4
36 43 27 71 75 17 33
60 39 6 62 65 25 32
78 73 61 59 47 3 63
71 75 17 77 60 40 27
33 9 44 58 69 65 63
0 35 17 71 75 17 40
0 35 17 72 39 3 14
32 20 26 18 41 8 27
23 51 7 62 65 25 22
3 58 40 72 39 3 41
24 22 45 62 65 25 47
24 22 45 48 73 71 57
46 74 27 41 65 63 37
72 39 3 32 20 26 29
50 38 52 48 73 71 39
45 58 44 19 57 40 4
27 73 8 25 77 62 54
0 35 17 64 42 59 42
60 39 6 7 22 35 33
67 7 42 14 9 41 2
30 15 30 45 58 44 45
6 62 63 11 72 1 62
23 51 7 16 67 49 44
61 30 66 13 44 76 17
61 30 66 7 22 35 32
44 38 69 30 15 30 45
19 57 40 68 43 30 17
33 9 44 53 23 70 29
1 5 47 69 25 74 33
31 56 22 41 65 63 41
64 42 59 12 42 38 21
72 39 3 67 7 42 50
72 39 3 4 17 22 29
29 26 54 56 40 52 14
16 67 49 76 67 73 24
58 69 65 12 42 38 38
1 5 47 5 68 31 65
52 34 55 35 31 65 10
53 23 70 3 58 40 46
25 77 62 2 70 54 10
43 43 74 29 26 54 26
3 58 40 49 35 44 23
13 44 76 72 39 3 73
14 9 41 49 35 44 26
23 51 7 74 46 66 59
65 12 20 68 43 30 32
42 62 9 33 9 44 63
71 75 17 58 69 65 48
72 39 3 65 12 20 31
31 56 22 6 62 63 41
55 26 22 33 9 44 27
11 72 1 2 70 54 53
6 62 63 67 7 42 58
15 14 55 65 12 20 35
25 77 62 76 67 73 14
49 35 44 75 25 10 35
24 22 45 30 15 30 16
56 40 52 67 7 42 34
48 73 71 40 46 28 50
38 12 35 34 72 67 68
31 56 22 66 44 35 17
8 15 3 0 35 17 24
17 63 42 56 40 52 25
45 58 44 64 42 59 21
53 23 70 15 14 55 17
47 2 63 60 39 6 67
68 43 30 27 73 8 37
71 75 17 39 69 15 6
20 55 66 72 39 3 65
14 9 41 3 58 40 49
59 47 3 31 56 22 21
54 72 61 5 68 31 30
21 59 48 11 72 1 48
65 12 20 30 15 30 10
22 52 45 9 52 50 5
35 31 65 60 39 6 59
46 74 27 1 5 47 71
67 7 42 31 56 22 52
2 70 54 52 34 55 36
29 26 54 17 63 42 38
14 9 41 33 9 44 3
21 59 48 27 73 8 42
34 72 67 27 73 8 59
58 69 65 44 38 69 31
42 62 9 2 70 54 45
10 57 78 16 67 49 30
15 14 55 39 69 15 68
68 43 30 59 47 3 27
59 47 3 26 4 12 43
70 23 43 36 43 27 25
18 41 8 69 25 74 67
52 34 55 4 17 22 37
72 39 3 16 67 49 53
5 68 31 19 57 40 14
56 40 52 5 68 31 35
13 44 76 12 42 38 38
39 69 15 73 23 0 48
74 46 66 48 73 71 27
17 63 42 38 12 35 51
66 44 35 21 59 48 19
31 56 22 8 15 3 45
43 43 74 17 63 42 37
60 39 6 45 58 44 42
66 44 35 39 69 15 32
67 7 42 0 35 17 37
57 65 51 71 75 17 35
75 25 10 47 2 63 57
34 72 67 23 51 7 63
69 25 74 49 35 44 31
65 12 20 52 34 55 41
25 77 62 57 65 51 16
16 67 49 66 44 35 26
50 38 52 33 9 44 30
47 2 63 21 59 48 58
46 74 27 34 72 67 40
61 30 66 40 46 28 41
45 58 44 51 66 16 29
46 74 27 45 58 44 23
69 25 74 42 62 9 74
74 46 66 44 38 69 8
77 60 40 53 23 70 47
51 66 16 57 65 51 35
27 73 8 32 20 26 55
0 35 17 76 67 73 64
1 5 47 16 67 49 62
25 77 62 60 39 6 67
25 77 62 3 58 40 29
20 55 66 50 38 52 22
23 51 7 73 23 0 28
48 73 71 36 43 27 53
7 22 35 54 72 61 56
72 39 3 28 53 18 20
15 14 55 37 42 58 28
20 55 66 6 62 63 7
60 39 6 33 9 44 48
43 43 74 7 22 35 44
14 9 41 77 60 40 51
75 25 10 25 77 62 73
65 12 20 11 72 1 62
61 30 66 73 23 0 66
0 35 17 7 22 35 22
9 52 50 26 4 12 61
0 35 17 60 39 6 11
26 4 12 43 43 74 73
7 22 35 55 26 22 13
54 72 61 31 56 22 42
51 66 16 15 14 55 65
39 69 15 40 46 28 26
63 15 52 48 73 71 61
43 43 74 28 53 18 56
36 43 27 69 25 74 50
52 34 55 74 46 66 16
19 57 40 6 62 63 23
38 12 35 58 69 65 64
46 74 27 63 15 52 64
48 73 71 71 75 17 54
6 62 63 35 31 65 31
37 42 58 2 70 54 28
75 25 10 19 57 40 43
23 51 7 8 15 3 36
9 52 50 78 73 61 23
28 53 18 47 2 63 68
48 73 71 32 20 26 69
78 73 61 10 57 78 23
21 59 48 48 73 71 26
60 39 6 14 9 41 46
2 70 54 36 43 27 38
9 52 50 21 59 48 7
7 22 35 48 73 71 62
72 39 3 73 23 0 16
7 22 35 4 17 22 13
57 65 51 22 52 45 14
23 51 7 37 42 58 51
32 20 26 71 75 17 55
24 22 45 56 40 52 19
36 43 27 60 39 6 21
72 39 3 56 40 52 49
28 53 18 68 43 30 15
13 44 76 11 72 1 80
70 23 43 28 53 18 39
49 35 44 72 39 3 41
32 20 26 70 23 43 17
0 35 17 2 70 54 50
77 60 40 23 51 7 34
40 46 28 7 22 35 25
71 75 17 49 35 44 48
49 35 44 45 58 44 23
78 73 61 2 70 54 7
77 60 40 31 56 22 18
15 14 55 40 46 28 41
73 23 0 9 52 50 57
5 68 31 22 52 45 21
14 9 41 22 52 45 43
57 65 51 59 47 3 51
4 17 22 78 73 61 68
72 39 3 71 75 17 38
65 12 20 69 25 74 55
43 43 74 30 15 30 52
32 20 26 7 22 35 9
68 43 30 64 42 59 29
48 73 71 43 43 74 30
42 62 9 45 58 44 35
57 65 51 69 25 74 46
61 30 66 57 65 51 38
57 65 51 64 42 59 24
17 63 42 28 53 18 26
45 58 44 14 9 41 49
20 55 66 38 12 35 53
61 30 66 14 9 41 32
36 43 27 41 65 63 42
58 69 65 52 34 55 36
44 38 69 34 72 67 34
24 22 45 19 57 40 35
29 26 54 10 57 78 39
57 65 51 1 5 47 60
66 44 35 38 12 35 32
56 40 52 15 14 55 26
68 43 30 5 68 31 25
3 58 40 56 40 52 21
36 43 27 0 35 17 12
32 20 26 36 43 27 23
61 30 66 49 35 44 22
33 9 44 20 55 66 50
4 17 22 14 9 41 20
20 55 66 75 25 10 63
9 52 50 4 17 22 44
63 15 52 57 65 51 50
56 40 52 27 73 8 55
33 9 44 6 62 63 56
1 5 47 60 39 6 53
44 38 69 22 52 45 27
8 15 3 40 46 28 39
66 44 35 41 65 63 35
32 20 26 55 26 22 7
50 38 52 8 15 3 54
39 69 15 5 68 31 16
25 77 62 66 44 35 42
30 15 30 32 20 26 6
39 69 15 77 60 40 26
3 58 40 13 44 76 38
41 65 63 7 22 35 51
52 34 55 68 43 30 26
26 4 12 21 59 48 65
36 43 27 29 26 54 31
20 55 66 40 46 28 39
14 9 41 64 42 59 37
57 65 51 16 67 49 2
36 43 27 22 52 45 20
72 39 3 2 70 54 59
18 41 8 8 15 3 26
38 12 35 51 66 16 57
11 72 1 51 66 16 16
43 43 74 66 44 35 39
71 75 17 30 15 30 61
62 65 25 3 58 40 16
10 57 78 37 42 58 25
66 44 35 71 75 17 35
70 23 43 18 41 8 39
45 58 44 58 69 65 23
32 20 26 60 39 6 27
49 35 44 70 23 43 12
23 51 7 3 58 40 33
33 9 44 70 23 43 14
49 35 44 17 63 42 28
19 57 40 44 38 69 34
14 9 41 62 65 25 58
1 5 47 74 46 66 45
61 30 66 35 31 65 1
36 43 27 51 66 16 25
58 69 65 22 52 45 26
46 74 27 25 77 62 35
41 65 63 17 63 42 21
28 53 18 60 39 6 18
66 44 35 7 22 35 22
62 65 25 28 53 18 13
14 9 41 72 39 3 48
8 15 3 46 74 27 63
62 65 25 78 73 61 36
78 73 61 76 67 73 13
64 42 59 42 62 9 53
46 74 27 0 35 17 40
58 69 65 70 23 43 50
3 58 40 50 38 52 23
56 40 52 63 15 52 25
37 42 58 61 30 66 14
73 23 0 42 62 9 40
4 17 22 68 43 30 27
3 58 40 69 25 74 47
47 2 63 5 68 31 73
60 39 6 77 60 40 39
65 12 20 45 58 44 51
55 26 22 10 57 78 64
48 73 71 30 15 30 71
64 42 59 15 14 55 28
0 35 17 48 73 71 66
30 15 30 5 68 31 53
21 59 48 2 70 54 12
41 65 63 27 73 8 55
45 58 44 15 14 55 45
52 34 55 25 77 62 43
41 65 63 50 38 52 29
54 72 61 16 67 49 13
75 25 10 30 15 30 22
76 67 73 50 38 52 35
35 31 65 38 12 35 35
20 55 66 26 4 12 74
49 35 44 55 26 22 23
61 30 66 31 56 22 51
49 35 44 19 57 40 22
8 15 3 45 58 44 59
10 57 78 2 70 54 27
34 72 67 0 35 17 62
19 57 40 72 39 3 41
43 43 74 49 35 44 31
31 56 22 37 42 58 38
69 25 74 66 44 35 43
21 59 48 34 72 67 23
5 68 31 6 62 63 32
53 23 70 78 73 61 50
9 52 50 16 67 49 15
47 2 63 41 65 63 63
32 20 26 39 69 15 50
4 17 22 32 20 26 5
10 57 78 60 39 6 74
57 65 51 40 46 28 29
34 72 67 59 47 3 68
41 65 63 10 57 78 17
24 22 45 77 60 40 38
14 9 41 6 62 63 57
43 43 74 37 42 58 16
4 17 22 25 77 62 72
48 73 71 9 52 50 29
16 67 49 30 15 30 55
46 74 27 3 58 40 20
78 73 61 14 9 41 67
10 57 78 66 44 35 44
6 62 63 71 75 17 47
70 23 43 31 56 22 39
46 74 27 43 43 74 56
56 40 52 62 65 25 36
43 43 74 4 17 22 58
17 63 42 2 70 54 13
43 43 74 25 77 62 36
39 69 15 29 26 54 58
69 25 74 30 15 30 45
31 56 22 21 59 48 26
67 7 42 74 46 66 45
66 44 35 0 35 17 20
25 77 62 51 66 16 47
21 59 48 32 20 26 44
18 41 8 64 42 59 51
60 39 6 68 43 30 24
54 72 61 25 77 62 5
12 42 38 0 35 17 22
74 46 66 8 15 3 70
56 40 52 9 52 50 12
0 35 17 11 72 1 40
65 12 20 0 35 17 23
5 68 31 52 34 55 41
2 70 54 44 38 69 35
3 58 40 8 15 3 56
20 55 66 3 58 40 26
68 43 30 24 22 45 25
73 23 0 69 25 74 74
61 30 66 55 26 22 44
52 34 55 37 42 58 8
35 31 65 72 39 3 62
62 65 25 43 43 74 53
33 9 44 69 25 74 34
73 23 0 38 12 35 36
21 59 48 60 39 6 46
74 46 66 16 67 49 27
16 67 49 41 65 63 14
33 9 44 26 4 12 32
14 9 41 63 15 52 12
66 44 35 51 66 16 29
3 58 40 2 70 54 18
18 41 8 67 7 42 48
50 38 52 28 53 18 37
43 43 74 75 25 10 66
49 35 44 52 34 55 11
62 65 25 69 25 74 63
34 72 67 14 9 41 68
31 56 22 30 15 30 41
22 52 45 64 42 59 17
28 53 18 24 22 45 41
29 26 54 19 57 40 34
27 73 8 4 17 22 57
12 42 38 78 73 61 38
57 65 51 33 9 44 56
46 74 27 70 23 43 53
55 26 22 65 12 20 14
35 31 65 69 25 74 10
2 70 54 50 38 52 32
66 44 35 23 51 7 28
35 31 65 16 67 49 39
30 15 30 37 42 58 38
4 17 22 34 72 67 71
55 26 22 57 65 51 48
38 12 35 62 65 25 53
65 12 20 44 38 69 55
9 52 50 45 58 44 8
25 77 62 50 38 52 40
19 57 40 42 62 9 31
77 60 40 59 47 3 39
4 17 22 64 42 59 44
61 30 66 48 73 71 43
70 23 43 60 39 6 40
62 65 25 30 15 30 50
20 55 66 61 30 66 25
70 23 43 41 65 63 46
76 67 73 75 25 10 75
43 43 74 70 23 43 36
18 41 8 34 72 67 66
52 34 55 78 73 61 39
64 42 59 37 42 58 1
75 25 10 12 42 38 32
54 72 61 15 14 55 58
21 59 48 51 66 16 32
46 74 27 66 44 35 31
57 65 51 12 42 38 26
70 23 43 65 12 20 25
75 25 10 21 59 48 50
32 20 26 49 35 44 23
36 43 27 8 15 3 36
8 15 3 34 72 67 85
74 46 66 75 25 10 59
40 46 28 56 40 52 24
76 67 73 8 15 3 87
77 60 40 19 57 40 3
55 26 22 47 2 63 47
8 15 3 21 59 48 62
64 42 59 20 55 66 14
49 35 44 77 60 40 25
49 35 44 41 65 63 35
37 42 58 77 60 40 25
62 65 25 27 73 8 18
5 68 31 16 67 49 18
53 23 70 45 58 44 43
14 9 41 68 43 30 35
21 59 48 53 23 70 42
27 73 8 30 15 30 62
30 15 30 51 66 16 52
53 23 70 60 39 6 65
0 35 17 73 23 0 20
65 12 20 53 23 70 51
27 73 8 13 44 76 73
70 23 43 47 2 63 29
67 7 42 52 34 55 29
18 41 8 17 63 42 40
51 66 16 42 62 9 8
65 12 20 41 65 63 68
27 73 8 65 12 20 62
14 9 41 9 52 50 43
27 73 8 73 23 0 50
73 23 0 65 12 20 22
19 57 40 61 30 66 37
16 67 49 11 72 1 48
8 15 3 26 4 12 14
54 72 61 65 12 20 72
37 42 58 39 69 15 50
34 72 67 43 43 74 29
9 52 50 66 44 35 17
51 66 16 31 56 22 11
70 23 43 68 43 30 23
52 34 55 63 15 52 19
25 77 62 15 14 55 63
74 46 66 35 31 65 15
29 26 54 45 58 44 33
42 62 9 25 77 62 55
63 15 52 26 4 12 41
62 65 25 17 63 42 17
52 34 55 64 42 59 8
31 56 22 58 69 65 44
26 4 12 66 44 35 46
65 12 20 23 51 7 41
58 69 65 5 68 31 34
52 34 55 33 9 44 27
14 9 41 39 69 15 65
56 40 52 33 9 44 32
43 43 74 51 66 16 62
53 23 70 49 35 44 28
45 58 44 32 20 26 42
46 74 27 51 66 16 13
19 57 40 31 56 22 18
64 42 59 24 22 45 24
0 35 17 38 12 35 29
48 73 71 55 26 22 67
7 22 35 16 67 49 47
25 77 62 70 23 43 57
45 58 44 74 46 66 25
32 20 26 68 43 30 23
9 52 50 59 47 3 47
51 66 16 6 62 63 47
16 67 49 51 66 16 33
49 35 44 33 9 44 26
38 12 35 48 73 71 70
56 40 52 73 23 0 54
19 57 40 27 73 8 35
42 62 9 32 20 26 45
5 68 31 29 26 54 47
3 58 40 77 60 40 2
43 43 74 54 72 61 31
53 23 70 34 72 67 49
7 22 35 3 58 40 36
3 58 40 51 66 16 25
47 2 63 10 57 78 57
40 46 28 2 70 54 35
20 55 66 34 72 67 17
8 15 3 53 23 70 67
38 12 35 13 44 76 52
34 72 67 73 23 0 83
76 67 73 40 46 28 49
48 73 71 15 14 55 61
35 31 65 26 4 12 59
37 42 58 13 44 76 18
18 41 8 55 26 22 20
44 38 69 13 44 76 9
42 62 9 20 55 66 57
14 9 41 52 34 55 28
22 52 45 49 35 44 17
55 26 22 20 55 66 52
72 39 3 33 9 44 50
15 14 55 59 47 3 61
1 5 47 2 70 54 65
30 15 30 42 62 9 51
43 43 74 58 69 65 27
62 65 25 8 15 3 54
46 74 27 19 57 40 21
11 72 1 19 57 40 41
0 35 17 5 68 31 35
53 23 70 10 57 78 34
55 26 22 24 22 45 23
19 57 40 48 73 71 34
10 57 78 11 72 1 78
31 56 22 75 25 10 33
32 20 26 28 53 18 33
68 43 30 51 66 16 26
30 15 30 59 47 3 41
8 15 3 16 67 49 69
12 42 38 55 26 22 22
20 55 66 23 51 7 59
30 15 30 15 14 55 25
55 26 22 60 39 6 20
68 43 30 71 75 17 34
28 53 18 76 67 73 56
13 44 76 77 60 40 39
8 15 3 55 26 22 21
32 20 26 40 46 28 26
63 15 52 16 67 49 52
37 42 58 59 47 3 55
18 41 8 76 67 73 70
66 44 35 58 69 65 39
64 42 59 2 70 54 28
13 44 76 43 43 74 2
23 51 7 70 23 43 45
18 41 8 16 67 49 48
49 35 44 34 72 67 43
76 67 73 71 75 17 56
69 25 74 44 38 69 13
77 60 40 70 23 43 37
28 53 18 66 44 35 19
68 43 30 16 67 49 30
3 58 40 43 43 74 37
41 65 63 25 77 62 12
24 22 45 76 67 73 53
49 35 44 36 43 27 18
16 67 49 70 23 43 44
69 25 74 12 42 38 39
30 15 30 36 43 27 28
43 43 74 33 9 44 45
19 57 40 69 25 74 46
12 42 38 53 23 70 37
46 74 27 2 70 54 27
38 12 35 43 43 74 49
36 43 27 37 42 58 31
70 23 43 6 62 63 43
27 73 8 23 51 7 22
22 52 45 18 41 8 38
53 23 70 35 31 65 9
65 12 20 56 40 52 42
73 23 0 70 23 43 43
67 7 42 16 67 49 60
2 70 54 65 12 20 67
54 72 61 29 26 54 46
32 20 26 63 15 52 26
42 62 9 72 39 3 23
23 51 7 24 22 45 47
61 30 66 53 23 70 8
53 23 70 22 52 45 38
11 72 1 1 5 47 81
12 42 38 32 20 26 25
61 30 66 39 69 15 64
49 35 44 56 40 52 9
1 5 47 53 23 70 29
65 12 20 63 15 52 32
76 67 73 58 69 65 8
59 47 3 4 17 22 35
56 40 52 59 47 3 49
53 23 70 48 73 71 50
49 35 44 29 26 54 13
13 44 76 30 15 30 54
70 23 43 3 58 40 35
16 67 49 53 23 70 48
70 23 43 52 34 55 16
52 34 55 61 30 66 11
61 30 66 21 59 48 34
65 12 20 18 41 8 31
72 39 3 26 4 12 36
50 38 52 53 23 70 23
13 44 76 35 31 65 17
29 26 54 13 44 76 28
7 22 35 13 44 76 46
19 57 40 60 39 6 38
45 58 44 4 17 22 46
68 43 30 25 77 62 46
46 74 27 73 23 0 57
54 72 61 51 66 16 45
55 26 22 72 39 3 23
43 43 74 57 65 51 31
31 56 22 27 73 8 22
24 22 45 73 23 0 45
16 67 49 21 59 48 8
76 67 73 41 65 63 10
73 23 0 51 66 16 45
74 46 66 0 35 17 50
18 41 8 44 38 69 61
5 68 31 3 58 40 13
8 15 3 27 73 8 58
9 52 50 23 51 7 43
63 15 52 28 53 18 50
64 42 59 35 31 65 12
76 67 73 34 72 67 7
54 72 61 74 46 66 26
50 38 52 1 5 47 33
40 46 28 62 65 25 19
76 67 73 10 57 78 11
71 75 17 60 39 6 37
8 15 3 77 60 40 58
64 42 59 47 2 63 40
62 65 25 66 44 35 23
12 42 38 41 65 63 33
9 52 50 41 65 63 18
33 9 44 47 2 63 20
56 40 52 77 60 40 23
34 72 67 77 60 40 29
77 60 40 69 25 74 48
3 58 40 22 52 45 7
52 34 55 17 63 42 31
70 23 43 30 15 30 15
63 15 52 15 14 55 3
18 41 8 37 42 58 50
38 12 35 4 17 22 13
21 59 48 5 68 31 19
22 52 45 7 22 35 31
58 69 65 65 12 20 72
5 68 31 73 23 0 54
18 41 8 14 9 41 45
78 73 61 66 44 35 38
19 57 40 53 23 70 45
47 2 63 63 15 52 17
75 25 10 38 12 35 28
61 30 66 51 66 16 61
3 58 40 0 35 17 32
13 44 76 65 12 20 64
11 72 1 58 69 65 64
44 38 69 56 40 52 17
31 56 22 5 68 31 15
32 20 26 61 30 66 41
60 39 6 20 55 66 62
67 7 42 59 47 3 55
30 15 30 7 22 35 8
18 41 8 75 25 10 16
72 39 3 8 15 3 24
3 58 40 27 73 8 35
6 62 63 65 12 20 65
71 75 17 62 65 25 12
28 53 18 67 7 42 51
11 72 1 28 53 18 25
42 62 9 46 74 27 21
10 57 78 70 23 43 48
54 72 61 6 62 63 10
39 69 15 58 69 65 50
13 44 76 28 53 18 58
63 15 52 42 62 9 63
22 52 45 4 17 22 41
19 57 40 33 9 44 48
59 47 3 70 23 43 46
9 52 50 76 67 73 27
51 66 16 75 25 10 41
64 42 59 9 52 50 13
1 5 47 3 58 40 53
57 65 51 77 60 40 12
20 55 66 62 65 25 42
70 23 43 67 7 42 16
34 72 67 74 46 66 26
39 69 15 36 43 27 28
35 31 65 0 35 17 48
67 7 42 54 72 61 67
69 25 74 38 12 35 41
70 23 43 72 39 3 43
77 60 40 16 67 49 11
20 55 66 18 41 8 59
76 67 73 14 9 41 66
46 74 27 17 63 42 18
77 60 40 1 5 47 55
39 69 15 35 31 65 62
56 40 52 75 25 10 44
9 52 50 7 22 35 33
44 38 69 72 39 3 66
2 70 54 19 57 40 19
74 46 66 66 44 35 31
9 52 50 46 74 27 31
8 15 3 17 63 42 61
11 72 1 71 75 17 16
63 15 52 33 9 44 10
58 69 65 62 65 25 40
35 31 65 30 15 30 38
54 72 61 17 63 42 21
67 7 42 43 43 74 48
56 40 52 13 44 76 24
48 73 71 27 73 8 63
21 59 48 68 43 30 24
68 43 30 33 9 44 36
56 40 52 78 73 61 34
22 52 45 74 46 66 21
22 52 45 63 15 52 37
63 15 52 58 69 65 55
65 12 20 59 47 3 38
69 25 74 5 68 31 60
33 9 44 17 63 42 54
40 46 28 23 51 7 21
2 70 54 69 25 74 49
68 43 30 17 63 42 23
3 58 40 71 75 17 28
9 52 50 70 23 43 29
27 73 8 10 57 78 71
20 55 66 77 60 40 26
62 65 25 34 72 67 42
28 53 18 52 34 55 41
66 44 35 1 5 47 40
74 46 66 46 74 27 48
75 25 10 33 9 44 37
34 72 67 22 52 45 29
45 58 44 35 31 65 34
55 26 22 67 7 42 27
22 52 45 77 60 40 9
6 62 63 44 38 69 24
58 69 65 48 73 71 7
71 75 17 14 9 41 70
3 58 40 60 39 6 38
30 15 30 60 39 6 33
58 69 65 25 77 62 8
31 56 22 63 15 52 50
34 72 67 54 72 61 6
40 46 28 21 59 48 23
64 42 59 73 23 0 61
77 60 40 30 15 30 46
17 63 42 48 73 71 30
5 68 31 74 46 66 41
38 12 35 33 9 44 9
26 4 12 55 26 22 24
5 68 31 75 25 10 47
40 46 28 24 22 45 29
31 56 22 1 5 47 56
57 65 51 21 59 48 6
66 44 35 50 38 52 18
60 39 6 42 62 9 23
11 72 1 60 39 6 33
77 60 40 67 7 42 53
69 25 74 55 26 22 52
18 41 8 15 14 55 54
32 20 26 13 44 76 55
18 41 8 56 40 52 44
67 7 42 8 15 3 39
46 74 27 48 73 71 44
9 52 50 39 69 15 38
6 62 63 15 14 55 48
40 46 28 59 47 3 25
63 15 52 20 55 66 42
10 57 78 14 9 41 60
75 25 10 53 23 70 60
74 46 66 32 20 26 47
63 15 52 9 52 50 37
35 31 65 29 26 54 12
64 42 59 50 38 52 8
7 22 35 51 66 16 47
24 22 45 57 65 51 43
30 15 30 25 77 62 69
47 2 63 36 43 27 54
6 62 63 69 25 74 38
36 43 27 14 9 41 36
47 2 63 76 67 73 65
67 7 42 27 73 8 74
12 42 38 62 65 25 26
73 23 0 59 47 3 24
33 9 44 65 12 20 24
6 62 63 13 44 76 22
4 17 22 23 51 7 37
25 77 62 19 57 40 29
57 65 51 70 23 43 42
69 25 74 34 72 67 47
3 58 40 68 43 30 18
47 2 63 73 23 0 66
6 62 63 58 69 65 7
63 15 52 62 65 25 56
68 43 30 75 25 10 26
6 62 63 41 65 63 3
44 38 69 33 9 44 38
55 26 22 4 17 22 9
14 9 41 55 26 22 25
69 25 74 68 43 30 47
49 35 44 10 57 78 40
68 43 30 0 35 17 15
55 26 22 25 77 62 64
73 23 0 28 53 18 34
45 58 44 41 65 63 20
63 15 52 51 66 16 62
18 41 8 0 35 17 10
50 38 52 56 40 52 2
69 25 74 56 40 52 26
59 47 3 2 70 54 55
28 53 18 7 22 35 35
61 30 66 16 67 49 40
31 56 22 20 55 66 44
6 62 63 8 15 3 76
59 47 3 8 15 3 32
44 38 69 14 9 41 40
20 55 66 54 72 61 17
47 2 63 56 40 52 39
2 70 54 5 68 31 23
15 14 55 32 20 26 29
3 58 40 64 42 59 24
37 42 58 21 59 48 19
29 26 54 37 42 58 16
55 26 22 9 52 50 38
54 72 61 53 23 70 49
3 58 40 31 56 22 18
16 67 49 34 72 67 18
4 17 22 29 26 54 33
36 43 27 65 12 20 31
65 12 20 10 57 78 73
23 51 7 17 63 42 37
2 70 54 4 17 22 61
66 44 35 20 55 66 32
46 74 27 67 7 42 68
5 68 31 32 20 26 48
59 47 3 44 38 69 66
17 63 42 65 12 20 55
64 42 59 10 57 78 24
23 51 7 47 2 63 74
8 15 3 11 72 1 57
10 57 78 7 22 35 55
38 12 35 37 42 58 37
74 46 66 2 70 54 26
22 52 45 1 5 47 47
16 67 49 60 39 6 51
38 12 35 78 73 61 66
1 5 47 58 69 65 66
78 73 61 19 57 40 26
61 30 66 76 67 73 37
15 14 55 8 15 3 52
55 26 22 23 51 7 29
71 75 17 8 15 3 61
23 51 7 53 23 70 68
10 57 78 1 5 47 60
58 69 65 24 22 45 51
40 46 28 16 67 49 29
24 22 45 27 73 8 63
61 30 66 41 65 63 35
77 60 40 74 46 66 29
68 43 30 78 73 61 43
14 9 41 2 70 54 62
15 14 55 50 38 52 24
52 34 55 29 26 54 8
65 12 20 28 53 18 41
45 58 44 2 70 54 15
59 47 3 11 72 1 25
9 52 50 31 56 22 28
71 75 17 7 22 35 55
42 62 9 17 63 42 33
1 5 47 23 51 7 60
63 15 52 70 23 43 12
11 72 1 29 26 54 70
9 52 50 71 75 17 40
72 39 3 78 73 61 67
7 22 35 37 42 58 30
34 72 67 32 20 26 66
47 2 63 18 41 8 67
4 17 22 63 15 52 30
32 20 26 25 77 62 67
65 12 20 26 4 12 11
77 60 40 65 12 20 52
17 63 42 76 67 73 31
45 58 44 5 68 31 16
67 7 42 38 12 35 8
54 72 61 42 62 9 52
3 58 40 32 20 26 40
43 43 74 40 46 28 46
55 26 22 64 42 59 40
9 52 50 6 62 63 16
12 42 38 23 51 7 32
12 42 38 4 17 22 29
28 53 18 16 67 49 34
20 55 66 70 23 43 39
34 72 67 5 68 31 36
49 35 44 16 67 49 32
36 43 27 54 72 61 44
15 14 55 35 31 65 19
20 55 66 2 70 54 19
26 4 12 10 57 78 84
61 30 66 28 53 18 53
22 52 45 10 57 78 33
34 72 67 71 75 17 50
42 62 9 16 67 49 40
77 60 40 5 68 31 12
28 53 18 12 42 38 22
69 25 74 31 56 22 60
65 12 20 47 2 63 44
33 9 44 45 58 44 49
42 62 9 29 26 54 57
66 44 35 56 40 52 17
40 46 28 49 35 44 19
0 35 17 4 17 22 18
46 74 27 30 15 30 59
66 44 35 77 60 40 16
26 4 12 14 9 41 29
54 72 61 1 5 47 68
3 58 40 29 26 54 34
63 15 52 13 44 76 37
40 46 28 10 57 78 51
38 12 35 55 26 22 19
59 47 3 16 67 49 50
68 43 30 50 38 52 22
62 65 25 77 60 40 15
20 55 66 69 25 74 31
71 75 17 38 12 35 65
77 60 40 29 26 54 36
12 42 38 10 57 78 42
60 39 6 39 69 15 31
25 77 62 29 26 54 51
18 41 8 11 72 1 31
18 41 8 52 34 55 47
9 52 50 51 66 16 36
22 52 45 52 34 55 20
11 72 1 61 30 66 77
36 43 27 7 22 35 22
59 47 3 7 22 35 40
7 22 35 75 25 10 25
64 42 59 6 62 63 20
2 70 54 34 72 67 13
73 23 0 74 46 66 69
29 26 54 48 73 71 49
76 67 73 54 72 61 13
66 44 35 22 52 45 12
58 69 65 47 2 63 67
53 23 70 37 42 58 22
7 22 35 5 68 31 46
74 46 66 53 23 70 23
19 57 40 67 7 42 50
40 46 28 71 75 17 31
78 73 61 23 51 7 58
20 55 66 52 34 55 23
33 9 44 27 73 8 73
41 65 63 28 53 18 46
1 5 47 27 73 8 78
66 44 35 73 23 0 40
45 58 44 54 72 61 22
27 73 8 61 30 66 72
69 25 74 72 39 3 72
19 57 40 66 44 35 13
10 57 78 52 34 55 32
24 22 45 61 30 66 22
54 72 61 63 15 52 57
5 68 31 65 12 20 57
17 63 42 50 38 52 26
72 39 3 30 15 30 36
65 12 20 48 73 71 79
72 39 3 1 5 47 55
72 39 3 31 56 22 25
17 63 42 26 4 12 66
60 39 6 15 14 55 55
55 26 22 15 14 55 35
20 55 66 53 23 70 32
1 5 47 75 25 10 42
70 23 43 55 26 22 21
9 52 50 40 46 28 22
4 17 22 62 65 25 48
76 67 73 74 46 66 22
76 67 73 43 43 74 24
16 67 49 14 9 41 58
51 66 16 22 52 45 32
76 67 73 26 4 12 87
7 22 35 18 41 8 33
25 77 62 5 68 31 32
23 51 7 22 52 45 38
59 47 3 48 73 71 72
36 43 27 33 9 44 38
4 17 22 47 2 63 43
60 39 6 4 17 22 27
37 42 58 76 67 73 29
38 12 35 11 72 1 68
24 22 45 70 23 43 2
13 44 76 69 25 74 19
45 58 44 75 25 10 47
41 65 63 23 51 7 57
21 59 48 46 74 27 25
78 73 61 30 15 30 65
74 46 66 19 57 40 28
19 57 40 55 26 22 35
67 7 42 40 46 28 41
43 43 74 8 15 3 76
38 12 35 76 67 73 66
13 44 76 64 42 59 17
65 12 20 1 5 47 27
20 55 66 74 46 66 9
16 67 49 25 77 62 16
58 69 65 78 73 61 5
72 39 3 77 60 40 42
74 46 66 38 12 35 46
36 43 27 61 30 66 41
3 58 40 36 43 27 19
54 72 61 70 23 43 52
78 73 61 34 72 67 6
61 30 66 60 39 6 60
60 39 6 18 41 8 2
40 46 28 34 72 67 46
32 20 26 20 55 66 53
39 69 15 17 63 42 27
16 67 49 62 65 25 24
16 67 49 6 62 63 14
5 68 31 72 39 3 40
59 47 3 25 77 62 66
29 26 54 66 44 35 26
8 15 3 19 57 40 55
76 67 73 19 57 40 34
70 23 43 78 73 61 53
12 42 38 1 5 47 38
74 46 66 6 62 63 16
29 26 54 18 41 8 48
76 67 73 3 58 40 34
10 57 78 33 9 44 58
69 25 74 58 69 65 44
34 72 67 11 72 1 66
25 77 62 40 46 28 46
26 4 12 47 2 63 51
64 42 59 71 75 17 53
50 38 52 78 73 61 36
68 43 30 63 15 52 35
55 26 22 11 72 1 50
64 42 59 60 39 6 53
43 43 74 27 73 8 72
71 75 17 17 63 42 27
21 59 48 64 42 59 20
40 46 28 28 53 18 12
38 12 35 22 52 45 41
57 65 51 18 41 8 49
56 40 52 1 5 47 35
29 26 54 73 23 0 54
67 7 42 47 2 63 21
46 74 27 39 69 15 13
2 70 54 55 26 22 54
30 15 30 41 65 63 59
38 12 35 28 53 18 44
61 30 66 5 68 31 51
56 40 52 25 77 62 38
43 43 74 6 62 63 21
59 47 3 22 52 45 42
30 15 30 56 40 52 33
18 41 8 43 43 74 66
27 73 8 35 31 65 70
13 44 76 52 34 55 23
51 66 16 18 41 8 26
70 23 43 74 46 66 32
3 58 40 18 41 8 36
22 52 45 54 72 61 25
45 58 44 55 26 22 38
65 12 20 50 38 52 41
68 43 30 57 65 51 30
40 46 28 37 42 58 30
61 30 66 15 14 55 19
1 5 47 4 17 22 27
32 20 26 58 69 65 62
30 15 30 39 69 15 56
44 38 69 66 44 35 34
41 65 63 63 15 52 51
32 20 26 65 12 20 10
1 5 47 44 38 69 39
34 72 67 17 63 42 26
67 7 42 68 43 30 37
59 47 3 24 22 45 48
63 15 52 74 46 66 34
42 62 9 8 15 3 47
77 60 40 61 30 66 39
21 59 48 78 73 61 19
28 53 18 31 56 22 5
0 35 17 40 46 28 15
19 57 40 13 44 76 38
52 34 55 23 51 7 50
22 52 45 6 62 63 20
64 42 59 30 15 30 39
17 63 42 6 62 63 21
30 15 30 22 52 45 39
39 69 15 38 12 35 60
12 42 38 17 63 42 21
65 12 20 62 65 25 53