65 2080
51 27 34 8 27 9 25
40 58 45 48 25 39 33
36 46 17 1 50 53 36
15 56 25 12 20 24 36
37 39 23 1 50 53 31
7 20 30 31 56 44 38
9 55 18 0 49 27 10
57 49 30 62 38 43 17
3 4 37 36 46 17 46
34 54 51 1 50 53 4
21 8 60 61 45 31 47
51 27 34 0 49 27 23
20 5 8 30 9 55 47
25 59 12 52 8 33 55
29 56 47 30 9 55 47
50 34 35 51 27 34 7
11 4 43 7 20 30 20
13 35 30 49 61 5 36
44 37 44 17 10 47 27
63 22 49 40 58 45 36
20 5 8 15 56 25 53
4 25 43 28 29 47 5
2 57 19 59 20 49 47
7 20 30 46 51 49 36
4 25 43 1 50 53 26
10 14 51 16 11 54 4
57 49 30 47 21 11 33
3 4 37 20 5 8 29
9 55 18 54 61 30 13
45 60 63 37 39 23 45
50 34 35 49 61 5 40
57 49 30 18 62 5 28
62 38 43 53 55 53 19
63 22 49 59 20 49 2
51 27 34 12 20 24 12
10 14 51 45 60 63 47
46 51 49 36 46 17 32
26 55 4 44 37 44 43
32 5 22 7 20 30 17
22 13 19 58 20 2 18
29 56 47 36 46 17 31
1 50 53 39 9 4 63
24 26 18 64 61 58 53
11 4 43 27 49 63 49
23 14 51 13 35 30 29
19 62 39 50 34 35 28
64 61 58 61 45 31 31
32 5 22 63 22 49 31
52 8 33 47 21 11 25
29 56 47 13 35 30 27
5 28 46 64 61 58 35
45 60 63 0 49 27 37
58 20 2 19 62 39 55
34 54 51 30 9 55 45
39 9 4 52 8 33 29
49 61 5 57 49 30 27
34 54 51 48 25 39 31
61 45 31 33 10 0 46
42 46 30 23 14 51 38
14 40 64 51 27 34 32
15 56 25 49 61 5 20
61 45 31 4 25 43 23
2 57 19 48 25 39 37
61 45 31 14 40 64 33
36 46 17 27 49 63 46
55 52 11 4 25 43 41
33 10 0 39 9 4 4
11 4 43 17 10 47 7
8 27 9 25 59 12 32
38 64 13 41 54 48 36
45 60 63 44 37 44 29
28 29 47 34 54 51 25
18 62 5 44 37 44 46
11 4 43 31 56 44 52
8 27 9 62 38 43 35
46 51 49 21 8 60 44
43 29 20 50 34 35 15
18 62 5 55 52 11 11
47 21 11 54 61 30 44
60 15 51 0 49 27 41
5 28 46 63 22 49 6
38 64 13 0 49 27 20
1 50 53 14 40 64 14
48 25 39 31 56 44 31
18 62 5 37 39 23 29
29 56 47 27 49 63 17
24 26 18 12 20 24 8
53 55 53 7 20 30 41
10 14 51 52 8 33 18
42 46 30 17 10 47 39
17 10 47 4 25 43 15
57 49 30 56 57 34 8
16 11 54 26 55 4 66
32 5 22 23 14 51 30
3 4 37 16 11 54 18
8 27 9 0 49 27 28
43 29 20 9 55 18 26
29 56 47 16 11 54 45
48 25 39 60 15 51 15
36 46 17 56 57 34 20
48 25 39 54 61 30 37
64 61 58 34 54 51 9
59 20 49 51 27 34 16
58 20 2 28 29 47 45
10 14 51 53 55 53 41
22 13 19 27 49 63 56
17 10 47 57 49 30 42
22 13 19 55 52 11 39
23 14 51 19 62 39 49
23 14 51 11 4 43 12
49 61 5 3 4 37 65
54 61 30 13 35 30 26
47 21 11 29 56 47 50
6 48 27 9 55 18 11
16 11 54 64 61 58 50
54 61 30 20 5 8 60
60 15 51 27 49 63 36
36 46 17 44 37 44 28
16 11 54 38 64 13 67
50 34 35 11 4 43 31
31 56 44 9 55 18 26
41 54 48 2 57 19 29
26 55 4 15 56 25 21
17 10 47 19 62 39 52
55 52 11 63 22 49 48
47 21 11 19 62 39 49
15 56 25 0 49 27 7
13 35 30 4 25 43 16
42 46 30 15 56 25 11
48 25 39 42 46 30 22
35 21 63 16 11 54 13
0 49 27 12 20 24 29
41 54 48 21 8 60 47
26 55 4 6 48 27 24
29 56 47 40 58 45 2
3 4 37 57 49 30 45
58 20 2 8 27 9 9
5 28 46 37 39 23 25
36 46 17 40 58 45 30
25 59 12 24 26 18 33
11 4 43 47 21 11 36
20 5 8 12 20 24 21
18 62 5 31 56 44 39
9 55 18 18 62 5 14
20 5 8 40 58 45 64
17 10 47 10 14 51 5
17 10 47 1 50 53 40
48 25 39 58 20 2 37
60 15 51 47 21 11 40
17 10 47 58 20 2 46
50 34 35 7 20 30 14
58 20 2 63 22 49 47
48 25 39 8 27 9 30
3 4 37 38 64 13 64
27 49 63 39 9 4 71
11 4 43 62 38 43 34
26 55 4 17 10 47 62
14 40 64 9 55 18 48
26 55 4 52 8 33 55
20 5 8 58 20 2 16
40 58 45 10 14 51 44
9 55 18 64 61 58 40
37 39 23 62 38 43 20
57 49 30 48 25 39 25
61 45 31 30 9 55 43
13 35 30 31 56 44 25
20 5 8 5 28 46 44
49 61 5 4 25 43 52
26 55 4 64 61 58 54
23 14 51 44 37 44 24
1 50 53 45 60 63 14
41 54 48 33 10 0 65
16 11 54 4 25 43 17
8 27 9 17 10 47 41
54 61 30 55 52 11 21
0 49 27 37 39 23 10
1 50 53 10 14 51 36
55 52 11 43 29 20 24
16 11 54 15 56 25 53
17 10 47 3 4 37 11
27 49 63 37 39 23 41
12 20 24 62 38 43 26
32 5 22 60 15 51 30
35 21 63 50 34 35 30
38 64 13 31 56 44 32
26 55 4 54 61 30 26
14 40 64 17 10 47 34
5 28 46 15 56 25 35
55 52 11 13 35 30 25
6 48 27 21 8 60 51
42 46 30 40 58 45 19
60 15 51 9 55 18 51
12 20 24 59 20 49 25
63 22 49 34 54 51 32
22 13 19 63 22 49 31
29 56 47 44 37 44 19
12 20 24 41 54 48 41
63 22 49 7 20 30 19
62 38 43 7 20 30 22
20 5 8 31 56 44 62
1 50 53 6 48 27 26
57 49 30 46 51 49 19
43 29 20 47 21 11 12
61 45 31 47 21 11 31
33 10 0 1 50 53 66
53 55 53 19 62 39 15
38 64 13 26 55 4 12
48 25 39 61 45 31 21
31 56 44 44 37 44 19
5 28 46 27 49 63 27
61 45 31 44 37 44 15
9 55 18 24 26 18 29
6 48 27 27 49 63 36
15 56 25 52 8 33 48
37 39 23 14 40 64 41
17 10 47 37 39 23 37
16 11 54 41 54 48 43
22 13 19 40 58 45 51
16 11 54 53 55 53 44
24 26 18 19 62 39 41
22 13 19 52 8 33 14
21 8 60 20 5 8 52
54 61 30 8 27 9 39
47 21 11 56 57 34 42
25 59 12 54 61 30 18
6 48 27 60 15 51 40
13 35 30 22 13 19 24
48 25 39 5 28 46 7
48 25 39 9 55 18 36
36 46 17 30 9 55 53
41 54 48 13 35 30 26
17 10 47 63 22 49 12
53 55 53 58 20 2 61
62 38 43 41 54 48 16
3 4 37 61 45 31 41
13 35 30 32 5 22 31
60 15 51 50 34 35 24
59 20 49 20 5 8 43
27 49 63 35 21 63 28
34 54 51 11 4 43 50
46 51 49 31 56 44 7
38 64 13 32 5 22 59
37 39 23 3 4 37 37
56 57 34 15 56 25 9
39 9 4 53 55 53 67
41 54 48 17 10 47 44
59 20 49 23 14 51 6
33 10 0 24 26 18 24
28 29 47 8 27 9 38
37 39 23 43 29 20 10
51 27 34 42 46 30 19
28 29 47 10 14 51 15
22 13 19 7 20 30 13
1 50 53 61 45 31 22
25 59 12 55 52 11 7
38 64 13 8 27 9 37
51 27 34 43 29 20 14
2 57 19 15 56 25 6
38 64 13 40 58 45 32
64 61 58 23 14 51 47
31 56 44 43 29 20 36
1 50 53 52 8 33 46
35 21 63 56 57 34 46
4 25 43 15 56 25 35
50 34 35 24 26 18 18
47 21 11 46 51 49 48
52 8 33 59 20 49 20
9 55 18 8 27 9 29
52 8 33 40 58 45 51
21 8 60 14 40 64 32
16 11 54 47 21 11 44
7 20 30 56 57 34 37
43 29 20 11 4 43 33
13 35 30 9 55 18 23
21 8 60 42 46 30 48
5 28 46 6 48 27 27
51 27 34 24 26 18 16
42 46 30 0 49 27 4
20 5 8 55 52 11 47
4 25 43 63 22 49 6
45 60 63 25 59 12 51
17 10 47 27 49 63 42
18 62 5 51 27 34 45
50 34 35 8 27 9 26
55 52 11 28 29 47 42
36 46 17 6 48 27 10
47 21 11 48 25 39 28
19 62 39 4 25 43 37
25 59 12 19 62 39 27
36 46 17 48 25 39 30
43 29 20 17 10 47 33
24 26 18 26 55 4 32
19 62 39 37 39 23 28
1 50 53 19 62 39 18
40 58 45 27 49 63 20
40 58 45 39 9 4 63
51 27 34 10 14 51 21
47 21 11 58 20 2 9
39 9 4 61 45 31 45
60 15 51 52 8 33 19
25 59 12 35 21 63 63
44 37 44 16 11 54 27
11 4 43 56 57 34 53
28 29 47 14 40 64 20
37 39 23 52 8 33 32
22 13 19 0 49 27 36
10 14 51 21 8 60 10
14 40 64 38 64 13 56
26 55 4 9 55 18 14
28 29 47 16 11 54 19
41 54 48 6 48 27 21
51 27 34 63 22 49 15
51 27 34 49 61 5 44
41 54 48 57 49 30 18
58 20 2 51 27 34 32
60 15 51 38 64 13 62
24 26 18 4 25 43 25
61 45 31 19 62 39 18
34 54 51 10 14 51 40
50 34 35 36 46 17 21
43 29 20 33 10 0 27
53 55 53 2 57 19 34
16 11 54 5 28 46 18
33 10 0 6 48 27 46
28 29 47 39 9 4 47
45 60 63 53 55 53 11
24 26 18 37 39 23 13
59 20 49 37 39 23 32
22 13 19 47 21 11 11
3 4 37 55 52 11 54
1 50 53 11 4 43 47
11 4 43 9 55 18 56
35 21 63 24 26 18 45
15 56 25 19 62 39 15
61 45 31 42 46 30 1
15 56 25 9 55 18 7
14 40 64 27 49 63 9
39 9 4 48 25 39 38
62 38 43 16 11 54 29
60 15 51 42 46 30 37
1 50 53 50 34 35 24
46 51 49 11 4 43 47
60 15 51 63 22 49 7
22 13 19 8 27 9 17
52 8 33 8 27 9 30
19 62 39 40 58 45 7
56 57 34 49 61 5 29
32 5 22 50 34 35 31
28 29 47 29 56 47 27
12 20 24 18 62 5 46
62 38 43 2 57 19 30
28 29 47 37 39 23 26
34 54 51 36 46 17 34
36 46 17 14 40 64 47
62 38 43 4 25 43 13
53 55 53 21 8 60 47
50 34 35 33 10 0 42
14 40 64 44 37 44 20
46 51 49 34 54 51 3
55 52 11 19 62 39 29
34 54 51 57 49 30 21
37 39 23 29 56 47 29
52 8 33 24 26 18 23
18 62 5 50 34 35 41
16 11 54 34 54 51 43
9 55 18 45 60 63 45
43 29 20 32 5 22 24
14 40 64 60 15 51 28
30 9 55 64 61 58 52
10 14 51 47 21 11 40
29 56 47 46 51 49 5
27 49 63 44 37 44 22
25 59 12 30 9 55 65
3 4 37 34 54 51 51
10 14 51 22 13 19 32
8 27 9 61 45 31 28
3 4 37 9 55 18 54
16 11 54 11 4 43 13
60 15 51 5 28 46 13
46 51 49 12 20 24 39
47 21 11 1 50 53 51
11 4 43 4 25 43 21
16 11 54 14 40 64 30
31 56 44 42 46 30 17
42 46 30 33 10 0 46
62 38 43 5 28 46 10
53 55 53 30 9 55 46
16 11 54 43 29 20 38
53 55 53 41 54 48 5
38 64 13 9 55 18 10
2 57 19 33 10 0 50
12 20 24 30 9 55 32
26 55 4 62 38 43 42
52 8 33 23 14 51 18
40 58 45 3 4 37 54
17 10 47 48 25 39 17
32 5 22 34 54 51 56
31 56 44 56 57 34 10
26 55 4 31 56 44 40
36 46 17 55 52 11 8
13 35 30 61 45 31 10
58 20 2 59 20 49 47
64 61 58 37 39 23 41
57 49 30 16 11 54 44
56 57 34 14 40 64 34
37 39 23 30 9 55 43
58 20 2 49 61 5 41
28 29 47 44 37 44 8
47 21 11 4 25 43 32
0 49 27 19 62 39 17
11 4 43 45 60 63 59
63 22 49 24 26 18 31
61 45 31 0 49 27 5
28 29 47 23 14 51 15
10 14 51 15 56 25 49
0 49 27 16 11 54 46
38 64 13 51 27 34 42
50 34 35 52 8 33 26
3 4 37 53 55 53 53
9 55 18 12 20 24 35
1 50 53 53 55 53 5
9 55 18 4 25 43 39
23 14 51 0 49 27 42
44 37 44 12 20 24 26
24 26 18 20 5 8 23
13 35 30 0 49 27 14
17 10 47 55 52 11 55
38 64 13 21 8 60 73
43 29 20 38 64 13 35
16 11 54 1 50 53 39
12 20 24 22 13 19 8
63 22 49 12 20 24 25
2 57 19 49 61 5 14
15 56 25 24 26 18 30
17 10 47 34 54 51 44
11 4 43 25 59 12 63
44 37 44 46 51 49 14
51 27 34 2 57 19 33
21 8 60 7 20 30 32
19 62 39 14 40 64 33
54 61 30 36 46 17 19
2 57 19 20 5 8 53
19 62 39 38 64 13 26
15 56 25 30 9 55 55
53 55 53 32 5 22 58
50 34 35 23 14 51 25
54 61 30 49 61 5 25
29 56 47 21 8 60 49
34 54 51 2 57 19 32
19 62 39 18 62 5 34
21 8 60 37 39 23 48
22 13 19 46 51 49 48
63 22 49 56 57 34 38
42 46 30 43 29 20 19
12 20 24 32 5 22 15
7 20 30 15 56 25 36
38 64 13 58 20 2 45
17 10 47 21 8 60 13
34 54 51 59 20 49 34
32 5 22 57 49 30 44
40 58 45 46 51 49 8
26 55 4 41 54 48 44
8 27 9 57 49 30 30
36 46 17 31 56 44 28
14 40 64 46 51 49 18
27 49 63 51 27 34 36
22 13 19 4 25 43 26
48 25 39 6 48 27 25
8 27 9 59 20 49 40
0 49 27 10 14 51 42
8 27 9 18 62 5 35
46 51 49 56 57 34 16
62 38 43 20 5 8 48
12 20 24 58 20 2 22
1 50 53 63 22 49 28
16 11 54 60 15 51 5
20 5 8 38 64 13 59
10 14 51 46 51 49 37
16 11 54 30 9 55 2
54 61 30 24 26 18 37
53 55 53 17 10 47 45
40 58 45 51 27 34 32
57 49 30 10 14 51 40
45 60 63 39 9 4 77
40 58 45 45 60 63 18
58 20 2 50 34 35 35
18 62 5 62 38 43 44
41 54 48 18 62 5 43
43 29 20 58 20 2 20
21 8 60 56 57 34 55
22 13 19 16 11 54 35
62 38 43 28 29 47 9
44 37 44 64 61 58 27
46 51 49 62 38 43 14
50 34 35 46 51 49 22
32 5 22 4 25 43 29
26 55 4 57 49 30 26
56 57 34 38 64 13 22
17 10 47 35 21 63 19
18 62 5 26 55 4 7
49 61 5 11 4 43 68
15 56 25 60 15 51 48
55 52 11 6 48 27 16
12 20 24 53 55 53 45
54 61 30 51 27 34 34
56 57 34 40 58 45 11
30 9 55 38 64 13 69
13 35 30 28 29 47 18
18 62 5 45 60 63 58
37 39 23 15 56 25 17
17 10 47 47 21 11 37
43 29 20 49 61 5 35
46 51 49 2 57 19 30
36 46 17 32 5 22 41
31 56 44 63 22 49 34
3 4 37 64 61 58 60
63 22 49 43 29 20 29
3 4 37 4 25 43 21
40 58 45 35 21 63 41
43 29 20 60 15 51 34
48 25 39 35 21 63 24
4 25 43 21 8 60 24
13 35 30 60 15 51 29
7 20 30 29 56 47 39
39 9 4 60 15 51 47
36 46 17 43 29 20 17
2 57 19 30 9 55 60
1 50 53 62 38 43 15
5 28 46 18 62 5 53
34 54 51 38 64 13 39
61 45 31 26 55 4 28
3 4 37 47 21 11 31
31 56 44 29 56 47 3
51 27 34 16 11 54 25
0 49 27 47 21 11 32
4 25 43 7 20 30 13
6 48 27 4 25 43 28
62 38 43 0 49 27 19
59 20 49 18 62 5 60
57 49 30 30 9 55 47
9 55 18 21 8 60 63
24 26 18 39 9 4 22
13 35 30 38 64 13 33
62 38 43 9 55 18 30
61 45 31 54 61 30 16
24 26 18 21 8 60 45
50 34 35 10 14 51 25
59 20 49 29 56 47 36
43 29 20 61 45 31 19
21 8 60 35 21 63 13
59 20 49 5 28 46 8
57 49 30 31 56 44 15
10 14 51 38 64 13 62
43 29 20 57 49 30 22
38 64 13 52 8 33 59
16 11 54 6 48 27 45
30 9 55 62 38 43 31
19 62 39 63 22 49 41
35 21 63 14 40 64 19
46 51 49 6 48 27 22
31 56 44 19 62 39 7
21 8 60 57 49 30 50
41 54 48 19 62 39 12
4 25 43 58 20 2 41
34 54 51 7 20 30 39
54 61 30 2 57 19 11
26 55 4 49 61 5 6
56 57 34 34 54 51 17
31 56 44 17 10 47 46
13 35 30 16 11 54 33
12 20 24 33 10 0 26
27 49 63 26 55 4 59
50 34 35 15 56 25 24
45 60 63 16 11 54 49
28 29 47 18 62 5 53
24 26 18 57 49 30 25
9 55 18 27 49 63 45
51 27 34 6 48 27 22
44 37 44 49 61 5 45
7 20 30 36 46 17 29
55 52 11 16 11 54 59
64 61 58 56 57 34 24
49 61 5 7 20 30 48
24 26 18 34 54 51 43
46 51 49 13 35 30 24
0 49 27 4 25 43 28
33 10 0 19 62 39 65
56 57 34 23 14 51 46
37 39 23 48 25 39 21
47 21 11 51 27 34 23
56 57 34 52 8 33 49
23 14 51 62 38 43 25
19 62 39 44 37 44 25
41 54 48 58 20 2 57
4 25 43 40 58 45 33
42 46 30 18 62 5 29
42 46 30 34 54 51 22
34 54 51 27 49 63 13
19 62 39 12 20 24 44
29 56 47 19 62 39 10
55 52 11 57 49 30 19
2 57 19 0 49 27 11
60 15 51 57 49 30 39
5 28 46 17 10 47 18
15 56 25 46 51 49 24
34 54 51 29 56 47 4
4 25 43 14 40 64 25
37 39 23 7 20 30 20
52 8 33 53 55 53 51
60 15 51 58 20 2 49
51 27 34 1 50 53 29
22 13 19 49 61 5 50
24 26 18 62 38 43 27
7 20 30 39 9 4 28
44 37 44 1 50 53 15
32 5 22 3 4 37 15
32 5 22 11 4 43 21
27 49 63 38 64 13 52
16 11 54 2 57 19 57
39 9 4 4 25 43 42
24 26 18 16 11 54 39
39 9 4 8 27 9 18
54 61 30 43 29 20 33
23 14 51 47 21 11 40
52 8 33 20 5 8 25
19 62 39 22 13 19 52
26 55 4 56 57 34 30
12 20 24 2 57 19 37
19 62 39 45 60 63 24
7 20 30 16 11 54 25
53 55 53 46 51 49 5
36 46 17 51 27 34 25
51 27 34 11 4 43 24
10 14 51 5 28 46 14
57 49 30 45 60 63 34
48 25 39 13 35 30 13
56 57 34 43 29 20 31
48 25 39 3 4 37 21
16 11 54 12 20 24 31
47 21 11 37 39 23 21
46 51 49 26 55 4 45
14 40 64 5 28 46 21
27 49 63 1 50 53 10
8 27 9 26 55 4 28
31 56 44 53 55 53 9
12 20 24 4 25 43 19
44 37 44 10 14 51 24
31 56 44 41 54 48 4
49 61 5 36 46 17 19
53 55 53 28 29 47 26
3 4 37 22 13 19 20
31 56 44 15 56 25 19
14 40 64 53 55 53 18
46 51 49 55 52 11 38
1 50 53 60 15 51 35
25 59 12 57 49 30 20
42 46 30 6 48 27 3
32 5 22 33 10 0 22
24 26 18 58 20 2 17
40 58 45 16 11 54 47
12 20 24 26 55 4 40
52 8 33 36 46 17 41
9 55 18 42 46 30 15
15 56 25 13 35 30 21
32 5 22 59 20 49 30
6 48 27 11 4 43 46
43 29 20 23 14 51 34
19 62 39 43 29 20 38
8 27 9 36 46 17 20
33 10 0 47 21 11 15
21 8 60 34 54 51 46
1 50 53 3 4 37 48
13 35 30 45 60 63 41
4 25 43 18 62 5 53
20 5 8 10 14 51 43
64 61 58 42 46 30 31
14 40 64 43 29 20 45
24 26 18 61 45 31 23
32 5 22 31 56 44 55
29 56 47 39 9 4 63
29 56 47 51 27 34 31
32 5 22 42 46 30 41
1 50 53 23 14 51 36
38 64 13 12 20 24 45
31 56 44 59 20 49 36
4 25 43 37 39 23 24
38 64 13 44 37 44 41
59 20 49 43 29 20 30
14 40 64 40 58 45 26
36 46 17 24 26 18 20
43 29 20 27 49 63 47
41 54 48 44 37 44 17
12 20 24 57 49 30 29
7 20 30 3 4 37 17
55 52 11 49 61 5 10
2 57 19 8 27 9 31
56 57 34 19 62 39 7
30 9 55 54 61 30 57
25 59 12 60 15 51 58
51 27 34 33 10 0 38
36 46 17 61 45 31 14
57 49 30 58 20 2 40
58 20 2 13 35 30 31
29 56 47 22 13 19 51
4 25 43 56 57 34 33
53 55 53 20 5 8 67
58 20 2 61 45 31 38
55 52 11 42 46 30 19
6 48 27 30 9 55 48
43 29 20 2 57 19 28
43 29 20 29 56 47 38
54 61 30 17 10 47 53
1 50 53 13 35 30 27
61 45 31 56 57 34 12
19 62 39 16 11 54 53
38 64 13 2 57 19 9
23 14 51 9 55 18 52
28 29 47 35 21 63 17
51 27 34 60 15 51 20
1 50 53 25 59 12 41
29 56 47 25 59 12 35
50 34 35 27 49 63 31
57 49 30 51 27 34 22
63 22 49 14 40 64 23
22 13 19 48 25 39 23
59 20 49 61 45 31 30
14 40 64 8 27 9 56
50 34 35 63 22 49 18
0 49 27 59 20 49 36
12 20 24 7 20 30 6
41 54 48 20 5 8 63
22 13 19 33 10 0 19
27 49 63 46 51 49 14
34 54 51 51 27 34 31
62 38 43 15 56 25 25
37 39 23 34 54 51 31
30 9 55 32 5 22 33
54 61 30 21 8 60 60
5 28 46 28 29 47 1
40 58 45 59 20 49 38
1 50 53 26 55 4 49
64 61 58 38 64 13 45
14 40 64 0 49 27 38
15 56 25 1 50 53 28
3 4 37 54 61 30 57
31 56 44 61 45 31 17
7 20 30 25 59 12 42
63 22 49 41 54 48 32
4 25 43 8 27 9 34
4 25 43 43 29 20 23
56 57 34 22 13 19 46
11 4 43 5 28 46 24
62 38 43 32 5 22 39
4 25 43 10 14 51 13
25 59 12 22 13 19 46
45 60 63 46 51 49 16
9 55 18 33 10 0 48
55 52 11 59 20 49 49
63 22 49 64 61 58 40
9 55 18 25 59 12 7
0 49 27 11 4 43 47
12 20 24 48 25 39 15
29 56 47 20 5 8 64
49 61 5 19 62 39 34
21 8 60 28 29 47 24
25 59 12 43 29 20 31
42 46 30 35 21 63 41
47 21 11 31 56 44 48
13 35 30 59 20 49 24
56 57 34 53 55 53 19
31 56 44 54 61 30 14
56 57 34 2 57 19 15
45 60 63 22 13 19 64
15 56 25 51 27 34 30
20 5 8 60 15 51 44
22 13 19 61 45 31 34
40 58 45 8 27 9 47
54 61 30 5 28 46 36
51 27 34 13 35 30 8
54 61 30 38 64 13 17
47 21 11 59 20 49 38
38 64 13 63 22 49 55
10 14 51 23 14 51 0
28 29 47 63 22 49 7
3 4 37 28 29 47 26
38 64 13 7 20 30 47
36 46 17 21 8 60 57
54 61 30 14 40 64 39
38 64 13 24 26 18 38
11 4 43 14 40 64 41
16 11 54 49 61 5 70
12 20 24 25 59 12 40
30 9 55 46 51 49 42
23 14 51 21 8 60 10
7 20 30 35 21 63 33
34 54 51 44 37 44 18
64 61 58 17 10 47 52
31 56 44 39 9 4 61
48 25 39 43 29 20 19
45 60 63 28 29 47 34
63 22 49 20 5 8 44
4 25 43 26 55 4 49
7 20 30 20 5 8 26
56 57 34 48 25 39 32
17 10 47 56 57 34 48
34 54 51 23 14 51 40
56 57 34 27 49 63 30
62 38 43 55 52 11 34
17 10 47 33 10 0 47
15 56 25 45 60 63 38
37 39 23 33 10 0 37
29 56 47 49 61 5 42
18 62 5 35 21 63 71
49 61 5 31 56 44 39
41 54 48 37 39 23 29
59 20 49 39 9 4 46
35 21 63 29 56 47 38
54 61 30 34 54 51 22
4 25 43 44 37 44 12
52 8 33 30 9 55 22
5 28 46 24 26 18 28
27 49 63 42 46 30 33
58 20 2 14 40 64 65
17 10 47 49 61 5 66
25 59 12 44 37 44 38
2 57 19 47 21 11 36
15 56 25 6 48 27 8
33 10 0 44 37 44 51
36 46 17 28 29 47 34
55 52 11 15 56 25 14
2 57 19 32 5 22 52
13 35 30 3 4 37 31
13 35 30 56 57 34 22
24 26 18 45 60 63 56
1 50 53 24 26 18 42
30 9 55 7 20 30 27
55 52 11 52 8 33 49
39 9 4 44 37 44 48
52 8 33 29 56 47 50
2 57 19 50 34 35 28
27 49 63 54 61 30 35
25 59 12 4 25 43 46
0 49 27 44 37 44 20
58 20 2 37 39 23 28
1 50 53 64 61 58 12
28 29 47 51 27 34 13
18 62 5 13 35 30 36
42 46 30 49 61 5 29
47 21 11 41 54 48 49
14 40 64 13 35 30 34
12 20 24 3 4 37 20
25 59 12 10 14 51 59
59 20 49 60 15 51 5
34 54 51 55 52 11 40
45 60 63 4 25 43 40
0 49 27 28 29 47 28
48 25 39 63 22 49 10
22 13 19 41 54 48 50
37 39 23 44 37 44 21
39 9 4 13 35 30 36
39 9 4 41 54 48 62
47 21 11 34 54 51 51
49 61 5 20 5 8 56
60 15 51 22 13 19 32
20 5 8 46 51 49 61
21 8 60 32 5 22 38
8 27 9 43 29 20 11
36 46 17 63 22 49 40
46 51 49 5 28 46 23
28 29 47 2 57 19 39
40 58 45 0 49 27 20
48 25 39 44 37 44 13
37 39 23 8 27 9 18
50 34 35 6 48 27 16
49 61 5 63 22 49 58
13 35 30 19 62 39 28
34 54 51 13 35 30 28
6 48 27 63 22 49 34
14 40 64 18 62 5 62
38 64 13 36 46 17 18
13 35 30 24 26 18 15
24 26 18 27 49 63 50
31 56 44 6 48 27 18
40 58 45 43 29 20 38
42 46 30 41 54 48 19
5 28 46 2 57 19 39
5 28 46 42 46 30 24
56 57 34 32 5 22 53
61 45 31 16 11 54 41
50 34 35 5 28 46 12
58 20 2 30 9 55 54
56 57 34 16 11 54 50
35 21 63 58 20 2 61
48 25 39 64 61 58 40
7 20 30 28 29 47 19
37 39 23 53 55 53 34
4 25 43 35 21 63 20
64 61 58 49 61 5 53
45 60 63 20 5 8 77
5 28 46 8 27 9 37
14 40 64 42 46 30 34
60 15 51 37 39 23 36
46 51 49 18 62 5 45
5 28 46 51 27 34 12
60 15 51 2 57 19 52
35 21 63 39 9 4 60
50 34 35 34 54 51 25
58 20 2 46 51 49 56
33 10 0 16 11 54 54
51 27 34 41 54 48 30
56 57 34 0 49 27 10
31 56 44 5 28 46 28
12 20 24 34 54 51 43
41 54 48 43 29 20 37
30 9 55 40 58 45 50
44 37 44 22 13 19 34
20 5 8 1 50 53 63
11 4 43 35 21 63 26
53 55 53 25 59 12 41
52 8 33 44 37 44 31
52 8 33 17 10 47 14
41 54 48 4 25 43 29
18 62 5 11 4 43 69
40 58 45 2 57 19 26
10 14 51 54 61 30 51
61 45 31 45 60 63 35
33 10 0 60 15 51 51
2 57 19 37 39 23 18
11 4 43 8 27 9 41
46 51 49 38 64 13 38
25 59 12 31 56 44 32
57 49 30 7 20 30 29
64 61 58 6 48 27 33
40 58 45 25 59 12 33
63 22 49 47 21 11 38
35 21 63 32 5 22 44
63 22 49 46 51 49 29
45 60 63 36 46 17 48
38 64 13 18 62 5 8
6 48 27 8 27 9 27
54 61 30 22 13 19 49
56 57 34 28 29 47 30
9 55 18 34 54 51 33
21 8 60 62 38 43 34
42 46 30 4 25 43 24
14 40 64 62 38 43 21
56 57 34 41 54 48 14
14 40 64 22 13 19 52
2 57 19 55 52 11 9
37 39 23 13 35 30 8
0 49 27 7 20 30 29
55 52 11 11 4 43 57
11 4 43 30 9 55 13
64 61 58 10 14 51 47
44 37 44 5 28 46 9
24 26 18 42 46 30 23
21 8 60 1 50 53 42
16 11 54 8 27 9 47
20 5 8 48 25 39 36
17 10 47 59 20 49 10
45 60 63 62 38 43 29
62 38 43 63 22 49 17
3 4 37 33 10 0 37
55 52 11 1 50 53 42
17 10 47 13 35 30 30
64 61 58 32 5 22 66
40 58 45 31 56 44 2
62 38 43 31 56 44 18
29 56 47 58 20 2 57
48 25 39 33 10 0 41
2 57 19 31 56 44 25
38 64 13 4 25 43 49
53 55 53 61 45 31 24
64 61 58 59 20 49 41
51 27 34 62 38 43 14
26 55 4 23 14 51 62
45 60 63 35 21 63 39
12 20 24 61 45 31 25
43 29 20 44 37 44 25
46 51 49 23 14 51 37
1 50 53 46 51 49 4
35 21 63 51 27 34 29
54 61 30 57 49 30 12
59 20 49 27 49 63 32
57 49 30 63 22 49 33
47 21 11 42 46 30 31
54 61 30 11 4 43 58
35 21 63 59 20 49 14
41 54 48 60 15 51 39
59 20 49 24 26 18 31
44 37 44 63 22 49 15
60 15 51 28 29 47 14
6 48 27 40 58 45 20
22 13 19 59 20 49 30
3 4 37 45 60 63 61
35 21 63 63 22 49 14
25 59 12 28 29 47 46
22 13 19 35 21 63 44
26 55 4 60 15 51 61
64 61 58 53 55 53 7
36 46 17 33 10 0 39
2 57 19 22 13 19 44
25 59 12 36 46 17 13
23 14 51 53 55 53 41
27 49 63 16 11 54 39
17 10 47 61 45 31 38
60 15 51 53 55 53 40
21 8 60 58 20 2 59
64 61 58 14 40 64 21
45 60 63 30 9 55 51
1 50 53 58 20 2 59
13 35 30 6 48 27 13
59 20 49 19 62 39 43
39 9 4 2 57 19 50
23 14 51 60 15 51 1
49 61 5 30 9 55 72
49 61 5 32 5 22 58
47 21 11 13 35 30 23
34 54 51 49 61 5 46
15 56 25 38 64 13 14
32 5 22 27 49 63 60
36 46 17 20 5 8 41
29 56 47 41 54 48 2
57 49 30 0 49 27 3
26 55 4 28 29 47 50
60 15 51 29 56 47 41
6 48 27 53 55 53 26
6 48 27 2 57 19 12
48 25 39 26 55 4 46
11 4 43 63 22 49 18
64 61 58 55 52 11 47
4 25 43 5 28 46 4
33 10 0 62 38 43 51
28 29 47 15 56 25 34
25 59 12 0 49 27 18
27 49 63 13 35 30 35
43 29 20 15 56 25 27
41 54 48 32 5 22 55
52 8 33 61 45 31 37
3 4 37 35 21 63 31
53 55 53 9 55 18 35
60 15 51 55 52 11 54
62 38 43 6 48 27 18
37 39 23 38 64 13 26
33 10 0 25 59 12 50
1 50 53 59 20 49 30
25 59 12 5 28 46 46
55 52 11 0 49 27 16
50 34 35 57 49 30 15
45 60 63 58 20 2 72
43 29 20 64 61 58 49
7 20 30 51 27 34 8
63 22 49 0 49 27 34
64 61 58 2 57 19 39
24 26 18 2 57 19 31
40 58 45 61 45 31 19
36 46 17 35 21 63 52
20 5 8 4 25 43 40
38 64 13 5 28 46 48
13 35 30 62 38 43 13
55 52 11 35 21 63 60
44 37 44 2 57 19 32
23 14 51 18 62 5 66
27 49 63 58 20 2 67
51 27 34 39 9 4 34
59 20 49 36 46 17 41
25 59 12 32 5 22 54
10 14 51 58 20 2 49
51 27 34 3 4 37 23
18 62 5 48 25 39 50
57 49 30 5 28 46 26
23 14 51 29 56 47 42
22 13 19 20 5 8 13
58 20 2 2 57 19 40
42 46 30 36 46 17 13
36 46 17 26 55 4 15
19 62 39 21 8 60 57
10 14 51 33 10 0 51
19 62 39 8 27 9 46
27 49 63 64 61 58 13
10 14 51 24 26 18 35
63 22 49 21 8 60 17
18 62 5 25 59 12 7
53 55 53 33 10 0 69
5 28 46 40 58 45 30
13 35 30 11 4 43 33
39 9 4 20 5 8 5
46 51 49 35 21 63 33
27 49 63 15 56 25 38
24 26 18 49 61 5 37
46 51 49 51 27 34 28
17 10 47 24 26 18 33
55 52 11 30 9 55 61
3 4 37 50 34 35 30
0 49 27 31 56 44 18
9 55 18 40 58 45 27
47 21 11 15 56 25 37
34 54 51 31 56 44 7
33 10 0 11 4 43 43
30 9 55 63 22 49 14
26 55 4 34 54 51 47
40 58 45 55 52 11 34
10 14 51 61 45 31 36
59 20 49 11 4 43 17
57 49 30 6 48 27 3
34 54 51 5 28 46 26
20 5 8 8 27 9 22
44 37 44 53 55 53 20
52 8 33 19 62 39 54
49 61 5 14 40 64 62
59 20 49 53 55 53 35
44 37 44 30 9 55 30
57 49 30 29 56 47 18
58 20 2 6 48 27 37
2 57 19 45 60 63 44
54 61 30 23 14 51 51
53 55 53 27 49 63 11
63 22 49 13 35 30 23
52 8 33 46 51 49 45
14 40 64 3 4 37 45
22 13 19 43 29 20 16
31 56 44 50 34 35 23
43 29 20 52 8 33 24
42 46 30 7 20 30 26
42 46 30 39 9 4 45
3 4 37 59 20 49 20
39 9 4 50 34 35 39
61 45 31 35 21 63 40
48 25 39 62 38 43 13
14 40 64 10 14 51 29
56 57 34 42 46 30 11
7 20 30 47 21 11 19
34 54 51 6 48 27 24
14 40 64 2 57 19 48
1 50 53 38 64 13 42
50 34 35 56 57 34 23
57 49 30 39 9 4 47
29 56 47 63 22 49 34
50 34 35 9 55 18 27
64 61 58 60 15 51 46
58 20 2 26 55 4 35
26 55 4 20 5 8 50
48 25 39 29 56 47 32
11 4 43 36 46 17 49
22 13 19 62 38 43 34
14 40 64 50 34 35 29
43 29 20 30 9 55 40
49 61 5 53 55 53 48
40 58 45 49 61 5 40
49 61 5 41 54 48 43
56 57 34 37 39 23 21
9 55 18 56 57 34 16
0 49 27 33 10 0 47
52 8 33 48 25 39 18
12 20 24 49 61 5 45
51 27 34 31 56 44 30
20 5 8 9 55 18 50
26 55 4 53 55 53 49
21 8 60 31 56 44 50
50 34 35 59 20 49 19
2 57 19 25 59 12 7
28 29 47 52 8 33 25
7 20 30 14 40 64 39
60 15 51 61 45 31 36
31 56 44 33 10 0 63
51 27 34 48 25 39 5
33 10 0 5 28 46 49
18 62 5 54 61 30 25
21 8 60 33 10 0 60
42 46 30 62 38 43 15
62 38 43 54 61 30 26
33 10 0 57 49 30 49
30 9 55 10 14 51 6
6 48 27 24 26 18 23
49 61 5 38 64 13 8
30 9 55 0 49 27 48
27 49 63 28 29 47 25
30 9 55 8 27 9 49
17 10 47 62 38 43 28
32 5 22 18 62 5 59
2 57 19 19 62 39 20
21 8 60 27 49 63 41
43 29 20 26 55 4 30
27 49 63 25 59 12 51
14 40 64 47 21 11 56
30 9 55 50 34 35 32
34 54 51 19 62 39 14
43 29 20 53 55 53 42
11 4 43 42 46 30 43
13 35 30 26 55 4 32
0 49 27 36 46 17 10
3 4 37 23 14 51 17
18 62 5 64 61 58 53
12 20 24 21 8 60 37
23 14 51 39 9 4 47
17 10 47 2 57 19 54
18 62 5 22 13 19 50
40 58 45 53 55 53 8
9 55 18 47 21 11 34
43 29 20 0 49 27 21
55 52 11 38 64 13 12
2 57 19 35 21 63 56
25 59 12 14 40 64 55
32 5 22 28 29 47 34
37 39 23 20 5 8 37
25 59 12 39 9 4 50
15 56 25 23 14 51 49
2 57 19 18 62 5 14
59 20 49 56 57 34 39
13 35 30 10 14 51 29
7 20 30 2 57 19 38
55 52 11 33 10 0 43
48 25 39 25 59 12 43
29 56 47 2 57 19 28
28 29 47 22 13 19 32
26 55 4 45 60 63 59
52 8 33 62 38 43 31
15 56 25 18 62 5 20
12 20 24 13 35 30 16
1 50 53 56 57 34 20
43 29 20 35 21 63 43
1 50 53 41 54 48 6
33 10 0 23 14 51 51
17 10 47 20 5 8 39
63 22 49 42 46 30 30
55 52 11 23 14 51 55
43 29 20 20 5 8 26
10 14 51 36 46 17 46
29 56 47 4 25 43 31
42 46 30 57 49 30 3
51 27 34 25 59 12 38
7 20 30 44 37 44 22
32 5 22 58 20 2 25
39 9 4 54 61 30 58
41 54 48 5 28 46 26
63 22 49 15 56 25 41
8 27 9 41 54 48 47
13 35 30 25 59 12 30
54 61 30 37 39 23 23
3 4 37 27 49 63 51
29 56 47 11 4 43 52
41 54 48 35 21 63 36
64 61 58 52 8 33 58
33 10 0 64 61 58 77
6 48 27 10 14 51 41
50 34 35 0 49 27 17
26 55 4 19 62 39 35
60 15 51 3 4 37 17
39 9 4 6 48 27 45
39 9 4 37 39 23 35
19 62 39 35 21 63 47
13 35 30 53 55 53 30
35 21 63 62 38 43 26
24 26 18 28 29 47 29
44 37 44 47 21 11 36
3 4 37 62 38 43 34
34 54 51 25 59 12 39
3 4 37 56 57 34 53
22 13 19 53 55 53 54
4 25 43 50 34 35 12
47 21 11 49 61 5 40
21 8 60 0 49 27 52
47 21 11 45 60 63 65
49 61 5 9 55 18 14
50 34 35 20 5 8 39
20 5 8 35 21 63 57
6 48 27 14 40 64 37
11 4 43 21 8 60 17
18 62 5 47 21 11 41
17 10 47 36 46 17 46
61 45 31 51 27 34 18
63 22 49 10 14 51 8
59 20 49 15 56 25 43
61 45 31 57 49 30 4
23 14 51 30 9 55 6
44 37 44 15 56 25 26
21 8 60 8 27 9 54
47 21 11 25 59 12 38
51 27 34 37 39 23 16
24 26 18 8 27 9 9
20 5 8 16 11 54 46
0 49 27 18 62 5 25
9 55 18 28 29 47 38
60 15 51 12 20 24 27
2 57 19 10 14 51 53
57 49 30 19 62 39 15
50 34 35 17 10 47 26
52 8 33 9 55 18 49
48 25 39 4 25 43 4
10 14 51 48 25 39 16
45 60 63 51 27 34 43
40 58 45 58 20 2 57
24 26 18 48 25 39 21
39 9 4 22 13 19 15
20 5 8 61 45 31 46
27 49 63 45 60 63 11
28 29 47 41 54 48 25
60 15 51 24 26 18 34
15 56 25 40 58 45 20
16 11 54 32 5 22 32
39 9 4 56 57 34 56
54 61 30 7 20 30 41
31 56 44 14 40 64 25
10 14 51 11 4 43 12
54 61 30 41 54 48 19
30 9 55 17 10 47 8
62 38 43 64 61 58 27
21 8 60 40 58 45 52
17 10 47 25 59 12 60
64 61 58 58 20 2 69
18 62 5 20 5 8 57
37 39 23 23 14 51 37
58 20 2 11 4 43 44
42 46 30 37 39 23 9
64 61 58 4 25 43 39
6 48 27 20 5 8 47
30 9 55 3 4 37 18
41 54 48 25 59 12 36
28 29 47 20 5 8 45
44 37 44 42 46 30 16
28 29 47 46 51 49 22
17 10 47 51 27 34 21
0 49 27 52 8 33 41
28 29 47 17 10 47 19
9 55 18 2 57 19 2
55 52 11 5 28 46 42
59 20 49 33 10 0 50
44 37 44 57 49 30 18
14 40 64 55 52 11 54
56 57 34 62 38 43 21
24 26 18 0 49 27 24
0 49 27 41 54 48 21
46 51 49 41 54 48 3
54 61 30 28 29 47 36
15 56 25 29 56 47 22
43 29 20 10 14 51 34
46 51 49 43 29 20 36
18 62 5 34 54 51 46
4 25 43 46 51 49 26
16 11 54 39 9 4 50
58 20 2 56 57 34 48
50 34 35 28 29 47 13
8 27 9 56 57 34 39
4 25 43 33 10 0 45
0 49 27 17 10 47 43
24 26 18 46 51 49 39
5 28 46 36 46 17 34
15 56 25 14 40 64 42
63 22 49 9 55 18 45
30 9 55 39 9 4 51
22 13 19 32 5 22 8
4 25 43 34 54 51 30
55 52 11 9 55 18 7
27 49 63 61 45 31 32
45 60 63 33 10 0 80
64 61 58 20 5 8 75
38 64 13 39 9 4 55
10 14 51 62 38 43 25
34 54 51 62 38 43 17
45 60 63 12 20 24 55
31 56 44 55 52 11 33
64 61 58 40 58 45 13
4 25 43 57 49 30 27
41 54 48 48 25 39 30
2 57 19 3 4 37 55
49 61 5 8 27 9 34
64 61 58 28 29 47 33
28 29 47 57 49 30 26
59 20 49 14 40 64 25
46 51 49 42 46 30 19
36 46 17 23 14 51 46
18 62 5 17 10 47 66
23 14 51 40 58 45 44
33 10 0 30 9 55 55
26 55 4 33 10 0 45
19 62 39 51 27 34 35
17 10 47 46 51 49 41
28 29 47 33 10 0 50
59 20 49 10 14 51 6
35 21 63 54 61 30 51
23 14 51 25 59 12 59
57 49 30 64 61 58 30
44 37 44 21 8 60 33
45 60 63 32 5 22 68
35 21 63 38 64 13 65
34 54 51 0 49 27 24
9 55 18 39 9 4 48
43 29 20 21 8 60 45
52 8 33 3 4 37 5
61 45 31 18 62 5 31
6 48 27 25 59 12 18
30 9 55 31 56 44 48
39 9 4 43 29 20 25
47 21 11 38 64 13 43
20 5 8 33 10 0 9
7 20 30 48 25 39 10
6 48 27 52 8 33 40
23 14 51 6 48 27 41
22 13 19 15 56 25 43
11 4 43 40 58 45 54
8 27 9 15 56 25 33
11 4 43 41 54 48 50
0 49 27 6 48 27 1
6 48 27 49 61 5 25
23 14 51 7 20 30 21
53 55 53 48 25 39 33
38 64 13 29 56 47 34
46 51 49 54 61 30 21
22 13 19 38 64 13 51
22 13 19 6 48 27 35
57 49 30 38 64 13 22
42 46 30 26 55 4 27
59 20 49 7 20 30 19
27 49 63 52 8 33 50
30 9 55 1 50 53 41
37 39 23 46 51 49 28
55 52 11 58 20 2 33
17 10 47 15 56 25 50
32 5 22 20 5 8 14
3 4 37 15 56 25 53
17 10 47 22 13 19 28
40 58 45 44 37 44 21
11 4 43 39 9 4 39
62 38 43 43 29 20 24
35 21 63 57 49 30 43
33 10 0 52 8 33 33
46 51 49 60 15 51 36
1 50 53 42 46 30 23
16 11 54 31 56 44 46
8 27 9 32 5 22 25
26 55 4 5 28 46 49
3 4 37 42 46 30 42
44 37 44 20 5 8 48
31 56 44 27 49 63 20
54 61 30 33 10 0 59
39 9 4 49 61 5 52
36 46 17 13 35 30 17
52 8 33 11 4 43 10
8 27 9 34 54 51 49
30 9 55 24 26 18 40
12 20 24 54 61 30 41
48 25 39 55 52 11 38
26 55 4 29 56 47 43
27 49 63 2 57 19 44
59 20 49 46 51 49 31
20 5 8 13 35 30 37
34 54 51 20 5 8 65
9 55 18 58 20 2 38
60 15 51 21 8 60 11
21 8 60 47 21 11 50
45 60 63 43 29 20 53
55 52 11 21 8 60 65
54 61 30 63 22 49 43
57 49 30 2 57 19 13
50 34 35 38 64 13 37
31 56 44 52 8 33 49
7 20 30 40 58 45 40
0 49 27 39 9 4 46
28 29 47 42 46 30 24
29 56 47 55 52 11 36
18 62 5 43 29 20 36
9 55 18 1 50 53 35
18 62 5 10 14 51 66
27 49 63 41 54 48 15
3 4 37 43 29 20 30
54 61 30 64 61 58 28
63 22 49 16 11 54 12
39 9 4 58 20 2 11
50 34 35 61 45 31 11
64 61 58 47 21 11 61
31 56 44 23 14 51 42
39 9 4 34 54 51 65
9 55 18 36 46 17 9
44 37 44 3 4 37 33
57 49 30 36 46 17 13
40 58 45 47 21 11 50
23 14 51 57 49 30 40
42 46 30 8 27 9 28
33 10 0 29 56 47 65
9 55 18 61 45 31 16
37 39 23 6 48 27 9
60 15 51 62 38 43 24
35 21 63 31 56 44 39
60 15 51 31 56 44 41
45 60 63 5 28 46 36
56 57 34 6 48 27 11
41 54 48 34 54 51 3
3 4 37 8 27 9 36
35 21 63 52 8 33 32
1 50 53 12 20 24 41
3 4 37 46 51 49 48
61 45 31 23 14 51 36
12 20 24 37 39 23 19
13 35 30 33 10 0 39
30 9 55 41 54 48 45
40 58 45 13 35 30 27
32 5 22 47 21 11 19
31 56 44 37 39 23 27
37 39 23 50 34 35 13
18 62 5 30 9 55 72
7 20 30 1 50 53 37
19 62 39 36 46 17 27
39 9 4 55 52 11 43
12 20 24 23 14 51 27
11 4 43 3 4 37 6
58 20 2 16 11 54 52
58 20 2 3 4 37 38
42 46 30 19 62 39 18
42 46 30 45 60 63 35
1 50 53 49 61 5 49
8 27 9 13 35 30 22
53 55 53 55 52 11 42
60 15 51 44 37 44 23
40 58 45 50 34 35 26
59 20 49 16 11 54 10
52 8 33 5 28 46 23
63 22 49 8 27 9 40
36 46 17 64 61 58 43
10 14 51 49 61 5 65
10 14 51 3 4 37 17
61 45 31 32 5 22 41
3 4 37 63 22 49 21
42 46 30 22 13 19 34
15 56 25 34 54 51 26
45 60 63 7 20 30 51
29 56 47 61 45 31 19
53 55 53 24 26 18 45
45 60 63 41 54 48 16
51 27 34 9 55 18 32
50 34 35 44 37 44 9
59 20 49 21 8 60 16
0 49 27 20 5 8 47
4 25 43 31 56 44 31
60 15 51 40 58 45 43
9 55 18 35 21 63 56
63 22 49 25 59 12 52
18 62 5 49 61 5 1
15 56 25 53 55 53 28
25 59 12 38 64 13 5
55 52 11 10 14 51 55
51 27 34 26 55 4 41
30 9 55 48 25 39 22
37 39 23 10 14 51 37
47 21 11 50 34 35 27
1 50 53 48 25 39 28
41 54 48 24 26 18 41
37 39 23 22 13 19 26
13 35 30 64 61 58 38
23 14 51 38 64 13 62
42 46 30 16 11 54 42
5 28 46 39 9 4 46
22 13 19 5 28 46 30
54 61 30 29 56 47 17
45 60 63 8 27 9 63
60 15 51 30 9 55 7
4 25 43 60 15 51 12
53 55 53 8 27 9 52
6 48 27 45 60 63 37
35 21 63 30 9 55 14
29 56 47 53 55 53 6
58 20 2 36 46 17 30
17 10 47 38 64 13 63
13 35 30 21 8 60 40
51 27 34 22 13 19 20
48 25 39 15 56 25 34
38 64 13 6 48 27 21
57 49 30 1 50 53 23
36 46 17 47 21 11 25
12 20 24 43 29 20 9
32 5 22 0 49 27 44
17 10 47 23 14 51 5
19 62 39 46 51 49 14
23 14 51 5 28 46 14
7 20 30 64 61 58 49
46 51 49 9 55 18 31
26 55 4 25 59 12 8
44 37 44 54 61 30 27
42 46 30 59 20 49 32
47 21 11 35 21 63 52
4 25 43 53 55 53 31
27 49 63 30 9 55 40
64 61 58 11 4 43 58
9 55 18 19 62 39 22
37 39 23 11 4 43 40
28 29 47 30 9 55 21
59 20 49 62 38 43 18
54 61 30 58 20 2 49
10 14 51 41 54 48 40
42 46 30 38 64 13 24
19 62 39 32 5 22 59
33 10 0 46 51 49 63
52 8 33 21 8 60 27
18 62 5 39 9 4 53
27 49 63 8 27 9 58
49 61 5 33 10 0 51
12 20 24 42 46 30 26
36 46 17 37 39 23 9
8 27 9 47 21 11 6
47 21 11 5 28 46 35
24 26 18 32 5 22 21
43 29 20 34 54 51 39
48 25 39 32 5 22 26
31 56 44 64 61 58 14
43 29 20 5 28 46 26
58 20 2 62 38 43 44
9 55 18 17 10 47 53
1 50 53 31 56 44 10
45 60 63 14 40 64 20
45 60 63 59 20 49 42
34 54 51 40 58 45 7
39 9 4 62 38 43 48
39 9 4 64 61 58 74
0 49 27 3 4 37 46
17 10 47 45 60 63 52
8 27 9 64 61 58 59
45 60 63 34 54 51 13
57 49 30 40 58 45 17
41 54 48 61 45 31 19
13 35 30 42 46 30 11
38 64 13 45 60 63 50
38 64 13 33 10 0 55
8 27 9 12 20 24 16
42 46 30 58 20 2 38
32 5 22 14 40 64 54
15 56 25 39 9 4 51
51 27 34 23 14 51 21
57 49 30 9 55 18 13
52 8 33 2 57 19 50
16 11 54 48 25 39 20
15 56 25 25 59 12 13
19 62 39 5 28 46 34
27 49 63 18 62 5 59
49 61 5 48 25 39 49
14 40 64 26 55 4 61
46 51 49 64 61 58 13
57 49 30 13 35 30 14
28 29 47 49 61 5 52
4 25 43 52 8 33 19
59 20 49 9 55 18 46
21 8 60 22 13 19 41
53 55 53 35 21 63 35
34 54 51 53 55 53 2
57 49 30 20 5 8 49
25 59 12 3 4 37 60
47 21 11 53 55 53 54
44 37 44 35 21 63 24
43 29 20 13 35 30 11
5 28 46 49 61 5 52
17 10 47 60 15 51 6
0 49 27 48 25 39 26
35 21 63 49 61 5 70
27 49 63 57 49 30 33
11 4 43 44 37 44 33
63 22 49 18 62 5 59
20 5 8 25 59 12 54
16 11 54 23 14 51 4
58 20 2 52 8 33 33
35 21 63 0 49 27 45
7 20 30 61 45 31 25
30 9 55 22 13 19 36
61 45 31 25 59 12 23
29 56 47 6 48 27 21
52 8 33 49 61 5 59
19 62 39 39 9 4 63
11 4 43 22 13 19 25
26 55 4 30 9 55 68
24 26 18 47 21 11 8
11 4 43 12 20 24 24
32 5 22 51 27 34 25
44 37 44 59 20 49 17
54 61 30 1 50 53 25
55 52 11 24 26 18 26
7 20 30 33 10 0 31
31 56 44 22 13 19 49
52 8 33 18 62 5 60
56 57 34 33 10 0 58
32 5 22 46 51 49 53
37 39 23 49 61 5 28
37 39 23 40 58 45 29
1 50 53 0 49 27 26
57 49 30 22 13 19 37
15 56 25 61 45 31 12
3 4 37 24 26 18 29
41 54 48 64 61 58 12
41 54 48 55 52 11 37
40 58 45 62 38 43 20
38 64 13 59 20 49 56
46 51 49 61 45 31 18
56 57 34 20 5 8 58
32 5 22 5 28 46 33
45 60 63 64 61 58 5
0 49 27 49 61 5 25
47 21 11 12 20 24 13
47 21 11 62 38 43 36
55 52 11 45 60 63 52
55 52 11 50 34 35 30
18 62 5 33 10 0 52
48 25 39 11 4 43 21
54 61 30 15 56 25 7
11 4 43 2 57 19 58
48 25 39 28 29 47 8
0 49 27 53 55 53 26
55 52 11 32 5 22 48
2 57 19 36 46 17 11
36 46 17 39 9 4 39
4 25 43 59 20 49 7
42 46 30 52 8 33 38
19 62 39 48 25 39 37
8 27 9 10 14 51 43
23 14 51 35 21 63 13
17 10 47 6 48 27 42
61 45 31 62 38 43 13
1 50 53 28 29 47 21
41 54 48 9 55 18 30
50 34 35 16 11 54 29
22 13 19 50 34 35 26
30 9 55 21 8 60 5
17 10 47 32 5 22 25
18 62 5 56 57 34 29
3 4 37 18 62 5 66
64 61 58 21 8 60 53
56 57 34 54 61 30 5
55 52 11 37 39 23 17
60 15 51 54 61 30 50
26 55 4 47 21 11 34
13 35 30 44 37 44 14
6 48 27 12 20 24 28
38 64 13 53 55 53 41
53 55 53 11 4 43 51
60 15 51 49 61 5 65
62 38 43 49 61 5 44
9 55 18 22 13 19 42
29 56 47 3 4 37 52
51 27 34 30 9 55 27
47 21 11 30 9 55 45
20 5 8 11 4 43 35
19 62 39 30 9 55 55
58 20 2 31 56 44 55
56 57 34 25 59 12 22
50 34 35 13 35 30 5
16 11 54 37 39 23 41
8 27 9 44 37 44 36
36 46 17 22 13 19 33
37 39 23 32 5 22 34
15 56 25 35 21 63 51
29 56 47 0 49 27 21
30 9 55 5 28 46 21
50 34 35 26 55 4 37
9 55 18 5 28 46 38
15 56 25 32 5 22 51
10 14 51 39 9 4 47
29 56 47 8 27 9 47
62 38 43 50 34 35 8
41 54 48 23 14 51 40
54 61 30 42 46 30 15
24 26 18 14 40 64 48
20 5 8 23 14 51 43
32 5 22 1 50 53 54
54 61 30 59 20 49 45
28 29 47 61 45 31 22
28 29 47 6 48 27 27
31 56 44 8 27 9 45
63 22 49 39 9 4 46
6 48 27 44 37 44 20
43 29 20 24 26 18 3
60 15 51 10 14 51 1
12 20 24 56 57 34 38
18 62 5 29 56 47 42
25 59 12 42 46 30 22
50 34 35 64 61 58 35
47 21 11 55 52 11 31
48 25 39 14 40 64 29
37 39 23 35 21 63 43
26 55 4 22 13 19 44
23 14 51 49 61 5 65
61 45 31 6 48 27 5
63 22 49 33 10 0 50
19 62 39 10 14 51 49
45 60 63 21 8 60 52
29 56 47 42 46 30 19
47 21 11 20 5 8 16
18 62 5 1 50 53 49
36 46 17 4 25 43 33
48 25 39 21 8 60 27
19 62 39 20 5 8 64
35 21 63 8 27 9 54
28 29 47 38 64 13 48
59 20 49 28 29 47 9
43 29 20 6 48 27 20
56 57 34 45 60 63 29
32 5 22 52 8 33 11
28 29 47 31 56 44 27
64 61 58 15 56 25 33
21 8 60 26 55 4 73
52 8 33 14 40 64 44
64 61 58 12 20 24 53
18 62 5 53 55 53 48
29 56 47 56 57 34 13
16 11 54 21 8 60 6
41 54 48 15 56 25 23
17 10 47 39 9 4 43
36 46 17 62 38 43 27
51 27 34 4 25 43 9
50 34 35 29 56 47 25
59 20 49 57 49 30 34
21 8 60 2 57 19 63
24 26 18 31 56 44 39
17 10 47 29 56 47 46
5 28 46 1 50 53 23
27 49 63 55 52 11 52
0 49 27 54 61 30 12
45 60 63 54 61 30 33
26 55 4 59 20 49 57
44 37 44 62 38 43 1
19 62 39 11 4 43 58
1 50 53 29 56 47 8
23 14 51 63 22 49 8
54 61 30 16 11 54 55
51 27 34 64 61 58 41
56 57 34 24 26 18 34
32 5 22 10 14 51 30
11 4 43 26 55 4 64
8 27 9 1 50 53 49
52 8 33 45 60 63 60
12 20 24 55 52 11 34
16 11 54 17 10 47 7
48 25 39 50 34 35 9
55 52 11 7 20 30 37
49 61 5 59 20 49 60
17 10 47 40 58 45 48
24 26 18 22 13 19 13
49 61 5 21 8 60 76
40 58 45 54 61 30 15
58 20 2 34 54 51 59
27 49 63 48 25 39 33
61 45 31 34 54 51 21
40 58 45 28 29 47 29
48 25 39 45 60 63 42
6 48 27 59 20 49 35
28 29 47 47 21 11 36
16 11 54 52 8 33 21
24 26 18 7 20 30 13
42 46 30 2 57 19 15
51 27 34 21 8 60 32
28 29 47 12 20 24 24
23 14 51 48 25 39 16
59 20 49 25 59 12 53
56 57 34 55 52 11 23
18 62 5 60 15 51 65
26 55 4 3 4 37 60
13 35 30 2 57 19 24
21 8 60 50 34 35 36
64 61 58 22 13 19 61
5 28 46 56 57 34 31
29 56 47 12 20 24 42
5 28 46 12 20 24 23
41 54 48 50 34 35 23
54 61 30 50 34 35 27
13 35 30 52 8 33 27
56 57 34 44 37 44 22
4 25 43 54 61 30 38
10 14 51 26 55 4 62
42 46 30 10 14 51 38
4 25 43 27 49 63 31
28 29 47 19 62 39 33
29 56 47 62 38 43 18
61 45 31 2 57 19 16
20 5 8 42 46 30 46
18 62 5 6 48 27 26
5 28 46 29 56 47 28
52 8 33 51 27 34 19
63 22 49 2 57 19 46
29 56 47 9 55 18 29
53 55 53 51 27 34 33
41 54 48 3 4 37 51
39 9 4 14 40 64 67
26 55 4 32 5 22 53
24 26 18 44 37 44 28
61 45 31 55 52 11 21
34 54 51 14 40 64 19
7 20 30 26 55 4 43
4 25 43 30 9 55 20
3 4 37 39 9 4 33
25 59 12 64 61 58 46
33 10 0 40 58 45 65
30 9 55 59 20 49 12
33 10 0 15 56 25 52
18 62 5 36 46 17 20
26 55 4 2 57 19 15
39 9 4 46 51 49 61
38 64 13 48 25 39 46
23 14 51 27 49 63 37
50 34 35 45 60 63 38
14 40 64 41 54 48 21
25 59 12 37 39 23 22
50 34 35 12 20 24 17
33 10 0 27 49 63 74
26 55 4 40 58 45 41
46 51 49 0 49 27 22
32 5 22 40 58 45 57
15 56 25 11 4 43 55
11 4 43 60 15 51 13
27 49 63 19 62 39 27
7 20 30 8 27 9 22
59 20 49 41 54 48 34
64 61 58 29 56 47 12
7 20 30 13 35 30 15
24 26 18 40 58 45 41
15 56 25 21 8 60 59
10 14 51 9 55 18 52
29 56 47 24 26 18 41
35 21 63 34 54 51 35
25 59 12 21 8 60 70
12 20 24 39 9 4 22
51 27 34 55 52 11 33
27 49 63 49 61 5 59
43 29 20 1 50 53 39
23 14 51 8 27 9 43
14 40 64 30 9 55 32
3 4 37 6 48 27 45
61 45 31 49 61 5 30
32 5 22 39 9 4 18
11 4 43 61 45 31 42
29 56 47 32 5 22 56
50 34 35 42 46 30 13
58 20 2 23 14 51 49
9 55 18 37 39 23 16
33 10 0 8 27 9 19
58 20 2 25 59 12 40
60 15 51 35 21 63 13
14 40 64 29 56 47 23
33 10 0 58 20 2 10
64 61 58 19 62 39 19
11 4 43 24 26 18 33
49 61 5 45 60 63 58
3 4 37 5 28 46 25
7 20 30 18 62 5 48
6 48 27 32 5 22 43
11 4 43 28 29 47 25
10 14 51 12 20 24 27
54 61 30 52 8 33 53
26 55 4 37 39 23 24
58 20 2 0 49 27 38
31 56 44 3 4 37 52
63 22 49 45 60 63 40
61 45 31 63 22 49 29
14 40 64 33 10 0 70
39 9 4 47 21 11 13
0 49 27 5 28 46 28
64 61 58 0 49 27 33
31 56 44 10 14 51 42
3 4 37 19 62 39 58
9 55 18 16 11 54 56
55 52 11 8 27 9 25
2 57 19 4 25 43 40
58 20 2 15 56 25 42
60 15 51 45 60 63 46
6 48 27 54 61 30 13
23 14 51 4 25 43 13
26 55 4 0 49 27 23
35 21 63 1 50 53 30
33 10 0 34 54 51 67
34 54 51 52 8 33 49
5 28 46 13 35 30 17
54 61 30 32 5 22 56
36 46 17 41 54 48 32
38 64 13 62 38 43 39
53 55 53 57 49 30 23
5 28 46 58 20 2 44
16 11 54 36 46 17 50
52 8 33 41 54 48 48
63 22 49 52 8 33 21
18 62 5 24 26 18 38
60 15 51 19 62 39 48
60 15 51 8 27 9 43
53 55 53 36 46 17 37
10 14 51 7 20 30 21
27 49 63 10 14 51 37
37 39 23 61 45 31 10
63 22 49 37 39 23 31
27 49 63 0 49 27 36
26 55 4 63 22 49 55
60 15 51 7 20 30 21
25 59 12 50 34 35 33
27 49 63 47 21 11 59
9 55 18 32 5 22 50
7 20 30 43 29 20 13
6 48 27 19 62 39 18
37 39 23 57 49 30 12
17 10 47 12 20 24 25
15 56 25 36 46 17 12
33 10 0 35 21 63 63
6 48 27 7 20 30 28
39 9 4 21 8 60 56
60 15 51 34 54 51 39
1 50 53 22 13 19 50
46 51 49 25 59 12 37
52 8 33 7 20 30 12
21 8 60 5 28 46 24
27 49 63 63 22 49 30
6 48 27 35 21 63 45
31 56 44 12 20 24 41
15 56 25 57 49 30 8
8 27 9 46 51 49 46
50 34 35 53 55 53 27
38 64 13 61 45 31 26
7 20 30 58 20 2 28
1 50 53 40 58 45 11
53 55 53 5 28 46 27
55 52 11 44 37 44 36
26 55 4 35 21 63 68
27 49 63 7 20 30 43
2 57 19 1 50 53 34
18 62 5 40 58 45 40
12 20 24 14 40 64 44
55 52 11 26 55 4 7
14 40 64 20 5 8 66
18 62 5 16 11 54 70
30 9 55 42 46 30 44
45 60 63 29 56 47 16
13 35 30 35 21 63 35
27 49 63 12 20 24 48
24 26 18 23 14 51 35
54 61 30 53 55 53 23
59 20 49 48 25 39 11
18 62 5 21 8 60 77
25 59 12 49 61 5 7
14 40 64 57 49 30 35
64 61 58 35 21 63 40
10 14 51 56 57 34 46
31 56 44 45 60 63 19
60 15 51 36 46 17 46
48 25 39 46 51 49 27
53 55 53 63 22 49 33
19 62 39 62 38 43 24
62 38 43 27 49 63 22
17 10 47 7 20 30 19
6 48 27 47 21 11 31
29 56 47 10 14 51 42
34 54 51 22 13 19 52
21 8 60 3 4 37 23
18 62 5 58 20 2 42
7 20 30 19 62 39 42
42 46 30 53 55 53 24
41 54 48 40 58 45 5
56 57 34 60 15 51 45
44 37 44 58 20 2 45
9 55 18 7 20 30 37
11 4 43 57 49 30 46
14 40 64 23 14 51 29
32 5 22 44 37 44 38
46 51 49 16 11 54 40
51 27 34 20 5 8 34
27 49 63 20 5 8 70
57 49 30 52 8 33 41
7 20 30 5 28 46 17
35 21 63 10 14 51 13
5 28 46 35 21 63 18
25 59 12 16 11 54 63
30 9 55 13 35 30 36
25 59 12 62 38 43 37
7 20 30 41 54 48 38
12 20 24 40 58 45 43
54 61 30 19 62 39 9
12 20 24 36 46 17 26
26 55 4 39 9 4 46
12 20 24 52 8 33 15
38 64 13 11 4 43 67
51 27 34 44 37 44 14
23 14 51 45 60 63 47
12 20 24 35 21 63 39
9 55 18 44 37 44 31
9 55 18 30 9 55 59
51 27 34 56 57 34 30
30 9 55 56 57 34 52
28 29 47 43 29 20 27
5 28 46 61 45 31 22
49 61 5 46 51 49 45
22 13 19 23 14 51 32
23 14 51 2 57 19 53