45 990
38 39 14 5 11 23 29
11 44 31 27 37 30 7
37 40 27 18 13 18 28
25 30 25 38 39 14 14
6 21 18 29 40 44 32
30 19 13 42 31 41 30
22 36 0 10 8 2 28
30 19 13 18 13 18 7
38 39 14 13 3 40 44
25 30 25 22 36 0 25
25 30 25 33 21 32 11
38 39 14 43 3 19 36
2 31 19 40 7 24 24
23 31 23 36 9 44 30
12 35 4 8 23 36 34
10 8 2 24 25 27 30
10 8 2 44 18 7 11
38 39 14 15 28 33 21
27 37 30 0 5 6 40
36 9 44 20 39 24 36
0 5 6 23 31 23 31
24 25 27 35 35 31 10
29 40 44 23 31 23 22
18 13 18 40 7 24 8
13 3 40 24 25 27 25
4 38 27 34 40 29 2
11 44 31 44 18 7 35
11 44 31 33 21 32 23
12 35 4 40 7 24 34
40 7 24 38 39 14 33
23 31 23 12 35 4 19
26 21 44 41 10 39 12
11 44 31 25 30 25 15
11 44 31 29 40 44 13
44 18 7 2 31 19 17
14 3 1 18 13 18 19
4 38 27 32 31 35 10
26 21 44 8 23 36 8
17 3 33 9 11 10 24
43 3 19 36 9 44 25
29 40 44 32 31 35 12
0 5 6 9 11 10 7
16 20 14 35 35 31 22
12 35 4 32 31 35 31
36 9 44 33 21 32 16
32 31 35 24 25 27 10
0 5 6 15 28 33 35
2 31 19 35 35 31 12
29 40 44 33 21 32 22
33 21 32 6 21 18 14
9 11 10 21 16 38 28
15 28 33 13 3 40 25
42 31 41 23 31 23 18
6 21 18 43 3 19 18
34 40 29 2 31 19 13
1 31 40 15 28 33 7
36 9 44 41 10 39 5
39 29 36 8 23 36 6
40 7 24 31 8 8 16
33 21 32 9 11 10 24
2 31 19 0 5 6 29
4 38 27 37 40 27 2
17 3 33 1 31 40 28
17 3 33 28 10 9 25
7 22 7 22 36 0 15
35 35 31 40 7 24 28
9 11 10 11 44 31 39
35 35 31 42 31 41 10
5 11 23 3 12 36 13
19 18 35 1 31 40 13
19 18 35 30 19 13 22
23 31 23 13 3 40 32
28 10 9 23 31 23 25
28 10 9 19 18 35 27
17 3 33 15 28 33 25
0 5 6 11 44 31 46
9 11 10 10 8 2 8
25 30 25 34 40 29 10
12 35 4 20 39 24 20
18 13 18 31 8 8 11
20 39 24 24 25 27 14
42 31 41 15 28 33 8
19 18 35 6 21 18 17
36 9 44 29 40 44 31
10 8 2 11 44 31 46
8 23 36 7 22 7 29
29 40 44 14 3 1 56
30 19 13 41 10 39 27
31 8 8 1 31 40 39
9 11 10 28 10 9 1
24 25 27 7 22 7 20
26 21 44 2 31 19 26
7 22 7 10 8 2 14
20 39 24 21 16 38 26
28 10 9 42 31 41 38
21 16 38 12 35 4 38
33 21 32 41 10 39 13
35 35 31 14 3 1 43
7 22 7 0 5 6 17
25 30 25 40 7 24 23
26 21 44 37 40 27 25
36 9 44 28 10 9 35
3 12 36 37 40 27 29
5 11 23 10 8 2 21
15 28 33 3 12 36 16
0 5 6 37 40 27 40
41 10 39 18 13 18 21
28 10 9 21 16 38 29
9 11 10 32 31 35 32
15 28 33 34 40 29 12
42 31 41 39 29 36 5
7 22 7 21 16 38 31
21 16 38 25 30 25 19
6 21 18 31 8 8 16
35 35 31 8 23 36 13
41 10 39 10 8 2 37
30 19 13 4 38 27 23
37 40 27 11 44 31 5
4 38 27 27 37 30 3
15 28 33 24 25 27 6
37 40 27 27 37 30 4
20 39 24 28 10 9 32
41 10 39 35 35 31 26
24 25 27 16 20 14 13
23 31 23 5 11 23 20
36 9 44 21 16 38 9
25 30 25 0 5 6 31
12 35 4 14 3 1 32
40 7 24 29 40 44 38
13 3 40 10 8 2 38
37 40 27 10 8 2 40
6 21 18 44 18 7 11
16 20 14 38 39 14 19
34 40 29 19 18 35 22
41 10 39 11 44 31 34
30 19 13 33 21 32 19
18 13 18 35 35 31 25
40 7 24 41 10 39 15
1 31 40 41 10 39 21
29 40 44 22 36 0 44
20 39 24 9 11 10 31
44 18 7 36 9 44 38
40 7 24 15 28 33 22
34 40 29 43 3 19 38
32 31 35 31 8 8 35
14 3 1 21 16 38 39
28 10 9 4 38 27 33
5 11 23 16 20 14 12
3 12 36 44 18 7 29
17 3 33 13 3 40 7
42 31 41 10 8 2 45
20 39 24 27 37 30 6
27 37 30 24 25 27 12
34 40 29 26 21 44 24
43 3 19 8 23 36 26
25 30 25 23 31 23 2
19 18 35 16 20 14 21
6 21 18 36 9 44 28
36 9 44 14 3 1 43
4 38 27 33 21 32 17
25 30 25 10 8 2 31
0 5 6 17 3 33 27
3 12 36 30 19 13 24
21 16 38 6 21 18 20
18 13 18 12 35 4 26
0 5 6 13 3 40 34
22 36 0 41 10 39 46
36 9 44 34 40 29 34
29 40 44 18 13 18 37
11 44 31 14 3 1 50
13 3 40 39 29 36 26
36 9 44 16 20 14 31
4 38 27 26 21 44 24
28 10 9 15 28 33 30
34 40 29 28 10 9 36
32 31 35 20 39 24 13
33 21 32 18 13 18 16
25 30 25 26 21 44 21
2 31 19 21 16 38 24
39 29 36 18 13 18 24
14 3 1 1 31 40 48
4 38 27 1 31 40 14
41 10 39 39 29 36 19
16 20 14 9 11 10 9
14 3 1 10 8 2 5
32 31 35 28 10 9 33
44 18 7 32 31 35 30
26 21 44 1 31 40 10
20 39 24 18 13 18 26
19 18 35 23 31 23 17
44 18 7 12 35 4 17
33 21 32 34 40 29 19
25 30 25 27 37 30 8
25 30 25 19 18 35 15
15 28 33 27 37 30 9
8 23 36 28 10 9 29
37 40 27 20 39 24 3
41 10 39 16 20 14 26
22 36 0 15 28 33 33
23 31 23 37 40 27 9
31 8 8 15 28 33 32
19 18 35 36 9 44 12
28 10 9 7 22 7 12
29 40 44 15 28 33 16
40 7 24 24 25 27 18
2 31 19 8 23 36 18
14 3 1 6 21 18 24
7 22 7 35 35 31 27
31 8 8 43 3 19 12
12 35 4 38 39 14 10
27 37 30 21 16 38 22
19 18 35 22 36 0 39
4 38 27 38 39 14 13
32 31 35 3 12 36 19
40 7 24 11 44 31 37
6 21 18 25 30 25 11
19 18 35 43 3 19 21
4 38 27 11 44 31 7
4 38 27 16 20 14 22
7 22 7 29 40 44 41
20 39 24 19 18 35 23
17 3 33 25 30 25 28
26 21 44 10 8 2 43
2 31 19 39 29 36 17
33 21 32 27 37 30 16
4 38 27 39 29 36 12
26 21 44 24 25 27 17
39 29 36 23 31 23 13
3 12 36 24 25 27 15
7 22 7 6 21 18 11
35 35 31 37 40 27 6
5 11 23 11 44 31 33
23 31 23 6 21 18 11
7 22 7 15 28 33 26
21 16 38 39 29 36 13
39 29 36 33 21 32 8
44 18 7 30 19 13 6
43 3 19 13 3 40 21
35 35 31 32 31 35 5
43 3 19 5 11 23 8
19 18 35 32 31 35 13
25 30 25 36 9 44 28
2 31 19 4 38 27 10
6 21 18 11 44 31 26
21 16 38 18 13 18 20
25 30 25 35 35 31 7
31 8 8 0 5 6 3
18 13 18 1 31 40 28
8 23 36 24 25 27 9
4 38 27 13 3 40 37
43 3 19 14 3 1 18
8 23 36 14 3 1 40
44 18 7 14 3 1 16
10 8 2 40 7 24 22
12 35 4 34 40 29 25
20 39 24 3 12 36 29
42 31 41 12 35 4 37
1 31 40 38 39 14 27
34 40 29 5 11 23 29
6 21 18 34 40 29 21
5 11 23 39 29 36 22
30 19 13 27 37 30 24
42 31 41 32 31 35 6
31 8 8 5 11 23 15
18 13 18 38 39 14 26
23 31 23 10 8 2 31
33 21 32 44 18 7 25
41 10 39 13 3 40 7
36 9 44 32 31 35 23
22 36 0 14 3 1 33
18 13 18 15 28 33 21
17 3 33 12 35 4 43
43 3 19 40 7 24 6
17 3 33 19 18 35 15
23 31 23 3 12 36 23
17 3 33 42 31 41 29
21 16 38 31 8 8 31
26 21 44 12 35 4 42
33 21 32 32 31 35 10
3 12 36 21 16 38 4
8 23 36 10 8 2 37
40 7 24 17 3 33 9
0 5 6 16 20 14 17
16 20 14 3 12 36 23
41 10 39 34 40 29 31
35 35 31 27 37 30 2
7 22 7 27 37 30 27
19 18 35 10 8 2 34
2 31 19 1 31 40 21
17 3 33 31 8 8 25
2 31 19 32 31 35 16
40 7 24 36 9 44 20
25 30 25 15 28 33 8
37 40 27 42 31 41 16
15 28 33 23 31 23 10
31 8 8 26 21 44 38
9 11 10 30 19 13 8
29 40 44 17 3 33 38
17 3 33 8 23 36 20
28 10 9 2 31 19 23
30 19 13 15 28 33 21
15 28 33 21 16 38 13
10 8 2 43 3 19 17
21 16 38 44 18 7 31
4 38 27 3 12 36 27
5 11 23 35 35 31 25
4 38 27 9 11 10 31
15 28 33 11 44 31 16
30 19 13 17 3 33 25
40 7 24 32 31 35 26
41 10 39 29 40 44 30
15 28 33 6 21 18 16
16 20 14 18 13 18 8
14 3 1 25 30 25 36
41 10 39 31 8 8 31
43 3 19 9 11 10 12
39 29 36 31 8 8 35
34 40 29 38 39 14 15
30 19 13 16 20 14 1
1 31 40 29 40 44 9
8 23 36 23 31 23 15
29 40 44 42 31 41 9
10 8 2 1 31 40 44
40 7 24 3 12 36 13
37 40 27 22 36 0 27
12 35 4 5 11 23 30
28 10 9 29 40 44 46
1 31 40 23 31 23 17
11 44 31 36 9 44 37
21 16 38 34 40 29 25
43 3 19 42 31 41 35
1 31 40 16 20 14 28
39 29 36 19 18 35 11
44 18 7 18 13 18 12
7 22 7 20 39 24 24
37 40 27 44 18 7 29
18 13 18 22 36 0 29
6 21 18 27 37 30 20
28 10 9 33 21 32 25
39 29 36 6 21 18 19
40 7 24 22 36 0 37
30 19 13 13 3 40 31
2 31 19 37 40 27 12
28 10 9 16 20 14 11
16 20 14 17 3 33 25
34 40 29 29 40 44 15
34 40 29 27 37 30 3
18 13 18 13 3 40 24
17 3 33 36 9 44 12
16 20 14 7 22 7 7
5 11 23 14 3 1 23
0 5 6 24 25 27 29
30 19 13 35 35 31 24
16 20 14 42 31 41 29
33 21 32 1 31 40 12
26 21 44 6 21 18 26
10 8 2 36 9 44 42
10 8 2 18 13 18 16
7 22 7 40 7 24 22
24 25 27 39 29 36 9
1 31 40 25 30 25 15
25 30 25 2 31 19 6
29 40 44 39 29 36 13
19 18 35 2 31 19 20
33 21 32 10 8 2 32
3 12 36 8 23 36 11
22 36 0 5 11 23 33
39 29 36 36 9 44 21
24 25 27 31 8 8 25
3 12 36 17 3 33 9
33 21 32 20 39 24 19
20 39 24 35 35 31 8
23 31 23 9 11 10 23
8 23 36 37 40 27 19
33 21 32 31 8 8 27
10 8 2 27 37 30 40
21 16 38 22 36 0 42
12 35 4 31 8 8 27
41 10 39 14 3 1 38
14 3 1 39 29 36 43
17 3 33 41 10 39 9
14 3 1 13 3 40 39
25 30 25 9 11 10 24
8 23 36 30 19 13 23
7 22 7 13 3 40 38
5 11 23 33 21 32 13
6 21 18 2 31 19 10
27 37 30 32 31 35 7
25 30 25 3 12 36 21
37 40 27 14 3 1 45
44 18 7 29 40 44 43
24 25 27 21 16 38 14
16 20 14 40 7 24 16
23 31 23 33 21 32 13
12 35 4 13 3 40 48
16 20 14 12 35 4 18
36 9 44 1 31 40 22
36 9 44 4 38 27 33
33 21 32 14 3 1 35
21 16 38 5 11 23 15
44 18 7 13 3 40 36
30 19 13 37 40 27 25
15 28 33 43 3 19 28
8 23 36 20 39 24 20
39 29 36 3 12 36 17
33 21 32 35 35 31 14
41 10 39 37 40 27 32
43 3 19 11 44 31 42
14 3 1 20 39 24 42
6 21 18 16 20 14 4
8 23 36 18 13 18 20
22 36 0 39 29 36 36
21 16 38 0 5 6 33
8 23 36 15 28 33 5
40 7 24 9 11 10 14
44 18 7 7 22 7 4
33 21 32 15 28 33 7
37 40 27 39 29 36 14
11 44 31 20 39 24 8
6 21 18 4 38 27 19
1 31 40 20 39 24 17
43 3 19 32 31 35 32
11 44 31 30 19 13 30
3 12 36 42 31 41 19
26 21 44 17 3 33 21
12 35 4 30 19 13 18
37 40 27 9 11 10 33
38 39 14 30 19 13 20
22 36 0 12 35 4 4
28 10 9 11 44 31 40
15 28 33 36 9 44 21
38 39 14 20 39 24 10
37 40 27 43 3 19 37
7 22 7 42 31 41 35
20 39 24 6 21 18 18
25 30 25 24 25 27 5
8 23 36 19 18 35 5
42 31 41 0 5 6 43
26 21 44 13 3 40 18
34 40 29 11 44 31 4
17 3 33 22 36 0 46
16 20 14 15 28 33 20
27 37 30 12 35 4 26
38 39 14 42 31 41 28
38 39 14 35 35 31 17
4 38 27 43 3 19 35
33 21 32 13 3 40 19
24 25 27 36 9 44 23
3 12 36 1 31 40 19
6 21 18 0 5 6 20
40 7 24 1 31 40 28
23 31 23 2 31 19 4
29 40 44 37 40 27 17
3 12 36 38 39 14 34
31 8 8 10 8 2 6
32 31 35 10 8 2 40
1 31 40 27 37 30 11
31 8 8 29 40 44 48
37 40 27 17 3 33 37
11 44 31 35 35 31 9
40 7 24 42 31 41 29
27 37 30 40 7 24 30
22 36 0 3 12 36 43
0 5 6 20 39 24 38
40 7 24 34 40 29 33
4 38 27 23 31 23 8
38 39 14 22 36 0 14
25 30 25 7 22 7 19
43 3 19 1 31 40 35
7 22 7 5 11 23 19
2 31 19 5 11 23 20
44 18 7 27 37 30 29
19 18 35 15 28 33 10
6 21 18 38 39 14 18
12 35 4 0 5 6 30
34 40 29 30 19 13 26
16 20 14 31 8 8 13
5 11 23 18 13 18 5
8 23 36 13 3 40 20
30 19 13 5 11 23 12
38 39 14 44 18 7 22
27 37 30 42 31 41 12
35 35 31 36 9 44 29
14 3 1 42 31 41 48
15 28 33 26 21 44 13
0 5 6 36 9 44 38
0 5 6 34 40 29 41
20 39 24 22 36 0 24
37 40 27 31 8 8 37
31 8 8 25 30 25 27
16 20 14 25 30 25 14
18 13 18 0 5 6 14
3 12 36 29 40 44 29
12 35 4 2 31 19 15
23 31 23 14 3 1 35
30 19 13 29 40 44 37
19 18 35 42 31 41 14
13 3 40 20 39 24 39
37 40 27 24 25 27 15
16 20 14 13 3 40 31
34 40 29 14 3 1 46
17 3 33 10 8 2 31
31 8 8 8 23 36 31
31 8 8 27 37 30 36
19 18 35 24 25 27 10
33 21 32 8 23 36 4
28 10 9 44 18 7 8
3 12 36 6 21 18 20
28 10 9 3 12 36 27
22 36 0 43 3 19 38
0 5 6 30 19 13 15
36 9 44 30 19 13 32
31 8 8 9 11 10 3
17 3 33 35 35 31 32
19 18 35 4 38 27 21
17 3 33 14 3 1 32
39 29 36 35 35 31 7
36 9 44 42 31 41 22
41 10 39 32 31 35 21
18 13 18 3 12 36 18
1 31 40 35 35 31 9
28 10 9 35 35 31 33
17 3 33 39 29 36 26
31 8 8 36 9 44 36
30 19 13 32 31 35 25
26 21 44 11 44 31 26
27 37 30 29 40 44 14
18 13 18 17 3 33 18
2 31 19 10 8 2 28
25 30 25 41 10 39 24
22 36 0 42 31 41 41
25 30 25 29 40 44 21
6 21 18 30 19 13 5
29 40 44 43 3 19 44
42 31 41 18 13 18 29
41 10 39 4 38 27 30
31 8 8 4 38 27 35
5 11 23 24 25 27 14
19 18 35 14 3 1 37
0 5 6 1 31 40 42
40 7 24 33 21 32 16
35 35 31 3 12 36 23
43 3 19 35 35 31 34
21 16 38 26 21 44 7
31 8 8 34 40 29 38
44 18 7 26 21 44 37
5 11 23 15 28 33 19
31 8 8 13 3 40 32
11 44 31 16 20 14 29
29 40 44 5 11 23 35
30 19 13 10 8 2 15
22 36 0 30 19 13 21
19 18 35 5 11 23 13
31 8 8 28 10 9 2
0 5 6 41 10 39 33
36 9 44 13 3 40 7
38 39 14 31 8 8 31
1 31 40 8 23 36 8
37 40 27 19 18 35 23
31 8 8 3 12 36 28
2 31 19 17 3 33 31
31 8 8 14 3 1 8
20 39 24 23 31 23 8
7 22 7 31 8 8 14
21 16 38 8 23 36 7
21 16 38 43 3 19 23
10 8 2 28 10 9 7
20 39 24 34 40 29 5
20 39 24 39 29 36 15
24 25 27 1 31 40 14
35 35 31 12 35 4 27
31 8 8 23 31 23 27
43 3 19 16 20 14 17
11 44 31 22 36 0 32
44 18 7 39 29 36 31
9 11 10 5 11 23 13
0 5 6 5 11 23 18
3 12 36 43 3 19 19
43 3 19 28 10 9 12
27 37 30 38 39 14 16
11 44 31 31 8 8 42
11 44 31 42 31 41 16
42 31 41 4 38 27 15
1 31 40 28 10 9 37
35 35 31 23 31 23 8
12 35 4 15 28 33 29
26 21 44 27 37 30 21
22 36 0 23 31 23 23
24 25 27 17 3 33 22
17 3 33 4 38 27 35
13 3 40 27 37 30 35
38 39 14 36 9 44 42
7 22 7 26 21 44 37
21 16 38 38 39 14 33
6 21 18 1 31 40 24
25 30 25 20 39 24 9
27 37 30 39 29 36 10
0 5 6 29 40 44 51
26 21 44 33 21 32 12
26 21 44 0 5 6 41
18 13 18 36 9 44 26
17 3 33 5 11 23 12
1 31 40 12 35 4 36
41 10 39 15 28 33 18
22 36 0 24 25 27 29
25 30 25 18 13 18 18
4 38 27 35 35 31 5
38 39 14 37 40 27 13
39 29 36 30 19 13 25
39 29 36 34 40 29 13
18 13 18 27 37 30 26
7 22 7 3 12 36 30
44 18 7 24 25 27 21
3 12 36 26 21 44 12
42 31 41 21 16 38 15
17 3 33 33 21 32 18
19 18 35 41 10 39 8
12 35 4 39 29 36 32
4 38 27 29 40 44 17
43 3 19 27 37 30 35
26 21 44 43 3 19 30
22 36 0 44 18 7 19
34 40 29 17 3 33 37
39 29 36 7 22 7 29
32 31 35 16 20 14 23
20 39 24 26 21 44 26
21 16 38 30 19 13 25
40 7 24 5 11 23 4
15 28 33 37 40 27 13
33 21 32 12 35 4 31
12 35 4 25 30 25 21
29 40 44 26 21 44 19
0 5 6 14 3 1 5
19 18 35 7 22 7 28
32 31 35 39 29 36 2
14 3 1 24 25 27 34
32 31 35 17 3 33 28
20 39 24 29 40 44 20
21 16 38 1 31 40 15
22 36 0 13 3 40 51
19 18 35 18 13 18 17
28 10 9 22 36 0 27
28 10 9 27 37 30 34
37 40 27 6 21 18 21
3 12 36 11 44 31 32
44 18 7 5 11 23 17
8 23 36 16 20 14 22
30 19 13 14 3 1 20
32 31 35 11 44 31 13
43 3 19 7 22 7 22
11 44 31 1 31 40 15
4 38 27 18 13 18 26
11 44 31 19 18 35 26
27 37 30 2 31 19 12
34 40 29 42 31 41 15
19 18 35 13 3 40 15
30 19 13 40 7 24 16
32 31 35 15 28 33 3
36 9 44 26 21 44 12
30 19 13 2 31 19 13
6 21 18 17 3 33 23
33 21 32 43 3 19 22
42 31 41 26 21 44 10
8 23 36 9 11 10 28
35 35 31 6 21 18 19
34 40 29 32 31 35 10
5 11 23 37 40 27 29
31 8 8 2 31 19 25
23 31 23 27 37 30 9
16 20 14 39 29 36 23
2 31 19 15 28 33 14
12 35 4 36 9 44 47
41 10 39 38 39 14 38
0 5 6 43 3 19 13
39 29 36 11 44 31 15
3 12 36 9 11 10 26
28 10 9 18 13 18 9
1 31 40 34 40 29 14
28 10 9 37 40 27 34
24 25 27 29 40 44 22
44 18 7 20 39 24 27
35 35 31 9 11 10 31
35 35 31 10 8 2 39
3 12 36 33 21 32 9
13 3 40 5 11 23 18
36 9 44 27 37 30 31
44 18 7 35 35 31 29
21 16 38 16 20 14 24
42 31 41 44 18 7 36
39 29 36 38 39 14 24
17 3 33 23 31 23 29
20 39 24 40 7 24 32
7 22 7 17 3 33 32
8 23 36 34 40 29 18
24 25 27 9 11 10 22
30 19 13 26 21 44 31
34 40 29 18 13 18 29
26 21 44 32 31 35 13
7 22 7 23 31 23 18
9 11 10 26 21 44 35
7 22 7 11 44 31 32
3 12 36 41 10 39 3
7 22 7 37 40 27 26
9 11 10 38 39 14 28
25 30 25 4 38 27 8
18 13 18 7 22 7 14
19 18 35 38 39 14 29
7 22 7 4 38 27 25
27 37 30 3 12 36 25
32 31 35 23 31 23 12
32 31 35 18 13 18 24
7 22 7 1 31 40 34
25 30 25 44 18 7 21
21 16 38 4 38 27 24
9 11 10 1 31 40 36
38 39 14 10 8 2 33
1 31 40 44 18 7 35
8 23 36 4 38 27 17
32 31 35 13 3 40 28
42 31 41 33 21 32 13
21 16 38 23 31 23 21
15 28 33 14 3 1 40
12 35 4 43 3 19 35
37 40 27 36 9 44 35
22 36 0 1 31 40 40
21 16 38 32 31 35 15
11 44 31 8 23 36 21
44 18 7 0 5 6 13
21 16 38 17 3 33 13
26 21 44 22 36 0 46
44 18 7 31 8 8 10
3 12 36 36 9 44 8
44 18 7 16 20 14 7
17 3 33 43 3 19 14
26 21 44 39 29 36 11
32 31 35 0 5 6 38
24 25 27 42 31 41 15
6 21 18 41 10 39 23
18 13 18 23 31 23 18
29 40 44 10 8 2 52
38 39 14 17 3 33 40
12 35 4 4 38 27 23
33 21 32 24 25 27 6
29 40 44 2 31 19 26
12 35 4 19 18 35 35
33 21 32 22 36 0 35
6 21 18 18 13 18 8
24 25 27 41 10 39 19
23 31 23 38 39 14 12
15 28 33 10 8 2 36
21 16 38 33 21 32 7
16 20 14 23 31 23 14
15 28 33 44 18 7 27
10 8 2 12 35 4 27
34 40 29 10 8 2 41
40 7 24 6 21 18 15
39 29 36 10 8 2 39
41 10 39 12 35 4 43
7 22 7 2 31 19 15
9 11 10 41 10 39 29
24 25 27 6 21 18 9
13 3 40 9 11 10 31
5 11 23 1 31 40 26
12 35 4 37 40 27 23
24 25 27 30 19 13 15
8 23 36 32 31 35 8
7 22 7 12 35 4 13
13 3 40 1 31 40 28
11 44 31 23 31 23 15
16 20 14 37 40 27 23
22 36 0 2 31 19 19
26 21 44 23 31 23 23
39 29 36 43 3 19 31
26 21 44 40 7 24 24
42 31 41 31 8 8 40
37 40 27 40 7 24 33
4 38 27 20 39 24 3
42 31 41 13 3 40 28
25 30 25 28 10 9 25
24 25 27 12 35 4 25
8 23 36 38 39 14 27
38 39 14 7 22 7 18
17 3 33 20 39 24 37
6 21 18 8 23 36 18
25 30 25 13 3 40 30
23 31 23 30 19 13 15
38 39 14 33 21 32 25
7 22 7 41 10 39 34
8 23 36 0 5 6 34
19 18 35 0 5 6 31
22 36 0 6 21 18 23
29 40 44 35 35 31 13
21 16 38 11 44 31 28
29 40 44 16 20 14 36
29 40 44 8 23 36 18
5 11 23 27 37 30 26
7 22 7 14 3 1 19
9 11 10 18 13 18 8
12 35 4 6 21 18 19
42 31 41 1 31 40 1
27 37 30 17 3 33 34
41 10 39 21 16 38 6
12 35 4 3 12 36 39
0 5 6 4 38 27 39
40 7 24 13 3 40 16
34 40 29 35 35 31 5
32 31 35 5 11 23 23
38 39 14 29 40 44 30
12 35 4 11 44 31 28
25 30 25 42 31 41 16
39 29 36 0 5 6 38
3 12 36 10 8 2 34
38 39 14 2 31 19 9
14 3 1 4 38 27 43
0 5 6 10 8 2 5
15 28 33 20 39 24 14
5 11 23 20 39 24 28
34 40 29 13 3 40 38
34 40 29 9 11 10 34
35 35 31 13 3 40 33
41 10 39 20 39 24 32
19 18 35 3 12 36 6
29 40 44 21 16 38 24
27 37 30 19 18 35 19
44 18 7 43 3 19 19
42 31 41 2 31 19 22
23 31 23 40 7 24 24
33 21 32 19 18 35 4
8 23 36 27 37 30 15
21 16 38 37 40 27 26
0 5 6 35 35 31 39
7 22 7 9 11 10 11
19 18 35 44 18 7 28
22 36 0 9 11 10 26
32 31 35 7 22 7 29
16 20 14 33 21 32 18
43 3 19 23 31 23 28
20 39 24 42 31 41 18
30 19 13 7 22 7 6
32 31 35 25 30 25 10
12 35 4 9 11 10 24
22 36 0 4 38 27 27
41 10 39 2 31 19 29
28 10 9 0 5 6 5
36 9 44 5 11 23 21
41 10 39 42 31 41 21
37 40 27 33 21 32 19
33 21 32 0 5 6 30
2 31 19 16 20 14 12
11 44 31 38 39 14 17
19 18 35 40 7 24 15
41 10 39 23 31 23 26
27 37 30 9 11 10 32
44 18 7 9 11 10 7
41 10 39 43 3 19 21
22 36 0 32 31 35 35
20 39 24 43 3 19 36
27 37 30 16 20 14 23
42 31 41 8 23 36 9
13 3 40 6 21 18 28
39 29 36 1 31 40 4
30 19 13 20 39 24 22
34 40 29 22 36 0 29
10 8 2 16 20 14 16
35 35 31 19 18 35 17
3 12 36 2 31 19 25
21 16 38 35 35 31 20
28 10 9 39 29 36 33
2 31 19 43 3 19 28
24 25 27 2 31 19 10
34 40 29 16 20 14 25
15 28 33 39 29 36 3
3 12 36 14 3 1 36
5 11 23 25 30 25 19
7 22 7 36 9 44 39
25 30 25 37 40 27 10
35 35 31 31 8 8 35
28 10 9 30 19 13 9
22 36 0 16 20 14 21
39 29 36 25 30 25 11
34 40 29 3 12 36 28
13 3 40 29 40 44 37
32 31 35 6 21 18 19
36 9 44 22 36 0 51
12 35 4 29 40 44 40
4 38 27 5 11 23 27
28 10 9 38 39 14 29
1 31 40 30 19 13 29
41 10 39 5 11 23 16
8 23 36 40 7 24 20
28 10 9 40 7 24 15
28 10 9 5 11 23 14
13 3 40 3 12 36 9
26 21 44 14 3 1 46
11 44 31 13 3 40 41
13 3 40 2 31 19 35
32 31 35 1 31 40 5
40 7 24 21 16 38 16
25 30 25 43 3 19 27
23 31 23 44 18 7 20
20 39 24 16 20 14 21
22 36 0 27 37 30 30
18 13 18 2 31 19 18
12 35 4 28 10 9 25
31 8 8 19 18 35 28
36 9 44 9 11 10 34
18 13 18 11 44 31 33
23 31 23 34 40 29 10
24 25 27 38 39 14 19
27 37 30 14 3 1 44
19 18 35 9 11 10 25
34 40 29 7 22 7 28
5 11 23 42 31 41 26
44 18 7 40 7 24 20
13 3 40 21 16 38 13
41 10 39 44 18 7 32
37 40 27 34 40 29 2
10 8 2 21 16 38 36
4 38 27 44 18 7 28
2 31 19 14 3 1 33
6 21 18 28 10 9 14
28 10 9 24 25 27 23
21 16 38 19 18 35 3
43 3 19 24 25 27 23
2 31 19 9 11 10 21
38 39 14 0 5 6 34
22 36 0 8 23 36 38
10 8 2 20 39 24 38
19 18 35 29 40 44 23
23 31 23 24 25 27 7
8 23 36 44 18 7 29
34 40 29 24 25 27 15
36 9 44 8 23 36 16
10 8 2 6 21 18 20
20 39 24 2 31 19 9
38 39 14 14 3 1 38
0 5 6 22 36 0 31
14 3 1 40 7 24 23
2 31 19 33 21 32 16
2 31 19 11 44 31 17
15 28 33 9 11 10 28
18 13 18 24 25 27 15
2 31 19 36 9 44 33
35 35 31 22 36 0 31
4 38 27 40 7 24 31
11 44 31 24 25 27 19
30 19 13 25 30 25 16
26 21 44 19 18 35 9
37 40 27 1 31 40 15
6 21 18 5 11 23 11
18 13 18 26 21 44 27
43 3 19 18 13 18 10
9 11 10 14 3 1 12
28 10 9 14 3 1 10
14 3 1 32 31 35 44
28 10 9 13 3 40 31
15 28 33 4 38 27 11
20 39 24 31 8 8 34
33 21 32 7 22 7 25
40 7 24 39 29 36 25
30 19 13 31 8 8 12
41 10 39 28 10 9 30
9 11 10 42 31 41 36
27 37 30 41 10 39 28
14 3 1 16 20 14 21
8 23 36 41 10 39 13
35 35 31 26 21 44 19
26 21 44 5 11 23 23
9 11 10 29 40 44 44
16 20 14 26 21 44 30
0 5 6 3 12 36 30
6 21 18 42 31 41 25
37 40 27 32 31 35 12
34 40 29 44 18 7 31
8 23 36 5 11 23 17
26 21 44 38 39 14 34
25 30 25 8 23 36 13
22 36 0 31 8 8 29
37 40 27 13 3 40 39
24 25 27 4 38 27 13
17 3 33 44 18 7 30
38 39 14 32 31 35 22
39 29 36 9 11 10 31
9 11 10 6 21 18 12
10 8 2 4 38 27 39
0 5 6 40 7 24 18
17 3 33 11 44 31 41
35 35 31 15 28 33 7
28 10 9 26 21 44 36
43 3 19 30 19 13 17