98 4753
26 23 31 72 78 23 55
3 88 79 21 81 89 12
55 16 78 22 2 53 28
13 31 88 42 54 9 82
88 55 68 73 95 75 40
23 59 46 94 11 54 48
32 14 87 58 25 26 61
21 81 89 66 43 81 38
12 80 54 48 66 68 19
80 83 90 16 63 89 20
84 96 90 46 88 83 10
42 54 9 14 77 95 89
0 58 13 73 95 75 72
54 81 22 20 17 48 69
89 87 67 28 31 82 57
37 5 93 29 39 91 34
87 58 94 72 78 23 73
27 87 40 26 23 31 64
33 77 20 89 87 67 48
25 3 74 6 75 71 72
86 26 47 45 2 6 47
65 30 0 28 31 82 82
48 66 68 22 2 53 65
26 23 31 23 59 46 39
52 59 19 43 93 79 68
45 2 6 25 3 74 68
28 31 82 22 2 53 41
28 31 82 54 81 22 78
81 55 55 16 63 89 34
69 34 25 53 72 6 42
81 55 55 94 11 54 44
23 59 46 15 53 41 7
3 88 79 44 72 96 23
73 95 75 9 15 11 102
50 4 39 5 6 44 5
51 0 60 33 77 20 86
95 2 47 2 6 87 40
28 31 82 3 88 79 57
76 63 1 85 15 10 48
15 53 41 70 52 16 25
73 95 75 95 2 47 97
93 67 93 63 93 13 84
40 70 96 96 22 49 67
52 59 19 28 31 82 68
96 22 49 43 93 79 77
8 59 41 4 74 42 15
33 77 20 45 2 6 76
5 6 44 64 52 69 52
42 54 9 66 43 81 72
96 22 49 27 87 40 65
19 86 52 27 87 40 12
7 31 16 23 59 46 41
20 17 48 44 72 96 73
87 58 94 80 83 90 25
70 52 16 10 89 91 83
50 4 39 89 87 67 87
50 4 39 88 55 68 58
18 91 46 4 74 42 17
59 39 59 93 67 93 44
45 2 6 61 2 92 86
76 63 1 61 2 92 109
44 72 96 52 59 19 78
17 91 93 39 8 57 90
73 95 75 76 63 1 80
42 54 9 88 55 68 59
96 22 49 72 78 23 61
63 93 13 59 39 59 70
5 6 44 68 60 72 60
58 25 26 51 0 60 42
50 4 39 21 81 89 91
65 30 0 17 91 93 111
10 89 91 68 60 72 34
67 54 42 16 63 89 47
48 66 68 76 63 1 67
68 60 72 93 67 93 22
2 6 87 34 2 20 67
18 91 46 71 68 16 37
42 54 9 82 79 43 42
56 9 64 43 93 79 85
63 93 13 95 2 47 97
75 26 85 53 72 6 91
13 31 88 90 33 70 18
64 52 69 72 78 23 52
93 67 93 21 81 89 14
22 2 53 34 2 20 33
25 3 74 65 30 0 78
77 6 64 29 39 91 42
29 39 91 45 2 6 92
7 31 16 29 39 91 75
97 32 22 8 59 41 33
18 91 46 64 52 69 45
50 4 39 32 14 87 49
91 15 84 50 4 39 46
25 3 74 35 52 85 50
39 8 57 82 79 43 72
77 6 64 1 39 33 45
49 8 93 5 6 44 49
34 2 20 56 9 64 44
94 11 54 26 23 31 25
95 2 47 44 72 96 85
56 9 64 64 52 69 43
5 6 44 14 77 95 87
0 58 13 89 87 67 61
93 67 93 91 15 84 52
0 58 13 91 15 84 83
75 26 85 62 56 44 50
16 63 89 43 93 79 31
92 77 41 75 26 85 67
97 32 22 91 15 84 64
69 34 25 48 66 68 53
24 57 97 11 85 69 39
77 6 64 39 8 57 7
92 77 41 66 43 81 52
46 88 83 10 89 91 8
93 67 93 0 58 13 80
22 2 53 14 77 95 85
68 60 72 17 91 93 37
8 59 41 75 26 85 55
95 2 47 34 2 20 27
42 54 9 62 56 44 35
75 26 85 39 8 57 33
0 58 13 67 54 42 29
72 78 23 32 14 87 90
4 74 42 75 26 85 64
70 52 16 95 2 47 58
70 52 16 38 58 44 28
63 93 13 41 29 58 78
0 58 13 8 59 41 28
35 52 85 3 88 79 36
0 58 13 35 52 85 72
25 3 74 42 54 9 82
81 55 55 71 68 16 41
81 55 55 39 8 57 47
45 2 6 32 14 87 81
51 0 60 10 89 91 94
60 9 51 1 39 33 34
51 0 60 20 17 48 20
74 34 96 42 54 9 89
76 63 1 4 74 42 42
75 26 85 64 52 69 30
58 25 26 66 43 81 57
55 16 78 67 54 42 52
76 63 1 89 87 67 70
42 54 9 51 0 60 74
27 87 40 61 2 92 99
50 4 39 26 23 31 20
40 70 96 8 59 41 56
16 63 89 61 2 92 61
62 56 44 44 72 96 54
82 79 43 85 15 10 72
69 34 25 71 68 16 35
96 22 49 95 2 47 20
56 9 64 18 91 46 83
14 77 95 44 72 96 5
54 81 22 5 6 44 78
31 15 34 6 75 71 70
27 87 40 45 2 6 91
23 59 46 32 14 87 60
45 2 6 92 77 41 82
15 53 41 0 58 13 28
66 43 81 78 87 29 68
96 22 49 63 93 13 79
86 26 47 80 83 90 71
60 9 51 19 86 52 77
15 53 41 38 58 44 5
97 32 22 23 59 46 36
18 91 46 59 39 59 53
22 2 53 31 15 34 23
46 88 83 41 29 58 64
6 75 71 3 88 79 15
77 6 64 32 14 87 24
62 56 44 60 9 51 47
64 52 69 0 58 13 56
69 34 25 4 74 42 43
30 78 7 96 22 49 70
70 52 16 74 34 96 82
23 59 46 92 77 41 18
59 39 59 36 92 53 53
14 77 95 52 59 19 78
66 43 81 65 30 0 82
54 81 22 3 88 79 57
89 87 67 21 81 89 22
88 55 68 62 56 44 24
1 39 33 9 15 11 32
17 91 93 44 72 96 19
41 29 58 36 92 53 63
30 78 7 77 6 64 91
32 14 87 19 86 52 80
38 58 44 84 96 90 59
52 59 19 5 6 44 58
78 87 29 96 22 49 68
26 23 31 2 6 87 58
66 43 81 25 3 74 40
87 58 94 84 96 90 38
2 6 87 14 77 95 71
66 43 81 85 15 10 76
44 72 96 5 6 44 84
32 14 87 1 39 33 59
49 8 93 4 74 42 83
54 81 22 21 81 89 67
86 26 47 26 23 31 16
4 74 42 1 39 33 36
41 29 58 42 54 9 55
65 30 0 48 66 68 76
81 55 55 14 77 95 45
12 80 54 41 29 58 51
21 81 89 63 93 13 76
40 70 96 72 78 23 73
82 79 43 74 34 96 69
81 55 55 87 58 94 39
61 2 92 25 3 74 18
4 74 42 80 83 90 48
54 81 22 65 30 0 55
28 31 82 96 22 49 34
5 6 44 40 70 96 82
1 39 33 36 92 53 56
34 2 20 17 91 93 115
57 46 4 41 29 58 56
11 85 69 64 52 69 33
72 78 23 19 86 52 30
51 0 60 85 15 10 52
78 87 29 20 17 48 72
4 74 42 3 88 79 39
65 30 0 88 55 68 72
76 63 1 88 55 68 67
47 69 37 2 6 87 80
54 81 22 26 23 31 58
50 4 39 59 39 59 40
38 58 44 79 47 88 45
44 72 96 57 46 4 95
75 26 85 76 63 1 91
78 87 29 7 31 16 57
42 54 9 3 88 79 77
84 96 90 80 83 90 13
11 85 69 52 59 19 56
39 8 57 90 33 70 28
64 52 69 8 59 41 28
18 91 46 16 63 89 51
52 59 19 8 59 41 22
1 39 33 25 3 74 54
41 29 58 86 26 47 11
71 68 16 83 23 94 90
15 53 41 50 4 39 49
89 87 67 43 93 79 13
20 17 48 21 81 89 76
57 46 4 77 6 64 72
79 47 88 50 4 39 65
72 78 23 63 93 13 18
29 39 91 8 59 41 53
22 2 53 75 26 85 40
16 63 89 20 17 48 61
75 26 85 63 93 13 98
96 22 49 21 81 89 71
78 87 29 10 89 91 62
3 88 79 24 57 97 35
27 87 40 58 25 26 63
24 57 97 53 72 6 92
88 55 68 29 39 91 28
0 58 13 5 6 44 60
97 32 22 87 58 94 76
57 46 4 46 88 83 89
78 87 29 82 79 43 16
62 56 44 22 2 53 54
20 17 48 50 4 39 15
60 9 51 50 4 39 13
68 60 72 46 88 83 30
41 29 58 87 58 94 46
53 72 6 9 15 11 57
73 95 75 90 33 70 62
18 91 46 93 67 93 52
59 39 59 97 32 22 37
30 78 7 22 2 53 88
26 23 31 44 72 96 81
26 23 31 89 87 67 73
64 52 69 22 2 53 52
16 63 89 84 96 90 33
24 57 97 36 92 53 56
33 77 20 85 15 10 62
36 92 53 63 93 13 40
33 77 20 73 95 75 57
95 2 47 64 52 69 54
87 58 94 30 78 7 89
24 57 97 40 70 96 13
81 55 55 83 23 94 50
25 3 74 43 93 79 90
23 59 46 21 81 89 48
58 25 26 61 2 92 69
25 3 74 49 8 93 19
27 87 40 17 91 93 53
85 15 10 67 54 42 50
85 15 10 57 46 4 31
16 63 89 74 34 96 29
6 75 71 33 77 20 51
78 87 29 42 54 9 38
31 15 34 97 32 22 20
26 23 31 8 59 41 37
46 88 83 18 91 46 37
8 59 41 56 9 64 55
96 22 49 3 88 79 72
88 55 68 87 58 94 26
62 56 44 25 3 74 60
60 9 51 25 3 74 23
47 69 37 36 92 53 28
3 88 79 81 55 55 40
2 6 87 79 47 88 41
91 15 84 56 9 64 20
56 9 64 85 15 10 54
31 15 34 13 31 88 56
35 52 85 17 91 93 39
69 34 25 14 77 95 82
51 0 60 90 33 70 34
8 59 41 50 4 39 55
76 63 1 6 75 71 71
35 52 85 81 55 55 30
74 34 96 51 0 60 49
34 2 20 40 70 96 101
26 23 31 30 78 7 60
0 58 13 78 87 29 33
12 80 54 25 3 74 79
43 93 79 79 47 88 46
42 54 9 63 93 13 39
31 15 34 77 6 64 31
9 15 11 57 46 4 31
18 91 46 81 55 55 37
50 4 39 96 22 49 20
32 14 87 33 77 20 91
20 17 48 86 26 47 9
43 93 79 24 57 97 40
46 88 83 33 77 20 63
40 70 96 64 52 69 32
56 9 64 59 39 59 30
19 86 52 56 9 64 77
64 52 69 36 92 53 43
65 30 0 87 58 94 98
13 31 88 17 91 93 60
10 89 91 29 39 91 50
2 6 87 59 39 59 43
19 86 52 7 31 16 65
54 81 22 6 75 71 49
77 6 64 4 74 42 71
38 58 44 95 2 47 56
10 89 91 61 2 92 87
94 11 54 66 43 81 41
70 52 16 91 15 84 77
1 39 33 37 5 93 68
24 57 97 80 83 90 26
97 32 22 27 87 40 57
46 88 83 45 2 6 115
70 52 16 63 93 13 41
1 39 33 42 54 9 28
5 6 44 1 39 33 34
8 59 41 36 92 53 35
55 16 78 97 32 22 58
51 0 60 61 2 92 32
52 59 19 91 15 84 78
16 63 89 3 88 79 26
65 30 0 44 72 96 104
55 16 78 49 8 93 17
94 11 54 78 87 29 80
1 39 33 95 2 47 39
52 59 19 3 88 79 66
84 96 90 53 72 6 87
81 55 55 45 2 6 72
6 75 71 7 31 16 70
72 78 23 29 39 91 78
86 26 47 93 67 93 61
92 77 41 21 81 89 48
67 54 42 92 77 41 23
32 14 87 96 22 49 38
15 53 41 87 58 94 53
51 0 60 73 95 75 96
58 25 26 79 47 88 65
7 31 16 87 58 94 82
6 75 71 81 55 55 25
85 15 10 91 15 84 74
94 11 54 84 96 90 92
40 70 96 48 66 68 28
6 75 71 27 87 40 33
64 52 69 92 77 41 37
57 46 4 4 74 42 47
69 34 25 38 58 44 30
40 70 96 53 72 6 90
54 81 22 59 39 59 55
2 6 87 13 31 88 25
39 8 57 72 78 23 77
58 25 26 59 39 59 35
69 34 25 85 15 10 24
39 8 57 12 80 54 72
33 77 20 39 8 57 78
7 31 16 96 22 49 34
91 15 84 14 77 95 62
34 2 20 88 55 68 71
79 47 88 17 91 93 44
45 2 6 53 72 6 70
97 32 22 64 52 69 51
42 54 9 49 8 93 95
27 87 40 7 31 16 60
0 58 13 69 34 25 26
37 5 93 94 11 54 39
10 89 91 11 85 69 22
87 58 94 16 63 89 7
85 15 10 2 6 87 77
57 46 4 83 23 94 92
39 8 57 89 87 67 79
22 2 53 21 81 89 86
64 52 69 19 86 52 38
5 6 44 36 92 53 86
50 4 39 12 80 54 77
17 91 93 73 95 75 18
92 77 41 53 72 6 35
56 9 64 74 34 96 40
96 22 49 35 52 85 46
9 15 11 92 77 41 68
68 60 72 50 4 39 65
68 60 72 76 63 1 71
46 88 83 81 55 55 43
12 80 54 28 31 82 56
31 15 34 23 59 46 45
57 46 4 40 70 96 95
61 2 92 43 93 79 91
60 9 51 59 39 59 31
92 77 41 37 5 93 88
26 23 31 76 63 1 50
87 58 94 73 95 75 41
20 17 48 3 88 79 77
73 95 75 15 53 41 54
26 23 31 43 93 79 84
53 72 6 72 78 23 18
66 43 81 20 17 48 42
9 15 11 85 15 10 1
82 79 43 27 87 40 8
1 39 33 11 85 69 58
69 34 25 30 78 7 47
53 72 6 14 77 95 89
13 31 88 12 80 54 59
19 86 52 76 63 1 55
38 58 44 25 3 74 62
3 88 79 2 6 87 82
54 81 22 13 31 88 82
29 39 91 76 63 1 93
89 87 67 19 86 52 15
24 57 97 70 52 16 81
16 63 89 31 15 34 73
8 59 41 15 53 41 6
11 85 69 13 31 88 57
81 55 55 25 3 74 55
90 33 70 85 15 10 62
57 46 4 88 55 68 64
74 34 96 40 70 96 36
93 67 93 94 11 54 68
32 14 87 81 55 55 52
86 26 47 61 2 92 51
66 43 81 97 32 22 60
12 80 54 38 58 44 24
57 46 4 82 79 43 51
59 39 59 24 57 97 42
18 91 46 94 11 54 80
50 4 39 62 56 44 52
51 0 60 16 63 89 69
86 26 47 31 15 34 17
17 91 93 42 54 9 91
96 22 49 48 66 68 47
75 26 85 1 39 33 53
79 47 88 69 34 25 64
0 58 13 81 55 55 42
95 2 47 65 30 0 54
2 6 87 84 96 90 90
16 63 89 15 53 41 49
71 68 16 95 2 47 72
79 47 88 54 81 22 74
51 0 60 14 77 95 84
78 87 29 38 58 44 32
11 85 69 60 9 51 78
55 16 78 54 81 22 85
18 91 46 12 80 54 13
55 16 78 66 43 81 27
97 32 22 18 91 46 63
30 78 7 0 58 13 20
42 54 9 95 2 47 64
35 52 85 47 69 37 50
93 67 93 97 32 22 79
68 60 72 53 72 6 67
17 91 93 16 63 89 28
70 52 16 68 60 72 56
93 67 93 5 6 44 78
89 87 67 8 59 41 38
61 2 92 50 4 39 53
37 5 93 76 63 1 108
41 29 58 30 78 7 70
78 87 29 54 81 22 9
22 2 53 91 15 84 33
52 59 19 78 87 29 29
71 68 16 15 53 41 29
10 89 91 25 3 74 87
82 79 43 25 3 74 82
32 14 87 80 83 90 69
38 58 44 89 87 67 37
9 15 11 45 2 6 13
7 31 16 60 9 51 41
34 2 20 33 77 20 75
48 66 68 58 25 26 58
21 81 89 64 52 69 35
6 75 71 67 54 42 35
77 6 64 48 66 68 60
89 87 67 45 2 6 104
58 25 26 70 52 16 28
15 53 41 36 92 53 40
25 3 74 55 16 78 13
95 2 47 26 23 31 26
96 22 49 70 52 16 44
27 87 40 29 39 91 70
62 56 44 43 93 79 50
59 39 59 46 88 83 54
39 8 57 30 78 7 86
28 31 82 77 6 64 30
57 46 4 55 16 78 79
76 63 1 46 88 83 85
19 86 52 94 11 54 75
60 9 51 33 77 20 74
80 83 90 47 69 37 54
30 78 7 16 63 89 83
46 88 83 55 16 78 72
71 68 16 3 88 79 66
3 88 79 62 56 44 47
65 30 0 53 72 6 42
59 39 59 38 58 44 24
66 43 81 53 72 6 80
14 77 95 40 70 96 7
49 8 93 82 79 43 86
56 9 64 22 2 53 13
19 86 52 0 58 13 48
82 79 43 3 88 79 37
38 58 44 71 68 16 29
89 87 67 88 55 68 32
23 59 46 58 25 26 39
27 87 40 89 87 67 27
32 14 87 54 81 22 93
90 33 70 82 79 43 53
90 33 70 87 58 94 34
39 8 57 84 96 90 93
58 25 26 80 83 90 86
68 60 72 7 31 16 63
9 15 11 12 80 54 77
34 2 20 47 69 37 69
56 9 64 0 58 13 70
49 8 93 7 31 16 80
90 33 70 32 14 87 25
77 6 64 45 2 6 58
90 33 70 18 91 46 62
62 56 44 8 59 41 4
85 15 10 55 16 78 68
86 26 47 58 25 26 21
65 30 0 60 9 51 55
54 81 22 16 63 89 69
51 0 60 11 85 69 85
17 91 93 40 70 96 21
72 78 23 90 33 70 65
46 88 83 20 17 48 79
30 78 7 72 78 23 16
75 26 85 41 29 58 27
51 0 60 1 39 33 47
57 46 4 92 77 41 48
40 70 96 62 56 44 53
91 15 84 34 2 20 65
18 91 46 31 15 34 76
18 91 46 22 2 53 89
38 58 44 13 31 88 51
48 66 68 83 23 94 50
85 15 10 0 58 13 43
72 78 23 7 31 16 47
89 87 67 62 56 44 38
62 56 44 55 16 78 52
76 63 1 82 79 43 44
20 17 48 37 5 93 46
82 79 43 20 17 48 62
70 52 16 33 77 20 25
9 15 11 77 6 64 53
2 6 87 15 53 41 65
57 46 4 59 39 59 55
6 75 71 43 93 79 19
40 70 96 88 55 68 31
81 55 55 91 15 84 49
17 91 93 3 88 79 14
48 66 68 28 31 82 37
38 58 44 14 77 95 54
88 55 68 14 77 95 34
82 79 43 35 52 85 49
94 11 54 43 93 79 85
91 15 84 38 58 44 58
67 54 42 82 79 43 25
45 2 6 85 15 10 13
17 91 93 74 34 96 57
24 57 97 72 78 23 76
35 52 85 16 63 89 11
11 85 69 18 91 46 23
51 0 60 82 79 43 80
83 23 94 80 83 90 60
84 96 90 36 92 53 37
23 59 46 69 34 25 32
92 77 41 3 88 79 39
28 31 82 85 15 10 73
25 3 74 56 9 64 11
11 85 69 19 86 52 17
63 93 13 40 70 96 86
50 4 39 63 93 13 92
26 23 31 49 8 93 63
30 78 7 44 72 96 89
95 2 47 69 34 25 38
36 92 53 35 52 85 51
20 17 48 56 9 64 17
2 6 87 60 9 51 36
95 2 47 40 70 96 83
65 30 0 20 17 48 49
51 0 60 54 81 22 89
30 78 7 84 96 90 84
57 46 4 65 30 0 16
96 22 49 14 77 95 71
49 8 93 32 14 87 8
28 31 82 67 54 42 46
43 93 79 48 66 68 29
7 31 16 35 52 85 72
95 2 47 87 58 94 73
43 93 79 37 5 93 89
62 56 44 93 67 93 50
72 78 23 35 52 85 67
0 58 13 9 15 11 43
63 93 13 2 6 87 114
41 29 58 51 0 60 29
24 57 97 28 31 82 30
4 74 42 11 85 69 29
81 55 55 29 39 91 39
1 39 33 91 15 84 56
12 80 54 75 26 85 62
13 31 88 10 89 91 58
30 78 7 10 89 91 84
21 81 89 86 26 47 69
10 89 91 14 77 95 12
87 58 94 4 74 42 54
45 2 6 31 15 34 30
5 6 44 4 74 42 68
49 8 93 97 32 22 74
8 59 41 92 77 41 18
65 30 0 30 78 7 48
61 2 92 37 5 93 3
93 67 93 33 77 20 73
12 80 54 44 72 96 42
93 67 93 39 8 57 69
66 43 81 4 74 42 49
77 6 64 61 2 92 28
7 31 16 22 2 53 47
15 53 41 9 15 11 48
43 93 79 2 6 87 87
74 34 96 24 57 97 23
11 85 69 50 4 39 86
10 89 91 69 34 25 85
20 17 48 95 2 47 15
52 59 19 20 17 48 51
75 26 85 7 31 16 69
18 91 46 30 78 7 41
0 58 13 39 8 57 66
2 6 87 52 59 19 86
17 91 93 7 31 16 97
61 2 92 54 81 22 105
31 15 34 25 3 74 41
43 93 79 19 86 52 27
6 75 71 24 57 97 31
64 52 69 79 47 88 19
0 58 13 46 88 83 76
2 6 87 8 59 41 70
70 52 16 52 59 19 7
10 89 91 53 72 6 86
2 6 87 41 29 58 37
60 9 51 95 2 47 8
53 72 6 39 8 57 81
88 55 68 6 75 71 20
66 43 81 13 31 88 13
67 54 42 74 34 96 57
61 2 92 82 79 43 91
66 43 81 30 78 7 81
55 16 78 21 81 89 65
92 77 41 39 8 57 70
86 26 47 22 2 53 24
69 34 25 25 3 74 57
62 56 44 65 30 0 51
25 3 74 84 96 90 94
43 93 79 9 15 11 103
87 58 94 61 2 92 56
57 46 4 93 67 93 91
67 54 42 62 56 44 2
38 58 44 10 89 91 56
67 54 42 39 8 57 48
11 85 69 15 53 41 42
61 2 92 88 55 68 58
20 17 48 57 46 4 52
29 39 91 50 4 39 62
91 15 84 87 58 94 44
59 39 59 27 87 40 51
20 17 48 94 11 54 8
17 91 93 78 87 29 64
73 95 75 6 75 71 20
18 91 46 60 9 51 82
75 26 85 31 15 34 52
1 39 33 22 2 53 42
4 74 42 43 93 79 41
62 56 44 2 6 87 65
28 31 82 92 77 41 61
65 30 0 40 70 96 104
34 2 20 3 88 79 104
61 2 92 73 95 75 94
67 54 42 90 33 70 35
13 31 88 91 15 84 16
33 77 20 10 89 91 72
71 68 16 67 54 42 29
72 78 23 10 89 91 68
29 39 91 21 81 89 42
64 52 69 87 58 94 25
30 78 7 25 3 74 100
58 25 26 12 80 54 61
85 15 10 74 34 96 88
66 43 81 39 8 57 42
28 31 82 0 58 13 74
43 93 79 28 31 82 62
76 63 1 0 58 13 13
37 5 93 6 75 71 73
70 52 16 69 34 25 20
80 83 90 75 26 85 57
11 85 69 84 96 90 23
71 68 16 43 93 79 67
73 95 75 56 9 64 86
0 58 13 55 16 78 77
63 93 13 81 55 55 56
84 96 90 13 31 88 65
65 30 0 12 80 54 73
43 93 79 78 87 29 50
78 87 29 80 83 90 61
29 39 91 17 91 93 52
2 6 87 91 15 84 9
96 22 49 57 46 4 51
25 3 74 21 81 89 79
5 6 44 2 6 87 43
54 81 22 4 74 42 21
5 6 44 32 14 87 43
63 93 13 90 33 70 82
82 79 43 41 29 58 52
47 69 37 29 39 91 61
52 59 19 17 91 93 80
35 52 85 89 87 67 39
87 58 94 76 63 1 93
79 47 88 62 56 44 44
47 69 37 18 91 46 23
7 31 16 70 52 16 21
11 85 69 86 26 47 62
45 2 6 8 59 41 66
16 63 89 53 72 6 83
76 63 1 74 34 96 99
88 55 68 9 15 11 69
22 2 53 42 54 9 68
46 88 83 92 77 41 43
68 60 72 51 0 60 61
57 46 4 27 87 40 54
41 29 58 61 2 92 43
89 87 67 42 54 9 66
68 60 72 75 26 85 36
46 88 83 37 5 93 83
82 79 43 37 5 93 89
2 6 87 39 8 57 30
46 88 83 80 83 90 8
63 93 13 92 77 41 32
12 80 54 79 47 88 47
16 63 89 91 15 84 48
27 87 40 35 52 85 57
38 58 44 55 16 78 54
97 32 22 65 30 0 22
75 26 85 52 59 19 73
31 15 34 71 68 16 55
85 15 10 12 80 54 78
56 9 64 3 88 79 80
6 75 71 61 2 92 75
62 56 44 85 15 10 53
20 17 48 4 74 42 57
23 59 46 43 93 79 47
22 2 53 95 2 47 6
81 55 55 17 91 93 52
9 15 11 56 9 64 53
76 63 1 41 29 58 66
27 87 40 24 57 97 64
9 15 11 5 6 44 34
84 96 90 14 77 95 19
1 39 33 76 63 1 40
31 15 34 3 88 79 85
40 70 96 71 68 16 80
8 59 41 5 6 44 53
54 81 22 57 46 4 39
50 4 39 41 29 58 31
70 52 16 8 59 41 25
6 75 71 96 22 49 57
85 15 10 8 59 41 53
60 9 51 82 79 43 70
39 8 57 70 52 16 60
59 39 59 33 77 20 54
3 88 79 10 89 91 12
78 87 29 5 6 44 82
89 87 67 93 67 93 32
10 89 91 77 6 64 87
49 8 93 73 95 75 88
86 26 47 69 34 25 23
93 67 93 45 2 6 108
3 88 79 91 15 84 73
90 33 70 4 74 42 49
57 46 4 8 59 41 39
23 59 46 82 79 43 20
27 87 40 65 30 0 69
10 89 91 62 56 44 57
65 30 0 37 5 93 96
55 16 78 8 59 41 56
80 83 90 66 43 81 41
32 14 87 25 3 74 17
30 78 7 55 16 78 94
72 78 23 28 31 82 75
69 34 25 3 88 79 76
35 52 85 49 8 93 44
44 72 96 66 43 81 32
91 15 84 46 88 83 73
66 43 81 82 79 43 52
88 55 68 18 91 46 42
53 72 6 41 29 58 67
95 2 47 59 39 59 38
58 25 26 35 52 85 64
33 77 20 2 6 87 97
33 77 20 92 77 41 21
42 54 9 0 58 13 5
8 59 41 42 54 9 32
37 5 93 79 47 88 42
29 39 91 80 83 90 44
77 6 64 78 87 29 88
23 59 46 75 26 85 51
23 59 46 66 43 81 38
44 72 96 80 83 90 12
59 39 59 76 63 1 62
7 31 16 10 89 91 94
10 89 91 4 74 42 51
87 58 94 92 77 41 56
14 77 95 45 2 6 116
16 63 89 75 26 85 37
94 11 54 36 92 53 81
41 29 58 31 15 34 27
41 29 58 1 39 33 26
6 75 71 29 39 91 41
69 34 25 35 52 85 62
34 2 20 76 63 1 63
82 79 43 88 55 68 34
27 87 40 66 43 81 60
12 80 54 33 77 20 34
82 79 43 44 72 96 53
93 67 93 38 58 44 49
88 55 68 64 52 69 3
90 33 70 2 6 87 31
77 6 64 20 17 48 19
11 85 69 0 58 13 62
57 46 4 53 72 6 26
58 25 26 77 6 64 42
91 15 84 6 75 71 61
75 26 85 26 23 31 54
88 55 68 35 52 85 17
38 58 44 86 26 47 32
65 30 0 39 8 57 61
24 57 97 47 69 37 61
18 91 46 52 59 19 41
9 15 11 42 54 9 39
9 15 11 18 91 46 83
26 23 31 45 2 6 32
17 91 93 30 78 7 86
0 58 13 97 32 22 27
54 81 22 17 91 93 71
37 5 93 62 56 44 70
95 2 47 54 81 22 82
47 69 37 58 25 26 45
45 2 6 34 2 20 14
26 23 31 85 15 10 22
27 87 40 31 15 34 72
97 32 22 11 85 69 70
76 63 1 27 87 40 45
17 91 93 93 67 93 24
86 26 47 28 31 82 35
75 26 85 61 2 92 25
41 29 58 88 55 68 27
12 80 54 10 89 91 38
25 3 74 53 72 6 96
34 2 20 83 23 94 76
54 81 22 73 95 75 54
33 77 20 87 58 94 76
96 22 49 83 23 94 45
71 68 16 33 77 20 9
60 9 51 43 93 79 88
52 59 19 62 56 44 25
0 58 13 17 91 93 86
43 93 79 7 31 16 88
26 23 31 79 47 88 61
71 68 16 65 30 0 41
88 55 68 28 31 82 27
42 54 9 59 39 59 52
74 34 96 22 2 53 53
74 34 96 83 23 94 11
82 79 43 63 93 13 33
81 55 55 73 95 75 44
18 91 46 87 58 94 58
46 88 83 89 87 67 16
53 72 6 78 87 29 27
82 79 43 64 52 69 37
2 6 87 78 87 29 99
11 85 69 89 87 67 2
37 5 93 17 91 93 86
24 57 97 76 63 1 96
26 23 31 73 95 75 84
49 8 93 27 87 40 95
40 70 96 38 58 44 53
25 3 74 74 34 96 38
63 93 13 43 93 79 66
41 29 58 26 23 31 27
92 77 41 38 58 44 19
74 34 96 46 88 83 55
10 89 91 94 11 54 86
94 11 54 70 52 16 55
33 77 20 95 2 47 79
92 77 41 30 78 7 34
37 5 93 51 0 60 33
77 6 64 24 57 97 60
67 54 42 27 87 40 33
2 6 87 57 46 4 92
17 91 93 1 39 33 79
25 3 74 90 33 70 30
54 81 22 48 66 68 48
16 63 89 38 58 44 45
69 34 25 81 55 55 36
91 15 84 66 43 81 28
5 6 44 58 25 26 26
21 81 89 39 8 57 79
9 15 11 49 8 93 82
31 15 34 34 2 20 19
25 3 74 4 74 42 77
77 6 64 83 23 94 34
28 31 82 97 32 22 60
33 77 20 37 5 93 102
95 2 47 82 79 43 77
49 8 93 8 59 41 72
53 72 6 32 14 87 99
19 86 52 59 39 59 47
57 46 4 94 11 54 61
52 59 19 27 87 40 35
50 4 39 45 2 6 33
24 57 97 82 79 43 58
64 52 69 39 8 57 45
41 29 58 7 31 16 42
77 6 64 26 23 31 37
0 58 13 1 39 33 27
4 74 42 51 0 60 76
63 93 13 45 2 6 91
14 77 95 49 8 93 69
0 58 13 82 79 43 36
11 85 69 90 33 70 52
75 26 85 43 93 79 67
35 52 85 46 88 83 36
77 6 64 2 6 87 23
27 87 40 0 58 13 39
95 2 47 85 15 10 39
29 39 91 97 32 22 69
33 77 20 20 17 48 66
21 81 89 58 25 26 84
62 56 44 72 78 23 30
93 67 93 72 78 23 70
51 0 60 21 81 89 86
44 72 96 91 15 84 58
81 55 55 10 89 91 49
57 46 4 67 54 42 38
2 6 87 58 25 26 63
94 11 54 91 15 84 30
89 87 67 57 46 4 75
58 25 26 73 95 75 85
88 55 68 26 23 31 48
81 55 55 86 26 47 30
10 89 91 31 15 34 93
70 52 16 84 96 90 86
95 2 47 4 74 42 72
22 2 53 76 63 1 80
27 87 40 20 17 48 70
73 95 75 69 34 25 78
61 2 92 1 39 33 69
71 68 16 5 6 44 68
64 52 69 3 88 79 37
25 3 74 48 66 68 63
47 69 37 84 96 90 59
30 78 7 93 67 93 86
13 31 88 30 78 7 93
84 96 90 54 81 22 69
31 15 34 85 15 10 24
58 25 26 85 15 10 18
70 52 16 75 26 85 73
22 2 53 38 58 44 56
49 8 93 24 57 97 49
45 2 6 44 72 96 114
3 88 79 66 43 81 45
73 95 75 91 15 84 80
14 77 95 23 59 46 52
8 59 41 66 43 81 43
0 58 13 79 47 88 75
18 91 46 77 6 64 86
86 26 47 77 6 64 26
3 88 79 13 31 88 57
67 54 42 9 15 11 49
59 39 59 91 15 84 34
13 31 88 78 87 29 81
23 59 46 25 3 74 62
35 52 85 66 43 81 9
59 39 59 70 52 16 44
31 15 34 63 93 13 80
49 8 93 13 31 88 23
96 22 49 8 59 41 37
22 2 53 52 59 19 66
64 52 69 13 31 88 28
9 15 11 69 34 25 23
92 77 41 32 14 87 78
12 80 54 81 55 55 25
97 32 22 1 39 33 13
96 22 49 87 58 94 57
60 9 51 0 58 13 62
73 95 75 71 68 16 64
58 25 26 44 72 96 84
14 77 95 86 26 47 70
46 88 83 40 70 96 22
67 54 42 94 11 54 44
32 14 87 6 75 71 63
64 52 69 38 58 44 25
11 85 69 70 52 16 62
89 87 67 65 30 0 87
78 87 29 68 60 72 50
27 87 40 22 2 53 85
45 2 6 76 63 1 61
94 11 54 96 22 49 12
40 70 96 86 26 47 65
41 29 58 24 57 97 48
24 57 97 15 53 41 56
24 57 97 22 2 53 70
88 55 68 0 58 13 55
21 81 89 77 6 64 79
49 8 93 78 87 29 101
26 23 31 24 57 97 74
51 0 60 44 72 96 80
3 88 79 23 59 46 43
41 29 58 43 93 79 67
36 92 53 69 34 25 64
68 60 72 48 66 68 7
20 17 48 58 25 26 23
34 2 20 66 43 81 73
77 6 64 74 34 96 42
11 85 69 26 23 31 72
47 69 37 44 72 96 59
95 2 47 76 63 1 76
81 55 55 82 79 43 26
56 9 64 90 33 70 24
80 83 90 97 32 22 85
56 9 64 26 23 31 35
4 74 42 89 87 67 28
66 43 81 33 77 20 69
78 87 29 11 85 69 40
90 33 70 61 2 92 38
12 80 54 22 2 53 78
54 81 22 39 8 57 80
71 68 16 54 81 22 14
53 72 6 18 91 46 44
10 89 91 85 15 10 109
94 11 54 74 34 96 47
76 63 1 28 31 82 87
17 91 93 80 83 90 8
42 54 9 26 23 31 38
62 56 44 73 95 75 49
18 91 46 63 93 13 33
48 66 68 67 54 42 28
85 15 10 44 72 96 103
4 74 42 24 57 97 57
92 77 41 35 52 85 50
77 6 64 34 2 20 44
9 15 11 3 88 79 99
95 2 47 50 4 39 8
68 60 72 92 77 41 35
20 17 48 28 31 82 36
23 59 46 49 8 93 69
80 83 90 63 93 13 77
5 6 44 95 2 47 5
4 74 42 16 63 89 48
75 26 85 29 39 91 14
54 81 22 66 43 81 70
93 67 93 54 81 22 72
41 29 58 79 47 88 34
59 39 59 90 33 70 12
30 78 7 2 6 87 107
62 56 44 15 53 41 4
86 26 47 50 4 39 23
40 70 96 10 89 91 19
70 52 16 32 14 87 80
56 9 64 2 6 87 23
78 87 29 55 16 78 86
19 86 52 58 25 26 66
79 47 88 73 95 75 49
89 87 67 94 11 54 77
14 77 95 76 63 1 95
63 93 13 78 87 29 17
5 6 44 41 29 58 26
38 58 44 17 91 93 59
77 6 64 69 34 25 48
29 39 91 85 15 10 84
84 96 90 69 34 25 89
0 58 13 14 77 95 84
57 46 4 80 83 90 93
79 47 88 55 16 78 32
3 88 79 77 6 64 83
40 70 96 19 86 52 46
20 17 48 35 52 85 50
31 15 34 32 14 87 53
65 30 0 77 6 64 68
97 32 22 15 53 41 28
74 34 96 64 52 69 32
37 5 93 48 66 68 65
41 29 58 91 15 84 29
50 4 39 78 87 29 83
67 54 42 15 53 41 1
45 2 6 91 15 84 79
64 52 69 52 59 19 50
70 52 16 17 91 93 86
40 70 96 47 69 37 59
70 52 16 43 93 79 75
40 70 96 35 52 85 21
41 29 58 20 17 48 15
17 91 93 87 58 94 33
76 63 1 57 46 4 17
3 88 79 78 87 29 50
6 75 71 92 77 41 30
19 86 52 82 79 43 11
69 34 25 31 15 34 21
56 9 64 60 9 51 13
49 8 93 30 78 7 110
6 75 71 60 9 51 68
41 29 58 84 96 90 74
88 55 68 68 60 72 6
77 6 64 97 32 22 49
94 11 54 41 29 58 18
5 6 44 63 93 13 92
96 22 49 17 91 93 81
71 68 16 78 87 29 23
30 78 7 19 86 52 45
10 89 91 5 6 44 95
88 55 68 36 92 53 39
23 59 46 33 77 20 31
71 68 16 41 29 58 57
26 23 31 16 63 89 70
47 69 37 62 56 44 14
77 6 64 63 93 13 100
70 52 16 19 86 52 49
30 78 7 71 68 16 13
40 70 96 77 6 64 71
28 31 82 17 91 93 61
2 6 87 18 91 46 94
40 70 96 90 33 70 45
55 16 78 94 11 54 24
38 58 44 58 25 26 37
27 87 40 32 14 87 86
47 69 37 41 29 58 45
3 88 79 86 26 47 69
54 81 22 49 8 93 101
30 78 7 54 81 22 15
13 31 88 55 16 78 18
32 14 87 44 72 96 58
52 59 19 29 39 91 74
68 60 72 91 15 84 46
79 47 88 51 0 60 54
75 26 85 34 2 20 69
31 15 34 81 55 55 45
24 57 97 61 2 92 55
73 95 75 41 29 58 68
51 0 60 71 68 16 80
54 81 22 90 33 70 67
93 67 93 4 74 42 51
68 60 72 1 39 33 44
82 79 43 9 15 11 71
36 92 53 81 55 55 37
17 91 93 71 68 16 80
10 89 91 26 23 31 89
31 15 34 94 11 54 20
94 11 54 29 39 91 46
57 46 4 97 32 22 22
87 58 94 2 6 87 52
80 83 90 96 22 49 73
73 95 75 46 88 83 10
84 96 90 71 68 16 79
68 60 72 24 57 97 25
32 14 87 41 29 58 32
22 2 53 23 59 46 57
55 16 78 17 91 93 76
9 15 11 96 22 49 38
22 2 53 16 63 89 70
20 17 48 5 6 44 11
44 72 96 76 63 1 95
14 77 95 73 95 75 26
85 15 10 1 39 33 33
59 39 59 22 2 53 37
56 9 64 17 91 93 86
72 78 23 2 6 87 96
89 87 67 3 88 79 12
24 57 97 84 96 90 39
11 85 69 91 15 84 71
59 39 59 92 77 41 42
87 58 94 20 17 48 61
21 81 89 1 39 33 70
89 87 67 7 31 16 75
70 52 16 44 72 96 82
97 32 22 9 15 11 20
67 54 42 3 88 79 50
16 63 89 90 33 70 35
56 9 64 62 56 44 51
4 74 42 59 39 59 38
1 39 33 45 2 6 45
91 15 84 31 15 34 50
65 30 0 79 47 88 89
41 29 58 37 5 93 42
59 39 59 34 2 20 53
86 26 47 27 87 40 61
28 31 82 31 15 34 50
88 55 68 16 63 89 22
1 39 33 70 52 16 21
83 23 94 8 59 41 64
61 2 92 18 91 46 100
26 23 31 71 68 16 47
15 53 41 80 83 90 57
29 39 91 11 85 69 50
0 58 13 58 25 26 35
54 81 22 29 39 91 80
37 5 93 13 31 88 26
53 72 6 48 66 68 62
18 91 46 17 91 93 47
4 74 42 85 15 10 67
73 95 75 47 69 37 46
74 34 96 89 87 67 60
22 2 53 5 6 44 9
4 74 42 41 29 58 47
37 5 93 34 2 20 73
14 77 95 70 52 16 82
61 2 92 8 59 41 76
37 5 93 75 26 85 22
36 92 53 66 43 81 56
12 80 54 15 53 41 29
89 87 67 84 96 90 24
17 91 93 67 54 42 63
39 8 57 85 15 10 47
4 74 42 71 68 16 26
61 2 92 60 9 51 41
90 33 70 75 26 85 16
82 79 43 45 2 6 85
2 6 87 48 66 68 62
53 72 6 96 22 49 65
4 74 42 28 31 82 58
21 81 89 28 31 82 50
21 81 89 26 23 31 82
58 25 26 75 26 85 59
36 92 53 97 32 22 67
76 63 1 17 91 93 96
55 16 78 48 66 68 50
36 92 53 31 15 34 79
53 72 6 22 2 53 84
28 31 82 68 60 72 30
12 80 54 80 83 90 36
46 88 83 90 33 70 56
30 78 7 8 59 41 38
89 87 67 56 9 64 78
31 15 34 42 54 9 46
9 15 11 54 81 22 66
32 14 87 88 55 68 45
85 15 10 6 75 71 85
27 87 40 90 33 70 61
37 5 93 60 9 51 42
9 15 11 51 0 60 51
26 23 31 34 2 20 23
75 26 85 69 34 25 60
17 91 93 15 53 41 64
79 47 88 47 69 37 55
8 59 41 84 96 90 61
1 39 33 72 78 23 40
61 2 92 20 17 48 46
13 31 88 52 59 19 74
26 23 31 7 31 16 17
97 32 22 70 52 16 20
26 23 31 14 77 95 83
8 59 41 43 93 79 50
27 87 40 2 6 87 93
67 54 42 30 78 7 42
93 67 93 50 4 39 82
8 59 41 77 6 64 57
8 59 41 18 91 46 32
31 15 34 82 79 43 64
12 80 54 24 57 97 48
0 58 13 38 58 44 31
39 8 57 94 11 54 4
54 81 22 47 69 37 19
42 54 9 35 52 85 76
19 86 52 85 15 10 82
55 16 78 96 22 49 29
75 26 85 89 87 67 63
60 9 51 58 25 26 29
70 52 16 25 3 74 75
66 43 81 5 6 44 52
86 26 47 56 9 64 24
58 25 26 15 53 41 31
10 89 91 50 4 39 99
92 77 41 86 26 47 51
65 30 0 0 58 13 30
17 91 93 88 55 68 43
41 29 58 33 77 20 61
71 68 16 89 87 67 54
41 29 58 56 9 64 20
0 58 13 61 2 92 96
15 53 41 3 88 79 51
51 0 60 27 87 40 89
60 9 51 12 80 54 71
43 93 79 69 34 25 79
78 87 29 79 47 88 71
68 60 72 39 8 57 54
36 92 53 49 8 93 93
61 2 92 13 31 88 29
8 59 41 6 75 71 34
1 39 33 39 8 57 39
13 31 88 19 86 52 65
6 75 71 94 11 54 66
38 58 44 35 52 85 41
29 39 91 4 74 42 60
58 25 26 37 5 93 69
17 91 93 8 59 41 61
87 58 94 51 0 60 67
47 69 37 88 55 68 34
1 39 33 15 53 41 16
11 85 69 85 15 10 91
59 39 59 65 30 0 59
19 86 52 31 15 34 73
61 2 92 34 2 20 72
37 5 93 95 2 47 46
34 2 20 36 92 53 95
12 80 54 69 34 25 54
14 77 95 46 88 83 16
28 31 82 83 23 94 14
15 53 41 13 31 88 51
54 81 22 72 78 23 3
57 46 4 39 8 57 65
65 30 0 82 79 43 65
80 83 90 36 92 53 38
1 39 33 35 52 85 53
30 78 7 89 87 67 60
4 74 42 12 80 54 13
82 79 43 75 26 85 67
68 60 72 67 54 42 30
76 63 1 23 59 46 45
40 70 96 42 54 9 88
86 26 47 10 89 91 76
56 9 64 96 22 49 19
87 58 94 27 87 40 61
18 91 46 67 54 42 37
41 29 58 40 70 96 55
5 6 44 92 77 41 71
74 34 96 47 69 37 68
22 2 53 26 23 31 30
52 59 19 24 57 97 78
53 72 6 42 54 9 18
94 11 54 30 78 7 81
44 72 96 50 4 39 88
44 72 96 46 88 83 20
71 68 16 93 67 93 77
29 39 91 84 96 90 57
95 2 47 24 57 97 74
22 2 53 8 59 41 58
23 59 46 19 86 52 27
77 6 64 94 11 54 11
19 86 52 91 15 84 77
46 88 83 61 2 92 86
68 60 72 20 17 48 49
63 93 13 76 63 1 32
24 57 97 7 31 16 85
26 23 31 68 60 72 55
45 2 6 0 58 13 56
75 26 85 35 52 85 26
50 4 39 38 58 44 54
65 30 0 86 26 47 47
10 89 91 37 5 93 84
48 66 68 71 68 16 52
49 8 93 96 22 49 46
28 31 82 1 39 33 49
77 6 64 19 86 52 80
47 69 37 53 72 6 31
38 58 44 87 58 94 50
94 11 54 2 6 87 33
11 85 69 47 69 37 35
40 70 96 30 78 7 89
21 81 89 65 30 0 102
70 52 16 81 55 55 39
25 3 74 59 39 59 39
3 88 79 60 9 51 83
4 74 42 17 91 93 53
43 93 79 59 39 59 57
61 2 92 80 83 90 81
72 78 23 47 69 37 16
81 55 55 47 69 37 22
6 75 71 36 92 53 24
75 26 85 56 9 64 27
33 77 20 84 96 90 72
53 72 6 54 81 22 18
16 63 89 14 77 95 15
41 29 58 68 60 72 34
65 30 0 22 2 53 59
13 31 88 44 72 96 41
16 63 89 49 8 93 55
46 88 83 86 26 47 71
76 63 1 72 78 23 26
81 55 55 44 72 96 44
78 87 29 16 63 89 64
25 3 74 11 85 69 82
92 77 41 84 96 90 52
92 77 41 17 91 93 53
27 87 40 55 16 78 80
22 2 53 50 4 39 14
32 14 87 86 26 47 41
1 39 33 64 52 69 38
59 39 59 53 72 6 62
50 4 39 4 74 42 70
48 66 68 10 89 91 32
15 53 41 4 74 42 21
42 54 9 84 96 90 91
48 66 68 36 92 53 30
59 39 59 45 2 6 64
95 2 47 25 3 74 27
78 87 29 74 34 96 85
67 54 42 50 4 39 50
31 15 34 78 87 29 72
6 75 71 84 96 90 28
90 33 70 66 43 81 14
8 59 41 48 66 68 27
79 47 88 24 57 97 13
17 91 93 19 86 52 41
78 87 29 24 57 97 74
4 74 42 81 55 55 23
50 4 39 24 57 97 78
37 5 93 40 70 96 65
36 92 53 22 2 53 90
59 39 59 77 6 64 33
72 78 23 43 93 79 57
9 15 11 78 87 29 74
74 34 96 53 72 6 97
46 88 83 85 15 10 103
34 2 20 7 31 16 29
96 22 49 24 57 97 59
45 2 6 72 78 23 77
71 68 16 36 92 53 44
68 60 72 22 2 53 61
88 55 68 66 43 81 17
55 16 78 37 5 93 18
76 63 1 2 6 87 103
92 77 41 20 17 48 60
32 14 87 10 89 91 75
62 56 44 0 58 13 31
36 92 53 33 77 20 36
77 6 64 47 69 37 68
90 33 70 45 2 6 71
11 85 69 56 9 64 76
96 22 49 33 77 20 62
22 2 53 11 85 69 84
25 3 74 91 15 84 15
11 85 69 61 2 92 86
87 58 94 78 87 29 71
96 22 49 51 0 60 24
72 78 23 52 59 19 19
59 39 59 72 78 23 53
29 39 91 39 8 57 46
87 58 94 1 39 33 63
90 33 70 93 67 93 41
72 78 23 4 74 42 19
83 23 94 63 93 13 107
80 83 90 6 75 71 20
89 87 67 96 22 49 67
92 77 41 19 86 52 14
49 8 93 79 47 88 39
35 52 85 54 81 22 69
22 2 53 44 72 96 82
78 87 29 85 15 10 74
26 23 31 92 77 41 54
11 85 69 42 54 9 67
6 75 71 45 2 6 97
79 47 88 67 54 42 46
71 68 16 21 81 89 74
74 34 96 91 15 84 22
88 55 68 90 33 70 22
75 26 85 81 55 55 41
93 67 93 46 88 83 23
84 96 90 76 63 1 94
17 91 93 97 32 22 92
88 55 68 52 59 19 49
9 15 11 86 26 47 37
30 78 7 78 87 29 23
0 58 13 49 8 93 94
39 8 57 37 5 93 36
46 88 83 69 34 25 79
10 89 91 52 59 19 78
15 53 41 18 91 46 38
39 8 57 71 68 16 72
76 63 1 18 91 46 53
25 3 74 37 5 93 19
75 26 85 86 26 47 38
53 72 6 58 25 26 51
51 0 60 84 96 90 100
0 58 13 44 72 96 84
95 2 47 94 11 54 11
3 88 79 46 88 83 4
37 5 93 96 22 49 47
42 54 9 65 30 0 25
74 34 96 66 43 81 17
26 23 31 31 15 34 8
53 72 6 44 72 96 90
86 26 47 90 33 70 24
71 68 16 22 2 53 75
11 85 69 63 93 13 56
13 31 88 96 22 49 40
5 6 44 60 9 51 7
42 54 9 20 17 48 53
34 2 20 18 91 46 92
97 32 22 69 34 25 3
29 39 91 19 86 52 61
90 33 70 8 59 41 38
63 93 13 28 31 82 92
90 33 70 22 2 53 35
90 33 70 20 17 48 27
34 2 20 55 16 78 59
35 52 85 37 5 93 47
24 57 97 44 72 96 15
76 63 1 65 30 0 33
18 91 46 35 52 85 55
70 52 16 87 58 94 78
38 58 44 60 9 51 49
68 60 72 40 70 96 26
51 0 60 50 4 39 21
83 23 94 12 80 54 69
77 6 64 71 68 16 78
18 91 46 50 4 39 87
19 86 52 83 23 94 75
20 17 48 12 80 54 63
23 59 46 62 56 44 3
45 2 6 70 52 16 50
73 95 75 96 22 49 77
13 31 88 25 3 74 31
54 81 22 23 59 46 32
24 57 97 25 3 74 58
21 81 89 45 2 6 114
76 63 1 77 6 64 84
5 6 44 77 6 64 20
35 52 85 48 66 68 22
32 14 87 46 88 83 74
29 39 91 58 25 26 66
9 15 11 21 81 89 102
91 15 84 61 2 92 15
29 39 91 3 88 79 50
43 93 79 77 6 64 88
47 69 37 6 75 71 34
85 15 10 80 83 90 104
50 4 39 1 39 33 35
68 60 72 58 25 26 57
61 2 92 64 52 69 55
7 31 16 5 6 44 37
91 15 84 35 52 85 37
71 68 16 12 80 54 39
25 3 74 63 93 13 108
36 92 53 45 2 6 101
43 93 79 22 2 53 94
41 29 58 70 52 16 47
74 34 96 65 30 0 96
43 93 79 55 16 78 77
62 56 44 69 34 25 29
34 2 20 89 87 67 97
70 52 16 42 54 9 7
32 14 87 84 96 90 82
57 46 4 52 59 19 19
18 91 46 10 89 91 45
17 91 93 82 79 43 51
88 55 68 49 8 93 53
45 2 6 69 34 25 37
55 16 78 33 77 20 84
73 95 75 40 70 96 32
91 15 84 76 63 1 95
63 93 13 67 54 42 48
84 96 90 27 87 40 50
18 91 46 33 77 20 29
30 78 7 15 53 41 42
46 88 83 67 54 42 53
32 14 87 67 54 42 60
62 56 44 1 39 33 20
33 77 20 65 30 0 51
56 9 64 93 67 93 64
81 55 55 78 87 29 41
20 17 48 76 63 1 65
26 23 31 51 0 60 37
90 33 70 10 89 91 59
37 5 93 9 15 11 82
64 52 69 43 93 79 42
81 55 55 56 9 64 46
34 2 20 6 75 71 89
47 69 37 97 32 22 39
58 25 26 46 88 83 84
94 11 54 75 26 85 34
32 14 87 60 9 51 36
26 23 31 33 77 20 55
50 4 39 54 81 22 78
38 58 44 34 2 20 60
16 63 89 44 72 96 11
42 54 9 18 91 46 52
83 23 94 91 15 84 12
6 75 71 57 46 4 73
58 25 26 33 77 20 52
69 34 25 83 23 94 69
53 72 6 29 39 91 91
68 60 72 29 39 91 28
34 2 20 84 96 90 117
79 47 88 83 23 94 24
97 32 22 86 26 47 25
93 67 93 31 15 34 78
64 52 69 16 63 89 22
97 32 22 79 47 88 67
38 58 44 28 31 82 46
18 91 46 19 86 52 7
75 26 85 59 39 59 29
34 2 20 16 63 89 92
31 15 34 39 8 57 24
3 88 79 95 2 47 91
85 15 10 5 6 44 35
65 30 0 73 95 75 99
36 92 53 53 72 6 51
23 59 46 96 22 49 37
31 15 34 73 95 75 89
44 72 96 87 58 94 14
52 59 19 93 67 93 74
47 69 37 94 11 54 60
47 69 37 70 52 16 27
31 15 34 72 78 23 63
68 60 72 31 15 34 58
5 6 44 33 77 20 74
37 5 93 72 78 23 101
53 72 6 79 47 88 85
32 14 87 65 30 0 88
3 88 79 8 59 41 47
69 34 25 19 86 52 58
70 52 16 82 79 43 38
69 34 25 51 0 60 48
55 16 78 15 53 41 52
81 55 55 48 66 68 17
49 8 93 11 85 69 80
85 15 10 27 87 40 78
74 34 96 45 2 6 95
82 79 43 73 95 75 35
65 30 0 43 93 79 101
86 26 47 82 79 43 53
43 93 79 53 72 6 75
96 22 49 41 29 58 11
89 87 67 66 43 81 46
57 46 4 79 47 88 84
88 55 68 51 0 60 55
50 4 39 16 63 89 77
8 59 41 82 79 43 20
86 26 47 13 31 88 41
11 85 69 28 31 82 55
45 2 6 41 29 58 58
76 63 1 78 87 29 36
34 2 20 90 33 70 58
55 16 78 11 85 69 69
0 58 13 18 91 46 46
60 9 51 42 54 9 61
79 47 88 29 39 91 8
47 69 37 76 63 1 36
78 87 29 75 26 85 82
30 78 7 95 2 47 85
65 30 0 23 59 46 54
30 78 7 33 77 20 13
21 81 89 68 60 72 27
42 54 9 55 16 78 78
57 46 4 91 15 84 85
79 47 88 23 59 46 43
33 77 20 76 63 1 23
51 0 60 38 58 44 60
78 87 29 28 31 82 77
97 32 22 61 2 92 76
62 56 44 57 46 4 41
29 39 91 63 93 13 94
40 70 96 56 9 64 68
94 11 54 54 81 22 76
16 63 89 40 70 96 9
43 93 79 38 58 44 49
1 39 33 73 95 75 70
31 15 34 17 91 93 96
39 8 57 14 77 95 78
78 87 29 15 53 41 36
28 31 82 18 91 46 69
22 2 53 46 88 83 91
36 92 53 12 80 54 12
85 15 10 64 52 69 69
77 6 64 75 26 85 29
61 2 92 55 16 78 19
52 59 19 40 70 96 77
91 15 84 64 52 69 39
62 56 44 94 11 54 46
62 56 44 26 23 31 35
51 0 60 30 78 7 94
74 34 96 75 26 85 13
13 31 88 95 2 47 50
4 74 42 63 93 13 34
57 46 4 28 31 82 79
83 23 94 22 2 53 46
45 2 6 37 5 93 87
84 96 90 83 23 94 73
34 2 20 23 59 46 62
59 39 59 16 63 89 38
89 87 67 2 6 87 83
27 87 40 48 66 68 35
13 31 88 57 46 4 85
63 93 13 64 52 69 69
1 39 33 31 15 34 24
95 2 47 55 16 78 34
22 2 53 94 11 54 9
16 63 89 11 85 69 29
88 55 68 33 77 20 52
87 58 94 45 2 6 104
26 23 31 63 93 13 72
63 93 13 3 88 79 66
78 87 29 4 74 42 18
27 87 40 72 78 23 19
14 77 95 79 47 88 30
62 56 44 38 58 44 2
18 91 46 74 34 96 75
90 33 70 35 52 85 24
94 11 54 11 85 69 75
47 69 37 66 43 81 51
54 81 22 88 55 68 52
71 68 16 8 59 41 26
65 30 0 81 55 55 60
68 60 72 47 69 37 36
49 8 93 64 52 69 50
83 23 94 15 53 41 60
80 83 90 76 63 1 91
69 34 25 74 34 96 71
79 47 88 3 88 79 41
61 2 92 96 22 49 47
50 4 39 69 34 25 33
73 95 75 64 52 69 43
36 92 53 50 4 39 89
93 67 93 12 80 54 41
28 31 82 56 9 64 28
53 72 6 4 74 42 36
16 63 89 10 89 91 26
71 68 16 62 56 44 30
97 32 22 5 6 44 34
94 11 54 25 3 74 21
80 83 90 30 78 7 83
70 52 16 2 6 87 84
69 34 25 66 43 81 56
22 2 53 79 47 88 57
35 52 85 32 14 87 38
50 4 39 13 31 88 55
31 15 34 0 58 13 47
5 6 44 42 54 9 59
61 2 92 4 74 42 87
18 91 46 85 15 10 84
95 2 47 32 14 87 41
72 78 23 14 77 95 72
69 34 25 94 11 54 37
6 75 71 49 8 93 70
4 74 42 45 2 6 80
83 23 94 45 2 6 90
18 91 46 75 26 85 75
95 2 47 47 69 37 67
44 72 96 75 26 85 47
68 60 72 32 14 87 48
50 4 39 14 77 95 92
92 77 41 65 30 0 62
88 55 68 63 93 13 66
20 17 48 29 39 91 48
24 57 97 64 52 69 28
24 57 97 39 8 57 63
1 39 33 8 59 41 21
95 2 47 6 75 71 76
28 31 82 2 6 87 25
97 32 22 40 70 96 83
52 59 19 89 87 67 55
28 31 82 44 72 96 43
95 2 47 0 58 13 65
87 58 94 8 59 41 53
38 58 44 5 6 44 52
58 25 26 40 70 96 83
89 87 67 97 32 22 71
90 33 70 30 78 7 77
74 34 96 8 59 41 60
91 15 84 47 69 37 71
43 93 79 93 67 93 29
1 39 33 14 77 95 72
70 52 16 62 56 44 28
10 89 91 47 69 37 57
83 23 94 62 56 44 59
57 46 4 68 60 72 69
63 93 13 34 2 20 91
55 16 78 76 63 1 90
49 8 93 45 2 6 87
36 92 53 58 25 26 72
14 77 95 41 29 58 60
7 31 16 36 92 53 71
13 31 88 69 34 25 63
49 8 93 57 46 4 96
34 2 20 28 31 82 68
57 46 4 22 2 53 65
22 2 53 33 77 20 81
28 31 82 9 15 11 72
36 92 53 29 39 91 65
39 8 57 83 23 94 39
49 8 93 74 34 96 26
2 6 87 17 91 93 85
16 63 89 60 9 51 66
41 29 58 59 39 59 10
27 87 40 64 52 69 45
95 2 47 15 53 41 51
95 2 47 31 15 34 18
34 2 20 53 72 6 71
60 9 51 26 23 31 24
96 22 49 22 2 53 20
72 78 23 67 54 42 30
92 77 41 22 2 53 75
46 88 83 7 31 16 87
92 77 41 85 15 10 69
49 8 93 94 11 54 39
25 3 74 15 53 41 59
18 91 46 40 70 96 54
7 31 16 85 15 10 17
20 17 48 1 39 33 26
93 67 93 82 79 43 51
34 2 20 42 54 9 53
66 43 81 10 89 91 47
56 9 64 49 8 93 29
42 54 9 21 81 89 84
1 39 33 16 63 89 60
62 56 44 53 72 6 41
76 63 1 51 0 60 86
96 22 49 58 25 26 23
55 16 78 60 9 51 27
8 59 41 38 58 44 3
22 2 53 60 9 51 7
46 88 83 94 11 54 82
81 55 55 51 0 60 55
31 15 34 29 39 91 61
51 0 60 43 93 79 94
2 6 87 16 63 89 57
86 26 47 52 59 19 43
84 96 90 23 59 46 57
2 6 87 96 22 49 41
25 3 74 89 87 67 84
57 46 4 70 52 16 13
48 66 68 30 78 7 62
48 66 68 11 85 69 19
17 91 93 9 15 11 111
32 14 87 97 32 22 67
33 77 20 78 87 29 13
49 8 93 39 8 57 36
88 55 68 80 83 90 35
34 2 20 30 78 7 77
57 46 4 45 2 6 44
13 31 88 20 17 48 42
72 78 23 80 83 90 67
34 2 20 41 29 58 46
86 26 47 91 15 84 38
73 95 75 60 9 51 89
50 4 39 76 63 1 70
50 4 39 70 52 16 53
83 23 94 55 16 78 17
91 15 84 79 47 88 32
20 17 48 36 92 53 75
9 15 11 16 63 89 91
90 33 70 5 6 44 37
76 63 1 15 53 41 41
38 58 44 29 39 91 50
71 68 16 42 54 9 15
27 87 40 83 23 94 83
58 25 26 55 16 78 52
23 59 46 10 89 91 54
75 26 85 32 14 87 12
32 14 87 3 88 79 74
37 5 93 63 93 13 118
84 96 90 5 6 44 101
87 58 94 5 6 44 72
83 23 94 17 91 93 68
5 6 44 13 31 88 50
11 85 69 46 88 83 14
13 31 88 71 68 16 80
59 39 59 71 68 16 51
16 63 89 29 39 91 24
2 6 87 93 67 93 61
6 75 71 28 31 82 45
21 81 89 2 6 87 75
29 39 91 71 68 16 80
10 89 91 97 32 22 89
58 25 26 41 29 58 32
87 58 94 21 81 89 23
13 31 88 85 15 10 79
0 58 13 21 81 89 79
24 57 97 10 89 91 32
42 54 9 12 80 54 51
91 15 84 67 54 42 57
21 81 89 5 6 44 87
66 43 81 56 9 64 38
51 0 60 40 70 96 78
91 15 84 42 54 9 84
11 85 69 44 72 96 29
7 31 16 90 33 70 54
39 8 57 10 89 91 87
84 96 90 88 55 68 46
75 26 85 51 0 60 36
57 46 4 29 39 91 87
41 29 58 21 81 89 60
53 72 6 76 63 1 10
77 6 64 0 58 13 72
41 29 58 6 75 71 47
67 54 42 7 31 16 34
92 77 41 81 55 55 26
22 2 53 84 96 90 101
94 11 54 79 47 88 49
13 31 88 77 6 64 34
29 39 91 64 52 69 25
34 2 20 11 85 69 96
55 16 78 87 58 94 44
93 67 93 60 9 51 71
95 2 47 57 46 4 61
40 70 96 50 4 39 87
96 22 49 5 6 44 16
61 2 92 94 11 54 39
32 14 87 40 70 96 56
89 87 67 95 2 47 87
5 6 44 48 66 68 64
64 52 69 90 33 70 19
78 87 29 67 54 42 35
80 83 90 9 15 11 104
95 2 47 53 72 6 81
14 77 95 56 9 64 74
7 31 16 53 72 6 42
29 39 91 23 59 46 49
29 39 91 1 39 33 58
29 39 91 65 30 0 91
65 30 0 68 60 72 78
2 6 87 49 8 93 6
16 63 89 71 68 16 73
35 52 85 84 96 90 44
47 69 37 37 5 93 85
50 4 39 35 52 85 66
19 86 52 75 26 85 68
13 31 88 93 67 93 36
93 67 93 51 0 60 74
34 2 20 51 0 60 40
36 92 53 73 95 75 22
79 47 88 48 66 68 27
51 0 60 15 53 41 56
15 53 41 28 31 82 46
74 34 96 92 77 41 69
14 77 95 90 33 70 50
26 23 31 4 74 42 52
89 87 67 14 77 95 29
62 56 44 31 15 34 42
49 8 93 77 6 64 29
97 32 22 54 81 22 49
29 39 91 28 31 82 12
75 26 85 33 77 20 82
70 52 16 16 63 89 73
80 83 90 53 72 6 84
25 3 74 28 31 82 29
49 8 93 33 77 20 100
68 60 72 3 88 79 28
2 6 87 11 85 69 81
70 52 16 4 74 42 34
42 54 9 79 47 88 79
75 26 85 30 78 7 93
14 77 95 94 11 54 77
2 6 87 4 74 42 81
71 68 16 34 2 20 66
76 63 1 30 78 7 16
29 39 91 2 6 87 33
87 58 94 67 54 42 52
12 80 54 26 23 31 61
79 47 88 76 63 1 88
89 87 67 82 79 43 25
31 15 34 67 54 42 39
60 9 51 57 46 4 59
7 31 16 69 34 25 9
23 59 46 48 66 68 23
48 66 68 60 9 51 59
39 8 57 86 26 47 20
7 31 16 12 80 54 62
21 81 89 27 87 40 49
31 15 34 54 81 22 67
30 78 7 29 39 91 92
4 74 42 65 30 0 60
64 52 69 50 4 39 56
59 39 59 6 75 71 37
70 52 16 28 31 82 69
84 96 90 81 55 55 53
15 53 41 19 86 52 34
28 31 82 27 87 40 70
63 93 13 39 8 57 95
93 67 93 8 59 41 52
96 22 49 85 15 10 39
82 79 43 56 9 64 73
56 9 64 54 81 22 83
63 93 13 55 16 78 100
72 78 23 61 2 92 102
0 58 13 33 77 20 20
54 81 22 76 63 1 27
74 34 96 11 85 69 57
61 2 92 93 67 93 65
48 66 68 85 15 10 77
72 78 23 70 52 16 26
4 74 42 38 58 44 16
13 31 88 26 23 31 57
34 2 20 72 78 23 76
52 59 19 67 54 42 23
63 93 13 16 63 89 81
94 11 54 63 93 13 91
73 95 75 78 87 29 46
71 68 16 66 43 81 69
71 68 16 74 34 96 86
40 70 96 43 93 79 28
34 2 20 62 56 44 59
33 77 20 64 52 69 55
61 2 92 17 91 93 89
67 54 42 97 32 22 29
80 83 90 54 81 22 68
55 16 78 91 15 84 6
88 55 68 55 16 78 40
51 0 60 13 31 88 41
84 96 90 31 15 34 98
79 47 88 27 87 40 62
56 9 64 50 4 39 25
72 78 23 74 34 96 85
27 87 40 3 88 79 39
89 87 67 58 25 26 74
26 23 31 96 22 49 18
42 54 9 83 23 94 90
4 74 42 94 11 54 64
92 77 41 15 53 41 24
47 69 37 43 93 79 48
54 81 22 69 34 25 47
15 53 41 89 87 67 42
32 14 87 30 78 7 102
20 17 48 93 67 93 67
97 32 22 84 96 90 93
67 54 42 73 95 75 52
67 54 42 36 92 53 39
5 6 44 80 83 90 89
81 55 55 41 29 58 26
59 39 59 96 22 49 19
5 6 44 62 56 44 50
79 47 88 9 15 11 83
61 2 92 70 52 16 90
70 52 16 5 6 44 53
11 85 69 30 78 7 62
73 95 75 48 66 68 29
54 81 22 36 92 53 32
2 6 87 23 59 46 67
87 58 94 43 93 79 38
66 43 81 43 93 79 50
26 23 31 17 91 93 92
73 95 75 13 31 88 65
94 11 54 32 14 87 33
64 52 69 71 68 16 55
41 29 58 97 32 22 36
85 15 10 63 93 13 78
39 8 57 11 85 69 77
91 15 84 30 78 7 99
78 87 29 23 59 46 32
16 63 89 42 54 9 80
37 5 93 3 88 79 84
22 2 53 58 25 26 35
77 6 64 15 53 41 52
97 32 22 48 66 68 57
92 77 41 56 9 64 71
49 8 93 44 72 96 64
22 2 53 78 87 29 88
54 81 22 81 55 55 42
0 58 13 94 11 54 62
44 72 96 86 26 47 67
38 58 44 24 57 97 53
39 8 57 32 14 87 30
89 87 67 51 0 60 87
32 14 87 26 23 31 56
57 46 4 43 93 79 88
65 30 0 45 2 6 28
95 2 47 77 6 64 17
52 59 19 16 63 89 70
90 33 70 6 75 71 42
79 47 88 77 6 64 47
3 88 79 75 26 85 62
87 58 94 31 15 34 73
43 93 79 17 91 93 14
42 54 9 6 75 71 65
67 54 42 66 43 81 40
42 54 9 29 39 91 83
29 39 91 18 91 46 68
6 75 71 26 23 31 65
5 6 44 57 46 4 56
36 92 53 76 63 1 59
92 77 41 29 39 91 62
12 80 54 27 87 40 15
35 52 85 64 52 69 16
78 87 29 37 5 93 104
41 29 58 72 78 23 60
95 2 47 17 91 93 100
3 88 79 38 58 44 46
83 23 94 44 72 96 49
70 52 16 93 67 93 78
68 60 72 38 58 44 28
49 8 93 71 68 16 97
8 59 41 58 25 26 37
34 2 20 54 81 22 79
2 6 87 55 16 78 13
33 77 20 38 58 44 30
31 15 34 5 6 44 13
32 14 87 29 39 91 25
60 9 51 21 81 89 81
82 79 43 59 39 59 43
91 15 84 84 96 90 81
97 32 22 76 63 1 37
20 17 48 91 15 84 36
96 22 49 16 63 89 57
62 56 44 63 93 13 48
69 34 25 40 70 96 79
92 77 41 70 52 16 35
79 47 88 35 52 85 5
51 0 60 64 52 69 52
73 95 75 39 8 57 88
9 15 11 25 3 74 64
58 25 26 93 67 93 79
74 34 96 68 60 72 35
53 72 6 70 52 16 22
64 52 69 20 17 48 40
46 88 83 36 92 53 30
48 66 68 29 39 91 35
73 95 75 44 72 96 31
48 66 68 21 81 89 25
73 95 75 55 16 78 79
68 60 72 96 22 49 44
47 69 37 49 8 93 82
49 8 93 40 70 96 62
74 34 96 52 59 19 80
69 34 25 56 9 64 46
71 68 16 57 46 4 25
49 8 93 81 55 55 60
0 58 13 22 2 53 68
32 14 87 69 34 25 65
21 81 89 10 89 91 8
33 77 20 56 9 64 80
8 59 41 88 55 68 27
29 39 91 14 77 95 38
6 75 71 14 77 95 24
50 4 39 53 72 6 75
31 15 34 44 72 96 84
78 87 29 92 77 41 15
49 8 93 72 78 23 98
71 68 16 90 33 70 64
49 8 93 67 54 42 68
28 31 82 37 5 93 28
71 68 16 76 63 1 15
15 53 41 90 33 70 35
32 14 87 47 69 37 74
7 31 16 95 2 47 42
96 22 49 10 89 91 79
37 5 93 5 6 44 49
89 87 67 79 47 88 45
96 22 49 90 33 70 23
80 83 90 51 0 60 88
38 58 44 19 86 52 29
94 11 54 86 26 47 16
23 59 46 35 52 85 39
87 58 94 28 31 82 29
51 0 60 65 30 0 67
92 77 41 51 0 60 79
42 54 9 44 72 96 88
32 14 87 57 46 4 88
19 86 52 67 54 42 33
31 15 34 66 43 81 54
26 23 31 15 53 41 31
8 59 41 37 5 93 74
59 39 59 81 55 55 16
75 26 85 54 81 22 83
60 9 51 81 55 55 46
74 34 96 31 15 34 64
20 17 48 72 78 23 65
80 83 90 0 58 13 80
28 31 82 32 14 87 17
23 59 46 95 2 47 57
6 75 71 74 34 96 48
49 8 93 31 15 34 59
23 59 46 13 31 88 50
69 34 25 8 59 41 29
71 68 16 50 4 39 68
41 29 58 67 54 42 29
94 11 54 88 55 68 46
27 87 40 5 6 44 81
77 6 64 84 96 90 93
70 52 16 0 58 13 6
52 59 19 41 29 58 49
68 60 72 2 6 87 56
97 32 22 6 75 71 65
36 92 53 68 60 72 37
2 6 87 65 30 0 90
57 46 4 10 89 91 97
48 66 68 14 77 95 29
31 15 34 96 22 49 16
79 47 88 13 31 88 16
51 0 60 31 15 34 30
10 89 91 27 87 40 51
74 34 96 61 2 92 32
7 31 16 57 46 4 19
65 30 0 90 33 70 70
94 11 54 24 57 97 62
56 9 64 80 83 90 78
23 59 46 38 58 44 2
87 58 94 85 15 10 94
18 91 46 68 60 72 40
37 5 93 12 80 54 84
62 56 44 28 31 82 45
28 31 82 90 33 70 12
59 39 59 40 70 96 48
48 66 68 82 79 43 28
33 77 20 54 81 22 4
63 93 13 35 52 85 82
96 22 49 44 72 96 68
81 55 55 38 58 44 11
8 59 41 95 2 47 57
90 33 70 57 46 4 67
4 74 42 82 79 43 5
31 15 34 89 87 67 79
85 15 10 49 8 93 83
9 15 11 61 2 92 82
93 67 93 37 5 93 62
1 39 33 92 77 41 38
22 2 53 81 55 55 53
36 92 53 21 81 89 37
93 67 93 80 83 90 16
69 34 25 26 23 31 12
20 17 48 67 54 42 37
26 23 31 40 70 96 80
95 2 47 78 87 29 86
17 91 93 23 59 46 56
57 46 4 14 77 95 96
7 31 16 39 8 57 47
36 92 53 43 93 79 26
38 58 44 49 8 93 70
2 6 87 45 2 6 81
8 59 41 80 83 90 54
28 31 82 64 52 69 24
38 58 44 96 22 49 36
87 58 94 71 68 16 78
12 80 54 29 39 91 55
41 29 58 38 58 44 32
6 75 71 69 34 25 61
0 58 13 63 93 13 35
4 74 42 92 77 41 3
65 30 0 70 52 16 27
27 87 40 77 6 64 84
97 32 22 44 72 96 84
59 39 59 80 83 90 53
80 83 90 14 77 95 7
18 91 46 72 78 23 26
21 81 89 69 34 25 79
28 31 82 81 55 55 36
12 80 54 11 85 69 15
95 2 47 80 83 90 91
81 55 55 37 5 93 62
7 31 16 1 39 33 18
17 91 93 62 56 44 60
12 80 54 8 59 41 24
73 95 75 5 6 44 94
11 85 69 21 81 89 20
21 81 89 95 2 47 89
6 75 71 39 8 57 68
87 58 94 60 9 51 65
62 56 44 80 83 90 53
90 33 70 58 25 26 44
47 69 37 65 30 0 53
12 80 54 74 34 96 62
90 33 70 55 16 78 18
62 56 44 64 52 69 25
20 17 48 39 8 57 12
54 81 22 43 93 79 58
7 31 16 42 54 9 24
42 54 9 24 57 97 88
16 63 89 25 3 74 61
1 39 33 84 96 90 80
76 63 1 92 77 41 42
47 69 37 89 87 67 34
74 34 96 63 93 13 101
62 56 44 39 8 57 49
60 9 51 75 26 85 38
25 3 74 41 29 58 30
14 77 95 28 31 82 47
80 83 90 38 58 44 52
16 63 89 47 69 37 52
55 16 78 24 57 97 45
84 96 90 15 53 41 65
19 86 52 3 88 79 27
67 54 42 69 34 25 26
13 31 88 35 52 85 21
19 86 52 63 93 13 39
70 52 16 77 6 64 66
58 25 26 63 93 13 69
40 70 96 70 52 16 82
61 2 92 44 72 96 70
24 57 97 37 5 93 52
52 59 19 1 39 33 24
49 8 93 89 87 67 83
47 69 37 7 31 16 43
78 87 29 6 75 71 43
43 93 79 5 6 44 93
71 68 16 88 55 68 53
88 55 68 44 72 96 32
32 14 87 71 68 16 89
30 78 7 47 69 37 31
88 55 68 60 9 51 49
16 63 89 28 31 82 32
53 72 6 88 55 68 64
76 63 1 9 15 11 49
67 54 42 59 39 59 22
15 53 41 10 89 91 61
38 58 44 47 69 37 13
33 77 20 83 23 94 91
8 59 41 44 72 96 56
8 59 41 73 95 75 49
88 55 68 59 39 59 18
46 88 83 4 74 42 43
89 87 67 64 52 69 35
23 59 46 9 15 11 56
36 92 53 11 85 69 17
73 95 75 7 31 16 87
79 47 88 95 2 47 60
65 30 0 61 2 92 96
2 6 87 12 80 54 81
72 78 23 55 16 78 82
53 72 6 31 15 34 63
92 77 41 69 34 25 45
86 26 47 72 78 23 57
83 23 94 4 74 42 72
76 63 1 25 3 74 94
50 4 39 81 55 55 53
65 30 0 67 54 42 48
70 52 16 78 87 29 37
3 88 79 45 2 6 112
90 33 70 69 34 25 45
38 58 44 44 72 96 53
15 53 41 22 2 53 52
45 2 6 20 17 48 44
84 96 90 85 15 10 113
35 52 85 55 16 78 36
52 59 19 34 2 20 57
70 52 16 56 9 64 64
81 55 55 64 52 69 14
44 72 96 10 89 91 17
68 60 72 52 59 19 53
68 60 72 44 72 96 26
15 53 41 7 31 16 33
59 39 59 21 81 89 51
40 70 96 0 58 13 83
23 59 46 12 80 54 22
1 39 33 53 72 6 42
83 23 94 16 63 89 40
73 95 75 93 67 93 33
85 15 10 22 2 53 44
83 23 94 75 26 85 9
65 30 0 8 59 41 50
32 14 87 37 5 93 10
68 60 72 6 75 71 15
84 96 90 86 26 47 82
53 72 6 17 91 93 89
35 52 85 11 85 69 36
51 0 60 78 87 29 92
14 77 95 19 86 52 43
10 89 91 49 8 93 81
11 85 69 96 22 49 66
83 23 94 49 8 93 15
81 55 55 53 72 6 51
59 39 59 29 39 91 32
65 30 0 56 9 64 67
44 72 96 78 87 29 68
19 86 52 10 89 91 39
44 72 96 54 81 22 74
20 17 48 14 77 95 76
48 66 68 86 26 47 45
61 2 92 78 87 29 105
2 6 87 7 31 16 75
39 8 57 9 15 11 46
53 72 6 83 23 94 100
40 70 96 79 47 88 24
80 83 90 19 86 52 38
47 69 37 46 88 83 49
97 32 22 96 22 49 28
49 8 93 84 96 90 88
95 2 47 90 33 70 38
38 58 44 82 79 43 21
84 96 90 48 66 68 37
88 55 68 70 52 16 52
72 78 23 68 60 72 52
70 52 16 6 75 71 59
7 31 16 94 11 54 42
81 55 55 20 17 48 38
24 57 97 34 2 20 94
55 16 78 36 92 53 80
89 87 67 87 58 94 39
79 47 88 88 55 68 21
79 47 88 68 60 72 20
67 54 42 47 69 37 15
48 66 68 94 11 54 56
54 81 22 62 56 44 33
11 85 69 95 2 47 85
96 22 49 34 2 20 35
44 72 96 40 70 96 2
79 47 88 71 68 16 75
24 57 97 31 15 34 75
7 31 16 32 14 87 73
12 80 54 45 2 6 91
7 31 16 45 2 6 30
44 72 96 90 33 70 46
51 0 60 22 2 53 7
64 52 69 76 63 1 68
23 59 46 40 70 96 51
34 2 20 58 25 26 23
72 78 23 65 30 0 53
61 2 92 5 6 44 48
28 31 82 60 9 51 38
61 2 92 22 2 53 39
72 78 23 58 25 26 53
88 55 68 85 15 10 70
34 2 20 27 87 40 87
59 39 59 47 69 37 37
3 88 79 65 30 0 98
47 69 37 27 87 40 18
3 88 79 97 32 22 79
13 31 88 46 88 83 57
66 43 81 61 2 92 42
41 29 58 74 34 96 38
52 59 19 71 68 16 9
45 2 6 56 9 64 58
21 81 89 33 77 20 69
66 43 81 6 75 71 33
59 39 59 39 8 57 31
45 2 6 16 63 89 103
15 53 41 61 2 92 72
35 52 85 5 6 44 61
12 80 54 97 32 22 57
78 87 29 62 56 44 34
39 8 57 58 25 26 35
11 85 69 9 15 11 90
52 59 19 50 4 39 58
77 6 64 96 22 49 21
61 2 92 38 58 44 73
1 39 33 38 58 44 21
56 9 64 29 39 91 40
31 15 34 46 88 83 87
0 58 13 54 81 22 24
32 14 87 43 93 79 79
35 52 85 51 0 60 57
31 15 34 65 30 0 37
86 26 47 62 56 44 30
71 68 16 60 9 51 68
85 15 10 59 39 59 54
16 63 89 86 26 47 55
69 34 25 78 87 29 53
29 39 91 49 8 93 31
16 63 89 32 14 87 49
87 58 94 10 89 91 31
1 39 33 63 93 13 57
9 15 11 89 87 67 91
89 87 67 13 31 88 59
65 30 0 93 67 93 100
59 39 59 62 56 44 22
17 91 93 63 93 13 80
64 52 69 32 14 87 42
86 26 47 57 46 4 47
65 30 0 16 63 89 94
15 53 41 20 17 48 36
5 6 44 55 16 78 35
91 15 84 71 68 16 86
74 34 96 57 46 4 92
10 89 91 20 17 48 83
68 60 72 54 81 22 54
41 29 58 78 87 29 64
15 53 41 41 29 58 29
16 63 89 69 34 25 70
53 72 6 55 16 78 91
59 39 59 52 59 19 44
30 78 7 12 80 54 47
90 33 70 91 15 84 22
17 91 93 46 88 83 10
34 2 20 85 15 10 16
97 32 22 60 9 51 37
78 87 29 60 9 51 81
3 88 79 84 96 90 13
38 58 44 53 72 6 40
64 52 69 96 22 49 36
69 34 25 87 58 94 73
97 32 22 4 74 42 46
18 91 46 79 47 88 60
45 2 6 47 69 37 73
60 9 51 91 15 84 33
51 0 60 95 2 47 13
85 15 10 23 59 46 56
80 83 90 94 11 54 80
0 58 13 47 69 37 26
29 39 91 44 72 96 33
7 31 16 65 30 0 16
58 25 26 3 88 79 82
20 17 48 30 78 7 73
46 88 83 8 59 41 51
50 4 39 43 93 79 97
23 59 46 70 52 16 30
32 14 87 61 2 92 13
23 59 46 11 85 69 34
70 52 16 76 63 1 18
39 8 57 47 69 37 64
31 15 34 76 63 1 58
69 34 25 60 9 51 36
19 86 52 21 81 89 37
32 14 87 83 23 94 11
60 9 51 15 53 41 45
51 0 60 67 54 42 56
1 39 33 34 2 20 39
21 81 89 4 74 42 47
45 2 6 24 57 97 106
36 92 53 77 6 64 86
22 2 53 77 6 64 11
13 31 88 29 39 91 8
88 55 68 95 2 47 57
63 93 13 89 87 67 54
83 23 94 2 6 87 18
80 83 90 11 85 69 21
18 91 46 57 46 4 61
47 69 37 56 9 64 65
41 29 58 35 52 85 35
13 31 88 47 69 37 63
9 15 11 41 29 58 49
83 23 94 90 33 70 26
46 88 83 24 57 97 34
13 31 88 53 72 6 91
67 54 42 43 93 79 53
42 54 9 97 32 22 25
13 31 88 75 26 85 5
41 29 58 65 30 0 58
19 86 52 57 46 4 62
66 43 81 75 26 85 17
79 47 88 33 77 20 74
26 23 31 18 91 46 69
1 39 33 89 87 67 58
53 72 6 93 67 93 87
19 86 52 24 57 97 53
93 67 93 41 29 58 51
82 79 43 54 81 22 21
64 52 69 65 30 0 72
9 15 11 10 89 91 108
44 72 96 19 86 52 46
2 6 87 97 32 22 70
62 56 44 16 63 89 45
24 57 97 2 6 87 51
75 26 85 27 87 40 75
46 88 83 15 53 41 54
1 39 33 46 88 83 70
15 53 41 85 15 10 49
48 66 68 70 52 16 53
7 31 16 97 32 22 6
85 15 10 68 60 72 76
14 77 95 31 15 34 86
87 58 94 34 2 20 92
13 31 88 45 2 6 86
94 11 54 83 23 94 41
86 26 47 78 87 29 63
33 77 20 48 66 68 49
44 72 96 41 29 58 57
74 34 96 88 55 68 35
23 59 46 51 0 60 60
46 88 83 62 56 44 50
15 53 41 21 81 89 55
95 2 47 62 56 44 54
24 57 97 65 30 0 100
97 32 22 92 77 41 48
89 87 67 69 34 25 67
63 93 13 48 66 68 61
60 9 51 36 92 53 83
76 63 1 93 67 93 92
22 2 53 17 91 93 97
1 39 33 12 80 54 46
60 9 51 63 93 13 92
81 55 55 13 31 88 40
53 72 6 49 8 93 108
37 5 93 83 23 94 18
23 59 46 55 16 78 53
0 58 13 51 0 60 74
45 2 6 55 16 78 73
11 85 69 68 60 72 25
32 14 87 51 0 60 30
17 91 93 51 0 60 96
22 2 53 80 83 90 89
82 79 43 40 70 96 53
85 15 10 32 14 87 77
4 74 42 47 69 37 7
10 89 91 1 39 33 76
95 2 47 45 2 6 41
92 77 41 95 2 47 75
8 59 41 16 63 89 48
12 80 54 70 52 16 47
12 80 54 89 87 67 14
53 72 6 77 6 64 87
67 54 42 11 85 69 41
43 93 79 91 15 84 78
78 87 29 27 87 40 11
47 69 37 20 17 48 53
84 96 90 10 89 91 7
95 2 47 58 25 26 31
39 8 57 45 2 6 51
35 52 85 73 95 75 44
19 86 52 51 0 60 86
40 70 96 13 31 88 39
91 15 84 18 91 46 84
33 77 20 50 4 39 75
62 56 44 14 77 95 55
55 16 78 6 75 71 59
59 39 59 94 11 54 28
38 58 44 74 34 96 57
52 59 19 39 8 57 63
24 57 97 51 0 60 67
51 0 60 29 39 91 49
93 67 93 96 22 49 62
72 78 23 94 11 54 73
77 6 64 17 91 93 89
74 34 96 28 31 82 14
58 25 26 81 55 55 41
86 26 47 37 5 93 50
97 32 22 82 79 43 51
18 91 46 5 6 44 85
69 34 25 49 8 93 72
87 58 94 29 39 91 19
46 88 83 77 6 64 84
88 55 68 56 9 64 46
31 15 34 61 2 92 59
36 92 53 56 9 64 83
18 91 46 69 34 25 60
70 52 16 89 87 67 61
25 3 74 86 26 47 35
36 92 53 26 23 31 72
62 56 44 6 75 71 33
18 91 46 95 2 47 89
44 72 96 59 39 59 49
33 77 20 69 34 25 43
16 63 89 48 66 68 21
19 86 52 68 60 72 32
18 91 46 3 88 79 33
50 4 39 92 77 41 73
34 2 20 4 74 42 75
28 31 82 42 54 9 76
21 81 89 44 72 96 11
76 63 1 62 56 44 43
88 55 68 69 34 25 47
12 80 54 86 26 47 54
39 8 57 36 92 53 84
97 32 22 45 2 6 34
82 79 43 2 6 87 85
26 23 31 37 5 93 64
63 93 13 54 81 22 15
39 8 57 4 74 42 67
32 14 87 4 74 42 75
52 59 19 33 77 20 18
40 70 96 27 87 40 58
45 2 6 5 6 44 38
59 39 59 48 66 68 28
24 57 97 20 17 48 63
39 8 57 19 86 52 78
0 58 13 53 72 6 15
22 2 53 39 8 57 7
64 52 69 34 2 20 70
53 72 6 27 87 40 37
27 87 40 63 93 13 27
17 91 93 12 80 54 40
97 32 22 72 78 23 46
96 22 49 45 2 6 47
73 95 75 37 5 93 91
5 6 44 94 11 54 11
24 57 97 29 39 91 18
29 39 91 26 23 31 62
33 77 20 44 72 96 76
47 69 37 90 33 70 48
86 26 47 66 43 81 38
42 54 9 92 77 41 39
84 96 90 43 93 79 11
81 55 55 57 46 4 51
79 47 88 31 15 34 62
44 72 96 64 52 69 33
20 17 48 84 96 90 89
68 60 72 90 33 70 27
93 67 93 26 23 31 76
72 78 23 11 85 69 46
3 88 79 88 55 68 34
36 92 53 27 87 40 13
76 63 1 11 85 69 71
21 81 89 57 46 4 91
85 15 10 20 17 48 38
88 55 68 22 2 53 55
18 91 46 51 0 60 92
55 16 78 28 31 82 15
85 15 10 47 69 37 60
77 6 64 51 0 60 7
65 30 0 50 4 39 46
83 23 94 89 87 67 69
90 33 70 29 39 91 21
9 15 11 7 31 16 16
97 32 22 20 17 48 30
3 88 79 5 6 44 89
59 39 59 86 26 47 17
47 69 37 21 81 89 53
41 29 58 55 16 78 23
21 81 89 43 93 79 15
89 87 67 6 75 71 12
75 26 85 91 15 84 11
66 43 81 17 91 93 49
39 8 57 76 63 1 78
23 59 46 61 2 92 73
65 30 0 35 52 85 87
41 29 58 54 81 22 63
25 3 74 71 68 16 87
0 58 13 50 4 39 59
53 72 6 64 52 69 66
48 66 68 45 2 6 89
54 81 22 15 53 41 33
47 69 37 42 54 9 31
33 77 20 1 39 33 40
55 16 78 39 8 57 22
54 81 22 96 22 49 64
45 2 6 17 91 93 124
12 80 54 16 63 89 38
45 2 6 58 25 26 30
43 93 79 90 33 70 60
97 32 22 81 55 55 40
17 91 93 36 92 53 40
68 60 72 37 5 93 58
14 77 95 78 87 29 66
30 78 7 97 32 22 48
82 79 43 14 77 95 52
90 33 70 48 66 68 33
79 47 88 52 59 19 70
32 14 87 52 59 19 81
78 87 29 88 55 68 50
37 5 93 36 92 53 95
74 34 96 54 81 22 87
45 2 6 10 89 91 121
53 72 6 82 79 43 37
77 6 64 33 77 20 83
80 83 90 23 59 46 50
26 23 31 58 25 26 5
94 11 54 92 77 41 67
90 33 70 97 32 22 48
5 6 44 59 39 59 36
2 6 87 51 0 60 27
32 14 87 36 92 53 85
74 34 96 95 2 47 58
44 72 96 63 93 13 85
66 43 81 37 5 93 39
77 6 64 60 9 51 13
72 78 23 42 54 9 27
22 2 53 70 52 16 62
46 88 83 65 30 0 101
97 32 22 83 23 94 72
10 89 91 6 75 71 24
29 39 91 5 6 44 57
84 96 90 21 81 89 15
32 14 87 11 85 69 73
75 26 85 96 22 49 36
14 77 95 33 77 20 75
77 6 64 12 80 54 74
20 17 48 22 2 53 15
26 23 31 61 2 92 64
1 39 33 47 69 37 30
84 96 90 50 4 39 105
85 15 10 42 54 9 39
64 52 69 2 6 87 49
37 5 93 87 58 94 53
24 57 97 0 58 13 84
2 6 87 32 14 87 8
65 30 0 13 31 88 88
30 78 7 42 54 9 24
92 77 41 72 78 23 18
21 81 89 38 58 44 50
46 88 83 52 59 19 70
88 55 68 15 53 41 27
10 89 91 8 59 41 58
16 63 89 46 88 83 25
53 72 6 28 31 82 86
5 6 44 25 3 74 30
55 16 78 1 39 33 50
87 58 94 12 80 54 45
26 23 31 65 30 0 31
52 59 19 4 74 42 27
64 52 69 80 83 90 37
94 11 54 45 2 6 48
68 60 72 45 2 6 87
66 43 81 51 0 60 47
81 55 55 62 56 44 11
37 5 93 7 31 16 81
27 87 40 14 77 95 55
77 6 64 81 55 55 49
28 31 82 41 29 58 24
68 60 72 77 6 64 54
17 91 93 58 25 26 94
21 81 89 24 57 97 25
56 9 64 97 32 22 47
77 6 64 7 31 16 54
22 2 53 97 32 22 43
50 4 39 58 25 26 24
24 57 97 57 46 4 93
30 78 7 4 74 42 35
70 52 16 3 88 79 72
76 63 1 58 25 26 45
89 87 67 29 39 91 53
33 77 20 47 69 37 18
43 93 79 74 34 96 61
9 15 11 30 78 7 63
18 91 46 62 56 44 35
22 2 53 29 39 91 53
7 31 16 71 68 16 37
67 54 42 53 72 6 40
44 72 96 79 47 88 26
21 81 89 83 23 94 58
14 77 95 43 93 79 22
85 15 10 24 57 97 96
24 57 97 91 15 84 43
72 78 23 16 63 89 67
56 9 64 16 63 89 59
46 88 83 63 93 13 70
83 23 94 25 3 74 28
89 87 67 86 26 47 64
61 2 92 14 77 95 75
44 72 96 36 92 53 47
45 2 6 66 43 81 85
50 4 39 75 26 85 50
69 34 25 22 2 53 42
40 70 96 33 77 20 76
40 70 96 9 15 11 101
93 67 93 29 39 91 28
77 6 64 82 79 43 75
7 31 16 3 88 79 84
80 83 90 81 55 55 44
12 80 54 35 52 85 41
21 81 89 6 75 71 18
27 87 40 71 68 16 30
18 91 46 44 72 96 53
23 59 46 6 75 71 29
56 9 64 6 75 71 66
42 54 9 39 8 57 66
6 75 71 44 72 96 25
72 78 23 84 96 90 69
71 68 16 56 9 64 76
30 78 7 62 56 44 43
26 23 31 39 8 57 30
51 0 60 91 15 84 28
52 59 19 47 69 37 20
52 59 19 49 8 93 89
80 83 90 92 77 41 49
30 78 7 43 93 79 73
0 58 13 48 66 68 55
84 96 90 40 70 96 26
24 57 97 33 77 20 79
18 91 46 82 79 43 12
75 26 85 17 91 93 65
7 31 16 0 58 13 27
18 91 46 84 96 90 44
3 88 79 61 2 92 86
3 88 79 73 95 75 8
54 81 22 38 58 44 31
61 2 92 89 87 67 88
12 80 54 51 0 60 80
62 56 44 48 66 68 26
31 15 34 9 15 11 23
73 95 75 42 54 9 77
61 2 92 7 31 16 81
86 26 47 35 52 85 46
92 77 41 91 15 84 75
82 79 43 50 4 39 75
15 53 41 32 14 87 60
21 81 89 72 78 23 66
32 14 87 79 47 88 33
58 25 26 57 46 4 30
14 77 95 71 68 16 79
79 47 88 70 52 16 72
30 78 7 5 6 44 80
80 83 90 1 39 33 72
93 67 93 48 66 68 25
27 87 40 39 8 57 80
48 66 68 89 87 67 21
26 23 31 25 3 74 47
9 15 11 83 23 94 83
95 2 47 10 89 91 97
70 52 16 83 23 94 83
25 3 74 80 83 90 81
57 46 4 11 85 69 75
47 69 37 5 6 44 63
75 26 85 20 17 48 38
27 87 40 18 91 46 7
0 58 13 41 29 58 53
7 31 16 51 0 60 53
35 52 85 56 9 64 47
78 87 29 21 81 89 60
15 53 41 72 78 23 30
11 85 69 87 58 94 36
0 58 13 71 68 16 10
15 53 41 52 59 19 22
10 89 91 79 47 88 42
36 92 53 79 47 88 57
25 3 74 58 25 26 52
65 30 0 36 92 53 81
73 95 75 57 46 4 86
88 55 68 58 25 26 51
22 2 53 67 54 42 53
32 14 87 66 43 81 29
21 81 89 16 63 89 18
72 78 23 46 88 83 60
23 59 46 28 31 82 45
91 15 84 33 77 20 89
88 55 68 72 78 23 50
30 78 7 60 9 51 81
78 87 29 72 78 23 10
91 15 84 62 56 44 57
73 95 75 68 60 72 35
87 58 94 66 43 81 19
80 83 90 3 88 79 12
79 47 88 60 9 51 53
40 70 96 80 83 90 14
39 8 57 23 59 46 52
55 16 78 19 86 52 74
38 58 44 52 59 19 25
87 58 94 13 31 88 27
19 86 52 16 63 89 43
28 31 82 82 79 43 61
29 39 91 33 77 20 80
19 86 52 2 6 87 87
36 92 53 14 77 95 44
52 59 19 90 33 70 57
93 67 93 24 57 97 10
92 77 41 47 69 37 8
84 96 90 82 79 43 49
27 87 40 41 29 58 60
93 67 93 49 8 93 59
79 47 88 39 8 57 49
67 54 42 81 55 55 13
14 77 95 60 9 51 80
4 74 42 37 5 93 85
19 86 52 81 55 55 31
28 31 82 69 34 25 57
74 34 96 58 25 26 70
48 66 68 44 72 96 28
58 25 26 10 89 91 91
50 4 39 85 15 10 31
88 55 68 5 6 44 54
70 52 16 71 68 16 16
60 9 51 84 96 90 95
46 88 83 50 4 39 94
26 23 31 57 46 4 35
87 58 94 53 72 6 89
33 77 20 67 54 42 31
1 39 33 81 55 55 27
58 25 26 16 63 89 73
43 93 79 46 88 83 6
9 15 11 44 72 96 102
14 77 95 24 57 97 20
80 83 90 70 52 16 80
56 9 64 52 59 19 67
23 59 46 63 93 13 47
11 85 69 83 23 94 66
69 34 25 37 5 93 73
26 23 31 74 34 96 65
29 39 91 62 56 44 49
91 15 84 23 59 46 58
12 80 54 66 43 81 45
40 70 96 87 58 94 12
9 15 11 68 60 72 75
60 9 51 96 22 49 13
25 3 74 79 47 88 46
81 55 55 52 59 19 36
83 23 94 93 67 93 44
42 54 9 37 5 93 97
67 54 42 23 59 46 6
55 16 78 3 88 79 72
64 52 69 17 91 93 45
76 63 1 90 33 70 75
14 77 95 3 88 79 19
4 74 42 42 54 9 38
33 77 20 62 56 44 31
37 5 93 49 8 93 3
41 29 58 23 59 46 32
42 54 9 23 59 46 37
58 25 26 84 96 90 95
95 2 47 39 8 57 11
2 6 87 35 52 85 46
11 85 69 53 72 6 64
73 95 75 52 59 19 66
30 78 7 6 75 71 64
46 88 83 56 9 64 81
74 34 96 59 39 59 37
16 63 89 33 77 20 70
31 15 34 70 52 16 41
89 87 67 85 15 10 91
25 3 74 46 88 83 85
31 15 34 90 33 70 40
61 2 92 36 92 53 98
64 52 69 48 66 68 14
55 16 78 64 52 69 37
5 6 44 39 8 57 13
7 31 16 30 78 7 47
68 60 72 84 96 90 40
39 8 57 56 9 64 7
29 39 91 41 29 58 34
52 59 19 25 3 74 78
82 79 43 47 69 37 11
80 83 90 18 91 46 44
6 75 71 40 70 96 25
20 17 48 11 85 69 71
85 15 10 75 26 85 75
68 60 72 60 9 51 55
19 86 52 93 67 93 45
96 22 49 25 3 74 31
10 89 91 36 92 53 38
12 80 54 21 81 89 35
75 26 85 5 6 44 45
89 87 67 5 6 44 84
93 67 93 44 72 96 5
24 57 97 81 55 55 42
49 8 93 95 2 47 46
48 66 68 7 31 16 62
77 6 64 80 83 90 81
39 8 57 25 3 74 17
91 15 84 72 78 23 87
18 91 46 89 87 67 21
62 56 44 77 6 64 53
91 15 84 63 93 13 105
8 59 41 67 54 42 5
39 8 57 69 34 25 41
97 32 22 34 2 20 30
56 9 64 94 11 54 10
21 81 89 35 52 85 29
42 54 9 69 34 25 25
77 6 64 54 81 22 85
68 60 72 61 2 92 61
36 92 53 9 15 11 87
22 2 53 4 74 42 72
76 63 1 56 9 64 82
5 6 44 15 53 41 47
11 85 69 79 47 88 42
73 95 75 29 39 91 58
31 15 34 2 6 87 53
54 81 22 70 52 16 29
49 8 93 51 0 60 33
57 46 4 64 52 69 65
95 2 47 41 29 58 29
95 2 47 67 54 42 52
45 2 6 38 58 44 67
48 66 68 95 2 47 67
73 95 75 34 2 20 108
9 15 11 91 15 84 73
31 15 34 47 69 37 54
89 87 67 24 57 97 42
77 6 64 35 52 85 50
85 15 10 72 78 23 64
59 39 59 64 52 69 16
45 2 6 22 2 53 47
52 59 19 0 58 13 6
28 31 82 49 8 93 25
46 88 83 96 22 49 74
27 87 40 60 9 51 78
6 75 71 12 80 54 17
51 0 60 86 26 47 29
68 60 72 59 39 59 24
13 31 88 68 60 72 33
63 93 13 87 58 94 88
49 8 93 43 93 79 86
54 81 22 18 91 46 26
9 15 11 35 52 85 82
84 96 90 55 16 78 80
28 31 82 26 23 31 51
15 53 41 66 43 81 41
92 77 41 82 79 43 2
70 52 16 9 15 11 37
79 47 88 45 2 6 93
60 9 51 49 8 93 42
97 32 22 14 77 95 85
71 68 16 85 15 10 53
53 72 6 6 75 71 65
81 55 55 85 15 10 60
60 9 51 46 88 83 85
46 88 83 42 54 9 81
96 22 49 88 55 68 38
97 32 22 52 59 19 27
41 29 58 90 33 70 12
56 9 64 21 81 89 76
6 75 71 1 39 33 52
65 30 0 96 22 49 49
94 11 54 3 88 79 80
29 39 91 82 79 43 62
82 79 43 22 2 53 77
1 39 33 86 26 47 19
4 74 42 55 16 78 68
89 87 67 78 87 29 38
45 2 6 52 59 19 58
93 67 93 11 85 69 30
83 23 94 68 60 72 43
38 58 44 90 33 70 36
74 34 96 7 31 16 80
48 66 68 39 8 57 59
52 59 19 92 77 41 28
48 66 68 72 78 23 46
57 46 4 37 5 93 97
19 86 52 8 59 41 29
15 53 41 56 9 64 49
22 2 53 13 31 88 45
15 53 41 37 5 93 70
35 52 85 28 31 82 21
62 56 44 21 81 89 51
23 59 46 18 91 46 32
33 77 20 68 60 72 54
83 23 94 50 4 39 58
26 23 31 3 88 79 80
66 43 81 64 52 69 15
79 47 88 6 75 71 32
45 2 6 28 31 82 81
74 34 96 35 52 85 21
90 33 70 84 96 90 66
94 11 54 65 30 0 57
78 87 29 84 96 90 61
55 16 78 31 15 34 44
37 5 93 56 9 64 29
24 57 97 8 59 41 56
67 54 42 5 6 44 48
67 54 42 12 80 54 28
72 78 23 83 23 94 89
64 52 69 25 3 74 49
40 70 96 78 87 29 69
97 32 22 75 26 85 63
48 66 68 38 58 44 25
33 77 20 53 72 6 14
67 54 42 93 67 93 52
92 77 41 49 8 93 86
19 86 52 87 58 94 50
29 39 91 15 53 41 51
23 59 46 37 5 93 71
38 58 44 32 14 87 61
49 8 93 21 81 89 73
7 31 16 28 31 82 66
42 54 9 19 86 52 53
55 16 78 10 89 91 74
40 70 96 75 26 85 45
36 92 53 70 52 16 54
71 68 16 80 83 90 75
17 91 93 90 33 70 62
40 70 96 3 88 79 24
1 39 33 79 47 88 55
52 59 19 77 6 64 69
89 87 67 92 77 41 27
37 5 93 85 15 10 83
55 16 78 74 34 96 25
19 86 52 65 30 0 76
56 9 64 23 59 46 53
46 88 83 97 32 22 82
1 39 33 88 55 68 38
71 68 16 61 2 92 100
5 6 44 6 75 71 74
52 59 19 84 96 90 80
14 77 95 11 85 69 27
0 58 13 57 46 4 15
28 31 82 79 47 88 17
96 22 49 74 34 96 48
41 29 58 3 88 79 62
12 80 54 92 77 41 13
14 77 95 15 53 41 59
37 5 93 53 72 6 109
10 89 91 34 2 20 112
83 23 94 86 26 47 47
95 2 47 75 26 85 44
18 91 46 41 29 58 63
28 31 82 73 95 75 64
74 34 96 0 58 13 86
83 23 94 52 59 19 83
17 91 93 47 69 37 60
38 58 44 46 88 83 49
50 4 39 30 78 7 80
93 67 93 55 16 78 53
14 77 95 87 58 94 19
44 72 96 15 53 41 58
76 63 1 32 14 87 98
6 75 71 72 78 23 48
23 59 46 52 59 19 27
49 8 93 50 4 39 54
52 59 19 21 81 89 73
65 30 0 63 93 13 64
24 57 97 73 95 75 43
40 70 96 93 67 93 4
97 32 22 74 34 96 74
63 93 13 69 34 25 60
26 23 31 53 72 6 55
75 26 85 9 15 11 74
92 77 41 93 67 93 52
54 81 22 45 2 6 80
42 54 9 36 92 53 58
51 0 60 52 59 19 71
18 91 46 43 93 79 33
36 92 53 52 59 19 47
68 60 72 23 59 46 26
24 57 97 69 34 25 75
77 6 64 38 58 44 55
37 5 93 11 85 69 83
4 74 42 56 9 64 68
30 78 7 1 39 33 46
72 78 23 3 88 79 56
5 6 44 46 88 83 90
96 22 49 62 56 44 34
94 11 54 85 15 10 44
68 60 72 12 80 54 26
33 77 20 3 88 79 60
88 55 68 97 32 22 51
15 53 41 31 15 34 38
68 60 72 89 87 67 27
80 83 90 65 30 0 104
26 23 31 9 15 11 21
37 5 93 80 83 90 78
40 70 96 60 9 51 75
60 9 51 34 2 20 31
87 58 94 56 9 64 57
31 15 34 83 23 94 60
4 74 42 40 70 96 54
48 66 68 88 55 68 11
87 58 94 94 11 54 61
56 9 64 5 6 44 20
6 75 71 86 26 47 54
87 58 94 0 58 13 81
35 52 85 24 57 97 13
73 95 75 12 80 54 25
82 79 43 33 77 20 23
43 93 79 34 2 20 108
59 39 59 73 95 75 58
91 15 84 21 81 89 66
5 6 44 79 47 88 60
61 2 92 53 72 6 110
69 34 25 72 78 23 44
12 80 54 90 33 70 49
39 8 57 28 31 82 33
15 53 41 49 8 93 68
35 52 85 59 39 59 29
2 6 87 1 39 33 63
9 15 11 84 96 90 113
37 5 93 30 78 7 112
26 23 31 1 39 33 16
56 9 64 48 66 68 57
82 79 43 52 59 19 31
19 86 52 50 4 39 83
8 59 41 39 8 57 53
15 53 41 45 2 6 61
56 9 64 32 14 87 23
79 47 88 30 78 7 86
63 93 13 47 69 37 33
61 2 92 30 78 7 114
64 52 69 30 78 7 67
33 77 20 57 46 4 34
25 3 74 67 54 42 60
17 91 93 57 46 4 99
68 60 72 27 87 40 41
43 93 79 85 15 10 104
43 93 79 82 79 43 38
60 9 51 41 29 58 21
23 59 46 72 78 23 29
95 2 47 27 87 40 85
35 52 85 53 72 6 81
91 15 84 95 2 47 39
90 33 70 53 72 6 74
58 25 26 91 15 84 58
84 96 90 45 2 6 126
12 80 54 63 93 13 43
59 39 59 17 91 93 62
34 2 20 78 87 29 85
91 15 84 69 34 25 61
60 9 51 80 83 90 83
62 56 44 4 74 42 18
13 31 88 16 63 89 32
56 9 64 38 58 44 52
95 2 47 97 32 22 39
97 32 22 13 31 88 66
75 26 85 24 57 97 33
5 6 44 17 91 93 98
17 91 93 91 15 84 76
87 58 94 39 8 57 62
54 81 22 12 80 54 32
20 17 48 9 15 11 37
80 83 90 68 60 72 29
33 77 20 15 53 41 31
77 6 64 44 72 96 73
33 77 20 43 93 79 61
38 58 44 26 23 31 37
35 52 85 94 11 54 51
69 34 25 80 83 90 81
7 31 16 55 16 78 63
47 69 37 96 22 49 48
27 87 40 46 88 83 43
16 63 89 37 5 93 58
92 77 41 13 31 88 65
16 63 89 27 87 40 54
85 15 10 38 58 44 54
12 80 54 49 8 93 81
53 72 6 56 9 64 85
73 95 75 92 77 41 38
54 81 22 7 31 16 50
15 53 41 47 69 37 16
7 31 16 63 93 13 62
28 31 82 95 2 47 45
31 15 34 12 80 54 68
80 83 90 42 54 9 86
87 58 94 35 52 85 10
95 2 47 72 78 23 79
31 15 34 20 17 48 14
39 8 57 51 0 60 8
14 77 95 68 60 72 28
97 32 22 62 56 44 32
47 69 37 61 2 92 86
19 86 52 78 87 29 23
72 78 23 60 9 51 74
2 6 87 37 5 93 6
93 67 93 78 87 29 67
87 58 94 77 6 64 60
88 55 68 7 31 16 57
79 47 88 72 78 23 72
46 88 83 79 47 88 41
19 86 52 26 23 31 66
21 81 89 31 15 34 85
90 33 70 1 39 33 37
62 56 44 45 2 6 66
89 87 67 90 33 70 54
34 2 20 8 59 41 60
23 59 46 5 6 44 53
35 52 85 52 59 19 66
13 31 88 28 31 82 6
26 23 31 70 52 16 32
25 3 74 97 32 22 59
66 43 81 63 93 13 84
34 2 20 21 81 89 104
55 16 78 20 17 48 30
8 59 41 41 29 58 34
6 75 71 20 17 48 62
16 63 89 77 6 64 62
15 53 41 81 55 55 14
66 43 81 41 29 58 26
80 83 90 73 95 75 19
63 93 13 20 17 48 83
94 11 54 52 59 19 59
76 63 1 13 31 88 92
26 23 31 90 33 70 40
3 88 79 36 92 53 26
49 8 93 80 83 90 75
83 23 94 41 29 58 36
38 58 44 20 17 48 41
40 70 96 12 80 54 43
71 68 16 68 60 72 56
92 77 41 0 58 13 33
9 15 11 4 74 42 66
12 80 54 91 15 84 71
39 8 57 91 15 84 27
16 63 89 66 43 81 21
71 68 16 11 85 69 55
82 79 43 80 83 90 47
62 56 44 87 58 94 50
57 46 4 12 80 54 60
83 23 94 58 25 26 68
26 23 31 35 52 85 61
34 2 20 93 67 93 97
71 68 16 44 72 96 80
12 80 54 14 77 95 41
32 14 87 0 58 13 86
24 57 97 58 25 26 77
86 26 47 18 91 46 65
24 57 97 23 59 46 51
33 77 20 90 33 70 66
50 4 39 73 95 75 97
64 52 69 42 54 9 60
35 52 85 62 56 44 41
48 66 68 75 26 85 43
59 39 59 15 53 41 22
29 39 91 35 52 85 14
55 16 78 26 23 31 47
24 57 97 83 23 94 34
78 87 29 25 3 74 95
5 6 44 76 63 1 71
58 25 26 82 79 43 56
43 93 79 39 8 57 87
72 78 23 75 26 85 80
47 69 37 55 16 78 67
97 32 22 43 93 79 83
14 77 95 67 54 42 57
65 30 0 5 6 44 50
15 53 41 94 11 54 43
64 52 69 93 67 93 28
91 15 84 53 72 6 96
91 15 84 49 8 93 11
13 31 88 63 93 13 97
25 3 74 57 46 4 82
86 26 47 4 74 42 48
15 53 41 74 34 96 58
39 8 57 46 88 83 84
88 55 68 30 78 7 65
95 2 47 36 92 53 90
84 96 90 74 34 96 62
91 15 84 89 87 67 73
11 85 69 73 95 75 11
74 34 96 9 15 11 87
59 39 59 8 59 41 26
34 2 20 49 8 93 73
84 96 90 61 2 92 94
34 2 20 57 46 4 46
9 15 11 72 78 23 64
29 39 91 67 54 42 51
96 22 49 76 63 1 63
77 6 64 92 77 41 74
23 59 46 1 39 33 23
23 59 46 77 6 64 55
86 26 47 95 2 47 24
81 55 55 26 23 31 40
70 52 16 29 39 91 76
9 15 11 58 25 26 18
21 81 89 82 79 43 46
23 59 46 64 52 69 24
69 34 25 29 39 91 66
74 34 96 27 87 40 77
68 60 72 55 16 78 44
64 52 69 70 52 16 53
48 66 68 51 0 60 66
5 6 44 16 63 89 72
60 9 51 47 69 37 61
89 87 67 41 29 58 58
28 31 82 94 11 54 34
95 2 47 56 9 64 18
89 87 67 32 14 87 75
21 81 89 40 70 96 13
73 95 75 38 58 44 48
27 87 40 93 67 93 56
39 8 57 16 63 89 63
25 3 74 22 2 53 21
40 70 96 92 77 41 55
59 39 59 0 58 13 49
83 23 94 29 39 91 16
4 74 42 19 86 52 15
7 31 16 33 77 20 46
12 80 54 72 78 23 31
32 14 87 12 80 54 73
81 55 55 95 2 47 53
44 72 96 43 93 79 27
64 52 69 86 26 47 34
54 81 22 1 39 33 43
74 34 96 21 81 89 47
50 4 39 87 58 94 77
97 32 22 26 23 31 12
23 59 46 87 58 94 48
83 23 94 73 95 75 74
55 16 78 77 6 64 17
58 25 26 6 75 71 67
18 91 46 6 75 71 29
30 78 7 14 77 95 88
93 67 93 77 6 64 67
13 31 88 9 15 11 78
26 23 31 52 59 19 37
18 91 46 83 23 94 83
4 74 42 14 77 95 53
73 95 75 16 63 89 34
63 93 13 30 78 7 16
4 74 42 48 66 68 27
24 57 97 1 39 33 66
93 67 93 95 2 47 79
76 63 1 60 9 51 73
94 11 54 60 9 51 3
79 47 88 80 83 90 36
21 81 89 30 78 7 82
11 85 69 45 2 6 104
81 55 55 9 15 11 59
70 52 16 35 52 85 69
31 15 34 8 59 41 44
67 54 42 58 25 26 33
80 83 90 91 15 84 68
42 54 9 10 89 91 89
89 87 67 44 72 96 32
63 93 13 53 72 6 22
43 93 79 11 85 69 12
76 63 1 66 43 81 82
73 95 75 77 6 64 89
31 15 34 43 93 79 90
70 52 16 73 95 75 73
68 60 72 4 74 42 33
2 6 87 44 72 96 66
34 2 20 82 79 43 80
17 91 93 94 11 54 89
74 34 96 5 6 44 59
2 6 87 88 55 68 52
92 77 41 27 87 40 10
83 23 94 87 58 94 35
55 16 78 82 79 43 72
36 92 53 91 15 84 83
37 5 93 0 58 13 95
25 3 74 27 87 40 90
28 31 82 5 6 44 45
29 39 91 43 93 79 55
7 31 16 21 81 89 88
86 26 47 42 54 9 47
16 63 89 95 2 47 74
56 9 64 79 47 88 44
86 26 47 79 47 88 46
30 78 7 83 23 94 102
94 11 54 34 2 20 35
18 91 46 13 31 88 73
15 53 41 57 46 4 37
5 6 44 12 80 54 74
54 81 22 19 86 52 30
93 67 93 47 69 37 56
58 25 26 7 31 16 11
64 52 69 37 5 93 52
73 95 75 32 14 87 81
36 92 53 23 59 46 33
38 58 44 18 91 46 33
48 66 68 1 39 33 44
34 2 20 29 39 91 80
65 30 0 11 85 69 88
44 72 96 69 34 25 80
23 59 46 88 55 68 22
36 92 53 28 31 82 67
84 96 90 4 74 42 52
3 88 79 30 78 7 72
73 95 75 22 2 53 95
9 15 11 55 16 78 67
42 54 9 45 2 6 52
92 77 41 96 22 49 55
6 75 71 15 53 41 37
19 86 52 95 2 47 84
61 2 92 19 86 52 93
55 16 78 81 55 55 45
53 72 6 97 32 22 43
97 32 22 68 60 72 57
49 8 93 68 60 72 56
26 23 31 87 58 94 72
75 26 85 0 58 13 78
24 57 97 86 26 47 58
1 39 33 43 93 79 70
87 58 94 32 14 87 44
24 57 97 17 91 93 34
97 32 22 85 15 10 20
31 15 34 4 74 42 59
55 16 78 71 68 16 80
39 8 57 97 32 22 42
45 2 6 67 54 42 63
18 91 46 20 17 48 74
24 57 97 18 91 46 61
77 6 64 50 4 39 25
91 15 84 10 89 91 74
93 67 93 10 89 91 22
84 96 90 64 52 69 48
76 63 1 86 26 47 59
16 63 89 85 15 10 92
48 66 68 24 57 97 30
27 87 40 73 95 75 35
9 15 11 32 14 87 76
65 30 0 69 34 25 25
74 34 96 32 14 87 21
68 60 72 69 34 25 53
37 5 93 67 54 42 70
19 86 52 25 3 74 85
69 34 25 76 63 1 37
63 93 13 73 95 75 62
30 78 7 24 57 97 92
60 9 51 23 59 46 50
88 55 68 13 31 88 31
42 54 9 93 67 93 85
23 59 46 83 23 94 60
44 72 96 94 11 54 74
88 55 68 75 26 85 33
91 15 84 32 14 87 3
56 9 64 72 78 23 80
87 58 94 82 79 43 55
37 5 93 14 77 95 72
28 31 82 10 89 91 58
73 95 75 4 74 42 39
1 39 33 3 88 79 67
75 26 85 36 92 53 73
87 58 94 58 25 26 75
96 22 49 15 53 41 32
78 87 29 58 25 26 62
20 17 48 8 59 41 42
73 95 75 19 86 52 24
92 77 41 34 2 20 77
62 56 44 49 8 93 68
19 86 52 22 2 53 84
64 52 69 58 25 26 50
36 92 53 0 58 13 52
7 31 16 86 26 47 31
56 9 64 30 78 7 89
10 89 91 0 58 13 83
83 23 94 1 39 33 63
71 68 16 35 52 85 70
34 2 20 86 26 47 36
73 95 75 53 72 6 72
36 92 53 82 79 43 16
93 67 93 85 15 10 97
42 54 9 76 63 1 12
80 83 90 26 23 31 84
22 2 53 40 70 96 80
12 80 54 59 39 59 41
20 17 48 80 83 90 78
11 85 69 92 77 41 29
67 54 42 26 23 31 32
31 15 34 92 77 41 62
61 2 92 83 23 94 21
30 78 7 28 31 82 88
48 66 68 50 4 39 68
96 22 49 36 92 53 70
64 52 69 26 23 31 47
52 59 19 48 66 68 49
67 54 42 76 63 1 41
52 59 19 61 2 92 92
96 22 49 19 86 52 64
74 34 96 20 17 48 50
57 46 4 61 2 92 98
81 55 55 74 34 96 46
32 14 87 14 77 95 63
1 39 33 27 87 40 48
78 87 29 29 39 91 78
67 54 42 40 70 96 56
80 83 90 89 87 67 23
48 66 68 34 2 20 80
16 63 89 97 32 22 73
13 31 88 67 54 42 51
24 57 97 16 63 89 10
64 52 69 67 54 42 27
57 46 4 84 96 90 99
67 54 42 61 2 92 72
67 54 42 21 81 89 54
20 17 48 48 66 68 52
65 30 0 84 96 90 111
62 56 44 68 60 72 28
83 23 94 10 89 91 66
75 26 85 6 75 71 50
31 15 34 38 58 44 44
52 59 19 60 9 51 59
14 77 95 21 81 89 7
38 58 44 42 54 9 35
92 77 41 16 63 89 50
54 81 22 85 15 10 67
36 92 53 19 86 52 6
39 8 57 44 72 96 74
68 60 72 56 9 64 51
66 43 81 24 57 97 21
39 8 57 50 4 39 18
9 15 11 47 69 37 59
48 66 68 13 31 88 40
8 59 41 23 59 46 5
68 60 72 81 55 55 17
63 93 13 24 57 97 91
88 55 68 21 81 89 33
4 74 42 88 55 68 32
2 6 87 80 83 90 77
35 52 85 97 32 22 66
38 58 44 11 85 69 36
0 58 13 96 22 49 50
0 58 13 83 23 94 88
27 87 40 81 55 55 35
19 86 52 47 69 37 22
93 67 93 87 58 94 9
5 6 44 24 57 97 73
40 70 96 29 39 91 31
30 78 7 45 2 6 76
28 31 82 71 68 16 75
31 15 34 56 9 64 30
60 9 51 86 26 47 17
35 52 85 95 2 47 62
2 6 87 74 34 96 29
6 75 71 50 4 39 77
12 80 54 46 88 83 30
16 63 89 6 75 71 21
5 6 44 53 72 6 76
14 77 95 55 16 78 63
38 58 44 66 43 81 39
54 81 22 22 2 53 84
21 81 89 46 88 83 9
6 75 71 82 79 43 28
91 15 84 7 31 16 69
93 67 93 16 63 89 5
60 9 51 54 81 22 77
18 91 46 92 77 41 14
24 57 97 62 56 44 53
64 52 69 83 23 94 38
9 15 11 24 57 97 95
61 2 92 95 2 47 45
22 2 53 72 78 23 81
74 34 96 50 4 39 64
25 3 74 20 17 48 29
78 87 29 47 69 37 19
27 87 40 62 56 44 31
56 9 64 61 2 92 28
47 69 37 23 59 46 13
73 95 75 30 78 7 70
95 2 47 66 43 81 53
36 92 53 30 78 7 48
20 17 48 71 68 16 60
74 34 96 10 89 91 55
19 86 52 53 72 6 48
63 93 13 51 0 60 104
25 3 74 2 6 87 13
52 59 19 95 2 47 63
61 2 92 21 81 89 79
7 31 16 8 59 41 37
90 33 70 37 5 93 36
15 53 41 93 67 93 53
71 68 16 37 5 93 99
84 96 90 37 5 93 91
96 22 49 69 34 25 26
28 31 82 61 2 92 30
76 63 1 43 93 79 83
52 59 19 55 16 78 73
64 52 69 10 89 91 43
53 72 6 12 80 54 48
18 91 46 37 5 93 98
88 55 68 46 88 83 36
42 54 9 33 77 20 25
83 23 94 20 17 48 46
97 32 22 37 5 93 75
31 15 34 35 52 85 63
42 54 9 90 33 70 64
3 88 79 93 67 93 25
20 17 48 43 93 79 82
77 6 64 67 54 42 52
66 43 81 0 58 13 69
77 6 64 66 43 81 40
14 77 95 74 34 96 43
32 14 87 34 2 20 68
34 2 20 50 4 39 19
38 58 44 57 46 4 41
8 59 41 53 72 6 37
20 17 48 34 2 20 31
52 59 19 58 25 26 34
94 11 54 82 79 43 68
33 77 20 8 59 41 27
79 47 88 20 17 48 50
34 2 20 13 31 88 73
30 78 7 46 88 83 76
59 39 59 9 15 11 53
88 55 68 86 26 47 35
69 34 25 93 67 93 75
12 80 54 47 69 37 20
87 58 94 9 15 11 93
61 2 92 92 77 41 90
78 87 29 90 33 70 67
83 23 94 67 54 42 60
79 47 88 87 58 94 12
1 39 33 67 54 42 17
15 53 41 39 8 57 47
16 63 89 55 16 78 48
67 54 42 10 89 91 60
75 26 85 45 2 6 82
38 58 44 65 30 0 52
94 11 54 50 4 39 16
5 6 44 91 15 84 41
36 92 53 83 23 94 80
70 52 16 37 5 93 90
30 78 7 86 26 47 65
49 8 93 20 17 48 45
30 78 7 38 58 44 42
40 70 96 39 8 57 73
68 60 72 95 2 47 63
84 96 90 0 58 13 85
48 66 68 31 15 34 61
32 14 87 63 93 13 108
13 31 88 59 39 59 30
15 53 41 64 52 69 28
11 85 69 81 55 55 33
59 39 59 11 85 69 47
14 77 95 75 26 85 51
90 33 70 36 92 53 61
62 56 44 90 33 70 34
75 26 85 57 46 4 83
46 88 83 78 87 29 54
30 78 7 23 59 46 43
59 39 59 20 17 48 24
63 93 13 6 75 71 60
90 33 70 60 9 51 30
47 69 37 71 68 16 21
87 58 94 3 88 79 33
72 78 23 36 92 53 33
12 80 54 84 96 90 39
70 52 16 13 31 88 75
13 31 88 7 31 16 72
46 88 83 83 23 94 65
7 31 16 79 47 88 73
23 59 46 27 87 40 28
74 34 96 48 66 68 42
79 47 88 96 22 49 46
8 59 41 91 15 84 61
79 47 88 82 79 43 55
7 31 16 52 59 19 28
83 23 94 59 39 59 38
15 53 41 91 15 84 57
74 34 96 23 59 46 55
20 17 48 2 6 87 40
31 15 34 50 4 39 12
92 77 41 14 77 95 54
33 77 20 9 15 11 62
42 54 9 48 66 68 60
74 34 96 19 86 52 68
73 95 75 25 3 74 92
23 59 46 73 95 75 46
76 63 1 40 70 96 95
45 2 6 19 86 52 95
12 80 54 62 56 44 26
73 95 75 84 96 90 15
70 52 16 27 87 40 42
70 52 16 20 17 48 47
83 23 94 54 81 22 92
6 75 71 83 23 94 56
50 4 39 80 83 90 94
2 6 87 92 77 41 84
25 3 74 36 92 53 91
83 23 94 82 79 43 75
83 23 94 26 23 31 63
25 3 74 87 58 94 58
10 89 91 41 29 58 68
83 23 94 66 43 81 23
66 43 81 50 4 39 57
87 58 94 46 88 83 31
79 47 88 90 33 70 22
56 9 64 12 80 54 71
89 87 67 22 2 53 86
66 43 81 14 77 95 36
19 86 52 20 17 48 69
8 59 41 25 3 74 65
58 25 26 13 31 88 62
57 46 4 36 92 53 67
3 88 79 49 8 93 81
76 63 1 38 58 44 43
42 54 9 58 25 26 33
87 58 94 42 54 9 85
41 29 58 62 56 44 30
13 31 88 0 58 13 79
67 54 42 2 6 87 65
23 59 46 4 74 42 15
28 31 82 8 59 41 49
23 59 46 50 4 39 55
58 25 26 65 30 0 26
5 6 44 34 2 20 24
15 53 41 82 79 43 26
75 26 85 55 16 78 12
94 11 54 12 80 54 69
9 15 11 50 4 39 30
62 56 44 19 86 52 31
86 26 47 87 58 94 56
25 3 74 7 31 16 64
31 15 34 52 59 19 46
84 96 90 67 54 42 63
75 26 85 47 69 37 64
83 23 94 43 93 79 71
90 33 70 3 88 79 55
70 52 16 86 26 47 40
60 9 51 85 15 10 41
18 91 46 7 31 16 67
75 26 85 87 58 94 33
85 15 10 14 77 95 105
50 4 39 42 54 9 58
80 83 90 28 31 82 52
56 9 64 84 96 90 90
26 23 31 0 58 13 39
83 23 94 51 0 60 41
47 69 37 57 46 4 40
29 39 91 74 34 96 7
75 26 85 28 31 82 5
9 15 11 62 56 44 52
53 72 6 71 68 16 10
35 52 85 34 2 20 82
88 55 68 39 8 57 48
34 2 20 9 15 11 15
93 67 93 28 31 82 37
12 80 54 78 87 29 25
52 59 19 54 81 22 22
41 29 58 49 8 93 40
12 80 54 43 93 79 28
58 25 26 54 81 22 56
50 4 39 17 91 93 102
90 33 70 23 59 46 35
21 81 89 13 31 88 50
17 91 93 33 77 20 74
48 66 68 6 75 71 9
55 16 78 50 4 39 40
85 15 10 17 91 93 112
91 15 84 65 30 0 85
1 39 33 65 30 0 34
93 67 93 25 3 74 66
3 88 79 25 3 74 85
12 80 54 61 2 92 86
19 86 52 88 55 68 34
95 2 47 9 15 11 38
51 0 60 97 32 22 49
57 46 4 23 59 46 43
21 81 89 80 83 90 2
71 68 16 24 57 97 81
74 34 96 44 72 96 38
72 78 23 89 87 67 44
90 33 70 70 52 16 57
48 66 68 49 8 93 63
76 63 1 12 80 54 55
27 87 40 50 4 39 83
25 3 74 85 15 10 65
52 59 19 6 75 71 54
22 2 53 63 93 13 99
56 9 64 57 46 4 70
10 89 91 60 9 51 89
20 17 48 60 9 51 8
11 85 69 27 87 40 29
6 75 71 64 52 69 23
64 52 69 69 34 25 47
6 75 71 51 0 60 75
60 9 51 45 2 6 45
2 6 87 38 58 44 67
71 68 16 45 2 6 66
49 8 93 90 33 70 33
6 75 71 2 6 87 70
66 43 81 40 70 96 30
52 59 19 19 86 52 42
9 15 11 63 93 13 78
56 9 64 42 54 9 71
24 57 97 92 77 41 59
16 63 89 79 47 88 16
88 55 68 83 23 94 41
34 2 20 19 86 52 89
33 77 20 86 26 47 57
30 78 7 57 46 4 32
67 54 42 34 2 20 56
46 88 83 82 79 43 41
92 77 41 90 33 70 52
49 8 93 17 91 93 83
10 89 91 73 95 75 17
80 83 90 34 2 20 107
7 31 16 20 17 48 34
23 59 46 93 67 93 47
85 15 10 86 26 47 38
55 16 78 86 26 47 32
47 69 37 28 31 82 58
7 31 16 56 9 64 52
36 92 53 89 87 67 14
6 75 71 11 85 69 10
87 58 94 22 2 53 69
51 0 60 56 9 64 9
11 85 69 31 15 34 78
5 6 44 86 26 47 20
14 77 95 54 81 22 73
35 52 85 76 63 1 84
91 15 84 78 87 29 90
28 31 82 50 4 39 50
22 2 53 32 14 87 36
58 25 26 31 15 34 12
96 22 49 82 79 43 57
33 77 20 4 74 42 22
86 26 47 67 54 42 28
80 83 90 90 33 70 53
67 54 42 42 54 9 33
89 87 67 59 39 59 48
59 39 59 14 77 95 52
47 69 37 69 34 25 37
61 2 92 33 77 20 103
20 17 48 17 91 93 86
43 93 79 80 83 90 14
57 46 4 3 88 79 85
42 54 9 32 14 87 87
64 52 69 94 11 54 43
57 46 4 87 58 94 90
47 69 37 83 23 94 73
39 8 57 18 91 46 83
29 39 91 66 43 81 10
37 5 93 22 2 53 40
64 52 69 46 88 83 38
17 91 93 21 81 89 10
38 58 44 37 5 93 72
60 9 51 29 39 91 50
60 9 51 8 59 41 50
63 93 13 14 77 95 83
9 15 11 93 67 93 97
25 3 74 18 91 46 92
2 6 87 66 43 81 37
89 87 67 37 5 93 86
18 91 46 49 8 93 95
26 23 31 47 69 37 46
81 55 55 88 55 68 13
72 78 23 8 59 41 26
13 31 88 80 83 90 52
66 43 81 11 85 69 43
94 11 54 53 72 6 77
83 23 94 76 63 1 101
22 2 53 35 52 85 59
20 17 48 73 95 75 82
58 25 26 69 34 25 9
30 78 7 35 52 85 82
19 86 52 84 96 90 39
28 31 82 91 15 84 16
82 79 43 69 34 25 48
48 66 68 15 53 41 29
35 52 85 85 15 10 83
48 66 68 92 77 41 29
51 0 60 55 16 78 24
62 56 44 66 43 81 39
78 87 29 32 14 87 93
42 54 9 54 81 22 29
87 58 94 6 75 71 28
46 88 83 51 0 60 90
28 31 82 84 96 90 65
14 77 95 58 25 26 86
81 55 55 5 6 44 50
59 39 59 37 5 93 48
89 87 67 73 95 75 11
76 63 1 10 89 91 93
72 78 23 33 77 20 3
92 77 41 41 29 58 50
4 74 42 60 9 51 65
3 88 79 53 72 6 74
37 5 93 27 87 40 97
39 8 57 38 58 44 51
37 5 93 50 4 39 54
47 69 37 51 0 60 72
21 81 89 90 33 70 51
44 72 96 25 3 74 72
35 52 85 19 86 52 47
33 77 20 81 55 55 41
13 31 88 8 59 41 54
32 14 87 21 81 89 67
92 77 41 44 72 96 55
83 23 94 13 31 88 10
82 79 43 7 31 16 55
88 55 68 93 67 93 27
4 74 42 13 31 88 62
41 29 58 16 63 89 46
47 69 37 14 77 95 58
94 11 54 8 59 41 49
74 34 96 30 78 7 99
27 87 40 9 15 11 77
73 95 75 45 2 6 115
11 85 69 40 70 96 30
22 2 53 3 88 79 89
4 74 42 35 52 85 48
33 77 20 80 83 90 70
25 3 74 40 70 96 70
46 88 83 53 72 6 78
43 93 79 68 60 72 33
67 54 42 44 72 96 56
39 8 57 41 29 58 21
79 47 88 66 43 81 8
74 34 96 86 26 47 49
48 66 68 17 91 93 35
66 43 81 60 9 51 45
15 53 41 40 70 96 57
59 39 59 3 88 79 52
10 89 91 54 81 22 69
17 91 93 60 9 51 92
22 2 53 93 67 93 76
9 15 11 52 59 19 44
19 86 52 9 15 11 81
65 30 0 78 87 29 63
63 93 13 33 77 20 17
89 87 67 23 59 46 35
7 31 16 50 4 39 35
37 5 93 44 72 96 67
96 22 49 84 96 90 84
58 25 26 4 74 42 51
45 2 6 40 70 96 112
18 91 46 55 16 78 81
13 31 88 36 92 53 70
45 2 6 78 87 29 88
80 83 90 27 87 40 50
66 43 81 73 95 75 52
88 55 68 12 80 54 28
62 56 44 51 0 60 58
14 77 95 65 30 0 105
72 78 23 50 4 39 75
74 34 96 73 95 75 64
11 85 69 58 25 26 73
32 14 87 93 67 93 53
42 54 9 2 6 87 91
80 83 90 52 59 19 74
83 23 94 95 2 47 51
27 87 40 88 55 68 42
31 15 34 80 83 90 88
20 17 48 0 58 13 53
68 60 72 25 3 74 57
14 77 95 64 52 69 36
5 6 44 51 0 60 17
11 85 69 17 91 93 24
71 68 16 2 6 87 94
14 77 95 93 67 93 10
6 75 71 17 91 93 27
48 66 68 9 15 11 76
14 77 95 9 15 11 104
31 15 34 88 55 68 52
65 30 0 34 2 20 34
4 74 42 27 87 40 13
97 32 22 50 4 39 32
46 88 83 28 31 82 57
60 9 51 39 8 57 6
48 66 68 3 88 79 24
26 23 31 84 96 90 93
32 14 87 18 91 46 87
44 72 96 27 87 40 57
19 86 52 86 26 47 60
97 32 22 38 58 44 34
81 55 55 34 2 20 63
26 23 31 91 15 84 53
92 77 41 58 25 26 54
42 54 9 96 22 49 51
32 14 87 13 31 88 17
66 43 81 19 86 52 51
85 15 10 30 78 7 63
13 31 88 82 79 43 65
15 53 41 63 93 13 48
79 47 88 75 26 85 21
40 70 96 91 15 84 56
63 93 13 52 59 19 34
39 8 57 61 2 92 35
74 34 96 60 9 51 51
23 59 46 0 58 13 33
24 57 97 60 9 51 66
51 0 60 59 39 59 39
96 22 49 4 74 42 52
8 59 41 9 15 11 53
88 55 68 10 89 91 41
43 93 79 10 89 91 12
69 34 25 17 91 93 88
92 77 41 7 31 16 52
45 2 6 43 93 79 116
61 2 92 29 39 91 37
20 17 48 62 56 44 39
96 22 49 67 54 42 32
89 87 67 53 72 6 62
10 89 91 82 79 43 49
48 66 68 41 29 58 38
75 26 85 49 8 93 19
86 26 47 36 92 53 66
66 43 81 18 91 46 59
69 34 25 2 6 87 68
2 6 87 9 15 11 76
80 83 90 7 31 16 90
20 17 48 26 23 31 18
66 43 81 57 46 4 77
12 80 54 96 22 49 58
26 23 31 48 66 68 56
27 87 40 56 9 64 81
34 2 20 68 60 72 77
86 26 47 8 59 41 33
66 43 81 84 96 90 53
38 58 44 36 92 53 35
48 66 68 32 14 87 55
46 88 83 54 81 22 61
10 89 91 59 39 59 59
12 80 54 34 2 20 85
89 87 67 10 89 91 24
11 85 69 69 34 25 67
81 55 55 23 59 46 9
64 52 69 47 69 37 36
86 26 47 63 93 13 75
54 81 22 27 87 40 18
75 26 85 21 81 89 55
70 52 16 66 43 81 65
69 34 25 15 53 41 24
26 23 31 78 87 29 64
13 31 88 56 9 64 32
69 34 25 59 39 59 34
46 88 83 71 68 16 69
63 93 13 38 58 44 46
95 2 47 84 96 90 103
94 11 54 42 54 9 62
72 78 23 5 6 44 75
20 17 48 53 72 6 69
52 59 19 37 5 93 91
85 15 10 73 95 75 103
46 88 83 26 23 31 83
83 23 94 40 70 96 47
60 9 51 31 15 34 18
47 69 37 87 58 94 58
8 59 41 76 63 1 40
90 33 70 94 11 54 27
25 3 74 47 69 37 75
92 77 41 83 23 94 75
67 54 42 80 83 90 56
8 59 41 79 47 88 48
86 26 47 53 72 6 61
21 81 89 79 47 88 34
62 56 44 58 25 26 35
63 93 13 61 2 92 120
88 55 68 43 93 79 39
21 81 89 73 95 75 19
95 2 47 46 88 83 93
96 22 49 39 8 57 16
27 87 40 69 34 25 55
93 67 93 1 39 33 66
96 22 49 1 39 33 23
68 60 72 42 54 9 63
30 78 7 53 72 6 6
92 77 41 55 16 78 71
97 32 22 21 81 89 83
16 63 89 68 60 72 17
19 86 52 71 68 16 40
40 70 96 61 2 92 68
81 55 55 89 87 67 34
69 34 25 20 17 48 28
19 86 52 49 8 93 88
7 31 16 81 55 55 45
22 2 53 49 8 93 40
13 31 88 33 77 20 82
53 72 6 15 53 41 39
51 0 60 94 11 54 12
88 55 68 20 17 48 42
43 93 79 92 77 41 41
0 58 13 25 3 74 82
91 15 84 82 79 43 76
45 2 6 64 52 69 80
58 25 26 49 8 93 69
76 63 1 16 63 89 88
79 47 88 93 67 93 20
62 56 44 32 14 87 60
27 87 40 15 53 41 34
86 26 47 43 93 79 74
18 91 46 70 52 16 49
10 89 91 92 77 41 51
9 15 11 46 88 83 102
17 91 93 89 87 67 26
35 52 85 15 53 41 44
65 30 0 9 15 11 18
35 52 85 60 9 51 54
97 32 22 94 11 54 38
72 78 23 81 55 55 39
29 39 91 46 88 83 49
40 70 96 2 6 87 64
5 6 44 11 85 69 82
7 31 16 44 72 96 89
97 32 22 19 86 52 61
3 88 79 0 58 13 72
15 53 41 42 54 9 32
88 55 68 92 77 41 34
18 91 46 73 95 75 29
17 91 93 86 26 47 79
96 22 49 18 91 46 69
70 52 16 30 78 7 27
41 29 58 19 86 52 57
18 91 46 1 39 33 53
49 8 93 61 2 92 6
66 43 81 22 2 53 49
12 80 54 3 88 79 26
51 0 60 60 9 51 12
34 2 20 14 77 95 106
86 26 47 71 68 16 52
35 52 85 44 72 96 22
3 88 79 47 69 37 46
11 85 69 8 59 41 38
40 70 96 54 81 22 74
32 14 87 55 16 78 9
66 43 81 96 22 49 38
8 59 41 54 81 22 29
77 6 64 14 77 95 77
14 77 95 13 31 88 46
50 4 39 57 46 4 54
28 31 82 51 0 60 38
66 43 81 72 78 23 67
21 81 89 70 52 16 78
51 0 60 45 2 6 54
3 88 79 85 15 10 100
7 31 16 84 96 90 98
54 81 22 25 3 74 93
72 78 23 57 46 4 37
79 47 88 15 53 41 47
77 6 64 42 54 9 73
43 93 79 0 58 13 74
19 86 52 90 33 70 55
1 39 33 19 86 52 50
77 6 64 85 15 10 54
18 91 46 36 92 53 7
58 25 26 43 93 79 86
53 72 6 60 9 51 77
82 79 43 26 23 31 57
34 2 20 70 52 16 50
34 2 20 0 58 13 56
36 92 53 4 74 42 21
94 11 54 16 63 89 62
7 31 16 62 56 44 37
14 77 95 83 23 94 54
75 26 85 73 95 75 69
6 75 71 38 58 44 31
12 80 54 19 86 52 6
78 87 29 56 9 64 85
41 29 58 13 31 88 30
70 52 16 85 15 10 37
68 60 72 30 78 7 67
40 70 96 81 55 55 43
10 89 91 65 30 0 108
59 39 59 30 78 7 65
6 75 71 77 6 64 69
46 88 83 75 26 85 62
57 46 4 69 34 25 24
88 55 68 37 5 93 55
7 31 16 59 39 59 43
40 70 96 85 15 10 102
48 66 68 80 83 90 27
7 31 16 38 58 44 38
36 92 53 2 6 87 92
56 9 64 67 54 42 50
34 2 20 46 88 83 106
68 60 72 8 59 41 31
96 22 49 86 26 47 4
1 39 33 57 46 4 29
37 5 93 54 81 22 104
94 11 54 9 15 11 43
34 2 20 74 34 96 82
77 6 64 56 9 64 3
33 77 20 35 52 85 69
1 39 33 58 25 26 15
48 66 68 91 15 84 53
34 2 20 25 3 74 54
83 23 94 5 6 44 52
40 70 96 28 31 82 41
36 92 53 74 34 96 72
60 9 51 92 77 41 68
9 15 11 66 43 81 75
94 11 54 1 39 33 35
2 6 87 0 58 13 90
23 59 46 71 68 16 31
42 54 9 61 2 92 97
71 68 16 96 22 49 56
38 58 44 75 26 85 52
75 26 85 93 67 93 41
85 15 10 21 81 89 102
87 58 94 48 66 68 27
3 88 79 76 63 1 81
78 87 29 64 52 69 53
40 70 96 89 87 67 33
95 2 47 43 93 79 96
4 74 42 67 54 42 20
27 87 40 94 11 54 77
85 15 10 52 59 19 44
54 81 22 89 87 67 45
75 26 85 15 53 41 51
19 86 52 48 66 68 25
55 16 78 59 39 59 29
49 8 93 66 43 81 37
50 4 39 2 6 87 48
57 46 4 51 0 60 72
7 31 16 76 63 1 35
13 31 88 94 11 54 39
96 22 49 29 39 91 45
25 3 74 77 6 64 10
58 25 26 30 78 7 56
72 78 23 82 79 43 20
53 72 6 52 59 19 18
57 46 4 31 15 34 43
1 39 33 69 34 25 9
63 93 13 97 32 22 61
75 26 85 2 6 87 20
31 15 34 30 78 7 68
65 30 0 75 26 85 85
65 30 0 83 23 94 94
33 77 20 11 85 69 49
87 58 94 54 81 22 75
68 60 72 86 26 47 42
26 23 31 5 6 44 21
80 83 90 41 29 58 62
47 69 37 22 2 53 68
8 59 41 14 77 95 56
38 58 44 88 55 68 24
12 80 54 64 52 69 31
35 52 85 78 87 29 66
87 58 94 52 59 19 75
79 47 88 92 77 41 55
94 11 54 58 25 26 31
1 39 33 59 39 59 26
80 83 90 45 2 6 116
86 26 47 2 6 87 44
23 59 46 59 39 59 23
82 79 43 1 39 33 41
40 70 96 7 31 16 89
9 15 11 6 75 71 84
11 85 69 88 55 68 30
19 86 52 33 77 20 33
39 8 57 3 88 79 82
56 9 64 63 93 13 98
79 47 88 59 39 59 30
25 3 74 92 77 41 81
85 15 10 53 72 6 57
10 89 91 35 52 85 37
35 52 85 6 75 71 26
76 63 1 21 81 89 89
78 87 29 48 66 68 44
73 95 75 94 11 54 86
37 5 93 77 6 64 29
52 59 19 42 54 9 11
71 68 16 97 32 22 36
16 63 89 82 79 43 48
16 63 89 57 46 4 86
2 6 87 46 88 83 82
69 34 25 41 29 58 33
68 60 72 94 11 54 52
83 23 94 38 58 44 61
57 46 4 63 93 13 47
81 55 55 96 22 49 33
24 57 97 13 31 88 27
37 5 93 31 15 34 59
9 15 11 22 2 53 43
87 58 94 59 39 59 39
20 17 48 96 22 49 5
81 55 55 79 47 88 33
0 58 13 16 63 89 76
23 59 46 20 17 48 42
83 23 94 7 31 16 78
81 55 55 90 33 70 26
17 91 93 25 3 74 90
82 79 43 62 56 44 23
51 0 60 70 52 16 68
31 15 34 40 70 96 82
22 2 53 41 29 58 27
8 59 41 32 14 87 64
21 81 89 94 11 54 78
64 52 69 9 15 11 68
40 70 96 36 92 53 48
64 52 69 7 31 16 57
80 83 90 74 34 96 49
40 70 96 20 17 48 71
16 63 89 23 59 46 43
56 9 64 55 16 78 15
86 26 47 73 95 75 74
89 87 67 60 9 51 79
44 72 96 84 96 90 24
27 87 40 33 77 20 22
17 91 93 32 14 87 77
54 81 22 64 52 69 55
50 4 39 90 33 70 42
54 81 22 92 77 41 19
55 16 78 69 34 25 55
74 34 96 90 33 70 26
74 34 96 79 47 88 15
20 17 48 32 14 87 39
49 8 93 59 39 59 46
69 34 25 34 2 20 32
32 14 87 24 57 97 44
84 96 90 63 93 13 77
43 93 79 42 54 9 80
58 25 26 71 68 16 44
77 6 64 41 29 58 23
45 2 6 23 59 46 69
52 59 19 66 43 81 64
51 0 60 72 78 23 86
96 22 49 52 59 19 47
87 58 94 49 8 93 50
84 96 90 93 67 93 29
4 74 42 44 72 96 54
23 59 46 86 26 47 33
46 88 83 19 86 52 31
82 79 43 5 6 44 73
67 54 42 89 87 67 41
48 66 68 46 88 83 26
25 3 74 33 77 20 91
62 56 44 84 96 90 60
16 63 89 7 31 16 79
88 55 68 67 54 42 26
85 15 10 79 47 88 84
28 31 82 58 25 26 56
89 87 67 20 17 48 72
61 2 92 48 66 68 68
15 53 41 86 26 47 27
78 87 29 18 91 46 17
65 30 0 18 91 46 76
58 25 26 18 91 46 68
56 9 64 1 39 33 43
30 78 7 82 79 43 36
88 55 68 77 6 64 49
12 80 54 0 58 13 46
11 85 69 62 56 44 38
11 85 69 3 88 79 10
77 6 64 11 85 69 79
52 59 19 76 63 1 18
26 23 31 66 43 81 53
44 72 96 23 59 46 51
65 30 0 55 16 78 79
68 60 72 87 58 94 22
74 34 96 62 56 44 56
77 6 64 89 87 67 81
12 80 54 52 59 19 40
66 43 81 68 60 72 19
35 52 85 14 77 95 26
8 59 41 35 52 85 44
61 2 92 2 6 87 6
86 26 47 0 58 13 46
56 9 64 83 23 94 33
53 72 6 51 0 60 90
62 56 44 92 77 41 21
64 52 69 4 74 42 34
28 31 82 66 43 81 12
3 88 79 51 0 60 90
31 15 34 59 39 59 34
70 52 16 55 16 78 71
57 46 4 78 87 29 48
21 81 89 53 72 6 83
59 39 59 28 31 82 24
81 55 55 66 43 81 28
53 72 6 23 59 46 42
2 6 87 10 89 91 83
78 87 29 8 59 41 30
11 85 69 75 26 85 61
13 31 88 6 75 71 47
73 95 75 72 78 23 54
42 54 9 75 26 85 80
0 58 13 72 78 23 22
82 79 43 32 14 87 78
33 77 20 94 11 54 74
13 31 88 72 78 23 80
51 0 60 25 3 74 14
22 2 53 6 75 71 75
45 2 6 35 52 85 93
17 91 93 41 29 58 71
77 6 64 72 78 23 82
59 39 59 84 96 90 64
36 92 53 62 56 44 37
84 96 90 17 91 93 5
84 96 90 75 26 85 70
25 3 74 72 78 23 90
94 11 54 38 58 44 48
44 72 96 1 39 33 71
10 89 91 71 68 16 77
70 52 16 49 8 93 88
65 30 0 52 59 19 34
94 11 54 71 68 16 68
43 93 79 13 31 88 62
75 26 85 10 89 91 63
70 52 16 60 9 51 55
87 58 94 24 57 97 3
15 53 41 43 93 79 55
13 31 88 62 56 44 50
48 66 68 47 69 37 31
65 30 0 85 15 10 18
6 75 71 65 30 0 84
6 75 71 93 67 93 23
25 3 74 50 4 39 35
23 59 46 46 88 83 47
80 83 90 55 16 78 68
48 66 68 18 91 46 33
8 59 41 81 55 55 14
46 88 83 6 75 71 17
13 31 88 74 34 96 8
59 39 59 78 87 29 56
43 93 79 73 95 75 4
68 60 72 0 58 13 59
55 16 78 12 80 54 68
66 43 81 1 39 33 48
4 74 42 7 31 16 50
61 2 92 81 55 55 64
35 52 85 39 8 57 52
14 77 95 7 31 16 91
15 53 41 65 30 0 47
66 43 81 46 88 83 45
43 93 79 81 55 55 44
80 83 90 35 52 85 31
54 81 22 67 54 42 33
51 0 60 36 92 53 92
49 8 93 86 26 47 49
66 43 81 48 66 68 26
74 34 96 4 74 42 67
49 8 93 63 93 13 116
49 8 93 1 39 33 67
82 79 43 12 80 54 11
59 39 59 32 14 87 37
76 63 1 49 8 93 107
64 52 69 77 6 64 46
11 85 69 41 29 58 57
55 16 78 44 72 96 58
72 78 23 44 72 96 73
79 47 88 34 2 20 81
78 87 29 97 32 22 55
93 67 93 74 34 96 33
60 9 51 9 15 11 40
40 70 96 55 16 78 56
89 87 67 16 63 89 32
19 86 52 5 6 44 80
91 15 84 27 87 40 84
19 86 52 79 47 88 53
60 9 51 67 54 42 45
6 75 71 19 86 52 21
93 67 93 36 92 53 47
7 31 16 93 67 93 85
44 72 96 34 2 20 103
88 55 68 24 57 97 29
69 34 25 61 2 92 74
29 39 91 0 58 13 80
24 57 97 67 54 42 55
27 87 40 38 58 44 29
74 34 96 1 39 33 63
92 77 41 71 68 16 26
60 9 51 13 31 88 43
36 92 53 85 15 10 88
73 95 75 97 32 22 82
2 6 87 54 81 22 99
88 55 68 45 2 6 81
16 63 89 36 92 53 46
93 67 93 81 55 55 39
29 39 91 86 26 47 45
77 6 64 91 15 84 21
60 9 51 44 72 96 77
44 72 96 56 9 64 70
1 39 33 13 31 88 55
42 54 9 57 46 4 9
2 6 87 73 95 75 89
60 9 51 64 52 69 46
86 26 47 47 69 37 44
37 5 93 91 15 84 13
83 23 94 78 87 29 91
18 91 46 21 81 89 44
90 33 70 9 15 11 61
64 52 69 68 60 72 8
61 2 92 62 56 44 72
6 75 71 0 58 13 60
29 39 91 9 15 11 83
10 89 91 17 91 93 2
91 15 84 4 74 42 72
2 6 87 81 55 55 58
95 2 47 14 77 95 89
27 87 40 30 78 7 34
28 31 82 19 86 52 62
70 52 16 46 88 83 76
61 2 92 79 47 88 45
17 91 93 14 77 95 14
27 87 40 8 59 41 28
13 31 88 39 8 57 38
61 2 92 85 15 10 83
4 74 42 79 47 88 53
6 75 71 4 74 42 29
75 26 85 67 54 42 51
13 31 88 27 87 40 73
27 87 40 42 54 9 45
24 57 97 97 32 22 79
86 26 47 54 81 22 60
90 33 70 0 58 13 62
42 54 9 81 55 55 46
7 31 16 11 85 69 75
56 9 64 10 89 91 84
38 58 44 67 54 42 4
74 34 96 33 77 20 87
71 68 16 75 26 85 80
30 78 7 81 55 55 53
29 39 91 55 16 78 26
29 39 91 25 3 74 39
77 6 64 90 33 70 27
88 55 68 25 3 74 52
41 29 58 64 52 69 25
19 86 52 37 5 93 90
11 85 69 82 79 43 26
76 63 1 94 11 54 74
35 52 85 57 46 4 81
35 52 85 67 54 42 43
69 34 25 5 6 44 33
78 87 29 1 39 33 48
68 60 72 63 93 13 67
80 83 90 39 8 57 81
3 88 79 74 34 96 56
12 80 54 95 2 47 78
58 25 26 56 9 64 41
52 59 19 69 34 25 25
1 39 33 40 70 96 70
38 58 44 72 78 23 29
1 39 33 71 68 16 33
79 47 88 63 93 13 87
60 9 51 83 23 94 45
53 72 6 2 6 87 104
15 53 41 68 60 72 31
21 81 89 81 55 55 42
50 4 39 3 88 79 93
49 8 93 65 30 0 95
10 89 91 80 83 90 6
26 23 31 59 39 59 32
47 69 37 8 59 41 10
33 77 20 28 31 82 77
33 77 20 97 32 22 45
9 15 11 38 58 44 54
89 87 67 55 16 78 71
81 55 55 76 63 1 54
74 34 96 87 58 94 24
40 70 96 94 11 54 72
6 75 71 71 68 16 55
83 23 94 35 52 85 30
25 3 74 75 26 85 25
78 87 29 36 92 53 24
24 57 97 54 81 22 78
30 78 7 52 59 19 22
70 52 16 67 54 42 26
48 66 68 57 46 4 67
66 43 81 93 67 93 26
0 58 13 4 74 42 33
29 39 91 95 2 47 57
96 22 49 91 15 84 35
91 15 84 29 39 91 25
82 79 43 71 68 16 29
66 43 81 59 39 59 22
22 2 53 2 6 87 34
85 15 10 83 23 94 84
35 52 85 61 2 92 50
43 93 79 27 87 40 39
10 89 91 22 2 53 94
36 92 53 92 77 41 19
74 34 96 39 8 57 46
91 15 84 54 81 22 90
33 77 20 31 15 34 63
58 25 26 97 32 22 8
7 31 16 31 15 34 24
93 67 93 35 52 85 17
71 68 16 72 78 23 12
79 47 88 84 96 90 49
37 5 93 21 81 89 76
14 77 95 18 91 46 50
47 69 37 50 4 39 65
31 15 34 64 52 69 50
17 91 93 72 78 23 71
39 8 57 78 87 29 83
71 68 16 63 93 13 25
45 2 6 18 91 46 97
51 0 60 8 59 41 61
9 15 11 71 68 16 53
83 23 94 3 88 79 66
34 2 20 39 8 57 37
35 52 85 68 60 72 15
82 79 43 68 60 72 34
59 39 59 61 2 92 49
88 55 68 91 15 84 43
74 34 96 37 5 93 29
43 93 79 35 52 85 41
66 43 81 7 31 16 66
21 81 89 8 59 41 52
3 88 79 43 93 79 5
25 3 74 14 77 95 76
54 81 22 11 85 69 47
63 93 13 8 59 41 44
85 15 10 41 29 58 50
46 88 83 49 8 93 80
90 33 70 24 57 97 36
56 9 64 24 57 97 58
36 92 53 87 58 94 53
63 93 13 10 89 91 78
34 2 20 15 53 41 55