63 1953
27 39 59 39 61 23 42
19 37 31 17 30 30 7
11 17 39 20 22 2 37
5 29 12 22 49 10 20
45 12 14 6 14 55 41
6 14 55 40 49 2 63
7 60 15 14 16 55 59
52 33 0 21 13 17 26
43 34 56 59 5 44 31
11 17 39 62 39 13 34
36 11 18 52 33 0 28
58 9 1 1 56 16 49
21 13 17 43 34 56 44
38 7 7 37 45 7 38
25 40 59 3 33 45 15
22 49 10 35 55 38 28
24 34 2 2 34 56 54
9 18 32 53 17 29 3
39 61 23 10 44 0 28
34 9 5 55 26 50 48
8 51 32 41 38 37 13
56 2 25 50 37 38 37
35 55 38 13 18 62 44
44 40 26 1 56 16 18
55 26 50 27 39 59 15
35 55 38 48 46 29 12
15 47 25 20 22 2 33
44 40 26 50 37 38 12
61 46 8 13 18 62 60
61 46 8 21 13 17 34
21 13 17 57 60 7 48
26 10 44 60 27 7 40
37 45 7 61 46 8 1
41 38 37 25 40 59 22
46 57 24 57 60 7 17
10 44 0 59 5 44 58
62 39 13 12 62 1 25
13 18 62 38 7 7 56
49 3 18 41 38 37 39
13 18 62 37 45 7 61
37 45 7 12 62 1 18
16 12 48 29 26 61 19
44 40 26 26 10 44 34
41 38 37 29 26 61 26
33 9 59 6 14 55 6
10 44 0 47 46 10 10
16 12 48 14 16 55 8
0 26 14 25 40 59 47
50 37 38 30 58 21 27
32 43 13 52 33 0 16
11 17 39 26 10 44 8
51 49 37 20 22 2 44
15 47 25 48 46 29 4
3 33 45 5 29 12 33
51 49 37 37 45 7 30
21 13 17 50 37 38 31
23 45 62 19 37 31 32
62 39 13 15 47 25 14
27 39 59 43 34 56 5
16 12 48 42 14 24 24
34 9 5 0 26 14 19
11 17 39 37 45 7 42
46 57 24 35 55 38 14
25 40 59 39 61 23 41
39 61 23 18 46 19 15
5 29 12 45 12 14 17
18 46 19 9 18 32 30
19 37 31 41 38 37 6
61 46 8 20 22 2 24
19 37 31 34 9 5 38
53 17 29 17 30 30 13
57 60 7 7 60 15 8
16 12 48 27 39 59 29
13 18 62 56 2 25 40
11 17 39 38 7 7 33
44 40 26 30 58 21 18
48 46 29 51 49 37 8
12 62 1 48 46 29 32
12 62 1 55 26 50 60
55 26 50 24 34 2 48
48 46 29 50 37 38 12
14 16 55 49 3 18 39
21 13 17 49 3 18 10
25 40 59 17 30 30 30
39 61 23 56 2 25 59
12 62 1 10 44 0 18
46 57 24 24 34 2 31
11 17 39 14 16 55 16
45 12 14 7 60 15 48
22 49 10 27 39 59 50
15 47 25 54 35 22 12
21 13 17 40 49 2 39
61 46 8 50 37 38 31
10 44 0 38 7 7 37
36 11 18 51 49 37 42
41 38 37 50 37 38 1
59 5 44 18 46 19 48
31 57 34 30 58 21 13
39 61 23 13 18 62 58
60 27 7 45 12 14 16
19 37 31 8 51 32 14
42 14 24 30 58 21 44
1 56 16 57 60 7 9
24 34 2 39 61 23 34
52 33 0 2 34 56 56
49 3 18 61 46 8 44
55 26 50 45 12 14 38
9 18 32 54 35 22 19
62 39 13 3 33 45 32
13 18 62 1 56 16 59
39 61 23 20 22 2 44
55 26 50 9 18 32 19
38 7 7 42 14 24 18
49 3 18 60 27 7 26
49 3 18 26 10 44 26
1 56 16 6 14 55 57
43 34 56 23 45 62 12
56 2 25 59 5 44 19
17 30 30 11 17 39 15
51 49 37 57 60 7 31
9 18 32 15 47 25 29
13 18 62 20 22 2 60
9 18 32 31 57 34 39
0 26 14 27 39 59 46
13 18 62 2 34 56 17
25 40 59 22 49 10 49
52 33 0 41 38 37 37
4 16 30 0 26 14 18
51 49 37 14 16 55 37
58 9 1 31 57 34 58
13 18 62 32 43 13 55
37 45 7 44 40 26 19
9 18 32 6 14 55 23
34 9 5 46 57 24 51
6 14 55 56 2 25 32
15 47 25 42 14 24 33
18 46 19 29 26 61 46
4 16 30 48 46 29 30
51 49 37 54 35 22 20
51 49 37 49 3 18 49
48 46 29 28 55 29 9
52 33 0 61 46 8 15
9 18 32 2 34 56 28
36 11 18 44 40 26 30
1 56 16 21 13 17 43
57 60 7 13 18 62 69
25 40 59 13 18 62 22
18 46 19 53 17 29 30
21 13 17 27 39 59 49
11 17 39 47 46 10 41
46 57 24 42 14 24 43
20 22 2 4 16 30 28
49 3 18 42 14 24 12
33 9 59 14 16 55 8
19 37 31 48 46 29 9
42 14 24 50 37 38 26
50 37 38 49 3 18 39
33 9 59 51 49 37 45
43 34 56 52 33 0 56
56 2 25 45 12 14 14
48 46 29 27 39 59 30
27 39 59 53 17 29 37
28 55 29 35 55 38 9
23 45 62 28 55 29 34
37 45 7 18 46 19 12
47 46 10 54 35 22 16
7 60 15 46 57 24 9
20 22 2 55 26 50 48
16 12 48 52 33 0 52
47 46 10 55 26 50 44
13 18 62 0 26 14 48
40 49 2 19 37 31 31
39 61 23 12 62 1 22
11 17 39 32 43 13 36
27 39 59 54 35 22 37
35 55 38 19 37 31 19
0 26 14 2 34 56 42
26 10 44 42 14 24 20
8 51 32 40 49 2 30
60 27 7 6 14 55 49
45 12 14 51 49 37 43
54 35 22 16 12 48 34
26 10 44 31 57 34 48
39 61 23 38 7 7 56
31 57 34 33 9 59 54
60 27 7 24 34 2 8
43 34 56 24 34 2 54
53 17 29 23 45 62 43
7 60 15 56 2 25 58
61 46 8 48 46 29 21
15 47 25 4 16 30 31
19 37 31 3 33 45 14
53 17 29 16 12 48 19
44 40 26 2 34 56 30
7 60 15 33 9 59 67
37 45 7 39 61 23 22
21 13 17 46 57 24 44
22 49 10 43 34 56 48
19 37 31 20 22 2 32
20 22 2 22 49 10 28
55 26 50 57 60 7 54
23 45 62 36 11 18 55
39 61 23 32 43 13 20
8 51 32 1 56 16 16
57 60 7 3 33 45 46
38 7 7 6 14 55 48
57 60 7 19 37 31 33
16 12 48 55 26 50 14
13 18 62 36 11 18 44
34 9 5 32 43 13 34
57 60 7 20 22 2 38
50 37 38 53 17 29 21
1 56 16 62 39 13 17
48 46 29 14 16 55 39
23 45 62 31 57 34 30
22 49 10 47 46 10 3
28 55 29 22 49 10 19
12 62 1 25 40 59 62
53 17 29 54 35 22 19
34 9 5 28 55 29 51
9 18 32 36 11 18 15
10 44 0 15 47 25 25
1 56 16 45 12 14 44
60 27 7 35 55 38 41
53 17 29 35 55 38 39
47 46 10 25 40 59 49
51 49 37 55 26 50 26
61 46 8 4 16 30 37
58 9 1 9 18 32 32
40 49 2 32 43 13 12
2 34 56 18 46 19 38
18 46 19 13 18 62 51
27 39 59 6 14 55 25
51 49 37 3 33 45 17
11 17 39 19 37 31 21
52 33 0 11 17 39 42
31 57 34 8 51 32 6
50 37 38 40 49 2 37
22 49 10 24 34 2 17
16 12 48 10 44 0 57
13 18 62 47 46 10 59
25 40 59 31 57 34 30
26 10 44 32 43 13 45
20 22 2 38 7 7 15
19 37 31 16 12 48 30
57 60 7 35 55 38 31
18 46 19 5 29 12 18
43 34 56 60 27 7 49
60 27 7 58 9 1 18
5 29 12 57 60 7 31
22 49 10 29 26 61 55
62 39 13 21 13 17 26
61 46 8 41 38 37 30
30 58 21 49 3 18 55
36 11 18 15 47 25 36
22 49 10 45 12 14 37
54 35 22 37 45 7 18
59 5 44 52 33 0 52
12 62 1 44 40 26 33
18 46 19 26 10 44 43
45 12 14 32 43 13 31
37 45 7 32 43 13 6
31 57 34 51 49 37 8
29 26 61 34 9 5 58
35 55 38 36 11 18 48
6 14 55 52 33 0 58
59 5 44 45 12 14 30
12 62 1 53 17 29 53
5 29 12 58 9 1 22
16 12 48 37 45 7 52
14 16 55 1 56 16 55
59 5 44 61 46 8 54
20 22 2 3 33 45 44
14 16 55 54 35 22 38
29 26 61 7 60 15 57
8 51 32 27 39 59 29
61 46 8 44 40 26 18
50 37 38 23 45 62 25
5 29 12 56 2 25 29
21 13 17 59 5 44 28
61 46 8 5 29 12 17
11 17 39 49 3 18 25
1 56 16 17 30 30 29
15 47 25 2 34 56 33
52 33 0 56 2 25 39
61 46 8 26 10 44 50
40 49 2 10 44 0 5
28 55 29 43 34 56 34
41 38 37 11 17 39 21
44 40 26 8 51 32 12
6 14 55 61 46 8 56
20 22 2 44 40 26 30
27 39 59 50 37 38 21
48 46 29 43 34 56 29
51 49 37 53 17 29 32
21 13 17 44 40 26 28
0 26 14 50 37 38 26
4 16 30 35 55 38 39
42 14 24 13 18 62 38
33 9 59 53 17 29 31
31 57 34 44 40 26 18
31 57 34 40 49 2 32
41 38 37 14 16 55 28
15 47 25 22 49 10 15
10 44 0 46 57 24 27
12 62 1 29 26 61 69
7 60 15 30 58 21 6
60 27 7 13 18 62 55
15 47 25 1 56 16 12
19 37 31 33 9 59 39
52 33 0 20 22 2 11
42 14 24 34 9 5 19
43 34 56 3 33 45 11
36 11 18 8 51 32 42
19 37 31 61 46 8 24
43 34 56 32 43 13 43
11 17 39 18 46 19 35
17 30 30 52 33 0 30
55 26 50 8 51 32 30
2 34 56 56 2 25 44
9 18 32 5 29 12 22
28 55 29 32 43 13 20
15 47 25 57 60 7 22
13 18 62 55 26 50 14
37 45 7 4 16 30 37
37 45 7 59 5 44 54
59 5 44 9 18 32 17
40 49 2 52 33 0 16
53 17 29 52 33 0 33
19 37 31 58 9 1 41
54 35 22 52 33 0 22
18 46 19 1 56 16 10
29 26 61 59 5 44 27
59 5 44 24 34 2 51
54 35 22 18 46 19 11
48 46 29 18 46 19 10
8 51 32 49 3 18 50
49 3 18 6 14 55 38
59 5 44 53 17 29 19
4 16 30 36 11 18 13
26 10 44 10 44 0 55
29 26 61 9 18 32 30
16 12 48 18 46 19 44
33 9 59 37 45 7 63
10 44 0 6 14 55 62
15 47 25 59 5 44 46
56 2 25 61 46 8 47
58 9 1 39 61 23 56
19 37 31 45 12 14 30
44 40 26 4 16 30 24
11 17 39 56 2 25 20
59 5 44 28 55 29 52
5 29 12 37 45 7 16
34 9 5 59 5 44 39
45 12 14 4 16 30 16
13 18 62 30 58 21 57
53 17 29 41 38 37 22
36 11 18 46 57 24 46
10 44 0 2 34 56 56
11 17 39 46 57 24 42
25 40 59 38 7 7 61
1 56 16 24 34 2 26
44 40 26 18 46 19 9
2 34 56 12 62 1 61
50 37 38 7 60 15 32
62 39 13 0 26 14 13
37 45 7 10 44 0 7
2 34 56 31 57 34 31
22 49 10 21 13 17 36
21 13 17 58 9 1 16
17 30 30 29 26 61 31
13 18 62 7 60 15 63
10 44 0 54 35 22 23
35 55 38 56 2 25 54
32 43 13 56 2 25 42
44 40 26 14 16 55 37
57 60 7 53 17 29 48
38 7 7 58 9 1 6
39 61 23 49 3 18 58
40 49 2 30 58 21 21
51 49 37 38 7 7 51
51 49 37 4 16 30 33
60 27 7 30 58 21 34
43 34 56 26 10 44 26
27 39 59 14 16 55 23
9 18 32 26 10 44 14
41 38 37 58 9 1 46
59 5 44 7 60 15 62
37 45 7 57 60 7 15
36 11 18 0 26 14 15
13 18 62 54 35 22 43
59 5 44 60 27 7 43
8 51 32 13 18 62 44
44 40 26 28 55 29 15
26 10 44 12 62 1 67
12 62 1 9 18 32 53
28 55 29 37 45 7 24
15 47 25 52 33 0 28
41 38 37 1 56 16 27
51 49 37 44 40 26 14
32 43 13 20 22 2 23
29 26 61 35 55 38 37
16 12 48 60 27 7 43
62 39 13 55 26 50 39
54 35 22 48 46 29 13
7 60 15 25 40 59 48
30 58 21 28 55 29 8
55 26 50 54 35 22 29
12 62 1 36 11 18 53
60 27 7 12 62 1 35
11 17 39 27 39 59 29
26 10 44 36 11 18 26
55 26 50 18 46 19 36
9 18 32 25 40 59 34
50 37 38 10 44 0 38
24 34 2 26 10 44 48
40 49 2 26 10 44 57
39 61 23 51 49 37 18
31 57 34 42 14 24 44
42 14 24 39 61 23 47
21 13 17 15 47 25 34
13 18 62 41 38 37 32
59 5 44 48 46 29 43
44 40 26 33 9 59 45
34 9 5 27 39 59 61
54 35 22 31 57 34 25
61 46 8 47 46 10 2
33 9 59 43 34 56 25
15 47 25 55 26 50 32
46 57 24 3 33 45 31
34 9 5 10 44 0 35
61 46 8 55 26 50 46
44 40 26 42 14 24 26
38 7 7 57 60 7 53
4 16 30 27 39 59 37
13 18 62 50 37 38 30
42 14 24 20 22 2 23
59 5 44 19 37 31 34
31 57 34 48 46 29 12
31 57 34 38 7 7 56
3 33 45 21 13 17 34
8 51 32 7 60 15 19
18 46 19 50 37 38 21
61 46 8 40 49 2 6
21 13 17 4 16 30 13
60 27 7 17 30 30 23
3 33 45 30 58 21 34
19 37 31 26 10 44 29
35 55 38 21 13 17 46
3 33 45 16 12 48 21
62 39 13 20 22 2 20
37 45 7 23 45 62 55
51 49 37 42 14 24 37
40 49 2 7 60 15 17
7 60 15 16 12 48 58
47 46 10 53 17 29 34
33 9 59 11 17 39 21
24 34 2 61 46 8 13
13 18 62 4 16 30 32
3 33 45 14 16 55 19
18 46 19 31 57 34 18
0 26 14 49 3 18 23
15 47 25 40 49 2 23
44 40 26 5 29 12 17
42 14 24 62 39 13 27
8 51 32 10 44 0 32
39 61 23 59 5 44 59
11 17 39 50 37 38 20
30 58 21 46 57 24 3
47 46 10 42 14 24 34
7 60 15 51 49 37 24
45 12 14 24 34 2 25
52 33 0 42 14 24 30
59 5 44 23 45 62 43
32 43 13 9 18 32 31
62 39 13 35 55 38 29
5 29 12 36 11 18 18
47 46 10 59 5 44 53
2 34 56 58 9 1 60
62 39 13 43 34 56 43
44 40 26 40 49 2 25
28 55 29 47 46 10 21
15 47 25 18 46 19 6
24 34 2 11 17 39 40
47 46 10 8 51 32 22
55 26 50 49 3 18 39
9 18 32 51 49 37 31
62 39 13 51 49 37 26
17 30 30 23 45 62 35
61 46 8 39 61 23 21
0 26 14 18 46 19 20
2 34 56 46 57 24 39
30 58 21 27 39 59 42
36 11 18 31 57 34 48
60 27 7 0 26 14 7
5 29 12 26 10 44 37
26 10 44 53 17 29 16
6 14 55 20 22 2 53
27 39 59 44 40 26 33
40 49 2 43 34 56 56
11 17 39 55 26 50 14
37 45 7 48 46 29 22
52 33 0 22 49 10 18
37 45 7 6 14 55 57
1 56 16 48 46 29 16
58 9 1 54 35 22 33
46 57 24 44 40 26 17
44 40 26 3 33 45 20
22 49 10 57 60 7 11
62 39 13 28 55 29 22
11 17 39 31 57 34 40
43 34 56 0 26 14 42
7 60 15 9 18 32 45
60 27 7 41 38 37 31
5 29 12 50 37 38 27
38 7 7 60 27 7 20
14 16 55 57 60 7 65
15 47 25 6 14 55 44
46 57 24 38 7 7 52
47 46 10 24 34 2 14
19 37 31 21 13 17 27
25 40 59 10 44 0 59
33 9 59 41 38 37 36
58 9 1 24 34 2 25
39 61 23 36 11 18 50
32 43 13 58 9 1 36
21 13 17 6 14 55 38
48 46 29 2 34 56 29
27 39 59 35 55 38 26
46 57 24 55 26 50 40
32 43 13 51 49 37 24
6 14 55 17 30 30 29
34 9 5 23 45 62 67
22 49 10 61 46 8 3
16 12 48 8 51 32 42
4 16 30 43 34 56 31
47 46 10 9 18 32 35
47 46 10 5 29 12 17
23 45 62 25 40 59 5
7 60 15 55 26 50 48
38 7 7 15 47 25 43
41 38 37 34 9 5 43
23 45 62 41 38 37 25
46 57 24 40 49 2 23
57 60 7 49 3 18 58
24 34 2 23 45 62 61
4 16 30 41 38 37 23
30 58 21 9 18 32 41
47 46 10 45 12 14 34
3 33 45 4 16 30 22
17 30 30 42 14 24 17
15 47 25 39 61 23 14
3 33 45 60 27 7 38
39 61 23 21 13 17 48
61 46 8 28 55 29 22
60 27 7 23 45 62 57
43 34 56 38 7 7 55
4 16 30 25 40 59 37
35 55 38 20 22 2 48
10 44 0 42 14 24 38
49 3 18 34 9 5 14
55 26 50 33 9 59 19
47 46 10 17 30 30 25
62 39 13 32 43 13 4
1 56 16 56 2 25 54
42 14 24 53 17 29 5
57 60 7 61 46 8 14
16 12 48 20 22 2 47
14 16 55 47 46 10 54
9 18 32 50 37 38 19
41 38 37 16 12 48 28
0 26 14 35 55 38 37
42 14 24 32 43 13 31
54 35 22 26 10 44 33
19 37 31 14 16 55 31
55 26 50 3 33 45 8
0 26 14 30 58 21 32
20 22 2 54 35 22 23
32 43 13 12 62 1 22
5 29 12 0 26 14 3
27 39 59 45 12 14 52
6 14 55 46 57 24 53
46 57 24 53 17 29 40
47 46 10 15 47 25 15
15 47 25 7 60 15 16
47 46 10 3 33 45 37
27 39 59 28 55 29 34
4 16 30 60 27 7 25
32 43 13 4 16 30 31
46 57 24 0 26 14 32
1 56 16 5 29 12 27
20 22 2 58 9 1 13
17 30 30 62 39 13 19
56 2 25 12 62 1 64
36 11 18 7 60 15 49
53 17 29 58 9 1 29
33 9 59 50 37 38 35
1 56 16 52 33 0 28
27 39 59 42 14 24 43
1 56 16 27 39 59 46
21 13 17 30 58 21 45
7 60 15 34 9 5 51
49 3 18 52 33 0 34
5 29 12 59 5 44 40
27 39 59 40 49 2 57
46 57 24 20 22 2 41
18 46 19 42 14 24 32
5 29 12 29 26 61 49
12 62 1 54 35 22 34
14 16 55 62 39 13 47
57 60 7 29 26 61 63
46 57 24 12 62 1 23
30 58 21 12 62 1 20
26 10 44 59 5 44 5
2 34 56 33 9 59 25
60 27 7 10 44 0 18
42 14 24 21 13 17 7
19 37 31 18 46 19 15
3 33 45 56 2 25 36
29 26 61 44 40 26 37
36 11 18 49 3 18 8
43 34 56 1 56 16 45
31 57 34 46 57 24 10
24 34 2 56 2 25 39
58 9 1 8 51 32 52
19 37 31 28 55 29 18
61 46 8 54 35 22 17
31 57 34 32 43 13 25
52 33 0 25 40 59 59
36 11 18 59 5 44 26
39 61 23 41 38 37 26
3 33 45 58 9 1 50
12 62 1 3 33 45 52
6 14 55 36 11 18 37
20 22 2 40 49 2 27
59 5 44 8 51 32 47
23 45 62 61 46 8 54
50 37 38 4 16 30 22
56 2 25 33 9 59 34
38 7 7 47 46 10 39
53 17 29 43 34 56 31
0 26 14 48 46 29 25
21 13 17 9 18 32 15
56 2 25 20 22 2 30
62 39 13 58 9 1 32
32 43 13 21 13 17 30
8 51 32 50 37 38 15
29 26 61 33 9 59 17
20 22 2 50 37 38 39
33 9 59 10 44 0 68
32 43 13 57 60 7 18
41 38 37 43 34 56 19
13 18 62 12 62 1 75
49 3 18 19 37 31 36
61 46 8 58 9 1 37
60 27 7 5 29 12 5
18 46 19 17 30 30 19
34 9 5 31 57 34 56
46 57 24 56 2 25 55
18 46 19 30 58 21 12
1 56 16 54 35 22 21
62 39 13 33 9 59 54
23 45 62 46 57 24 39
4 16 30 34 9 5 25
34 9 5 47 46 10 37
13 18 62 6 14 55 8
60 27 7 21 13 17 17
11 17 39 35 55 38 38
11 17 39 0 26 14 26
32 43 13 50 37 38 25
31 57 34 59 5 44 52
10 44 0 14 16 55 61
45 12 14 44 40 26 30
48 46 29 24 34 2 29
25 40 59 32 43 13 46
47 46 10 35 55 38 29
58 9 1 15 47 25 44
38 7 7 0 26 14 20
52 33 0 26 10 44 49
2 34 56 29 26 61 9
41 38 37 28 55 29 18
43 34 56 16 12 48 23
7 60 15 49 3 18 57
34 9 5 37 45 7 36
35 55 38 39 61 23 16
17 30 30 35 55 38 26
47 46 10 50 37 38 29
50 37 38 37 45 7 32
4 16 30 46 57 24 41
11 17 39 15 47 25 33
4 16 30 38 7 7 24
3 33 45 52 33 0 45
39 61 23 16 12 48 55
34 9 5 5 29 12 21
40 49 2 39 61 23 24
43 34 56 2 34 56 0
27 39 59 56 2 25 50
43 34 56 44 40 26 30
13 18 62 48 46 29 43
26 10 44 16 12 48 4
24 34 2 3 33 45 43
31 57 34 12 62 1 33
21 13 17 18 46 19 33
55 26 50 50 37 38 16
32 43 13 61 46 8 5
33 9 59 46 57 24 59
31 57 34 56 2 25 55
28 55 29 13 18 62 49
50 37 38 62 39 13 25
28 55 29 49 3 18 53
8 51 32 3 33 45 22
52 33 0 12 62 1 29
62 39 13 30 58 21 20
4 16 30 56 2 25 14
58 9 1 42 14 24 23
21 13 17 54 35 22 22
30 58 21 37 45 7 19
24 34 2 25 40 59 57
23 45 62 20 22 2 64
43 34 56 11 17 39 24
28 55 29 53 17 29 38
59 5 44 38 7 7 37
2 34 56 53 17 29 31
32 43 13 55 26 50 40
22 49 10 55 26 50 46
12 62 1 35 55 38 37
3 33 45 11 17 39 17
58 9 1 35 55 38 59
40 49 2 60 27 7 22
32 43 13 30 58 21 17
48 46 29 44 40 26 6
28 55 29 16 12 48 47
4 16 30 12 62 1 54
23 45 62 6 14 55 31
13 18 62 11 17 39 23
45 12 14 3 33 45 37
45 12 14 61 46 8 34
38 7 7 52 33 0 26
52 33 0 4 16 30 34
4 16 30 42 14 24 6
60 27 7 46 57 24 34
30 58 21 58 9 1 52
48 46 29 39 61 23 16
57 60 7 59 5 44 66
44 40 26 55 26 50 27
50 37 38 12 62 1 44
58 9 1 17 30 30 35
12 62 1 5 29 12 34
1 56 16 35 55 38 22
3 33 45 27 39 59 15
11 17 39 60 27 7 33
15 47 25 31 57 34 13
51 49 37 34 9 5 51
13 18 62 33 9 59 9
54 35 22 22 49 10 18
1 56 16 36 11 18 45
2 34 56 25 40 59 6
40 49 2 38 7 7 42
1 56 16 23 45 62 47
12 62 1 40 49 2 13
5 29 12 15 47 25 22
48 46 29 53 17 29 29
25 40 59 5 29 12 48
59 5 44 49 3 18 26
25 40 59 37 45 7 52
28 55 29 20 22 2 42
47 46 10 21 13 17 33
0 26 14 1 56 16 30
18 46 19 28 55 29 13
51 49 37 30 58 21 18
40 49 2 45 12 14 38
40 49 2 25 40 59 57
21 13 17 33 9 59 42
12 62 1 24 34 2 28
52 33 0 34 9 5 24
49 3 18 53 17 29 17
56 2 25 30 58 21 56
2 34 56 4 16 30 31
43 34 56 37 45 7 50
62 39 13 2 34 56 43
21 13 17 48 46 29 35
12 62 1 33 9 59 78
52 33 0 18 46 19 23
3 33 45 22 49 10 38
42 14 24 45 12 14 10
45 12 14 17 30 30 24
45 12 14 25 40 59 53
12 62 1 38 7 7 55
38 7 7 49 3 18 11
3 33 45 29 26 61 17
47 46 10 39 61 23 19
46 57 24 28 55 29 5
38 7 7 26 10 44 37
37 45 7 56 2 25 46
26 10 44 6 14 55 11
4 16 30 9 18 32 2
38 7 7 7 60 15 53
25 40 59 35 55 38 25
42 14 24 23 45 62 49
47 46 10 57 60 7 14
53 17 29 25 40 59 37
32 43 13 15 47 25 12
0 26 14 57 60 7 34
10 44 0 22 49 10 11
55 26 50 5 29 12 38
30 58 21 5 29 12 30
60 27 7 47 46 10 19
26 10 44 30 58 21 53
60 27 7 14 16 55 49
7 60 15 10 44 0 21
55 26 50 40 49 2 53
11 17 39 58 9 1 38
31 57 34 61 46 8 28
50 37 38 58 9 1 46
34 9 5 20 22 2 13
30 58 21 47 46 10 16
10 44 0 4 16 30 41
38 7 7 45 12 14 8
22 49 10 46 57 24 16
14 16 55 36 11 18 37
11 17 39 54 35 22 24
30 58 21 11 17 39 44
30 58 21 15 47 25 11
33 9 59 61 46 8 63
38 7 7 17 30 30 32
26 10 44 55 26 50 17
36 11 18 24 34 2 28
2 34 56 41 38 37 19
40 49 2 57 60 7 12
33 9 59 15 47 25 50
40 49 2 13 18 62 67
8 51 32 9 18 32 33
9 18 32 19 37 31 19
29 26 61 15 47 25 41
3 33 45 38 7 7 46
47 46 10 2 34 56 47
22 49 10 14 16 55 55
16 12 48 0 26 14 36
46 57 24 26 10 44 51
45 12 14 33 9 59 45
33 9 59 20 22 2 58
5 29 12 35 55 38 36
57 60 7 60 27 7 33
19 37 31 24 34 2 29
38 7 7 34 9 5 2
47 46 10 29 26 61 54
5 29 12 62 39 13 10
6 14 55 58 9 1 54
26 10 44 51 49 37 39
34 9 5 53 17 29 25
49 3 18 45 12 14 9
27 39 59 25 40 59 1
4 16 30 23 45 62 43
27 39 59 52 33 0 59
55 26 50 38 7 7 47
32 43 13 29 26 61 50
40 49 2 33 9 59 69
37 45 7 62 39 13 8
56 2 25 41 38 37 37
9 18 32 42 14 24 8
26 10 44 57 60 7 62
3 33 45 28 55 29 27
48 46 29 25 40 59 30
57 60 7 17 30 30 37
58 9 1 33 9 59 58
6 14 55 32 43 13 51
56 2 25 42 14 24 12
51 49 37 40 49 2 35
27 39 59 47 46 10 49
8 51 32 39 61 23 13
54 35 22 59 5 44 37
43 34 56 49 3 18 49
25 40 59 33 9 59 31
14 16 55 52 33 0 57
4 16 30 5 29 12 22
33 9 59 32 43 13 57
19 37 31 27 39 59 28
42 14 24 61 46 8 35
37 45 7 14 16 55 56
52 33 0 31 57 34 41
6 14 55 22 49 10 57
4 16 30 14 16 55 25
61 46 8 0 26 14 20
38 7 7 1 56 16 49
9 18 32 49 3 18 20
24 34 2 31 57 34 39
7 60 15 28 55 29 14
40 49 2 1 56 16 15
19 37 31 1 56 16 24
4 16 30 1 56 16 42
45 12 14 14 16 55 41
59 5 44 0 26 14 36
17 30 30 46 57 24 27
14 16 55 2 34 56 18
59 5 44 20 22 2 45
8 51 32 34 9 5 49
15 47 25 27 39 59 34
23 45 62 32 43 13 49
30 58 21 4 16 30 42
6 14 55 47 46 10 55
60 27 7 33 9 59 55
4 16 30 33 9 59 29
24 34 2 8 51 32 34
44 40 26 57 60 7 27
29 26 61 56 2 25 43
13 18 62 31 57 34 48
6 14 55 48 46 29 41
53 17 29 1 56 16 41
35 55 38 38 7 7 57
34 9 5 36 11 18 13
20 22 2 5 29 12 12
8 51 32 15 47 25 8
26 10 44 34 9 5 39
56 2 25 51 49 37 48
43 34 56 42 14 24 37
13 18 62 62 39 13 53
18 46 19 12 62 1 24
50 37 38 54 35 22 16
9 18 32 40 49 2 43
27 39 59 7 60 15 48
40 49 2 54 35 22 24
15 47 25 43 34 56 33
57 60 7 48 46 29 26
41 38 37 32 43 13 24
16 12 48 57 60 7 63
4 16 30 24 34 2 33
25 40 59 56 2 25 50
27 39 59 46 57 24 39
62 39 13 18 46 19 9
34 9 5 1 56 16 48
57 60 7 34 9 5 51
24 34 2 6 14 55 56
45 12 14 26 10 44 30
21 13 17 45 12 14 3
13 18 62 23 45 62 27
17 30 30 51 49 37 20
51 49 37 15 47 25 12
29 26 61 11 17 39 23
37 45 7 42 14 24 35
23 45 62 40 49 2 60
48 46 29 29 26 61 37
36 11 18 37 45 7 35
18 46 19 7 60 15 14
61 46 8 25 40 59 51
7 60 15 1 56 16 4
5 29 12 49 3 18 26
56 2 25 19 37 31 35
23 45 62 5 29 12 52
37 45 7 20 22 2 23
62 39 13 60 27 7 13
7 60 15 61 46 8 15
20 22 2 0 26 14 12
59 5 44 33 9 59 15
21 13 17 28 55 29 43
6 14 55 11 17 39 16
22 49 10 59 5 44 55
57 60 7 43 34 56 55
5 29 12 2 34 56 44
6 14 55 18 46 19 48
16 12 48 24 34 2 50
18 46 19 60 27 7 22
52 33 0 35 55 38 43
28 55 29 10 44 0 31
43 34 56 5 29 12 44
7 60 15 35 55 38 23
52 33 0 5 29 12 12
22 49 10 9 18 32 38
50 37 38 26 10 44 27
58 9 1 44 40 26 39
28 55 29 60 27 7 35
21 13 17 13 18 62 45
48 46 29 16 12 48 38
13 18 62 22 49 10 60
18 46 19 45 12 14 34
39 61 23 54 35 22 26
42 14 24 5 29 12 19
15 47 25 26 10 44 41
47 46 10 36 11 18 35
1 56 16 25 40 59 45
22 49 10 51 49 37 27
12 62 1 43 34 56 61
16 12 48 17 30 30 25
57 60 7 39 61 23 16
19 37 31 51 49 37 13
51 49 37 46 57 24 15
4 16 30 39 61 23 45
59 5 44 3 33 45 28
6 14 55 16 12 48 7
12 62 1 42 14 24 53
58 9 1 48 46 29 46
24 34 2 15 47 25 26
51 49 37 12 62 1 38
12 62 1 45 12 14 51
33 9 59 22 49 10 63
15 47 25 25 40 59 34
31 57 34 21 13 17 47
49 3 18 62 39 13 36
39 61 23 9 18 32 43
0 26 14 55 26 50 36
32 43 13 19 37 31 18
58 9 1 18 46 19 41
38 7 7 41 38 37 43
13 18 62 59 5 44 22
60 27 7 61 46 8 19
8 51 32 43 34 56 29
26 10 44 1 56 16 53
22 49 10 42 14 24 37
30 58 21 55 26 50 43
21 13 17 25 40 59 49
26 10 44 17 30 30 24
16 12 48 22 49 10 53
13 18 62 58 9 1 61
17 30 30 28 55 29 25
46 57 24 1 56 16 8
38 7 7 29 26 61 57
14 16 55 20 22 2 53
10 44 0 53 17 29 39
22 49 10 19 37 31 24
54 35 22 43 34 56 34
22 49 10 40 49 2 8
48 46 29 26 10 44 39
25 40 59 50 37 38 21
4 16 30 31 57 34 41
11 17 39 25 40 59 30
19 37 31 54 35 22 9
25 40 59 55 26 50 16
41 38 37 26 10 44 28
51 49 37 27 39 59 24
16 12 48 5 29 12 39
55 26 50 53 17 29 22
45 12 14 58 9 1 13
0 26 14 47 46 10 20
59 5 44 11 17 39 13
35 55 38 30 58 21 17
2 34 56 51 49 37 24
53 17 29 7 60 15 45
37 45 7 9 18 32 36
24 34 2 20 22 2 12
43 34 56 34 9 5 56
32 43 13 22 49 10 6
2 34 56 28 55 29 34
6 14 55 7 60 15 60
15 47 25 13 18 62 47
29 26 61 24 34 2 59
20 22 2 12 62 1 40
28 55 29 9 18 32 37
61 46 8 43 34 56 49
11 17 39 40 49 2 48
38 7 7 8 51 32 50
53 17 29 38 7 7 24
51 49 37 13 18 62 39
48 46 29 33 9 59 47
54 35 22 5 29 12 11
42 14 24 0 26 14 15
62 39 13 22 49 10 10
7 60 15 3 33 45 40
23 45 62 55 26 50 22
35 55 38 44 40 26 19
40 49 2 4 16 30 43
33 9 59 0 26 14 48
22 49 10 36 11 18 38
42 14 24 28 55 29 41
50 37 38 46 57 24 24
47 46 10 7 60 15 14
54 35 22 30 58 21 23
53 17 29 5 29 12 20
62 39 13 34 9 5 31
42 14 24 29 26 61 38
53 17 29 13 18 62 33
18 46 19 57 60 7 18
3 33 45 13 18 62 22
32 43 13 17 30 30 21
23 45 62 0 26 14 51
31 57 34 57 60 7 27
10 44 0 13 18 62 67
44 40 26 39 61 23 21
13 18 62 27 39 59 21
8 51 32 48 46 29 5
1 56 16 55 26 50 45
6 14 55 50 37 38 28
36 11 18 18 46 19 35
1 56 16 39 61 23 8
5 29 12 11 17 39 29
52 33 0 7 60 15 30
23 45 62 33 9 59 36
0 26 14 45 12 14 14
36 11 18 56 2 25 11
17 30 30 30 58 21 29
54 35 22 46 57 24 22
0 26 14 32 43 13 17
34 9 5 16 12 48 43
27 39 59 38 7 7 61
22 49 10 38 7 7 42
35 55 38 31 57 34 4
46 57 24 37 45 7 20
18 46 19 41 38 37 19
54 35 22 24 34 2 20
17 30 30 41 38 37 10
20 22 2 27 39 59 59
43 34 56 9 18 32 28
32 43 13 35 55 38 27
5 29 12 48 46 29 24
4 16 30 54 35 22 20
37 45 7 31 57 34 29
30 58 21 59 5 44 57
26 10 44 23 45 62 39
16 12 48 1 56 16 54
5 29 12 51 49 37 32
26 10 44 0 26 14 34
56 2 25 26 10 44 20
48 46 29 3 33 45 20
58 9 1 29 26 61 62
54 35 22 33 9 59 45
5 29 12 19 37 31 20
62 39 13 56 2 25 38
25 40 59 36 11 18 50
60 27 7 39 61 23 37
56 2 25 60 27 7 30
59 5 44 1 56 16 58
24 34 2 21 13 17 25
56 2 25 18 46 19 44
36 11 18 3 33 45 34
50 37 38 3 33 45 8
10 44 0 21 13 17 35
11 17 39 34 9 5 34
59 5 44 35 55 38 50
62 39 13 29 26 61 49
53 17 29 21 13 17 12
23 45 62 14 16 55 29
49 3 18 18 46 19 43
19 37 31 30 58 21 23
56 2 25 22 49 10 49
56 2 25 58 9 1 25
44 40 26 7 60 15 22
56 2 25 9 18 32 17
10 44 0 51 49 37 37
17 30 30 22 49 10 27
30 58 21 22 49 10 14
41 38 37 42 14 24 27
3 33 45 26 10 44 23
62 39 13 38 7 7 32
51 49 37 47 46 10 27
52 33 0 19 37 31 31
17 30 30 61 46 8 27
16 12 48 51 49 37 38
3 33 45 61 46 8 39
60 27 7 55 26 50 43
30 58 21 48 46 29 14
25 40 59 26 10 44 33
21 13 17 5 29 12 16
9 18 32 38 7 7 27
19 37 31 42 14 24 24
10 44 0 19 37 31 31
17 30 30 3 33 45 15
56 2 25 17 30 30 28
59 5 44 62 39 13 46
11 17 39 21 13 17 22
53 17 29 4 16 30 1
28 55 29 5 29 12 31
6 14 55 39 61 23 56
34 9 5 30 58 21 51
26 10 44 37 45 7 50
24 34 2 40 49 2 15
49 3 18 23 45 62 60
33 9 59 28 55 29 54
27 39 59 10 44 0 59
52 33 0 55 26 50 50
29 26 61 6 14 55 13
43 34 56 58 9 1 60
24 34 2 7 60 15 29
44 40 26 19 37 31 5
48 46 29 9 18 32 28
56 2 25 8 51 32 49
29 26 61 40 49 2 63
48 46 29 46 57 24 12
27 39 59 41 38 37 22
51 49 37 52 33 0 40
53 17 29 32 43 13 30
2 34 56 1 56 16 45
44 40 26 0 26 14 18
52 33 0 48 46 29 31
47 46 10 12 62 1 18
20 22 2 8 51 32 41
55 26 50 42 14 24 28
52 33 0 57 60 7 27
22 49 10 1 56 16 9
36 11 18 42 14 24 6
38 7 7 21 13 17 11
33 9 59 27 39 59 30
60 27 7 20 22 2 7
37 45 7 60 27 7 18
35 55 38 50 37 38 18
53 17 29 6 14 55 26
41 38 37 51 49 37 11
37 45 7 21 13 17 33
48 46 29 11 17 39 30
8 51 32 52 33 0 36
1 56 16 61 46 8 12
29 26 61 14 16 55 11
19 37 31 25 40 59 28
29 26 61 31 57 34 41
43 34 56 6 14 55 20
41 38 37 0 26 14 25
32 43 13 46 57 24 17
62 39 13 23 45 62 49
28 55 29 29 26 61 43
27 39 59 61 46 8 51
54 35 22 23 45 62 41
42 14 24 3 33 45 28
30 58 21 39 61 23 3
53 17 29 20 22 2 27
9 18 32 27 39 59 34
12 62 1 15 47 25 28
46 57 24 8 51 32 10
31 57 34 1 56 16 18
16 12 48 38 7 7 41
38 7 7 61 46 8 39
39 61 23 43 34 56 42
56 2 25 14 16 55 33
12 62 1 41 38 37 43
3 33 45 49 3 18 40
29 26 61 1 56 16 54
41 38 37 46 57 24 23
12 62 1 14 16 55 70
19 37 31 55 26 50 21
6 14 55 35 55 38 44
8 51 32 0 26 14 30
38 7 7 18 46 19 40
31 57 34 27 39 59 30
52 33 0 46 57 24 33
47 46 10 1 56 16 11
16 12 48 50 37 38 26
55 26 50 43 34 56 10
14 16 55 13 18 62 7
26 10 44 29 26 61 23
5 29 12 14 16 55 44
19 37 31 36 11 18 29
27 39 59 24 34 2 57
41 38 37 31 57 34 19
54 35 22 60 27 7 17
37 45 7 24 34 2 12
50 37 38 22 49 10 30
23 45 62 3 33 45 20
20 22 2 7 60 15 40
39 61 23 2 34 56 42
52 33 0 60 27 7 9
9 18 32 46 57 24 39
12 62 1 34 9 5 53
33 9 59 34 9 5 54
29 26 61 8 51 32 38
55 26 50 31 57 34 34
57 60 7 62 39 13 21
34 9 5 48 46 29 44
49 3 18 22 49 10 46
50 37 38 28 55 29 20
57 60 7 10 44 0 17
16 12 48 32 43 13 46
30 58 21 10 44 0 25
28 55 29 36 11 18 45
55 26 50 29 26 61 11
44 40 26 47 46 10 17
12 62 1 61 46 8 17
21 13 17 2 34 56 44
3 33 45 34 9 5 46
61 46 8 8 51 32 24
0 26 14 7 60 15 34
24 34 2 13 18 62 62
25 40 59 34 9 5 62
36 11 18 32 43 13 32
7 60 15 43 34 56 48
14 16 55 17 30 30 28
37 45 7 58 9 1 36
30 58 21 52 33 0 32
17 30 30 50 37 38 10
15 47 25 34 9 5 42
41 38 37 30 58 21 25
34 9 5 9 18 32 28
19 37 31 31 57 34 20
8 51 32 2 34 56 29
11 17 39 23 45 62 36
29 26 61 61 46 8 56
47 46 10 18 46 19 9
33 9 59 18 46 19 54
8 51 32 35 55 38 7
33 9 59 38 7 7 52
3 33 45 35 55 38 23
36 11 18 38 7 7 11
45 12 14 39 61 23 49
44 40 26 24 34 2 24
46 57 24 14 16 55 51
39 61 23 53 17 29 44
39 61 23 17 30 30 31
26 10 44 33 9 59 15
60 27 7 48 46 29 29
0 26 14 52 33 0 15
62 39 13 40 49 2 14
20 22 2 49 3 18 24
23 45 62 21 13 17 55
13 18 62 45 12 14 48
50 37 38 19 37 31 7
43 34 56 56 2 25 44
16 12 48 9 18 32 17
9 18 32 45 12 14 18
17 30 30 12 62 1 43
14 16 55 43 34 56 18
34 9 5 50 37 38 43
24 34 2 57 60 7 26
57 60 7 45 12 14 48
37 45 7 1 56 16 14
16 12 48 40 49 2 59
7 60 15 21 13 17 47
16 12 48 31 57 34 47
47 46 10 62 39 13 7
41 38 37 40 49 2 36
11 17 39 1 56 16 45
31 57 34 47 46 10 26
32 43 13 38 7 7 36
35 55 38 2 34 56 27
45 12 14 46 57 24 46
34 9 5 44 40 26 37
14 16 55 42 14 24 31
19 37 31 15 47 25 11
48 46 29 41 38 37 11
36 11 18 2 34 56 44
21 13 17 14 16 55 38
32 43 13 47 46 10 4
52 33 0 28 55 29 36
36 11 18 60 27 7 19
31 57 34 62 39 13 27
37 45 7 22 49 10 5
30 58 21 61 46 8 17
28 55 29 0 26 14 32
32 43 13 14 16 55 49
17 30 30 24 34 2 28
35 55 38 54 35 22 25
30 58 21 36 11 18 47
46 57 24 62 39 13 21
46 57 24 39 61 23 4
54 35 22 32 43 13 12
17 30 30 49 3 18 29
43 34 56 45 12 14 47
55 26 50 58 9 1 51
21 13 17 55 26 50 35
24 34 2 49 3 18 34
22 49 10 58 9 1 41
25 40 59 6 14 55 26
39 61 23 0 26 14 36
35 55 38 14 16 55 42
8 51 32 42 14 24 37
20 22 2 43 34 56 55
42 14 24 6 14 55 31
0 26 14 53 17 29 17
34 9 5 61 46 8 37
11 17 39 2 34 56 24
58 9 1 34 9 5 4
39 61 23 34 9 5 55
25 40 59 14 16 55 24
43 34 56 13 18 62 17
0 26 14 54 35 22 12
30 58 21 57 60 7 14
3 33 45 10 44 0 46
4 16 30 59 5 44 17
12 62 1 27 39 59 62
49 3 18 31 57 34 56
12 62 1 1 56 16 16
53 17 29 29 26 61 33
43 34 56 51 49 37 24
27 39 59 23 45 62 6
5 29 12 27 39 59 48
12 62 1 22 49 10 15
25 40 59 30 58 21 42
27 39 59 59 5 44 37
23 45 62 15 47 25 37
21 13 17 8 51 32 40
15 47 25 44 40 26 7
10 44 0 17 30 30 33
25 40 59 42 14 24 43
53 17 29 44 40 26 23
8 51 32 28 55 29 5
37 45 7 47 46 10 3
31 57 34 60 27 7 40
20 22 2 9 18 32 30
61 46 8 10 44 0 8
16 12 48 47 46 10 50
59 5 44 41 38 37 33
44 40 26 13 18 62 42
16 12 48 56 2 25 25
17 30 30 9 18 32 12
14 16 55 40 49 2 62
31 57 34 6 14 55 47
18 46 19 23 45 62 43
56 2 25 53 17 29 15
38 7 7 2 34 56 55
61 46 8 2 34 56 49
31 57 34 50 37 38 20
42 14 24 1 56 16 42
2 34 56 57 60 7 55
56 2 25 34 9 5 21
38 7 7 56 2 25 18
43 34 56 18 46 19 38
44 40 26 38 7 7 38
60 27 7 44 40 26 23
23 45 62 56 2 25 56
48 46 29 45 12 14 37
17 30 30 15 47 25 17
25 40 59 46 57 24 38
57 60 7 9 18 32 48
10 44 0 18 46 19 19
26 10 44 22 49 10 51
39 61 23 26 10 44 55
3 33 45 40 49 2 45
41 38 37 24 34 2 35
49 3 18 1 56 16 53
58 9 1 16 12 48 47
4 16 30 16 12 48 18
45 12 14 11 17 39 25
32 43 13 18 46 19 6
40 49 2 49 3 18 48
6 14 55 3 33 45 21
15 47 25 37 45 7 18
20 22 2 41 38 37 38
31 57 34 28 55 29 5
14 16 55 34 9 5 50
26 10 44 21 13 17 27
6 14 55 14 16 55 2
51 49 37 60 27 7 37
40 49 2 35 55 38 36
2 34 56 40 49 2 56
11 17 39 28 55 29 39
12 62 1 49 3 18 61
8 51 32 12 62 1 32
55 26 50 39 61 23 44
10 44 0 49 3 18 44
11 17 39 61 46 8 42
12 62 1 21 13 17 51
33 9 59 35 55 38 50
33 9 59 5 29 12 51
13 18 62 49 3 18 46
41 38 37 55 26 50 17
51 49 37 59 5 44 44
60 27 7 19 37 31 26
25 40 59 62 39 13 46
52 33 0 24 34 2 2
20 22 2 31 57 34 47
4 16 30 62 39 13 28
41 38 37 36 11 18 33
37 45 7 17 30 30 27
62 39 13 53 17 29 27
49 3 18 4 16 30 17
8 51 32 25 40 59 29
60 27 7 7 60 15 33
7 60 15 22 49 10 12
16 12 48 15 47 25 41
48 46 29 32 43 13 16
17 30 30 33 9 59 35
59 5 44 50 37 38 32
25 40 59 20 22 2 59
7 60 15 17 30 30 33
24 34 2 28 55 29 34
61 46 8 14 16 55 55
9 18 32 11 17 39 7
44 40 26 32 43 13 13
61 46 8 16 12 48 52
1 56 16 32 43 13 13
2 34 56 27 39 59 5
8 51 32 11 17 39 34
39 61 23 14 16 55 55
40 49 2 0 26 14 25
61 46 8 46 57 24 19
26 10 44 2 34 56 26
41 38 37 54 35 22 15
2 34 56 32 43 13 43
40 49 2 34 9 5 40
39 61 23 52 33 0 36
57 60 7 50 37 38 38
47 46 10 49 3 18 43
33 9 59 42 14 24 35
52 33 0 29 26 61 61
2 34 56 22 49 10 48
50 37 38 39 61 23 28
28 55 29 26 10 44 47
49 3 18 33 9 59 41
46 57 24 47 46 10 17
16 12 48 46 57 24 51
42 14 24 59 5 44 21
24 34 2 30 58 21 30
18 46 19 40 49 2 17
54 35 22 57 60 7 29
46 57 24 58 9 1 53
45 12 14 20 22 2 15
29 26 61 36 11 18 45
21 13 17 41 38 37 32
9 18 32 62 39 13 28
51 49 37 18 46 19 18
49 3 18 27 39 59 54
38 7 7 24 34 2 27
43 34 56 50 37 38 18
2 34 56 16 12 48 23
56 2 25 21 13 17 13
39 61 23 62 39 13 24
54 35 22 42 14 24 21
30 58 21 53 17 29 41
29 26 61 43 34 56 9
15 47 25 56 2 25 45
40 49 2 53 17 29 41
1 56 16 28 55 29 13
6 14 55 41 38 37 30
15 47 25 0 26 14 23
23 45 62 57 60 7 57
31 57 34 14 16 55 46
28 55 29 6 14 55 48
2 34 56 23 45 62 12
0 26 14 17 30 30 16
60 27 7 2 34 56 49
49 3 18 44 40 26 37
61 46 8 51 49 37 29
56 2 25 49 3 18 7
32 43 13 24 34 2 14
7 60 15 37 45 7 17
19 37 31 12 62 1 39
45 12 14 8 51 32 42
42 14 24 2 34 56 37
40 49 2 36 11 18 41
15 47 25 14 16 55 43
8 51 32 26 10 44 42
29 26 61 23 45 62 19
7 60 15 12 62 1 14
10 44 0 62 39 13 13
24 34 2 14 16 55 55
59 5 44 6 14 55 14
45 12 14 52 33 0 25
19 37 31 6 14 55 33
59 5 44 44 40 26 39
30 58 21 43 34 56 42
36 11 18 33 9 59 41
50 37 38 15 47 25 16
47 46 10 26 10 44 49
23 45 62 8 51 32 30
42 14 24 35 55 38 43
35 55 38 61 46 8 31
23 45 62 12 62 1 63
48 46 29 10 44 0 29
34 9 5 35 55 38 56
19 37 31 29 26 61 31
34 9 5 21 13 17 12
54 35 22 62 39 13 9
14 16 55 30 58 21 54
37 45 7 52 33 0 13
8 51 32 37 45 7 25
31 57 34 53 17 29 40
43 34 56 36 11 18 44
62 39 13 48 46 29 17
19 37 31 47 46 10 22
30 58 21 6 14 55 55
10 44 0 35 55 38 39
8 51 32 5 29 12 29
55 26 50 35 55 38 31
32 43 13 27 39 59 46
49 3 18 46 57 24 54
19 37 31 53 17 29 20
58 9 1 49 3 18 18
16 12 48 35 55 38 44
10 44 0 32 43 13 13
0 26 14 3 33 45 31
20 22 2 47 46 10 25
40 49 2 47 46 10 8
54 35 22 49 3 18 32
29 26 61 60 27 7 54
27 39 59 17 30 30 30
9 18 32 61 46 8 36
54 35 22 44 40 26 6
43 34 56 25 40 59 6
47 46 10 56 2 25 46
0 26 14 56 2 25 26
18 46 19 35 55 38 21
35 55 38 15 47 25 15
22 49 10 34 9 5 40
41 38 37 37 45 7 30
36 11 18 58 9 1 17
24 34 2 18 46 19 20
3 33 45 33 9 59 27
52 33 0 23 45 62 63
23 45 62 58 9 1 70
6 14 55 44 40 26 38
3 33 45 2 34 56 11
36 11 18 20 22 2 19
36 11 18 11 17 39 21
26 10 44 14 16 55 12
17 30 30 55 26 50 20
33 9 59 57 60 7 72
36 11 18 16 12 48 30
3 33 45 15 47 25 24
16 12 48 12 62 1 68
48 46 29 17 30 30 16
33 9 59 30 58 21 62
9 18 32 13 18 62 30
28 55 29 55 26 50 35
41 38 37 45 12 14 34
50 37 38 51 49 37 12
39 61 23 7 60 15 8
28 55 29 14 16 55 46
17 30 30 43 34 56 26
48 46 29 56 2 25 44
32 43 13 7 60 15 17
19 37 31 38 7 7 38
51 49 37 1 56 16 22
23 45 62 35 55 38 26
33 9 59 39 61 23 63
58 9 1 12 62 1 53
7 60 15 48 46 29 19
22 49 10 60 27 7 22
34 9 5 45 12 14 9
49 3 18 32 43 13 40
47 46 10 58 9 1 38
24 34 2 9 18 32 34
49 3 18 25 40 59 55
50 37 38 1 56 16 29
25 40 59 18 46 19 40
23 45 62 30 58 21 43
24 34 2 5 29 12 11
46 57 24 59 5 44 55
16 12 48 59 5 44 8
45 12 14 10 44 0 34
0 26 14 21 13 17 13
2 34 56 55 26 50 10
28 55 29 45 12 14 45
24 34 2 33 9 59 62
9 18 32 10 44 0 41
4 16 30 7 60 15 46
42 14 24 40 49 2 41
18 46 19 14 16 55 46
5 29 12 39 61 23 33
3 33 45 37 45 7 39
9 18 32 33 9 59 28
8 51 32 6 14 55 43
25 40 59 58 9 1 65
31 57 34 10 44 0 36
50 37 38 24 34 2 36
14 16 55 0 26 14 42
15 47 25 53 17 29 30
10 44 0 23 45 62 62
29 26 61 4 16 30 32
55 26 50 48 46 29 29
15 47 25 28 55 29 8
25 40 59 59 5 44 38
11 17 39 7 60 15 49
23 45 62 22 49 10 52
24 34 2 53 17 29 31
41 38 37 57 60 7 37
56 2 25 28 55 29 53
40 49 2 48 46 29 27
55 26 50 6 14 55 13
38 7 7 14 16 55 48
4 16 30 19 37 31 21
57 60 7 4 16 30 49
58 9 1 57 60 7 51
41 38 37 35 55 38 17
10 44 0 5 29 12 19
42 14 24 7 60 15 46
10 44 0 55 26 50 53
54 35 22 34 9 5 31
14 16 55 8 51 32 41
13 18 62 26 10 44 19
31 57 34 39 61 23 11
17 30 30 2 34 56 26
54 35 22 29 26 61 40
48 46 29 20 22 2 36
35 55 38 45 12 14 49
46 57 24 13 18 62 54
55 26 50 56 2 25 34
44 40 26 62 39 13 13
48 46 29 36 11 18 36
30 58 21 29 26 61 51
51 49 37 0 26 14 32
32 43 13 59 5 44 49
61 46 8 36 11 18 36
41 38 37 44 40 26 11
45 12 14 53 17 29 15
22 49 10 39 61 23 17
22 49 10 44 40 26 18
0 26 14 24 34 2 14
11 17 39 12 62 1 58
49 3 18 29 26 61 48
39 61 23 19 37 31 25
52 33 0 50 37 38 38
58 9 1 14 16 55 54
37 45 7 53 17 29 35
59 5 44 14 16 55 15
52 33 0 33 9 59 63
18 46 19 61 46 8 11
36 11 18 17 30 30 22
3 33 45 54 35 22 23
10 44 0 1 56 16 20
8 51 32 51 49 37 5
62 39 13 61 46 8 8
46 57 24 19 37 31 21
47 46 10 4 16 30 36
47 46 10 48 46 29 19
7 60 15 58 9 1 52
19 37 31 7 60 15 28
60 27 7 15 47 25 26
30 58 21 38 7 7 52
52 33 0 10 44 0 11
58 9 1 59 5 44 43
28 55 29 51 49 37 10
53 17 29 60 27 7 24
1 56 16 9 18 32 41
51 49 37 21 13 17 41
57 60 7 42 14 24 49
41 38 37 7 60 15 31
29 26 61 50 37 38 25
16 12 48 33 9 59 11
9 18 32 23 45 62 40
3 33 45 41 38 37 9
46 57 24 43 34 56 39
39 61 23 28 55 29 8
3 33 45 31 57 34 26
25 40 59 29 26 61 14
6 14 55 54 35 22 39
45 12 14 31 57 34 49
60 27 7 8 51 32 34
11 17 39 22 49 10 43
55 26 50 59 5 44 21
17 30 30 5 29 12 18
38 7 7 54 35 22 31
8 51 32 30 58 21 13
2 34 56 50 37 38 18
60 27 7 34 9 5 18
34 9 5 18 46 19 39
39 61 23 29 26 61 51
35 55 38 24 34 2 41
36 11 18 57 60 7 50
9 18 32 0 26 14 19
3 33 45 9 18 32 19
45 12 14 37 45 7 33
37 45 7 2 34 56 50
31 57 34 5 29 12 35
23 45 62 51 49 37 25
46 57 24 18 46 19 12
29 26 61 0 26 14 47
44 40 26 17 30 30 10
8 51 32 32 43 13 20
11 17 39 44 40 26 26
19 37 31 2 34 56 25
53 17 29 36 11 18 12
24 34 2 42 14 24 29
18 46 19 4 16 30 31
53 17 29 14 16 55 26
7 60 15 5 29 12 31
37 45 7 0 26 14 20
15 47 25 41 38 37 15
45 12 14 62 39 13 27
21 13 17 20 22 2 17
54 35 22 28 55 29 21
28 55 29 57 60 7 22
49 3 18 37 45 7 43
49 3 18 16 12 48 31
6 14 55 12 62 1 72
23 45 62 44 40 26 36
40 49 2 5 29 12 22
27 39 59 62 39 13 46
13 18 62 52 33 0 63
6 14 55 0 26 14 42
44 40 26 9 18 32 22
8 51 32 4 16 30 35
19 37 31 62 39 13 18
51 49 37 29 26 61 33
36 11 18 62 39 13 28
0 26 14 22 49 10 23
62 39 13 6 14 55 48
59 5 44 17 30 30 28
5 29 12 41 38 37 26
45 12 14 54 35 22 24
27 39 59 36 11 18 49
12 62 1 59 5 44 71
20 22 2 30 58 21 40
50 37 38 60 27 7 32
17 30 30 54 35 22 9
2 34 56 7 60 15 48
43 34 56 10 44 0 56
10 44 0 41 38 37 37
36 11 18 10 44 0 37
46 57 24 15 47 25 10
35 55 38 49 3 18 55
24 34 2 34 9 5 25
16 12 48 21 13 17 31
37 45 7 27 39 59 52
45 12 14 15 47 25 36
47 46 10 52 33 0 16
27 39 59 26 10 44 32
25 40 59 54 35 22 37
4 16 30 26 10 44 15
9 18 32 35 55 38 37
49 3 18 48 46 29 44
55 26 50 14 16 55 11
22 49 10 48 46 29 19
62 39 13 52 33 0 14
34 9 5 17 30 30 32
10 44 0 44 40 26 26
3 33 45 18 46 19 29
20 22 2 17 30 30 29
9 18 32 14 16 55 23
22 49 10 4 16 30 38
60 27 7 27 39 59 53
44 40 26 52 33 0 26
60 27 7 42 14 24 21
56 2 25 10 44 0 48
35 55 38 37 45 7 32
43 34 56 19 37 31 25
54 35 22 7 60 15 25
50 37 38 38 7 7 43
8 51 32 33 9 59 49
40 49 2 56 2 25 52
58 9 1 4 16 30 29
31 57 34 0 26 14 36
58 9 1 10 44 0 35
9 18 32 41 38 37 20
30 58 21 2 34 56 42
51 49 37 25 40 59 23
27 39 59 18 46 19 40
0 26 14 19 37 31 20
40 49 2 17 30 30 33
16 12 48 23 45 62 35
49 3 18 2 34 56 49
45 12 14 29 26 61 49
57 60 7 6 14 55 66
58 9 1 40 49 2 40
45 12 14 2 34 56 47
22 49 10 8 51 32 22
19 37 31 37 45 7 25
3 33 45 53 17 29 22
16 12 48 13 18 62 15
34 9 5 6 14 55 50
35 55 38 26 10 44 45
62 39 13 26 10 44 42
1 56 16 30 58 21 5
60 27 7 25 40 59 53
51 49 37 58 9 1 53
14 16 55 50 37 38 27
19 37 31 13 18 62 36
29 26 61 10 44 0 63
38 7 7 48 46 29 44
13 18 62 29 26 61 8
60 27 7 1 56 16 30
8 51 32 17 30 30 21
10 44 0 0 26 14 22
39 61 23 23 45 62 42
7 60 15 26 10 44 57
52 33 0 58 9 1 24
5 29 12 6 14 55 45
54 35 22 36 11 18 24
12 62 1 28 55 29 28
45 12 14 23 45 62 58
21 13 17 36 11 18 2
11 17 39 4 16 30 9
51 49 37 11 17 39 32
5 29 12 46 57 24 30
40 49 2 37 45 7 6
4 16 30 55 26 50 22
29 26 61 37 45 7 57
8 51 32 54 35 22 18
51 49 37 24 34 2 38
1 56 16 20 22 2 36
11 17 39 39 61 23 46
58 9 1 0 26 14 21
45 12 14 50 37 38 34
25 40 59 28 55 29 33
3 33 45 32 43 13 33
7 60 15 31 57 34 19
57 60 7 56 2 25 60
21 13 17 29 26 61 45
34 9 5 2 34 56 56
2 34 56 54 35 22 34
5 29 12 13 18 62 51
57 60 7 8 51 32 26
22 49 10 31 57 34 25
16 12 48 25 40 59 30
18 46 19 20 22 2 29
62 39 13 8 51 32 22
4 16 30 28 55 29 39
35 55 38 43 34 56 27
56 2 25 54 35 22 33
6 14 55 4 16 30 25
46 57 24 29 26 61 48
58 9 1 28 55 29 53
27 39 59 29 26 61 13
15 47 25 49 3 18 44
34 9 5 13 18 62 57
16 12 48 45 12 14 34
58 9 1 27 39 59 65
55 26 50 37 45 7 47
45 12 14 36 11 18 4
59 5 44 2 34 56 31
53 17 29 22 49 10 37
35 55 38 51 49 37 6
23 45 62 38 7 7 66
47 46 10 33 9 59 61
2 34 56 6 14 55 20
25 40 59 57 60 7 55
24 34 2 10 44 0 10
53 17 29 11 17 39 10
40 49 2 28 55 29 27
41 38 37 22 49 10 29
50 37 38 36 11 18 32
60 27 7 32 43 13 17
42 14 24 11 17 39 15
48 46 29 42 14 24 32
9 18 32 60 27 7 26
24 34 2 62 39 13 12
55 26 50 36 11 18 35
41 38 37 62 39 13 24
22 49 10 18 46 19 9
20 22 2 29 26 61 59
13 18 62 17 30 30 34
53 17 29 8 51 32 34
20 22 2 26 10 44 43
17 30 30 31 57 34 27
47 46 10 41 38 37 28
20 22 2 2 34 56 55
44 40 26 16 12 48 35
47 46 10 23 45 62 52
57 60 7 27 39 59 56
61 46 8 15 47 25 17
33 9 59 1 56 16 63
10 44 0 20 22 2 22
61 46 8 53 17 29 35
28 55 29 38 7 7 52
21 13 17 17 30 30 21
26 10 44 58 9 1 43
16 12 48 62 39 13 44
38 7 7 5 29 12 22
48 46 29 23 45 62 33
7 60 15 23 45 62 49
17 30 30 4 16 30 14
0 26 14 12 62 1 38
44 40 26 56 2 25 38
43 34 56 47 46 10 47
59 5 44 40 49 2 60
45 12 14 30 58 21 46
3 33 45 39 61 23 35
44 40 26 25 40 59 33
5 29 12 32 43 13 14
43 34 56 31 57 34 31
30 58 21 16 12 48 53
12 62 1 57 60 7 6
51 49 37 6 14 55 39
18 46 19 8 51 32 13
62 39 13 7 60 15 21
3 33 45 1 56 16 37
10 44 0 11 17 39 47
57 60 7 11 17 39 53
11 17 39 16 12 48 10
52 33 0 9 18 32 35