16 120
12 7 9 0 1 13 7
2 9 14 8 8 7 7
7 5 8 11 3 1 7
6 15 6 10 3 13 13
0 1 13 15 1 5 8
14 9 11 0 1 13 8
7 5 8 4 14 0 12
8 8 7 6 15 6 7
11 3 1 1 14 11 14
10 3 13 1 14 11 11
3 12 1 0 1 13 16
4 14 0 12 7 9 11
10 3 13 13 2 12 1
8 8 7 14 9 11 4
5 4 13 11 3 1 12
11 3 1 14 9 11 11
14 9 11 1 14 11 5
5 4 13 1 14 11 10
12 7 9 2 9 14 5
13 2 12 1 14 11 12
12 7 9 11 3 1 8
11 3 1 13 2 12 11
5 4 13 7 5 8 5
13 2 12 4 14 0 16
11 3 1 4 14 0 11
3 12 1 4 14 0 2
10 3 13 2 9 14 6
8 8 7 3 12 1 7
10 3 13 14 9 11 6
6 15 6 2 9 14 10
7 5 8 13 2 12 5
15 1 5 3 12 1 11
4 14 0 15 1 5 13
2 9 14 1 14 11 5
7 5 8 15 1 5 5
10 3 13 3 12 1 15
7 5 8 3 12 1 9
8 8 7 13 2 12 7
2 9 14 14 9 11 3
15 1 5 10 3 13 8
6 15 6 13 2 12 14
11 3 1 6 15 6 13
15 1 5 12 7 9 7
2 9 14 13 2 12 7
14 9 11 9 3 7 7
2 9 14 11 3 1 14
13 2 12 15 1 5 7
0 1 13 13 2 12 1
2 9 14 7 5 8 7
5 4 13 2 9 14 5
11 3 1 0 1 13 12
14 9 11 13 2 12 7
12 7 9 9 3 7 4
10 3 13 5 4 13 1
8 8 7 4 14 0 9
4 14 0 9 3 7 13
15 1 5 1 14 11 14
12 7 9 6 15 6 8
13 2 12 5 4 13 2
11 3 1 8 8 7 7
0 1 13 1 14 11 13
0 1 13 5 4 13 3
11 3 1 3 12 1 9
4 14 0 2 9 14 14
12 7 9 8 8 7 2
1 14 11 9 3 7 11
14 9 11 6 15 6 7
6 15 6 1 14 11 5
10 3 13 8 8 7 7
0 1 13 7 5 8 6
0 1 13 2 9 14 8
4 14 0 10 3 13 17
13 2 12 12 7 9 5
5 4 13 9 3 7 6
12 7 9 7 5 8 2
5 4 13 14 9 11 5
9 3 7 2 9 14 9
7 5 8 8 8 7 3
12 7 9 14 9 11 2
1 14 11 8 8 7 7
9 3 7 13 2 12 5
0 1 13 8 8 7 9
3 12 1 12 7 9 9
12 7 9 10 3 13 5
4 14 0 5 4 13 16
3 12 1 2 9 14 13
1 14 11 3 12 1 10
6 15 6 9 3 7 12
15 1 5 6 15 6 14
3 12 1 14 9 11 10
1 14 11 12 7 9 7
15 1 5 5 4 13 8
7 5 8 10 3 13 5
15 1 5 14 9 11 10
5 4 13 8 8 7 7
4 14 0 1 14 11 11
0 1 13 10 3 13 2
11 3 1 15 1 5 4
15 1 5 9 3 7 2
6 15 6 4 14 0 6
3 12 1 13 2 12 14
2 9 14 15 1 5 12
7 5 8 6 15 6 10
3 12 1 9 3 7 10
6 15 6 3 12 1 5
10 3 13 11 3 1 12
0 1 13 4 14 0 18
9 3 7 0 1 13 6
12 7 9 5 4 13 5
8 8 7 9 3 7 5
3 12 1 5 4 13 14
9 3 7 11 3 1 6
1 14 11 7 5 8 9
9 3 7 7 5 8 2
6 15 6 0 1 13 15
8 8 7 15 1 5 7
14 9 11 4 14 0 12
14 9 11 7 5 8 5
6 15 6 5 4 13 13
9 3 7 10 3 13 6