38 703
14 22 13 7 25 22 9
8 24 16 21 7 24 18
20 36 23 9 18 6 24
30 14 12 17 35 31 28
35 26 14 12 30 32 18
36 24 33 13 15 25 12
37 10 30 3 8 35 5
24 25 35 27 23 26 9
16 8 11 32 36 12 28
17 35 31 9 18 6 30
2 31 30 10 1 35 30
25 28 4 22 31 5 3
23 15 5 25 28 4 13
27 23 26 20 36 23 13
35 26 14 22 31 5 10
30 14 12 36 24 33 23
6 34 8 10 1 35 42
12 30 32 27 23 26 9
0 20 11 32 36 12 16
30 14 12 15 29 16 15
37 10 30 0 20 11 21
32 36 12 1 1 19 35
0 20 11 16 8 11 12
34 6 33 18 29 18 27
25 28 4 16 8 11 21
30 14 12 35 26 14 12
28 29 24 30 14 12 19
3 8 35 29 26 2 37
1 1 19 7 25 22 24
4 5 32 11 33 8 36
37 10 30 24 25 35 15
1 1 19 37 10 30 14
4 5 32 1 1 19 13
13 15 25 25 28 4 24
30 14 12 12 30 32 25
25 28 4 7 25 22 18
20 36 23 1 1 19 35
28 29 24 7 25 22 4
10 1 35 22 31 5 42
10 1 35 36 24 33 23
12 30 32 19 17 32 13
13 15 25 37 10 30 7
25 28 4 33 31 29 25
14 22 13 15 29 16 7
10 1 35 1 1 19 16
14 22 13 6 34 8 13
24 25 35 33 31 29 8
3 8 35 9 18 6 30
35 26 14 31 5 13 21
6 34 8 22 31 5 4
29 26 2 25 28 4 2
23 15 5 24 25 35 31
11 33 8 17 35 31 23
21 7 24 2 31 30 24
7 25 22 8 24 16 6
9 18 6 21 7 24 21
24 25 35 29 26 2 33
25 28 4 26 16 5 12
15 29 16 23 15 5 17
27 23 26 13 15 25 8
4 5 32 16 8 11 21
17 35 31 2 31 30 4
35 26 14 28 29 24 10
22 31 5 16 8 11 23
19 17 32 31 5 13 22
14 22 13 11 33 8 12
21 7 24 26 16 5 21
18 29 18 25 28 4 14
12 30 32 23 15 5 30
17 35 31 3 8 35 27
21 7 24 4 5 32 8
2 31 30 28 29 24 6
22 31 5 1 1 19 33
36 24 33 3 8 35 16
6 34 8 19 17 32 29
22 31 5 3 8 35 37
32 36 12 18 29 18 9
9 18 6 13 15 25 19
2 31 30 29 26 2 28
9 18 6 30 14 12 7
7 25 22 29 26 2 20
35 26 14 33 31 29 15
19 17 32 16 8 11 22
13 15 25 16 8 11 15
3 8 35 4 5 32 4
0 20 11 29 26 2 10
31 5 13 23 15 5 12
9 18 6 11 33 8 15
12 30 32 28 29 24 8
2 31 30 26 16 5 29
30 14 12 10 1 35 26
19 17 32 15 29 16 20
10 1 35 33 31 29 30
18 29 18 28 29 24 6
18 29 18 19 17 32 18
1 1 19 2 31 30 31
5 3 20 35 26 14 23
10 1 35 12 30 32 29
24 25 35 32 36 12 25
22 31 5 9 18 6 13
33 31 29 8 24 16 14
11 33 8 36 24 33 26
11 33 8 34 6 33 36
7 25 22 5 3 20 22
17 35 31 32 36 12 19
10 1 35 27 23 26 23
12 30 32 21 7 24 24
30 14 12 11 33 8 19
32 36 12 5 3 20 33
25 28 4 31 5 13 24
27 23 26 25 28 4 22
16 8 11 20 36 23 30
18 29 18 30 14 12 16
12 30 32 31 5 13 31
10 1 35 32 36 12 41
2 31 30 14 22 13 19
10 1 35 8 24 16 29
0 20 11 22 31 5 12
20 36 23 13 15 25 21
29 26 2 13 15 25 25
36 24 33 33 31 29 8
37 10 30 12 30 32 20
24 25 35 11 33 8 28
0 20 11 5 3 20 19
24 25 35 26 16 5 31
3 8 35 32 36 12 36
1 1 19 23 15 5 19
34 6 33 21 7 24 9
21 7 24 37 10 30 6
31 5 13 2 31 30 31
13 15 25 6 34 8 25
0 20 11 18 29 18 11
3 8 35 0 20 11 26
29 26 2 1 1 19 30
26 16 5 3 8 35 31
26 16 5 7 25 22 19
8 24 16 12 30 32 17
4 5 32 18 29 18 27
37 10 30 23 15 5 25
3 8 35 34 6 33 2
4 5 32 19 17 32 12
17 35 31 19 17 32 18
22 31 5 36 24 33 28
24 25 35 8 24 16 19
3 8 35 1 1 19 17
15 29 16 34 6 33 28
17 35 31 7 25 22 13
14 22 13 20 36 23 17
32 36 12 27 23 26 19
28 29 24 10 1 35 30
26 16 5 8 24 16 13
8 24 16 4 5 32 24
5 3 20 29 26 2 29
25 28 4 1 1 19 30
26 16 5 11 33 8 17
8 24 16 5 3 20 21
16 8 11 34 6 33 22
21 7 24 11 33 8 30
24 25 35 10 1 35 24
37 10 30 8 24 16 19
16 8 11 29 26 2 20
27 23 26 7 25 22 4
34 6 33 7 25 22 21
37 10 30 19 17 32 7
25 28 4 24 25 35 31
3 8 35 33 31 29 23
27 23 26 33 31 29 8
16 8 11 18 29 18 22
35 26 14 6 34 8 10
14 22 13 0 20 11 2
4 5 32 33 31 29 26
5 3 20 15 29 16 26
15 29 16 0 20 11 10
16 8 11 26 16 5 10
29 26 2 12 30 32 30
29 26 2 34 6 33 36
26 16 5 34 6 33 29
10 1 35 17 35 31 34
23 15 5 2 31 30 29
16 8 11 8 24 16 16
24 25 35 14 22 13 22
9 18 6 16 8 11 11
0 20 11 12 30 32 23
37 10 30 6 34 8 32
24 25 35 20 36 23 16
35 26 14 15 29 16 3
30 14 12 19 17 32 20
13 15 25 2 31 30 16
13 15 25 3 8 35 12
8 24 16 25 28 4 12
6 34 8 11 33 8 1
31 5 13 6 34 8 29
26 16 5 15 29 16 17
36 24 33 18 29 18 15
10 1 35 31 5 13 22
21 7 24 14 22 13 18
13 15 25 8 24 16 12
7 25 22 9 18 6 17
16 8 11 2 31 30 29
33 31 29 17 35 31 4
26 16 5 1 1 19 20
29 26 2 4 5 32 36
22 31 5 33 31 29 24
16 8 11 33 31 29 29
23 15 5 22 31 5 16
9 18 6 26 16 5 2
10 1 35 13 15 25 17
26 16 5 10 1 35 33
34 6 33 19 17 32 11
22 31 5 8 24 16 13
11 33 8 2 31 30 22
26 16 5 5 3 20 19
28 29 24 34 6 33 24
12 30 32 16 8 11 30
29 26 2 8 24 16 14
21 7 24 18 29 18 22
17 35 31 24 25 35 10
9 18 6 29 26 2 8
0 20 11 33 31 29 21
2 31 30 30 14 12 24
30 14 12 27 23 26 16
22 31 5 27 23 26 22
11 33 8 33 31 29 21
27 23 26 9 18 6 20
27 23 26 29 26 2 24
18 29 18 9 18 6 16
19 17 32 9 18 6 26
12 30 32 13 15 25 16
16 8 11 24 25 35 29
18 29 18 37 10 30 22
33 31 29 28 29 24 5
16 8 11 28 29 24 24
16 8 11 27 23 26 21
19 17 32 32 36 12 27
32 36 12 2 31 30 18
21 7 24 6 34 8 31
30 14 12 1 1 19 14
26 16 5 12 30 32 30
17 35 31 21 7 24 28
0 20 11 11 33 8 13
30 14 12 32 36 12 22
19 17 32 1 1 19 20
33 31 29 6 34 8 21
36 24 33 8 24 16 17
35 26 14 20 36 23 13
22 31 5 28 29 24 19
25 28 4 3 8 35 36
31 5 13 17 35 31 34
4 5 32 32 36 12 36
35 26 14 13 15 25 15
35 26 14 32 36 12 10
36 24 33 25 28 4 29
11 33 8 3 8 35 36
25 28 4 14 22 13 10
14 22 13 33 31 29 18
22 31 5 20 36 23 18
5 3 20 36 24 33 24
34 6 33 31 5 13 20
37 10 30 26 16 5 25
20 36 23 29 26 2 23
0 20 11 34 6 33 26
30 14 12 13 15 25 13
28 29 24 0 20 11 15
5 3 20 3 8 35 15
21 7 24 36 24 33 19
28 29 24 29 26 2 22
22 31 5 30 14 12 18
11 33 8 7 25 22 16
3 8 35 28 29 24 23
8 24 16 30 14 12 10
33 31 29 7 25 22 9
23 15 5 26 16 5 1
15 29 16 18 29 18 2
30 14 12 25 28 4 16
18 29 18 7 25 22 5
14 22 13 10 1 35 30
35 26 14 9 18 6 11
15 29 16 31 5 13 24
22 31 5 19 17 32 30
33 31 29 23 15 5 28
24 25 35 15 29 16 19
19 17 32 29 26 2 31
4 5 32 35 26 14 27
11 33 8 37 10 30 31
5 3 20 24 25 35 26
31 5 13 18 29 18 24
16 8 11 23 15 5 9
17 35 31 8 24 16 18
7 25 22 32 36 12 14
12 30 32 25 28 4 28
28 29 24 14 22 13 13
31 5 13 32 36 12 31
32 36 12 13 15 25 24
20 36 23 8 24 16 13
33 31 29 30 14 12 24
11 33 8 5 3 20 32
27 23 26 14 22 13 13
4 5 32 6 34 8 37
23 15 5 27 23 26 22
25 28 4 9 18 6 10
0 20 11 19 17 32 21
24 25 35 2 31 30 7
0 20 11 26 16 5 7
37 10 30 17 35 31 25
34 6 33 23 15 5 29
36 24 33 6 34 8 26
37 10 30 32 36 12 31
5 3 20 13 15 25 13
28 29 24 19 17 32 14
24 25 35 31 5 13 29
7 25 22 37 10 30 17
6 34 8 15 29 16 9
28 29 24 24 25 35 11
14 22 13 22 31 5 12
17 35 31 27 23 26 13
36 24 33 15 29 16 17
36 24 33 9 18 6 27
6 34 8 3 8 35 37
26 16 5 22 31 5 15
35 26 14 18 29 18 5
26 16 5 18 29 18 18
26 16 5 6 34 8 18
29 26 2 33 31 29 27
2 31 30 3 8 35 23
12 30 32 36 24 33 6
15 29 16 27 23 26 11
35 26 14 25 28 4 10
18 29 18 27 23 26 10
11 33 8 27 23 26 20
25 28 4 15 29 16 12
5 3 20 31 5 13 7
1 1 19 34 6 33 14
22 31 5 12 30 32 27
14 22 13 34 6 33 25
26 16 5 32 36 12 21
12 30 32 7 25 22 11
9 18 6 1 1 19 21
9 18 6 6 34 8 16
25 28 4 4 5 32 36
18 29 18 20 36 23 8
14 22 13 12 30 32 20
3 8 35 14 22 13 26
5 3 20 20 36 23 33
36 24 33 2 31 30 7
22 31 5 4 5 32 37
9 18 6 33 31 29 26
26 16 5 19 17 32 27
20 36 23 17 35 31 8
19 17 32 36 24 33 7
3 8 35 21 7 24 11
20 36 23 19 17 32 21
3 8 35 24 25 35 17
7 25 22 35 26 14 8
37 10 30 9 18 6 25
7 25 22 36 24 33 11
11 33 8 12 30 32 24
22 31 5 21 7 24 30
31 5 13 13 15 25 15
15 29 16 1 1 19 28
28 29 24 25 28 4 20
6 34 8 12 30 32 24
31 5 13 30 14 12 9
11 33 8 31 5 13 28
26 16 5 13 15 25 20
25 28 4 34 6 33 36
33 31 29 12 30 32 3
27 23 26 26 16 5 22
17 35 31 1 1 19 36
5 3 20 9 18 6 20
18 29 18 12 30 32 14
19 17 32 13 15 25 7
4 5 32 15 29 16 28
10 1 35 25 28 4 41
31 5 13 9 18 6 14
31 5 13 14 22 13 17
13 15 25 1 1 19 15
4 5 32 20 36 23 32
3 8 35 19 17 32 9
13 15 25 28 29 24 14
15 29 16 29 26 2 14
1 1 19 12 30 32 31
21 7 24 5 3 20 5
22 31 5 18 29 18 13
22 31 5 24 25 35 30
21 7 24 20 36 23 29
35 26 14 19 17 32 20
20 36 23 34 6 33 31
23 15 5 11 33 8 18
9 18 6 2 31 30 27
0 20 11 1 1 19 20
25 28 4 19 17 32 30
31 5 13 20 36 23 32
23 15 5 28 29 24 23
2 31 30 7 25 22 10
14 22 13 32 36 12 14
34 6 33 22 31 5 37
30 14 12 37 10 30 18
33 31 29 5 3 20 29
22 31 5 13 15 25 25
30 14 12 21 7 24 13
25 28 4 2 31 30 26
0 20 11 30 14 12 6
13 15 25 15 29 16 16
20 36 23 33 31 29 7
5 3 20 28 29 24 26
4 5 32 30 14 12 21
30 14 12 29 26 2 15
32 36 12 12 30 32 20
7 25 22 13 15 25 10
21 7 24 16 8 11 13
18 29 18 33 31 29 11
29 26 2 31 5 13 23
15 29 16 12 30 32 16
7 25 22 23 15 5 19
14 22 13 17 35 31 22
18 29 18 5 3 20 26
36 24 33 23 15 5 29
29 26 2 35 26 14 12
19 17 32 10 1 35 16
15 29 16 17 35 31 16
5 3 20 34 6 33 13
15 29 16 10 1 35 33
10 1 35 5 3 20 15
25 28 4 32 36 12 11
18 29 18 11 33 8 10
8 24 16 19 17 32 17
2 31 30 0 20 11 21
28 29 24 11 33 8 16
11 33 8 10 1 35 41
34 6 33 9 18 6 29
17 35 31 5 3 20 33
4 5 32 31 5 13 19
17 35 31 16 8 11 33
3 8 35 15 29 16 28
32 36 12 33 31 29 17
36 24 33 29 26 2 31
13 15 25 11 33 8 24
7 25 22 16 8 11 20
24 25 35 4 5 32 20
12 30 32 2 31 30 2
6 34 8 17 35 31 23
6 34 8 18 29 18 11
6 34 8 24 25 35 28
21 7 24 19 17 32 12
6 34 8 0 20 11 14
17 35 31 29 26 2 30
1 1 19 6 34 8 34
26 16 5 14 22 13 10
25 28 4 21 7 24 29
28 29 24 21 7 24 22
31 5 13 3 8 35 22
15 29 16 8 24 16 5
15 29 16 11 33 8 8
18 29 18 10 1 35 32
18 29 18 3 8 35 27
7 25 22 31 5 13 21
16 8 11 36 24 33 27
33 31 29 34 6 33 25
26 16 5 35 26 14 13
26 16 5 17 35 31 32
36 24 33 35 26 14 19
5 3 20 14 22 13 20
18 29 18 2 31 30 12
27 23 26 34 6 33 18
37 10 30 4 5 32 5
19 17 32 27 23 26 8
2 31 30 37 10 30 21
31 5 13 33 31 29 30
8 24 16 2 31 30 15
15 29 16 7 25 22 7
35 26 14 27 23 26 12
11 33 8 16 8 11 25
7 25 22 0 20 11 12
30 14 12 24 25 35 25
4 5 32 14 22 13 25
12 30 32 5 3 20 29
0 20 11 13 15 25 14
12 30 32 9 18 6 28
28 29 24 1 1 19 28
3 8 35 7 25 22 21
15 29 16 28 29 24 8
6 34 8 2 31 30 22
17 35 31 34 6 33 29
36 24 33 32 36 12 24
14 22 13 13 15 25 13
8 24 16 9 18 6 11
17 35 31 0 20 11 25
3 8 35 12 30 32 22
23 15 5 29 26 2 11
21 7 24 13 15 25 8
27 23 26 5 3 20 20
30 14 12 14 22 13 8
35 26 14 1 1 19 25
23 15 5 5 3 20 19
23 15 5 0 20 11 7
29 26 2 37 10 30 32
25 28 4 17 35 31 27
5 3 20 25 28 4 29
19 17 32 14 22 13 19
24 25 35 1 1 19 28
17 35 31 23 15 5 32
26 16 5 20 36 23 26
1 1 19 5 3 20 2
20 36 23 32 36 12 11
15 29 16 22 31 5 11
13 15 25 4 5 32 12
27 23 26 6 34 8 21
16 8 11 3 8 35 24
5 3 20 37 10 30 12
13 15 25 33 31 29 16
36 24 33 28 29 24 10
29 26 2 10 1 35 41
24 25 35 21 7 24 21
12 30 32 20 36 23 10
34 6 33 32 36 12 36
13 15 25 24 25 35 14
20 36 23 7 25 22 11
4 5 32 23 15 5 28
0 20 11 21 7 24 18
21 7 24 35 26 14 21
6 34 8 8 24 16 12
0 20 11 31 5 13 15
36 24 33 20 36 23 15
34 6 33 24 25 35 19
16 8 11 1 1 19 10
27 23 26 28 29 24 6
4 5 32 0 20 11 25
0 20 11 24 25 35 24
4 5 32 7 25 22 22
17 35 31 35 26 14 19
37 10 30 27 23 26 13
8 24 16 3 8 35 24
4 5 32 10 1 35 5
36 24 33 31 5 13 27
8 24 16 11 33 8 12
9 18 6 32 36 12 18
24 25 35 9 18 6 29
36 24 33 17 35 31 11
10 1 35 7 25 22 27
5 3 20 4 5 32 12
11 33 8 1 1 19 33
31 5 13 1 1 19 7
15 29 16 37 10 30 23
28 29 24 31 5 13 26
10 1 35 23 15 5 33
19 17 32 11 33 8 28
36 24 33 24 25 35 2
3 8 35 35 26 14 27
30 14 12 26 16 5 7
22 31 5 31 5 13 27
14 22 13 8 24 16 3
8 24 16 32 36 12 12
25 28 4 0 20 11 10
33 31 29 21 7 24 24
35 26 14 34 6 33 27
30 14 12 23 15 5 7
17 35 31 13 15 25 20
18 29 18 29 26 2 16
37 10 30 34 6 33 5
36 24 33 14 22 13 20
11 33 8 25 28 4 6
26 16 5 28 29 24 23
36 24 33 1 1 19 26
30 14 12 16 8 11 6
34 6 33 8 24 16 24
16 8 11 14 22 13 14
34 6 33 4 5 32 1
13 15 25 34 6 33 12
23 15 5 9 18 6 3
18 29 18 1 1 19 28
1 1 19 14 22 13 21
6 34 8 30 14 12 20
2 31 30 22 31 5 25
21 7 24 27 23 26 16
37 10 30 35 26 14 22
26 16 5 31 5 13 13
14 22 13 18 29 18 8
25 28 4 20 36 23 20
4 5 32 9 18 6 29
15 29 16 9 18 6 14
37 10 30 22 31 5 32
33 31 29 1 1 19 31
3 8 35 23 15 5 30
28 29 24 37 10 30 19
10 1 35 9 18 6 33
7 25 22 6 34 8 16
29 26 2 6 34 8 10
37 10 30 33 31 29 21
8 24 16 0 20 11 6
24 25 35 12 30 32 5
15 29 16 20 36 23 9
23 15 5 13 15 25 20
37 10 30 10 1 35 10
13 15 25 18 29 18 15
24 25 35 18 29 18 17
29 26 2 22 31 5 5
9 18 6 14 22 13 8
37 10 30 16 8 11 19
12 30 32 17 35 31 5
5 3 20 6 34 8 33
10 1 35 16 8 11 25
29 26 2 26 16 5 10
17 35 31 28 29 24 9
3 8 35 10 1 35 7
32 36 12 23 15 5 22
22 31 5 5 3 20 31
27 23 26 4 5 32 18
23 15 5 20 36 23 27
10 1 35 34 6 33 5
34 6 33 30 14 12 22
8 24 16 35 26 14 2
16 8 11 15 29 16 21
21 7 24 10 1 35 12
18 29 18 17 35 31 14
10 1 35 35 26 14 32
19 17 32 33 31 29 14
37 10 30 36 24 33 14
0 20 11 20 36 23 20
23 15 5 18 29 18 19
11 33 8 20 36 23 15
36 24 33 0 20 11 22
15 29 16 32 36 12 8
28 29 24 20 36 23 7
37 10 30 25 28 4 31
16 8 11 31 5 13 3
8 24 16 28 29 24 9
15 29 16 21 7 24 23
11 33 8 35 26 14 9
22 31 5 32 36 12 8
16 8 11 5 3 20 10
21 7 24 7 25 22 18
37 10 30 14 22 13 20
19 17 32 7 25 22 12
9 18 6 28 29 24 21
18 29 18 8 24 16 5
12 30 32 4 5 32 25
6 34 8 34 6 33 37
20 36 23 30 14 12 24
7 25 22 24 25 35 13
1 1 19 8 24 16 23
34 6 33 36 24 33 18
33 31 29 2 31 30 1
19 17 32 5 3 20 18
21 7 24 1 1 19 7
23 15 5 21 7 24 20
14 22 13 29 26 2 11
9 18 6 0 20 11 5
35 26 14 23 15 5 14
2 31 30 4 5 32 26
31 5 13 27 23 26 22
34 6 33 2 31 30 25
21 7 24 31 5 13 11
6 34 8 28 29 24 16
21 7 24 32 36 12 31
4 5 32 17 35 31 30
27 23 26 1 1 19 23
35 26 14 24 25 35 21
14 22 13 35 26 14 4
0 20 11 35 26 14 6
16 8 11 6 34 8 26
26 16 5 4 5 32 29
19 17 32 23 15 5 27
32 36 12 29 26 2 14
5 3 20 30 14 12 13
3 8 35 20 36 23 30
27 23 26 3 8 35 17
35 26 14 2 31 30 16
23 15 5 14 22 13 10
24 25 35 19 17 32 8
19 17 32 2 31 30 14
31 5 13 8 24 16 19
6 34 8 23 15 5 19
29 26 2 11 33 8 9
0 20 11 10 1 35 30
6 34 8 25 28 4 7
33 31 29 26 16 5 28
27 23 26 36 24 33 7
15 29 16 33 31 29 13
32 36 12 28 29 24 13
3 8 35 30 14 12 23
22 31 5 11 33 8 3
32 36 12 11 33 8 5
2 31 30 27 23 26 8
6 34 8 20 36 23 15
21 7 24 29 26 2 29
2 31 30 15 29 16 14
2 31 30 5 3 20 29
4 5 32 36 24 33 19
16 8 11 35 26 14 18
4 5 32 28 29 24 25
8 24 16 23 15 5 14
36 24 33 26 16 5 29
31 5 13 37 10 30 17
8 24 16 27 23 26 10
12 30 32 34 6 33 24
6 34 8 32 36 12 4
37 10 30 20 36 23 26
7 25 22 30 14 12 14
0 20 11 27 23 26 15
2 31 30 20 36 23 8
22 31 5 7 25 22 18
10 1 35 20 36 23 37
22 31 5 17 35 31 26