33 528
12 26 9 14 20 5 7
14 20 5 24 15 21 16
13 22 19 6 28 20 6
11 31 24 5 10 8 26
27 28 30 2 4 7 33
1 10 19 16 14 22 5
31 32 19 30 15 12 18
15 10 18 8 22 22 12
9 11 21 14 20 5 18
3 24 15 14 20 5 10
13 22 19 4 2 18 20
3 24 15 9 11 21 14
7 4 29 11 31 24 27
6 28 20 27 28 30 10
26 31 19 0 13 18 18
25 16 32 32 21 11 21
1 10 19 12 26 9 18
19 12 17 6 28 20 16
14 20 5 29 5 29 28
9 11 21 25 16 32 12
27 28 30 32 21 11 20
2 4 7 14 20 5 16
2 4 7 20 29 12 25
3 24 15 23 13 13 11
10 18 8 17 30 13 13
12 26 9 7 4 29 29
16 14 22 22 2 30 14
19 12 17 8 22 22 11
21 12 26 16 14 22 4
8 22 22 29 5 29 18
3 24 15 17 30 13 6
23 13 13 28 11 29 16
0 13 18 30 15 12 6
20 29 12 29 5 29 29
29 5 29 32 21 11 24
4 2 18 12 26 9 25
10 18 8 25 16 32 24
12 26 9 19 12 17 16
14 20 5 21 12 26 22
13 22 19 15 10 18 12
2 4 7 3 24 15 21
24 15 21 23 13 13 8
5 10 8 12 26 9 16
30 15 12 24 15 21 9
5 10 8 13 22 19 16
0 13 18 4 2 18 11
11 31 24 14 20 5 21
27 28 30 1 10 19 21
32 21 11 22 2 30 26
20 29 12 17 30 13 1
26 31 19 21 12 26 20
31 32 19 2 4 7 30
19 12 17 2 4 7 12
2 4 7 16 14 22 18
21 12 26 29 5 29 7
26 31 19 32 21 11 12
5 10 8 4 2 18 12
31 32 19 14 20 5 18
19 12 17 29 5 29 13
12 26 9 29 5 29 29
27 28 30 26 31 19 11
13 22 19 31 32 19 10
26 31 19 3 24 15 8
20 29 12 31 32 19 7
11 31 24 19 12 17 20
7 4 29 23 13 13 18
22 2 30 13 22 19 22
32 21 11 19 12 17 10
27 28 30 20 29 12 18
7 4 29 14 20 5 28
26 31 19 10 18 8 17
11 31 24 24 15 21 16
8 22 22 20 29 12 12
21 12 26 12 26 9 22
12 26 9 2 4 7 22
7 4 29 19 12 17 14
3 24 15 0 13 18 11
12 26 9 6 28 20 11
13 22 19 9 11 21 11
17 30 13 4 2 18 28
13 22 19 27 28 30 12
25 16 32 24 15 21 11
22 2 30 17 30 13 32
22 2 30 15 10 18 14
18 4 8 30 15 12 11
26 31 19 14 20 5 17
3 24 15 4 2 18 22
22 2 30 18 4 8 22
2 4 7 29 5 29 22
28 11 29 19 12 17 12
29 5 29 22 2 30 3
0 13 18 12 26 9 15
11 31 24 13 22 19 10
18 4 8 16 14 22 17
28 11 29 11 31 24 20
24 15 21 1 10 19 5
18 4 8 20 29 12 25
7 4 29 2 4 7 22
6 28 20 8 22 22 6
22 2 30 0 13 18 16
30 15 12 11 31 24 20
12 26 9 27 28 30 21
2 4 7 11 31 24 31
2 4 7 22 2 30 23
28 11 29 16 14 22 7
27 28 30 5 10 8 28
14 20 5 0 13 18 14
17 30 13 7 4 29 30
15 10 18 1 10 19 1
1 10 19 11 31 24 21
0 13 18 17 30 13 17
8 22 22 17 30 13 12
20 29 12 4 2 18 27
12 26 9 8 22 22 13
31 32 19 21 12 26 21
13 22 19 17 30 13 10
29 5 29 26 31 19 27
18 4 8 15 10 18 11
32 21 11 17 30 13 9
13 22 19 29 5 29 19
6 28 20 24 15 21 13
15 10 18 10 18 8 12
8 22 22 23 13 13 12
5 10 8 14 20 5 10
18 4 8 29 5 29 21
16 14 22 0 13 18 4
8 22 22 1 10 19 12
5 10 8 31 32 19 24
13 22 19 28 11 29 14
12 26 9 15 10 18 18
4 2 18 16 14 22 12
21 12 26 1 10 19 7
0 13 18 27 28 30 19
18 4 8 10 18 8 14
28 11 29 24 15 21 8
17 30 13 23 13 13 17
22 2 30 10 18 8 27
32 21 11 8 22 22 11
11 31 24 22 2 30 29
4 2 18 18 4 8 10
30 15 12 5 10 8 6
5 10 8 28 11 29 21
1 10 19 0 13 18 3
10 18 8 12 26 9 8
18 4 8 17 30 13 26
30 15 12 6 28 20 15
4 2 18 30 15 12 14
23 13 13 21 12 26 13
30 15 12 12 26 9 11
12 26 9 20 29 12 4
18 4 8 6 28 20 26
9 11 21 10 18 8 14
9 11 21 15 10 18 3
32 21 11 30 15 12 6
20 29 12 32 21 11 8
4 2 18 2 4 7 11
28 11 29 21 12 26 3
11 31 24 25 16 32 17
27 28 30 3 24 15 15
24 15 21 21 12 26 5
8 22 22 10 18 8 14
0 13 18 8 22 22 9
29 5 29 1 10 19 11
23 13 13 27 28 30 22
16 14 22 29 5 29 11
9 11 21 17 30 13 20
6 28 20 29 5 29 24
18 4 8 28 11 29 22
6 28 20 15 10 18 18
19 12 17 9 11 21 4
1 10 19 32 21 11 13
11 31 24 23 13 13 21
7 4 29 5 10 8 21
29 5 29 10 18 8 24
12 26 9 26 31 19 11
23 13 13 13 22 19 10
32 21 11 0 13 18 10
4 2 18 11 31 24 29
10 18 8 13 22 19 11
9 11 21 2 4 7 15
28 11 29 14 20 5 25
7 4 29 6 28 20 25
24 15 21 19 12 17 5
30 15 12 27 28 30 22
22 2 30 14 20 5 30
10 18 8 28 11 29 22
2 4 7 24 15 21 17
18 4 8 1 10 19 12
3 24 15 6 28 20 6
6 28 20 28 11 29 19
17 30 13 2 4 7 26
22 2 30 9 11 21 12
16 14 22 13 22 19 8
20 29 12 6 28 20 8
17 30 13 27 28 30 17
22 2 30 4 2 18 12
1 10 19 22 2 30 13
28 11 29 25 16 32 5
29 5 29 25 16 32 11
16 14 22 17 30 13 18
12 26 9 23 13 13 13
30 15 12 21 12 26 14
20 29 12 13 22 19 9
1 10 19 31 32 19 22
13 22 19 0 13 18 9
22 2 30 12 26 9 31
23 13 13 30 15 12 2
18 4 8 19 12 17 12
23 13 13 25 16 32 19
25 16 32 3 24 15 18
30 15 12 3 24 15 9
22 2 30 8 22 22 21
25 16 32 17 30 13 23
10 18 8 3 24 15 9
2 4 7 5 10 8 6
24 15 21 13 22 19 7
23 13 13 0 13 18 5
19 12 17 31 32 19 20
31 32 19 18 4 8 30
30 15 12 10 18 8 5
26 31 19 28 11 29 22
22 2 30 6 28 20 27
18 4 8 32 21 11 17
7 4 29 31 32 19 29
30 15 12 17 30 13 15
26 31 19 19 12 17 19
16 14 22 10 18 8 14
25 16 32 4 2 18 19
27 28 30 8 22 22 10
14 20 5 27 28 30 26
24 15 21 9 11 21 4
18 4 8 27 28 30 32
18 4 8 23 13 13 10
2 4 7 28 11 29 23
32 21 11 16 14 22 13
3 24 15 31 32 19 8
8 22 22 30 15 12 12
14 20 5 6 28 20 17
21 12 26 27 28 30 16
3 24 15 7 4 29 24
15 10 18 11 31 24 21
15 10 18 14 20 5 16
0 13 18 15 10 18 3
28 11 29 0 13 18 11
24 15 21 22 2 30 15
7 4 29 16 14 22 12
32 21 11 13 22 19 8
19 12 17 20 29 12 17
14 20 5 10 18 8 3
17 30 13 15 10 18 20
4 2 18 1 10 19 8
30 15 12 22 2 30 22
27 28 30 4 2 18 28
8 22 22 28 11 29 13
0 13 18 18 4 8 13
18 4 8 25 16 32 26
4 2 18 7 4 29 11
29 5 29 15 10 18 12
25 16 32 2 4 7 27
8 22 22 25 16 32 11
15 10 18 3 24 15 14
20 29 12 23 13 13 16
1 10 19 3 24 15 14
24 15 21 20 29 12 16
10 18 8 24 15 21 13
21 12 26 3 24 15 16
30 15 12 1 10 19 8
29 5 29 23 13 13 17
25 16 32 5 10 8 24
31 32 19 23 13 13 19
26 31 19 5 10 8 23
15 10 18 19 12 17 2
30 15 12 29 5 29 19
0 13 18 29 5 29 13
16 14 22 25 16 32 10
14 20 5 20 29 12 11
3 24 15 20 29 12 5
28 11 29 32 21 11 20
6 28 20 23 13 13 16
5 10 8 32 21 11 11
3 24 15 16 14 22 12
27 28 30 19 12 17 20
23 13 13 5 10 8 5
10 18 8 0 13 18 11
11 31 24 32 21 11 16
30 15 12 26 31 19 17
7 4 29 27 28 30 24
3 24 15 22 2 30 26
21 12 26 11 31 24 19
26 31 19 25 16 32 19
5 10 8 22 2 30 23
7 4 29 21 12 26 8
13 22 19 14 20 5 14
18 4 8 13 22 19 21
16 14 22 5 10 8 14
18 4 8 7 4 29 21
16 14 22 20 29 12 18
16 14 22 27 28 30 16
0 13 18 25 16 32 14
25 16 32 14 20 5 27
15 10 18 31 32 19 22
10 18 8 32 21 11 4
2 4 7 32 21 11 17
10 18 8 31 32 19 17
23 13 13 1 10 19 6
32 21 11 6 28 20 11
17 30 13 19 12 17 18
28 11 29 12 26 9 25
14 20 5 30 15 12 8
14 20 5 17 30 13 12
8 22 22 21 12 26 10
6 28 20 31 32 19 4
27 28 30 10 18 8 24
20 29 12 22 2 30 32
26 31 19 20 29 12 7
18 4 8 8 22 22 22
4 2 18 15 10 18 8
1 10 19 2 4 7 13
5 10 8 9 11 21 13
1 10 19 14 20 5 17
18 4 8 2 4 7 1
23 13 13 14 20 5 10
4 2 18 6 28 20 26
19 12 17 10 18 8 10
21 12 26 25 16 32 7
9 11 21 29 5 29 10
31 32 19 22 2 30 31
1 10 19 26 31 19 21
19 12 17 0 13 18 1
11 31 24 31 32 19 5
16 14 22 12 26 9 17
21 12 26 5 10 8 18
1 10 19 10 18 8 13
10 18 8 6 28 20 15
25 16 32 6 28 20 16
25 16 32 1 10 19 14
9 11 21 27 28 30 19
17 30 13 24 15 21 17
32 21 11 9 11 21 14
1 10 19 28 11 29 10
29 5 29 28 11 29 6
18 4 8 14 20 5 16
9 11 21 18 4 8 14
12 26 9 18 4 8 22
28 11 29 3 24 15 19
11 31 24 8 22 22 9
15 10 18 24 15 21 5
4 2 18 29 5 29 11
16 14 22 26 31 19 17
10 18 8 21 12 26 18
6 28 20 17 30 13 7
11 31 24 29 5 29 26
15 10 18 30 15 12 7
16 14 22 23 13 13 9
15 10 18 28 11 29 11
30 15 12 20 29 12 14
19 12 17 1 10 19 2
26 31 19 22 2 30 31
19 12 17 23 13 13 4
17 30 13 29 5 29 29
0 13 18 31 32 19 19
31 32 19 24 15 21 17
5 10 8 6 28 20 21
8 22 22 16 14 22 8
9 11 21 28 11 29 8
13 22 19 7 4 29 20
20 29 12 10 18 8 11
26 31 19 4 2 18 29
12 26 9 11 31 24 15
21 12 26 15 10 18 8
11 31 24 18 4 8 31
8 22 22 13 22 19 3
26 31 19 13 22 19 9
13 22 19 30 15 12 9
7 4 29 26 31 19 28
31 32 19 4 2 18 30
13 22 19 1 10 19 12
21 12 26 0 13 18 8
32 21 11 21 12 26 17
14 20 5 32 21 11 6
31 32 19 28 11 29 23
30 15 12 25 16 32 20
13 22 19 12 26 9 10
25 16 32 27 28 30 12
24 15 21 12 26 9 16
16 14 22 24 15 21 1
27 28 30 24 15 21 15
10 18 8 4 2 18 18
22 2 30 28 11 29 9
22 2 30 25 16 32 14
31 32 19 9 11 21 21
4 2 18 28 11 29 14
4 2 18 8 22 22 20
0 13 18 11 31 24 18
15 10 18 32 21 11 13
3 24 15 12 26 9 6
4 2 18 14 20 5 22
18 4 8 21 12 26 19
5 10 8 19 12 17 9
26 31 19 15 10 18 21
17 30 13 11 31 24 11
6 28 20 21 12 26 17
16 14 22 14 20 5 18
4 2 18 24 15 21 13
10 18 8 7 4 29 25
24 15 21 18 4 8 17
22 2 30 21 12 26 10
2 4 7 0 13 18 14
25 16 32 7 4 29 12
23 13 13 26 31 19 18
19 12 17 14 20 5 14
5 10 8 0 13 18 10
5 10 8 24 15 21 13
15 10 18 2 4 7 12
5 10 8 1 10 19 11
26 31 19 2 4 7 29
8 22 22 2 4 7 23
7 4 29 0 13 18 14
5 10 8 8 22 22 18
14 20 5 8 22 22 17
32 21 11 24 15 21 11
21 12 26 20 29 12 22
24 15 21 0 13 18 3
16 14 22 11 31 24 17
6 28 20 2 4 7 27
31 32 19 26 31 19 1
23 13 13 2 4 7 10
1 10 19 7 4 29 11
8 22 22 31 32 19 10
7 4 29 15 10 18 12
3 24 15 5 10 8 15
17 30 13 12 26 9 5
31 32 19 25 16 32 20
3 24 15 18 4 8 21
15 10 18 20 29 12 19
7 4 29 9 11 21 10
8 22 22 3 24 15 7
9 11 21 23 13 13 8
20 29 12 7 4 29 30
9 11 21 8 22 22 11
28 11 29 17 30 13 24
22 2 30 19 12 17 16
27 28 30 31 32 19 11
21 12 26 4 2 18 12
13 22 19 3 24 15 4
16 14 22 15 10 18 5
4 2 18 32 21 11 20
9 11 21 6 28 20 17
8 22 22 24 15 21 7
9 11 21 11 31 24 20
16 14 22 31 32 19 18
28 11 29 7 4 29 7
31 32 19 29 5 29 28
31 32 19 12 26 9 11
11 31 24 10 18 8 20
9 11 21 26 31 19 20
27 28 30 28 11 29 17
23 13 13 15 10 18 5
23 13 13 22 2 30 20
29 5 29 24 15 21 12
9 11 21 0 13 18 3
29 5 29 7 4 29 1
25 16 32 20 29 12 23
16 14 22 6 28 20 14
20 29 12 9 11 21 20
6 28 20 0 13 18 15
5 10 8 15 10 18 10
27 28 30 29 5 29 23
11 31 24 3 24 15 11
15 10 18 25 16 32 15
10 18 8 5 10 8 8
26 31 19 17 30 13 6
28 11 29 20 29 12 24
30 15 12 7 4 29 20
24 15 21 26 31 19 16
22 2 30 7 4 29 2
26 31 19 18 4 8 29
11 31 24 6 28 20 5
17 30 13 5 10 8 20
31 32 19 32 21 11 13
26 31 19 8 22 22 9
21 12 26 17 30 13 22
9 11 21 16 14 22 3
6 28 20 1 10 19 18
23 13 13 4 2 18 12
24 15 21 3 24 15 10
9 11 21 12 26 9 19
23 13 13 32 21 11 8
17 30 13 31 32 19 6
30 15 12 19 12 17 5
2 4 7 21 12 26 20
1 10 19 17 30 13 20
20 29 12 5 10 8 19
0 13 18 20 29 12 17
26 31 19 6 28 20 3
23 13 13 10 18 8 7
27 28 30 15 10 18 21
29 5 29 5 10 8 21
7 4 29 8 22 22 19
13 22 19 19 12 17 10
9 11 21 4 2 18 9
1 10 19 9 11 21 2
3 24 15 32 21 11 5
16 14 22 19 12 17 5
22 2 30 27 28 30 26
32 21 11 7 4 29 24
11 31 24 27 28 30 6
19 12 17 4 2 18 10
16 14 22 30 15 12 10
26 31 19 11 31 24 5
12 26 9 25 16 32 25
2 4 7 13 22 19 21
2 4 7 10 18 8 14
30 15 12 9 11 21 9
5 10 8 18 4 8 6
30 15 12 2 4 7 12
12 26 9 32 21 11 5
24 15 21 7 4 29 13
20 29 12 1 10 19 20
25 16 32 13 22 19 14
19 12 17 21 12 26 9
13 22 19 21 12 26 12
9 11 21 21 12 26 5
19 12 17 25 16 32 15
3 24 15 29 5 29 23
20 29 12 11 31 24 12
28 11 29 30 15 12 17
3 24 15 19 12 17 12