19 171
8 5 3 14 7 8 5
9 11 1 1 6 12 12
13 8 10 15 3 0 11
18 2 14 6 10 16 8
13 8 10 6 10 16 6
1 6 12 7 5 18 6
16 8 16 18 2 14 6
16 8 16 10 8 17 1
13 8 10 0 10 0 10
0 10 0 8 5 3 5
5 1 9 18 2 14 5
13 8 10 3 6 15 5
12 6 9 6 10 16 8
3 6 15 16 8 16 2
10 8 17 6 10 16 2
1 6 12 5 1 9 5
2 10 13 3 6 15 4
18 2 14 14 7 8 7
15 3 0 2 10 13 14
9 11 1 2 10 13 12
3 6 15 15 3 0 15
5 1 9 2 10 13 9
4 17 14 7 5 18 12
8 5 3 16 8 16 13
7 5 18 18 2 14 5
6 10 16 15 3 0 17
16 8 16 0 10 0 16
3 6 15 1 6 12 3
0 10 0 1 6 12 12
8 5 3 6 10 16 13
13 8 10 7 5 18 8
7 5 18 15 3 0 18
4 17 14 12 6 9 12
11 8 9 0 10 0 9
0 10 0 3 6 15 15
17 1 8 1 6 12 6
15 3 0 11 8 9 10
17 1 8 2 10 13 10
11 8 9 9 11 1 8
3 6 15 7 5 18 3
14 7 8 3 6 15 7
17 1 8 13 8 10 7
14 7 8 4 17 14 11
18 2 14 0 10 0 16
6 10 16 5 1 9 11
10 8 17 11 8 9 8
10 8 17 9 11 1 16
12 6 9 13 8 10 2
12 6 9 10 8 17 8
15 3 0 8 5 3 3
18 2 14 4 17 14 15
1 6 12 13 8 10 2
10 8 17 3 6 15 2
11 8 9 17 1 8 7
8 5 3 9 11 1 6
9 11 1 7 5 18 18
2 10 13 6 10 16 3
14 7 8 2 10 13 5
16 8 16 7 5 18 3
5 1 9 7 5 18 9
14 7 8 17 1 8 6
12 6 9 7 5 18 9
10 8 17 0 10 0 17
8 5 3 4 17 14 16
3 6 15 17 1 8 8
9 11 1 16 8 16 15
10 8 17 18 2 14 6
4 17 14 1 6 12 11
4 17 14 13 8 10 9
8 5 3 10 8 17 14
17 1 8 10 8 17 11
15 3 0 1 6 12 12
14 7 8 12 6 9 1
12 6 9 17 1 8 5
8 5 3 7 5 18 15
2 10 13 0 10 0 13
5 1 9 12 6 9 5
1 6 12 10 8 17 5
0 10 0 14 7 8 8
11 8 9 16 8 16 7
18 2 14 12 6 9 6
2 10 13 1 6 12 4
5 1 9 15 3 0 9
4 17 14 5 1 9 16
8 5 3 13 8 10 7
5 1 9 10 8 17 10
3 6 15 9 11 1 14
8 5 3 12 6 9 6
7 5 18 10 8 17 3
2 10 13 7 5 18 7
8 5 3 18 2 14 11
11 8 9 7 5 18 9
2 10 13 13 8 10 3
4 17 14 9 11 1 14
7 5 18 0 10 0 18
4 17 14 3 6 15 11
10 8 17 4 17 14 9
6 10 16 4 17 14 7
15 3 0 17 1 8 8
16 8 16 4 17 14 9
14 7 8 6 10 16 8
6 10 16 0 10 0 16
6 10 16 17 1 8 12
2 10 13 8 5 3 11
2 10 13 12 6 9 5
1 6 12 12 6 9 3
13 8 10 9 11 1 9
12 6 9 16 8 16 7
10 8 17 2 10 13 4
14 7 8 15 3 0 8
8 5 3 17 1 8 6
13 8 10 11 8 9 1
16 8 16 17 1 8 10
1 6 12 14 7 8 4
17 1 8 9 11 1 12
18 2 14 15 3 0 14
9 11 1 0 10 0 1
11 8 9 3 6 15 6
16 8 16 1 6 12 4
17 1 8 5 1 9 1
9 11 1 14 7 8 8
16 8 16 14 7 8 8
9 11 1 6 10 16 15
4 17 14 0 10 0 15
0 10 0 5 1 9 12
13 8 10 16 8 16 6
18 2 14 2 10 13 8
12 6 9 15 3 0 9
11 8 9 8 5 3 6
11 8 9 2 10 13 4
6 10 16 16 8 16 2
11 8 9 4 17 14 10
1 6 12 18 2 14 4
14 7 8 7 5 18 10
5 1 9 8 5 3 7
9 11 1 5 1 9 12
1 6 12 11 8 9 3
5 1 9 11 8 9 7
18 2 14 13 8 10 7
3 6 15 5 1 9 7
13 8 10 14 7 8 2
9 11 1 15 3 0 8
10 8 17 13 8 10 7
1 6 12 6 10 16 5
11 8 9 14 7 8 1
0 10 0 15 3 0 7
17 1 8 4 17 14 17
8 5 3 1 6 12 9
16 8 16 15 3 0 16
9 11 1 18 2 14 15
15 3 0 10 8 17 17
7 5 18 6 10 16 5
2 10 13 4 17 14 7
3 6 15 6 10 16 4
5 1 9 14 7 8 6
6 10 16 11 8 9 7
0 10 0 12 6 9 9
5 1 9 16 8 16 9
14 7 8 10 8 17 9
15 3 0 4 17 14 19
8 5 3 3 6 15 12
16 8 16 2 10 13 3
7 5 18 17 1 8 10
18 2 14 11 8 9 7
11 8 9 12 6 9 2
9 11 1 12 6 9 9
0 10 0 17 1 8 12
13 8 10 5 1 9 7
18 2 14 17 1 8 6
3 6 15 18 2 14 4
12 6 9 3 6 15 6