47 1081
14 4 1 31 33 27 38
37 33 32 22 7 1 40
34 0 28 37 33 32 33
1 41 34 25 22 28 19
39 7 25 37 33 32 26
24 30 9 32 5 6 25
46 1 46 25 22 28 27
12 8 41 24 30 9 38
13 32 23 31 33 27 4
43 0 9 20 33 30 39
5 32 11 20 33 30 19
12 8 41 36 20 2 40
46 1 46 9 10 25 22
6 38 38 21 2 6 48
31 33 27 28 5 26 28
27 30 12 26 21 24 15
46 1 46 5 32 11 46
20 33 30 0 29 43 13
44 21 20 19 36 33 19
24 30 9 41 41 7 11
36 20 2 30 25 33 31
35 0 13 36 20 2 22
43 0 9 18 10 17 12
20 33 30 36 20 2 30
35 0 13 33 30 35 37
38 42 26 20 33 30 9
3 37 25 28 5 26 32
18 10 17 42 22 15 12
9 10 25 17 26 38 20
21 2 6 24 30 9 28
9 10 25 8 31 45 29
1 41 34 14 4 1 49
17 26 38 38 42 26 20
34 0 28 26 21 24 21
25 22 28 30 25 33 5
46 1 46 31 33 27 37
8 31 45 36 20 2 44
9 10 25 7 2 32 10
9 10 25 2 8 34 9
6 38 38 32 5 6 45
41 41 7 1 41 34 27
16 16 20 9 10 25 7
15 43 9 16 16 20 29
44 21 20 10 2 10 21
2 8 34 45 35 13 34
7 2 32 42 22 15 26
17 26 38 32 5 6 38
35 0 13 43 0 9 4
20 33 30 17 26 38 10
27 30 12 10 2 10 28
16 16 20 33 30 35 20
22 7 1 38 42 26 43
24 30 9 20 33 30 21
36 20 2 18 10 17 18
26 21 24 33 30 35 14
26 21 24 4 46 29 25
29 4 10 36 20 2 17
23 1 27 12 8 41 15
1 41 34 21 2 6 48
33 30 35 14 4 1 42
0 29 43 33 30 35 8
45 35 13 6 38 38 25
28 5 26 20 33 30 28
35 0 13 37 33 32 38
23 1 27 18 10 17 13
7 2 32 20 33 30 31
16 16 20 13 32 23 16
29 4 10 9 10 25 16
33 30 35 40 26 39 5
45 35 13 42 22 15 13
21 2 6 31 33 27 37
22 7 1 46 1 46 45
14 4 1 24 30 9 27
16 16 20 11 20 44 24
30 25 33 15 43 9 30
41 41 7 19 36 33 26
33 30 35 44 21 20 17
1 41 34 42 22 15 26
44 21 20 21 2 6 23
0 29 43 36 20 2 41
15 43 9 4 46 29 20
0 29 43 32 5 6 44
39 7 25 15 43 9 39
46 1 46 19 36 33 37
25 22 28 7 2 32 20
38 42 26 33 30 35 15
19 36 33 37 33 32 3
38 42 26 2 8 34 34
18 10 17 41 41 7 32
44 21 20 18 10 17 11
26 21 24 46 1 46 29
36 20 2 31 33 27 28
39 7 25 9 10 25 3
37 33 32 45 35 13 19
46 1 46 17 26 38 26
38 42 26 42 22 15 22
44 21 20 24 30 9 14
36 20 2 45 35 13 18
29 4 10 21 2 6 4
27 30 12 45 35 13 5
26 21 24 2 8 34 16
16 16 20 17 26 38 20
28 5 26 42 22 15 20
39 7 25 34 0 28 7
6 38 38 10 2 10 45
15 43 9 43 0 9 43
13 32 23 20 33 30 7
32 5 6 22 7 1 5
36 20 2 33 30 35 34
15 43 9 10 2 10 41
8 31 45 40 26 39 7
25 22 28 19 36 33 14
25 22 28 32 5 6 27
8 31 45 13 32 23 22
31 33 27 22 7 1 36
37 33 32 5 32 11 21
30 25 33 20 33 30 8
23 1 27 2 8 34 9
15 43 9 27 30 12 13
9 10 25 12 8 41 16
13 32 23 43 0 9 34
40 26 39 22 7 1 42
26 21 24 17 26 38 14
37 33 32 24 30 9 23
10 2 10 38 42 26 43
21 2 6 45 35 13 33
29 4 10 17 26 38 35
21 2 6 39 7 25 19
8 31 45 24 30 9 36
27 30 12 7 2 32 34
18 10 17 25 22 28 16
35 0 13 38 42 26 43
10 2 10 30 25 33 32
45 35 13 30 25 33 22
27 30 12 37 33 32 20
35 0 13 5 32 11 32
25 22 28 20 33 30 11
23 1 27 46 1 46 19
26 21 24 22 7 1 26
10 2 10 14 4 1 9
10 2 10 39 7 25 15
5 32 11 3 37 25 14
17 26 38 42 22 15 23
16 16 20 41 41 7 28
14 4 1 8 31 45 51
19 36 33 5 32 11 22
45 35 13 20 33 30 17
24 30 9 19 36 33 24
27 30 12 13 32 23 11
22 7 1 17 26 38 41
2 8 34 41 41 7 42
10 2 10 24 30 9 28
31 33 27 26 21 24 12
43 0 9 7 2 32 23
6 38 38 16 16 20 28
3 37 25 21 2 6 39
19 36 33 29 4 10 39
31 33 27 11 20 44 21
36 20 2 46 1 46 47
7 2 32 30 25 33 23
43 0 9 9 10 25 18
36 20 2 10 2 10 19
15 43 9 44 21 20 24
33 30 35 3 37 25 12
38 42 26 8 31 45 21
37 33 32 23 1 27 32
21 2 6 35 0 13 7
31 33 27 0 29 43 16
32 5 6 44 21 20 21
33 30 35 27 30 12 23
22 7 1 4 46 29 48
14 4 1 43 0 9 8
37 33 32 14 4 1 42
31 33 27 17 26 38 13
12 8 41 34 0 28 15
2 8 34 32 5 6 28
20 33 30 18 10 17 26
0 29 43 46 1 46 28
22 7 1 20 33 30 38
6 38 38 19 36 33 5
14 4 1 2 8 34 33
42 22 15 2 8 34 23
5 32 11 6 38 38 27
43 0 9 19 36 33 43
14 4 1 20 33 30 41
22 7 1 16 16 20 21
15 43 9 26 21 24 26
30 25 33 46 1 46 27
36 20 2 23 1 27 31
4 46 29 3 37 25 9
2 8 34 13 32 23 26
10 2 10 23 1 27 17
42 22 15 12 8 41 29
33 30 35 39 7 25 25
15 43 9 41 41 7 2
22 7 1 30 25 33 36
23 1 27 14 4 1 26
4 46 29 40 26 39 22
35 0 13 8 31 45 44
16 16 20 1 41 34 28
31 33 27 41 41 7 21
29 4 10 39 7 25 15
8 31 45 30 25 33 13
6 38 38 37 33 32 7
8 31 45 43 0 9 47
14 4 1 9 10 25 24
4 46 29 12 8 41 39
26 21 24 18 10 17 13
4 46 29 24 30 9 25
22 7 1 15 43 9 36
30 25 33 9 10 25 17
30 25 33 11 20 44 12
13 32 23 34 0 28 32
29 4 10 5 32 11 28
44 21 20 12 8 41 24
30 25 33 18 10 17 21
28 5 26 43 0 9 17
40 26 39 24 30 9 30
10 2 10 25 22 28 26
13 32 23 9 10 25 22
14 4 1 42 22 15 22
38 42 26 11 20 44 28
26 21 24 0 29 43 20
25 22 28 0 29 43 16
3 37 25 43 0 9 40
34 0 28 6 38 38 39
44 21 20 41 41 7 23
0 29 43 9 10 25 26
6 38 38 15 43 9 29
29 4 10 20 33 30 35
3 37 25 46 1 46 41
10 2 10 1 41 34 45
12 8 41 41 41 7 47
26 21 24 16 16 20 6
0 29 43 8 31 45 2
17 26 38 10 2 10 36
34 0 28 5 32 11 36
14 4 1 29 4 10 9
13 32 23 0 29 43 20
7 2 32 44 21 20 22
10 2 10 37 33 32 38
3 37 25 45 35 13 12
25 22 28 23 1 27 21
32 5 6 18 10 17 12
17 26 38 11 20 44 8
10 2 10 19 36 33 41
7 2 32 10 2 10 22
28 5 26 8 31 45 32
13 32 23 44 21 20 11
14 4 1 12 8 41 40
11 20 44 32 5 6 40
29 4 10 8 31 45 44
43 0 9 31 33 27 37
30 25 33 41 41 7 30
12 8 41 8 31 45 23
4 46 29 2 8 34 38
23 1 27 33 30 35 30
36 20 2 32 5 6 15
28 5 26 41 41 7 40
13 32 23 23 1 27 31
18 10 17 29 4 10 9
31 33 27 25 22 28 11
3 37 25 6 38 38 13
38 42 26 1 41 34 8
21 2 6 33 30 35 40
18 10 17 2 8 34 17
20 33 30 26 21 24 13
36 20 2 3 37 25 28
19 36 33 42 22 15 22
40 26 39 28 5 26 24
46 1 46 34 0 28 18
32 5 6 13 32 23 31
9 10 25 4 46 29 36
45 35 13 40 26 39 27
2 8 34 33 30 35 22
7 2 32 19 36 33 34
34 0 28 30 25 33 25
3 37 25 16 16 20 21
14 4 1 0 29 43 48
1 41 34 3 37 25 9
30 25 33 12 8 41 18
3 37 25 29 4 10 36
33 30 35 11 20 44 13
18 10 17 0 29 43 32
39 7 25 17 26 38 23
6 38 38 1 41 34 5
13 32 23 3 37 25 5
32 5 6 4 46 29 47
34 0 28 17 26 38 27
32 5 6 8 31 45 46
27 30 12 4 46 29 23
29 4 10 28 5 26 16
14 4 1 45 35 13 33
46 1 46 18 10 17 30
40 26 39 17 26 38 1
21 2 6 36 20 2 18
16 16 20 4 46 29 31
24 30 9 9 10 25 25
23 1 27 5 32 11 34
44 21 20 42 22 15 5
32 5 6 46 1 46 40
6 38 38 38 42 26 12
27 30 12 35 0 13 30
12 8 41 19 36 33 29
22 7 1 42 22 15 20
30 25 33 17 26 38 5
31 33 27 34 0 28 33
23 1 27 15 43 9 45
29 4 10 24 30 9 26
35 0 13 4 46 29 48
17 26 38 8 31 45 8
38 42 26 0 29 43 21
46 1 46 45 35 13 47
2 8 34 11 20 44 15
46 1 46 21 2 6 40
36 20 2 22 7 1 13
33 30 35 6 38 38 8
9 10 25 22 7 1 24
28 5 26 25 22 28 17
34 0 28 41 41 7 46
4 46 29 42 22 15 27
42 22 15 36 20 2 13
31 33 27 33 30 35 8
36 20 2 2 8 34 34
5 32 11 42 22 15 10
35 0 13 40 26 39 36
16 16 20 2 8 34 16
19 36 33 26 21 24 17
29 4 10 25 22 28 25
43 0 9 36 20 2 21
27 30 12 42 22 15 8
46 1 46 44 21 20 32
11 20 44 12 8 41 12
2 8 34 25 22 28 15
9 10 25 42 22 15 15
5 32 11 44 21 20 14
27 30 12 2 8 34 31
15 43 9 42 22 15 21
39 7 25 43 0 9 17
23 1 27 7 2 32 5
33 30 35 32 5 6 38
23 1 27 40 26 39 27
22 7 1 8 31 45 50
10 2 10 46 1 46 36
37 33 32 3 37 25 8
14 4 1 40 26 39 43
3 37 25 0 29 43 19
11 20 44 26 21 24 20
8 31 45 7 2 32 31
13 32 23 25 22 28 11
14 4 1 39 7 25 24
20 33 30 46 1 46 35
36 20 2 14 4 1 16
38 42 26 44 21 20 21
9 10 25 28 5 26 5
31 33 27 35 0 13 35
38 42 26 7 2 32 40
23 1 27 34 0 28 1
10 2 10 33 30 35 37
29 4 10 33 30 35 36
11 20 44 28 5 26 23
37 33 32 43 0 9 40
15 43 9 24 30 9 13
5 32 11 26 21 24 17
12 8 41 35 0 13 29
33 30 35 17 26 38 5
44 21 20 23 1 27 21
37 33 32 42 22 15 20
11 20 44 24 30 9 36
20 33 30 11 20 44 19
46 1 46 39 7 25 21
15 43 9 31 33 27 20
2 8 34 35 0 13 22
9 10 25 34 0 28 10
46 1 46 41 41 7 55
26 21 24 9 10 25 11
21 2 6 22 7 1 7
0 29 43 35 0 13 41
12 8 41 6 38 38 30
40 26 39 32 5 6 39
25 22 28 15 43 9 28
36 20 2 11 20 44 42
6 38 38 13 32 23 16
28 5 26 12 8 41 15
44 21 20 4 46 29 26
13 32 23 19 36 33 10
8 31 45 4 46 29 21
43 0 9 1 41 34 48
7 2 32 31 33 27 31
30 25 33 28 5 26 21
29 4 10 13 32 23 30
21 2 6 5 32 11 30
11 20 44 13 32 23 24
44 21 20 26 21 24 4
43 0 9 16 16 20 19
45 35 13 22 7 1 30
32 5 6 20 33 30 36
27 30 12 46 1 46 44
6 38 38 35 0 13 45
12 8 41 37 33 32 26
30 25 33 27 30 12 21
37 33 32 40 26 39 9
29 4 10 44 21 20 19
13 32 23 40 26 39 17
46 1 46 16 16 20 30
34 0 28 29 4 10 18
31 33 27 20 33 30 3
19 36 33 2 8 34 28
2 8 34 21 2 6 28
18 10 17 1 41 34 35
25 22 28 17 26 38 10
32 5 6 39 7 25 19
21 2 6 27 30 12 28
28 5 26 46 1 46 20
17 26 38 35 0 13 36
45 35 13 15 43 9 8
35 0 13 20 33 30 37
41 41 7 40 26 39 35
31 33 27 45 35 13 14
3 37 25 44 21 20 16
16 16 20 35 0 13 17
30 25 33 23 1 27 24
28 5 26 35 0 13 13
17 26 38 5 32 11 27
37 33 32 38 42 26 10
41 41 7 17 26 38 34
31 33 27 40 26 39 13
6 38 38 9 10 25 30
16 16 20 38 42 26 26
29 4 10 1 41 34 44
28 5 26 33 30 35 26
44 21 20 30 25 33 13
11 20 44 5 32 11 35
10 2 10 5 32 11 30
0 29 43 45 35 13 30
13 32 23 41 41 7 18
46 1 46 24 30 9 47
22 7 1 14 4 1 3
30 25 33 29 4 10 31
43 0 9 6 38 38 47
24 30 9 45 35 13 6
23 1 27 20 33 30 32
45 35 13 29 4 10 31
19 36 33 45 35 13 20
14 4 1 27 30 12 28
42 22 15 26 21 24 9
0 29 43 24 30 9 34
11 20 44 18 10 17 28
45 35 13 17 26 38 26
26 21 24 40 26 39 15
11 20 44 3 37 25 25
34 0 28 10 2 10 18
7 2 32 11 20 44 21
28 5 26 27 30 12 28
20 33 30 34 0 28 33
3 37 25 14 4 1 40
31 33 27 9 10 25 23
41 41 7 37 33 32 26
3 37 25 18 10 17 28
13 32 23 37 33 32 9
23 1 27 22 7 1 26
21 2 6 7 2 32 26
43 0 9 2 8 34 26
14 4 1 32 5 6 5
14 4 1 7 2 32 31
21 2 6 17 26 38 40
10 2 10 45 35 13 33
39 7 25 24 30 9 28
43 0 9 25 22 28 29
24 30 9 22 7 1 24
40 26 39 20 33 30 11
31 33 27 2 8 34 25
29 4 10 41 41 7 37
24 30 9 6 38 38 30
35 0 13 22 7 1 13
8 31 45 21 2 6 48
27 30 12 1 41 34 24
25 22 28 33 30 35 10
40 26 39 34 0 28 28
1 41 34 19 36 33 5
44 21 20 9 10 25 12
30 25 33 1 41 34 16
27 30 12 5 32 11 2
24 30 9 7 2 32 36
40 26 39 16 16 20 21
23 1 27 26 21 24 20
40 26 39 0 29 43 5
24 30 9 17 26 38 29
42 22 15 0 29 43 28
28 5 26 15 43 9 41
23 1 27 19 36 33 35
43 0 9 42 22 15 22
33 30 35 1 41 34 11
11 20 44 42 22 15 29
42 22 15 46 1 46 37
41 41 7 32 5 6 36
25 22 28 5 32 11 19
19 36 33 8 31 45 13
33 30 35 18 10 17 26
44 21 20 22 7 1 23
30 25 33 39 7 25 19
3 37 25 26 21 24 16
27 30 12 16 16 20 16
7 2 32 34 0 28 4
5 32 11 14 4 1 29
7 2 32 29 4 10 22
24 30 9 5 32 11 2
27 30 12 24 30 9 3
39 7 25 40 26 39 23
11 20 44 27 30 12 33
16 16 20 28 5 26 12
39 7 25 28 5 26 2
39 7 25 35 0 13 13
0 29 43 43 0 9 44
5 32 11 13 32 23 12
10 2 10 8 31 45 45
37 33 32 11 20 44 17
28 5 26 13 32 23 27
28 5 26 5 32 11 30
17 26 38 43 0 9 38
21 2 6 23 1 27 21
41 41 7 11 20 44 42
13 32 23 36 20 2 24
31 33 27 1 41 34 10
5 32 11 9 10 25 26
9 10 25 20 33 30 23
3 37 25 23 1 27 36
32 5 6 1 41 34 45
39 7 25 8 31 45 31
32 5 6 16 16 20 17
3 37 25 35 0 13 38
25 22 28 42 22 15 13
42 22 15 34 0 28 25
32 5 6 23 1 27 21
37 33 32 26 21 24 14
45 35 13 39 7 25 30
38 42 26 41 41 7 19
37 33 32 21 2 6 40
0 29 43 7 2 32 29
24 30 9 23 1 27 34
19 36 33 22 7 1 43
2 8 34 6 38 38 30
0 29 43 15 43 9 36
16 16 20 24 30 9 17
13 32 23 12 8 41 30
31 33 27 42 22 15 16
1 41 34 40 26 39 15
18 10 17 37 33 32 27
41 41 7 10 2 10 39
42 22 15 8 31 45 31
39 7 25 31 33 27 26
29 4 10 12 8 41 31
8 31 45 6 38 38 9
5 32 11 2 8 34 33
46 1 46 29 4 10 36
4 46 29 46 1 46 48
39 7 25 6 38 38 33
23 1 27 11 20 44 25
42 22 15 13 32 23 12
43 0 9 32 5 6 5
45 35 13 4 46 29 19
28 5 26 37 33 32 28
24 30 9 30 25 33 24
45 35 13 9 10 25 27
6 38 38 31 33 27 12
9 10 25 40 26 39 21
28 5 26 19 36 33 31
34 0 28 24 30 9 35
44 21 20 40 26 39 19
5 32 11 30 25 33 23
17 26 38 7 2 32 24
13 32 23 18 10 17 22
25 22 28 8 31 45 19
11 20 44 44 21 20 24
36 20 2 37 33 32 32
32 5 6 38 42 26 42
4 46 29 38 42 26 5
1 41 34 7 2 32 39
22 7 1 6 38 38 48
36 20 2 24 30 9 12
2 8 34 29 4 10 24
45 35 13 44 21 20 15
33 30 35 15 43 9 29
14 4 1 26 21 24 28
31 33 27 8 31 45 18
23 1 27 41 41 7 44
39 7 25 11 20 44 23
12 8 41 20 33 30 27
17 26 38 2 8 34 18
17 26 38 18 10 17 26
0 29 43 19 36 33 12
39 7 25 5 32 11 28
39 7 25 12 8 41 16
1 41 34 4 46 29 7
18 10 17 34 0 28 14
18 10 17 27 30 12 20
32 5 6 28 5 26 20
31 33 27 16 16 20 18
17 26 38 28 5 26 24
32 5 6 37 33 32 38
22 7 1 12 8 41 40
13 32 23 4 46 29 15
40 26 39 3 37 25 17
11 20 44 14 4 1 45
25 22 28 21 2 6 29
44 21 20 28 5 26 17
10 2 10 20 33 30 36
35 0 13 42 22 15 22
30 25 33 33 30 35 5
19 36 33 30 25 33 11
22 7 1 5 32 11 26
20 33 30 16 16 20 19
44 21 20 27 30 12 12
20 33 30 33 30 35 5
34 0 28 27 30 12 34
6 38 38 40 26 39 12
39 7 25 13 32 23 25
14 4 1 44 21 20 25
19 36 33 27 30 12 21
18 10 17 10 2 10 10
13 32 23 46 1 46 38
19 36 33 35 0 13 41
42 22 15 24 30 9 10
7 2 32 26 21 24 20
35 0 13 30 25 33 32
7 2 32 39 7 25 8
25 22 28 45 35 13 19
13 32 23 7 2 32 31
34 0 28 1 41 34 41
32 5 6 5 32 11 27
43 0 9 46 1 46 37
1 41 34 20 33 30 8
24 30 9 35 0 13 30
16 16 20 8 31 45 29
37 33 32 31 33 27 5
15 43 9 32 5 6 38
0 29 43 11 20 44 9
2 8 34 10 2 10 24
37 33 32 33 30 35 4
29 4 10 23 1 27 17
39 7 25 22 7 1 24
11 20 44 40 26 39 7
17 26 38 12 8 41 18
18 10 17 12 8 41 24
44 21 20 16 16 20 5
14 4 1 17 26 38 43
4 46 29 23 1 27 45
25 22 28 24 30 9 20
22 7 1 2 8 34 33
21 2 6 9 10 25 20
29 4 10 42 22 15 18
46 1 46 12 8 41 8
12 8 41 31 33 27 28
38 42 26 5 32 11 18
20 33 30 19 36 33 4
27 30 12 31 33 27 15
40 26 39 7 2 32 25
18 10 17 16 16 20 6
9 10 25 36 20 2 25
36 20 2 34 0 28 32
33 30 35 41 41 7 30
16 16 20 39 7 25 10
34 0 28 22 7 1 27
16 16 20 37 33 32 20
8 31 45 33 30 35 10
28 5 26 45 35 13 32
14 4 1 25 22 28 32
10 2 10 3 37 25 38
32 5 6 10 2 10 5
35 0 13 10 2 10 3
14 4 1 6 38 38 50
28 5 26 2 8 34 8
1 41 34 9 10 25 32
12 8 41 33 30 35 22
36 20 2 1 41 34 38
14 4 1 38 42 26 45
43 0 9 27 30 12 30
23 1 27 35 0 13 14
11 20 44 25 22 28 16
44 21 20 20 33 30 15
25 22 28 35 0 13 26
16 16 20 21 2 6 19
0 29 43 41 41 7 37
22 7 1 3 37 25 38
38 42 26 3 37 25 5
39 7 25 19 36 33 30
33 30 35 5 32 11 24
30 25 33 16 16 20 15
4 46 29 14 4 1 50
37 33 32 30 25 33 8
8 31 45 34 0 28 35
29 4 10 35 0 13 5
18 10 17 31 33 27 25
37 33 32 9 10 25 24
44 21 20 37 33 32 16
25 22 28 44 21 20 8
4 46 29 34 0 28 46
13 32 23 22 7 1 33
1 41 34 37 33 32 8
1 41 34 15 43 9 25
29 4 10 31 33 27 33
40 26 39 38 42 26 20
45 35 13 38 42 26 14
28 5 26 1 41 34 36
15 43 9 20 33 30 23
28 5 26 38 42 26 37
36 20 2 38 42 26 32
38 42 26 13 32 23 10
9 10 25 3 37 25 27
5 32 11 0 29 43 32
3 37 25 32 5 6 37
22 7 1 41 41 7 34
34 0 28 45 35 13 38
34 0 28 21 2 6 22
39 7 25 23 1 27 6
21 2 6 11 20 44 42
1 41 34 35 0 13 46
19 36 33 18 10 17 30
14 4 1 41 41 7 37
19 36 33 38 42 26 9
18 10 17 38 42 26 33
37 33 32 4 46 29 13
8 31 45 3 37 25 20
0 29 43 44 21 20 24
16 16 20 23 1 27 16
20 33 30 27 30 12 18
19 36 33 9 10 25 27
27 30 12 12 8 41 36
46 1 46 40 26 39 25
25 22 28 4 46 29 24
27 30 12 32 5 6 25
11 20 44 35 0 13 36
8 31 45 1 41 34 14
14 4 1 46 1 46 45
38 42 26 26 21 24 21
14 4 1 15 43 9 39
27 30 12 25 22 28 17
41 41 7 7 2 32 46
7 2 32 46 1 46 14
7 2 32 16 16 20 18
46 1 46 15 43 9 55
23 1 27 42 22 15 24
13 32 23 15 43 9 17
6 38 38 18 10 17 35
0 29 43 29 4 10 41
6 38 38 46 1 46 37
28 5 26 4 46 29 41
23 1 27 43 0 9 18
1 41 34 13 32 23 14
14 4 1 19 36 33 45
37 33 32 8 31 45 13
38 42 26 27 30 12 18
39 7 25 42 22 15 18
10 2 10 42 22 15 20
25 22 28 41 41 7 28
45 35 13 23 1 27 36
15 43 9 34 0 28 47
16 16 20 34 0 28 17
0 29 43 17 26 38 5
12 8 41 32 5 6 35
22 7 1 25 22 28 30
25 22 28 3 37 25 15
12 8 41 45 35 13 38
30 25 33 4 46 29 21
29 4 10 43 0 9 4
21 2 6 10 2 10 4
26 21 24 30 25 33 9
0 29 43 27 30 12 31
3 37 25 42 22 15 18
30 25 33 0 29 43 10
19 36 33 32 5 6 41
43 0 9 41 41 7 41
41 41 7 4 46 29 22
14 4 1 13 32 23 35
28 5 26 14 4 1 25
0 29 43 21 2 6 45
13 32 23 21 2 6 34
26 21 24 1 41 34 22
39 7 25 41 41 7 38
28 5 26 10 2 10 16
1 41 34 39 7 25 35
34 0 28 25 22 28 22
38 42 26 24 30 9 20
28 5 26 0 29 43 29
11 20 44 29 4 10 37
38 42 26 31 33 27 9
35 0 13 18 10 17 10
26 21 24 36 20 2 22
30 25 33 13 32 23 12
44 21 20 43 0 9 23
39 7 25 44 21 20 14
44 21 20 34 0 28 22
9 10 25 25 22 28 12
17 26 38 23 1 27 27
4 46 29 43 0 9 50
24 30 9 18 10 17 21
34 0 28 28 5 26 5
0 29 43 23 1 27 32
37 33 32 25 22 28 11
15 43 9 17 26 38 33
11 20 44 15 43 9 41
3 37 25 30 25 33 14
20 33 30 8 31 45 15
28 5 26 36 20 2 28
6 38 38 26 21 24 22
4 46 29 21 2 6 49
34 0 28 2 8 34 10
16 16 20 36 20 2 18
7 2 32 6 38 38 36
24 30 9 2 8 34 33
28 5 26 22 7 1 25
24 30 9 43 0 9 30
11 20 44 6 38 38 18
30 25 33 43 0 9 34
18 10 17 5 32 11 22
38 42 26 30 25 33 18
21 2 6 40 26 39 40
37 33 32 20 33 30 2
25 22 28 26 21 24 4
40 26 39 10 2 10 37
21 2 6 12 8 41 35
40 26 39 12 8 41 18
25 22 28 16 16 20 10
5 32 11 40 26 39 28
44 21 20 6 38 38 24
26 21 24 32 5 6 24
36 20 2 4 46 29 37
17 26 38 6 38 38 12
6 38 38 0 29 43 10
41 41 7 26 21 24 26
15 43 9 5 32 11 11
18 10 17 8 31 45 35
22 7 1 33 30 35 41
6 38 38 4 46 29 12
21 2 6 15 43 9 41
6 38 38 28 5 26 35
19 36 33 31 33 27 6
15 43 9 35 0 13 43
46 1 46 8 31 45 30
14 4 1 18 10 17 17
8 31 45 44 21 20 26
33 30 35 34 0 28 30
34 0 28 38 42 26 42
42 22 15 6 38 38 28
24 30 9 13 32 23 14
17 26 38 19 36 33 11
33 30 35 43 0 9 39
44 21 20 35 0 13 22
23 1 27 6 38 38 38
12 8 41 16 16 20 22
29 4 10 40 26 39 36
27 30 12 3 37 25 14
32 5 6 21 2 6 3
13 32 23 26 21 24 11
43 0 9 11 20 44 40
1 41 34 2 8 34 33
44 21 20 31 33 27 13
7 2 32 28 5 26 6
10 2 10 13 32 23 32
36 20 2 19 36 33 34
44 21 20 36 20 2 18
10 2 10 29 4 10 2
39 7 25 26 21 24 14
27 30 12 36 20 2 14
39 7 25 36 20 2 26
46 1 46 11 20 44 19
7 2 32 33 30 35 28
34 0 28 3 37 25 37
43 0 9 5 32 11 32
3 37 25 2 8 34 30
10 2 10 26 21 24 23
4 46 29 19 36 33 10
19 36 33 33 30 35 6
32 5 6 45 35 13 30
40 26 39 43 0 9 39
31 33 27 4 46 29 13
19 36 33 11 20 44 19
20 33 30 2 8 34 25
22 7 1 10 2 10 10
27 30 12 29 4 10 26
10 2 10 0 29 43 42
9 10 25 15 43 9 36
27 30 12 9 10 25 23
26 21 24 43 0 9 25
29 4 10 16 16 20 15
43 0 9 38 42 26 45
10 2 10 43 0 9 2
23 1 27 27 30 12 32
4 46 29 33 30 35 17
24 30 9 1 41 34 27
38 42 26 15 43 9 17
33 30 35 24 30 9 26
19 36 33 34 0 28 36
21 2 6 43 0 9 3
25 22 28 6 38 38 18
32 5 6 7 2 32 26
17 26 38 13 32 23 16
7 2 32 12 8 41 10
41 41 7 21 2 6 39
41 41 7 3 37 25 18
9 10 25 18 10 17 8
25 22 28 38 42 26 20
0 29 43 12 8 41 21
40 26 39 18 10 17 27
1 41 34 12 8 41 33
40 26 39 25 22 28 11
42 22 15 40 26 39 24
26 21 24 24 30 9 17
26 21 24 45 35 13 17
10 2 10 9 10 25 17
22 7 1 18 10 17 16
0 29 43 22 7 1 47
3 37 25 19 36 33 8
30 25 33 14 4 1 38
8 31 45 11 20 44 11
28 5 26 26 21 24 16
45 35 13 5 32 11 3
35 0 13 9 10 25 15
30 25 33 31 33 27 10
12 8 41 38 42 26 37
15 43 9 18 10 17 33
2 8 34 15 43 9 43
23 1 27 1 41 34 40
15 43 9 19 36 33 25
22 7 1 11 20 44 44
4 46 29 7 2 32 44
42 22 15 21 2 6 21
4 46 29 10 2 10 47
32 5 6 31 33 27 35
35 0 13 7 2 32 19
29 4 10 37 33 32 36
42 22 15 30 25 33 18
12 8 41 5 32 11 38
39 7 25 25 22 28 15
6 38 38 27 30 12 27
0 29 43 2 8 34 22
16 16 20 45 35 13 20
36 20 2 17 26 38 36
20 33 30 21 2 6 39
3 37 25 12 8 41 33
23 1 27 9 10 25 9
11 20 44 9 10 25 21
45 35 13 41 41 7 8
32 5 6 34 0 28 22
27 30 12 39 7 25 26
1 41 34 5 32 11 24
22 7 1 1 41 34 47
37 33 32 0 29 43 11
21 2 6 38 42 26 44
26 21 24 35 0 13 23
10 2 10 11 20 44 38
35 0 13 45 35 13 35
27 30 12 41 41 7 12
17 26 38 3 37 25 17
40 26 39 27 30 12 27
21 2 6 18 10 17 13
3 37 25 24 30 9 17
2 8 34 30 25 33 17
29 4 10 26 21 24 22
15 43 9 37 33 32 25
41 41 7 20 33 30 24
24 30 9 28 5 26 30
13 32 23 33 30 35 12
43 0 9 34 0 28 19
28 5 26 21 2 6 20
8 31 45 5 32 11 34
5 32 11 4 46 29 22
4 46 29 18 10 17 37
28 5 26 23 1 27 4
20 33 30 3 37 25 6
15 43 9 40 26 39 34
1 41 34 11 20 44 23
12 8 41 10 2 10 31
1 41 34 0 29 43 15
36 20 2 41 41 7 21
36 20 2 25 22 28 26
26 21 24 12 8 41 21
38 42 26 23 1 27 41
17 26 38 44 21 20 18
6 38 38 20 33 30 9
21 2 6 14 4 1 5
1 41 34 45 35 13 21
26 21 24 8 31 45 23
15 43 9 3 37 25 17
35 0 13 32 5 6 8
39 7 25 38 42 26 35
45 35 13 11 20 44 34
30 25 33 32 5 6 33
3 37 25 7 2 32 35
9 10 25 32 5 6 19
19 36 33 40 26 39 11
45 35 13 8 31 45 32
38 42 26 9 10 25 32
33 30 35 45 35 13 22
30 25 33 6 38 38 13
45 35 13 7 2 32 38
8 31 45 41 41 7 39
20 33 30 42 22 15 18
15 43 9 8 31 45 37
3 37 25 39 7 25 30
1 41 34 46 1 46 41
4 46 29 29 4 10 46
2 8 34 8 31 45 25
12 8 41 15 43 9 47
38 42 26 29 4 10 41
21 2 6 19 36 33 43
41 41 7 42 22 15 20
7 2 32 15 43 9 47
41 41 7 5 32 11 9
2 8 34 37 33 32 25
14 4 1 16 16 20 22
34 0 28 0 29 43 32
42 22 15 16 16 20 7
44 21 20 1 41 34 24
17 26 38 4 46 29 21
0 29 43 39 7 25 28
46 1 46 38 42 26 45
14 4 1 34 0 28 27
11 20 44 34 0 28 25
29 4 10 6 38 38 44
37 33 32 7 2 32 31
5 32 11 7 2 32 36
43 0 9 12 8 41 32
27 30 12 8 31 45 33
43 0 9 45 35 13 35
33 30 35 42 22 15 21
7 2 32 36 20 2 34
10 2 10 16 16 20 17
20 33 30 4 46 29 13
4 46 29 0 29 43 22
32 5 6 42 22 15 19
6 38 38 41 41 7 31
5 32 11 31 33 27 16
2 8 34 46 1 46 13
22 7 1 7 2 32 31
15 43 9 29 4 10 39
10 2 10 31 33 27 35
13 32 23 45 35 13 10
18 10 17 45 35 13 25
16 16 20 19 36 33 23
36 20 2 6 38 38 40
35 0 13 46 1 46 33
0 29 43 16 16 20 26
31 33 27 24 30 9 18
32 5 6 29 4 10 4
18 10 17 28 5 26 10
5 32 11 36 20 2 15
2 8 34 40 26 39 18
25 22 28 12 8 41 19
44 21 20 2 8 34 19
33 30 35 9 10 25 22
27 30 12 17 26 38 26
46 1 46 33 30 35 31
17 26 38 37 33 32 9
31 33 27 23 1 27 32
23 1 27 8 31 45 34
14 4 1 35 0 13 12
35 0 13 13 32 23 33
34 0 28 35 0 13 15
7 2 32 18 10 17 17
11 20 44 4 46 29 30
12 8 41 2 8 34 7
35 0 13 41 41 7 41
39 7 25 2 8 34 9
20 33 30 39 7 25 26
30 25 33 21 2 6 35
4 46 29 39 7 25 39
36 20 2 15 43 9 24
22 7 1 27 30 12 25
46 1 46 37 33 32 34
17 26 38 1 41 34 15
22 7 1 29 4 10 9
2 8 34 7 2 32 6
39 7 25 18 10 17 8
41 41 7 9 10 25 35
22 7 1 43 0 9 10
3 37 25 31 33 27 4
40 26 39 36 20 2 37
26 21 24 21 2 6 26
40 26 39 30 25 33 6
16 16 20 5 32 11 18