51 1275
50 32 38 23 33 21 17
15 36 21 7 37 44 23
48 29 15 6 20 11 9
42 49 25 41 0 6 52
40 28 50 3 45 2 50
13 33 44 29 47 12 34
39 0 3 36 30 21 34
14 26 0 33 17 41 41
4 39 30 5 34 10 20
33 17 41 35 7 21 22
33 17 41 37 26 8 34
8 24 47 14 26 0 47
27 5 35 42 49 25 45
9 11 4 15 36 21 30
29 47 12 11 12 10 35
29 47 12 2 49 45 33
29 47 12 18 39 21 12
30 6 47 43 5 13 34
28 8 47 17 22 42 14
10 49 22 26 16 23 33
12 21 49 45 3 19 34
48 29 15 1 39 28 16
10 49 22 6 20 11 31
16 2 25 25 39 33 37
41 0 6 22 38 32 46
1 39 28 44 50 9 21
16 2 25 32 12 2 25
12 21 49 19 11 46 10
36 30 21 26 16 23 14
1 39 28 45 3 19 37
24 4 10 21 14 7 10
38 42 40 50 32 38 10
1 39 28 33 17 41 25
47 23 45 35 7 21 28
1 39 28 43 5 13 37
47 23 45 49 43 11 39
42 49 25 38 42 40 16
18 39 21 31 17 35 26
22 38 32 24 4 10 40
11 12 10 22 38 32 34
6 20 11 9 11 4 11
3 45 2 27 5 35 51
38 42 40 14 26 0 43
45 3 19 29 47 12 44
43 5 13 50 32 38 36
32 12 2 2 49 45 56
17 22 42 22 38 32 18
49 43 11 46 0 48 56
11 12 10 8 24 47 38
48 29 15 24 4 10 25
23 33 21 5 34 10 11
27 5 35 6 20 11 28
32 12 2 9 11 4 2
25 39 33 38 42 40 7
46 0 48 47 23 45 23
13 33 44 8 24 47 9
10 49 22 14 26 0 31
11 12 10 17 22 42 33
18 39 21 2 49 45 26
0 49 9 36 30 21 22
45 3 19 37 26 8 25
49 43 11 16 2 25 43
40 28 50 20 30 39 11
3 45 2 30 6 47 59
9 11 4 13 33 44 45
8 24 47 42 49 25 33
43 5 13 13 33 44 41
1 39 28 42 49 25 10
42 49 25 28 8 47 46
37 26 8 19 11 46 40
4 39 30 39 0 3 47
24 4 10 8 24 47 42
32 12 2 28 8 47 45
1 39 28 5 34 10 18
2 49 45 26 16 23 39
32 12 2 46 0 48 47
45 3 19 48 29 15 26
40 28 50 39 0 3 54
1 39 28 22 38 32 4
26 16 23 22 38 32 23
48 29 15 43 5 13 24
11 12 10 23 33 21 23
11 12 10 40 28 50 43
19 11 46 7 37 44 26
42 49 25 26 16 23 33
33 17 41 36 30 21 23
29 47 12 4 39 30 19
18 39 21 27 5 35 36
48 29 15 10 49 22 21
50 32 38 13 33 44 6
43 5 13 6 20 11 15
37 26 8 12 21 49 41
9 11 4 36 30 21 25
23 33 21 19 11 46 33
22 38 32 13 33 44 13
9 11 4 38 42 40 47
24 4 10 41 0 6 5
12 21 49 18 39 21 33
45 3 19 19 11 46 28
42 49 25 29 47 12 13
26 16 23 37 26 8 18
1 39 28 27 5 35 34
22 38 32 18 39 21 11
12 21 49 23 33 21 30
12 21 49 49 43 11 43
1 39 28 12 21 49 27
0 49 9 5 34 10 15
30 6 47 46 0 48 6
3 45 2 39 0 3 45
0 49 9 40 28 50 46
42 49 25 50 32 38 21
41 0 6 50 32 38 45
20 30 39 9 11 4 39
29 47 12 7 37 44 33
21 14 7 34 15 18 11
47 23 45 15 36 21 27
42 49 25 3 45 2 23
31 17 35 5 34 10 30
38 42 40 18 39 21 19
28 8 47 10 49 22 48
32 12 2 10 49 22 42
19 11 46 1 39 28 33
3 45 2 34 15 18 34
2 49 45 17 22 42 27
22 38 32 31 17 35 21
11 12 10 2 49 45 50
40 28 50 31 17 35 18
15 36 21 45 3 19 33
5 34 10 8 24 47 38
38 42 40 28 8 47 34
44 50 9 46 0 48 63
10 49 22 17 22 42 33
15 36 21 24 4 10 33
10 49 22 31 17 35 34
11 12 10 35 7 21 12
11 12 10 26 16 23 13
2 49 45 41 0 6 62
27 5 35 35 7 21 14
35 7 21 45 3 19 4
36 30 21 1 39 28 11
49 43 11 13 33 44 34
19 11 46 31 17 35 12
8 24 47 23 33 21 27
17 22 42 42 49 25 31
9 11 4 28 8 47 43
22 38 32 16 2 25 36
37 26 8 2 49 45 43
41 0 6 11 12 10 12
29 47 12 10 49 22 10
14 26 0 39 0 3 26
49 43 11 9 11 4 32
29 47 12 39 0 3 47
16 2 25 33 17 41 21
14 26 0 35 7 21 28
25 39 33 33 17 41 23
43 5 13 29 47 12 42
7 37 44 40 28 50 10
44 50 9 2 49 45 36
9 11 4 11 12 10 6
15 36 21 3 45 2 21
0 49 9 33 17 41 45
23 33 21 18 39 21 6
41 0 6 27 5 35 29
25 39 33 44 50 9 26
13 33 44 21 14 7 41
22 38 32 29 47 12 21
2 49 45 31 17 35 33
21 14 7 7 37 44 43
49 43 11 17 22 42 37
21 14 7 9 11 4 4
29 47 12 37 26 8 21
19 11 46 29 47 12 49
47 23 45 9 11 4 42
7 37 44 24 4 10 47
14 26 0 47 23 45 45
0 49 9 42 49 25 16
30 6 47 24 4 10 37
9 11 4 17 22 42 39
32 12 2 44 50 9 38
19 11 46 15 36 21 35
13 33 44 37 26 8 36
6 20 11 1 39 28 25
0 49 9 27 5 35 51
20 30 39 22 38 32 10
30 6 47 39 0 3 44
21 14 7 44 50 9 36
21 14 7 43 5 13 10
31 17 35 29 47 12 37
41 0 6 34 15 18 19
25 39 33 45 3 19 38
23 33 21 1 39 28 9
21 14 7 12 21 49 42
1 39 28 26 16 23 23
39 0 3 11 12 10 13
28 8 47 48 29 15 38
4 39 30 42 49 25 11
34 15 18 27 5 35 19
37 26 8 15 36 21 16
36 30 21 19 11 46 31
19 11 46 41 0 6 41
35 7 21 10 49 22 42
41 0 6 26 16 23 23
12 21 49 20 30 39 13
22 38 32 50 32 38 8
29 47 12 48 29 15 18
4 39 30 12 21 49 26
16 2 25 46 0 48 23
30 6 47 38 42 40 36
48 29 15 8 24 47 32
24 4 10 27 5 35 25
15 36 21 44 50 9 18
12 21 49 33 17 41 8
11 12 10 19 11 46 36
41 0 6 17 22 42 42
3 45 2 6 20 11 26
31 17 35 23 33 21 21
7 37 44 3 45 2 42
6 20 11 31 17 35 24
9 11 4 40 28 50 49
11 12 10 10 49 22 38
12 21 49 46 0 48 21
22 38 32 9 11 4 38
45 3 19 34 15 18 12
0 49 9 16 2 25 49
22 38 32 15 36 21 11
43 5 13 23 33 21 29
18 39 21 9 11 4 32
15 36 21 43 5 13 32
21 14 7 0 49 9 35
13 33 44 40 28 50 7
24 4 10 20 30 39 38
17 22 42 50 32 38 10
31 17 35 25 39 33 22
5 34 10 17 22 42 34
43 5 13 4 39 30 38
2 49 45 6 20 11 44
15 36 21 30 6 47 39
38 42 40 2 49 45 8
7 37 44 23 33 21 23
11 12 10 5 34 10 22
19 11 46 44 50 9 53
46 0 48 6 20 11 42
15 36 21 42 49 25 13
46 0 48 27 5 35 13
22 38 32 5 34 10 22
30 6 47 45 3 19 28
11 12 10 12 21 49 40
12 21 49 3 45 2 52
0 49 9 22 38 32 25
27 5 35 48 29 15 31
40 28 50 18 39 21 31
30 6 47 44 50 9 58
8 24 47 15 36 21 28
24 4 10 28 8 47 37
10 49 22 47 23 45 34
46 0 48 42 49 25 54
15 36 21 14 26 0 23
38 42 40 31 17 35 25
6 20 11 0 49 9 29
25 39 33 48 29 15 20
1 39 28 14 26 0 30
15 36 21 4 39 30 9
30 6 47 7 37 44 31
39 0 3 32 12 2 12
43 5 13 41 0 6 8
14 26 0 12 21 49 49
10 49 22 37 26 8 26
15 36 21 38 42 40 19
32 12 2 13 33 44 46
36 30 21 24 4 10 28
48 29 15 33 17 41 28
45 3 19 13 33 44 39
17 22 42 48 29 15 27
49 43 11 20 30 39 30
45 3 19 47 23 45 32
44 50 9 24 4 10 46
10 49 22 34 15 18 34
44 50 9 26 16 23 36
36 30 21 3 45 2 24
14 26 0 20 30 39 39
35 7 21 28 8 47 26
27 5 35 4 39 30 34
34 15 18 28 8 47 29
38 42 40 47 23 45 19
8 24 47 40 28 50 5
44 50 9 0 49 9 1
36 30 21 38 42 40 22
11 12 10 7 37 44 42
19 11 46 40 28 50 17
17 22 42 29 47 12 39
18 39 21 43 5 13 34
46 0 48 50 32 38 33
32 12 2 18 39 21 33
45 3 19 0 49 9 47
41 0 6 6 20 11 20
43 5 13 27 5 35 22
1 39 28 50 32 38 12
38 42 40 21 14 7 43
26 16 23 29 47 12 32
26 16 23 39 0 3 25
31 17 35 26 16 23 12
20 30 39 37 26 8 31
23 33 21 42 49 25 16
42 49 25 22 38 32 13
39 0 3 5 34 10 34
10 49 22 33 17 41 37
11 12 10 42 49 25 39
50 32 38 24 4 10 39
38 42 40 39 0 3 55
37 26 8 27 5 35 34
16 2 25 9 11 4 22
1 39 28 30 6 47 38
4 39 30 28 8 47 35
39 0 3 25 39 33 49
14 26 0 4 39 30 32
18 39 21 21 14 7 28
30 6 47 32 12 2 45
43 5 13 5 34 10 29
50 32 38 3 45 2 38
21 14 7 28 8 47 40
44 50 9 22 38 32 25
11 12 10 20 30 39 34
9 11 4 43 5 13 10
28 8 47 29 47 12 52
47 23 45 30 6 47 17
3 45 2 26 16 23 35
1 39 28 3 45 2 26
24 4 10 17 22 42 36
13 33 44 48 29 15 29
26 16 23 12 21 49 26
48 29 15 3 45 2 20
33 17 41 3 45 2 48
5 34 10 30 6 47 46
8 24 47 33 17 41 9
2 49 45 50 32 38 18
49 43 11 30 6 47 51
23 33 21 30 6 47 37
33 17 41 7 37 44 20
0 49 9 31 17 35 41
18 39 21 14 26 0 24
34 15 18 35 7 21 8
19 11 46 26 16 23 23
48 29 15 12 21 49 34
20 30 39 46 0 48 31
9 11 4 33 17 41 37
44 50 9 5 34 10 16
46 0 48 8 24 47 24
45 3 19 5 34 10 32
47 23 45 5 34 10 36
43 5 13 39 0 3 11
24 4 10 38 42 40 48
50 32 38 10 49 22 23
22 38 32 2 49 45 17
47 23 45 0 49 9 44
31 17 35 16 2 25 18
39 0 3 1 39 28 46
23 33 21 48 29 15 7
49 43 11 6 20 11 23
25 39 33 13 33 44 12
6 20 11 39 0 3 21
12 21 49 30 6 47 15
46 0 48 35 7 21 27
22 38 32 23 33 21 12
36 30 21 11 12 10 21
46 0 48 2 49 45 49
30 6 47 4 39 30 37
50 32 38 37 26 8 30
38 42 40 7 37 44 6
20 30 39 6 20 11 29
16 2 25 21 14 7 21
44 50 9 47 23 45 45
33 17 41 50 32 38 15
36 30 21 49 43 11 16
31 17 35 4 39 30 22
11 12 10 3 45 2 33
48 29 15 40 28 50 35
43 5 13 32 12 2 13
33 17 41 6 20 11 30
47 23 45 2 49 45 26
6 20 11 12 21 49 38
1 39 28 2 49 45 19
39 0 3 48 29 15 31
9 11 4 48 29 15 21
12 21 49 8 24 47 3
0 49 9 41 0 6 49
8 24 47 4 39 30 22
36 30 21 29 47 12 19
7 37 44 17 22 42 15
47 23 45 22 38 32 19
40 28 50 23 33 21 29
25 39 33 20 30 39 10
25 39 33 27 5 35 34
26 16 23 30 6 47 26
0 49 9 23 33 21 20
2 49 45 12 21 49 28
38 42 40 27 5 35 37
29 47 12 6 20 11 27
17 22 42 19 11 46 11
5 34 10 46 0 48 50
24 4 10 13 33 44 44
0 49 9 38 42 40 31
18 39 21 19 11 46 37
28 8 47 50 32 38 25
28 8 47 43 5 13 34
18 39 21 34 15 18 24
30 6 47 33 17 41 12
24 4 10 29 47 12 43
21 14 7 26 16 23 16
46 0 48 25 39 33 41
4 39 30 37 26 8 25
4 39 30 21 14 7 33
3 45 2 45 3 19 45
27 5 35 50 32 38 27
20 30 39 0 49 9 35
7 37 44 1 39 28 16
6 20 11 17 22 42 31
5 34 10 29 47 12 13
46 0 48 24 4 10 38
0 49 9 35 7 21 43
35 7 21 6 20 11 16
39 0 3 16 2 25 22
28 8 47 18 39 21 40
41 0 6 47 23 45 45
16 2 25 35 7 21 6
18 39 21 7 37 44 23
41 0 6 32 12 2 12
47 23 45 4 39 30 21
45 3 19 38 42 40 44
25 39 33 37 26 8 28
23 33 21 27 5 35 31
16 2 25 2 49 45 51
22 38 32 49 43 11 21
15 36 21 28 8 47 38
9 11 4 19 11 46 42
48 29 15 34 15 18 14
17 22 42 46 0 48 22
43 5 13 47 23 45 36
27 5 35 33 17 41 13
36 30 21 44 50 9 23
18 39 21 26 16 23 23
17 22 42 1 39 28 22
1 39 28 40 28 50 24
7 37 44 9 11 4 47
15 36 21 1 39 28 7
25 39 33 14 26 0 35
21 14 7 29 47 12 33
0 49 9 30 6 47 57
6 20 11 24 4 10 16
27 5 35 20 30 39 25
7 37 44 8 24 47 13
6 20 11 13 33 44 35
48 29 15 32 12 2 21
41 0 6 7 37 44 53
38 42 40 26 16 23 31
12 21 49 40 28 50 7
14 26 0 3 45 2 19
9 11 4 14 26 0 15
12 21 49 38 42 40 22
49 43 11 10 49 22 12
34 15 18 15 36 21 21
42 49 25 35 7 21 42
44 50 9 14 26 0 25
45 3 19 33 17 41 26
20 30 39 47 23 45 9
13 33 44 33 17 41 16
45 3 19 6 20 11 18
4 39 30 45 3 19 37
27 5 35 22 38 32 33
44 50 9 27 5 35 51
34 15 18 12 21 49 31
4 39 30 1 39 28 2
42 49 25 19 11 46 43
50 32 38 25 39 33 8
48 29 15 19 11 46 35
45 3 19 8 24 47 35
26 16 23 14 26 0 25
39 0 3 12 21 49 50
38 42 40 13 33 44 9
5 34 10 48 29 15 7
26 16 23 46 0 48 29
27 5 35 39 0 3 32
8 24 47 22 38 32 20
49 43 11 27 5 35 44
10 49 22 15 36 21 13
20 30 39 10 49 22 25
50 32 38 8 24 47 12
17 22 42 20 30 39 8
6 20 11 5 34 10 14
46 0 48 33 17 41 18
44 50 9 42 49 25 16
2 49 45 36 30 21 30
43 5 13 24 4 10 3
34 15 18 8 24 47 30
47 23 45 18 39 21 28
7 37 44 43 5 13 44
1 39 28 38 42 40 12
0 49 9 17 22 42 42
34 15 18 19 11 46 28
43 5 13 0 49 9 44
26 16 23 20 30 39 21
0 49 9 48 29 15 20
50 32 38 14 26 0 38
30 6 47 14 26 0 51
12 21 49 27 5 35 21
31 17 35 35 7 21 17
14 26 0 46 0 48 54
37 26 8 48 29 15 7
16 2 25 1 39 28 37
15 36 21 33 17 41 27
0 49 9 4 39 30 23
47 23 45 12 21 49 4
23 33 21 47 23 45 26
24 4 10 18 39 21 36
21 14 7 32 12 2 5
15 36 21 41 0 6 39
27 5 35 28 8 47 12
14 26 0 37 26 8 8
32 12 2 3 45 2 33
50 32 38 29 47 12 30
41 0 6 25 39 33 47
37 26 8 9 11 4 15
22 38 32 38 42 40 8
0 49 9 26 16 23 35
46 0 48 38 42 40 42
10 49 22 18 39 21 10
11 12 10 0 49 9 37
10 49 22 42 49 25 3
35 7 21 40 28 50 35
48 29 15 20 30 39 24
46 0 48 11 12 10 39
24 4 10 2 49 45 57
6 20 11 40 28 50 39
29 47 12 41 0 6 47
43 5 13 2 49 45 54
8 24 47 29 47 12 41
7 37 44 14 26 0 45
32 12 2 33 17 41 39
49 43 11 35 7 21 37
47 23 45 11 12 10 36
7 37 44 46 0 48 37
16 2 25 19 11 46 22
34 15 18 24 4 10 13
6 20 11 37 26 8 6
40 28 50 10 49 22 35
14 26 0 41 0 6 26
49 43 11 33 17 41 39
29 47 12 0 49 9 3
30 6 47 20 30 39 25
39 0 3 31 17 35 36
48 29 15 31 17 35 23
14 26 0 19 11 46 48
28 8 47 19 11 46 3
13 33 44 26 16 23 27
50 32 38 5 34 10 28
39 0 3 22 38 32 47
38 42 40 40 28 50 17
8 24 47 0 49 9 45
37 26 8 3 45 2 19
4 39 30 19 11 46 32
7 37 44 31 17 35 21
14 26 0 40 28 50 50
32 12 2 0 49 9 37
7 37 44 22 38 32 12
49 43 11 32 12 2 32
45 3 19 43 5 13 6
48 29 15 47 23 45 30
32 12 2 8 24 47 46
7 37 44 28 8 47 29
27 5 35 9 11 4 31
45 3 19 28 8 47 28
37 26 8 7 37 44 37
14 26 0 45 3 19 29
12 21 49 17 22 42 7
15 36 21 23 33 21 3
11 12 10 18 39 21 29
38 42 40 17 22 42 20
37 26 8 41 0 6 26
29 47 12 3 45 2 10
4 39 30 41 0 6 45
19 11 46 46 0 48 11
9 11 4 8 24 47 44
18 39 21 13 33 44 23
43 5 13 14 26 0 24
28 8 47 31 17 35 15
7 37 44 0 49 9 37
11 12 10 49 43 11 31
30 6 47 41 0 6 41
15 36 21 26 16 23 20
47 23 45 40 28 50 7
21 14 7 10 49 22 38
49 43 11 43 5 13 38
2 49 45 9 11 4 55
10 49 22 30 6 47 49
8 24 47 27 5 35 22
49 43 11 1 39 28 17
7 37 44 16 2 25 39
17 22 42 3 45 2 46
20 30 39 41 0 6 44
10 49 22 8 24 47 35
34 15 18 1 39 28 26
44 50 9 29 47 12 4
0 49 9 3 45 2 8
22 38 32 43 5 13 38
37 26 8 24 4 10 22
14 26 0 13 33 44 44
11 12 10 43 5 13 7
21 14 7 22 38 32 34
35 7 21 50 32 38 30
45 3 19 21 14 7 16
12 21 49 16 2 25 30
5 34 10 28 8 47 45
36 30 21 10 49 22 19
18 39 21 4 39 30 9
26 16 23 48 29 15 15
10 49 22 24 4 10 46
36 30 21 23 33 21 3
17 22 42 45 3 19 29
30 6 47 19 11 46 5
2 49 45 13 33 44 16
14 26 0 28 8 47 50
21 14 7 46 0 48 43
43 5 13 35 7 21 8
1 39 28 46 0 48 43
46 0 48 0 49 9 62
17 22 42 23 33 21 23
16 2 25 48 29 15 28
47 23 45 34 15 18 28
7 37 44 48 29 15 30
3 45 2 49 43 11 9
19 11 46 27 5 35 12
23 33 21 32 12 2 28
23 33 21 2 49 45 28
48 29 15 38 42 40 28
11 12 10 30 6 47 37
1 39 28 9 11 4 36
46 0 48 41 0 6 42
35 7 21 37 26 8 23
44 50 9 7 37 44 37
44 50 9 38 42 40 32
36 30 21 14 26 0 21
19 11 46 2 49 45 38
1 39 28 32 12 2 37
34 15 18 38 42 40 34
47 23 45 29 47 12 40
36 30 21 5 34 10 11
3 45 2 16 2 25 48
27 5 35 5 34 10 38
47 23 45 25 39 33 20
50 32 38 6 20 11 29
8 24 47 37 26 8 39
10 49 22 12 21 49 38
6 20 11 21 14 7 7
24 4 10 12 21 49 42
10 49 22 16 2 25 47
16 2 25 30 6 47 22
13 33 44 5 34 10 34
19 11 46 50 32 38 22
45 3 19 42 49 25 46
19 11 46 39 0 3 44
35 7 21 38 42 40 39
37 26 8 38 42 40 35
44 50 9 37 26 8 24
15 36 21 48 29 15 9
42 49 25 13 33 44 24
12 21 49 0 49 9 48
5 34 10 19 11 46 42
25 39 33 19 11 46 30
3 45 2 22 38 32 30
34 15 18 16 2 25 14
5 34 10 40 28 50 40
8 24 47 35 7 21 31
28 8 47 30 6 47 2
5 34 10 14 26 0 12
0 49 9 19 11 46 53
16 2 25 6 20 11 22
20 30 39 29 47 12 31
47 23 45 42 49 25 32
29 47 12 34 15 18 32
28 8 47 46 0 48 8
40 28 50 37 26 8 42
15 36 21 39 0 3 40
16 2 25 4 39 30 37
33 17 41 20 30 39 13
11 12 10 50 32 38 34
44 50 9 20 30 39 36
29 47 12 38 42 40 28
50 32 38 34 15 18 26
42 49 25 48 29 15 22
7 37 44 6 20 11 37
13 33 44 17 22 42 11
50 32 38 49 43 11 29
36 30 21 45 3 19 27
11 12 10 38 42 40 42
48 29 15 30 6 47 39
28 8 47 39 0 3 44
32 12 2 5 34 10 23
39 0 3 7 37 44 55
24 4 10 11 12 10 8
31 17 35 1 39 28 23
32 12 2 22 38 32 39
47 23 45 8 24 47 2
1 39 28 18 39 21 7
13 33 44 31 17 35 18
4 39 30 24 4 10 40
45 3 19 27 5 35 16
10 49 22 2 49 45 23
0 49 9 49 43 11 6
35 7 21 48 29 15 22
6 20 11 26 16 23 12
25 39 33 17 22 42 19
47 23 45 3 45 2 48
36 30 21 20 30 39 18
15 36 21 35 7 21 29
8 24 47 43 5 13 38
21 14 7 19 11 46 39
13 33 44 12 21 49 13
41 0 6 13 33 44 50
43 5 13 19 11 46 33
47 23 45 7 37 44 14
25 39 33 34 15 18 28
41 0 6 36 30 21 33
0 49 9 14 26 0 24
2 49 45 7 37 44 12
19 11 46 47 23 45 12
15 36 21 21 14 7 26
27 5 35 10 49 22 45
13 33 44 20 30 39 5
21 14 7 1 39 28 32
33 17 41 21 14 7 34
45 3 19 50 32 38 34
23 33 21 41 0 6 36
0 49 9 15 36 21 17
34 15 18 30 6 47 30
35 7 21 13 33 44 34
15 36 21 40 28 50 30
37 26 8 0 49 9 23
18 39 21 17 22 42 27
42 49 25 40 28 50 32
19 11 46 24 4 10 36
39 0 3 47 23 45 47
1 39 28 10 49 22 11
27 5 35 13 33 44 29
16 2 25 47 23 45 29
26 16 23 9 11 4 19
39 0 3 24 4 10 8
0 49 9 24 4 10 45
16 2 25 5 34 10 35
28 8 47 36 30 21 34
20 30 39 1 39 28 14
39 0 3 50 32 38 47
6 20 11 28 8 47 37
9 11 4 44 50 9 39
22 38 32 37 26 8 26
48 29 15 18 39 21 11
3 45 2 13 33 44 43
39 0 3 35 7 21 19
26 16 23 34 15 18 5
8 24 47 30 6 47 18
34 15 18 20 30 39 25
19 11 46 49 43 11 47
33 17 41 41 0 6 38
25 39 33 9 11 4 40
26 16 23 17 22 42 19
50 32 38 20 30 39 2
26 16 23 8 24 47 25
14 26 0 24 4 10 24
25 39 33 7 37 44 11
36 30 21 7 37 44 24
4 39 30 48 29 15 18
10 49 22 39 0 3 52
49 43 11 5 34 10 9
28 8 47 20 30 39 23
44 50 9 34 15 18 36
44 50 9 6 20 11 30
45 3 19 7 37 44 42
35 7 21 23 33 21 26
6 20 11 47 23 45 34
30 6 47 50 32 38 27
28 8 47 49 43 11 50
41 0 6 35 7 21 16
18 39 21 15 36 21 3
30 6 47 42 49 25 48
49 43 11 26 16 23 29
31 17 35 47 23 45 11
31 17 35 42 49 25 33
19 11 46 3 45 2 55
3 45 2 21 14 7 31
33 17 41 22 38 32 22
3 45 2 23 33 21 22
34 15 18 36 30 21 15
28 8 47 3 45 2 58
9 11 4 29 47 12 36
16 2 25 43 5 13 12
28 8 47 8 24 47 16
10 49 22 25 39 33 14
46 0 48 37 26 8 47
38 42 40 49 43 11 29
17 22 42 21 14 7 35
31 17 35 3 45 2 43
45 3 19 40 28 50 39
31 17 35 36 30 21 19
10 49 22 5 34 10 19
44 50 9 40 28 50 46
34 15 18 37 26 8 14
7 37 44 27 5 35 33
28 8 47 25 39 33 34
44 50 9 8 24 47 46
37 26 8 42 49 25 28
38 42 40 23 33 21 21
42 49 25 7 37 44 22
40 28 50 34 15 18 34
33 17 41 38 42 40 25
35 7 21 12 21 49 31
28 8 47 23 33 21 36
10 49 22 13 33 44 27
31 17 35 41 0 6 33
28 8 47 11 12 10 37
21 14 7 23 33 21 23
25 39 33 26 16 23 25
15 36 21 12 21 49 31
14 26 0 27 5 35 40
29 47 12 14 26 0 24
50 32 38 47 23 45 11
26 16 23 35 7 21 9
45 3 19 2 49 45 52
26 16 23 33 17 41 18
34 15 18 6 20 11 8
24 4 10 3 45 2 41
18 39 21 33 17 41 29
20 30 39 19 11 46 20
25 39 33 36 30 21 15
13 33 44 39 0 3 52
35 7 21 18 39 21 32
16 2 25 42 49 25 47
34 15 18 11 12 10 8
14 26 0 48 29 15 15
42 49 25 14 26 0 33
41 0 6 21 14 7 14
30 6 47 2 49 45 43
46 0 48 22 38 32 41
31 17 35 46 0 48 21
50 32 38 4 39 30 10
45 3 19 46 0 48 29
49 43 11 21 14 7 29
20 30 39 43 5 13 36
10 49 22 9 11 4 42
25 39 33 21 14 7 36
43 5 13 40 28 50 43
36 30 21 12 21 49 29
34 15 18 33 17 41 23
21 14 7 20 30 39 35
4 39 30 46 0 48 42
49 43 11 45 3 19 40
1 39 28 11 12 10 32
2 49 45 48 29 15 36
25 39 33 4 39 30 3
35 7 21 17 22 42 25
23 33 21 33 17 41 25
2 49 45 20 30 39 19
25 39 33 40 28 50 20
36 30 21 30 6 47 35
46 0 48 40 28 50 28
42 49 25 2 49 45 20
35 7 21 7 37 44 37
35 7 21 29 47 12 41
43 5 13 44 50 9 45
9 11 4 23 33 21 27
14 26 0 49 43 11 20
8 24 47 20 30 39 10
34 15 18 39 0 3 21
47 23 45 32 12 2 44
34 15 18 7 37 44 34
24 4 10 23 33 21 31
16 2 25 14 26 0 34
48 29 15 36 30 21 6
35 7 21 25 39 33 34
9 11 4 0 49 9 38
44 50 9 13 33 44 38
27 5 35 31 17 35 12
20 30 39 23 33 21 18
9 11 4 30 6 47 43
25 39 33 49 43 11 22
13 33 44 7 37 44 4
49 43 11 2 49 45 34
18 39 21 0 49 9 15
32 12 2 25 39 33 41
31 17 35 20 30 39 13
18 39 21 41 0 6 41
16 2 25 29 47 12 46
38 42 40 3 45 2 38
2 49 45 25 39 33 15
32 12 2 20 30 39 41
26 16 23 23 33 21 17
44 50 9 28 8 47 56
12 21 49 42 49 25 36
0 49 9 28 8 47 55
16 2 25 44 50 9 50
1 39 28 37 26 8 23
48 29 15 44 50 9 21
44 50 9 23 33 21 20
21 14 7 8 24 47 41
17 22 42 8 24 47 5
20 30 39 3 45 2 39
18 39 21 30 6 47 42
18 39 21 37 26 8 18
50 32 38 40 28 50 12
8 24 47 49 43 11 40
13 33 44 46 0 48 33
4 39 30 34 15 18 26
35 7 21 9 11 4 17
4 39 30 26 16 23 24
12 21 49 9 11 4 46
17 22 42 36 30 21 22
18 39 21 42 49 25 10
16 2 25 8 24 47 31
33 17 41 24 4 10 33
13 33 44 36 30 21 23
10 49 22 22 38 32 14
50 32 38 32 12 2 41
42 49 25 9 11 4 43
37 26 8 21 14 7 12
5 34 10 7 37 44 34
50 32 38 9 11 4 39
9 11 4 46 0 48 45
11 12 10 48 29 15 17
15 36 21 2 49 45 27
36 30 21 43 5 13 26
23 33 21 39 0 3 37
0 49 9 13 33 44 38
39 0 3 46 0 48 45
11 12 10 27 5 35 25
4 39 30 38 42 40 10
21 14 7 48 29 15 17
36 30 21 32 12 2 26
44 50 9 3 45 2 8
43 5 13 46 0 48 35
33 17 41 5 34 10 35
1 39 28 13 33 44 17
26 16 23 5 34 10 22
7 37 44 50 32 38 7
1 39 28 25 39 33 5
30 6 47 35 7 21 26
17 22 42 15 36 21 25
13 33 44 19 11 46 22
49 43 11 24 4 10 39
36 30 21 21 14 7 21
17 22 42 37 26 8 34
39 0 3 41 0 6 3
7 37 44 12 21 49 16
31 17 35 11 12 10 25
41 0 6 3 45 2 45
18 39 21 50 32 38 18
44 50 9 31 17 35 42
16 2 25 15 36 21 34
34 15 18 0 49 9 35
30 6 47 40 28 50 22
19 11 46 33 17 41 7
31 17 35 50 32 38 15
17 22 42 4 39 30 20
10 49 22 19 11 46 44
44 50 9 35 7 21 44
45 3 19 32 12 2 19
41 0 6 10 49 22 51
50 32 38 44 50 9 34
38 42 40 19 11 46 31
13 33 44 16 2 25 36
31 17 35 30 6 47 16
44 50 9 4 39 30 23
16 2 25 41 0 6 19
6 20 11 19 11 46 36
42 49 25 33 17 41 35
41 0 6 1 39 28 44
27 5 35 17 22 42 18
10 49 22 4 39 30 12
33 17 41 43 5 13 30
16 2 25 24 4 10 15
9 11 4 5 34 10 23
44 50 9 41 0 6 50
12 21 49 44 50 9 49
29 47 12 12 21 49 45
36 30 21 4 39 30 12
21 14 7 40 28 50 45
18 39 21 20 30 39 20
17 22 42 44 50 9 43
34 15 18 9 11 4 14
22 38 32 40 28 50 20
29 47 12 30 6 47 53
46 0 48 48 29 15 43
18 39 21 44 50 9 16
33 17 41 11 12 10 31
17 22 42 33 17 41 5
0 49 9 50 32 38 33
28 8 47 22 38 32 33
22 38 32 36 30 21 13
29 47 12 40 28 50 42
24 4 10 40 28 50 46
21 14 7 11 12 10 3
10 49 22 38 42 40 19
39 0 3 17 22 42 44
38 42 40 16 2 25 42
26 16 23 43 5 13 14
37 26 8 31 17 35 28
42 49 25 20 30 39 23
20 30 39 38 42 40 12
4 39 30 20 30 39 12
25 39 33 22 38 32 1
37 26 8 11 12 10 14
32 12 2 40 28 50 50
43 5 13 42 49 25 45
37 26 8 39 0 3 26
45 3 19 31 17 35 21
18 39 21 5 34 10 12
8 24 47 38 42 40 19
50 32 38 16 2 25 32
6 20 11 36 30 21 14
39 0 3 0 49 9 49
10 49 22 3 45 2 20
15 36 21 32 12 2 30
32 12 2 4 39 30 38
16 2 25 27 5 35 10
6 20 11 25 39 33 29
35 7 21 32 12 2 19
2 49 45 33 17 41 32
32 12 2 34 15 18 16
32 12 2 6 20 11 12
18 39 21 16 2 25 37
41 0 6 48 29 15 30
50 32 38 26 16 23 21
31 17 35 8 24 47 13
28 8 47 12 21 49 13
29 47 12 15 36 21 14
31 17 35 14 26 0 36
8 24 47 19 11 46 13
38 42 40 5 34 10 31
39 0 3 9 11 4 11
49 43 11 48 29 15 14
29 47 12 46 0 48 59
36 30 21 37 26 8 13
35 7 21 20 30 39 29
5 34 10 34 15 18 20
11 12 10 45 3 19 12
28 8 47 33 17 41 10
40 28 50 33 17 41 14
22 38 32 6 20 11 27
5 34 10 3 45 2 13
38 42 40 32 12 2 48
45 3 19 41 0 6 13
25 39 33 3 45 2 31
17 22 42 30 6 47 16
46 0 48 18 39 21 47
32 12 2 27 5 35 33
44 50 9 33 17 41 45
11 12 10 6 20 11 8
26 16 23 40 28 50 29
21 14 7 39 0 3 14
33 17 41 31 17 35 6
3 45 2 8 24 47 49
29 47 12 27 5 35 47
38 42 40 41 0 6 54
31 17 35 34 15 18 17
4 39 30 9 11 4 38
7 37 44 20 30 39 8
32 12 2 29 47 12 36
30 6 47 6 20 11 38
11 12 10 15 36 21 26
49 43 11 7 37 44 33
4 39 30 49 43 11 19
36 30 21 50 32 38 17
9 11 4 31 17 35 31
25 39 33 42 49 25 12
23 33 21 45 3 19 30
32 12 2 11 12 10 8
34 15 18 13 33 44 31
0 49 9 25 39 33 26
48 29 15 22 38 32 19
38 42 40 43 5 13 45
47 23 45 21 14 7 39
35 7 21 36 30 21 23
8 24 47 36 30 21 26
34 15 18 49 43 11 28
39 0 3 2 49 45 64
7 37 44 26 16 23 29
31 17 35 21 14 7 28
5 34 10 35 7 21 29
31 17 35 49 43 11 35
37 26 8 30 6 47 43
27 5 35 26 16 23 16
12 21 49 43 5 13 39
9 11 4 3 45 2 34
42 49 25 49 43 11 15
2 49 45 14 26 0 50
12 21 49 31 17 35 14
35 7 21 4 39 30 33
4 39 30 3 45 2 28
23 33 21 37 26 8 14
7 37 44 4 39 30 14
27 5 35 2 49 45 45
32 12 2 7 37 44 48
46 0 48 10 49 22 55
12 21 49 41 0 6 47
28 8 47 2 49 45 41
47 23 45 24 4 10 39
37 26 8 32 12 2 15
8 24 47 39 0 3 50
44 50 9 11 12 10 38
40 28 50 2 49 45 21
34 15 18 46 0 48 33
10 49 22 23 33 21 16
40 28 50 17 22 42 10
2 49 45 21 14 7 51
4 39 30 13 33 44 15
24 4 10 42 49 25 47
49 43 11 37 26 8 17
36 30 21 40 28 50 29
47 23 45 27 5 35 20
28 8 47 41 0 6 41
3 45 2 46 0 48 64
46 0 48 15 36 21 45
5 34 10 41 0 6 34
21 14 7 42 49 25 39
15 36 21 36 30 21 6
26 16 23 24 4 10 17
37 26 8 28 8 47 42
50 32 38 15 36 21 17
18 39 21 49 43 11 10
1 39 28 29 47 12 17
3 45 2 43 5 13 41
31 17 35 32 12 2 33
33 17 41 4 39 30 24
40 28 50 41 0 6 52
45 3 19 10 49 22 46
32 12 2 14 26 0 14
29 47 12 49 43 11 4
13 33 44 11 12 10 39
20 30 39 15 36 21 18
11 12 10 25 39 33 35
33 17 41 39 0 3 41
44 50 9 39 0 3 50
15 36 21 25 39 33 12
11 12 10 16 2 25 18
32 12 2 26 16 23 21
18 39 21 45 3 19 36
18 39 21 36 30 21 9
40 28 50 4 39 30 22
30 6 47 22 38 32 35
31 17 35 15 36 21 23
1 39 28 8 24 47 24
41 0 6 9 11 4 11
34 15 18 43 5 13 11
1 39 28 35 7 21 32
12 21 49 25 39 33 24
24 4 10 5 34 10 30
14 26 0 23 33 21 22
10 49 22 7 37 44 25
11 12 10 4 39 30 33
36 30 21 47 23 45 25
47 23 45 26 16 23 23
18 39 21 39 0 3 42
14 26 0 34 15 18 21
47 23 45 37 26 8 37
2 49 45 3 45 2 43
24 4 10 9 11 4 9
16 2 25 17 22 42 26
22 38 32 14 26 0 34
45 3 19 24 4 10 9
29 47 12 25 39 33 22
34 15 18 42 49 25 34
1 39 28 0 49 9 21
16 2 25 45 3 19 6
0 49 9 10 49 22 13
39 0 3 20 30 39 46
46 0 48 36 30 21 40
17 22 42 43 5 13 33
22 38 32 4 39 30 2
21 14 7 30 6 47 40
6 20 11 8 24 47 36
17 22 42 34 15 18 25
5 34 10 2 49 45 38
22 38 32 34 15 18 26
39 0 3 49 43 11 43
13 33 44 28 8 47 25
13 33 44 47 23 45 10
15 36 21 13 33 44 23
14 26 0 17 22 42 42
15 36 21 27 5 35 34
5 34 10 12 21 49 41
41 0 6 49 43 11 43
33 17 41 29 47 12 41
6 20 11 38 42 40 36
5 34 10 20 30 39 29
4 39 30 23 33 21 10
8 24 47 41 0 6 47
17 22 42 31 17 35 8
30 6 47 13 33 44 27
23 33 21 34 15 18 18
12 21 49 22 38 32 24
23 33 21 29 47 12 16
5 34 10 37 26 8 8
42 49 25 36 30 21 19
21 14 7 27 5 35 29
8 24 47 25 39 33 20
2 49 45 0 49 9 36
18 39 21 25 39 33 12
43 5 13 31 17 35 25
23 33 21 6 20 11 16
2 49 45 34 15 18 43
13 33 44 23 33 21 23
25 39 33 23 33 21 13
20 30 39 45 3 19 33
49 43 11 23 33 21 14
28 8 47 26 16 23 25
1 39 28 28 8 47 36
19 11 46 35 7 21 25
10 49 22 44 50 9 13
6 20 11 4 39 30 26
24 4 10 31 17 35 28
6 20 11 42 49 25 32
15 36 21 6 20 11 18
6 20 11 18 39 21 21
49 43 11 44 50 9 7
28 8 47 16 2 25 22
48 29 15 50 32 38 23
49 43 11 15 36 21 12
36 30 21 27 5 35 28
35 7 21 22 38 32 32
42 49 25 39 0 3 53
1 39 28 24 4 10 39
28 8 47 40 28 50 20
8 24 47 2 49 45 25
37 26 8 43 5 13 21
28 8 47 47 23 45 15
4 39 30 2 49 45 18
45 3 19 39 0 3 16
35 7 21 2 49 45 48
46 0 48 23 33 21 42
40 28 50 16 2 25 36
32 12 2 17 22 42 41
45 3 19 9 11 4 17
50 32 38 12 21 49 15
24 4 10 32 12 2 11
5 34 10 21 14 7 20
35 7 21 3 45 2 42
16 2 25 37 26 8 29
27 5 35 30 6 47 12
25 39 33 30 6 47 35
8 24 47 18 39 21 30
35 7 21 21 14 7 15
23 33 21 16 2 25 31
6 20 11 14 26 0 12
14 26 0 11 12 10 17
26 16 23 45 3 19 13
1 39 28 47 23 45 23
22 38 32 45 3 19 37
12 21 49 32 12 2 47
43 5 13 25 39 33 39
35 7 21 24 4 10 11
14 26 0 21 14 7 13
32 12 2 19 11 46 44
25 39 33 24 4 10 41
15 36 21 5 34 10 11
27 5 35 40 28 50 27
22 38 32 19 11 46 30
47 23 45 17 22 42 3
5 34 10 25 39 33 23
47 23 45 33 17 41 7
36 30 21 16 2 25 28
40 28 50 49 43 11 41
42 49 25 32 12 2 43
10 49 22 43 5 13 44
16 2 25 20 30 39 31
18 39 21 3 45 2 19
5 34 10 42 49 25 21
26 16 23 16 2 25 14
45 3 19 44 50 9 48
21 14 7 50 32 38 35