53 1378
32 45 17 46 3 41 48
13 25 13 49 47 49 42
47 34 18 2 32 37 19
11 50 12 8 47 47 35
30 28 35 24 41 29 14
24 41 29 32 45 17 12
9 48 12 31 46 46 34
49 47 49 14 4 25 49
26 46 4 47 34 18 18
37 2 7 14 4 25 18
33 29 1 31 46 46 48
35 17 51 30 28 35 19
14 4 25 17 50 21 46
34 10 4 10 10 22 18
42 22 2 2 32 37 36
16 52 21 44 43 49 29
29 33 8 36 25 4 8
32 45 17 6 11 25 34
51 46 31 33 29 1 34
13 25 13 26 46 4 22
20 39 43 30 28 35 13
38 30 23 20 39 43 21
28 51 36 50 34 28 18
22 48 8 31 46 46 38
15 19 44 27 3 42 16
26 46 4 18 17 7 29
15 19 44 51 46 31 29
33 29 1 16 52 21 30
39 42 23 5 3 27 39
29 33 8 47 34 18 10
6 11 25 45 8 6 19
11 50 12 23 38 37 27
30 28 35 38 30 23 12
34 10 4 41 28 8 18
36 25 4 49 47 49 50
33 29 1 25 26 17 16
43 43 1 31 46 46 45
13 25 13 35 17 51 38
32 45 17 25 26 17 19
12 51 18 19 51 47 29
8 47 47 17 50 21 26
50 34 28 23 38 37 9
18 17 7 46 3 41 36
33 29 1 32 45 17 22
15 19 44 12 51 18 41
30 28 35 36 25 4 31
20 39 43 21 38 19 24
11 50 12 48 50 15 3
29 33 8 7 4 40 43
18 17 7 27 3 42 37
16 52 21 32 45 17 8
34 10 4 43 43 1 33
24 41 29 13 25 13 22
17 50 21 29 33 8 21
31 46 46 17 50 21 25
4 26 12 31 46 46 39
1 52 42 37 2 7 61
15 19 44 19 51 47 32
28 51 36 1 52 42 6
0 51 35 21 38 19 20
41 28 8 37 2 7 26
38 30 23 40 3 22 27
32 45 17 36 25 4 23
0 51 35 50 34 28 18
26 46 4 19 51 47 43
34 10 4 47 34 18 27
42 22 2 33 29 1 7
51 46 31 45 8 6 45
25 26 17 12 51 18 25
34 10 4 27 3 42 38
18 17 7 30 28 35 30
13 25 13 42 22 2 11
29 33 8 30 28 35 27
39 42 23 31 46 46 23
19 51 47 37 2 7 63
3 51 39 40 3 22 50
19 51 47 35 17 51 34
9 48 12 11 50 12 2
29 33 8 18 17 7 16
33 29 1 1 52 42 47
13 25 13 16 52 21 28
13 25 13 43 43 1 21
3 51 39 36 25 4 43
42 22 2 35 17 51 49
46 3 41 8 47 47 44
18 17 7 44 43 49 49
0 51 35 34 10 4 51
7 4 40 31 46 46 42
30 28 35 9 48 12 30
28 51 36 0 51 35 1
10 10 22 16 52 21 42
45 8 6 8 47 47 56
41 28 8 28 51 36 36
3 51 39 25 26 17 33
27 3 42 32 45 17 48
50 34 28 2 32 37 9
27 3 42 20 39 43 36
25 26 17 0 51 35 30
1 52 42 49 47 49 8
37 2 7 16 52 21 51
34 10 4 51 46 31 45
23 38 37 9 48 12 26
16 52 21 9 48 12 9
30 28 35 12 51 18 28
49 47 49 50 34 28 24
50 34 28 6 11 25 23
31 46 46 50 34 28 21
19 51 47 1 52 42 5
10 10 22 37 2 7 17
9 48 12 1 52 42 30
48 50 15 45 8 6 42
14 4 25 2 32 37 30
30 28 35 50 34 28 9
6 11 25 47 34 18 24
24 41 29 14 4 25 37
16 52 21 49 47 49 28
2 32 37 9 48 12 29
31 46 46 48 50 15 31
38 30 23 51 46 31 17
27 3 42 7 4 40 2
34 10 4 3 51 39 53
2 32 37 12 51 18 26
23 38 37 4 26 12 27
48 50 15 22 48 8 7
16 52 21 19 51 47 26
26 46 4 44 43 49 45
51 46 31 39 42 23 8
51 46 31 43 43 1 30
43 43 1 10 10 22 39
37 2 7 43 43 1 41
46 3 41 44 43 49 40
20 39 43 22 48 8 36
10 10 22 52 10 50 28
32 45 17 29 33 8 15
26 46 4 3 51 39 35
36 25 4 13 25 13 9
7 4 40 13 25 13 34
32 45 17 17 50 21 6
11 50 12 38 30 23 22
4 26 12 34 10 4 17
8 47 47 21 38 19 29
20 39 43 13 25 13 33
41 28 8 2 32 37 29
34 10 4 38 30 23 27
26 46 4 11 50 12 8
5 3 27 43 43 1 47
28 51 36 29 33 8 33
0 51 35 26 46 4 31
35 17 51 34 10 4 47
44 43 49 25 26 17 36
42 22 2 26 46 4 24
19 51 47 17 50 21 26
26 46 4 5 3 27 48
2 32 37 44 43 49 16
12 51 18 36 25 4 29
35 17 51 43 43 1 56
3 51 39 28 51 36 3
19 51 47 9 48 12 35
52 10 50 51 46 31 40
51 46 31 36 25 4 34
28 51 36 48 50 15 21
5 3 27 19 51 47 52
43 43 1 38 30 23 25
14 4 25 5 3 27 2
35 17 51 39 42 23 37
0 51 35 40 3 22 49
32 45 17 3 51 39 22
25 26 17 16 52 21 26
26 46 4 46 3 41 56
3 51 39 30 28 35 23
22 48 8 21 38 19 14
37 2 7 27 3 42 35
46 3 41 2 32 37 29
31 46 46 30 28 35 21
47 34 18 20 39 43 25
0 51 35 38 30 23 24
27 3 42 28 51 36 48
5 3 27 31 46 46 47
48 50 15 10 10 22 40
23 38 37 28 51 36 13
50 34 28 27 3 42 34
48 50 15 35 17 51 48
12 51 18 5 3 27 48
2 32 37 23 38 37 6
8 47 47 44 43 49 4
42 22 2 0 51 35 43
2 32 37 29 33 8 29
37 2 7 17 50 21 50
39 42 23 52 10 50 41
44 43 49 21 38 19 30
15 19 44 10 10 22 23
22 48 8 43 43 1 8
30 28 35 1 52 42 25
42 22 2 17 50 21 33
27 3 42 51 46 31 44
20 39 43 15 19 44 20
16 52 21 11 50 12 9
12 51 18 45 8 6 44
44 43 49 52 10 50 33
40 3 22 34 10 4 19
6 11 25 10 10 22 3
15 19 44 52 10 50 10
31 46 46 3 51 39 8
14 4 25 0 51 35 48
8 47 47 2 32 37 18
28 51 36 38 30 23 24
32 45 17 31 46 46 29
22 48 8 0 51 35 27
43 43 1 41 28 8 16
52 10 50 41 28 8 45
47 34 18 43 43 1 19
52 10 50 20 39 43 29
7 4 40 46 3 41 1
43 43 1 42 22 2 21
32 45 17 34 10 4 37
40 3 22 27 3 42 20
23 38 37 47 34 18 19
46 3 41 33 29 1 47
25 26 17 30 28 35 18
24 41 29 52 10 50 37
17 50 21 28 51 36 15
3 51 39 11 50 12 27
21 38 19 32 45 17 7
29 33 8 34 10 4 23
9 48 12 24 41 29 18
2 32 37 3 51 39 19
50 34 28 44 43 49 22
40 3 22 18 17 7 20
28 51 36 46 3 41 48
7 4 40 2 32 37 28
32 45 17 42 22 2 27
18 17 7 21 38 19 24
17 50 21 25 26 17 24
31 46 46 6 11 25 40
41 28 8 49 47 49 45
47 34 18 7 4 40 37
43 43 1 50 34 28 28
45 8 6 11 50 12 42
2 32 37 11 50 12 30
33 29 1 3 51 39 43
21 38 19 52 10 50 41
27 3 42 19 51 47 48
18 17 7 37 2 7 15
19 51 47 23 38 37 16
0 51 35 41 28 8 35
27 3 42 48 50 15 54
46 3 41 47 34 18 38
33 29 1 10 10 22 28
8 47 47 37 2 7 60
52 10 50 3 51 39 42
11 50 12 13 25 13 25
36 25 4 39 42 23 25
48 50 15 41 28 8 23
48 50 15 13 25 13 25
16 52 21 14 4 25 48
50 34 28 1 52 42 22
24 41 29 38 30 23 12
14 4 25 30 28 35 26
32 45 17 28 51 36 19
45 8 6 49 47 49 58
26 46 4 41 28 8 18
11 50 12 33 29 1 23
26 46 4 9 48 12 8
39 42 23 32 45 17 6
25 26 17 29 33 8 11
40 3 22 31 46 46 49
7 4 40 30 28 35 24
36 25 4 52 10 50 48
52 10 50 28 51 36 43
42 22 2 51 46 31 37
9 48 12 5 3 27 47
43 43 1 6 11 25 40
32 45 17 22 48 8 9
35 17 51 6 11 25 26
21 38 19 23 38 37 18
11 50 12 18 17 7 33
33 29 1 12 51 18 27
52 10 50 6 11 25 25
37 2 7 49 47 49 61
11 50 12 41 28 8 22
5 3 27 28 51 36 48
38 30 23 8 47 47 29
32 45 17 2 32 37 23
52 10 50 34 10 4 46
10 10 22 2 32 37 26
36 25 4 45 8 6 17
11 50 12 7 4 40 53
30 28 35 17 50 21 26
43 43 1 23 38 37 36
24 41 29 0 51 35 11
8 47 47 51 46 31 16
32 45 17 1 52 42 25
38 30 23 42 22 2 22
50 34 28 45 8 6 34
36 25 4 19 51 47 50
18 17 7 32 45 17 29
11 50 12 36 25 4 26
26 46 4 27 3 42 57
34 10 4 20 39 43 48
2 32 37 51 46 31 15
25 26 17 9 48 12 22
12 51 18 49 47 49 31
34 10 4 49 47 49 58
2 32 37 4 26 12 25
43 43 1 48 50 15 15
19 51 47 2 32 37 21
51 46 31 48 50 15 16
7 4 40 37 2 7 33
38 30 23 15 19 44 23
45 8 6 0 51 35 51
6 11 25 1 52 42 44
14 4 25 19 51 47 51
48 50 15 24 41 29 16
30 28 35 16 52 21 27
11 50 12 44 43 49 37
34 10 4 19 51 47 59
45 8 6 32 45 17 38
23 38 37 46 3 41 35
22 48 8 23 38 37 30
4 26 12 12 51 18 25
12 51 18 13 25 13 26
26 46 4 40 3 22 46
18 17 7 10 10 22 16
18 17 7 35 17 51 44
47 34 18 0 51 35 24
22 48 8 15 19 44 46
6 11 25 8 47 47 42
35 17 51 2 32 37 20
25 26 17 39 42 23 17
50 34 28 22 48 8 24
35 17 51 7 4 40 17
39 42 23 42 22 2 29
38 30 23 18 17 7 20
1 52 42 51 46 31 12
48 50 15 33 29 1 25
49 47 49 52 10 50 37
29 33 8 5 3 27 35
33 29 1 41 28 8 7
47 34 18 32 45 17 11
49 47 49 23 38 37 15
5 3 27 47 34 18 32
32 45 17 7 4 40 47
4 26 12 25 26 17 5
50 34 28 46 3 41 33
18 17 7 16 52 21 37
39 42 23 13 25 13 19
50 34 28 21 38 19 9
9 48 12 43 43 1 12
25 26 17 42 22 2 15
45 8 6 38 30 23 27
9 48 12 21 38 19 12
27 3 42 9 48 12 54
26 46 4 15 19 44 48
43 43 1 39 42 23 22
1 52 42 25 26 17 36
10 10 22 38 30 23 20
33 29 1 7 4 40 46
17 50 21 22 48 8 13
42 22 2 12 51 18 33
3 51 39 20 39 43 12
39 42 23 26 46 4 19
12 51 18 38 30 23 21
11 50 12 0 51 35 23
2 32 37 16 52 21 25
16 52 21 35 17 51 46
5 3 27 34 10 4 24
26 46 4 38 30 23 24
21 38 19 4 26 12 13
36 25 4 35 17 51 47
12 51 18 43 43 1 18
42 22 2 18 17 7 7
32 45 17 49 47 49 32
18 17 7 50 34 28 27
45 8 6 37 2 7 6
48 50 15 44 43 49 34
18 17 7 12 51 18 35
1 52 42 47 34 18 30
47 34 18 44 43 49 32
20 39 43 40 3 22 41
5 3 27 0 51 35 48
50 34 28 33 29 1 27
4 26 12 14 4 25 25
13 25 13 22 48 8 23
25 26 17 22 48 8 23
17 50 21 10 10 22 40
0 51 35 30 28 35 23
43 43 1 20 39 43 42
13 25 13 2 32 37 25
23 38 37 31 46 46 12
19 51 47 22 48 8 39
19 51 47 44 43 49 8
28 51 36 47 34 18 24
10 10 22 26 46 4 40
21 38 19 41 28 8 14
6 11 25 12 51 18 40
36 25 4 38 30 23 19
5 3 27 4 26 12 27
24 41 29 5 3 27 38
34 10 4 23 38 37 43
2 32 37 26 46 4 35
46 3 41 13 25 13 35
7 4 40 22 48 8 54
6 11 25 38 30 23 19
11 50 12 22 48 8 4
25 26 17 2 32 37 20
5 3 27 33 29 1 36
24 41 29 41 28 8 24
7 4 40 6 11 25 16
43 43 1 45 8 6 35
0 51 35 39 42 23 15
42 22 2 24 41 29 33
18 17 7 8 47 47 50
8 47 47 40 3 22 50
27 3 42 44 43 49 40
30 28 35 47 34 18 18
40 3 22 30 28 35 28
31 46 46 27 3 42 43
8 47 47 22 48 8 39
29 33 8 43 43 1 12
36 25 4 25 26 17 13
15 19 44 16 52 21 40
1 52 42 12 51 18 24
37 2 7 47 34 18 33
39 42 23 14 4 25 38
7 4 40 36 25 4 41
8 47 47 34 10 4 56
24 41 29 6 11 25 30
25 26 17 8 47 47 36
29 33 8 24 41 29 22
26 46 4 32 45 17 13
19 51 47 21 38 19 30
4 26 12 24 41 29 22
16 52 21 34 10 4 45
50 34 28 52 10 50 32
10 10 22 27 3 42 21
49 47 49 46 3 41 44
25 26 17 48 50 15 24
17 50 21 40 3 22 47
35 17 51 46 3 41 17
25 26 17 23 38 37 23
19 51 47 10 10 22 48
12 51 18 3 51 39 21
6 11 25 19 51 47 45
7 4 40 14 4 25 15
30 28 35 32 45 17 24
0 51 35 1 52 42 7
47 34 18 4 26 12 10
24 41 29 22 48 8 22
11 50 12 14 4 25 47
39 42 23 34 10 4 37
26 46 4 50 34 28 26
41 28 8 15 19 44 37
51 46 31 22 48 8 23
36 25 4 23 38 37 35
13 25 13 41 28 8 5
21 38 19 2 32 37 18
13 25 13 40 3 22 23
40 3 22 19 51 47 54
52 10 50 45 8 6 44
29 33 8 51 46 31 26
8 47 47 36 25 4 48
3 51 39 50 34 28 20
24 41 29 49 47 49 20
0 51 35 15 19 44 33
35 17 51 11 50 12 51
1 52 42 29 33 8 38
16 52 21 6 11 25 41
23 38 37 13 25 13 27
11 50 12 20 39 43 32
23 38 37 33 29 1 37
38 30 23 21 38 19 8
7 4 40 20 39 43 35
3 51 39 22 48 8 31
40 3 22 10 10 22 7
43 43 1 25 26 17 23
44 43 49 45 8 6 55
32 45 17 12 51 18 6
4 26 12 16 52 21 27
36 25 4 48 50 15 27
0 51 35 23 38 37 13
19 51 47 50 34 28 25
11 50 12 12 51 18 6
47 34 18 15 19 44 30
8 47 47 48 50 15 32
16 52 21 28 51 36 15
21 38 19 14 4 25 34
52 10 50 33 29 1 52
35 17 51 31 46 46 29
19 51 47 45 8 6 59
19 51 47 49 47 49 4
22 48 8 4 26 12 22
19 51 47 32 45 17 30
41 28 8 7 4 40 40
7 4 40 40 3 22 18
29 33 8 48 50 15 18
29 33 8 52 10 50 47
31 46 46 28 51 36 11
19 51 47 3 51 39 8
46 3 41 0 51 35 48
42 22 2 47 34 18 20
45 8 6 42 22 2 14
47 34 18 10 10 22 24
13 25 13 21 38 19 14
45 8 6 13 25 13 18
6 11 25 27 3 42 18
44 43 49 30 28 35 20
44 43 49 9 48 12 37
48 50 15 20 39 43 30
30 28 35 28 51 36 23
38 30 23 2 32 37 14
20 39 43 45 8 6 48
42 22 2 41 28 8 8
23 38 37 52 10 50 30
26 46 4 23 38 37 33
16 52 21 36 25 4 31
9 48 12 34 10 4 38
6 11 25 22 48 8 40
20 39 43 6 11 25 33
6 11 25 25 26 17 17
22 48 8 18 17 7 31
30 28 35 42 22 2 33
40 3 22 2 32 37 32
0 51 35 33 29 1 40
9 48 12 33 29 1 21
50 34 28 24 41 29 7
7 4 40 1 52 42 48
7 4 40 10 10 22 18
40 3 22 36 25 4 28
28 51 36 35 17 51 37
12 51 18 46 3 41 53
20 39 43 10 10 22 35
27 3 42 45 8 6 36
33 29 1 34 10 4 19
14 4 25 42 22 2 29
33 29 1 17 50 21 29
27 3 42 24 41 29 40
11 50 12 4 26 12 24
15 19 44 33 29 1 44
7 4 40 45 8 6 34
11 50 12 6 11 25 41
2 32 37 15 19 44 14
49 47 49 31 46 46 3
22 48 8 33 29 1 20
22 48 8 44 43 49 41
27 3 42 2 32 37 29
7 4 40 17 50 21 49
49 47 49 43 43 1 48
4 26 12 3 51 39 36
38 30 23 16 52 21 22
46 3 41 24 41 29 39
39 42 23 3 51 39 18
30 28 35 37 2 7 38
44 43 49 51 46 31 18
18 17 7 49 47 49 51
40 3 22 52 10 50 28
47 34 18 24 41 29 13
33 29 1 13 25 13 12
8 47 47 23 38 37 13
23 38 37 32 45 17 21
37 2 7 38 30 23 32
26 46 4 22 48 8 4
50 34 28 37 2 7 38
29 33 8 16 52 21 23
16 52 21 27 3 42 53
1 52 42 48 50 15 27
6 11 25 34 10 4 21
38 30 23 31 46 46 28
19 51 47 42 22 2 53
40 3 22 44 43 49 48
29 33 8 15 19 44 38
14 4 25 12 51 18 47
51 46 31 40 3 22 43
24 41 29 34 10 4 39
51 46 31 50 34 28 12
39 42 23 12 51 18 10
38 30 23 48 50 15 21
46 3 41 10 10 22 20
51 46 31 10 10 22 37
33 29 1 6 11 25 30
25 26 17 21 38 19 12
38 30 23 7 4 40 31
44 43 49 7 4 40 40
47 34 18 17 50 21 16
7 4 40 28 51 36 47
42 22 2 8 47 47 51
29 33 8 23 38 37 29
13 25 13 18 17 7 10
42 22 2 16 52 21 35
40 3 22 15 19 44 27
16 52 21 12 51 18 3
24 41 29 51 46 31 5
4 26 12 44 43 49 40
12 51 18 22 48 8 10
49 47 49 39 42 23 26
10 10 22 8 47 47 44
10 10 22 4 26 12 18
9 48 12 35 17 51 49
25 26 17 37 2 7 26
40 3 22 48 50 15 47
44 43 49 15 19 44 24
31 46 46 52 10 50 36
29 33 8 10 10 22 26
43 43 1 19 51 47 46
47 34 18 45 8 6 28
8 47 47 13 25 13 40
19 51 47 41 28 8 45
1 52 42 21 38 19 26
34 10 4 22 48 8 38
8 47 47 0 51 35 12
0 51 35 16 52 21 14
0 51 35 43 43 1 34
21 38 19 39 42 23 5
4 26 12 46 3 41 37
1 52 42 10 10 22 46
21 38 19 43 43 1 18
14 4 25 3 51 39 49
4 26 12 38 30 23 11
36 25 4 43 43 1 18
9 48 12 7 4 40 52
41 28 8 36 25 4 5
51 46 31 21 38 19 14
44 43 49 5 3 27 45
28 51 36 45 8 6 52
11 50 12 25 26 17 24
14 4 25 31 46 46 46
43 43 1 24 41 29 28
44 43 49 23 38 37 13
28 51 36 10 10 22 43
42 22 2 34 10 4 12
1 52 42 52 10 50 42
30 28 35 34 10 4 35
48 50 15 39 42 23 11
35 17 51 26 46 4 55
37 2 7 33 29 1 27
25 26 17 52 10 50 36
40 3 22 46 3 41 19
9 48 12 45 8 6 40
6 11 25 21 38 19 27
47 34 18 27 3 42 39
6 11 25 15 19 44 20
22 48 8 46 3 41 55
46 3 41 3 51 39 48
4 26 12 13 25 13 1
17 50 21 49 47 49 28
20 39 43 49 47 49 10
7 4 40 21 38 19 39
16 52 21 24 41 29 13
23 38 37 30 28 35 10
48 50 15 18 17 7 33
52 10 50 22 48 8 56
2 32 37 30 28 35 4
4 26 12 17 50 21 25
28 51 36 33 29 1 41
51 46 31 16 52 21 11
41 28 8 45 8 6 20
47 34 18 16 52 21 18
46 3 41 41 28 8 41
41 28 8 47 34 18 11
23 38 37 10 10 22 31
44 43 49 13 25 13 40
17 50 21 52 10 50 49
47 34 18 31 46 46 30
48 50 15 9 48 12 3
49 47 49 21 38 19 31
2 32 37 6 11 25 24
12 51 18 21 38 19 13
38 30 23 35 17 51 30
26 46 4 17 50 21 17
43 43 1 15 19 44 49
52 10 50 46 3 41 11
37 2 7 31 46 46 58
26 46 4 12 51 18 14
34 10 4 2 32 37 39
5 3 27 21 38 19 35
8 47 47 30 28 35 22
42 22 2 7 4 40 42
0 51 35 9 48 12 23
23 38 37 41 28 8 30
21 38 19 34 10 4 31
40 3 22 50 34 28 31
8 47 47 26 46 4 43
49 47 49 27 3 42 44
17 50 21 24 41 29 12
24 41 29 20 39 43 14
27 3 42 4 26 12 37
33 29 1 36 25 4 5
49 47 49 51 46 31 18
33 29 1 18 17 7 13
42 22 2 1 52 42 50
26 46 4 4 26 12 21
20 39 43 44 43 49 7
37 2 7 34 10 4 8
14 4 25 6 11 25 7
26 46 4 6 11 25 40
8 47 47 43 43 1 46
1 52 42 27 3 42 49
35 17 51 10 10 22 29
12 51 18 51 46 31 13
30 28 35 22 48 8 33
27 3 42 29 33 8 45
14 4 25 40 3 22 3
15 19 44 18 17 7 37
51 46 31 41 28 8 29
27 3 42 43 43 1 57
26 46 4 24 41 29 25
15 19 44 36 25 4 40
0 51 35 2 32 37 19
16 52 21 26 46 4 18
39 42 23 7 4 40 41
42 22 2 29 33 8 12
14 4 25 35 17 51 29
27 3 42 14 4 25 17
34 10 4 44 43 49 55
47 34 18 35 17 51 37
22 48 8 2 32 37 33
15 19 44 13 25 13 31
35 17 51 29 33 8 45
5 3 27 3 51 39 49
31 46 46 0 51 35 12
35 17 51 1 52 42 36
19 51 47 13 25 13 42
24 41 29 2 32 37 12
38 30 23 9 48 12 21
0 51 35 44 43 49 16
51 46 31 5 3 27 43
12 51 18 24 41 29 14
7 4 40 5 3 27 13
12 51 18 9 48 12 6
37 2 7 6 11 25 20
27 3 42 42 22 2 44
3 51 39 18 17 7 46
51 46 31 31 46 46 15
19 51 47 48 50 15 32
14 4 25 8 47 47 48
19 51 47 18 17 7 52
14 4 25 48 50 15 47
47 34 18 11 50 12 17
40 3 22 23 38 37 38
18 17 7 36 25 4 8
51 46 31 35 17 51 35
25 26 17 13 25 13 4
31 46 46 18 17 7 48
24 41 29 37 2 7 44
6 11 25 51 46 31 35
52 10 50 43 43 1 59
25 26 17 41 28 8 9
42 22 2 4 26 12 10
29 33 8 0 51 35 32
45 8 6 33 29 1 21
6 11 25 36 25 4 25
50 34 28 7 4 40 32
41 28 8 17 50 21 25
35 17 51 27 3 42 16
17 50 21 27 3 42 51
32 45 17 44 43 49 32
30 28 35 45 8 6 35
35 17 51 45 8 6 45
47 34 18 18 17 7 20
46 3 41 14 4 25 16
45 8 6 40 3 22 16
11 50 12 46 3 41 55
8 47 47 50 34 28 23
4 26 12 52 10 50 41
41 28 8 4 26 12 4
32 45 17 43 43 1 16
14 4 25 33 29 1 34
12 51 18 0 51 35 17
5 3 27 20 39 43 39
52 10 50 11 50 12 55
38 30 23 5 3 27 27
46 3 41 20 39 43 36
24 41 29 44 43 49 20
22 48 8 39 42 23 16
35 17 51 15 19 44 7
43 43 1 16 52 21 21
42 22 2 9 48 12 27
16 52 21 23 38 37 21
41 28 8 20 39 43 36
25 26 17 28 51 36 31
29 33 8 46 3 41 44
32 45 17 38 30 23 16
52 10 50 38 30 23 33
25 26 17 49 47 49 38
24 41 29 15 19 44 26
34 10 4 28 51 36 52
47 34 18 9 48 12 15
49 47 49 48 50 15 34
28 51 36 24 41 29 12
12 51 18 37 2 7 50
3 51 39 51 46 31 9
29 33 8 12 51 18 20
38 30 23 3 51 39 26
0 51 35 36 25 4 40
23 38 37 42 22 2 38
14 4 25 25 26 17 23
51 46 31 25 26 17 24
49 47 49 42 22 2 53
36 25 4 27 3 42 43
1 52 42 46 3 41 49
20 39 43 39 42 23 20
52 10 50 5 3 27 24
15 19 44 37 2 7 40
0 51 35 7 4 40 47
33 29 1 38 30 23 22
36 25 4 31 46 46 46
17 50 21 18 17 7 35
49 47 49 5 3 27 49
0 51 35 6 11 25 41
25 26 17 20 39 43 29
23 38 37 45 8 6 43
19 51 47 20 39 43 12
0 51 35 19 51 47 12
0 51 35 51 46 31 6
52 10 50 18 17 7 43
39 42 23 33 29 1 25
36 25 4 21 38 19 19
20 39 43 29 33 8 35
14 4 25 45 8 6 19
23 38 37 3 51 39 13
21 38 19 11 50 12 13
2 32 37 31 46 46 16
14 4 25 15 19 44 24
29 33 8 4 26 12 8
40 3 22 41 28 8 28
21 38 19 26 46 4 17
6 11 25 29 33 8 27
34 10 4 36 25 4 15
48 50 15 12 51 18 3
8 47 47 20 39 43 8
44 43 49 35 17 51 26
12 51 18 35 17 51 47
31 46 46 19 51 47 5
23 38 37 24 41 29 8
40 3 22 28 51 36 50
18 17 7 5 3 27 24
1 52 42 11 50 12 30
15 19 44 3 51 39 32
6 11 25 49 47 49 43
26 46 4 48 50 15 11
42 22 2 5 3 27 31
11 50 12 40 3 22 48
1 52 42 3 51 39 3
42 22 2 52 10 50 49
38 30 23 50 34 28 6
4 26 12 18 17 7 10
37 2 7 9 48 12 46
13 25 13 1 52 42 39
14 4 25 36 25 4 29
31 46 46 20 39 43 7
15 19 44 1 52 42 33
43 43 1 11 50 12 13
52 10 50 2 32 37 25
44 43 49 12 51 18 32
41 28 8 27 3 42 42
4 26 12 6 11 25 19
28 51 36 44 43 49 15
32 45 17 13 25 13 20
47 34 18 39 42 23 9
32 45 17 14 4 25 41
5 3 27 41 28 8 31
27 3 42 12 51 18 53
19 51 47 46 3 41 48
18 17 7 43 43 1 26
46 3 41 36 25 4 43
35 17 51 24 41 29 32
12 51 18 28 51 36 18
42 22 2 6 11 25 25
15 19 44 49 47 49 28
14 4 25 9 48 12 45
5 3 27 6 11 25 8
7 4 40 48 50 15 52
30 28 35 6 11 25 19
26 46 4 20 39 43 39
46 3 41 6 11 25 17
9 48 12 51 46 31 19
43 43 1 33 29 1 14
35 17 51 50 34 28 28
30 28 35 26 46 4 35
22 48 8 10 10 22 40
37 2 7 5 3 27 20
17 50 21 48 50 15 6
11 50 12 28 51 36 24
47 34 18 14 4 25 30
21 38 19 29 33 8 12
28 51 36 15 19 44 32
17 50 21 23 38 37 20
32 45 17 50 34 28 15
24 41 29 25 26 17 19
25 26 17 26 46 4 23
40 3 22 29 33 8 33
5 3 27 23 38 37 36
3 51 39 43 43 1 38
2 32 37 28 51 36 19
34 10 4 48 50 15 41
35 17 51 20 39 43 23
30 28 35 13 25 13 22
8 47 47 39 42 23 24
27 3 42 39 42 23 43
21 38 19 47 34 18 4
28 51 36 19 51 47 11
38 30 23 49 47 49 31
16 52 21 50 34 28 19
31 46 46 44 43 49 4
34 10 4 11 50 12 40
50 34 28 17 50 21 17
3 51 39 44 43 49 12
51 46 31 19 51 47 16
3 51 39 35 17 51 36
19 51 47 30 28 35 25
29 33 8 38 30 23 15
48 50 15 52 10 50 53
24 41 29 40 3 22 38
30 28 35 11 50 12 31
23 38 37 20 39 43 6
13 25 13 52 10 50 39
6 11 25 18 17 7 18
37 2 7 4 26 12 24
17 50 21 38 30 23 20
50 34 28 41 28 8 20
35 17 51 33 29 1 51
11 50 12 32 45 17 7
25 26 17 7 4 40 31
32 45 17 9 48 12 5
20 39 43 1 52 42 13
41 28 8 16 52 21 27
38 30 23 19 51 47 31
5 3 27 11 50 12 49
25 26 17 5 3 27 25
16 52 21 5 3 27 49
8 47 47 41 28 8 43
7 4 40 34 10 4 36
16 52 21 1 52 42 21
1 52 42 2 32 37 20
5 3 27 17 50 21 47
43 43 1 44 43 49 48
30 28 35 41 28 8 27
15 19 44 31 46 46 27
26 46 4 36 25 4 21
23 38 37 1 52 42 14
16 52 21 7 4 40 51
27 3 42 13 25 13 36
37 2 7 51 46 31 50
46 3 41 25 26 17 33
39 42 23 10 10 22 32
10 10 22 14 4 25 6
39 42 23 4 26 12 19
33 29 1 4 26 12 11
24 41 29 31 46 46 17
49 47 49 11 50 12 37
2 32 37 18 17 7 33
32 45 17 0 51 35 18
26 46 4 45 8 6 38
22 48 8 27 3 42 56
3 51 39 0 51 35 4
26 46 4 51 46 31 27
16 52 21 22 48 8 13
9 48 12 18 17 7 31
36 25 4 4 26 12 8
41 28 8 31 46 46 42
9 48 12 4 26 12 22
5 3 27 50 34 28 31
23 38 37 12 51 18 23
12 51 18 47 34 18 17
41 28 8 35 17 51 44
52 10 50 35 17 51 7
43 43 1 7 4 40 55
48 50 15 32 45 17 5
49 47 49 33 29 1 51
18 17 7 25 26 17 13
49 47 49 30 28 35 23
25 26 17 47 34 18 8
21 38 19 30 28 35 18
51 46 31 47 34 18 17
22 48 8 47 34 18 17
2 32 37 43 43 1 37
52 10 50 7 4 40 11
52 10 50 19 51 47 41
0 51 35 4 26 12 33
30 28 35 46 3 41 25
16 52 21 21 38 19 14
15 19 44 25 26 17 27
11 50 12 17 50 21 9
10 10 22 12 51 18 41
52 10 50 47 34 18 40
29 33 8 9 48 12 15
36 25 4 47 34 18 16
33 29 1 24 41 29 30
51 46 31 4 26 12 27
41 28 8 44 43 49 43
39 42 23 45 8 6 38
6 11 25 40 3 22 8
36 25 4 17 50 21 30
10 10 22 50 34 28 24
37 2 7 22 48 8 46
0 51 35 13 25 13 34
16 52 21 20 39 43 25
4 26 12 19 51 47 43
49 47 49 4 26 12 42
25 26 17 31 46 46 35
48 50 15 6 11 25 40
37 2 7 29 33 8 31
14 4 25 52 10 50 25
4 26 12 8 47 47 40
45 8 6 21 38 19 32
13 25 13 17 50 21 26
39 42 23 37 2 7 43
32 45 17 5 3 27 43
45 8 6 18 17 7 9
16 52 21 39 42 23 10
34 10 4 12 51 18 43
16 52 21 31 46 46 25
15 19 44 21 38 19 31
52 10 50 26 46 4 58
40 3 22 39 42 23 39
27 3 42 38 30 23 33
2 32 37 48 50 15 28
40 3 22 43 43 1 45
47 34 18 8 47 47 31
51 46 31 17 50 21 10
33 29 1 21 38 19 20
9 48 12 39 42 23 12
13 25 13 38 30 23 11
28 51 36 20 39 43 13
11 50 12 29 33 8 17
4 26 12 1 52 42 39
14 4 25 20 39 43 39
32 45 17 52 10 50 48
43 43 1 17 50 21 21
8 47 47 49 47 49 2
8 47 47 12 51 18 29
0 51 35 49 47 49 14
42 22 2 37 2 7 20
1 52 42 24 41 29 17
25 26 17 19 51 47 39
15 19 44 5 3 27 23
29 33 8 49 47 49 43
2 32 37 39 42 23 17
24 41 29 10 10 22 31
3 51 39 45 8 6 54
44 43 49 17 50 21 28
37 2 7 44 43 49 58
21 38 19 17 50 21 12
33 29 1 27 3 42 48
20 39 43 42 22 2 44
17 50 21 16 52 21 2
45 8 6 46 3 41 35
21 38 19 37 2 7 37
31 46 46 42 22 2 50
10 10 22 0 51 35 43
17 50 21 20 39 43 24
31 46 46 34 10 4 55
16 52 21 40 3 22 49
42 22 2 48 50 15 30
4 26 12 32 45 17 19
44 43 49 42 22 2 51
41 28 8 38 30 23 15
27 3 42 46 3 41 1
3 51 39 8 47 47 8
40 3 22 33 29 1 33
19 51 47 8 47 47 4
21 38 19 10 10 22 28
20 39 43 18 17 7 42
29 33 8 22 48 8 15
40 3 22 49 47 49 51
34 10 4 50 34 28 33
13 25 13 50 34 28 17
0 51 35 27 3 42 48
42 22 2 22 48 8 26
37 2 7 3 51 39 58
11 50 12 24 41 29 19
41 28 8 39 42 23 20
10 10 22 5 3 27 8
32 45 17 51 46 31 14
32 45 17 8 47 47 30
7 4 40 23 38 37 34
36 25 4 2 32 37 33
31 46 46 26 46 4 42
5 3 27 22 48 8 48
49 47 49 35 17 51 30
19 51 47 39 42 23 25
51 46 31 28 51 36 7
39 42 23 30 28 35 18
45 8 6 24 41 29 40
29 33 8 26 46 4 13
7 4 40 4 26 12 35
36 25 4 9 48 12 24
37 2 7 26 46 4 44
29 33 8 41 28 8 5
7 4 40 49 47 49 43
34 10 4 18 17 7 7
29 33 8 44 43 49 42
11 50 12 15 19 44 44
36 25 4 42 22 2 3
30 28 35 33 29 1 34
50 34 28 48 50 15 20
45 8 6 17 50 21 44
28 51 36 39 42 23 15
19 51 47 24 41 29 20
34 10 4 45 8 6 2
13 25 13 6 11 25 18
7 4 40 51 46 31 42
35 17 51 17 50 21 44
30 28 35 4 26 12 23
9 48 12 10 10 22 39
26 46 4 14 4 25 46
30 28 35 27 3 42 25
42 22 2 28 51 36 44
3 51 39 13 25 13 36
29 33 8 31 46 46 40
2 32 37 20 39 43 9
21 38 19 31 46 46 28
6 11 25 3 51 39 42
4 26 12 15 19 44 32
49 47 49 9 48 12 37
2 32 37 17 50 21 24
23 38 37 6 11 25 29
4 26 12 28 51 36 34
36 25 4 10 10 22 23
33 29 1 19 51 47 50
41 28 8 32 45 17 19
3 51 39 42 22 2 47
51 46 31 13 25 13 27
49 47 49 2 32 37 19
10 10 22 49 47 49 45
52 10 50 9 48 12 53
38 30 23 46 3 41 32
1 52 42 44 43 49 11
13 25 13 31 46 46 39
15 19 44 8 47 47 28
44 43 49 49 47 49 4
5 3 27 27 3 42 15
8 47 47 16 52 21 26
51 46 31 20 39 43 13
18 17 7 39 42 23 29
0 51 35 48 50 15 20
25 26 17 27 3 42 33
9 48 12 46 3 41 53
34 10 4 15 19 44 41
4 26 12 35 17 51 40
24 41 29 7 4 40 38
17 50 21 12 51 18 3
33 29 1 20 39 43 43
3 51 39 48 50 15 24
14 4 25 43 43 1 45
52 10 50 16 52 21 51
40 3 22 5 3 27 5
3 51 39 41 28 8 38
25 26 17 38 30 23 7
19 51 47 47 34 18 33
40 3 22 4 26 12 25
29 33 8 19 51 47 42
36 25 4 28 51 36 41
31 46 46 46 3 41 43
41 28 8 22 48 8 20
29 33 8 3 51 39 35
26 46 4 1 52 42 38
11 50 12 39 42 23 13
25 26 17 40 3 22 23
0 51 35 20 39 43 14
17 50 21 15 19 44 38
15 19 44 32 45 17 37
46 3 41 39 42 23 42
17 50 21 3 51 39 18
8 47 47 7 4 40 43
1 52 42 36 25 4 46
22 48 8 1 52 42 34
27 3 42 21 38 19 41
46 3 41 5 3 27 14
24 41 29 3 51 39 14
40 3 22 32 45 17 42
7 4 40 3 51 39 47
39 42 23 6 11 25 31
50 34 28 11 50 12 22
9 48 12 8 47 47 35
22 48 8 49 47 49 41
19 51 47 7 4 40 47
37 2 7 36 25 4 23
28 51 36 14 4 25 48
17 50 21 0 51 35 14
30 28 35 48 50 15 29
24 41 29 18 17 7 32
16 52 21 46 3 41 52
11 50 12 37 2 7 48
27 3 42 23 38 37 35
35 17 51 5 3 27 27
12 51 18 50 34 28 19
40 3 22 22 48 8 47
4 26 12 43 43 1 20
48 50 15 23 38 37 25
9 48 12 40 3 22 46
20 39 43 12 51 18 27
47 34 18 50 34 28 10
36 25 4 22 48 8 23
35 17 51 0 51 35 37
23 38 37 35 17 51 25
48 50 15 5 3 27 48
28 51 36 21 38 19 21
42 22 2 50 34 28 28
21 38 19 46 3 41 41
17 50 21 9 48 12 9
8 47 47 24 41 29 18
14 4 25 29 33 8 33
6 11 25 17 50 21 39
14 4 25 51 46 31 42
45 8 6 31 46 46 55
1 52 42 18 17 7 49
11 50 12 42 22 2 29
9 48 12 41 28 8 20
39 42 23 29 33 8 17
47 34 18 33 29 1 17
13 25 13 34 10 4 17
8 47 47 27 3 42 44
50 34 28 4 26 12 17
18 17 7 23 38 37 36
34 10 4 25 26 17 20
32 45 17 20 39 43 26
45 8 6 10 10 22 16
35 17 51 25 26 17 35
9 48 12 3 51 39 27
36 25 4 24 41 29 29
19 51 47 11 50 12 35
11 50 12 51 46 31 19
28 51 36 8 47 47 11
38 30 23 1 52 42 29
45 8 6 2 32 37 39
17 50 21 34 10 4 43
46 3 41 42 22 2 43
13 25 13 10 10 22 17
10 10 22 3 51 39 44
5 3 27 1 52 42 51
12 51 18 41 28 8 25
37 2 7 20 39 43 51
22 48 8 38 30 23 23
21 38 19 3 51 39 23
39 42 23 23 38 37 14
6 11 25 44 43 49 40
15 19 44 23 38 37 20
7 4 40 18 17 7 35
0 51 35 18 17 7 44
48 50 15 46 3 41 53
28 51 36 49 47 49 13
7 4 40 12 51 18 51
41 28 8 14 4 25 29
11 50 12 10 10 22 41
4 26 12 20 39 43 33
30 28 35 15 19 44 12
20 39 43 50 34 28 15
28 51 36 43 43 1 35
1 52 42 40 3 22 52
32 45 17 37 2 7 44
5 3 27 8 47 47 48
18 17 7 28 51 36 44
50 34 28 29 33 8 20
37 2 7 28 51 36 56
41 28 8 10 10 22 22
42 22 2 15 19 44 42
13 25 13 5 3 27 26
46 3 41 17 50 21 51
38 30 23 47 34 18 6
21 38 19 42 22 2 23
45 8 6 16 52 21 46
39 42 23 24 41 29 6
40 3 22 21 38 19 35
31 46 46 10 10 22 43
39 42 23 38 30 23 12
48 50 15 47 34 18 16
26 46 4 49 47 49 45
14 4 25 22 48 8 47
42 22 2 40 3 22 27
36 25 4 44 43 49 48
26 46 4 28 51 36 32
50 34 28 36 25 4 25
15 19 44 45 8 6 39
1 52 42 17 50 21 21
35 17 51 21 38 19 38
39 42 23 17 50 21 8
22 48 8 45 8 6 40
8 47 47 33 29 1 49
46 3 41 51 46 31 44
30 28 35 43 43 1 37
28 51 36 9 48 12 24
32 45 17 10 10 22 35
44 43 49 14 4 25 45
14 4 25 23 38 37 36
48 50 15 15 19 44 42
28 51 36 22 48 8 28
0 51 35 37 2 7 56
31 46 46 8 47 47 1
52 10 50 8 47 47 37
44 43 49 39 42 23 26
45 8 6 4 26 12 18
10 10 22 30 28 35 22
9 48 12 22 48 8 4
38 30 23 23 38 37 16
37 2 7 35 17 51 46
39 42 23 1 52 42 21
35 17 51 8 47 47 30
3 51 39 47 34 18 27
26 46 4 34 10 4 36
9 48 12 20 39 43 32
47 34 18 40 3 22 31
37 2 7 48 50 15 48
6 11 25 9 48 12 39
30 28 35 51 46 31 18
11 50 12 27 3 42 55
46 3 41 43 43 1 56
15 19 44 46 3 41 16
2 32 37 37 2 7 42
10 10 22 44 43 49 42
47 34 18 13 25 13 10
13 25 13 28 51 36 34
14 4 25 38 30 23 26
14 4 25 1 52 42 50
33 29 1 2 32 37 36
8 47 47 1 52 42 7
39 42 23 50 34 28 9
46 3 41 34 10 4 37
25 26 17 10 10 22 16
9 48 12 50 34 28 21
51 46 31 18 17 7 37
50 34 28 15 19 44 21
21 38 19 48 50 15 12
37 2 7 23 38 37 46
32 45 17 35 17 51 44
41 28 8 1 52 42 41
50 34 28 14 4 25 30
25 26 17 45 8 6 21
27 3 42 52 10 50 10
30 28 35 5 3 27 26
44 43 49 38 30 23 29
12 51 18 52 10 50 52
1 52 42 43 43 1 41
26 46 4 43 43 1 4
9 48 12 13 25 13 23
47 34 18 49 47 49 33
33 29 1 44 43 49 50
8 47 47 29 33 8 41
52 10 50 30 28 35 23
48 50 15 4 26 12 24
7 4 40 15 19 44 15
40 3 22 37 2 7 15
36 25 4 5 3 27 31
16 52 21 3 51 39 18
14 4 25 13 25 13 24
16 52 21 48 50 15 6
31 46 46 12 51 18 28
45 8 6 5 3 27 21
12 51 18 40 3 22 48
3 51 39 49 47 49 10
42 22 2 10 10 22 23
7 4 40 26 46 4 55
3 51 39 27 3 42 48
45 8 6 29 33 8 25
51 46 31 23 38 37 10
1 52 42 34 10 4 56
41 28 8 18 17 7 11
40 3 22 35 17 51 32
35 17 51 22 48 8 53
14 4 25 34 10 4 21
37 2 7 46 3 41 34
13 25 13 29 33 8 9
5 3 27 2 32 37 30
1 52 42 45 8 6 56
37 2 7 52 10 50 43
36 25 4 20 39 43 41
1 52 42 31 46 46 7
33 29 1 29 33 8 8
24 41 29 21 38 19 10
0 51 35 52 10 50 43
6 11 25 41 28 8 24
14 4 25 18 17 7 22
37 2 7 13 25 13 23
31 46 46 11 50 12 34
15 19 44 39 42 23 31
33 29 1 26 46 4 17
9 48 12 15 19 44 43
28 51 36 6 11 25 41
25 26 17 50 34 28 13