31 465
6 22 30 3 6 8 27
18 9 17 24 9 14 3
13 17 10 7 19 21 11
29 26 29 2 22 18 11
26 17 20 9 0 27 18
4 11 12 7 19 21 12
10 15 27 15 3 29 12
27 16 21 4 11 12 10
20 22 10 10 15 27 18
19 19 10 3 6 8 13
25 1 24 30 29 3 35
19 19 10 20 22 10 3
3 6 8 13 17 10 11
27 16 21 14 23 23 7
10 15 27 6 22 30 7
6 22 30 25 1 24 21
10 15 27 26 17 20 7
10 15 27 8 7 25 8
13 17 10 9 0 27 24
8 7 25 4 11 12 13
12 2 0 1 11 5 10
12 2 0 2 22 18 26
11 5 14 0 3 30 16
13 17 10 15 3 29 23
30 29 3 14 23 23 20
23 22 5 22 2 1 20
9 0 27 3 6 8 19
17 11 17 20 22 10 13
13 17 10 16 0 5 17
22 2 1 2 22 18 26
0 3 30 27 16 21 15
7 19 21 11 5 14 15
18 9 17 5 6 6 11
17 11 17 7 19 21 8
13 17 10 4 11 12 6
10 15 27 12 2 0 29
5 6 6 24 9 14 8
24 9 14 29 26 29 22
20 22 10 26 17 20 11
11 5 14 20 22 10 17
7 19 21 23 22 5 16
3 6 8 20 22 10 16
22 2 1 28 29 5 27
17 11 17 24 9 14 3
27 16 21 2 22 18 6
4 11 12 19 19 10 8
27 16 21 11 5 14 13
2 22 18 11 5 14 17
20 22 10 9 0 27 27
0 3 30 9 0 27 4
11 5 14 10 15 27 16
7 19 21 20 22 10 11
29 26 29 21 25 3 26
12 2 0 27 16 21 25
10 15 27 3 6 8 21
0 3 30 20 22 10 27
23 22 5 12 2 0 20
1 11 5 17 11 17 12
0 3 30 5 6 6 24
26 17 20 2 22 18 5
13 17 10 25 1 24 21
24 9 14 28 29 5 21
28 29 5 23 22 5 7
5 6 6 9 0 27 21
10 15 27 22 2 1 29
14 23 23 21 25 3 20
7 19 21 21 25 3 18
30 29 3 28 29 5 2
8 7 25 12 2 0 25
13 17 10 17 11 17 9
23 22 5 21 25 3 3
9 0 27 7 19 21 19
25 1 24 14 23 23 22
29 26 29 15 3 29 23
25 1 24 27 16 21 15
1 11 5 28 29 5 18
10 15 27 23 22 5 23
11 5 14 5 6 6 8
26 17 20 24 9 14 10
7 19 21 18 9 17 10
24 9 14 25 1 24 12
26 17 20 30 29 3 20
15 3 29 18 9 17 13
9 0 27 24 9 14 15
18 9 17 2 22 18 13
17 11 17 6 22 30 17
23 22 5 9 0 27 31
26 17 20 18 9 17 8
8 7 25 30 29 3 31
27 16 21 17 11 17 6
18 9 17 10 15 27 11
24 9 14 6 22 30 20
1 11 5 13 17 10 7
14 23 23 22 2 1 30
30 29 3 23 22 5 7
29 26 29 12 2 0 37
16 0 5 6 22 30 33
9 0 27 4 11 12 18
20 22 10 22 2 1 21
3 6 8 26 17 20 16
28 29 5 25 1 24 33
13 17 10 27 16 21 11
9 0 27 16 0 5 22
16 0 5 28 29 5 29
11 5 14 17 11 17 6
6 22 30 13 17 10 20
6 22 30 12 2 0 36
25 1 24 20 22 10 25
23 22 5 8 7 25 25
6 22 30 22 2 1 35
1 11 5 25 1 24 21
27 16 21 21 25 3 20
17 11 17 15 3 29 14
10 15 27 21 25 3 26
11 5 14 16 0 5 10
10 15 27 27 16 21 6
10 15 27 16 0 5 26
1 11 5 21 25 3 14
4 11 12 28 29 5 19
10 15 27 9 0 27 15
12 2 0 19 19 10 19
15 3 29 28 29 5 35
22 2 1 11 5 14 13
0 3 30 21 25 3 34
11 5 14 30 29 3 26
7 19 21 8 7 25 12
25 1 24 12 2 0 24
17 11 17 9 0 27 14
2 22 18 16 0 5 25
17 11 17 8 7 25 8
27 16 21 7 19 21 3
27 16 21 24 9 14 9
12 2 0 28 29 5 27
28 29 5 2 22 18 14
0 3 30 10 15 27 12
14 23 23 24 9 14 16
1 11 5 24 9 14 9
23 22 5 13 17 10 7
13 17 10 30 29 3 13
22 2 1 19 19 10 19
1 11 5 4 11 12 7
19 19 10 1 11 5 9
4 11 12 14 23 23 16
20 22 10 24 9 14 13
30 29 3 9 0 27 37
30 29 3 19 19 10 12
11 5 14 21 25 3 22
28 29 5 21 25 3 4
0 3 30 4 11 12 19
26 17 20 16 0 5 22
4 11 12 6 22 30 21
21 25 3 26 17 20 18
30 29 3 20 22 10 9
6 22 30 21 25 3 27
30 29 3 17 11 17 22
27 16 21 5 6 6 18
4 11 12 21 25 3 16
16 0 5 5 6 6 6
28 29 5 3 6 8 23
22 2 1 16 0 5 4
14 23 23 7 19 21 4
9 0 27 8 7 25 7
24 9 14 10 15 27 14
27 16 21 29 26 29 12
18 9 17 17 11 17 2
4 11 12 25 1 24 15
14 23 23 20 22 10 13
3 6 8 21 25 3 19
21 25 3 16 0 5 25
6 22 30 9 0 27 22
2 22 18 6 22 30 12
14 23 23 17 11 17 13
19 19 10 26 17 20 10
30 29 3 21 25 3 4
4 11 12 17 11 17 5
6 22 30 5 6 6 28
11 5 14 3 6 8 6
27 16 21 15 3 29 15
15 3 29 6 22 30 19
29 26 29 22 2 1 36
21 25 3 8 7 25 28
7 19 21 6 22 30 9
5 6 6 7 19 21 19
23 22 5 0 3 30 31
3 6 8 15 3 29 21
22 2 1 30 29 3 27
9 0 27 22 2 1 26
14 23 23 11 5 14 20
14 23 23 26 17 20 6
7 19 21 24 9 14 12
5 6 6 3 6 8 2
17 11 17 5 6 6 12
30 29 3 27 16 21 22
15 3 29 1 11 5 25
20 22 10 21 25 3 7
13 17 10 11 5 14 12
24 9 14 3 6 8 6
10 15 27 19 19 10 17
1 11 5 9 0 27 24
26 17 20 22 2 1 24
14 23 23 5 6 6 24
12 2 0 16 0 5 5
0 3 30 18 9 17 14
14 23 23 12 2 0 31
11 5 14 19 19 10 14
15 3 29 7 19 21 17
28 29 5 14 23 23 18
18 9 17 9 0 27 13
5 6 6 1 11 5 5
22 2 1 7 19 21 26
1 11 5 18 9 17 12
2 22 18 3 6 8 18
13 17 10 12 2 0 18
19 19 10 5 6 6 13
12 2 0 26 17 20 25
0 3 30 2 22 18 22
8 7 25 18 9 17 8
22 2 1 3 6 8 8
18 9 17 6 22 30 18
1 11 5 16 0 5 11
21 25 3 18 9 17 21
17 11 17 0 3 30 15
13 17 10 8 7 25 18
14 23 23 18 9 17 15
8 7 25 27 16 21 9
11 5 14 23 22 5 19
19 19 10 15 3 29 24
17 11 17 12 2 0 19
3 6 8 16 0 5 6
26 17 20 7 19 21 2
8 7 25 15 3 29 5
3 6 8 8 7 25 17
15 3 29 30 29 3 36
16 0 5 20 22 10 22
14 23 23 10 15 27 8
5 6 6 4 11 12 7
13 17 10 26 17 20 10
25 1 24 8 7 25 6
18 9 17 20 22 10 14
2 22 18 15 3 29 21
19 19 10 28 29 5 11
21 25 3 19 19 10 9
28 29 5 13 17 10 13
21 25 3 15 3 29 34
1 11 5 20 22 10 12
24 9 14 12 2 0 15
25 1 24 18 9 17 10
24 9 14 11 5 14 4
17 11 17 3 6 8 10
25 1 24 3 6 8 16
4 11 12 30 29 3 20
18 9 17 29 26 29 20
25 1 24 15 3 29 5
5 6 6 8 7 25 19
5 6 6 25 1 24 18
18 9 17 23 22 5 17
29 26 29 26 17 20 12
0 3 30 25 1 24 6
2 22 18 20 22 10 8
18 9 17 12 2 0 18
9 0 27 15 3 29 3
10 15 27 7 19 21 7
16 0 5 23 22 5 22
6 22 30 30 29 3 27
19 19 10 18 9 17 12
15 3 29 20 22 10 26
23 22 5 27 16 21 17
2 22 18 1 11 5 17
30 29 3 3 6 8 23
0 3 30 6 22 30 19
0 3 30 7 19 21 18
19 19 10 29 26 29 20
6 22 30 20 22 10 20
4 11 12 11 5 14 6
11 5 14 28 29 5 25
19 19 10 6 22 30 20
12 2 0 0 3 30 30
9 0 27 12 2 0 27
11 5 14 26 17 20 13
0 3 30 16 0 5 25
20 22 10 27 16 21 12
9 0 27 2 22 18 23
21 25 3 24 9 14 19
21 25 3 2 22 18 15
14 23 23 29 26 29 6
17 11 17 21 25 3 19
30 29 3 18 9 17 24
6 22 30 28 29 5 25
15 3 29 22 2 1 28
29 26 29 10 15 27 11
18 9 17 22 2 1 17
10 15 27 17 11 17 10
0 3 30 22 2 1 29
15 3 29 0 3 30 1
19 19 10 7 19 21 11
12 2 0 4 11 12 15
14 23 23 6 22 30 7
4 11 12 2 22 18 12
20 22 10 12 2 0 22
14 23 23 2 22 18 5
5 6 6 15 3 29 23
18 9 17 13 17 10 10
17 11 17 19 19 10 10
1 11 5 8 7 25 20
2 22 18 8 7 25 16
16 0 5 30 29 3 29
1 11 5 22 2 1 9
17 11 17 2 22 18 11
27 16 21 19 19 10 11
22 2 1 27 16 21 24
23 22 5 15 3 29 30
2 22 18 13 17 10 9
6 22 30 1 11 5 27
25 1 24 2 22 18 21
16 0 5 14 23 23 29
24 9 14 2 22 18 13
28 29 5 27 16 21 20
30 29 3 10 15 27 27
3 6 8 14 23 23 22
26 17 20 0 3 30 17
26 17 20 25 1 24 16
18 9 17 28 29 5 23
1 11 5 7 19 21 17
22 2 1 5 6 6 6
29 26 29 13 17 10 21
26 17 20 17 11 17 6
21 25 3 12 2 0 23
4 11 12 15 3 29 18
23 22 5 19 19 10 5
23 22 5 2 22 18 13
29 26 29 25 1 24 25
4 11 12 24 9 14 2
11 5 14 18 9 17 5
17 11 17 16 0 5 16
19 19 10 16 0 5 19
15 3 29 16 0 5 24
23 22 5 25 1 24 28
13 17 10 20 22 10 5
29 26 29 28 29 5 24
18 9 17 3 6 8 9
30 29 3 0 3 30 37
1 11 5 23 22 5 11
28 29 5 17 11 17 21
22 2 1 21 25 3 23
14 23 23 0 3 30 21
19 19 10 2 22 18 8
26 17 20 28 29 5 19
29 26 29 30 29 3 26
23 22 5 3 6 8 16
11 5 14 1 11 5 10
29 26 29 0 3 30 23
11 5 14 29 26 29 25
19 19 10 24 9 14 10
5 6 6 30 29 3 23
5 6 6 12 2 0 7
21 25 3 13 17 10 10
0 3 30 24 9 14 17
6 22 30 26 17 20 11
24 9 14 30 29 3 22
14 23 23 15 3 29 20
9 0 27 28 29 5 36
8 7 25 6 22 30 15
22 2 1 25 1 24 23
13 17 10 22 2 1 17
5 6 6 21 25 3 19
1 11 5 3 6 8 5
16 0 5 8 7 25 21
7 19 21 29 26 29 10
29 26 29 8 7 25 19
28 29 5 20 22 10 8
29 26 29 6 22 30 4
28 29 5 7 19 21 18
27 16 21 9 0 27 17
22 2 1 12 2 0 1
0 3 30 28 29 5 36
21 25 3 9 0 27 34
8 7 25 11 5 14 11
24 9 14 15 3 29 16
11 5 14 25 1 24 10
24 9 14 16 0 5 12
22 2 1 24 9 14 14
16 0 5 27 16 21 22
7 19 21 25 1 24 18
0 3 30 13 17 10 24
7 19 21 12 2 0 27
28 29 5 8 7 25 29
18 9 17 27 16 21 8
19 19 10 0 3 30 25
18 9 17 4 11 12 5
5 6 6 10 15 27 22
5 6 6 13 17 10 11
10 15 27 1 11 5 22
14 23 23 1 11 5 21
1 11 5 26 17 20 16
23 22 5 6 22 30 25
23 22 5 29 26 29 24
14 23 23 8 7 25 16
8 7 25 24 9 14 11
12 2 0 3 6 8 8
1 11 5 29 26 29 28
17 11 17 23 22 5 16
26 17 20 4 11 12 10
8 7 25 19 19 10 19
17 11 17 22 2 1 18
6 22 30 27 16 21 10
27 16 21 1 11 5 16
25 1 24 9 0 27 3
9 0 27 14 23 23 23
14 23 23 13 17 10 14
12 2 0 11 5 14 14
24 9 14 23 22 5 15
25 1 24 10 15 27 14
13 17 10 24 9 14 8
30 29 3 7 19 21 20
4 11 12 22 2 1 14
7 19 21 2 22 18 4
26 17 20 8 7 25 11
23 22 5 14 23 23 18
29 26 29 5 6 6 30
4 11 12 29 26 29 22
7 19 21 16 0 5 24
21 25 3 25 1 24 31
11 5 14 6 22 30 23
10 15 27 28 29 5 26
3 6 8 4 11 12 6
5 6 6 23 22 5 16
11 5 14 15 3 29 15
0 3 30 1 11 5 26
13 17 10 19 19 10 2
2 22 18 30 29 3 16
26 17 20 27 16 21 1
5 6 6 28 29 5 23
3 6 8 0 3 30 22
19 19 10 25 1 24 22
8 7 25 0 3 30 6
13 17 10 10 15 27 17
27 16 21 3 6 8 16
2 22 18 10 15 27 11
18 9 17 16 0 5 15
12 2 0 30 29 3 27
14 23 23 19 19 10 13
4 11 12 23 22 5 13
29 26 29 16 0 5 35
8 7 25 20 22 10 21
10 15 27 4 11 12 15
7 19 21 3 6 8 18
26 17 20 15 3 29 16
2 22 18 5 6 6 20
20 22 10 23 22 5 5
1 11 5 30 29 3 18
25 1 24 17 11 17 12
15 3 29 12 2 0 29
19 19 10 9 0 27 25
25 1 24 16 0 5 19
20 22 10 4 11 12 11
5 6 6 20 22 10 16
5 6 6 26 17 20 17
17 11 17 29 26 29 19
20 22 10 29 26 29 19
16 0 5 4 11 12 13
26 17 20 23 22 5 15
29 26 29 3 6 8 29
9 0 27 11 5 14 13
9 0 27 29 26 29 26
22 2 1 8 7 25 24