74 2701
10 60 18 68 53 62 44
7 69 63 63 52 59 17
1 16 14 60 60 11 44
68 53 62 63 52 59 3
36 10 24 45 32 18 22
30 30 31 67 54 47 28
6 34 4 49 28 34 30
62 48 60 67 54 47 14
6 34 4 67 54 47 47
0 15 72 12 19 21 51
15 52 65 2 53 68 3
22 17 56 52 2 16 42
63 52 59 17 10 43 44
11 15 58 33 27 20 39
1 16 14 65 26 24 14
37 37 52 23 69 17 47
72 69 52 70 8 73 64
57 43 30 32 39 8 22
12 19 21 23 69 17 50
19 14 63 25 9 35 28
12 19 21 17 10 43 23
72 69 52 32 39 8 53
41 58 9 32 39 8 19
43 57 6 1 16 14 41
70 8 73 2 53 68 45
16 72 6 64 73 16 10
52 2 16 57 43 30 43
47 19 35 48 69 68 59
54 31 49 33 27 20 29
19 14 63 68 53 62 39
30 30 31 18 53 13 29
55 15 54 22 17 56 2
20 33 9 35 25 8 8
24 60 15 49 28 34 37
3 51 69 67 54 47 22
52 2 16 30 30 31 31
71 15 48 65 26 24 26
33 27 20 52 2 16 25
13 56 73 44 6 50 55
52 2 16 21 57 30 56
65 26 24 61 38 47 25
38 55 25 55 15 54 49
58 21 32 36 10 24 13
18 53 13 73 11 64 66
70 8 73 13 56 73 48
1 16 14 12 19 21 7
47 19 35 35 25 8 27
21 57 30 51 64 13 18
68 53 62 20 33 9 56
67 54 47 19 14 63 43
18 53 13 21 57 30 17
51 64 13 26 3 58 75
21 57 30 38 55 25 5
24 60 15 32 39 8 22
19 14 63 37 37 52 25
67 54 47 12 19 21 43
29 3 63 22 17 56 15
1 16 14 20 33 9 17
63 52 59 0 15 72 39
50 44 38 28 20 34 24
27 11 31 6 34 4 35
15 52 65 49 28 34 39
33 27 20 60 60 11 34
54 31 49 51 64 13 48
33 27 20 27 11 31 19
46 38 60 1 16 14 50
73 11 64 49 28 34 34
52 2 16 66 49 16 47
71 15 48 72 69 52 54
40 19 1 56 53 21 39
29 3 63 9 8 2 61
14 70 27 39 69 64 37
27 11 31 13 56 73 61
34 11 5 58 21 32 28
67 54 47 69 14 38 41
41 58 9 58 21 32 43
65 26 24 53 69 18 43
36 10 24 41 58 9 50
59 30 6 45 32 18 12
28 20 34 30 30 31 10
70 8 73 34 11 5 68
19 14 63 52 2 16 48
34 11 5 19 14 63 58
64 73 16 67 54 47 36
18 53 13 11 15 58 58
22 17 56 66 49 16 51
10 60 18 31 14 55 59
54 31 49 49 28 34 15
44 6 50 48 69 68 65
50 44 38 59 30 6 34
35 25 8 32 39 8 14
5 24 55 21 57 30 41
9 8 2 3 51 69 79
15 52 65 4 31 72 22
7 69 63 44 6 50 64
46 38 60 19 14 63 24
55 15 54 71 15 48 6
6 34 4 60 60 11 26
41 58 9 51 64 13 7
8 38 31 48 69 68 48
21 57 30 14 70 27 13
33 27 20 40 19 1 20
10 60 18 49 28 34 35
30 30 31 4 31 72 41
42 58 12 70 8 73 78
46 38 60 61 38 47 13
25 9 35 45 32 18 28
61 38 47 59 30 6 41
19 14 63 11 15 58 5
68 53 62 72 69 52 18
1 16 14 18 53 13 37
30 30 31 11 15 58 30
8 38 31 54 31 49 19
5 24 55 69 14 38 19
22 17 56 38 55 25 49
28 20 34 33 27 20 15
5 24 55 9 8 2 55
64 73 16 68 53 62 50
53 69 18 37 37 52 46
16 72 6 52 2 16 70
58 21 32 2 53 68 48
14 70 27 27 11 31 59
26 3 58 14 70 27 73
60 60 11 67 54 47 36
29 3 63 16 72 6 89
16 72 6 57 43 30 37
27 11 31 67 54 47 45
10 60 18 16 72 6 16
69 14 38 35 25 8 31
11 15 58 31 14 55 3
17 10 43 68 53 62 47
26 3 58 27 11 31 28
41 58 9 25 9 35 55
50 44 38 63 52 59 22
47 19 35 42 58 12 45
26 3 58 15 52 65 49
7 69 63 37 37 52 33
68 53 62 33 27 20 49
67 54 47 24 60 15 32
53 69 18 20 33 9 37
17 10 43 59 30 6 42
11 15 58 3 51 69 37
72 69 52 66 49 16 41
32 39 8 43 57 6 18
17 10 43 20 33 9 41
21 57 30 11 15 58 50
19 14 63 32 39 8 60
43 57 6 26 3 58 74
47 19 35 18 53 13 40
15 52 65 14 70 27 42
68 53 62 14 70 27 38
68 53 62 52 2 16 68
47 19 35 1 16 14 21
64 73 16 62 48 60 50
15 52 65 57 43 30 36
27 11 31 58 21 32 10
58 21 32 64 73 16 54
2 53 68 20 33 9 62
14 70 27 3 51 69 46
31 14 55 51 64 13 65
64 73 16 66 49 16 24
58 21 32 72 69 52 52
23 69 17 66 49 16 20
41 58 9 5 24 55 57
21 57 30 15 52 65 35
19 14 63 39 69 64 55
72 69 52 56 53 21 34
3 51 69 46 38 60 15
52 2 16 26 3 58 42
69 14 38 68 53 62 45
32 39 8 14 70 27 36
55 15 54 4 31 72 24
65 26 24 38 55 25 29
70 8 73 15 52 65 44
36 10 24 47 19 35 14
56 53 21 26 3 58 62
45 32 18 34 11 5 24
41 58 9 16 72 6 14
57 43 30 47 19 35 24
4 31 72 14 70 27 59
42 58 12 60 60 11 2
49 28 34 31 14 55 25
40 19 1 2 53 68 75
73 11 64 3 51 69 40
68 53 62 45 32 18 48
64 73 16 37 37 52 50
66 49 16 25 9 35 44
8 38 31 72 69 52 37
43 57 6 44 6 50 67
62 48 60 73 11 64 37
24 60 15 56 53 21 9
34 11 5 20 33 9 22
50 44 38 71 15 48 30
4 31 72 54 31 49 23
25 9 35 39 69 64 66
54 31 49 22 17 56 15
4 31 72 18 53 13 62
44 6 50 40 19 1 50
70 8 73 71 15 48 25
68 53 62 48 69 68 17
5 24 55 19 14 63 12
3 51 69 27 11 31 55
32 39 8 55 15 54 51
71 15 48 27 11 31 17
37 37 52 62 48 60 13
19 14 63 1 16 14 49
62 48 60 27 11 31 47
49 28 34 56 53 21 28
58 21 32 0 15 72 40
31 14 55 32 39 8 53
14 70 27 53 69 18 9
68 53 62 23 69 17 47
43 57 6 9 8 2 49
64 73 16 12 19 21 54
73 11 64 17 10 43 21
63 52 59 3 51 69 10
41 58 9 19 14 63 69
73 11 64 30 30 31 38
43 57 6 10 60 18 12
17 10 43 33 27 20 28
8 38 31 30 30 31 8
7 69 63 6 34 4 68
1 16 14 69 14 38 24
8 38 31 45 32 18 14
71 15 48 62 48 60 35
0 15 72 6 34 4 70
64 73 16 3 51 69 57
25 9 35 58 21 32 12
61 38 47 52 2 16 47
58 21 32 8 38 31 17
48 69 68 18 53 13 57
13 56 73 41 58 9 64
14 70 27 36 10 24 60
52 2 16 59 30 6 29
68 53 62 36 10 24 57
44 6 50 58 21 32 23
15 52 65 67 54 47 18
34 11 5 51 64 13 53
13 56 73 24 60 15 58
8 38 31 62 48 60 30
10 60 18 53 69 18 9
63 52 59 70 8 73 46
2 53 68 26 3 58 50
37 37 52 41 58 9 47
26 3 58 60 60 11 73
37 37 52 27 11 31 33
56 53 21 45 32 18 21
40 19 1 57 43 30 37
59 30 6 44 6 50 50
27 11 31 70 8 73 42
35 25 8 43 57 6 32
11 15 58 58 21 32 26
8 38 31 50 44 38 9
61 38 47 4 31 72 25
25 9 35 26 3 58 23
32 39 8 56 53 21 19
68 53 62 29 3 63 50
29 3 63 24 60 15 74
16 72 6 65 26 24 49
33 27 20 53 69 18 42
10 60 18 67 54 47 29
2 53 68 30 30 31 43
55 15 54 73 11 64 10
62 48 60 45 32 18 44
54 31 49 52 2 16 43
66 49 16 55 15 54 50
15 52 65 46 38 60 14
25 9 35 37 37 52 32
39 69 64 56 53 21 45
51 64 13 25 9 35 59
5 24 55 16 72 6 68
20 33 9 22 17 56 49
31 14 55 28 20 34 21
69 14 38 23 69 17 58
37 37 52 14 70 27 41
43 57 6 15 52 65 59
64 73 16 2 53 68 55
38 55 25 36 10 24 45
66 49 16 65 26 24 24
72 69 52 53 69 18 34
25 9 35 57 43 30 34
7 69 63 26 3 58 66
29 3 63 45 32 18 53
39 69 64 58 21 32 57
9 8 2 57 43 30 44
34 11 5 13 56 73 81
19 14 63 36 10 24 39
72 69 52 52 2 16 76
23 69 17 73 11 64 74
13 56 73 10 60 18 55
48 69 68 2 53 68 16
32 39 8 69 14 38 39
67 54 47 26 3 58 52
58 21 32 4 31 72 41
33 27 20 20 33 9 12
57 43 30 43 57 6 27
5 24 55 50 44 38 26
7 69 63 22 17 56 52
30 30 31 60 60 11 36
37 37 52 68 53 62 18
15 52 65 54 31 49 26
51 64 13 19 14 63 70
11 15 58 44 6 50 12
23 69 17 24 60 15 9
33 27 20 67 54 47 38
55 15 54 3 51 69 39
53 69 18 45 32 18 37
39 69 64 69 14 38 60
62 48 60 47 19 35 38
35 25 8 64 73 16 48
63 52 59 27 11 31 49
26 3 58 35 25 8 54
57 43 30 65 26 24 18
48 69 68 42 58 12 57
33 27 20 62 48 60 45
2 53 68 17 10 43 49
69 14 38 42 58 12 51
10 60 18 37 37 52 41
15 52 65 27 11 31 53
29 3 63 19 14 63 11
12 19 21 71 15 48 27
39 69 64 42 58 12 53
5 24 55 62 48 60 24
64 73 16 26 3 58 81
71 15 48 17 10 43 7
57 43 30 21 57 30 14
27 11 31 31 14 55 24
35 25 8 19 14 63 56
36 10 24 2 53 68 61
19 14 63 62 48 60 34
45 32 18 17 10 43 33
17 10 43 19 14 63 20
64 73 16 71 15 48 66
54 31 49 43 57 6 50
38 55 25 47 19 35 37
54 31 49 10 60 18 42
66 49 16 35 25 8 25
41 58 9 10 60 18 9
55 15 54 18 53 13 55
22 17 56 71 15 48 8
2 53 68 61 38 47 25
40 19 1 3 51 69 75
51 64 13 16 72 6 10
15 52 65 44 6 50 48
49 28 34 53 69 18 44
72 69 52 36 10 24 65
58 21 32 49 28 34 7
35 25 8 10 60 18 36
53 69 18 15 52 65 49
68 53 62 12 19 21 53
68 53 62 2 53 68 6
56 53 21 70 8 73 68
61 38 47 62 48 60 16
1 16 14 42 58 12 42
25 9 35 8 38 31 29
71 15 48 68 53 62 40
47 19 35 32 39 8 33
11 15 58 24 60 15 62
48 69 68 15 52 65 17
39 69 64 40 19 1 80
38 55 25 63 52 59 34
30 30 31 48 69 68 53
34 11 5 68 53 62 70
50 44 38 29 3 63 48
13 56 73 64 73 16 59
64 73 16 9 8 2 66
43 57 6 24 60 15 9
34 11 5 15 52 65 72
5 24 55 4 31 72 18
72 69 52 54 31 49 38
0 15 72 11 15 58 14
63 52 59 59 30 6 57
62 48 60 69 14 38 40
28 20 34 55 15 54 20
55 15 54 16 72 6 74
10 60 18 19 14 63 64
62 48 60 15 52 65 6
12 19 21 7 69 63 65
52 2 16 14 70 27 68
65 26 24 60 60 11 36
60 60 11 27 11 31 52
71 15 48 3 51 69 41
12 19 21 38 55 25 36
5 24 55 65 26 24 31
69 14 38 45 32 18 26
3 51 69 66 49 16 53
26 3 58 39 69 64 66
64 73 16 59 30 6 44
11 15 58 69 14 38 20
61 38 47 30 30 31 17
42 58 12 22 17 56 60
59 30 6 68 53 62 60
1 16 14 14 70 27 55
2 53 68 60 60 11 57
62 48 60 24 60 15 46
47 19 35 5 24 55 20
43 57 6 68 53 62 56
47 19 35 69 14 38 5
47 19 35 7 69 63 57
44 6 50 69 14 38 14
35 25 8 52 2 16 24
25 9 35 16 72 6 69
32 39 8 49 28 34 28
47 19 35 28 20 34 1
39 69 64 15 52 65 17
4 31 72 20 33 9 63
39 69 64 13 56 73 15
54 31 49 2 53 68 29
32 39 8 23 69 17 31
25 9 35 61 38 47 31
18 53 13 27 11 31 45
31 14 55 1 16 14 41
23 69 17 60 60 11 10
73 11 64 2 53 68 42
34 11 5 25 9 35 30
66 49 16 29 3 63 65
63 52 59 49 28 34 34
10 60 18 33 27 20 33
26 3 58 50 44 38 45
32 39 8 63 52 59 52
45 32 18 16 72 6 41
7 69 63 50 44 38 35
51 64 13 12 19 21 45
7 69 63 13 56 73 16
5 24 55 29 3 63 22
64 73 16 52 2 16 71
44 6 50 14 70 27 68
61 38 47 39 69 64 35
57 43 30 42 58 12 23
46 38 60 29 3 63 35
27 11 31 59 30 6 31
8 38 31 42 58 12 27
38 55 25 6 34 4 29
47 19 35 21 57 30 38
20 33 9 60 60 11 27
59 30 6 62 48 60 56
57 43 30 17 10 43 35
67 54 47 38 55 25 22
40 19 1 21 57 30 47
51 64 13 13 56 73 60
70 8 73 64 73 16 86
34 11 5 3 51 69 75
6 34 4 22 17 56 54
38 55 25 52 2 16 53
52 2 16 70 8 73 57
0 15 72 36 10 24 48
51 64 13 70 8 73 82
13 56 73 71 15 48 48
58 21 32 21 57 30 36
28 20 34 18 53 13 39
15 52 65 50 44 38 28
22 17 56 65 26 24 33
25 9 35 67 54 47 46
51 64 13 59 30 6 34
54 31 49 42 58 12 45
29 3 63 58 21 32 35
61 38 47 43 57 6 45
33 27 20 58 21 32 13
6 34 4 15 52 65 63
52 2 16 39 69 64 82
29 3 63 36 10 24 39
13 56 73 35 25 8 72
21 57 30 19 14 63 54
21 57 30 17 10 43 48
21 57 30 48 69 68 39
30 30 31 51 64 13 38
71 15 48 7 69 63 56
58 21 32 23 69 17 50
19 14 63 45 32 18 48
44 6 50 46 38 60 33
15 52 65 52 2 16 70
43 57 6 62 48 60 54
59 30 6 9 8 2 22
72 69 52 22 17 56 52
17 10 43 1 16 14 29
43 57 6 29 3 63 78
26 3 58 24 60 15 71
51 64 13 71 15 48 60
22 17 56 10 60 18 57
65 26 24 9 8 2 28
22 17 56 5 24 55 7
73 11 64 40 19 1 63
20 33 9 51 64 13 31
46 38 60 24 60 15 50
43 57 6 20 33 9 24
15 52 65 12 19 21 55
26 3 58 55 15 54 12
9 8 2 71 15 48 46
72 69 52 45 32 18 50
24 60 15 63 52 59 44
51 64 13 32 39 8 25
53 69 18 67 54 47 32
1 16 14 64 73 16 57
20 33 9 6 34 4 5
36 10 24 54 31 49 32
34 11 5 61 38 47 49
65 26 24 0 15 72 49
21 57 30 42 58 12 18
55 15 54 49 28 34 23
22 17 56 47 19 35 21
69 14 38 36 10 24 14
54 31 49 28 20 34 18
39 69 64 32 39 8 63
64 73 16 21 57 30 21
54 31 49 46 38 60 13
29 3 63 2 53 68 50
4 31 72 66 49 16 58
31 14 55 36 10 24 31
17 10 43 4 31 72 35
70 8 73 67 54 47 52
69 14 38 25 9 35 5
38 55 25 31 14 55 50
65 26 24 11 15 58 35
62 48 60 29 3 63 45
49 28 34 59 30 6 28
59 30 6 29 3 63 63
56 53 21 22 17 56 50
47 19 35 64 73 16 57
35 25 8 23 69 17 44
45 32 18 32 39 8 12
67 54 47 59 30 6 47
57 43 30 7 69 63 42
29 3 63 51 64 13 78
54 31 49 34 11 5 48
61 38 47 72 69 52 31
55 15 54 68 53 62 38
13 56 73 37 37 52 28
8 38 31 14 70 27 32
10 60 18 11 15 58 60
51 64 13 27 11 31 55
72 69 52 64 73 16 36
52 2 16 27 11 31 17
12 19 21 47 19 35 14
60 60 11 49 28 34 39
9 8 2 24 60 15 53
12 19 21 32 39 8 23
28 20 34 17 10 43 13
35 25 8 24 60 15 35
25 9 35 24 60 15 54
35 25 8 37 37 52 45
20 33 9 46 38 60 51
9 8 2 47 19 35 34
46 38 60 17 10 43 32
10 60 18 6 34 4 29
45 32 18 15 52 65 51
48 69 68 20 33 9 69
42 58 12 11 15 58 62
42 58 12 28 20 34 43
44 6 50 21 57 30 54
16 72 6 50 44 38 42
3 51 69 24 60 15 54
34 11 5 42 58 12 47
34 11 5 11 15 58 53
70 8 73 44 6 50 23
3 51 69 57 43 30 39
9 8 2 30 30 31 36
20 33 9 70 8 73 68
33 27 20 37 37 52 33
70 8 73 30 30 31 47
45 32 18 35 25 8 12
41 58 9 50 44 38 32
23 69 17 18 53 13 16
7 69 63 67 54 47 21
54 31 49 13 56 73 34
18 53 13 46 38 60 49
53 69 18 25 9 35 62
35 25 8 39 69 64 71
4 31 72 53 69 18 66
30 30 31 10 60 18 32
6 34 4 29 3 63 66
16 72 6 42 58 12 15
50 44 38 0 15 72 44
11 15 58 27 11 31 27
11 15 58 64 73 16 71
24 60 15 73 11 64 69
16 72 6 56 53 21 24
17 10 43 34 11 5 38
25 9 35 48 69 68 68
43 57 6 12 19 21 40
41 58 9 2 53 68 59
31 14 55 53 69 18 66
73 11 64 65 26 24 42
0 15 72 3 51 69 36
49 28 34 43 57 6 40
47 19 35 29 3 63 32
70 8 73 11 15 58 16
72 69 52 27 11 31 61
60 60 11 5 24 55 56
47 19 35 58 21 32 3
20 33 9 38 55 25 27
34 11 5 55 15 54 49
58 21 32 43 57 6 44
26 3 58 42 58 12 71
42 58 12 6 34 4 25
68 53 62 0 15 72 39
70 8 73 50 44 38 50
67 54 47 8 38 31 22
45 32 18 64 73 16 41
0 15 72 46 38 60 25
67 54 47 43 57 6 41
62 48 60 6 34 4 57
64 73 16 5 24 55 62
73 11 64 53 69 18 74
10 60 18 62 48 60 43
12 19 21 54 31 49 30
10 60 18 55 15 54 57
16 72 6 39 69 64 58
64 73 16 32 39 8 34
64 73 16 27 11 31 63
30 30 31 44 6 50 30
36 10 24 15 52 65 58
45 32 18 0 15 72 56
9 8 2 12 19 21 21
33 27 20 38 55 25 28
15 52 65 38 55 25 40
5 24 55 1 16 14 41
6 34 4 70 8 73 73
53 69 18 19 14 63 71
5 24 55 33 27 20 35
33 27 20 2 53 68 54
2 53 68 53 69 18 52
71 15 48 18 53 13 51
13 56 73 30 30 31 49
51 64 13 57 43 30 27
38 55 25 41 58 9 16
50 44 38 17 10 43 34
64 73 16 41 58 9 16
53 69 18 60 60 11 11
34 11 5 5 24 55 51
3 51 69 23 69 17 55
41 58 9 73 11 64 72
38 55 25 39 69 64 41
68 53 62 26 3 58 50
8 38 31 5 24 55 27
39 69 64 64 73 16 48
65 26 24 23 69 17 43
22 17 56 50 44 38 32
46 38 60 23 69 17 53
8 38 31 24 60 15 27
1 16 14 8 38 31 27
73 11 64 69 14 38 26
51 64 13 43 57 6 9
6 34 4 30 30 31 27
68 53 62 32 39 8 55
26 3 58 71 15 48 15
23 69 17 38 55 25 16
71 15 48 8 38 31 28
49 28 34 44 6 50 27
72 69 52 17 10 43 59
57 43 30 22 17 56 36
39 69 64 63 52 59 17
48 69 68 38 55 25 45
31 14 55 23 69 17 66
39 69 64 0 15 72 54
41 58 9 1 16 14 42
56 53 21 14 70 27 18
60 60 11 61 38 47 42
43 57 6 22 17 56 64
36 10 24 43 57 6 50
51 64 13 62 48 60 49
33 27 20 72 69 52 52
52 2 16 3 51 69 72
17 10 43 31 14 55 12
21 57 30 26 3 58 60
65 26 24 50 44 38 22
4 31 72 56 53 21 55
60 60 11 25 9 35 56
56 53 21 51 64 13 13
12 19 21 24 60 15 41
34 11 5 6 34 4 23
42 58 12 61 38 47 40
18 53 13 63 52 59 46
52 2 16 6 34 4 34
45 32 18 66 49 16 17
73 11 64 7 69 63 58
30 30 31 37 37 52 22
38 55 25 40 19 1 43
21 57 30 33 27 20 31
24 60 15 36 10 24 50
7 69 63 5 24 55 45
50 44 38 1 16 14 36
21 57 30 4 31 72 49
7 69 63 69 14 38 60
9 8 2 4 31 72 73
67 54 47 22 17 56 38
32 39 8 28 20 34 32
8 38 31 38 55 25 18
26 3 58 11 15 58 12
49 28 34 21 57 30 29
61 38 47 14 70 27 37
63 52 59 28 20 34 40
68 53 62 8 38 31 34
16 72 6 48 69 68 62
67 54 47 31 14 55 40
4 31 72 44 6 50 33
48 69 68 46 38 60 32
59 30 6 56 53 21 27
53 69 18 16 72 6 12
22 17 56 51 64 13 63
25 9 35 47 19 35 10
42 58 12 4 31 72 65
18 53 13 54 31 49 42
7 69 63 48 69 68 5
24 60 15 57 43 30 22
41 58 9 15 52 65 56
29 3 63 8 38 31 47
14 70 27 73 11 64 69
71 15 48 67 54 47 39
3 51 69 32 39 8 62
20 33 9 9 8 2 25
61 38 47 64 73 16 46
71 15 48 30 30 31 22
55 15 54 44 6 50 9
10 60 18 8 38 31 25
64 73 16 28 20 34 55
33 27 20 61 38 47 29
72 69 52 49 28 34 44
34 11 5 49 28 34 33
24 60 15 16 72 6 15
52 2 16 55 15 54 40
7 69 63 42 58 12 52
2 53 68 56 53 21 47
33 27 20 73 11 64 46
62 48 60 32 39 8 52
19 14 63 27 11 31 32
15 52 65 64 73 16 53
30 30 31 68 53 62 38
5 24 55 45 32 18 37
43 57 6 41 58 9 3
20 33 9 25 9 35 35
70 8 73 66 49 16 70
68 53 62 51 64 13 50
57 43 30 55 15 54 36
69 14 38 13 56 73 54
56 53 21 36 10 24 43
51 64 13 7 69 63 50
50 44 38 20 33 9 31
12 19 21 52 2 16 17
28 20 34 12 19 21 13
47 19 35 33 27 20 17
39 69 64 53 69 18 46
9 8 2 33 27 20 26
2 53 68 8 38 31 39
4 31 72 60 60 11 67
33 27 20 1 16 14 12
16 72 6 44 6 50 79
60 60 11 48 69 68 57
62 48 60 49 28 34 32
49 28 34 69 14 38 14
57 43 30 14 70 27 27
2 53 68 42 58 12 56
28 20 34 3 51 69 46
22 17 56 37 37 52 20
27 11 31 35 25 8 26
72 69 52 24 60 15 38
34 11 5 9 8 2 4
56 53 21 23 69 17 16
15 52 65 25 9 35 52
46 38 60 53 69 18 52
63 52 59 42 58 12 47
59 30 6 21 57 30 36
17 10 43 61 38 47 28
72 69 52 29 3 63 66
10 60 18 40 19 1 44
61 38 47 31 14 55 25
38 55 25 29 3 63 64
21 57 30 63 52 59 29
4 31 72 67 54 47 33
13 56 73 56 53 21 52
12 19 21 40 19 1 20
46 38 60 70 8 73 32
26 3 58 37 37 52 34
72 69 52 13 56 73 24
65 26 24 58 21 32 9
8 38 31 53 69 18 33
25 9 35 52 2 16 20
71 15 48 29 3 63 19
13 56 73 11 15 58 43
45 32 18 31 14 55 41
39 69 64 33 27 20 60
0 15 72 64 73 16 80
56 53 21 63 52 59 38
39 69 64 11 15 58 54
0 15 72 15 52 65 37
68 53 62 54 31 49 25
34 11 5 60 60 11 49
32 39 8 15 52 65 58
27 11 31 29 3 63 32
71 15 48 52 2 16 34
22 17 56 18 53 13 56
58 21 32 18 53 13 37
45 32 18 23 69 17 37
67 54 47 23 69 17 33
16 72 6 20 33 9 39
23 69 17 53 69 18 1
44 6 50 73 11 64 14
1 16 14 55 15 54 40
30 30 31 53 69 18 41
28 20 34 6 34 4 33
42 58 12 65 26 24 34
18 53 13 39 69 64 53
70 8 73 41 58 9 81
66 49 16 67 54 47 31
36 10 24 8 38 31 28
39 69 64 7 69 63 1
64 73 16 51 64 13 9
16 72 6 73 11 64 84
0 15 72 28 20 34 38
10 60 18 65 26 24 34
19 14 63 61 38 47 28
72 69 52 9 8 2 78
66 49 16 6 34 4 19
43 57 6 13 56 73 67
63 52 59 40 19 1 66
25 9 35 50 44 38 35
54 31 49 60 60 11 47
21 57 30 43 57 6 24
42 58 12 41 58 9 3
73 11 64 4 31 72 21
2 53 68 66 49 16 52
40 19 1 61 38 47 49
7 69 63 9 8 2 86
62 48 60 12 19 21 48
4 31 72 46 38 60 13
35 25 8 31 14 55 48
16 72 6 71 15 48 70
32 39 8 11 15 58 55
38 55 25 66 49 16 10
69 14 38 38 55 25 43
73 11 64 66 49 16 61
2 53 68 6 34 4 66
61 38 47 66 49 16 32
23 69 17 15 52 65 50
16 72 6 34 11 5 61
54 31 49 20 33 9 40
18 53 13 40 19 1 36
38 55 25 49 28 34 28
0 15 72 19 14 63 9
12 19 21 50 44 38 30
63 52 59 43 57 6 53
23 69 17 55 15 54 65
37 37 52 34 11 5 53
60 60 11 7 69 63 52
0 15 72 53 69 18 76
48 69 68 55 15 54 55
73 11 64 46 38 60 27
69 14 38 55 15 54 16
31 14 55 62 48 60 34
66 49 16 44 6 50 54
51 64 13 48 69 68 55
47 19 35 24 60 15 45
66 49 16 12 19 21 30
44 6 50 53 69 18 70
52 2 16 62 48 60 63
28 20 34 58 21 32 2
67 54 47 21 57 30 17
24 60 15 60 60 11 4
70 8 73 53 69 18 82
50 44 38 55 15 54 33
58 21 32 3 51 69 47
23 69 17 42 58 12 12
51 64 13 46 38 60 53
64 73 16 48 69 68 52
32 39 8 52 2 16 37
34 11 5 22 17 56 51
43 57 6 18 53 13 8
73 11 64 47 19 35 30
54 31 49 7 69 63 40
71 15 48 45 32 18 34
65 26 24 72 69 52 51
71 15 48 23 69 17 62
31 14 55 22 17 56 3
38 55 25 34 11 5 48
25 9 35 21 57 30 48
49 28 34 1 16 14 23
53 69 18 28 20 34 51
50 44 38 46 38 60 22
11 15 58 15 52 65 37
63 52 59 41 58 9 50
32 39 8 46 38 60 52
73 11 64 35 25 8 57
25 9 35 17 10 43 8
29 3 63 44 6 50 13
3 51 69 31 14 55 39
45 32 18 54 31 49 31
43 57 6 4 31 72 70
51 64 13 73 11 64 73
3 51 69 26 3 58 49
28 20 34 67 54 47 36
16 72 6 58 21 32 57
54 31 49 5 24 55 9
33 27 20 71 15 48 30
42 58 12 25 9 35 54
66 49 16 58 21 32 32
40 19 1 8 38 31 35
15 52 65 18 53 13 52
15 52 65 24 60 15 50
28 20 34 35 25 8 26
66 49 16 8 38 31 18
34 11 5 53 69 18 59
19 14 63 48 69 68 55
50 44 38 69 14 38 30
73 11 64 32 39 8 62
7 69 63 61 38 47 34
19 14 63 66 49 16 58
6 34 4 44 6 50 53
58 21 32 46 38 60 32
26 3 58 46 38 60 35
28 20 34 68 53 62 43
19 14 63 71 15 48 15
21 57 30 72 69 52 25
68 53 62 42 58 12 50
67 54 47 73 11 64 46
11 15 58 54 31 49 18
25 9 35 33 27 20 23
20 33 9 42 58 12 25
52 2 16 65 26 24 25
31 14 55 24 60 15 60
72 69 52 48 69 68 16
50 44 38 11 15 58 35
50 44 38 36 10 24 36
65 26 24 47 19 35 13
60 60 11 66 49 16 12
53 69 18 63 52 59 44
62 48 60 26 3 58 45
70 8 73 54 31 49 33
0 15 72 32 39 8 68
37 37 52 55 15 54 22
64 73 16 46 38 60 56
17 10 43 47 19 35 12
26 3 58 45 32 18 49
19 14 63 15 52 65 38
42 58 12 62 48 60 49
13 56 73 52 2 16 78
14 70 27 11 15 58 63
8 38 31 69 14 38 25
39 69 64 44 6 50 64
20 33 9 7 69 63 64
3 51 69 30 30 31 43
4 31 72 38 55 25 52
7 69 63 72 69 52 11
13 56 73 31 14 55 45
62 48 60 53 69 18 46
30 30 31 15 52 65 40
39 69 64 43 57 6 59
0 15 72 10 60 18 70
18 53 13 5 24 55 51
53 69 18 47 19 35 52
62 48 60 36 10 24 52
15 52 65 56 53 21 44
24 60 15 45 32 18 28
3 51 69 4 31 72 20
18 53 13 7 69 63 52
8 38 31 7 69 63 44
55 15 54 61 38 47 24
45 32 18 60 60 11 28
21 57 30 0 15 72 59
38 55 25 58 21 32 34
58 21 32 50 44 38 23
68 53 62 44 6 50 48
71 15 48 36 10 24 24
18 53 13 68 53 62 49
6 34 4 41 58 9 24
28 20 34 19 14 63 29
23 69 17 14 70 27 10
36 10 24 60 60 11 51
8 38 31 41 58 9 29
72 69 52 63 52 59 18
56 53 21 34 11 5 44
36 10 24 37 37 52 38
58 21 32 26 3 58 31
56 53 21 27 11 31 43
20 33 9 32 39 8 6
18 53 13 72 69 52 42
8 38 31 19 14 63 40
55 15 54 35 25 8 47
17 10 43 55 15 54 12
14 70 27 35 25 8 48
14 70 27 58 21 32 49
49 28 34 40 19 1 34
53 69 18 11 15 58 67
16 72 6 33 27 20 47
26 3 58 6 34 4 62
52 2 16 4 31 72 63
16 72 6 1 16 14 56
54 31 49 24 60 15 44
22 17 56 4 31 72 21
14 70 27 47 19 35 51
13 56 73 58 21 32 53
26 3 58 49 28 34 34
12 19 21 13 56 73 63
28 20 34 13 56 73 53
24 60 15 66 49 16 11
9 8 2 2 53 68 79
12 19 21 33 27 20 8
13 56 73 61 38 47 31
26 3 58 28 20 34 29
66 49 16 5 24 55 46
37 37 52 44 6 50 31
25 9 35 11 15 58 23
13 56 73 38 55 25 48
23 69 17 10 60 18 9
0 15 72 9 8 2 70
44 6 50 41 58 9 66
71 15 48 1 16 14 34
0 15 72 38 55 25 61
73 11 64 37 37 52 28
26 3 58 44 6 50 8
26 3 58 18 53 13 67
73 11 64 19 14 63 3
25 9 35 12 19 21 17
46 38 60 27 11 31 39
31 14 55 48 69 68 56
25 9 35 71 15 48 14
56 53 21 33 27 20 26
50 44 38 24 60 15 28
34 11 5 59 30 6 19
72 69 52 2 53 68 22
62 48 60 68 53 62 5
4 31 72 70 8 73 23
70 8 73 33 27 20 56
14 70 27 19 14 63 66
42 58 12 66 49 16 9
44 6 50 22 17 56 12
2 53 68 21 57 30 38
25 9 35 5 24 55 25
11 15 58 43 57 6 66
23 69 17 48 69 68 51
15 52 65 31 14 55 39
28 20 34 1 16 14 20
59 30 6 54 31 49 43
47 19 35 46 38 60 31
72 69 52 6 34 4 59
7 69 63 23 69 17 46
42 58 12 0 15 72 73
45 32 18 13 56 73 60
9 8 2 52 2 16 15
64 73 16 30 30 31 45
4 31 72 68 53 62 24
15 52 65 33 27 20 51
25 9 35 49 28 34 19
17 10 43 40 19 1 42
29 3 63 37 37 52 35
49 28 34 68 53 62 37
36 10 24 27 11 31 7
72 69 52 34 11 5 74
23 69 17 72 69 52 35
65 26 24 17 10 43 24
22 17 56 32 39 8 52
1 16 14 48 69 68 75
22 17 56 14 70 27 60
59 30 6 4 31 72 66
67 54 47 32 39 8 41
65 26 24 13 56 73 57
15 52 65 20 33 9 59
72 69 52 5 24 55 45
23 69 17 64 73 16 4
42 58 12 51 64 13 6
50 44 38 32 39 8 30
29 3 63 54 31 49 31
4 31 72 63 52 59 24
10 60 18 58 21 32 41
60 60 11 73 11 64 72
20 33 9 56 53 21 23
41 58 9 29 3 63 77
16 72 6 12 19 21 55
51 64 13 47 19 35 50
1 16 14 0 15 72 58
4 31 72 0 15 72 16
62 48 60 41 58 9 51
47 19 35 54 31 49 18
9 8 2 6 34 4 26
12 19 21 48 69 68 68
13 56 73 17 10 43 54
29 3 63 42 58 12 75
36 10 24 12 19 21 9
13 56 73 14 70 27 48
9 8 2 46 38 60 65
4 31 72 28 20 34 39
58 21 32 6 34 4 30
23 69 17 26 3 58 77
17 10 43 11 15 58 15
25 9 35 56 53 21 46
65 26 24 48 69 68 61
69 14 38 4 31 72 38
14 70 27 51 64 13 15
28 20 34 39 69 64 57
46 38 60 28 20 34 31
53 69 18 61 38 47 42
60 60 11 39 69 64 53
5 24 55 59 30 6 49
53 69 18 48 69 68 50
70 8 73 12 19 21 53
51 64 13 52 2 16 62
62 48 60 28 20 34 38
45 32 18 51 64 13 32
11 15 58 37 37 52 22
38 55 25 70 8 73 67
56 53 21 50 44 38 19
55 15 54 7 69 63 54
41 58 9 56 53 21 13
26 3 58 72 69 52 66
31 14 55 57 43 30 38
17 10 43 15 52 65 47
28 20 34 15 52 65 44
4 31 72 57 43 30 43
61 38 47 47 19 35 22
60 60 11 37 37 52 47
25 9 35 70 8 73 38
63 52 59 26 3 58 49
15 52 65 35 25 8 63
2 53 68 10 60 18 50
27 11 31 69 14 38 7
71 15 48 61 38 47 23
57 43 30 63 52 59 30
25 9 35 6 34 4 39
53 69 18 69 14 38 58
14 70 27 9 8 2 66
1 16 14 15 52 65 62
15 52 65 29 3 63 49
35 25 8 49 28 34 26
32 39 8 1 16 14 23
56 53 21 21 57 30 9
63 52 59 22 17 56 35
62 48 60 30 30 31 34
40 19 1 69 14 38 37
32 39 8 60 60 11 21
41 58 9 47 19 35 46
32 39 8 7 69 63 62
47 19 35 45 32 18 21
25 9 35 1 16 14 22
15 52 65 3 51 69 4
64 73 16 63 52 59 47
55 15 54 43 57 6 63
56 53 21 64 73 16 20
16 72 6 49 28 34 52
42 58 12 24 60 15 3
67 54 47 17 10 43 44
26 3 58 12 19 21 40
72 69 52 43 57 6 47
13 56 73 2 53 68 5
30 30 31 72 69 52 44
7 69 63 24 60 15 48
31 14 55 41 58 9 63
17 10 43 29 3 63 21
61 38 47 28 20 34 22
69 14 38 10 60 18 50
5 24 55 10 60 18 51
66 49 16 56 53 21 6
57 43 30 20 33 9 23
47 19 35 3 51 69 46
17 10 43 36 10 24 19
3 51 69 17 10 43 48
26 3 58 16 72 6 86
30 30 31 22 17 56 28
22 17 56 26 3 58 14
26 3 58 5 24 55 21
31 14 55 29 3 63 13
57 43 30 45 32 18 16
23 69 17 40 19 1 52
41 58 9 33 27 20 32
48 69 68 45 32 18 62
2 53 68 71 15 48 42
27 11 31 55 15 54 23
51 64 13 49 28 34 41
34 11 5 23 69 17 59
2 53 68 39 69 64 16
20 33 9 59 30 6 4
49 28 34 5 24 55 21
52 2 16 34 11 5 14
53 69 18 36 10 24 59
69 14 38 46 38 60 32
56 53 21 48 69 68 49
30 30 31 20 33 9 22
33 27 20 44 6 50 36
50 44 38 3 51 69 31
12 19 21 37 37 52 35
59 30 6 19 14 63 59
21 57 30 32 39 8 28
67 54 47 11 15 58 40
46 38 60 31 14 55 24
43 57 6 69 14 38 53
73 11 64 63 52 59 41
52 2 16 29 3 63 47
24 60 15 38 55 25 11
1 16 14 45 32 18 16
1 16 14 37 37 52 43
24 60 15 0 15 72 72
59 30 6 33 27 20 14
62 48 60 57 43 30 30
56 53 21 3 51 69 48
40 19 1 43 57 6 38
0 15 72 41 58 9 76
66 49 16 33 27 20 22
54 31 49 65 26 24 25
44 6 50 23 69 17 71
12 19 21 39 69 64 65
60 60 11 35 25 8 35
13 56 73 49 28 34 48
59 30 6 30 30 31 25
46 38 60 35 25 8 53
55 15 54 64 73 16 69
6 34 4 14 70 27 42
6 34 4 23 69 17 37
27 11 31 16 72 6 65
40 19 1 52 2 16 22
55 15 54 39 69 64 54
44 6 50 20 33 9 49
60 60 11 59 30 6 30
24 60 15 69 14 38 51
46 38 60 11 15 58 23
44 6 50 35 25 8 46
3 51 69 12 19 21 57
14 70 27 40 19 1 57
21 57 30 65 26 24 31
32 39 8 48 69 68 67
11 15 58 5 24 55 9
7 69 63 31 14 55 55
31 14 55 68 53 62 39
28 20 34 25 9 35 11
13 56 73 0 15 72 41
21 57 30 39 69 64 36
13 56 73 57 43 30 44
67 54 47 45 32 18 36
47 19 35 55 15 54 19
61 38 47 9 8 2 54
28 20 34 36 10 24 14
48 69 68 35 25 8 74
27 11 31 57 43 30 32
70 8 73 59 30 6 70
31 14 55 60 60 11 63
26 3 58 69 14 38 22
24 60 15 1 16 14 44
61 38 47 1 16 14 39
28 20 34 40 19 1 33
3 51 69 1 16 14 65
33 27 20 49 28 34 14
38 55 25 28 20 34 36
23 69 17 25 9 35 62
42 58 12 36 10 24 49
19 14 63 70 8 73 11
57 43 30 33 27 20 18
39 69 64 36 10 24 71
33 27 20 65 26 24 4
37 37 52 18 53 13 42
17 10 43 38 55 25 48
23 69 17 39 69 64 47
35 25 8 8 38 31 26
38 55 25 61 38 47 27
57 43 30 70 8 73 55
41 58 9 57 43 30 25
69 14 38 17 10 43 6
58 21 32 63 52 59 41
50 44 38 60 60 11 31
64 73 16 43 57 6 18
2 53 68 44 6 50 50
34 11 5 73 11 64 59
10 60 18 34 11 5 50
12 19 21 63 52 59 50
65 26 24 56 53 21 27
36 10 24 55 15 54 30
19 14 63 47 19 35 28
20 33 9 39 69 64 65
53 69 18 71 15 48 61
12 19 21 5 24 55 34
12 19 21 19 14 63 42
10 60 18 26 3 58 69
68 53 62 67 54 47 15
12 19 21 21 57 30 39
33 27 20 32 39 8 16
11 15 58 52 2 16 43
11 15 58 35 25 8 50
55 15 54 2 53 68 40
5 24 55 32 39 8 49
36 10 24 64 73 16 63
37 37 52 43 57 6 50
10 60 18 14 70 27 13
40 19 1 35 25 8 9
68 53 62 70 8 73 46
55 15 54 5 24 55 9
58 21 32 70 8 73 43
1 16 14 2 53 68 65
33 27 20 46 38 60 41
6 34 4 1 16 14 20
65 26 24 14 70 27 44
48 69 68 36 10 24 73
43 57 6 7 69 63 58
51 64 13 11 15 58 66
62 48 60 50 44 38 22
10 60 18 73 11 64 67
9 8 2 37 37 52 57
65 26 24 69 14 38 18
37 37 52 32 39 8 44
15 52 65 51 64 13 53
59 30 6 38 55 25 31
66 49 16 51 64 13 15
43 57 6 50 44 38 34
15 52 65 68 53 62 3
33 27 20 43 57 6 33
57 43 30 73 11 64 46
30 30 31 12 19 21 14
29 3 63 13 56 73 53
59 30 6 7 69 63 69
14 70 27 20 33 9 41
61 38 47 18 53 13 37
53 69 18 57 43 30 28
53 69 18 9 8 2 63
69 14 38 6 34 4 39
67 54 47 41 58 9 38
7 69 63 34 11 5 82
66 49 16 43 57 6 12
35 25 8 70 8 73 67
50 44 38 61 38 47 10
49 28 34 2 53 68 42
44 6 50 0 15 72 23
5 24 55 31 14 55 10
61 38 47 69 14 38 25
42 58 12 14 70 27 19
24 60 15 37 37 52 43
9 8 2 13 56 73 85
3 51 69 16 72 6 66
16 72 6 63 52 59 56
25 9 35 36 10 24 11
65 26 24 55 15 54 31
40 19 1 4 31 72 72
42 58 12 55 15 54 60
67 54 47 40 19 1 57
6 34 4 43 57 6 23
35 25 8 9 8 2 18
19 14 63 33 27 20 44
26 3 58 29 3 63 5
25 9 35 59 30 6 35
24 60 15 22 17 56 59
21 57 30 73 11 64 57
15 52 65 47 19 35 44
30 30 31 17 10 43 23
41 58 9 11 15 58 65
63 52 59 51 64 13 47
58 21 32 1 16 14 18
68 53 62 21 57 30 32
63 52 59 1 16 14 57
40 19 1 72 69 52 71
7 69 63 64 73 16 47
8 38 31 4 31 72 41
42 58 12 17 10 43 57
7 69 63 56 53 21 44
52 2 16 69 14 38 25
67 54 47 37 37 52 17
59 30 6 11 15 58 54
20 33 9 41 58 9 25
49 28 34 20 33 9 25
19 14 63 18 53 13 63
14 70 27 41 58 9 21
8 38 31 16 72 6 42
9 8 2 62 48 60 70
56 53 21 69 14 38 42
61 38 47 3 51 69 25
45 32 18 52 2 16 30
4 31 72 25 9 35 43
6 34 4 50 44 38 35
29 3 63 4 31 72 29
36 10 24 61 38 47 36
54 31 49 67 54 47 23
42 58 12 3 51 69 57
63 52 59 8 38 31 31
27 11 31 53 69 18 59
6 34 4 53 69 18 37
4 31 72 65 26 24 48
28 20 34 44 6 50 21
18 53 13 0 15 72 70
69 14 38 34 11 5 33
25 9 35 27 11 31 4
45 32 18 37 37 52 34
48 69 68 28 20 34 59
4 31 72 33 27 20 52
39 69 64 8 38 31 45
16 72 6 61 38 47 53
39 69 64 66 49 16 52
5 24 55 39 69 64 45
49 28 34 48 69 68 53
57 43 30 19 14 63 43
52 2 16 41 58 9 56
16 72 6 67 54 47 44
56 53 21 0 15 72 63
69 14 38 72 69 52 56
36 10 24 51 64 13 55
26 3 58 33 27 20 44
68 53 62 11 15 58 38
58 21 32 55 15 54 22
47 19 35 59 30 6 31
70 8 73 29 3 63 11
51 64 13 33 27 20 37
21 57 30 23 69 17 17
9 8 2 66 49 16 43
26 3 58 1 16 14 45
70 8 73 23 69 17 82
57 43 30 18 53 13 19
25 9 35 7 69 63 66
22 17 56 40 19 1 55
32 39 8 53 69 18 31
29 3 63 56 53 21 65
26 3 58 41 58 9 73
4 31 72 11 15 58 21
28 20 34 60 60 11 46
0 15 72 73 11 64 8
60 60 11 55 15 54 62
40 19 1 45 32 18 21
8 38 31 32 39 8 23
57 43 30 28 20 34 23
39 69 64 57 43 30 42
36 10 24 52 2 16 11
54 31 49 14 70 27 44
8 38 31 51 64 13 31
60 60 11 12 19 21 42
32 39 8 29 3 63 65
40 19 1 31 14 55 54
31 14 55 0 15 72 17
44 6 50 63 52 59 46
70 8 73 61 38 47 39
12 19 21 10 60 18 41
66 49 16 41 58 9 11
28 20 34 45 32 18 20
73 11 64 45 32 18 50
1 16 14 22 17 56 42
40 19 1 36 10 24 24
58 21 32 31 14 55 24
70 8 73 9 8 2 71
23 69 17 13 56 73 57
34 11 5 31 14 55 50
37 37 52 50 44 38 15
1 16 14 52 2 16 14
67 54 47 52 2 16 60
32 39 8 9 8 2 31
22 17 56 23 69 17 65
19 14 63 9 8 2 61
18 53 13 12 19 21 34
11 15 58 9 8 2 56
28 20 34 73 11 64 31
39 69 64 34 11 5 82
48 69 68 33 27 20 63
66 49 16 47 19 35 35
49 28 34 18 53 13 32
33 27 20 23 69 17 42
45 32 18 58 21 32 17
23 69 17 2 53 68 53
66 49 16 59 30 6 21
73 11 64 39 69 64 58
58 21 32 12 19 21 11
44 6 50 45 32 18 41
22 17 56 17 10 43 14
62 48 60 60 60 11 50
6 34 4 36 10 24 31
21 57 30 55 15 54 48
4 31 72 7 69 63 39
40 19 1 60 60 11 42
42 58 12 32 39 8 19
72 69 52 38 55 25 30
54 31 49 58 21 32 19
47 19 35 30 30 31 11
1 16 14 27 11 31 17
59 30 6 37 37 52 46
4 31 72 35 25 8 64
1 16 14 30 30 31 22
22 17 56 41 58 9 62
6 34 4 11 15 58 57
42 58 12 52 2 16 56
46 38 60 40 19 1 61
9 8 2 15 52 65 76
22 17 56 15 52 65 36
42 58 12 72 69 52 41
62 48 60 72 69 52 22
20 33 9 24 60 15 27
10 60 18 3 51 69 51
51 64 13 39 69 64 51
52 2 16 18 53 13 51
38 55 25 26 3 58 61
47 19 35 63 52 59 40
5 24 55 24 60 15 53
65 26 24 19 14 63 40
15 52 65 71 15 48 40
20 33 9 47 19 35 29
59 30 6 35 25 8 5
71 15 48 46 38 60 25
53 69 18 21 57 30 16
10 60 18 60 60 11 7
70 8 73 32 39 8 72
22 17 56 70 8 73 19
46 38 60 41 58 9 54
57 43 30 38 55 25 13
8 38 31 28 20 34 18
59 30 6 72 69 52 60
13 56 73 67 54 47 26
34 11 5 65 26 24 24
41 58 9 23 69 17 13
12 19 21 61 38 47 32
1 16 14 4 31 72 59
60 60 11 9 8 2 52
16 72 6 46 38 60 63
2 53 68 69 14 38 49
21 57 30 7 69 63 35
73 11 64 29 3 63 8
63 52 59 46 38 60 14
69 14 38 41 58 9 52
43 57 6 2 53 68 62
6 34 4 35 25 8 9
48 69 68 52 2 16 84
72 69 52 16 72 6 46
57 43 30 44 6 50 42
4 31 72 51 64 13 67
9 8 2 63 52 59 72
21 57 30 34 11 5 52
31 14 55 18 53 13 57
4 31 72 24 60 15 63
26 3 58 40 19 1 59
55 15 54 12 19 21 33
70 8 73 60 60 11 80
43 57 6 47 19 35 47
39 69 64 65 26 24 58
47 19 35 37 37 52 24
70 8 73 69 14 38 35
51 64 13 18 53 13 11
46 38 60 66 49 16 45
40 19 1 58 21 32 31
31 14 55 54 31 49 18
39 69 64 59 30 6 69
14 70 27 28 20 34 50
56 53 21 67 54 47 26
21 57 30 41 58 9 21
21 57 30 37 37 52 29
32 39 8 17 10 43 45
63 52 59 65 26 24 43
28 20 34 24 60 15 44
64 73 16 8 38 31 38
10 60 18 59 30 6 32
51 64 13 35 25 8 39
36 10 24 70 8 73 49
55 15 54 33 27 20 36
23 69 17 16 72 6 11
60 60 11 13 56 73 62
28 20 34 69 14 38 7
50 44 38 51 64 13 32
29 3 63 48 69 68 66
7 69 63 30 30 31 50
63 52 59 36 10 24 54
30 30 31 24 60 15 34
8 38 31 9 8 2 41
32 39 8 54 31 49 41
31 14 55 16 72 6 75
40 19 1 24 60 15 43
10 60 18 32 39 8 23
40 19 1 0 15 72 71
17 10 43 7 69 63 62
27 11 31 9 8 2 29
37 37 52 46 38 60 8
8 38 31 73 11 64 42
29 3 63 11 15 58 13
43 57 6 53 69 18 16
40 19 1 27 11 31 31
20 33 9 62 48 60 53
24 60 15 10 60 18 3
57 43 30 10 60 18 20
67 54 47 39 69 64 22
70 8 73 47 19 35 39
36 10 24 16 72 6 64
54 31 49 27 11 31 26
28 20 34 22 17 56 22
18 53 13 45 32 18 21
55 15 54 51 64 13 63
10 60 18 25 9 35 53
14 70 27 70 8 73 77
11 15 58 63 52 59 37
68 53 62 6 34 4 61
14 70 27 16 72 6 21
2 53 68 0 15 72 38
31 14 55 50 44 38 34
39 69 64 49 28 34 50
15 52 65 10 60 18 47
10 60 18 28 20 34 43
65 26 24 49 28 34 10
34 11 5 36 10 24 19
7 69 63 1 16 14 72
68 53 62 22 17 56 36
58 21 32 30 30 31 9
57 43 30 5 24 55 31
47 19 35 49 28 34 9
29 3 63 18 53 13 70
6 34 4 24 60 15 28
23 69 17 20 33 9 36
3 51 69 65 26 24 51
35 25 8 21 57 30 38
36 10 24 67 54 47 49
39 69 64 4 31 72 38
73 11 64 72 69 52 59
68 53 62 39 69 64 16
2 53 68 32 39 8 61
59 30 6 6 34 4 4
43 57 6 59 30 6 27
28 20 34 51 64 13 48
22 17 56 61 38 47 22
67 54 47 2 53 68 21
16 72 6 40 19 1 53
48 69 68 58 21 32 60
44 6 50 61 38 47 32
55 15 54 62 48 60 33
50 44 38 40 19 1 44
13 56 73 5 24 55 36
64 73 16 25 9 35 66
62 48 60 66 49 16 44
29 3 63 64 73 16 84
38 55 25 2 53 68 43
40 19 1 53 69 18 52
36 10 24 35 25 8 21
46 38 60 38 55 25 38
18 53 13 6 34 4 21
21 57 30 13 56 73 43
38 55 25 16 72 6 25
29 3 63 25 9 35 28
45 32 18 10 60 18 28
55 15 54 31 14 55 1
44 6 50 5 24 55 18
63 52 59 66 49 16 43
0 15 72 35 25 8 64
71 15 48 24 60 15 55
2 53 68 14 70 27 44
29 3 63 23 69 17 80
44 6 50 10 60 18 62
29 3 63 14 70 27 76
17 10 43 62 48 60 41
13 56 73 66 49 16 57
2 53 68 27 11 31 55
63 52 59 54 31 49 23
63 52 59 5 24 55 28
32 39 8 30 30 31 24
59 30 6 32 39 8 9
56 53 21 10 60 18 7
3 51 69 8 38 31 40
10 60 18 20 33 9 28
66 49 16 69 14 38 41
71 15 48 6 34 4 47
48 69 68 66 49 16 55
59 30 6 18 53 13 24
22 17 56 12 19 21 35
35 25 8 33 27 20 12
11 15 58 71 15 48 10
26 3 58 17 10 43 16
5 24 55 3 51 69 30
49 28 34 45 32 18 16
72 69 52 20 33 9 56
6 34 4 5 24 55 51
15 52 65 55 15 54 38
3 51 69 35 25 8 66
30 30 31 33 27 20 11
42 58 12 9 8 2 50
44 6 50 42 58 12 64
61 38 47 56 53 21 30
24 60 15 61 38 47 38
68 53 62 16 72 6 59
48 69 68 62 48 60 22
23 69 17 49 28 34 44
31 14 55 30 30 31 28
20 33 9 63 52 59 53
20 33 9 36 10 24 27
24 60 15 14 70 27 15
43 57 6 3 51 69 63
35 25 8 54 31 49 41
39 69 64 70 8 73 61
44 6 50 54 31 49 25
22 17 56 27 11 31 25
73 11 64 64 73 16 78
48 69 68 17 10 43 64
52 2 16 49 28 34 31
3 51 69 51 64 13 57
12 19 21 35 25 8 14
51 64 13 44 6 50 68
68 53 62 1 16 14 60
69 14 38 64 73 16 62
41 58 9 45 32 18 27
60 60 11 11 15 58 65
59 30 6 40 19 1 12
54 31 49 23 69 17 49
20 33 9 40 19 1 16
71 15 48 48 69 68 57
4 31 72 50 44 38 36
47 19 35 67 54 47 37
38 55 25 62 48 60 35
29 3 63 0 15 72 15
47 19 35 40 19 1 34
71 15 48 66 49 16 46
5 24 55 27 11 31 27
26 3 58 66 49 16 62
40 19 1 34 11 5 8
67 54 47 50 44 38 13
8 38 31 56 53 21 18
19 14 63 55 15 54 9
22 17 56 69 14 38 18
2 53 68 3 51 69 2
43 57 6 16 72 6 15
50 44 38 52 2 16 47
29 3 63 61 38 47 38
23 69 17 62 48 60 47
72 69 52 25 9 35 62
40 19 1 70 8 73 72
39 69 64 50 44 38 36
31 14 55 14 70 27 62
29 3 63 63 52 59 49
23 69 17 8 38 31 34
38 55 25 7 69 63 40
39 69 64 6 34 4 69
73 11 64 43 57 6 74
46 38 60 57 43 30 30
65 26 24 59 30 6 18
71 15 48 38 55 25 46
9 8 2 26 3 58 56
34 11 5 26 3 58 53
64 73 16 53 69 18 4
31 14 55 6 34 4 54
21 57 30 31 14 55 49
11 15 58 12 19 21 37
43 57 6 34 11 5 46
63 52 59 69 14 38 43
8 38 31 52 2 16 39
51 64 13 60 60 11 4
58 21 32 24 60 15 42
26 3 58 8 38 31 44
18 53 13 65 26 24 29
13 56 73 26 3 58 55
25 9 35 68 53 62 51
37 37 52 28 20 34 24
8 38 31 22 17 56 32
60 60 11 0 15 72 75
51 64 13 38 55 25 15
17 10 43 54 31 49 21
30 30 31 5 24 55 24
48 69 68 0 15 72 54
22 17 56 53 69 18 64
44 6 50 36 10 24 26
8 38 31 46 38 60 29
30 30 31 39 69 64 51
26 3 58 48 69 68 66
29 3 63 28 20 34 33
9 8 2 31 14 55 53
30 30 31 38 55 25 25
36 10 24 18 53 13 44
61 38 47 8 38 31 16
10 60 18 27 11 31 50
6 34 4 40 19 1 15
56 53 21 55 15 54 50
66 49 16 57 43 30 15
42 58 12 43 57 6 6
13 56 73 46 38 60 22
55 15 54 11 15 58 4
33 27 20 6 34 4 17
44 6 50 64 73 16 75
3 51 69 19 14 63 37
39 69 64 31 14 55 55
1 16 14 51 64 13 48
56 53 21 60 60 11 12
42 58 12 73 11 64 70
13 56 73 62 48 60 15
62 48 60 44 6 50 43
23 69 17 28 20 34 51
21 57 30 71 15 48 45
69 14 38 15 52 65 46
54 31 49 38 55 25 33
44 6 50 27 11 31 19
48 69 68 6 34 4 72
7 69 63 10 60 18 45
17 10 43 66 49 16 47
53 69 18 42 58 12 12
59 30 6 48 69 68 73
6 34 4 56 53 21 25
31 14 55 12 19 21 34
19 14 63 43 57 6 71
67 54 47 49 28 34 29
20 33 9 45 32 18 9
52 2 16 24 60 15 58
19 14 63 64 73 16 75
32 39 8 25 9 35 40
73 11 64 48 69 68 58
28 20 34 43 57 6 46
73 11 64 50 44 38 42
65 26 24 43 57 6 35
35 25 8 62 48 60 56
32 39 8 61 38 47 39
42 58 12 31 14 55 61
55 15 54 40 19 1 53
46 38 60 21 57 30 35
70 8 73 28 20 34 40
66 49 16 10 60 18 11
0 15 72 51 64 13 76
26 3 58 47 19 35 28
61 38 47 23 69 17 43
40 19 1 5 24 55 54
61 38 47 45 32 18 29
16 72 6 7 69 63 57
50 44 38 33 27 20 24
61 38 47 63 52 59 18
68 53 62 13 56 73 11
37 37 52 31 14 55 23
18 53 13 3 51 69 56
52 2 16 60 60 11 58
72 69 52 3 51 69 24
30 30 31 49 28 34 3
12 19 21 57 43 30 25
0 15 72 67 54 47 46
61 38 47 51 64 13 42
25 9 35 22 17 56 22
25 9 35 55 15 54 19
47 19 35 39 69 64 57
70 8 73 24 60 15 77
37 37 52 49 28 34 20
60 60 11 21 57 30 19
27 11 31 34 11 5 26
62 48 60 11 15 58 33
16 72 6 6 34 4 38
60 60 11 58 21 32 44
60 60 11 68 53 62 51
44 6 50 18 53 13 59
64 73 16 18 53 13 20
73 11 64 68 53 62 42
65 26 24 31 14 55 33
72 69 52 31 14 55 55
46 38 60 7 69 63 31
56 53 21 53 69 18 16
41 58 9 18 53 13 6
72 69 52 12 19 21 58
51 64 13 67 54 47 35
57 43 30 64 73 16 33
66 49 16 28 20 34 34
54 31 49 53 69 18 49
56 53 21 12 19 21 34
2 53 68 50 44 38 31
60 60 11 57 43 30 25
7 69 63 3 51 69 18
70 8 73 73 11 64 9
10 60 18 71 15 48 54
7 69 63 49 28 34 50
1 16 14 73 11 64 50
10 60 18 1 16 14 44
62 48 60 3 51 69 9
3 51 69 45 32 18 54
23 69 17 43 57 6 16
16 72 6 70 8 73 92
47 19 35 52 2 16 25
58 21 32 73 11 64 33
53 69 18 50 44 38 32
62 48 60 0 15 72 35
38 55 25 27 11 31 44
39 69 64 1 16 14 72
14 70 27 71 15 48 58
2 53 68 31 14 55 41
23 69 17 11 15 58 67
22 17 56 48 69 68 53
54 31 49 25 9 35 26
22 17 56 19 14 63 7
44 6 50 19 14 63 15
16 72 6 32 39 8 33
28 20 34 9 8 2 34
11 15 58 61 38 47 25
41 58 9 35 25 8 33
9 8 2 73 11 64 62
53 69 18 13 56 73 56
14 70 27 46 38 60 45
61 38 47 0 15 72 33
25 9 35 38 55 25 47
12 19 21 8 38 31 21
22 17 56 13 56 73 42
49 28 34 70 8 73 43
22 17 56 0 15 72 16
47 19 35 8 38 31 19
20 33 9 64 73 16 40
69 14 38 3 51 69 48
41 58 9 61 38 47 42
31 14 55 19 14 63 8
20 33 9 27 11 31 31
70 8 73 5 24 55 24
21 57 30 20 33 9 31
64 73 16 31 14 55 70
29 3 63 30 30 31 41
0 15 72 54 31 49 28
35 25 8 56 53 21 30
12 19 21 34 11 5 17
19 14 63 58 21 32 31
55 15 54 53 69 18 64
41 58 9 12 19 21 40
7 69 63 35 25 8 70
34 11 5 66 49 16 39
26 3 58 53 69 18 77
58 21 32 52 2 16 24
30 30 31 66 49 16 24
72 69 52 10 60 18 35
41 58 9 39 69 64 56
9 8 2 17 10 43 41
46 38 60 59 30 6 54
44 6 50 8 38 31 37
41 58 9 40 19 1 39
37 37 52 3 51 69 22
21 57 30 22 17 56 47
14 70 27 64 73 16 11
27 11 31 48 69 68 68
0 15 72 25 9 35 37
52 2 16 63 52 59 65
62 48 60 18 53 13 47
36 10 24 11 15 58 34
7 69 63 40 19 1 79
28 20 34 71 15 48 14
73 11 64 36 10 24 40
71 15 48 34 11 5 43
5 24 55 14 70 27 53
47 19 35 68 53 62 43
17 10 43 10 60 18 55
31 14 55 47 19 35 20
47 19 35 56 53 21 36
7 69 63 0 15 72 54
53 69 18 12 19 21 50
14 70 27 17 10 43 62
64 73 16 42 58 12 15
47 19 35 2 53 68 47
18 53 13 9 8 2 46
3 51 69 68 53 62 7
53 69 18 29 3 63 79
30 30 31 14 70 27 40
72 69 52 67 54 47 15
58 21 32 42 58 12 42
13 56 73 16 72 6 68
66 49 16 21 57 30 16
11 15 58 45 32 18 43
31 14 55 69 14 38 17
21 57 30 69 14 38 43
24 60 15 34 11 5 50
30 30 31 46 38 60 30
29 3 63 40 19 1 64
59 30 6 41 58 9 28
59 30 6 1 16 14 16
56 53 21 5 24 55 44
43 57 6 14 70 27 24
46 38 60 52 2 16 56
62 48 60 14 70 27 39
34 11 5 46 38 60 61
8 38 31 49 28 34 10
20 33 9 3 51 69 62
18 53 13 42 58 12 5
27 11 31 7 69 63 66
65 26 24 70 8 73 52
6 34 4 12 19 21 22
41 58 9 7 69 63 55
52 2 16 7 69 63 81
35 25 8 61 38 47 41
19 14 63 23 69 17 71
47 19 35 4 31 72 38
58 21 32 69 14 38 9
40 19 1 13 56 73 80
1 16 14 13 56 73 71
64 73 16 24 60 15 13
3 51 69 22 17 56 36
16 72 6 11 15 58 77
61 38 47 49 28 34 16
18 53 13 38 55 25 12
26 3 58 30 30 31 38
30 30 31 16 72 6 48
54 31 49 71 15 48 16
51 64 13 37 37 52 47
19 14 63 42 58 12 67
47 19 35 27 11 31 8
17 10 43 44 6 50 8
54 31 49 41 58 9 48
69 14 38 51 64 13 55
72 69 52 50 44 38 28
31 14 55 8 38 31 33
6 34 4 51 64 13 31
13 56 73 50 44 38 37
34 11 5 4 31 72 69
7 69 63 36 10 24 70
4 31 72 32 39 8 64
33 27 20 0 15 72 53
1 16 14 70 8 73 59
35 25 8 72 69 52 62
57 43 30 6 34 4 27
22 17 56 11 15 58 2
58 21 32 61 38 47 22
1 16 14 67 54 47 50
6 34 4 47 19 35 34
3 51 69 39 69 64 18
54 31 49 6 34 4 45
58 21 32 51 64 13 47
29 3 63 12 19 21 44
26 3 58 57 43 30 48
6 34 4 13 56 73 72
60 60 11 47 19 35 47
31 14 55 4 31 72 24
23 69 17 1 16 14 53
56 53 21 37 37 52 34
59 30 6 53 69 18 40
70 8 73 10 60 18 75
66 49 16 37 37 52 37
27 11 31 8 38 31 27
26 3 58 59 30 6 58
60 60 11 38 55 25 14
16 72 6 9 8 2 64
17 10 43 70 8 73 30
12 19 21 69 14 38 17
68 53 62 53 69 18 46
41 58 9 60 60 11 2
15 52 65 8 38 31 36
46 38 60 5 24 55 14
67 54 47 5 24 55 31
71 15 48 43 57 6 59
21 57 30 3 51 69 39
13 56 73 32 39 8 67
33 27 20 42 58 12 32
35 25 8 63 52 59 57
43 57 6 25 9 35 56
39 69 64 72 69 52 12
48 69 68 69 14 38 62
67 54 47 63 52 59 12
24 60 15 53 69 18 9
23 69 17 59 30 6 40
22 17 56 73 11 64 10
39 69 64 71 15 48 56
17 10 43 51 64 13 61
19 14 63 24 60 15 66
56 53 21 19 14 63 57
2 53 68 35 25 8 66
22 17 56 9 8 2 54
13 56 73 20 33 9 68
35 25 8 38 55 25 34
34 11 5 63 52 59 67
48 69 68 34 11 5 85
64 73 16 65 26 24 47
30 30 31 50 44 38 15
9 8 2 25 9 35 33
48 69 68 57 43 30 46
7 69 63 15 52 65 17
11 15 58 8 38 31 35
10 60 18 39 69 64 46
12 19 21 44 6 50 31
25 9 35 14 70 27 61
3 51 69 59 30 6 66
0 15 72 14 70 27 71
71 15 48 49 28 34 19
11 15 58 38 55 25 51
16 72 6 59 30 6 42
20 33 9 67 54 47 43
62 48 60 7 69 63 21
18 53 13 60 60 11 7
37 37 52 61 38 47 5
22 17 56 39 69 64 52
42 58 12 15 52 65 53
49 28 34 14 70 27 42
43 57 6 0 15 72 78
7 69 63 53 69 18 45
21 57 30 30 30 31 27
73 11 64 56 53 21 60
34 11 5 41 58 9 47
22 17 56 64 73 16 68
70 8 73 3 51 69 43
62 48 60 34 11 5 66
3 51 69 60 60 11 58
26 3 58 4 31 72 31
11 15 58 47 19 35 23
72 69 52 46 38 60 32
62 48 60 25 9 35 46
16 72 6 21 57 30 28
5 24 55 38 55 25 43
23 69 17 30 30 31 41
1 16 14 40 19 1 13
15 52 65 40 19 1 72
57 43 30 36 10 24 33
16 72 6 0 15 72 87
4 31 72 16 72 6 77
10 60 18 36 10 24 50
66 49 16 49 28 34 27
66 49 16 20 33 9 17
29 3 63 7 69 63 66
41 58 9 3 51 69 60
52 2 16 2 53 68 72
61 38 47 10 60 18 36
55 15 54 9 8 2 52
68 53 62 66 49 16 46
54 31 49 1 16 14 38
54 31 49 40 19 1 49
32 39 8 6 34 4 6
47 19 35 50 44 38 25
52 2 16 73 11 64 48
26 3 58 31 14 55 11
41 58 9 53 69 18 14
24 60 15 59 30 6 31
43 57 6 38 55 25 19
50 44 38 35 25 8 35
19 14 63 26 3 58 12
58 21 32 53 69 18 50
0 15 72 72 69 52 57
18 53 13 8 38 31 23
53 69 18 5 24 55 58
46 38 60 36 10 24 45
0 15 72 70 8 73 7
1 16 14 11 15 58 44
41 58 9 72 69 52 44
3 51 69 25 9 35 54
6 34 4 3 51 69 67
55 15 54 24 60 15 59
17 10 43 64 73 16 68
37 37 52 71 15 48 22
23 69 17 47 19 35 53
40 19 1 71 15 48 47
58 21 32 17 10 43 15
56 53 21 31 14 55 51
1 16 14 21 57 30 44
2 53 68 65 26 24 51
32 39 8 34 11 5 28
10 60 18 63 52 59 41
44 6 50 3 51 69 48
71 15 48 32 39 8 46
12 19 21 59 30 6 18
33 27 20 64 73 16 46
63 52 59 14 70 27 36
46 38 60 22 17 56 21
62 48 60 65 26 24 42
19 14 63 63 52 59 38
57 43 30 54 31 49 22
52 2 16 23 69 17 67
73 11 64 20 33 9 59
19 14 63 2 53 68 39
56 53 21 46 38 60 41
31 14 55 70 8 73 18
11 15 58 72 69 52 54
37 37 52 54 31 49 6
47 19 35 44 6 50 19
26 3 58 36 10 24 34
52 2 16 37 37 52 50
15 52 65 73 11 64 41
65 26 24 32 39 8 20
73 11 64 54 31 49 25
60 60 11 43 57 6 5
29 3 63 57 43 30 51
50 44 38 9 8 2 50
41 58 9 28 20 34 45
15 52 65 37 37 52 19
14 70 27 34 11 5 62
12 19 21 27 11 31 12
46 38 60 65 26 24 37
70 8 73 48 69 68 61
28 20 34 52 2 16 25
4 31 72 48 69 68 38
1 16 14 62 48 60 56
63 52 59 15 52 65 6
4 31 72 13 56 73 25
4 31 72 72 69 52 42
16 72 6 69 14 38 66
10 60 18 47 19 35 44
10 60 18 21 57 30 12
24 60 15 17 10 43 57
18 53 13 69 14 38 46
71 15 48 73 11 64 16
7 69 63 66 49 16 51
29 3 63 34 11 5 58
18 53 13 50 44 38 26
65 26 24 20 33 9 16
25 9 35 63 52 59 49
32 39 8 18 53 13 14
12 19 21 42 58 12 40
67 54 47 48 69 68 25
42 58 12 27 11 31 50
62 48 60 46 38 60 10
5 24 55 43 57 6 59
26 3 58 20 33 9 57
37 37 52 39 69 64 34
50 44 38 66 49 16 22
34 11 5 57 43 30 40
43 57 6 52 2 16 55
8 38 31 60 60 11 29
51 64 13 40 19 1 46
36 10 24 21 57 30 47
16 72 6 2 53 68 64
23 69 17 0 15 72 77
46 38 60 68 53 62 15
63 52 59 71 15 48 38
20 33 9 11 15 58 52
64 73 16 38 55 25 20
70 8 73 55 15 54 20
0 15 72 66 49 16 65
5 24 55 48 69 68 46
22 17 56 36 10 24 32
60 60 11 46 38 60 53
9 8 2 39 69 64 86
57 43 30 56 53 21 13
48 69 68 14 70 27 41
33 27 20 29 3 63 49
58 21 32 15 52 65 45
68 53 62 38 55 25 37
28 20 34 49 28 34 8
38 55 25 73 11 64 58
36 10 24 3 51 69 60
66 49 16 40 19 1 33
1 16 14 29 3 63 50
40 19 1 32 39 8 21
69 14 38 57 43 30 30
1 16 14 34 11 5 10
73 11 64 61 38 47 31
66 49 16 1 16 14 33
50 44 38 57 43 30 8
23 69 17 5 24 55 58
6 34 4 46 38 60 56
0 15 72 20 33 9 65
68 53 62 58 21 32 43
0 15 72 47 19 35 37
18 53 13 53 69 18 16
13 56 73 42 58 12 61
36 10 24 4 31 72 52
72 69 52 37 37 52 32
14 70 27 55 15 54 61
36 10 24 59 30 6 26
13 56 73 73 11 64 45
27 11 31 28 20 34 9
67 54 47 65 26 24 36
17 10 43 35 25 8 38
29 3 63 35 25 8 59
19 14 63 69 14 38 25
2 53 68 51 64 13 56
0 15 72 49 28 34 40
57 43 30 8 38 31 5
49 28 34 3 51 69 41
33 27 20 69 14 38 22
14 70 27 67 54 47 25
0 15 72 26 3 58 18
13 56 73 3 51 69 6
23 69 17 50 44 38 32
69 14 38 54 31 49 20
59 30 6 8 38 31 26
51 64 13 65 26 24 39
65 26 24 45 32 18 8
23 69 17 17 10 43 64
28 20 34 59 30 6 29
30 30 31 45 32 18 13
10 60 18 50 44 38 25
63 52 59 62 48 60 4
37 37 52 69 14 38 26
38 55 25 32 39 8 23
73 11 64 6 34 4 64
73 11 64 26 3 58 10
33 27 20 3 51 69 54
45 32 18 46 38 60 42
25 9 35 40 19 1 35
27 11 31 4 31 72 45
59 30 6 57 43 30 27
13 56 73 55 15 54 45
22 17 56 35 25 8 48
26 3 58 54 31 49 29
27 11 31 65 26 24 16
35 25 8 25 9 35 31
0 15 72 69 14 38 34
46 38 60 67 54 47 20
30 30 31 55 15 54 27
22 17 56 2 53 68 37
45 32 18 70 8 73 60
9 8 2 48 69 68 89
39 69 64 45 32 18 59
33 27 20 22 17 56 37
20 33 9 19 14 63 57
1 16 14 36 10 24 11
44 6 50 31 14 55 9
0 15 72 71 15 48 24
51 64 13 23 69 17 6
73 11 64 59 30 6 61
28 20 34 5 24 55 21
40 19 1 65 26 24 24
2 53 68 34 11 5 75
64 73 16 60 60 11 13
57 43 30 49 28 34 15
44 6 50 1 16 14 37
0 15 72 52 2 16 57
2 53 68 28 20 34 47
40 19 1 42 58 12 40
28 20 34 20 33 9 28
30 30 31 65 26 24 8
10 60 18 4 31 72 61
71 15 48 59 30 6 44
4 31 72 45 32 18 54
20 33 9 29 3 63 61
34 11 5 28 20 34 30
49 28 34 4 31 72 38
66 49 16 36 10 24 39
24 60 15 21 57 30 15
56 53 21 44 6 50 55
68 53 62 50 44 38 25
5 24 55 15 52 65 29
65 26 24 41 58 9 35
47 19 35 16 72 6 60
37 37 52 16 72 6 57
18 53 13 35 25 8 28
29 3 63 39 69 64 66
25 9 35 2 53 68 55
43 57 6 30 30 31 36
0 15 72 57 43 30 50
11 15 58 73 11 64 7
6 34 4 65 26 24 21
21 57 30 54 31 49 32
61 38 47 57 43 30 17
53 69 18 35 25 8 45
59 30 6 13 56 73 71
10 60 18 29 3 63 72
7 69 63 11 15 58 54
29 3 63 60 60 11 77
6 34 4 61 38 47 43
37 37 52 58 21 32 25
38 55 25 42 58 12 13
53 69 18 1 16 14 53
68 53 62 9 8 2 75
51 64 13 24 60 15 4
16 72 6 60 60 11 13
28 20 34 65 26 24 11
28 20 34 56 53 21 35
45 32 18 12 19 21 13
33 27 20 63 52 59 46
49 28 34 29 3 63 38
45 32 18 27 11 31 24
0 15 72 17 10 43 29
45 32 18 38 55 25 24
19 14 63 13 56 73 43
45 32 18 55 15 54 39
19 14 63 50 44 38 39
35 25 8 65 26 24 16
45 32 18 43 57 6 27
44 6 50 32 39 8 53
31 14 55 73 11 64 9
10 60 18 9 8 2 54
4 31 72 41 58 9 68
36 10 24 32 39 8 33
8 38 31 37 37 52 21
48 69 68 50 44 38 39
50 44 38 45 32 18 23
67 54 47 42 58 12 35
64 73 16 4 31 72 70
57 43 30 68 53 62 33
40 19 1 9 8 2 11
52 2 16 20 33 9 31
24 60 15 44 6 50 64
45 32 18 22 17 56 40
49 28 34 9 8 2 37
30 30 31 27 11 31 19
71 15 48 58 21 32 17
65 26 24 68 53 62 46
14 70 27 69 14 38 57
25 9 35 31 14 55 20
59 30 6 55 15 54 50
72 69 52 28 20 34 52
39 69 64 24 60 15 49
21 57 30 28 20 34 37
18 53 13 70 8 73 75
33 27 20 13 56 73 60
22 17 56 59 30 6 51
12 19 21 4 31 72 52
48 69 68 24 60 15 53
41 58 9 71 15 48 58
7 69 63 65 26 24 58
37 37 52 42 58 12 45
7 69 63 14 70 27 36
42 58 12 50 44 38 29
72 69 52 47 19 35 52
48 69 68 11 15 58 54
6 34 4 17 10 43 45
40 19 1 30 30 31 31
37 37 52 70 8 73 35
14 70 27 18 53 13 22
44 6 50 72 69 52 63
17 10 43 52 2 16 28
40 19 1 48 69 68 83
2 53 68 57 43 30 39
71 15 48 4 31 72 28
48 69 68 10 60 18 50
12 19 21 2 53 68 58
56 53 21 71 15 48 46
10 60 18 52 2 16 58
57 43 30 71 15 48 33
8 38 31 20 33 9 22
32 39 8 26 3 58 61
64 73 16 54 31 49 53
55 15 54 54 31 49 16
49 28 34 50 44 38 16
45 32 18 33 27 20 5
41 58 9 48 69 68 60
27 11 31 68 53 62 52
37 37 52 65 26 24 30
36 10 24 33 27 20 17
63 52 59 13 56 73 14
20 33 9 18 53 13 20
30 30 31 0 15 72 43
41 58 9 68 53 62 53
31 14 55 66 49 16 52
9 8 2 23 69 17 62
28 20 34 7 69 63 56
29 3 63 21 57 30 63
11 15 58 40 19 1 57
2 53 68 37 37 52 22
8 38 31 17 10 43 30
72 69 52 19 14 63 56
14 70 27 59 30 6 45
38 55 25 37 37 52 32
24 60 15 27 11 31 51
27 11 31 49 28 34 17
5 24 55 35 25 8 47
16 72 6 66 49 16 25
72 69 52 57 43 30 34
64 73 16 34 11 5 62
33 27 20 31 14 55 37
45 32 18 63 52 59 45
62 48 60 56 53 21 39
50 44 38 44 6 50 39
46 38 60 55 15 54 23
73 11 64 27 11 31 33
5 24 55 37 37 52 13
24 60 15 65 26 24 35
65 26 24 36 10 24 16
60 60 11 15 52 65 54
5 24 55 17 10 43 18
58 21 32 32 39 8 30
36 10 24 49 28 34 20
30 30 31 34 11 5 32
58 21 32 59 30 6 27
65 26 24 12 19 21 7
20 33 9 31 14 55 49
30 30 31 63 52 59 35
30 30 31 56 53 21 25
21 57 30 62 48 60 31
58 21 32 9 8 2 32
31 14 55 52 2 16 40
59 30 6 42 58 12 28
17 10 43 41 58 9 58
2 53 68 24 60 15 53
61 38 47 5 24 55 16
57 43 30 37 37 52 22
8 38 31 34 11 5 37
27 11 31 21 57 30 46
33 27 20 34 11 5 21
2 53 68 62 48 60 9
15 52 65 61 38 47 22
19 14 63 16 72 6 81
71 15 48 69 14 38 10
63 52 59 31 14 55 38
10 60 18 46 38 60 47
18 53 13 25 9 35 49
30 30 31 25 9 35 21
48 69 68 43 57 6 63
45 32 18 9 8 2 28
20 33 9 55 15 54 48
18 53 13 10 60 18 8
17 10 43 56 53 21 48
62 48 60 58 21 32 38
57 43 30 35 25 8 28
20 33 9 12 19 21 18
51 64 13 5 24 55 58
24 60 15 41 58 9 6
6 34 4 21 57 30 34
43 57 6 70 8 73 83
17 10 43 39 69 64 62
19 14 63 60 60 11 69
71 15 48 47 19 35 13
37 37 52 17 10 43 28
39 69 64 62 48 60 21
52 2 16 5 24 55 44
35 25 8 16 72 6 47
46 38 60 12 19 21 43
19 14 63 54 31 49 22
14 70 27 72 69 52 25
59 30 6 69 14 38 35
64 73 16 40 19 1 56
72 69 52 55 15 54 54
54 31 49 56 53 21 35
9 8 2 56 53 21 48
61 38 47 48 69 68 37
17 10 43 49 28 34 20
15 52 65 16 72 6 62
57 43 30 1 16 14 31
43 57 6 56 53 21 15
19 14 63 40 19 1 62
67 54 47 18 53 13 34
21 57 30 50 44 38 15
22 17 56 49 28 34 24
25 9 35 73 11 64 29
53 69 18 3 51 69 54
68 53 62 56 53 21 41
9 8 2 21 57 30 56
17 10 43 18 53 13 52
58 21 32 35 25 8 24
5 24 55 71 15 48 11
53 69 18 38 55 25 15
9 8 2 54 31 49 52
58 21 32 7 69 63 57
49 28 34 46 38 60 27
57 43 30 23 69 17 29
59 30 6 2 53 68 66
6 34 4 64 73 16 40
45 32 18 21 57 30 27
57 43 30 11 15 58 39
27 11 31 17 10 43 12
44 6 50 38 55 25 55
30 30 31 42 58 12 33
30 30 31 35 25 8 23
44 6 50 52 2 16 34
34 11 5 67 54 47 60
50 44 38 54 31 49 17
8 38 31 13 56 73 45
34 11 5 35 25 8 14
20 33 9 61 38 47 38
7 69 63 19 14 63 55
40 19 1 68 53 62 69
38 55 25 50 44 38 17
3 51 69 38 55 25 44
68 53 62 5 24 55 29
34 11 5 50 44 38 46
17 10 43 16 72 6 72
18 53 13 34 11 5 42
2 53 68 5 24 55 31
6 34 4 63 52 59 57
48 69 68 3 51 69 18
44 6 50 65 26 24 32
22 17 56 62 48 60 31
42 58 12 10 60 18 6
17 10 43 43 57 6 59
46 38 60 2 53 68 17
43 57 6 8 38 31 31
63 52 59 2 53 68 9
42 58 12 45 32 18 26
0 15 72 37 37 52 29
39 69 64 46 38 60 31
71 15 48 20 33 9 42
48 69 68 63 52 59 19
49 28 34 12 19 21 15
62 48 60 16 72 6 59
4 31 72 2 53 68 22
54 31 49 3 51 69 28
41 58 9 55 15 54 62
72 69 52 1 16 14 65
5 24 55 0 15 72 19
6 34 4 19 14 63 62
73 11 64 12 19 21 43
60 60 11 22 17 56 62
71 15 48 60 60 11 58
0 15 72 8 38 31 47
38 55 25 56 53 21 4
13 56 73 48 69 68 13
7 69 63 68 53 62 16
9 8 2 44 6 50 48
27 11 31 32 39 8 36
48 69 68 54 31 49 42
15 52 65 13 56 73 8
65 26 24 15 52 65 48
52 2 16 53 69 18 67
19 14 63 49 28 34 32
29 3 63 69 14 38 27
11 15 58 56 53 21 53
70 8 73 7 69 63 61
36 10 24 30 30 31 21
49 28 34 11 15 58 27
18 53 13 56 53 21 8
69 14 38 20 33 9 34
37 37 52 40 19 1 54
53 69 18 66 49 16 20
30 30 31 54 31 49 18
2 53 68 7 69 63 16
45 32 18 2 53 68 54
60 60 11 44 6 50 66
43 57 6 46 38 60 57
57 43 30 67 54 47 20
67 54 47 35 25 8 48
47 19 35 34 11 5 31
60 60 11 14 70 27 18
5 24 55 20 33 9 46
25 9 35 46 38 60 38
68 53 62 24 60 15 47
14 70 27 38 55 25 15
54 31 49 61 38 47 7
27 11 31 61 38 47 31
7 69 63 33 27 20 60
0 15 72 55 15 54 18
50 44 38 64 73 16 36
48 69 68 39 69 64 4
37 37 52 63 52 59 16
67 54 47 55 15 54 39
34 11 5 0 15 72 67
1 16 14 38 55 25 40
29 3 63 67 54 47 53
9 8 2 36 10 24 22
30 30 31 41 58 9 35
66 49 16 14 70 27 23
68 53 62 35 25 8 60
9 8 2 67 54 47 64
66 49 16 18 53 13 5
44 6 50 71 15 48 9
8 38 31 55 15 54 32
6 34 4 4 31 72 68
71 15 48 31 14 55 7
54 31 49 16 72 6 59
45 32 18 6 34 4 14
18 53 13 33 27 20 26
15 52 65 59 30 6 62
13 56 73 36 10 24 67
18 53 13 24 60 15 7
8 38 31 65 26 24 13
5 24 55 36 10 24 34
66 49 16 54 31 49 37
27 11 31 66 49 16 40
61 38 47 67 54 47 16
24 60 15 33 27 20 33
64 73 16 49 28 34 48
30 30 31 19 14 63 35
70 8 73 62 48 60 42
42 58 12 5 24 55 54
45 32 18 14 70 27 39
42 58 12 35 25 8 33
69 14 38 60 60 11 53
67 54 47 58 21 32 36
30 30 31 69 14 38 17
71 15 48 42 58 12 56
59 30 6 31 14 55 51
56 53 21 58 21 32 33
27 11 31 39 69 64 66
63 52 59 23 69 17 45
1 16 14 9 8 2 14
21 57 30 70 8 73 65
9 8 2 38 55 25 52
12 19 21 14 70 27 51
66 49 16 32 39 8 12
23 69 17 27 11 31 59
42 58 12 46 38 60 52
6 34 4 8 38 31 27
13 56 73 25 9 35 60
29 3 63 55 15 54 15
17 10 43 53 69 18 64
56 53 21 52 2 16 51
15 52 65 66 49 16 49
22 17 56 16 72 6 74
11 15 58 28 20 34 24
70 8 73 8 38 31 51
51 64 13 9 8 2 57
27 11 31 41 58 9 51
72 69 52 15 52 65 21
60 60 11 63 52 59 48
58 21 32 20 33 9 25
8 38 31 21 57 30 19
70 8 73 26 3 58 15
51 64 13 53 69 18 7
62 48 60 54 31 49 20
37 37 52 20 33 9 43
67 54 47 44 6 50 48
42 58 12 49 28 34 37
17 10 43 60 60 11 59
61 38 47 26 3 58 36
18 53 13 16 72 6 20
51 64 13 10 60 18 6
6 34 4 55 15 54 53
65 26 24 26 3 58 41
11 15 58 66 49 16 54
18 53 13 13 56 73 60
30 30 31 57 43 30 13
1 16 14 35 25 8 10
8 38 31 33 27 20 15
11 15 58 2 53 68 39
9 8 2 41 58 9 50
23 69 17 4 31 72 66
50 44 38 27 11 31 33
58 21 32 22 17 56 24
38 55 25 10 60 18 8
27 11 31 0 15 72 41
13 56 73 47 19 35 53
71 15 48 35 25 8 41
61 38 47 68 53 62 21
62 48 60 40 19 1 65
45 32 18 7 69 63 58
23 69 17 36 10 24 59
34 11 5 44 6 50 45
73 11 64 5 24 55 15
9 8 2 69 14 38 36
58 21 32 57 43 30 22
27 11 31 43 57 6 52
37 37 52 48 69 68 35
72 69 52 51 64 13 39
61 38 47 21 57 30 25
63 52 59 55 15 54 37
42 58 12 56 53 21 10
38 55 25 19 14 63 55
29 3 63 3 51 69 48
14 70 27 33 27 20 43
50 44 38 14 70 27 28
44 6 50 25 9 35 15
62 48 60 4 31 72 20
10 60 18 64 73 16 13
41 58 9 49 28 34 39
65 26 24 29 3 63 45
54 31 49 39 69 64 40
60 60 11 72 69 52 41
31 14 55 43 57 6 65
0 15 72 59 30 6 67
37 37 52 4 31 72 20
28 20 34 16 72 6 59
1 16 14 56 53 21 37
25 9 35 65 26 24 20
18 53 13 2 53 68 55
6 34 4 37 37 52 48
58 21 32 5 24 55 23
4 31 72 19 14 63 19