84 3486
46 36 33 28 24 50 20
20 2 10 24 11 24 16
46 36 33 47 30 66 33
7 37 12 13 57 55 47
75 48 60 23 65 10 52
48 70 65 59 80 3 62
1 19 44 29 11 18 27
57 68 23 37 79 61 39
32 39 75 69 22 33 45
16 42 11 59 80 3 38
49 46 75 46 36 33 43
8 13 75 59 80 3 98
49 46 75 72 52 67 10
77 38 41 31 24 21 24
36 20 74 29 11 18 56
65 12 9 34 58 8 46
45 4 53 68 34 61 31
13 57 55 8 13 75 48
1 19 44 48 70 65 55
46 36 33 24 11 24 26
6 8 70 52 18 53 19
61 54 71 38 82 76 28
23 65 10 62 0 6 65
65 12 9 81 62 52 65
19 25 9 70 14 57 49
16 42 11 83 63 72 64
60 55 8 67 60 80 72
57 68 23 45 4 53 70
3 45 76 72 52 67 11
35 27 54 83 63 72 40
12 25 69 64 59 2 75
10 55 57 70 14 57 41
31 24 21 18 55 72 59
6 8 70 5 22 65 14
13 57 55 19 25 9 56
29 11 18 43 51 24 40
40 41 79 13 57 55 28
60 55 8 1 19 44 50
1 19 44 74 3 15 33
14 25 51 32 39 75 27
8 13 75 53 68 19 78
43 51 24 74 3 15 48
23 65 10 53 68 19 9
49 46 75 8 13 75 33
7 37 12 63 1 13 36
53 68 19 83 63 72 53
25 18 12 74 3 15 15
7 37 12 15 29 81 69
10 55 57 33 64 33 25
28 24 50 64 59 2 59
77 38 41 82 5 53 35
70 14 57 33 64 33 55
9 32 29 24 11 24 21
31 24 21 10 55 57 47
51 36 22 62 0 6 39
66 59 60 18 55 72 12
25 18 12 19 25 9 7
18 55 72 65 12 9 76
58 44 8 11 4 74 77
6 8 70 13 57 55 51
45 4 53 34 58 8 70
68 34 61 31 24 21 41
16 42 11 12 25 69 60
28 24 50 49 46 75 33
45 4 53 78 65 0 80
40 41 79 25 18 12 70
78 65 0 79 59 30 30
17 50 16 14 25 51 43
82 5 53 26 52 67 49
35 27 54 70 14 57 13
2 68 77 32 39 75 29
73 66 57 20 2 10 79
34 58 8 58 44 8 14
44 23 32 77 38 41 17
36 20 74 58 44 8 70
18 55 72 53 68 19 54
10 55 57 56 69 81 27
33 64 33 83 63 72 39
22 3 34 50 69 79 79
51 36 22 56 69 81 67
36 20 74 15 29 81 11
60 55 8 42 34 73 68
26 52 67 59 80 3 69
37 79 61 39 16 12 79
67 60 80 36 20 74 40
1 19 44 9 32 29 19
42 34 73 53 68 19 63
35 27 54 12 25 69 15
54 48 45 63 1 13 56
8 13 75 24 11 24 51
41 36 21 0 73 51 47
4 18 38 51 36 22 24
2 68 77 55 51 3 75
42 34 73 40 41 79 9
32 39 75 30 58 33 46
32 39 75 64 59 2 75
35 27 54 71 40 31 26
76 41 61 39 16 12 55
37 79 61 12 25 69 54
8 13 75 11 4 74 9
46 36 33 4 18 38 18
78 65 0 27 74 68 68
26 52 67 58 44 8 59
2 68 77 45 4 53 68
52 18 53 25 18 12 41
29 11 18 68 34 61 48
36 20 74 80 34 37 39
13 57 55 65 12 9 64
41 36 21 13 57 55 39
72 52 67 54 48 45 22
18 55 72 81 62 52 21
37 79 61 50 69 79 20
56 69 81 28 24 50 54
57 68 23 79 59 30 11
71 40 31 28 24 50 24
33 64 33 76 41 61 36
51 36 22 5 22 65 45
32 39 75 10 55 57 24
57 68 23 20 2 10 67
68 34 61 30 58 33 36
12 25 69 67 60 80 36
13 57 55 61 54 71 16
45 4 53 73 66 57 62
61 54 71 10 55 57 14
83 63 72 48 70 65 9
36 20 74 8 13 75 7
29 11 18 35 27 54 39
32 39 75 8 13 75 26
3 45 76 77 38 41 35
39 16 12 19 25 9 9
5 22 65 78 65 0 77
49 46 75 53 68 19 60
70 14 57 8 13 75 18
28 24 50 68 34 61 14
51 36 22 28 24 50 30
30 58 33 1 19 44 40
13 57 55 75 48 60 10
76 41 61 41 36 21 40
53 68 19 17 50 16 18
11 4 74 26 52 67 48
57 68 23 60 55 8 19
73 66 57 18 55 72 18
51 36 22 47 30 66 44
49 46 75 34 58 8 68
59 80 3 77 38 41 56
26 52 67 63 1 13 74
63 1 13 33 64 33 66
22 3 34 30 58 33 55
7 37 12 53 68 19 31
28 24 50 44 23 32 18
42 34 73 39 16 12 63
32 39 75 7 37 12 63
79 59 30 73 66 57 27
3 45 76 66 59 60 21
9 32 29 80 34 37 8
10 55 57 37 79 61 24
51 36 22 42 34 73 51
73 66 57 63 1 13 78
39 16 12 25 18 12 2
14 25 51 8 13 75 26
55 51 3 41 36 21 23
75 48 60 16 42 11 49
37 79 61 33 64 33 31
57 68 23 32 39 75 59
60 55 8 0 73 51 46
9 32 29 16 42 11 20
55 51 3 75 48 60 57
78 65 0 39 16 12 50
39 16 12 55 51 3 36
47 30 66 64 59 2 70
17 50 16 18 55 72 56
29 11 18 55 51 3 42
2 68 77 83 63 72 7
27 74 68 46 36 33 51
54 48 45 73 66 57 21
24 11 24 16 42 11 33
71 40 31 13 57 55 29
18 55 72 67 60 80 9
65 12 9 64 59 2 47
49 46 75 30 58 33 43
1 19 44 28 24 50 7
17 50 16 54 48 45 29
6 8 70 24 11 24 46
11 4 74 25 18 12 63
31 24 21 32 39 75 56
22 3 34 62 0 6 28
72 52 67 22 3 34 59
62 0 6 54 48 45 61
68 34 61 3 45 76 18
26 52 67 47 30 66 22
71 40 31 62 0 6 47
7 37 12 16 42 11 5
38 82 76 12 25 69 57
69 22 33 80 34 37 12
35 27 54 41 36 21 34
53 68 19 64 59 2 19
31 24 21 3 45 76 58
78 65 0 49 46 75 77
47 30 66 5 22 65 8
30 58 33 75 48 60 28
67 60 80 29 11 18 79
53 68 19 62 0 6 69
67 60 80 51 36 22 62
56 69 81 38 82 76 13
1 19 44 79 59 30 42
40 41 79 56 69 81 28
72 52 67 19 25 9 63
1 19 44 40 41 79 41
46 36 33 71 40 31 4
30 58 33 29 11 18 49
35 27 54 56 69 81 49
64 59 2 38 82 76 77
30 58 33 83 63 72 39
68 34 61 55 51 3 60
79 59 30 71 40 31 19
46 36 33 32 39 75 42
11 4 74 28 24 50 31
75 48 60 39 16 12 57
52 18 53 32 39 75 30
23 65 10 63 1 13 64
52 18 53 43 51 24 43
71 40 31 66 59 60 34
73 66 57 14 25 51 41
59 80 3 4 18 38 71
28 24 50 80 34 37 16
11 4 74 62 0 6 68
53 68 19 47 30 66 60
82 5 53 17 50 16 58
37 79 61 44 23 32 63
2 68 77 57 68 23 54
15 29 81 40 41 79 12
69 22 33 62 0 6 34
57 68 23 50 69 79 56
82 5 53 62 0 6 47
51 36 22 10 55 57 39
30 58 33 39 16 12 46
2 68 77 5 22 65 47
42 34 73 57 68 23 60
25 18 12 0 73 51 67
23 65 10 40 41 79 73
64 59 2 2 68 77 75
18 55 72 54 48 45 27
3 45 76 18 55 72 10
25 18 12 10 55 57 58
83 63 72 28 24 50 44
11 4 74 40 41 79 37
45 4 53 47 30 66 29
29 11 18 31 24 21 13
53 68 19 58 44 8 26
81 62 52 36 20 74 47
27 74 68 18 55 72 19
78 65 0 21 11 21 57
20 2 10 32 39 75 74
27 74 68 65 12 9 85
35 27 54 72 52 67 28
76 41 61 53 68 19 49
66 59 60 26 52 67 9
30 58 33 31 24 21 36
80 34 37 13 57 55 29
50 69 79 67 60 80 9
21 11 21 16 42 11 32
68 34 61 49 46 75 18
83 63 72 52 18 53 48
56 69 81 53 68 19 62
37 79 61 29 11 18 80
75 48 60 27 74 68 27
38 82 76 83 63 72 19
53 68 19 28 24 50 53
71 40 31 69 22 33 18
75 48 60 1 19 44 33
3 45 76 29 11 18 67
15 29 81 73 66 57 44
48 70 65 6 8 70 62
0 73 51 10 55 57 18
82 5 53 56 69 81 69
35 27 54 82 5 53 22
0 73 51 63 1 13 81
50 69 79 51 36 22 65
69 22 33 58 44 8 33
44 23 32 56 69 81 67
35 27 54 24 11 24 34
47 30 66 10 55 57 26
41 36 21 83 63 72 57
71 40 31 22 3 34 37
74 3 15 21 11 21 10
11 4 74 16 42 11 73
80 34 37 58 44 8 30
46 36 33 29 11 18 29
35 27 54 50 69 79 48
71 40 31 63 1 13 42
69 22 33 13 57 55 41
76 41 61 79 59 30 35
16 42 11 18 55 72 62
61 54 71 56 69 81 18
39 16 12 66 59 60 64
77 38 41 45 4 53 36
4 18 38 22 3 34 15
47 30 66 12 25 69 5
8 13 75 50 69 79 56
60 55 8 12 25 69 67
2 68 77 13 57 55 24
58 44 8 16 42 11 3
35 27 54 40 41 79 28
20 2 10 82 5 53 43
3 45 76 30 58 33 44
32 39 75 76 41 61 14
82 5 53 57 68 23 69
81 62 52 28 24 50 38
62 0 6 7 37 12 37
34 58 8 27 74 68 62
36 20 74 23 65 10 78
50 69 79 24 11 24 79
73 66 57 76 41 61 25
46 36 33 16 42 11 22
44 23 32 27 74 68 62
65 12 9 4 18 38 29
24 11 24 58 44 8 36
10 55 57 44 23 32 40
53 68 19 33 64 33 14
31 24 21 12 25 69 48
40 41 79 41 36 21 58
0 73 51 32 39 75 41
57 68 23 22 3 34 65
63 1 13 50 69 79 94
41 36 21 30 58 33 25
46 36 33 60 55 8 31
11 4 74 60 55 8 83
8 13 75 42 34 73 21
47 30 66 39 16 12 55
30 58 33 60 55 8 25
36 20 74 38 82 76 62
58 44 8 59 80 3 36
14 25 51 3 45 76 32
55 51 3 17 50 16 13
18 55 72 78 65 0 72
15 29 81 21 11 21 62
49 46 75 62 0 6 82
18 55 72 37 79 61 26
46 36 33 76 41 61 28
75 48 60 32 39 75 17
74 3 15 20 2 10 5
46 36 33 63 1 13 40
52 18 53 70 14 57 5
20 2 10 42 34 73 70
19 25 9 37 79 61 74
58 44 8 67 60 80 73
1 19 44 57 68 23 53
26 52 67 80 34 37 34
72 52 67 51 36 22 47
25 18 12 41 36 21 20
55 51 3 54 48 45 42
83 63 72 24 11 24 70
3 45 76 73 66 57 28
71 40 31 40 41 79 48
64 59 2 39 16 12 44
71 40 31 58 44 8 23
32 39 75 80 34 37 38
28 24 50 33 64 33 43
65 12 9 76 41 61 59
43 51 24 47 30 66 46
58 44 8 6 8 70 71
1 19 44 67 60 80 54
13 57 55 48 70 65 16
27 74 68 29 11 18 80
76 41 61 16 42 11 50
80 34 37 4 18 38 16
58 44 8 68 34 61 53
83 63 72 8 13 75 50
18 55 72 44 23 32 51
5 22 65 46 36 33 34
50 69 79 20 2 10 96
28 24 50 58 44 8 46
23 65 10 30 58 33 24
82 5 53 36 20 74 25
27 74 68 30 58 33 38
30 58 33 57 68 23 14
21 11 21 12 25 69 50
33 64 33 65 12 9 57
21 11 21 56 69 81 83
22 3 34 13 57 55 57
57 68 23 63 1 13 67
2 68 77 31 24 21 71
52 18 53 61 54 71 40
51 36 22 73 66 57 46
39 16 12 44 23 32 21
78 65 0 51 36 22 36
52 18 53 51 36 22 35
73 66 57 74 3 15 75
40 41 79 68 34 61 19
32 39 75 49 46 75 7
23 65 10 72 52 67 58
13 57 55 55 51 3 52
28 24 50 50 69 79 53
23 65 10 37 79 61 52
69 22 33 49 46 75 48
48 70 65 58 44 8 62
10 55 57 35 27 54 28
9 32 29 17 50 16 22
74 3 15 70 14 57 43
34 58 8 25 18 12 40
37 79 61 51 36 22 58
22 3 34 42 34 73 49
56 69 81 78 65 0 81
70 14 57 0 73 51 59
78 65 0 40 41 79 82
21 11 21 41 36 21 25
4 18 38 0 73 51 56
29 11 18 71 40 31 31
65 12 9 26 52 67 70
72 52 67 63 1 13 74
60 55 8 53 68 19 17
62 0 6 15 29 81 80
3 45 76 10 55 57 21
63 1 13 40 41 79 77
17 50 16 49 46 75 59
59 80 3 40 41 79 85
52 18 53 18 55 72 41
83 63 72 61 54 71 9
33 64 33 24 11 24 53
26 52 67 35 27 54 28
76 41 61 26 52 67 12
72 52 67 61 54 71 4
35 27 54 77 38 41 17
54 48 45 35 27 54 22
52 18 53 22 3 34 24
52 18 53 62 0 6 50
70 14 57 79 59 30 52
60 55 8 66 59 60 52
81 62 52 72 52 67 18
54 48 45 27 74 68 34
44 23 32 23 65 10 47
23 65 10 66 59 60 50
19 25 9 71 40 31 26
29 11 18 0 73 51 70
50 69 79 10 55 57 26
65 12 9 29 11 18 9
32 39 75 42 34 73 5
39 16 12 32 39 75 67
12 25 69 41 36 21 49
70 14 57 62 0 6 52
54 48 45 58 44 8 37
3 45 76 38 82 76 37
77 38 41 8 13 75 42
71 40 31 50 69 79 56
53 68 19 52 18 53 60
77 38 41 55 51 3 40
74 3 15 6 8 70 55
16 42 11 78 65 0 25
51 36 22 54 48 45 25
74 3 15 67 60 80 86
0 73 51 73 66 57 9
50 69 79 23 65 10 69
48 70 65 52 18 53 53
72 52 67 80 34 37 34
82 5 53 39 16 12 42
66 59 60 48 70 65 12
48 70 65 42 34 73 36
49 46 75 63 1 13 76
15 29 81 49 46 75 18
77 38 41 0 73 51 36
11 4 74 55 51 3 85
10 55 57 55 51 3 54
0 73 51 61 54 71 27
35 27 54 64 59 2 61
49 46 75 19 25 9 69
76 41 61 74 3 15 59
2 68 77 68 34 61 37
31 24 21 54 48 45 33
6 8 70 35 27 54 24
63 1 13 75 48 60 66
66 59 60 11 4 74 56
59 80 3 70 14 57 85
78 65 0 80 34 37 48
54 48 45 52 18 53 31
12 25 69 43 51 24 51
1 19 44 66 59 60 43
64 59 2 58 44 8 16
12 25 69 3 45 76 21
58 44 8 29 11 18 34
70 14 57 51 36 22 41
58 44 8 4 18 38 39
71 40 31 81 62 52 30
13 57 55 5 22 65 36
47 30 66 50 69 79 41
22 3 34 75 48 60 51
38 82 76 13 57 55 32
48 70 65 26 52 67 18
57 68 23 44 23 32 45
25 18 12 63 1 13 17
77 38 41 13 57 55 23
44 23 32 25 18 12 20
82 5 53 47 30 66 28
80 34 37 3 45 76 40
21 11 21 70 14 57 36
30 58 33 65 12 9 51
6 8 70 22 3 34 36
28 24 50 14 25 51 1
40 41 79 19 25 9 71
28 24 50 8 13 75 27
36 20 74 12 25 69 7
50 69 79 38 82 76 13
26 52 67 13 57 55 13
38 82 76 76 41 61 43
27 74 68 55 51 3 68
18 55 72 71 40 31 43
42 34 73 31 24 21 52
4 18 38 10 55 57 41
19 25 9 5 22 65 56
79 59 30 65 12 9 51
56 69 81 3 45 76 24
11 4 74 36 20 74 16
61 54 71 41 36 21 53
39 16 12 1 19 44 32
58 44 8 33 64 33 32
6 8 70 69 22 33 39
43 51 24 25 18 12 35
44 23 32 38 82 76 73
58 44 8 17 50 16 10
74 3 15 36 20 74 61
19 25 9 15 29 81 72
63 1 13 38 82 76 102
49 46 75 37 79 61 35
59 80 3 78 65 0 15
17 50 16 29 11 18 39
20 2 10 30 58 33 60
80 34 37 44 23 32 12
18 55 72 59 80 3 73
32 39 75 17 50 16 60
55 51 3 0 73 51 52
15 29 81 28 24 50 31
5 22 65 41 36 21 46
18 55 72 6 8 70 47
0 73 51 53 68 19 32
45 4 53 66 59 60 55
65 12 9 11 4 74 65
61 54 71 19 25 9 68
11 4 74 34 58 8 85
14 25 51 34 58 8 54
56 69 81 34 58 8 73
64 59 2 0 73 51 50
46 36 33 19 25 9 26
74 3 15 48 70 65 83
58 44 8 18 55 72 64
44 23 32 7 37 12 24
73 66 57 50 69 79 22
41 36 21 75 48 60 40
60 55 8 9 32 29 31
78 65 0 60 55 8 12
82 5 53 32 39 75 40
30 58 33 79 59 30 3
34 58 8 81 62 52 44
71 40 31 23 65 10 32
73 66 57 13 57 55 9
2 68 77 59 80 3 74
68 34 61 46 36 33 28
21 11 21 60 55 8 45
79 59 30 46 36 33 23
37 79 61 47 30 66 49
68 34 61 42 34 73 12
23 65 10 31 24 21 42
1 19 44 2 68 77 59
81 62 52 25 18 12 59
62 0 6 60 55 8 55
39 16 12 26 52 67 65
72 52 67 66 59 60 9
57 68 23 14 25 51 51
81 62 52 60 55 8 44
73 66 57 41 36 21 46
21 11 21 66 59 60 61
3 45 76 34 58 8 69
35 27 54 17 50 16 44
78 65 0 38 82 76 77
15 29 81 35 27 54 27
82 5 53 48 70 65 66
14 25 51 31 24 21 30
76 41 61 21 11 21 50
26 52 67 27 74 68 22
52 18 53 34 58 8 60
54 48 45 2 68 77 37
73 66 57 19 25 9 63
42 34 73 56 69 81 35
77 38 41 18 55 72 35
55 51 3 67 60 80 77
49 46 75 77 38 41 34
7 37 12 78 65 0 30
77 38 41 79 59 30 23
4 18 38 71 40 31 23
53 68 19 59 80 3 20
83 63 72 3 45 76 18
29 11 18 69 22 33 18
3 45 76 28 24 50 33
56 69 81 58 44 8 77
4 18 38 40 41 79 47
57 68 23 29 11 18 57
53 68 19 4 18 38 53
59 80 3 30 58 33 37
51 36 22 41 36 21 1
68 34 61 70 14 57 20
50 69 79 74 3 15 91
18 55 72 62 0 6 85
20 2 10 39 16 12 14
73 66 57 75 48 60 18
49 46 75 43 51 24 51
72 52 67 15 29 81 26
47 30 66 68 34 61 6
72 52 67 25 18 12 64
55 51 3 38 82 76 79
49 46 75 60 55 8 67
83 63 72 39 16 12 76
70 14 57 39 16 12 45
10 55 57 53 68 19 40
19 25 9 29 11 18 16
44 23 32 65 12 9 25
69 22 33 64 59 2 48
19 25 9 56 69 81 84
12 25 69 40 41 79 18
5 22 65 43 51 24 50
34 58 8 41 36 21 25
29 11 18 39 16 12 7
15 29 81 11 4 74 25
74 3 15 28 24 50 40
14 25 51 10 55 57 30
16 42 11 20 2 10 40
11 4 74 79 59 30 70
24 11 24 19 25 9 20
35 27 54 44 23 32 22
78 65 0 19 25 9 41
6 8 70 8 13 75 7
59 80 3 10 55 57 59
3 45 76 67 60 80 15
74 3 15 29 11 18 8
48 70 65 64 59 2 63
13 57 55 10 55 57 2
75 48 60 79 59 30 31
38 82 76 5 22 65 61
43 51 24 54 48 45 21
35 27 54 57 68 23 51
73 66 57 26 52 67 17
7 37 12 14 25 51 40
13 57 55 28 24 50 33
69 22 33 20 2 10 30
41 36 21 10 55 57 40
41 36 21 11 4 74 61
56 69 81 60 55 8 74
72 52 67 8 13 75 39
7 37 12 0 73 51 53
15 29 81 30 58 33 56
34 58 8 19 25 9 33
53 68 19 48 70 65 46
52 18 53 75 48 60 30
12 25 69 42 34 73 9
81 62 52 37 79 61 19
12 25 69 56 69 81 45
58 44 8 10 55 57 50
67 60 80 81 62 52 28
40 41 79 9 32 29 50
24 11 24 64 59 2 52
67 60 80 24 11 24 74
68 34 61 71 40 31 30
41 36 21 69 22 33 18
48 70 65 80 34 37 45
25 18 12 13 57 55 58
16 42 11 19 25 9 17
48 70 65 43 51 24 45
15 29 81 52 18 53 30
28 24 50 24 11 24 29
26 52 67 19 25 9 63
21 11 21 42 34 73 56
23 65 10 20 2 10 63
58 44 8 15 29 81 74
41 36 21 49 46 75 54
67 60 80 64 59 2 78
53 68 19 46 36 33 34
15 29 81 45 4 53 37
51 36 22 23 65 10 31
83 63 72 75 48 60 19
33 64 33 38 82 76 46
19 25 9 48 70 65 71
29 11 18 7 37 12 26
2 68 77 33 64 33 44
20 2 10 4 18 38 32
76 41 61 78 65 0 65
31 24 21 35 27 54 33
49 46 75 79 59 30 46
82 5 53 64 59 2 74
35 27 54 38 82 76 59
44 23 32 54 48 45 28
41 36 21 44 23 32 17
14 25 51 26 52 67 31
32 39 75 78 65 0 79
32 39 75 21 11 21 60
67 60 80 41 36 21 63
57 68 23 3 45 76 57
71 40 31 57 68 23 29
39 16 12 45 4 53 42
33 64 33 7 37 12 34
38 82 76 31 24 21 79
8 13 75 16 42 11 70
36 20 74 69 22 33 41
27 74 68 5 22 65 52
47 30 66 71 40 31 36
58 44 8 52 18 53 51
65 12 9 39 16 12 5
16 42 11 52 18 53 48
73 66 57 8 13 75 55
72 52 67 2 68 77 18
33 64 33 20 2 10 66
22 3 34 79 59 30 56
74 3 15 60 55 8 52
44 23 32 79 59 30 36
75 48 60 51 36 22 39
59 80 3 36 20 74 92
33 64 33 39 16 12 52
45 4 53 20 2 10 43
9 32 29 77 38 41 13
33 64 33 79 59 30 5
52 18 53 23 65 10 63
58 44 8 73 66 57 53
28 24 50 7 37 12 40
25 18 12 60 55 8 37
28 24 50 16 42 11 42
0 73 51 12 25 69 51
56 69 81 45 4 53 70
43 51 24 19 25 9 30
44 23 32 8 13 75 44
54 48 45 41 36 21 26
60 55 8 54 48 45 37
33 64 33 42 34 73 50
62 0 6 20 2 10 4
32 39 75 77 38 41 34
81 62 52 48 70 65 15
48 70 65 54 48 45 29
78 65 0 4 18 38 60
42 34 73 9 32 29 44
37 79 61 63 1 13 91
36 20 74 83 63 72 43
31 24 21 47 30 66 45
53 68 19 44 23 32 46
82 5 53 41 36 21 44
83 63 72 40 41 79 23
20 2 10 5 22 65 58
37 79 61 46 36 33 51
47 30 66 21 11 21 48
49 46 75 45 4 53 47
54 48 45 38 82 76 46
18 55 72 12 25 69 30
32 39 75 58 44 8 67
44 23 32 60 55 8 40
46 36 33 69 22 33 14
43 51 24 36 20 74 58
72 52 67 4 18 38 44
69 22 33 26 52 67 45
27 74 68 3 45 76 30
70 14 57 36 20 74 18
9 32 29 13 57 55 36
44 23 32 1 19 44 12
57 68 23 27 74 68 45
83 63 72 4 18 38 56
43 51 24 50 69 79 57
57 68 23 83 63 72 49
30 58 33 24 11 24 47
47 30 66 83 63 72 33
7 37 12 71 40 31 19
76 41 61 54 48 45 17
70 14 57 22 3 34 25
16 42 11 47 30 66 56
19 25 9 77 38 41 34
38 82 76 48 70 65 16
50 69 79 16 42 11 73
24 11 24 25 18 12 13
1 19 44 42 34 73 32
8 13 75 66 59 60 48
8 13 75 52 18 53 22
71 40 31 42 34 73 42
13 57 55 67 60 80 25
30 58 33 47 30 66 43
66 59 60 74 3 15 71
22 3 34 32 39 75 54
65 12 9 36 20 74 65
68 34 61 41 36 21 40
58 44 8 30 58 33 28
51 36 22 60 55 8 23
26 52 67 67 60 80 15
83 63 72 66 59 60 12
3 45 76 2 68 77 23
3 45 76 48 70 65 27
44 23 32 63 1 13 29
45 4 53 61 54 71 53
17 50 16 25 18 12 32
57 68 23 4 18 38 52
75 48 60 50 69 79 28
61 54 71 21 11 21 65
6 8 70 68 34 61 27
5 22 65 56 69 81 49
15 29 81 51 36 22 59
78 65 0 55 51 3 14
55 51 3 70 14 57 65
14 25 51 48 70 65 47
16 42 11 73 66 57 51
50 69 79 9 32 29 62
32 39 75 74 3 15 69
63 1 13 55 51 3 50
43 51 24 1 19 44 37
68 34 61 37 79 61 45
41 36 21 78 65 0 35
75 48 60 42 34 73 19
17 50 16 64 59 2 16
35 27 54 53 68 19 53
65 12 9 22 3 34 26
56 69 81 49 46 75 23
6 8 70 56 69 81 61
19 25 9 42 34 73 64
3 45 76 49 46 75 1
50 69 79 36 20 74 49
8 13 75 33 64 33 66
18 55 72 20 2 10 81
74 3 15 30 58 33 57
82 5 53 1 19 44 16
2 68 77 80 34 37 52
68 34 61 81 62 52 29
19 25 9 10 55 57 56
47 30 66 70 14 57 18
65 12 9 43 51 24 41
72 52 67 30 58 33 34
53 68 19 65 12 9 56
56 69 81 46 36 33 58
35 27 54 48 70 65 44
69 22 33 73 66 57 50
36 20 74 52 18 53 21
19 25 9 7 37 12 12
26 52 67 71 40 31 37
9 32 29 59 80 3 54
67 60 80 72 52 67 15
54 48 45 66 59 60 18
1 19 44 36 20 74 30
38 82 76 8 13 75 69
69 22 33 68 34 61 30
24 11 24 4 18 38 15
6 8 70 45 4 53 17
54 48 45 47 30 66 27
24 11 24 63 1 13 14
77 38 41 27 74 68 45
8 13 75 58 44 8 73
81 62 52 14 25 51 37
16 42 11 60 55 8 13
51 36 22 24 11 24 25
50 69 79 7 37 12 74
6 8 70 42 34 73 26
16 42 11 80 34 37 27
83 63 72 76 41 61 24
41 36 21 60 55 8 23
81 62 52 20 2 10 73
23 65 10 17 50 16 16
36 20 74 53 68 19 73
34 58 8 51 36 22 26
18 55 72 26 52 67 5
78 65 0 54 48 45 48
43 51 24 17 50 16 8
64 59 2 7 37 12 24
24 11 24 49 46 75 61
39 16 12 67 60 80 80
37 79 61 73 66 57 13
48 70 65 28 24 50 48
32 39 75 41 36 21 54
26 52 67 74 3 15 71
23 65 10 57 68 23 13
72 52 67 52 18 53 36
16 42 11 53 68 19 27
70 14 57 76 41 61 27
6 8 70 23 65 10 82
39 16 12 54 48 45 45
10 55 57 80 34 37 29
30 58 33 11 4 74 67
62 0 6 2 68 77 98
38 82 76 30 58 33 49
1 19 44 51 36 22 27
40 41 79 55 51 3 76
20 2 10 79 59 30 60
43 51 24 80 34 37 21
78 65 0 34 58 8 10
28 24 50 32 39 75 29
0 73 51 72 52 67 26
69 22 33 60 55 8 41
67 60 80 57 68 23 57
51 36 22 68 34 61 39
70 14 57 17 50 16 54
67 60 80 21 11 21 76
68 34 61 36 20 74 19
59 80 3 76 41 61 69
21 11 21 58 44 8 35
7 37 12 23 65 10 28
37 79 61 9 32 29 56
65 12 9 45 4 53 44
4 18 38 15 29 81 44
37 79 61 59 80 3 58
77 38 41 83 63 72 39
5 22 65 80 34 37 30
0 73 51 2 68 77 26
49 46 75 81 62 52 28
32 39 75 53 68 19 63
46 36 33 21 11 21 27
60 55 8 72 52 67 59
21 11 21 19 25 9 18
53 68 19 11 4 74 84
11 4 74 75 48 60 46
68 34 61 20 2 10 60
76 41 61 20 2 10 64
41 36 21 62 0 6 39
21 11 21 25 18 12 11
54 48 45 11 4 74 52
67 60 80 32 39 75 21
46 36 33 66 59 60 35
10 55 57 65 12 9 64
34 58 8 18 55 72 64
43 51 24 39 16 12 37
78 65 0 22 3 34 70
41 36 21 14 25 51 31
78 65 0 26 52 67 68
72 52 67 34 58 8 59
42 34 73 70 14 57 25
71 40 31 34 58 8 29
54 48 45 57 68 23 29
39 16 12 46 36 33 29
34 58 8 76 41 61 55
20 2 10 51 36 22 36
1 19 44 38 82 76 70
63 1 13 43 51 24 51
30 58 33 51 36 22 24
41 36 21 36 20 74 55
4 18 38 74 3 15 27
38 82 76 6 8 70 74
32 39 75 50 69 79 30
7 37 12 49 46 75 63
30 58 33 55 51 3 30
26 52 67 53 68 19 50
56 69 81 72 52 67 22
45 4 53 62 0 6 47
36 20 74 57 68 23 70
63 1 13 69 22 33 29
69 22 33 25 18 12 21
80 34 37 55 51 3 38
31 24 21 21 11 21 13
44 23 32 66 59 60 45
27 74 68 32 39 75 35
26 52 67 0 73 51 26
77 38 41 29 11 18 35
52 18 53 9 32 29 27
79 59 30 53 68 19 14
27 74 68 41 36 21 60
53 68 19 63 1 13 67
0 73 51 8 13 75 64
35 27 54 28 24 50 5
53 68 19 78 65 0 19
34 58 8 15 29 81 78
81 62 52 51 36 22 39
34 58 8 30 58 33 25
1 19 44 14 25 51 9
1 19 44 31 24 21 23
28 24 50 34 58 8 54
2 68 77 65 12 9 88
73 66 57 82 5 53 61
49 46 75 64 59 2 74
11 4 74 5 22 65 20
13 57 55 45 4 53 53
61 54 71 69 22 33 49
48 70 65 72 52 67 18
51 36 22 74 3 15 33
29 11 18 28 24 50 34
74 3 15 23 65 10 62
7 37 12 21 11 21 27
46 36 33 38 82 76 62
61 54 71 26 52 67 4
73 66 57 53 68 19 38
14 25 51 25 18 12 39
60 55 8 2 68 77 70
61 54 71 2 68 77 15
74 3 15 0 73 51 78
73 66 57 49 46 75 26
59 80 3 47 30 66 80
12 25 69 69 22 33 36
51 36 22 7 37 12 10
15 29 81 48 70 65 44
37 79 61 75 48 60 31
30 58 33 37 79 61 35
32 39 75 34 58 8 69
76 41 61 72 52 67 12
48 70 65 47 30 66 40
24 11 24 14 25 51 30
28 24 50 42 34 73 25
82 5 53 78 65 0 80
54 48 45 71 40 31 16
26 52 67 42 34 73 18
67 60 80 83 63 72 8
44 23 32 36 20 74 42
48 70 65 46 36 33 46
48 70 65 24 11 24 71
60 55 8 43 51 24 16
79 59 30 52 18 53 47
36 20 74 31 24 21 53
67 60 80 23 65 10 70
20 2 10 12 25 69 63
67 60 80 35 27 54 42
48 70 65 22 3 34 73
67 60 80 77 38 41 44
76 41 61 25 18 12 54
4 18 38 76 41 61 32
67 60 80 20 2 10 90
83 63 72 51 36 22 56
22 3 34 82 5 53 19
66 59 60 41 36 21 45
18 55 72 50 69 79 15
71 40 31 17 50 16 18
65 12 9 41 36 21 26
50 69 79 33 64 33 46
82 5 53 75 48 60 43
74 3 15 35 27 54 45
11 4 74 81 62 52 62
29 11 18 48 70 65 75
60 55 8 79 59 30 22
53 68 19 82 5 53 71
7 37 12 31 24 21 15
58 44 8 79 59 30 26
55 51 3 26 52 67 64
23 65 10 82 5 53 73
38 82 76 40 41 79 41
21 11 21 0 73 51 68
38 82 76 41 36 21 71
8 13 75 57 68 23 75
34 58 8 42 34 73 69
40 41 79 48 70 65 32
38 82 76 52 18 53 68
32 39 75 33 64 33 48
27 74 68 7 37 12 67
54 48 45 25 18 12 44
68 34 61 22 3 34 41
67 60 80 59 80 3 79
15 29 81 57 68 23 69
36 20 74 5 22 65 9
52 18 53 59 80 3 79
76 41 61 28 24 50 20
42 34 73 78 65 0 79
35 27 54 65 12 9 47
78 65 0 25 18 12 48
79 59 30 6 8 70 64
67 60 80 76 41 61 26
56 69 81 68 34 61 40
58 44 8 5 22 65 61
22 3 34 61 54 71 63
72 52 67 20 2 10 75
25 18 12 79 59 30 44
30 58 33 13 57 55 22
56 69 81 43 51 24 59
67 60 80 78 65 0 80
15 29 81 3 45 76 16
16 42 11 66 59 60 51
36 20 74 19 25 9 65
33 64 33 21 11 21 54
42 34 73 3 45 76 11
63 1 13 18 55 72 79
67 60 80 27 74 68 18
47 30 66 42 34 73 8
26 52 67 62 0 6 80
68 34 61 14 25 51 13
55 51 3 25 18 12 34
64 59 2 19 25 9 34
14 25 51 20 2 10 47
24 11 24 10 55 57 55
59 80 3 51 36 22 47
39 16 12 50 69 79 85
78 65 0 83 63 72 72
15 29 81 20 2 10 75
56 69 81 2 68 77 4
54 48 45 83 63 72 30
35 27 54 61 54 71 31
4 18 38 55 51 3 48
3 45 76 53 68 19 61
52 18 53 31 24 21 32
31 24 21 41 36 21 12
80 34 37 79 59 30 25
32 39 75 40 41 79 4
19 25 9 63 1 13 24
63 1 13 60 55 8 54
14 25 51 12 25 69 18
65 12 9 47 30 66 59
31 24 21 22 3 34 24
9 32 29 65 12 9 28
66 59 60 17 50 16 44
58 44 8 55 51 3 8
31 24 21 59 80 3 58
40 41 79 74 3 15 74
18 55 72 46 36 33 43
59 80 3 73 66 57 55
73 66 57 1 19 44 48
16 42 11 56 69 81 75
61 54 71 23 65 10 61
77 38 41 11 4 74 47
27 74 68 56 69 81 13
77 38 41 25 18 12 35
44 23 32 15 29 81 49
55 51 3 6 8 70 79
7 37 12 80 34 37 25
4 18 38 69 22 33 6
66 59 60 78 65 0 60
3 45 76 5 22 65 25
43 51 24 58 44 8 17
79 59 30 3 45 76 48
72 52 67 7 37 12 57
12 25 69 15 29 81 12
2 68 77 82 5 53 67
18 55 72 45 4 53 54
42 34 73 41 36 21 52
15 29 81 5 22 65 17
4 18 38 27 74 68 63
66 59 60 24 11 24 60
23 65 10 65 12 9 53
24 11 24 54 48 45 42
59 80 3 11 4 74 104
26 52 67 81 62 52 18
49 46 75 33 64 33 45
5 22 65 64 59 2 73
40 41 79 53 68 19 65
73 66 57 35 27 54 39
83 63 72 74 3 15 82
33 64 33 78 65 0 33
77 38 41 58 44 8 33
44 23 32 12 25 69 37
43 51 24 24 11 24 40
44 23 32 26 52 67 45
38 82 76 14 25 51 62
18 55 72 55 51 3 69
9 32 29 48 70 65 52
42 34 73 27 74 68 40
73 66 57 48 70 65 8
48 70 65 23 65 10 55
17 50 16 22 3 34 50
25 18 12 64 59 2 42
6 8 70 1 19 44 28
47 30 66 62 0 6 67
45 4 53 50 69 79 70
0 73 51 47 30 66 45
57 68 23 58 44 8 28
38 82 76 2 68 77 14
7 37 12 11 4 74 70
43 51 24 8 13 75 63
28 24 50 17 50 16 42
14 25 51 46 36 33 21
74 3 15 55 51 3 49
59 80 3 38 82 76 73
13 57 55 3 45 76 24
70 14 57 18 55 72 43
17 50 16 7 37 12 13
15 29 81 24 11 24 59
68 34 61 7 37 12 49
61 54 71 60 55 8 63
7 37 12 6 8 70 64
4 18 38 18 55 72 50
36 20 74 0 73 51 57
67 60 80 7 37 12 71
26 52 67 23 65 10 58
13 57 55 72 52 67 13
52 18 53 56 69 81 58
34 58 8 79 59 30 22
63 1 13 45 4 53 40
26 52 67 50 69 79 20
52 18 53 80 34 37 22
75 48 60 5 22 65 26
38 82 76 66 59 60 28
34 58 8 75 48 60 52
29 11 18 54 48 45 45
73 66 57 4 18 38 51
41 36 21 16 42 11 11
5 22 65 59 80 3 84
40 41 79 39 16 12 71
17 50 16 78 65 0 21
76 41 61 5 22 65 19
73 66 57 55 51 3 56
31 24 21 61 54 71 58
51 36 22 44 23 32 16
39 16 12 41 36 21 21
11 4 74 37 79 61 76
0 73 51 59 80 3 48
26 52 67 29 11 18 63
13 57 55 57 68 23 33
38 82 76 27 74 68 11
81 62 52 9 32 29 37
31 24 21 11 4 74 56
63 1 13 20 2 10 3
6 8 70 57 68 23 76
7 37 12 25 18 12 19
27 74 68 17 50 16 57
3 45 76 76 41 61 15
44 23 32 19 25 9 23
76 41 61 30 58 33 32
77 38 41 15 29 81 41
74 3 15 45 4 53 38
46 36 33 81 62 52 32
32 39 75 68 34 61 14
20 2 10 27 74 68 92
35 27 54 69 22 33 21
21 11 21 39 16 12 10
22 3 34 8 13 75 42
47 30 66 33 64 33 47
83 63 72 62 0 6 91
19 25 9 65 12 9 13
33 64 33 30 58 33 6
73 66 57 25 18 12 65
68 34 61 82 5 53 30
44 23 32 16 42 11 28
12 25 69 71 40 31 40
26 52 67 12 25 69 27
43 51 24 28 24 50 37
8 13 75 67 60 80 47
11 4 74 46 36 33 52
0 73 51 11 4 74 72
22 3 34 18 55 72 64
52 18 53 39 16 12 41
29 11 18 45 4 53 35
7 37 12 9 32 29 17
61 54 71 80 34 37 39
78 65 0 72 52 67 68
57 68 23 59 80 3 23
81 62 52 10 55 57 8
76 41 61 40 41 79 18
40 41 79 34 58 8 73
80 34 37 15 29 81 44
69 22 33 43 51 24 30
34 58 8 21 11 21 48
48 70 65 18 55 72 16
59 80 3 49 46 75 79
49 46 75 6 8 70 38
13 57 55 15 29 81 38
49 46 75 11 4 74 42
76 41 61 35 27 54 15
15 29 81 83 63 72 35
33 64 33 4 18 38 46
30 58 33 63 1 13 60
75 48 60 78 65 0 62
71 40 31 55 51 3 30
48 70 65 71 40 31 45
83 63 72 72 52 67 12
21 11 21 27 74 68 78
46 36 33 64 59 2 38
79 59 30 43 51 24 10
63 1 13 83 63 72 85
75 48 60 47 30 66 18
38 82 76 43 51 24 60
33 64 33 31 24 21 41
1 19 44 59 80 3 73
39 16 12 60 55 8 39
31 24 21 65 12 9 16
5 22 65 71 40 31 38
49 46 75 9 32 29 48
81 62 52 41 36 21 40
12 25 69 63 1 13 60
74 3 15 37 79 61 88
57 68 23 47 30 66 57
22 3 34 66 59 60 61
70 14 57 20 2 10 48
16 42 11 36 20 74 66
43 51 24 40 41 79 55
5 22 65 10 55 57 33
68 34 61 53 68 19 54
63 1 13 31 24 21 24
40 41 79 79 59 30 52
45 4 53 81 62 52 58
81 62 52 63 1 13 72
52 18 53 69 22 33 20
79 59 30 21 11 21 48
55 51 3 9 32 29 32
7 37 12 79 59 30 28
82 5 53 34 58 8 69
5 22 65 32 39 75 19
31 24 21 58 44 8 23
48 70 65 78 65 0 65
70 14 57 16 42 11 53
11 4 74 43 51 24 68
48 70 65 56 69 81 16
82 5 53 71 40 31 41
67 60 80 17 50 16 64
36 20 74 60 55 8 74
22 3 34 14 25 51 27
8 13 75 46 36 33 47
28 24 50 4 18 38 13
75 48 60 12 25 69 24
3 45 76 7 37 12 64
66 59 60 7 37 12 52
72 52 67 38 82 76 31
13 57 55 27 74 68 21
75 48 60 28 24 50 26
70 14 57 32 39 75 30
82 5 53 66 59 60 54
30 58 33 26 52 67 34
58 44 8 27 74 68 67
45 4 53 11 4 74 21
27 74 68 25 18 12 79
56 69 81 9 32 29 63
73 66 57 39 16 12 67
40 41 79 62 0 6 83
12 25 69 65 12 9 61
5 22 65 31 24 21 44
41 36 21 6 8 70 56
61 54 71 49 46 75 8
61 54 71 43 51 24 47
1 19 44 58 44 8 43
7 37 12 77 38 41 29
82 5 53 69 22 33 26
65 12 9 7 37 12 25
81 62 52 33 64 33 19
4 18 38 54 48 45 30
15 29 81 17 50 16 68
69 22 33 67 60 80 60
3 45 76 9 32 29 48
82 5 53 28 24 50 19
20 2 10 3 45 76 78
32 39 75 1 19 44 36
23 65 10 81 62 52 42
12 25 69 27 74 68 49
42 34 73 45 4 53 36
11 4 74 4 18 38 38
21 11 21 71 40 31 30
4 18 38 82 5 53 19
23 65 10 68 34 61 59
46 36 33 67 60 80 52
21 11 21 14 25 51 33
58 44 8 20 2 10 42
47 30 66 9 32 29 37
65 12 9 55 51 3 39
52 18 53 29 11 18 35
42 34 73 66 59 60 28
32 39 75 6 8 70 31
57 68 23 75 48 60 42
46 36 33 41 36 21 12
39 16 12 69 22 33 21
57 68 23 52 18 53 58
29 11 18 18 55 72 69
78 65 0 44 23 32 52
52 18 53 30 58 33 44
49 46 75 21 11 21 64
1 19 44 20 2 10 38
62 0 6 72 52 67 80
44 23 32 32 39 75 45
0 73 51 42 34 73 44
50 69 79 27 74 68 12
9 32 29 82 5 53 36
53 68 19 66 59 60 41
83 63 72 44 23 32 56
66 59 60 68 34 61 25
27 74 68 35 27 54 49
4 18 38 23 65 10 54
56 69 81 41 36 21 68
81 62 52 73 66 57 6
48 70 65 2 68 77 12
81 62 52 19 25 9 56
57 68 23 5 22 65 62
21 11 21 48 70 65 73
17 50 16 16 42 11 9
75 48 60 7 37 12 49
15 29 81 31 24 21 60
52 18 53 49 46 75 35
51 36 22 36 20 74 54
42 34 73 16 42 11 62
82 5 53 12 25 69 25
10 55 57 26 52 67 10
39 16 12 5 22 65 53
24 11 24 76 41 61 47
76 41 61 45 4 53 37
40 41 79 2 68 77 27
29 11 18 79 59 30 49
52 18 53 7 37 12 45
51 36 22 27 74 68 59
22 3 34 38 82 76 89
15 29 81 55 51 3 81
36 20 74 56 69 81 49
6 8 70 65 12 9 61
80 34 37 67 60 80 50
12 25 69 83 63 72 38
64 59 2 52 18 53 65
34 58 8 60 55 8 3
75 48 60 36 20 74 31
49 46 75 4 18 38 46
83 63 72 45 4 53 61
31 24 21 69 22 33 12
5 22 65 49 46 75 26
29 11 18 38 82 76 91
63 1 13 10 55 57 69
16 42 11 61 54 71 61
56 69 81 62 0 6 101
44 23 32 76 41 61 34
78 65 0 11 4 74 95
79 59 30 82 5 53 58
21 11 21 22 3 34 15
17 50 16 62 0 6 50
25 18 12 65 12 9 6
22 3 34 73 66 57 67
80 34 37 39 16 12 30
10 55 57 72 52 67 10
63 1 13 80 34 37 40
46 36 33 58 44 8 26
14 25 51 71 40 31 25
8 13 75 80 34 37 43
35 27 54 81 62 52 35
38 82 76 7 37 12 78
64 59 2 16 42 11 19
16 42 11 43 51 24 15
75 48 60 70 14 57 34
8 13 75 12 25 69 13
56 69 81 54 48 45 41
40 41 79 28 24 50 33
44 23 32 11 4 74 46
57 68 23 26 52 67 46
3 45 76 52 18 53 35
37 79 61 45 4 53 75
38 82 76 39 16 12 91
22 3 34 33 64 33 61
29 11 18 10 55 57 58
17 50 16 46 36 33 22
68 34 61 10 55 57 21
54 48 45 67 60 80 37
31 24 21 82 5 53 37
39 16 12 61 54 71 70
64 59 2 10 55 57 55
50 69 79 3 45 76 24
63 1 13 8 13 75 63
31 24 21 16 42 11 20
39 16 12 28 24 50 38
17 50 16 24 11 24 39
5 22 65 34 58 8 67
51 36 22 48 70 65 54
83 63 72 34 58 8 64
19 25 9 75 48 60 55
26 52 67 83 63 72 12
18 55 72 61 54 71 1
77 38 41 22 3 34 35
13 57 55 63 1 13 70
53 68 19 74 3 15 65
38 82 76 65 12 9 96
75 48 60 65 12 9 62
65 12 9 72 52 67 70
61 54 71 58 44 8 63
72 52 67 43 51 24 43
55 51 3 14 25 51 54
73 66 57 11 4 74 64
0 73 51 5 22 65 52
27 74 68 28 24 50 53
47 30 66 38 82 76 52
34 58 8 12 25 69 69
14 25 51 30 58 33 37
11 4 74 9 32 29 53
40 41 79 22 3 34 58
61 54 71 15 29 81 26
54 48 45 1 19 44 29
54 48 45 53 68 19 32
37 79 61 6 8 70 71
33 64 33 55 51 3 32
77 38 41 72 52 67 29
42 34 73 74 3 15 65
52 18 53 82 5 53 13
77 38 41 76 41 61 20
5 22 65 9 32 29 37
40 41 79 17 50 16 63
39 16 12 0 73 51 69
75 48 60 46 36 33 29
52 18 53 46 36 33 26
76 41 61 71 40 31 30
19 25 9 12 25 69 60
58 44 8 76 41 61 53
76 41 61 36 20 74 24
64 59 2 40 41 79 79
25 18 12 68 34 61 51
9 32 29 38 82 76 68
57 68 23 64 59 2 22
25 18 12 18 55 72 70
82 5 53 51 36 22 43
68 34 61 57 68 23 50
13 57 55 14 25 51 32
33 64 33 44 23 32 41
61 54 71 28 24 50 36
62 0 6 39 16 12 17
38 82 76 67 60 80 22
52 18 53 13 57 55 39
39 16 12 3 45 76 70
22 3 34 25 18 12 26
40 41 79 16 42 11 68
6 8 70 29 11 18 52
29 11 18 41 36 21 25
69 22 33 50 69 79 65
43 51 24 4 18 38 35
39 16 12 34 58 8 42
70 14 57 80 34 37 28
12 25 69 9 32 29 40
65 12 9 54 48 45 50
49 46 75 35 27 54 28
32 39 75 12 25 69 15
35 27 54 23 65 10 58
8 13 75 48 70 65 57
71 40 31 80 34 37 8
1 19 44 34 58 8 53
49 46 75 31 24 21 58
74 3 15 57 68 23 65
29 11 18 32 39 75 63
14 25 51 45 4 53 21
50 69 79 0 73 51 28
72 52 67 55 51 3 64
57 68 23 21 11 21 57
38 82 76 16 42 11 76
62 0 6 8 13 75 70
38 82 76 18 55 72 27
58 44 8 22 3 34 48
57 68 23 46 36 33 33
64 59 2 44 23 32 46
81 62 52 54 48 45 15
40 41 79 47 30 66 17
67 60 80 47 30 66 33
55 51 3 51 36 22 24
69 22 33 9 32 29 10
41 36 21 2 68 77 64
31 24 21 40 41 79 60
56 69 81 32 39 75 30
52 18 53 73 66 57 48
41 36 21 37 79 61 58
32 39 75 18 55 72 16
12 25 69 70 14 57 16
70 14 57 40 41 79 34
59 80 3 68 34 61 74
51 36 22 12 25 69 48
52 18 53 20 2 10 45
36 20 74 9 32 29 46
2 68 77 20 2 10 94
60 55 8 77 38 41 37
9 32 29 53 68 19 37
50 69 79 31 24 21 73
68 34 61 39 16 12 52
67 60 80 65 12 9 85
1 19 44 41 36 21 28
16 42 11 29 11 18 31
73 66 57 62 0 6 83
79 59 30 8 13 75 64
8 13 75 68 34 61 25
58 44 8 50 69 79 75
15 29 81 14 25 51 30
71 40 31 33 64 33 24
57 68 23 12 25 69 62
83 63 72 19 25 9 73
63 1 13 2 68 77 92
66 59 60 56 69 81 23
31 24 21 62 0 6 28
5 22 65 66 59 60 37
3 45 76 35 27 54 28
59 80 3 69 22 33 65
63 1 13 3 45 76 76
20 2 10 47 30 66 62
56 69 81 74 3 15 93
58 44 8 7 37 12 8
25 18 12 2 68 77 82
12 25 69 68 34 61 12
19 25 9 38 82 76 87
19 25 9 53 68 19 44
68 34 61 67 60 80 32
77 38 41 34 58 8 38
83 63 72 79 59 30 42
58 44 8 0 73 51 51
83 63 72 11 4 74 59
33 64 33 9 32 29 32
18 55 72 5 22 65 33
77 38 41 53 68 19 37
74 3 15 59 80 3 77
19 25 9 20 2 10 23
43 51 24 33 64 33 15
44 23 32 13 57 55 41
42 34 73 44 23 32 42
9 32 29 74 3 15 32
14 25 51 67 60 80 45
2 68 77 44 23 32 63
35 27 54 68 34 61 9
43 51 24 2 68 77 55
50 69 79 44 23 32 65
31 24 21 81 62 52 49
20 2 10 7 37 12 35
55 51 3 3 45 76 73
80 34 37 51 36 22 15
73 66 57 65 12 9 72
25 18 12 71 40 31 29
51 36 22 8 13 75 57
66 59 60 27 74 68 17
59 80 3 7 37 12 43
9 32 29 66 59 60 41
3 45 76 65 12 9 74
82 5 53 65 12 9 44
63 1 13 15 29 81 73
14 25 51 53 68 19 53
67 60 80 71 40 31 52
30 58 33 16 42 11 27
57 68 23 62 0 6 70
17 50 16 38 82 76 68
17 50 16 47 30 66 53
37 79 61 35 27 54 52
81 62 52 13 57 55 5
60 55 8 23 65 10 10
49 46 75 22 3 34 59
54 48 45 30 58 33 15
31 24 21 60 55 8 33
10 55 57 73 66 57 11
60 55 8 83 63 72 64
4 18 38 1 19 44 6
64 59 2 36 20 74 81
19 25 9 69 22 33 24
22 3 34 51 36 22 35
19 25 9 79 59 30 39
66 59 60 49 46 75 19
31 24 21 53 68 19 44
41 36 21 72 52 67 48
10 55 57 34 58 8 49
66 59 60 62 0 6 79
17 50 16 79 59 30 16
36 20 74 77 38 41 37
28 24 50 36 20 74 24
6 8 70 33 64 33 67
10 55 57 15 29 81 35
81 62 52 27 74 68 20
55 51 3 5 22 65 68
13 57 55 4 18 38 42
18 55 72 23 65 10 62
9 32 29 0 73 51 46
78 65 0 9 32 29 43
21 11 21 8 13 75 54
22 3 34 19 25 9 33
22 3 34 1 19 44 18
21 11 21 53 68 19 57
73 66 57 2 68 77 20
63 1 13 16 42 11 41
56 69 81 1 19 44 62
5 22 65 83 63 72 41
80 34 37 0 73 51 41
14 25 51 47 30 66 15
29 11 18 42 34 73 59
61 54 71 71 40 31 42
33 64 33 61 54 71 39
0 73 51 71 40 31 38
37 79 61 4 18 38 65
77 38 41 1 19 44 19
33 64 33 3 45 76 47
18 55 72 35 27 54 33
76 41 61 13 57 55 17
68 34 61 78 65 0 68
74 3 15 27 74 68 88
77 38 41 63 1 13 46
26 52 67 56 69 81 22
36 20 74 37 79 61 60
17 50 16 83 63 72 57
48 70 65 17 50 16 52
47 30 66 32 39 75 12
43 51 24 82 5 53 54
21 11 21 62 0 6 18
62 0 6 27 74 68 96
37 79 61 31 24 21 68
46 36 33 51 36 22 11
32 39 75 65 12 9 71
7 37 12 60 55 8 18
45 4 53 23 65 10 74
56 69 81 59 80 3 78
6 8 70 77 38 41 41
13 57 55 31 24 21 47
36 20 74 35 27 54 21
66 59 60 6 8 70 51
1 19 44 80 34 37 16
69 22 33 44 23 32 1
76 41 61 51 36 22 39
1 19 44 11 4 74 33
27 74 68 24 11 24 76
12 25 69 50 69 79 45
64 59 2 14 25 51 59
44 23 32 52 18 53 21
73 66 57 70 14 57 52
73 66 57 68 34 61 32
4 18 38 47 30 66 30
63 1 13 21 11 21 12
77 38 41 54 48 45 10
45 4 53 75 48 60 44
19 25 9 57 68 23 45
5 22 65 23 65 10 69
18 55 72 39 16 12 71
20 2 10 75 48 60 67
57 68 23 73 66 57 34
19 25 9 47 30 66 57
28 24 50 30 58 33 38
83 63 72 31 24 21 64
26 52 67 60 55 8 59
53 68 19 27 74 68 49
72 52 67 17 50 16 51
24 11 24 70 14 57 33
34 58 8 50 69 79 71
24 11 24 3 45 76 62
1 19 44 55 51 3 52
8 13 75 4 18 38 37
79 59 30 5 22 65 50
22 3 34 46 36 33 33
4 18 38 34 58 8 50
64 59 2 9 32 29 38
8 13 75 75 48 60 38
12 25 69 58 44 8 63
28 24 50 10 55 57 31
62 0 6 55 51 3 51
3 45 76 74 3 15 74
74 3 15 49 46 75 73
34 58 8 61 54 71 63
40 41 79 33 64 33 51
34 58 8 23 65 10 7
63 1 13 78 65 0 65
62 0 6 28 24 50 50
21 11 21 45 4 53 32
13 57 55 11 4 74 56
36 20 74 63 1 13 63
15 29 81 67 60 80 31
29 11 18 70 14 57 39
74 3 15 72 52 67 71
0 73 51 3 45 76 37
23 65 10 58 44 8 21
75 48 60 38 82 76 37
67 60 80 33 64 33 47
81 62 52 78 65 0 52
32 39 75 63 1 13 72
59 80 3 82 5 53 90
34 58 8 20 2 10 56
47 30 66 81 62 52 34
34 58 8 37 79 61 57
9 32 29 39 16 12 23
41 36 21 23 65 10 31
83 63 72 25 18 12 75
41 36 21 24 11 24 25
10 55 57 11 4 74 53
43 51 24 76 41 61 38
28 24 50 23 65 10 57
30 58 33 70 14 57 50
17 50 16 31 24 21 26
9 32 29 4 18 38 16
16 42 11 55 51 3 12
38 82 76 10 55 57 33
58 44 8 83 63 72 66
65 12 9 20 2 10 10
9 32 29 10 55 57 36
7 37 12 48 70 65 62
58 44 8 82 5 53 59
22 3 34 36 20 74 43
64 59 2 30 58 33 31
68 34 61 0 73 51 40
5 22 65 60 55 8 65
74 3 15 33 64 33 63
14 25 51 29 11 18 35
64 59 2 33 64 33 31
38 82 76 51 36 22 70
71 40 31 2 68 77 53
42 34 73 55 51 3 72
35 27 54 66 59 60 32
78 65 0 64 59 2 6
55 51 3 56 69 81 80
17 50 16 5 22 65 56
63 1 13 41 36 21 35
59 80 3 22 3 34 83
48 70 65 5 22 65 48
75 48 60 53 68 19 45
13 57 55 54 48 45 13
74 3 15 38 82 76 99
40 41 79 7 37 12 67
27 74 68 45 4 53 71
1 19 44 25 18 12 32
19 25 9 54 48 45 42
17 50 16 10 55 57 41
17 50 16 19 25 9 25
43 51 24 31 24 21 27
82 5 53 81 62 52 57
69 22 33 83 63 72 56
0 73 51 1 19 44 54
4 18 38 64 59 2 54
72 52 67 44 23 32 45
48 70 65 20 2 10 87
67 60 80 25 18 12 79
78 65 0 8 13 75 91
48 70 65 67 60 80 18
17 50 16 21 11 21 39
14 25 51 70 14 57 12
40 41 79 29 11 18 67
12 25 69 61 54 71 29
20 2 10 29 11 18 12
62 0 6 19 25 9 25
41 36 21 9 32 29 8
50 69 79 76 41 61 33
8 13 75 1 19 44 31
66 59 60 81 62 52 8
77 38 41 62 0 6 51
49 46 75 40 41 79 6
37 79 61 83 63 72 19
39 16 12 51 36 22 22
23 65 10 9 32 29 38
82 5 53 21 11 21 32
44 23 32 62 0 6 34
23 65 10 0 73 51 41
53 68 19 67 60 80 61
30 58 33 8 13 75 61
46 36 33 80 34 37 4
62 0 6 78 65 0 65
53 68 19 41 36 21 32
77 38 41 52 18 53 23
34 58 8 22 3 34 60
29 11 18 76 41 61 52
27 74 68 72 52 67 22
4 18 38 35 27 54 18
27 74 68 2 68 77 10
69 22 33 76 41 61 33
63 1 13 35 27 54 48
46 36 33 54 48 45 16
3 45 76 61 54 71 10
35 27 54 13 57 55 30
61 54 71 5 22 65 32
82 5 53 80 34 37 33
60 55 8 59 80 3 25
34 58 8 73 66 57 49
25 18 12 59 80 3 62
44 23 32 68 34 61 31
71 40 31 52 18 53 31
34 58 8 16 42 11 16
59 80 3 13 57 55 56
15 29 81 76 41 61 23
36 20 74 61 54 71 34
6 8 70 76 41 61 34
13 57 55 49 46 75 22
4 18 38 44 23 32 7
14 25 51 60 55 8 52
59 80 3 19 25 9 55
13 57 55 23 65 10 45
47 30 66 41 36 21 45
65 12 9 83 63 72 81
40 41 79 8 13 75 28
17 50 16 61 54 71 55
7 37 12 56 69 81 76
61 54 71 46 36 33 42
41 36 21 18 55 72 54
16 42 11 1 19 44 40
11 4 74 39 16 12 63
68 34 61 34 58 8 58
57 68 23 31 24 21 44
60 55 8 45 4 53 68
74 3 15 62 0 6 9
54 48 45 14 25 51 23
51 36 22 64 59 2 30
46 36 33 35 27 54 22
32 39 75 37 79 61 42
75 48 60 77 38 41 21
31 24 21 72 52 67 53
71 40 31 59 80 3 48
71 40 31 20 2 10 43
60 55 8 58 44 8 11
0 73 51 30 58 33 23
49 46 75 38 82 76 36
16 42 11 71 40 31 20
49 46 75 27 74 68 28
28 24 50 59 80 3 73
40 41 79 3 45 76 5
80 34 37 45 4 53 34
30 58 33 17 50 16 18
50 69 79 15 29 81 40
62 0 6 42 34 73 75
75 48 60 3 45 76 16
79 59 30 64 59 2 28
13 57 55 82 5 53 52
62 0 6 64 59 2 59
42 34 73 77 38 41 32
75 48 60 15 29 81 28
59 80 3 80 34 37 57
36 20 74 24 11 24 50
4 18 38 39 16 12 26
51 36 22 35 27 54 33
43 51 24 78 65 0 27
72 52 67 47 30 66 22
77 38 41 23 65 10 41
54 48 45 8 13 75 46
21 11 21 30 58 33 48
55 51 3 45 4 53 68
19 25 9 0 73 51 63
28 24 50 31 24 21 29
45 4 53 9 32 29 36
3 45 76 64 59 2 75
72 52 67 45 4 53 50
26 52 67 34 58 8 59
46 36 33 9 32 29 5
41 36 21 77 38 41 20
11 4 74 12 25 69 21
39 16 12 53 68 19 52
70 14 57 45 4 53 10
16 42 11 32 39 75 64
54 48 45 61 54 71 26
12 25 69 28 24 50 19
48 70 65 77 38 41 40
66 59 60 36 20 74 41
33 64 33 75 48 60 31
70 14 57 58 44 8 57
59 80 3 43 51 24 35
2 68 77 23 65 10 67
34 58 8 2 68 77 69
65 12 9 80 34 37 35
73 66 57 42 34 73 35
77 38 41 40 41 79 38
64 59 2 77 38 41 44
34 58 8 57 68 23 18
59 80 3 33 64 33 34
6 8 70 10 55 57 48
81 62 52 79 59 30 22
23 65 10 32 39 75 70
82 5 53 76 41 61 36
24 11 24 74 3 15 12
50 69 79 70 14 57 59
4 18 38 32 39 75 42
75 48 60 56 69 81 29
28 24 50 52 18 53 6
17 50 16 57 68 23 19
10 55 57 78 65 0 57
66 59 60 13 57 55 5
37 79 61 72 52 67 27
61 54 71 37 79 61 26
53 68 19 72 52 67 50
33 64 33 57 68 23 10
44 23 32 34 58 8 42
29 11 18 80 34 37 29
52 18 53 10 55 57 37
36 20 74 7 37 12 64
68 34 61 43 51 24 40
72 52 67 18 55 72 5
51 36 22 18 55 72 53
80 34 37 25 18 12 29
4 18 38 31 24 21 18
74 3 15 22 3 34 19
15 29 81 22 3 34 53
39 16 12 27 74 68 80
29 11 18 56 69 81 85
51 36 22 13 57 55 39
32 39 75 9 32 29 46
21 11 21 73 66 57 65
8 13 75 23 65 10 83
66 59 60 34 58 8 52
44 23 32 67 60 80 60
55 51 3 50 69 79 78
15 29 81 46 36 33 48
74 3 15 7 37 12 34
42 34 73 50 69 79 35
17 50 16 73 66 57 44
67 60 80 66 59 60 20
11 4 74 3 45 76 41
30 58 33 67 60 80 47
33 64 33 26 52 67 36
12 25 69 49 46 75 21
24 11 24 31 24 21 13
12 25 69 24 11 24 47
70 14 57 83 63 72 51
58 44 8 2 68 77 73
14 25 51 82 5 53 20
4 18 38 63 1 13 30
68 34 61 33 64 33 41
44 23 32 61 54 71 49
49 46 75 67 60 80 14
5 22 65 1 19 44 21
44 23 32 45 4 53 28
45 4 53 36 20 74 26
0 73 51 46 36 33 41
36 20 74 10 55 57 38
15 29 81 32 39 75 11
44 23 32 75 48 60 37
64 59 2 71 40 31 34
35 27 54 2 68 77 47
48 70 65 36 20 74 50
5 22 65 70 14 57 11
24 11 24 40 41 79 62
83 63 72 10 55 57 17
12 25 69 33 64 33 53
44 23 32 31 24 21 11
2 68 77 8 13 75 55
45 4 53 8 13 75 23
61 54 71 64 59 2 69
66 59 60 65 12 9 69
77 38 41 50 69 79 49
48 70 65 33 64 33 32
33 64 33 16 42 11 31
24 11 24 82 5 53 29
64 59 2 18 55 72 70
25 18 12 4 18 38 26
50 69 79 59 80 3 76
0 73 51 38 82 76 26
72 52 67 59 80 3 69
62 0 6 14 25 51 51
68 34 61 38 82 76 50
32 39 75 38 82 76 43
30 58 33 43 51 24 11
66 59 60 63 1 13 74
37 79 61 67 60 80 26
74 3 15 17 50 16 47
61 54 71 24 11 24 63
59 80 3 12 25 69 85
21 11 21 81 62 52 59
1 19 44 7 37 12 36
49 46 75 36 20 74 26
11 4 74 19 25 9 68
14 25 51 50 69 79 52
28 24 50 69 22 33 17
17 50 16 63 1 13 49
19 25 9 32 39 75 67
79 59 30 18 55 72 42
72 52 67 28 24 50 32
5 22 65 63 1 13 56
42 34 73 11 4 74 30
72 52 67 79 59 30 37
80 34 37 75 48 60 26
64 59 2 15 29 81 84
40 41 79 54 48 45 34
0 73 51 45 4 53 69
24 11 24 47 30 66 46
83 63 72 42 34 73 29
37 79 61 78 65 0 62
40 41 79 81 62 52 34
40 41 79 65 12 9 75
61 54 71 48 70 65 17
46 36 33 72 52 67 37
34 58 8 29 11 18 48
68 34 61 48 70 65 36
25 18 12 26 52 67 64
82 5 53 33 64 33 62
17 50 16 0 73 51 41
60 55 8 27 74 68 62
34 58 8 8 13 75 80
34 58 8 53 68 19 14
70 14 57 6 8 70 14
42 34 73 7 37 12 61
51 36 22 25 18 12 20
17 50 16 77 38 41 27
60 55 8 22 3 34 58
69 22 33 77 38 41 17
34 58 8 6 8 70 79
82 5 53 63 1 13 40
47 30 66 15 29 81 15
77 38 41 73 66 57 32
55 51 3 69 22 33 41
20 2 10 25 18 12 16
33 64 33 69 22 33 42
24 11 24 79 59 30 48
64 59 2 1 19 44 58
26 52 67 5 22 65 30
13 57 55 34 58 8 47
11 4 74 32 39 75 35
12 25 69 23 65 10 71
52 18 53 68 34 61 17
72 52 67 33 64 33 36
21 11 21 20 2 10 14
1 19 44 46 36 33 20
41 36 21 74 3 15 33
51 36 22 29 11 18 25
13 57 55 29 11 18 59
27 74 68 16 42 11 65
64 59 2 27 74 68 67
2 68 77 76 41 61 31
54 48 45 64 59 2 44
34 58 8 63 1 13 57
77 38 41 28 24 50 16
42 34 73 15 29 81 9
1 19 44 35 27 54 12
27 74 68 31 24 21 68
59 80 3 81 62 52 52
70 14 57 25 18 12 45
10 55 57 57 68 23 36
2 68 77 70 14 57 57
33 64 33 14 25 51 42
61 54 71 73 66 57 18
55 51 3 37 79 61 64
79 59 30 74 3 15 57
72 52 67 32 39 75 15
40 41 79 44 23 32 50
0 73 51 33 64 33 20
34 58 8 46 36 33 33
54 48 45 70 14 57 36
2 68 77 16 42 11 70
23 65 10 24 11 24 55
8 13 75 20 2 10 65
50 69 79 40 41 79 28
40 41 79 21 11 21 65
26 52 67 51 36 22 47
81 62 52 6 8 70 56
30 58 33 53 68 19 17
77 38 41 33 64 33 27
45 4 53 26 52 67 50
4 18 38 67 60 80 59
2 68 77 29 11 18 82
61 54 71 11 4 74 50
9 32 29 51 36 22 8
14 25 51 0 73 51 48
68 34 61 19 25 9 52
23 65 10 46 36 33 37
70 14 57 43 51 24 49
36 20 74 33 64 33 60
72 52 67 73 66 57 17
37 79 61 2 68 77 19
42 34 73 37 79 61 46
60 55 8 73 66 57 50
53 68 19 25 18 12 50
23 65 10 83 63 72 62
38 82 76 79 59 30 51
22 3 34 5 22 65 36
22 3 34 23 65 10 66
40 41 79 14 25 51 32
65 12 9 21 11 21 12
18 55 72 11 4 74 51
18 55 72 8 13 75 42
15 29 81 16 42 11 71
38 82 76 20 2 10 103
7 37 12 34 58 8 21
61 54 71 55 51 3 68
75 48 60 26 52 67 8
59 80 3 65 12 9 68
66 59 60 40 41 79 26
45 4 53 58 44 8 60
61 54 71 50 69 79 17
68 34 61 15 29 81 20
34 58 8 69 22 33 43
13 57 55 42 34 73 29
79 59 30 15 29 81 59
31 24 21 56 69 81 75
18 55 72 40 41 79 15
13 57 55 18 55 72 17
75 48 60 48 70 65 22
36 20 74 34 58 8 76
57 68 23 76 41 61 46
26 52 67 7 37 12 57
1 19 44 81 62 52 43
38 82 76 26 52 67 31
1 19 44 71 40 31 24
56 69 81 4 18 38 66
79 59 30 56 69 81 51
4 18 38 66 59 60 46
70 14 57 82 5 53 9
63 1 13 28 24 50 43
52 18 53 41 36 21 36
62 0 6 68 34 61 64
16 42 11 35 27 54 45
62 0 6 43 51 24 54
11 4 74 52 18 53 25
1 19 44 12 25 69 25
65 12 9 28 24 50 42
17 50 16 13 57 55 39
22 3 34 12 25 69 41
25 18 12 9 32 29 22
33 64 33 27 74 68 36
51 36 22 33 64 33 30
69 22 33 18 55 72 51
20 2 10 46 36 33 41
74 3 15 39 16 12 13
1 19 44 53 68 19 55
29 11 18 60 55 8 45
59 80 3 34 58 8 22
76 41 61 10 55 57 14
58 44 8 75 48 60 52
35 27 54 21 11 21 36
23 65 10 1 19 44 57
11 4 74 22 3 34 40
78 65 0 47 30 66 74
16 42 11 22 3 34 45
63 1 13 29 11 18 11
81 62 52 24 11 24 58
26 52 67 24 11 24 59
65 12 9 1 19 44 35
68 34 61 50 69 79 39
25 18 12 49 46 75 68
58 44 8 44 23 32 31
38 82 76 69 22 33 73
24 11 24 29 11 18 6
57 68 23 24 11 24 57
60 55 8 35 27 54 53
28 24 50 67 60 80 46
52 18 53 45 4 53 14
39 16 12 6 8 70 58
69 22 33 5 22 65 32
3 45 76 58 44 8 68
50 69 79 66 59 60 21
10 55 57 77 38 41 23
48 70 65 4 18 38 58
65 12 9 51 36 22 27
14 25 51 43 51 24 37
37 79 61 82 5 53 74
43 51 24 21 11 21 40
7 37 12 5 22 65 55
47 30 66 23 65 10 66
71 40 31 51 36 22 9
55 51 3 59 80 3 29
6 8 70 26 52 67 44
18 55 72 80 34 37 40
65 12 9 0 73 51 74
34 58 8 70 14 57 65
13 57 55 53 68 19 37
57 68 23 7 37 12 32
30 58 33 61 54 71 38
45 4 53 79 59 30 59
2 68 77 6 8 70 60
53 68 19 50 69 79 60
0 73 51 62 0 6 85
51 36 22 3 45 76 54
2 68 77 51 36 22 63
27 74 68 68 34 61 40
50 69 79 56 69 81 2
1 19 44 13 57 55 39
5 22 65 16 42 11 57
64 59 2 11 4 74 90
58 44 8 78 65 0 22
17 50 16 12 25 69 58
43 51 24 9 32 29 19
13 57 55 50 69 79 26
6 8 70 80 34 37 42
37 79 61 66 59 60 20
14 25 51 74 3 15 42
62 0 6 30 58 33 63
20 2 10 56 69 81 97
42 34 73 38 82 76 48
0 73 51 56 69 81 30
82 5 53 60 55 8 67
76 41 61 18 55 72 17
18 55 72 56 69 81 16
6 8 70 31 24 21 51
49 46 75 54 48 45 30
50 69 79 78 65 0 79
59 80 3 15 29 81 93
76 41 61 14 25 51 18
30 58 33 36 20 74 55
59 80 3 20 2 10 78
71 40 31 53 68 19 30
11 4 74 38 82 76 78
37 79 61 15 29 81 53
4 18 38 75 48 60 37
17 50 16 4 18 38 38
78 65 0 52 18 53 70
52 18 53 2 68 77 55
0 73 51 24 11 24 67
77 38 41 43 51 24 21
28 24 50 47 30 66 17
50 69 79 19 25 9 82
12 25 69 73 66 57 42
25 18 12 38 82 76 90
57 68 23 49 46 75 56
51 36 22 6 8 70 55
44 23 32 14 25 51 19
30 58 33 25 18 12 45
11 4 74 14 25 51 31
33 64 33 54 48 45 20
82 5 53 46 36 33 36
25 18 12 28 24 50 38
80 34 37 77 38 41 5
81 62 52 58 44 8 47
33 64 33 34 58 8 25
21 11 21 38 82 76 89
0 73 51 35 27 54 46
74 3 15 8 13 75 60
12 25 69 52 18 53 17
16 42 11 62 0 6 42
24 11 24 32 39 75 58
83 63 72 68 34 61 31
43 51 24 35 27 54 38
42 34 73 52 18 53 25
66 59 60 51 36 22 44
8 13 75 47 30 66 19
48 70 65 65 12 9 80
74 3 15 68 34 61 55
3 45 76 81 62 52 29
78 65 0 57 68 23 23
8 13 75 55 51 3 81
19 25 9 3 45 76 69
77 38 41 56 69 81 50
65 12 9 56 69 81 91
43 51 24 41 36 21 15
72 52 67 64 59 2 65
82 5 53 83 63 72 61
65 12 9 60 55 8 43
10 55 57 8 13 75 45
63 1 13 52 18 53 43
29 11 18 47 30 66 51
17 50 16 34 58 8 11
8 13 75 37 79 61 67
49 46 75 70 14 57 36
71 40 31 83 63 72 47
62 0 6 29 11 18 16
76 41 61 60 55 8 54
66 59 60 73 66 57 7
59 80 3 54 48 45 52
71 40 31 6 8 70 50
69 22 33 45 4 53 26
42 34 73 14 25 51 23
59 80 3 39 16 12 64
36 20 74 55 51 3 77
11 4 74 6 8 70 5
70 14 57 26 52 67 39
60 55 8 17 50 16 9
74 3 15 16 42 11 39
60 55 8 32 39 75 68
78 65 0 24 11 24 59
65 12 9 69 22 33 26
18 55 72 75 48 60 13
30 58 33 4 18 38 40
82 5 53 54 48 45 43
45 4 53 1 19 44 17
62 0 6 35 27 54 55
64 59 2 43 51 24 23
26 52 67 36 20 74 32
66 59 60 2 68 77 19
5 22 65 81 62 52 42
68 34 61 79 59 30 39
81 62 52 17 50 16 37
40 41 79 69 22 33 49
37 79 61 0 73 51 11
22 3 34 76 41 61 46
50 69 79 80 34 37 54
52 18 53 24 11 24 29
61 54 71 4 18 38 48
59 80 3 24 11 24 72
70 14 57 81 62 52 48
60 55 8 70 14 57 63
11 4 74 23 65 10 88
63 1 13 67 60 80 89
11 4 74 71 40 31 56
24 11 24 38 82 76 88
51 36 22 0 73 51 47
28 24 50 45 4 53 20
13 57 55 16 42 11 46
40 41 79 30 58 33 49
44 23 32 59 80 3 63
51 36 22 14 25 51 31
13 57 55 37 79 61 22
37 79 61 76 41 61 38
4 18 38 60 55 8 47
24 11 24 62 0 6 21
75 48 60 0 73 51 26
51 36 22 63 1 13 36
27 74 68 43 51 24 49
29 11 18 72 52 67 63
28 24 50 0 73 51 49
54 48 45 12 25 69 33
52 18 53 26 52 67 36
62 0 6 25 18 12 18
10 55 57 43 51 24 33
10 55 57 23 65 10 48
72 52 67 40 41 79 16
74 3 15 10 55 57 66
71 40 31 10 55 57 30
70 14 57 72 52 67 39
11 4 74 2 68 77 64
52 18 53 5 22 65 12
81 62 52 39 16 12 60
10 55 57 66 59 60 5
59 80 3 75 48 60 65
64 59 2 21 11 21 51
22 3 34 39 16 12 25
57 68 23 43 51 24 17
19 25 9 6 8 70 63
61 54 71 20 2 10 80
27 74 68 48 70 65 5
36 20 74 21 11 21 53
59 80 3 27 74 68 65
12 25 69 48 70 65 45
38 82 76 70 14 57 70
22 3 34 2 68 77 77
83 63 72 6 8 70 55
47 30 66 79 59 30 46
78 65 0 20 2 10 63
8 13 75 41 36 21 58
37 79 61 52 18 53 61
74 3 15 71 40 31 40
18 55 72 30 58 33 39
11 4 74 69 22 33 44
70 14 57 15 29 81 28
77 38 41 12 25 69 30
70 14 57 27 74 68 61
50 69 79 1 19 44 61
56 69 81 39 16 12 87
6 8 70 20 2 10 60
82 5 53 42 34 73 35
63 1 13 11 4 74 61
41 36 21 59 80 3 47
56 69 81 25 18 12 85
41 36 21 48 70 65 55
15 29 81 39 16 12 70
24 11 24 72 52 67 59
52 18 53 19 25 9 44
34 58 8 74 3 15 55
40 41 79 58 44 8 71
27 74 68 6 8 70 66
5 22 65 50 69 79 49
13 57 55 83 63 72 18
42 34 73 58 44 8 65
18 55 72 10 55 57 15
78 65 0 28 24 50 64
77 38 41 14 25 51 16
61 54 71 27 74 68 20
40 41 79 46 36 33 46
83 63 72 14 25 51 43
0 73 51 6 8 70 67
3 45 76 21 11 21 64
79 59 30 37 79 61 36
32 39 75 81 62 52 32
78 65 0 13 57 55 55
79 59 30 54 48 45 18
36 20 74 78 65 0 86
60 55 8 52 18 53 58
2 68 77 10 55 57 23
9 32 29 21 11 21 22
54 48 45 34 58 8 38
5 22 65 77 38 41 28
52 18 53 74 3 15 40
79 59 30 26 52 67 37
76 41 61 49 46 75 14
30 58 33 45 4 53 57
79 59 30 14 25 51 39
24 11 24 56 69 81 81
53 68 19 29 11 18 57
68 34 61 17 50 16 47
34 58 8 0 73 51 45
10 55 57 48 70 65 17
0 73 51 43 51 24 34
80 34 37 14 25 51 16
40 41 79 37 79 61 42
63 1 13 70 14 57 45
22 3 34 63 1 13 21
5 22 65 82 5 53 20
8 13 75 61 54 71 41
9 32 29 31 24 21 11
68 34 61 75 48 60 14
70 14 57 46 36 33 32
19 25 9 27 74 68 76
19 25 9 51 36 22 17
30 58 33 7 37 12 29
61 54 71 14 25 51 35
42 34 73 76 41 61 13
80 34 37 81 62 52 31
55 51 3 32 39 75 72
51 36 22 31 24 21 12
50 69 79 25 18 12 84
79 59 30 41 36 21 24
66 59 60 64 59 2 58
51 36 22 40 41 79 57
38 82 76 81 62 52 31
70 14 57 1 19 44 13
49 46 75 14 25 51 31
20 2 10 53 68 19 66
76 41 61 75 48 60 7
28 24 50 57 68 23 51
66 59 60 47 30 66 29
58 44 8 13 57 55 48
43 51 24 3 45 76 52
31 24 21 34 58 8 36
58 44 8 62 0 6 44
67 60 80 62 0 6 95
3 45 76 69 22 33 48
42 34 73 23 65 10 70
66 59 60 29 11 18 63
13 57 55 70 14 57 43
6 8 70 62 0 6 64
23 65 10 76 41 61 56
15 29 81 43 51 24 61
35 27 54 42 34 73 20
52 18 53 66 59 60 41
7 37 12 61 54 71 61
77 38 41 78 65 0 49
20 2 10 41 36 21 35
32 39 75 13 57 55 26
26 52 67 64 59 2 65
26 52 67 4 18 38 44
81 62 52 43 51 24 30
48 70 65 16 42 11 60
68 34 61 18 55 72 23
48 70 65 39 16 12 75
14 25 51 37 79 61 54
15 29 81 26 52 67 26
75 48 60 49 46 75 15
60 55 8 20 2 10 53
22 3 34 43 51 24 49
49 46 75 71 40 31 44
78 65 0 70 14 57 76
42 34 73 64 59 2 75
23 65 10 78 65 0 10
43 51 24 53 68 19 17
2 68 77 69 22 33 63
56 69 81 57 68 23 58
29 11 18 50 69 79 84
2 68 77 21 11 21 79
19 25 9 76 41 61 54
56 69 81 81 62 52 29
6 8 70 75 48 60 41
7 37 12 73 66 57 53
17 50 16 1 19 44 41
39 16 12 31 24 21 12
42 34 73 49 46 75 12
22 3 34 9 32 29 29
58 44 8 66 59 60 54
81 62 52 30 58 33 19
57 68 23 25 18 12 51
6 8 70 60 55 8 77
57 68 23 38 82 76 54
11 4 74 80 34 37 47
28 24 50 66 59 60 36
16 42 11 25 18 12 24
40 41 79 61 54 71 15
41 36 21 50 69 79 66
81 62 52 77 38 41 26
21 11 21 29 11 18 3
38 82 76 58 44 8 77
10 55 57 67 60 80 23
52 18 53 55 51 3 59
5 22 65 45 4 53 21
71 40 31 27 74 68 50
78 65 0 61 54 71 71
34 58 8 47 30 66 64
82 5 53 55 51 3 67
1 19 44 52 18 53 9
82 5 53 40 41 79 44
0 73 51 31 24 21 57
82 5 53 7 37 12 52
82 5 53 61 54 71 52
73 66 57 56 69 81 24
27 74 68 63 1 13 91
25 18 12 5 22 65 53
41 36 21 58 44 8 15
34 58 8 55 51 3 8
71 40 31 15 29 81 51
2 68 77 36 20 74 48
30 58 33 69 22 33 36
66 59 60 0 73 51 16
1 19 44 3 45 76 41
76 41 61 63 1 13 62
12 25 69 25 18 12 57
44 23 32 70 14 57 26
46 36 33 55 51 3 33
67 60 80 56 69 81 9
8 13 75 76 41 61 31
26 52 67 77 38 41 29
38 82 76 60 55 8 73
70 14 57 9 32 29 33
12 25 69 62 0 6 67
78 65 0 71 40 31 39
44 23 32 81 62 52 43
66 59 60 15 29 81 36
67 60 80 79 59 30 50
55 51 3 83 63 72 70
40 41 79 60 55 8 72
42 34 73 72 52 67 18
6 8 70 46 36 33 46
9 32 29 19 25 9 21
0 73 51 67 60 80 31
57 68 23 72 52 67 46
25 18 12 36 20 74 62
63 1 13 47 30 66 60
38 82 76 82 5 53 80
24 11 24 71 40 31 29
60 55 8 24 11 24 46
45 4 53 22 3 34 19
20 2 10 80 34 37 41
59 80 3 79 59 30 34
48 70 65 69 22 33 57
2 68 77 9 32 29 60
82 5 53 72 52 67 49
56 69 81 22 3 34 81
3 45 76 59 80 3 80
25 18 12 3 45 76 69
28 24 50 54 48 45 24
82 5 53 27 74 68 70
83 63 72 49 46 75 17
21 11 21 68 34 61 46
71 40 31 36 20 74 47
60 55 8 50 69 79 72
71 40 31 70 14 57 36
74 3 15 78 65 0 63
81 62 52 61 54 71 20
74 3 15 46 36 33 37
60 55 8 80 34 37 35
75 48 60 60 55 8 52
46 36 33 7 37 12 21
8 13 75 64 59 2 86
65 12 9 8 13 75 66
80 34 37 23 65 10 41
77 38 41 61 54 71 34
32 39 75 51 36 22 53
62 0 6 59 80 3 80
37 79 61 71 40 31 49
4 18 38 7 37 12 32
6 8 70 59 80 3 98
47 30 66 25 18 12 55
62 0 6 34 58 8 58
4 18 38 52 18 53 15
19 25 9 41 36 21 16
25 18 12 8 13 75 63
30 58 33 12 25 69 48
55 51 3 53 68 19 23
42 34 73 24 11 24 54
26 52 67 16 42 11 56
61 54 71 75 48 60 12
72 52 67 68 34 61 18
77 38 41 47 30 66 26
24 11 24 37 79 61 77
49 46 75 0 73 51 36
19 25 9 18 55 72 69
43 51 24 67 60 80 56
63 1 13 64 59 2 59
79 59 30 48 70 65 36
36 20 74 73 66 57 49
62 0 6 79 59 30 63
35 27 54 8 13 75 25
73 66 57 83 63 72 15
74 3 15 81 62 52 69
34 58 8 9 32 29 33
45 4 53 82 5 53 1
4 18 38 70 14 57 19
51 36 22 43 51 24 15
12 25 69 80 34 37 33
55 51 3 44 23 32 40
11 4 74 82 5 53 21
18 55 72 43 51 24 48
23 65 10 33 64 33 23
79 59 30 69 22 33 37
7 37 12 43 51 24 18
22 3 34 80 34 37 31
14 25 51 59 80 3 73
22 3 34 10 55 57 56
25 18 12 82 5 53 43
80 34 37 68 34 61 24
25 18 12 45 4 53 43
42 34 73 80 34 37 36
33 64 33 66 59 60 27
78 65 0 2 68 77 77
52 18 53 21 11 21 32
36 20 74 6 8 70 12
70 14 57 3 45 76 36
61 54 71 6 8 70 46
21 11 21 69 22 33 16
32 39 75 62 0 6 79
5 22 65 28 24 50 15
10 55 57 46 36 33 30
22 3 34 64 59 2 64
64 59 2 74 3 15 57
14 25 51 75 48 60 24
59 80 3 61 54 71 72
13 57 55 20 2 10 71
48 70 65 11 4 74 66
7 37 12 39 16 12 21
75 48 60 81 62 52 16
32 39 75 25 18 12 66
58 44 8 39 16 12 28
57 68 23 48 70 65 42
16 42 11 3 45 76 65
31 24 21 25 18 12 10
76 41 61 64 59 2 61
26 52 67 21 11 21 61
29 11 18 25 18 12 9
9 32 29 57 68 23 36
58 44 8 47 30 66 59
32 39 75 43 51 24 52
73 66 57 46 36 33 38
20 2 10 35 27 54 50
37 79 61 27 74 68 8
7 37 12 2 68 77 72
47 30 66 7 37 12 54
63 1 13 61 54 71 78
36 20 74 42 34 73 14
31 24 21 79 59 30 36
41 36 21 45 4 53 45
35 27 54 39 16 12 43
27 74 68 73 66 57 13
23 65 10 21 11 21 55
20 2 10 17 50 16 48
33 64 33 60 55 8 26
7 37 12 69 22 33 25
83 63 72 27 74 68 11
46 36 33 43 51 24 17
20 2 10 66 59 60 75
33 64 33 19 25 9 45
55 51 3 60 55 8 6
38 82 76 34 58 8 72
71 40 31 56 69 81 57
5 22 65 65 12 9 56
67 60 80 75 48 60 23
21 11 21 44 23 32 16
30 58 33 2 68 77 45
11 4 74 21 11 21 53
2 68 77 12 25 69 43
7 37 12 12 25 69 58
82 5 53 30 58 33 56
82 5 53 6 8 70 17
39 16 12 79 59 30 46
79 59 30 10 55 57 27
10 55 57 40 41 79 26
44 23 32 0 73 51 53
60 55 8 37 79 61 58
58 44 8 37 79 61 63
71 40 31 30 58 33 18
17 50 16 69 22 33 32
45 4 53 67 60 80 62
10 55 57 39 16 12 59
62 0 6 10 55 57 75
83 63 72 21 11 21 72
70 14 57 53 68 19 66
34 58 8 67 60 80 72
24 11 24 2 68 77 77
57 68 23 40 41 79 62
71 40 31 45 4 53 42
9 32 29 29 11 18 23
48 70 65 31 24 21 63
66 59 60 25 18 12 63
50 69 79 21 11 21 82
12 25 69 13 57 55 34
50 69 79 62 0 6 100
20 2 10 77 38 41 47
9 32 29 44 23 32 9
6 8 70 16 42 11 68
59 80 3 64 59 2 21
75 48 60 24 11 24 51
54 48 45 20 2 10 57
18 55 72 14 25 51 36
57 68 23 18 55 72 50
0 73 51 27 74 68 17
76 41 61 80 34 37 25
50 69 79 54 48 45 39
54 48 45 0 73 51 25
6 8 70 17 50 16 68
80 34 37 83 63 72 45
79 59 30 13 57 55 25
23 65 10 15 29 81 79
7 37 12 10 55 57 48
17 50 16 56 69 81 67
69 22 33 37 79 61 63
68 34 61 24 11 24 43
39 16 12 24 11 24 13
44 23 32 43 51 24 29
31 24 21 80 34 37 18
68 34 61 1 19 44 22
12 25 69 6 8 70 17
22 3 34 55 51 3 57
75 48 60 29 11 18 55
24 11 24 21 11 21 3
83 63 72 81 62 52 20
10 55 57 54 48 45 13
22 3 34 37 79 61 80
54 48 45 69 22 33 28
45 4 53 46 36 33 37
38 82 76 37 79 61 15
79 59 30 50 69 79 50
61 54 71 51 36 22 52
77 38 41 46 36 33 8
62 0 6 1 19 44 42
19 25 9 14 25 51 42
46 36 33 50 69 79 56
56 69 81 69 22 33 67
2 68 77 50 69 79 2
69 22 33 72 52 67 45
11 4 74 17 50 16 74
4 18 38 81 62 52 46
74 3 15 13 57 55 67
49 46 75 80 34 37 39
44 23 32 46 36 33 13
25 18 12 46 36 33 27
71 40 31 75 48 60 30
45 4 53 38 82 76 81
70 14 57 41 36 21 42
83 63 72 56 69 81 10
14 25 51 27 74 68 51
81 62 52 15 29 81 43
33 64 33 35 27 54 42
19 25 9 28 24 50 41
16 42 11 72 52 67 56
54 48 45 45 4 53 44
51 36 22 57 68 23 32
78 65 0 14 25 51 64
3 45 76 6 8 70 37
66 59 60 75 48 60 11
13 57 55 60 55 8 47
69 22 33 22 3 34 19
15 29 81 56 69 81 40
81 62 52 29 11 18 61
11 4 74 68 34 61 32
13 57 55 36 20 74 41
23 65 10 55 51 3 15
50 69 79 17 50 16 65
74 3 15 31 24 21 21
20 2 10 40 41 79 79
44 23 32 22 3 34 20
71 40 31 77 38 41 10
83 63 72 29 11 18 74
19 25 9 45 4 53 48
35 27 54 45 4 53 23
73 66 57 31 24 21 55
39 16 12 23 65 10 49
27 74 68 76 41 61 33
67 60 80 5 22 65 40
78 65 0 69 22 33 54
69 22 33 70 14 57 25
43 51 24 55 51 3 21
11 4 74 33 64 33 72
3 45 76 44 23 32 49
34 58 8 35 27 54 55
40 41 79 27 74 68 34
9 32 29 72 52 67 42
46 36 33 31 24 21 16
9 32 29 30 58 33 26
36 20 74 17 50 16 65
67 60 80 82 5 53 61
18 55 72 9 32 29 48
73 66 57 32 39 75 32
79 59 30 4 18 38 41
77 38 41 39 16 12 36
64 59 2 70 14 57 71
47 30 66 22 3 34 41
47 30 66 76 41 61 12
50 69 79 48 70 65 14
78 65 0 35 27 54 66
33 64 33 56 69 81 48
20 2 10 37 79 61 92
50 69 79 65 12 9 90
12 25 69 53 68 19 65
53 68 19 81 62 52 33
6 8 70 73 66 57 59
76 41 61 48 70 65 29
31 24 21 8 13 75 55
5 22 65 40 41 79 23
79 59 30 35 27 54 40
65 12 9 70 14 57 48
17 50 16 8 13 75 69
29 11 18 23 65 10 54
70 14 57 23 65 10 69
72 52 67 5 22 65 30
5 22 65 42 34 73 14
4 18 38 41 36 21 24
41 36 21 33 64 33 30
78 65 0 30 58 33 33
14 25 51 16 42 11 43
42 34 73 46 36 33 40
39 16 12 72 52 67 65
47 30 66 80 34 37 29
56 69 81 11 4 74 65
59 80 3 46 36 33 53
13 57 55 39 16 12 59
15 29 81 78 65 0 88
12 25 69 66 59 60 35
69 22 33 53 68 19 48
7 37 12 8 13 75 67
62 0 6 36 20 74 70
26 52 67 17 50 16 51
20 2 10 49 46 75 78
52 18 53 14 25 51 7
21 11 21 10 55 57 56
49 46 75 26 52 67 10
77 38 41 70 14 57 28
62 0 6 33 64 33 69
28 24 50 21 11 21 31
73 66 57 78 65 0 57
78 65 0 1 19 44 63
26 52 67 9 32 29 42
12 25 69 81 62 52 40
20 2 10 26 52 67 75
2 68 77 14 25 51 50
73 66 57 47 30 66 37
30 58 33 66 59 60 27
18 55 72 0 73 51 27
80 34 37 24 11 24 26
13 57 55 46 36 33 30
38 82 76 80 34 37 61
80 34 37 37 79 61 51
45 4 53 7 37 12 52
78 65 0 65 12 9 53
29 11 18 5 22 65 48
23 65 10 56 69 81 71
82 5 53 18 55 72 53
32 39 75 54 48 45 31
76 41 61 81 62 52 22
74 3 15 63 1 13 2
42 34 73 61 54 71 20
77 38 41 51 36 22 19
41 36 21 64 59 2 29
64 59 2 34 58 8 6
9 32 29 20 2 10 35
65 12 9 63 1 13 11
3 45 76 4 18 38 46
9 32 29 35 27 54 25
63 1 13 58 44 8 43
53 68 19 6 8 70 78
45 4 53 17 50 16 59
83 63 72 1 19 44 52
16 42 11 23 65 10 23
45 4 53 16 42 11 56
23 65 10 54 48 45 38
65 12 9 46 36 33 33
30 58 33 44 23 32 35
24 11 24 5 22 65 42
73 66 57 33 64 33 24
79 59 30 63 1 13 60
63 1 13 39 16 12 15
16 42 11 67 60 80 71
54 48 45 22 3 34 46
17 50 16 39 16 12 34
70 14 57 56 69 81 60
26 52 67 3 45 76 11
42 34 73 4 18 38 38
70 14 57 7 37 12 50
57 68 23 41 36 21 32
38 82 76 73 66 57 24
58 44 8 72 52 67 59
29 11 18 4 18 38 21
36 20 74 3 45 76 25
27 74 68 11 4 74 70
1 19 44 24 11 24 21
31 24 21 26 52 67 53
57 68 23 81 62 52 29
77 38 41 68 34 61 20
81 62 52 69 22 33 44
65 12 9 71 40 31 35
3 45 76 62 0 6 83
3 45 76 82 5 53 46
43 51 24 37 79 61 46
15 29 81 6 8 70 23
40 41 79 36 20 74 21
1 19 44 18 55 72 45
71 40 31 3 45 76 45
42 34 73 30 58 33 46
45 4 53 40 41 79 45
6 8 70 21 11 21 49
69 22 33 74 3 15 26
0 73 51 52 18 53 55
59 80 3 21 11 21 71
35 27 54 58 44 8 49
47 30 66 36 20 74 12
71 40 31 73 66 57 36
49 46 75 10 55 57 20
82 5 53 49 46 75 46
37 79 61 21 11 21 78
58 44 8 19 25 9 19
9 32 29 6 8 70 47
8 13 75 27 74 68 61
26 52 67 46 36 33 37
45 4 53 3 45 76 47
64 59 2 6 8 70 85
40 41 79 75 48 60 20
76 41 61 12 25 69 17
49 46 75 55 51 3 72
27 74 68 69 22 33 62
33 64 33 25 18 12 50
58 44 8 74 3 15 41
14 25 51 58 44 8 47
46 36 33 62 0 6 45
49 46 75 16 42 11 64
60 55 8 47 30 66 63
32 39 75 26 52 67 15
32 39 75 59 80 3 82
43 51 24 42 34 73 51
18 55 72 21 11 21 67
54 48 45 42 34 73 31
60 55 8 18 55 72 64
2 68 77 17 50 16 63
73 66 57 30 58 33 25
1 19 44 26 52 67 40
69 22 33 57 68 23 47
76 41 61 9 32 29 33
51 36 22 45 4 53 44
38 82 76 15 29 81 53
19 25 9 74 3 15 22
15 29 81 9 32 29 52
23 65 10 19 25 9 40
23 65 10 59 80 3 16
39 16 12 49 46 75 69
43 51 24 66 59 60 36
81 62 52 0 73 51 11
15 29 81 74 3 15 70
74 3 15 12 25 69 58
56 69 81 13 57 55 28
83 63 72 20 2 10 86
50 69 79 6 8 70 61
30 58 33 6 8 70 62
52 18 53 50 69 79 57
61 54 71 1 19 44 44
37 79 61 56 69 81 22
33 64 33 80 34 37 30
46 36 33 3 45 76 43
54 48 45 80 34 37 16
83 63 72 7 37 12 65
8 13 75 26 52 67 39
5 22 65 21 11 21 45
51 36 22 17 50 16 15
16 42 11 57 68 23 28
29 11 18 64 59 2 50
54 48 45 6 8 70 47
80 34 37 62 0 6 46
48 70 65 32 39 75 32
35 27 54 80 34 37 18
79 59 30 16 42 11 25
33 64 33 1 19 44 46
2 68 77 19 25 9 80
62 0 6 65 12 9 12
75 48 60 43 51 24 36
52 18 53 17 50 16 48
67 60 80 73 66 57 23
55 51 3 12 25 69 70
69 22 33 47 30 66 33
73 66 57 64 59 2 55
29 11 18 82 5 53 35
66 59 60 80 34 37 33
45 4 53 53 68 19 72
8 13 75 5 22 65 13
4 18 38 36 20 74 36
70 14 57 48 70 65 56
18 55 72 36 20 74 35
52 18 53 27 74 68 57
16 42 11 81 62 52 45
4 18 38 2 68 77 63
60 55 8 71 40 31 27
76 41 61 1 19 44 27
35 27 54 47 30 66 12
3 45 76 8 13 75 32
19 25 9 67 60 80 79
48 70 65 49 46 75 26
68 34 61 64 59 2 64
40 41 79 52 18 53 34
22 3 34 67 60 80 73
29 11 18 22 3 34 17
79 59 30 23 65 10 20
31 24 21 70 14 57 37
79 59 30 9 32 29 27
33 64 33 45 4 53 63
74 3 15 61 54 71 75
66 59 60 61 54 71 12
59 80 3 63 1 13 79
11 4 74 35 27 54 30
4 18 38 14 25 51 14
11 4 74 72 52 67 48
24 11 24 22 3 34 12
30 58 33 56 69 81 49
72 52 67 71 40 31 37
60 55 8 19 25 9 30
8 13 75 71 40 31 51
55 51 3 57 68 23 26
49 46 75 18 55 72 9
65 12 9 77 38 41 41
43 51 24 71 40 31 13
66 59 60 57 68 23 38
15 29 81 54 48 45 40
1 19 44 37 79 61 62
36 20 74 46 36 33 44
47 30 66 52 18 53 17
53 68 19 24 11 24 57
74 3 15 18 55 72 77
52 18 53 33 64 33 50
12 25 69 39 16 12 57
57 68 23 65 12 9 57
64 59 2 37 79 61 62
24 11 24 7 37 12 28
39 16 12 2 68 77 83
14 25 51 63 1 13 44
62 0 6 81 62 52 77
0 73 51 83 63 72 23
62 0 6 48 70 65 91
48 70 65 37 79 61 9
30 58 33 50 69 79 47
27 74 68 23 65 10 58
5 22 65 12 25 69 5
65 12 9 61 54 71 74
30 58 33 10 55 57 24
10 55 57 69 22 33 40
29 11 18 78 65 0 56
41 36 21 15 29 81 60
44 23 32 6 8 70 40
62 0 6 9 32 29 39
11 4 74 76 41 61 39
13 57 55 68 34 61 23
31 24 21 55 51 3 32
9 32 29 83 63 72 53
35 27 54 30 58 33 37
20 2 10 43 51 24 50
62 0 6 76 41 61 68
72 52 67 36 20 74 32
2 68 77 81 62 52 25
6 8 70 72 52 67 44
27 74 68 15 29 81 46
60 55 8 28 24 50 52
55 51 3 21 11 21 43
49 46 75 58 44 8 67
80 34 37 19 25 9 29
30 58 33 48 70 65 34
10 55 57 82 5 53 50
36 20 74 20 2 10 66
20 2 10 0 73 51 81
69 22 33 51 36 22 17
56 69 81 63 1 13 96
5 22 65 37 79 61 57
56 69 81 80 34 37 56
77 38 41 16 42 11 30
11 4 74 70 14 57 19
58 44 8 9 32 29 24
75 48 60 9 32 29 34
3 45 76 41 36 21 55
76 41 61 52 18 53 24
41 36 21 28 24 50 31
0 73 51 76 41 61 33
38 82 76 77 38 41 56
66 59 60 77 38 41 28
23 65 10 64 59 2 10
72 52 67 12 25 69 27
65 12 9 42 34 73 67
62 0 6 61 54 71 84
7 37 12 22 3 34 40
20 2 10 10 55 57 70
62 0 6 4 18 38 36
36 20 74 32 39 75 19
73 66 57 40 41 79 33
68 34 61 76 41 61 7
37 79 61 26 52 67 27
64 59 2 60 55 8 7
49 46 75 50 69 79 23
18 55 72 33 64 33 40
15 29 81 1 19 44 38
48 70 65 63 1 13 86
78 65 0 3 45 76 78
75 48 60 62 0 6 72
11 4 74 51 36 22 61
37 79 61 25 18 12 78
6 8 70 28 24 50 25
9 32 29 28 24 50 22
16 42 11 37 79 61 62
75 48 60 54 48 45 15
66 59 60 19 25 9 61
47 30 66 6 8 70 22
24 11 24 44 23 32 14
56 69 81 47 30 66 41
45 4 53 32 39 75 41
53 68 19 51 36 22 32
7 37 12 18 55 72 62
23 65 10 25 18 12 47
60 55 8 3 45 76 68
67 60 80 40 41 79 19
33 64 33 5 22 65 52
19 25 9 30 58 33 40
74 3 15 54 48 45 54
69 22 33 8 13 75 42
11 4 74 67 60 80 56
64 59 2 80 34 37 43
72 52 67 21 11 21 61
35 27 54 52 18 53 9
23 65 10 73 66 57 47
80 34 37 30 58 33 24
75 48 60 72 52 67 8
46 36 33 78 65 0 43
11 4 74 24 11 24 50
74 3 15 47 30 66 57
69 22 33 1 19 44 11
26 52 67 72 52 67 0
65 12 9 17 50 16 38
65 12 9 68 34 61 56
49 46 75 47 30 66 18
16 42 11 54 48 45 34
69 22 33 16 42 11 29
30 58 33 46 36 33 22
19 25 9 35 27 54 45
57 68 23 80 34 37 36
71 40 31 39 16 12 30
18 55 72 28 24 50 38
19 25 9 82 5 53 48
33 64 33 29 11 18 55
14 25 51 69 22 33 18
64 59 2 45 4 53 75
15 29 81 18 55 72 27
24 11 24 69 22 33 14
75 48 60 21 11 21 53
13 57 55 33 64 33 23
4 18 38 68 34 61 28
49 46 75 44 23 32 48
22 3 34 20 2 10 24
5 22 65 74 3 15 53
73 66 57 29 11 18 67
12 25 69 4 18 38 31
44 23 32 17 50 16 31
53 68 19 80 34 37 38
28 24 50 73 66 57 42
56 69 81 14 25 51 53
41 36 21 7 37 12 9
23 65 10 49 46 75 67
41 36 21 80 34 37 16
70 14 57 37 79 61 65
82 5 53 44 23 32 27
47 30 66 61 54 71 24
82 5 53 15 29 81 36
47 30 66 13 57 55 29
44 23 32 47 30 66 34
22 3 34 0 73 51 72
29 11 18 15 29 81 65
56 69 81 64 59 2 79
80 34 37 40 41 79 42
53 68 19 2 68 77 58
83 63 72 59 80 3 71
31 24 21 75 48 60 45
9 32 29 63 1 13 34
46 36 33 12 25 69 37
39 16 12 14 25 51 40
76 41 61 31 24 21 43
76 41 61 55 51 3 58
11 4 74 57 68 23 81
54 48 45 5 22 65 32
23 65 10 43 51 24 19
25 18 12 35 27 54 42
8 13 75 9 32 29 49
54 48 45 26 52 67 22
66 59 60 32 39 75 25
62 0 6 5 22 65 62
56 69 81 8 13 75 56
7 37 12 76 41 61 49
83 63 72 64 59 2 70
59 80 3 29 11 18 70
9 32 29 71 40 31 8
31 24 21 64 59 2 39
15 29 81 69 22 33 48
17 50 16 3 45 76 60
27 74 68 79 59 30 40
34 58 8 43 51 24 17
69 22 33 42 34 73 41
6 8 70 14 25 51 25
48 70 65 45 4 53 67
38 82 76 71 40 31 61
50 69 79 82 5 53 69
66 59 60 76 41 61 18
57 68 23 70 14 57 63
45 4 53 31 24 21 37
78 65 0 0 73 51 51
53 68 19 61 54 71 53
38 82 76 62 0 6 107
16 42 11 51 36 22 12
2 68 77 77 38 41 46
67 60 80 61 54 71 10
46 36 33 33 64 33 28
44 23 32 74 3 15 26
19 25 9 4 18 38 29
9 32 29 27 74 68 57
70 14 57 67 60 80 51
68 34 61 16 42 11 50
74 3 15 75 48 60 63
20 2 10 44 23 32 30
75 48 60 10 55 57 7
8 13 75 82 5 53 23
29 11 18 8 13 75 57
54 48 45 21 11 21 44
18 55 72 42 34 73 21
25 18 12 75 48 60 56
7 37 12 54 48 45 34
24 11 24 65 12 9 15
29 11 18 44 23 32 18
31 24 21 20 2 10 24
0 73 51 69 22 33 54
79 59 30 12 25 69 51
77 38 41 24 11 24 31
80 34 37 17 50 16 26
76 41 61 56 69 81 34
36 20 74 79 59 30 58
4 18 38 77 38 41 20
81 62 52 7 37 12 47
60 55 8 8 13 75 79
45 4 53 4 18 38 20
77 38 41 21 11 21 33
49 46 75 51 36 22 53
16 42 11 0 73 51 50
16 42 11 65 12 9 30
15 29 81 33 64 33 59
31 24 21 67 60 80 69
64 59 2 55 51 3 8
44 23 32 73 66 57 49
5 22 65 44 23 32 33
15 29 81 2 68 77 39
53 68 19 5 22 65 65
10 55 57 27 74 68 21
11 4 74 29 11 18 56
26 52 67 43 51 24 43
38 82 76 53 68 19 58
44 23 32 71 40 31 17
83 63 72 43 51 24 49
24 11 24 45 4 53 29
68 34 61 60 55 8 57
34 58 8 48 70 65 58
20 2 10 55 51 3 49
14 25 51 36 20 74 23
35 27 54 14 25 51 3
0 73 51 79 59 30 25
17 50 16 42 34 73 59
23 65 10 14 25 51 57
73 66 57 43 51 24 36
61 54 71 79 59 30 41
11 4 74 20 2 10 64
0 73 51 48 70 65 14
59 80 3 42 34 73 83
15 29 81 0 73 51 53
20 2 10 28 24 50 45
57 68 23 61 54 71 50
74 3 15 2 68 77 89
39 16 12 8 13 75 63
12 25 69 78 65 0 79
25 18 12 15 29 81 69
24 11 24 18 55 72 65
55 51 3 28 24 50 54
16 42 11 4 18 38 36
3 45 76 54 48 45 31
30 58 33 77 38 41 21
2 68 77 46 36 33 54
50 69 79 81 62 52 27
35 27 54 59 80 3 73
64 59 2 50 69 79 77
53 68 19 22 3 34 66
21 11 21 1 19 44 24
38 82 76 4 18 38 74
54 48 45 9 32 29 22
1 19 44 27 74 68 60
13 57 55 0 73 51 16
65 12 9 58 44 8 32
2 68 77 75 48 60 26
72 52 67 1 19 44 40
50 69 79 83 63 72 9
31 24 21 71 40 31 18
82 5 53 0 73 51 68
14 25 51 9 32 29 23
79 59 30 2 68 77 47
42 34 73 79 59 30 49
22 3 34 41 36 21 35
37 79 61 7 37 12 64
19 25 9 55 51 3 26
64 59 2 75 48 60 59
49 46 75 1 19 44 41
34 58 8 80 34 37 37
3 45 76 37 79 61 37
47 30 66 3 45 76 18
15 29 81 8 13 75 17
10 55 57 60 55 8 49
5 22 65 30 58 33 48
28 24 50 79 59 30 40
10 55 57 42 34 73 26
48 70 65 44 23 32 57
62 0 6 63 1 13 7
81 62 52 42 34 73 35
63 1 13 42 34 73 68
64 59 2 13 57 55 53
55 51 3 79 59 30 28
32 39 75 35 27 54 24
26 52 67 22 3 34 59
54 48 45 37 79 61 34
65 12 9 15 29 81 73
55 51 3 66 59 60 57
1 19 44 19 25 9 35
83 63 72 32 39 75 24
19 25 9 31 24 21 12
12 25 69 10 55 57 32
50 69 79 4 18 38 65
43 51 24 13 57 55 31
58 44 8 25 18 12 26
53 68 19 15 29 81 73
59 80 3 66 59 60 60
6 8 70 4 18 38 33
2 68 77 47 30 66 39
71 40 31 41 36 21 10
31 24 21 78 65 0 46
82 5 53 16 42 11 55
45 4 53 10 55 57 51
27 74 68 80 34 37 50
35 27 54 22 3 34 31
28 24 50 22 3 34 26
21 11 21 51 36 22 25
55 51 3 48 70 65 64
51 36 22 79 59 30 24
78 65 0 6 8 70 90
42 34 73 25 18 12 63
49 46 75 65 12 9 74
41 36 21 17 50 16 14
37 79 61 77 38 41 45
66 59 60 14 25 51 35
39 16 12 36 20 74 62
42 34 73 2 68 77 34
2 68 77 18 55 72 13
18 55 72 47 30 66 25
6 8 70 63 1 13 57
24 11 24 34 58 8 49
27 74 68 36 20 74 54
43 51 24 45 4 53 55
72 52 67 14 25 51 31
10 55 57 16 42 11 47
26 52 67 28 24 50 32
17 50 16 33 64 33 22
37 79 61 17 50 16 53
76 41 61 17 50 16 45
24 11 24 13 57 55 55
18 55 72 83 63 72 8
68 34 61 54 48 45 21
74 3 15 11 4 74 59
10 55 57 1 19 44 38
7 37 12 35 27 54 43
5 22 65 73 66 57 44
21 11 21 13 57 55 57
14 25 51 65 12 9 43
43 51 24 6 8 70 62
60 55 8 15 29 81 77
12 25 69 45 4 53 26
5 22 65 35 27 54 12
71 40 31 32 39 75 44
69 22 33 23 65 10 48
6 8 70 40 41 79 34
25 18 12 48 70 65 74
32 39 75 79 59 30 49
66 59 60 79 59 30 30
65 12 9 52 18 53 44
74 3 15 65 12 9 10
23 65 10 3 45 76 68
28 24 50 38 82 76 63
68 34 61 61 54 71 22
64 59 2 81 62 52 50
8 13 75 81 62 52 54
27 74 68 22 3 34 78
81 62 52 52 18 53 44
16 42 11 39 16 12 26
65 12 9 37 79 61 84
28 24 50 2 68 77 51
70 14 57 66 59 60 45
49 46 75 29 11 18 66
24 11 24 55 51 3 45
5 22 65 14 25 51 14
2 68 77 49 46 75 22
17 50 16 59 80 3 32
22 3 34 3 45 76 59
13 57 55 62 0 6 75
35 27 54 75 48 60 21
31 24 21 66 59 60 52
19 25 9 8 13 75 67
83 63 72 22 3 34 71
55 51 3 81 62 52 50
80 34 37 21 11 21 28
57 68 23 77 38 41 34
28 24 50 37 79 61 56
1 19 44 47 30 66 24
69 22 33 66 59 60 45
20 2 10 64 59 2 57
0 73 51 40 41 79 42
37 79 61 53 68 19 43
32 39 75 3 45 76 6
73 66 57 9 32 29 44
61 54 71 25 18 12 69
82 5 53 74 3 15 38
46 36 33 83 63 72 47
62 0 6 37 79 61 96
48 70 65 60 55 8 58
2 68 77 26 52 67 18
61 54 71 9 32 29 47
24 11 24 73 66 57 64
51 36 22 58 44 8 16
67 60 80 42 34 73 26
5 22 65 4 18 38 27
57 68 23 39 16 12 53
55 51 3 7 37 12 16
77 38 41 74 3 15 43
32 39 75 61 54 71 15
73 66 57 80 34 37 37
40 41 79 26 52 67 16
61 54 71 29 11 18 68
70 14 57 28 24 50 12
0 73 51 57 68 23 28
69 22 33 75 48 60 37
80 34 37 74 3 15 38
55 51 3 35 27 54 56
11 4 74 50 69 79 65
23 65 10 38 82 76 68
45 4 53 59 80 3 90
63 1 13 68 34 61 58
67 60 80 6 8 70 52
72 52 67 50 69 79 20
53 68 19 57 68 23 4
27 74 68 47 30 66 44
54 48 45 36 20 74 40
29 11 18 12 25 69 52
17 50 16 75 48 60 44
55 51 3 47 30 66 66
2 68 77 67 60 80 8
68 34 61 5 22 65 12
81 62 52 22 3 34 61
6 8 70 25 18 12 58
26 52 67 41 36 21 48
67 60 80 9 32 29 58
47 30 66 11 4 74 27
21 11 21 4 18 38 18
70 14 57 61 54 71 42
68 34 61 9 32 29 32
67 60 80 52 18 53 49
76 41 61 61 54 71 16
63 1 13 1 19 44 35
26 52 67 68 34 61 18