81 3240
41 30 18 65 71 49 51
72 44 27 69 52 37 12
13 4 32 66 55 49 53
20 60 79 28 51 72 11
7 19 59 53 23 60 4
11 28 13 3 30 75 62
34 23 15 63 71 37 52
58 21 69 1 71 25 66
7 19 59 0 4 37 26
36 35 35 22 18 0 38
21 2 51 42 34 9 52
15 24 29 27 47 62 40
60 1 53 57 16 38 21
25 76 57 38 51 68 27
42 34 9 60 1 53 55
11 28 13 79 66 17 38
38 51 68 67 8 3 77
68 70 57 17 12 17 70
42 34 9 29 32 49 40
74 69 76 42 34 9 75
19 51 26 4 50 10 16
50 52 15 36 35 35 26
18 32 13 39 58 8 26
13 4 32 33 59 68 65
54 13 59 68 70 57 57
9 8 59 79 66 17 71
52 0 64 67 8 3 61
31 34 54 17 12 17 43
13 4 32 58 21 69 40
51 32 13 54 13 59 49
25 76 57 11 28 13 65
25 76 57 30 64 69 16
19 51 26 15 24 29 27
69 52 37 63 71 37 19
57 16 38 8 6 65 28
56 44 25 35 73 39 32
71 54 39 45 2 22 54
54 13 59 18 32 13 49
21 2 51 74 69 76 71
24 17 77 79 66 17 77
46 23 68 21 2 51 27
30 64 69 18 32 13 64
47 63 9 72 44 27 26
61 59 16 66 55 49 33
52 0 64 16 48 23 63
13 4 32 8 6 65 33
44 54 30 66 55 49 19
10 33 44 8 6 65 34
52 0 64 6 3 42 22
11 28 13 57 16 38 27
77 8 7 12 19 75 68
28 51 72 62 7 25 64
61 59 16 7 19 59 58
11 28 13 65 71 49 56
52 0 64 4 50 10 73
61 59 16 25 76 57 44
61 59 16 33 59 68 52
77 8 7 61 59 16 51
37 30 39 16 48 23 24
49 16 49 23 17 48 1
19 51 26 72 44 27 7
9 8 59 60 1 53 9
43 19 22 75 16 47 25
35 73 39 9 8 59 68
15 24 29 14 7 20 19
68 70 57 34 23 15 63
43 19 22 14 7 20 12
56 44 25 14 7 20 37
8 6 65 20 60 79 55
57 16 38 33 59 68 52
32 73 34 72 44 27 29
39 58 8 9 8 59 71
67 8 3 36 35 35 41
8 6 65 39 58 8 77
27 47 62 36 35 35 29
40 47 4 54 13 59 64
5 36 40 50 52 15 29
18 32 13 37 30 39 26
12 19 75 65 71 49 58
11 28 13 28 51 72 63
18 32 13 44 54 30 27
63 71 37 36 35 35 36
76 33 69 36 35 35 34
15 24 29 58 21 69 40
22 18 0 73 8 58 58
42 34 9 27 47 62 54
79 66 17 20 60 79 62
74 69 76 56 44 25 56
71 54 39 26 6 25 50
37 30 39 49 16 49 17
70 6 40 64 8 15 25
67 8 3 77 8 7 4
0 4 37 9 8 59 22
26 6 25 62 7 25 1
4 50 10 15 24 29 32
3 30 75 13 4 32 50
77 8 7 31 34 54 53
78 71 60 46 23 68 48
34 23 15 41 30 18 7
16 48 23 25 76 57 44
44 54 30 63 71 37 18
8 6 65 55 12 57 10
68 70 57 11 28 13 60
36 35 35 8 6 65 41
47 63 9 54 13 59 70
18 32 13 51 32 13 0
24 17 77 8 6 65 16
38 51 68 18 32 13 58
19 51 26 30 64 69 44
34 23 15 57 16 38 24
26 6 25 30 64 69 72
20 60 79 74 69 76 9
35 73 39 65 71 49 10
10 33 44 17 12 17 34
21 2 51 19 51 26 55
67 8 3 62 7 25 22
54 13 59 11 28 13 48
19 51 26 36 35 35 18
80 51 18 9 8 59 59
62 7 25 7 19 59 36
18 32 13 43 19 22 15
42 34 9 72 44 27 20
5 36 40 21 2 51 35
60 1 53 79 66 17 74
46 23 68 60 1 53 26
25 76 57 48 33 38 47
30 64 69 41 30 18 61
63 71 37 54 13 59 62
2 77 63 10 33 44 47
32 73 34 11 28 13 49
9 8 59 15 24 29 34
2 77 63 27 47 62 30
6 3 42 70 6 40 3
59 31 25 77 8 7 29
57 16 38 18 32 13 29
29 32 49 33 59 68 33
61 59 16 11 28 13 31
40 47 4 13 4 32 51
3 30 75 42 34 9 66
47 63 9 17 12 17 51
6 3 42 43 19 22 25
29 32 49 79 66 17 46
15 24 29 31 34 54 26
12 19 75 36 35 35 43
51 32 13 29 32 49 36
34 23 15 38 51 68 59
20 60 79 14 7 20 79
59 31 25 4 50 10 24
46 23 68 31 34 54 17
34 23 15 46 23 68 53
56 44 25 55 12 57 45
63 71 37 8 6 65 70
65 71 49 74 69 76 27
67 8 3 35 73 39 74
59 31 25 29 32 49 24
3 30 75 77 8 7 71
23 17 48 18 32 13 38
67 8 3 14 7 20 17
33 59 68 44 54 30 38
8 6 65 45 2 22 43
46 23 68 53 23 60 8
11 28 13 43 19 22 12
51 32 13 10 33 44 31
58 21 69 55 12 57 15
77 8 7 23 17 48 41
57 16 38 2 77 63 65
65 71 49 17 12 17 67
7 19 59 6 3 42 23
58 21 69 23 17 48 21
49 16 49 68 70 57 54
4 50 10 61 59 16 10
79 66 17 22 18 0 50
61 59 16 45 2 22 57
4 50 10 65 71 49 44
68 70 57 67 8 3 82
43 19 22 34 23 15 8
38 51 68 44 54 30 38
49 16 49 31 34 54 18
60 1 53 54 13 59 13
51 32 13 42 34 9 4
9 8 59 26 6 25 34
42 34 9 33 59 68 64
60 1 53 40 47 4 67
38 51 68 15 24 29 47
53 23 60 2 77 63 54
11 28 13 9 8 59 50
48 33 38 29 32 49 11
61 59 16 48 33 38 34
58 21 69 34 23 15 54
71 54 39 63 71 37 17
53 23 60 45 2 22 43
61 59 16 43 19 22 40
23 17 48 74 69 76 59
15 24 29 21 2 51 31
6 3 42 54 13 59 19
37 30 39 15 24 29 11
44 54 30 35 73 39 21
13 4 32 39 58 8 59
34 23 15 66 55 49 46
11 28 13 20 60 79 73
62 7 25 44 54 30 47
42 34 9 54 13 59 54
74 69 76 51 32 13 73
75 16 47 28 51 72 43
78 71 60 41 30 18 58
58 21 69 52 0 64 21
74 69 76 22 18 0 91
76 33 69 35 73 39 50
64 8 15 44 54 30 48
31 34 54 51 32 13 41
3 30 75 12 19 75 11
61 59 16 31 34 54 45
14 7 20 70 6 40 20
71 54 39 10 33 44 21
68 70 57 3 30 75 43
70 6 40 53 23 60 26
45 2 22 24 17 77 57
74 69 76 43 19 22 73
49 16 49 43 19 22 27
80 51 18 4 50 10 8
47 63 9 33 59 68 59
6 3 42 74 69 76 74
31 34 54 35 73 39 41
66 55 49 77 8 7 63
43 19 22 25 76 57 66
74 69 76 30 64 69 8
75 16 47 18 32 13 37
65 71 49 40 47 4 51
64 8 15 57 16 38 24
35 73 39 24 17 77 67
5 36 40 30 64 69 40
2 77 63 22 18 0 86
59 31 25 38 51 68 47
72 44 27 55 12 57 43
51 32 13 55 12 57 48
77 8 7 40 47 4 39
11 28 13 30 64 69 66
27 47 62 16 48 23 39
69 52 37 9 8 59 49
50 52 15 2 77 63 54
36 35 35 72 44 27 12
21 2 51 65 71 49 69
5 36 40 40 47 4 37
18 32 13 80 51 18 19
77 8 7 16 48 23 43
28 51 72 79 66 17 57
18 32 13 20 60 79 71
19 51 26 64 8 15 44
27 47 62 55 12 57 35
21 2 51 57 16 38 19
48 33 38 77 8 7 39
40 47 4 68 70 57 57
12 19 75 78 71 60 54
66 55 49 26 6 25 54
32 73 34 2 77 63 29
52 0 64 34 23 15 54
30 64 69 8 6 65 58
76 33 69 13 4 32 47
35 73 39 28 51 72 39
37 30 39 48 33 38 3
65 71 49 56 44 25 36
41 30 18 52 0 64 54
7 19 59 19 51 26 45
58 21 69 50 52 15 62
10 33 44 42 34 9 35
16 48 23 58 21 69 53
62 7 25 36 35 35 29
51 32 13 25 76 57 62
53 23 60 17 12 17 44
54 13 59 80 51 18 55
0 4 37 8 6 65 28
64 8 15 54 13 59 44
38 51 68 5 36 40 31
40 47 4 63 71 37 40
3 30 75 37 30 39 36
46 23 68 15 24 29 39
38 51 68 64 8 15 68
73 8 58 49 16 49 12
44 54 30 31 34 54 31
0 4 37 70 6 40 3
14 7 20 36 35 35 31
65 71 49 37 30 39 42
48 33 38 14 7 20 31
70 6 40 5 36 40 30
77 8 7 21 2 51 44
71 54 39 60 1 53 54
71 54 39 9 8 59 50
55 12 57 19 51 26 49
26 6 25 75 16 47 24
8 6 65 16 48 23 59
20 60 79 26 6 25 76
41 30 18 27 47 62 47
30 64 69 27 47 62 18
49 16 49 54 13 59 10
0 4 37 20 60 79 70
56 44 25 6 3 42 44
40 47 4 10 33 44 42
8 6 65 47 63 9 79
64 8 15 1 71 25 63
77 8 7 7 19 59 53
45 2 22 33 59 68 73
13 4 32 9 8 59 27
28 51 72 69 52 37 35
76 33 69 25 76 57 44
49 16 49 35 73 39 57
80 51 18 60 1 53 61
9 8 59 44 54 30 54
27 47 62 24 17 77 33
42 34 9 45 2 22 34
10 33 44 77 8 7 44
78 71 60 56 44 25 44
35 73 39 69 52 37 21
76 33 69 70 6 40 39
59 31 25 1 71 25 40
44 54 30 14 7 20 48
76 33 69 31 34 54 15
24 17 77 72 44 27 56
66 55 49 80 51 18 31
67 8 3 23 17 48 45
16 48 23 63 71 37 26
49 16 49 24 17 77 28
50 52 15 41 30 18 22
60 1 53 59 31 25 41
78 71 60 8 6 65 65
63 71 37 77 8 7 69
74 69 76 40 47 4 75
25 76 57 21 2 51 74
3 30 75 24 17 77 13
6 3 42 3 30 75 42
62 7 25 59 31 25 24
66 55 49 63 71 37 20
80 51 18 42 34 9 19
63 71 37 4 50 10 34
10 33 44 37 30 39 5
48 33 38 67 8 3 43
71 54 39 7 19 59 40
46 23 68 12 19 75 8
75 16 47 48 33 38 19
1 71 25 37 30 39 43
29 32 49 54 13 59 21
48 33 38 6 3 42 30
6 3 42 75 16 47 13
73 8 58 30 64 69 57
44 54 30 52 0 64 63
65 71 49 28 51 72 30
26 6 25 39 58 8 54
14 7 20 3 30 75 59
35 73 39 50 52 15 31
67 8 3 44 54 30 53
31 34 54 55 12 57 22
61 59 16 39 58 8 8
44 54 30 22 18 0 46
45 2 22 46 23 68 50
78 71 60 31 34 54 37
57 16 38 45 2 22 21
5 36 40 4 50 10 33
45 2 22 13 4 32 10
66 55 49 62 7 25 53
24 17 77 80 51 18 68
28 51 72 76 33 69 18
38 51 68 72 44 27 41
35 73 39 10 33 44 40
10 33 44 30 64 69 39
51 32 13 37 30 39 26
10 33 44 57 16 38 18
73 8 58 16 48 23 53
44 54 30 56 44 25 11
65 71 49 61 59 16 35
5 36 40 7 19 59 25
71 54 39 75 16 47 38
21 2 51 79 66 17 72
78 71 60 32 73 34 26
36 35 35 68 70 57 41
24 17 77 25 76 57 62
43 19 22 67 8 3 21
51 32 13 47 63 9 31
46 23 68 16 48 23 51
54 13 59 70 6 40 20
65 71 49 60 1 53 70
9 8 59 67 8 3 56
1 71 25 6 3 42 70
48 33 38 40 47 4 36
71 54 39 23 17 48 38
41 30 18 64 8 15 22
66 55 49 42 34 9 45
80 51 18 70 6 40 50
54 13 59 20 60 79 51
52 0 64 48 33 38 42
55 12 57 71 54 39 45
22 18 0 61 59 16 44
3 30 75 22 18 0 75
17 12 17 51 32 13 20
13 4 32 18 32 13 33
48 33 38 62 7 25 29
72 44 27 28 51 72 45
61 59 16 50 52 15 7
13 4 32 61 59 16 57
1 71 25 66 55 49 28
66 55 49 31 34 54 21
46 23 68 23 17 48 20
5 36 40 66 55 49 21
42 34 9 15 24 29 22
35 73 39 41 30 18 47
53 23 60 33 59 68 36
22 18 0 20 60 79 89
8 6 65 54 13 59 9
31 34 54 47 63 9 53
23 17 48 35 73 39 56
70 6 40 48 33 38 27
68 70 57 62 7 25 70
45 2 22 2 77 63 85
57 16 38 51 32 13 29
20 60 79 19 51 26 53
80 51 18 30 64 69 52
46 23 68 32 73 34 60
30 64 69 49 16 49 52
46 23 68 73 8 58 18
1 71 25 62 7 25 64
21 2 51 50 52 15 61
64 8 15 62 7 25 10
44 54 30 7 19 59 45
66 55 49 78 71 60 19
36 35 35 51 32 13 22
27 47 62 53 23 60 24
55 12 57 5 36 40 29
36 35 35 79 66 17 35
32 73 34 7 19 59 59
78 71 60 49 16 49 56
56 44 25 73 8 58 48
23 17 48 4 50 10 50
63 71 37 58 21 69 59
42 34 9 24 17 77 70
19 51 26 26 6 25 45
39 58 8 32 73 34 30
68 70 57 59 31 25 50
74 69 76 77 8 7 92
44 54 30 48 33 38 22
34 23 15 50 52 15 29
70 6 40 33 59 68 59
59 31 25 33 59 68 51
29 32 49 31 34 54 5
51 32 13 27 47 62 51
20 60 79 42 34 9 74
39 58 8 65 71 49 43
69 52 37 79 66 17 24
68 70 57 77 8 7 79
4 50 10 70 6 40 53
34 23 15 37 30 39 25
74 69 76 33 59 68 12
65 71 49 34 23 15 58
27 47 62 5 36 40 24
35 73 39 11 28 13 51
63 71 37 60 1 53 71
80 51 18 61 59 16 8
34 23 15 45 2 22 22
79 66 17 78 71 60 43
77 8 7 15 24 29 27
21 2 51 14 7 20 31
78 71 60 63 71 37 23
65 71 49 71 54 39 19
13 4 32 75 16 47 19
75 16 47 59 31 25 26
49 16 49 8 6 65 18
22 18 0 21 2 51 53
52 0 64 24 17 77 21
71 54 39 79 66 17 25
25 76 57 74 69 76 20
45 2 22 15 24 29 23
18 32 13 9 8 59 51
47 63 9 46 23 68 71
41 30 18 38 51 68 54
5 36 40 8 6 65 39
60 1 53 68 70 57 69
55 12 57 43 19 22 35
20 60 79 15 24 29 61
14 7 20 54 13 59 39
69 52 37 2 77 63 36
70 6 40 8 6 65 25
10 33 44 15 24 29 17
49 16 49 72 44 27 35
43 19 22 37 30 39 20
41 30 18 48 33 38 20
70 6 40 42 34 9 41
17 12 17 9 8 59 42
46 23 68 36 35 35 35
13 4 32 1 71 25 67
3 30 75 59 31 25 50
72 44 27 11 28 13 21
47 63 9 66 55 49 40
65 71 49 53 23 60 49
16 48 23 75 16 47 40
40 47 4 30 64 69 67
66 55 49 74 69 76 30
17 12 17 64 8 15 4
10 33 44 13 4 32 31
23 17 48 64 8 15 34
29 32 49 5 36 40 9
16 48 23 2 77 63 49
69 52 37 65 71 49 22
27 47 62 79 66 17 48
44 54 30 16 48 23 9
2 77 63 35 73 39 24
67 8 3 6 3 42 39
54 13 59 12 19 75 17
30 64 69 71 54 39 31
5 36 40 26 6 25 33
55 12 57 75 16 47 10
44 54 30 79 66 17 17
42 34 9 44 54 30 29
72 44 27 35 73 39 31
44 54 30 68 70 57 31
33 59 68 79 66 17 51
11 28 13 52 0 64 58
51 32 13 7 19 59 47
42 34 9 5 36 40 31
41 30 18 18 32 13 5
27 47 62 69 52 37 25
63 71 37 2 77 63 26
4 50 10 33 59 68 58
70 6 40 41 30 18 32
59 31 25 10 33 44 19
4 50 10 9 8 59 64
18 32 13 0 4 37 36
29 32 49 64 8 15 41
2 77 63 77 8 7 88
8 6 65 46 23 68 17
73 8 58 11 28 13 49
37 30 39 40 47 4 38
3 30 75 32 73 34 59
51 32 13 50 52 15 20
33 59 68 39 58 8 60
37 30 39 57 16 38 14
19 51 26 42 34 9 24
48 33 38 22 18 0 40
79 66 17 66 55 49 33
22 18 0 27 47 62 68
1 71 25 38 51 68 47
25 76 57 27 47 62 29
58 21 69 59 31 25 45
78 71 60 6 3 42 70
21 2 51 75 16 47 14
76 33 69 73 8 58 27
32 73 34 4 50 10 33
60 1 53 44 54 30 57
23 17 48 44 54 30 41
65 71 49 27 47 62 27
35 73 39 7 19 59 57
74 69 76 46 23 68 46
57 16 38 63 71 37 55
24 17 77 76 33 69 17
72 44 27 79 66 17 24
25 76 57 71 54 39 28
33 59 68 48 33 38 39
20 60 79 64 8 15 82
57 16 38 68 70 57 57
22 18 0 47 63 9 45
40 47 4 32 73 34 39
73 8 58 43 19 22 37
59 31 25 41 30 18 7
72 44 27 80 51 18 11
63 71 37 12 19 75 64
50 52 15 24 17 77 71
36 35 35 21 2 51 36
71 54 39 77 8 7 56
41 30 18 46 23 68 50
17 12 17 14 7 20 5
17 12 17 49 16 49 32
51 32 13 49 16 49 39
11 28 13 75 16 47 36
65 71 49 15 24 29 51
25 76 57 57 16 38 62
73 8 58 37 30 39 29
67 8 3 28 51 72 81
78 71 60 77 8 7 82
76 33 69 29 32 49 20
37 30 39 75 16 47 16
55 12 57 26 6 25 32
76 33 69 37 30 39 30
30 64 69 52 0 64 64
62 7 25 31 34 54 39
16 48 23 35 73 39 29
73 8 58 28 51 72 45
38 51 68 49 16 49 39
26 6 25 48 33 38 29
8 6 65 73 8 58 7
22 18 0 56 44 25 36
65 71 49 62 7 25 68
43 19 22 32 73 34 55
69 52 37 57 16 38 36
28 51 72 68 70 57 24
20 60 79 47 63 9 70
50 52 15 79 66 17 14
35 73 39 18 32 13 48
67 8 3 80 51 18 45
4 50 10 57 16 38 44
18 32 13 2 77 63 67
74 69 76 1 71 25 51
62 7 25 24 17 77 52
27 47 62 40 47 4 58
57 16 38 41 30 18 24
66 55 49 9 8 59 48
55 12 57 68 70 57 58
18 32 13 25 76 57 62
23 17 48 73 8 58 13
64 8 15 18 32 13 24
33 59 68 34 23 15 64
76 33 69 66 55 49 29
40 47 4 28 51 72 68
11 28 13 69 52 37 33
47 63 9 43 19 22 45
34 23 15 47 63 9 40
16 48 23 43 19 22 29
21 2 51 30 64 69 64
57 16 38 36 35 35 19
12 19 75 17 12 17 58
52 0 64 77 8 7 57
26 6 25 1 71 25 65
66 55 49 67 8 3 65
61 59 16 56 44 25 17
41 30 18 37 30 39 21
29 32 49 65 71 49 39
72 44 27 26 6 25 38
38 51 68 33 59 68 8
25 76 57 52 0 64 76
62 7 25 10 33 44 32
79 66 17 80 51 18 15
41 30 18 68 70 57 55
63 71 37 79 66 17 20
25 76 57 77 8 7 84
28 51 72 70 6 40 55
53 23 60 8 6 65 17
71 54 39 34 23 15 39
41 30 18 44 54 30 26
30 64 69 7 19 59 46
58 21 69 46 23 68 2
79 66 17 35 73 39 23
79 66 17 41 30 18 36
7 19 59 20 60 79 45
24 17 77 11 28 13 64
57 16 38 67 8 3 35
31 34 54 16 48 23 34
9 8 59 20 60 79 55
73 8 58 80 51 18 58
78 71 60 70 6 40 68
70 6 40 66 55 49 49
73 8 58 71 54 39 49
55 12 57 57 16 38 19
75 16 47 57 16 38 9
4 50 10 64 8 15 42
55 12 57 23 17 48 10
38 51 68 46 23 68 28
9 8 59 74 69 76 63
44 54 30 32 73 34 19
56 44 25 3 30 75 51
77 8 7 72 44 27 41
17 12 17 18 32 13 20
8 6 65 41 30 18 52
50 52 15 31 34 54 42
5 36 40 77 8 7 43
41 30 18 12 19 75 58
74 69 76 68 70 57 19
34 23 15 22 18 0 15
62 7 25 71 54 39 49
80 51 18 0 4 37 50
3 30 75 5 36 40 35
10 33 44 33 59 68 35
12 19 75 57 16 38 37
74 69 76 31 34 54 41
16 48 23 12 19 75 59
6 3 42 71 54 39 51
37 30 39 67 8 3 42
9 8 59 59 31 25 41
71 54 39 14 7 20 50
69 52 37 6 3 42 49
40 47 4 14 7 20 43
41 30 18 10 33 44 26
70 6 40 21 2 51 11
51 32 13 28 51 72 61
67 8 3 21 2 51 48
53 23 60 49 16 49 13
55 12 57 4 50 10 60
36 35 35 6 3 42 32
63 71 37 41 30 18 45
12 19 75 71 54 39 50
17 12 17 7 19 59 42
55 12 57 21 2 51 11
32 73 34 26 6 25 67
42 34 9 8 6 65 62
47 63 9 79 66 17 8
15 24 29 48 33 38 12
33 59 68 6 3 42 61
79 66 17 62 7 25 59
16 48 23 59 31 25 17
80 51 18 63 71 37 27
47 63 9 9 8 59 74
57 16 38 77 8 7 32
10 33 44 72 44 27 20
70 6 40 7 19 59 23
78 71 60 28 51 72 23
37 30 39 8 6 65 35
7 19 59 60 1 53 18
42 34 9 37 30 39 30
44 54 30 2 77 63 40
40 47 4 72 44 27 23
22 18 0 4 50 10 33
38 51 68 57 16 38 46
74 69 76 16 48 23 57
27 47 62 57 16 38 39
65 71 49 5 36 40 36
21 2 51 51 32 13 48
44 54 30 57 16 38 38
52 0 64 45 2 22 42
64 8 15 37 30 39 32
26 6 25 11 28 13 25
78 71 60 23 17 48 55
23 17 48 10 33 44 16
12 19 75 62 7 25 51
48 33 38 2 77 63 50
73 8 58 48 33 38 32
32 73 34 35 73 39 5
55 12 57 74 69 76 60
8 6 65 65 71 49 66
70 6 40 74 69 76 72
80 51 18 1 71 25 21
0 4 37 22 18 0 39
73 8 58 26 6 25 33
13 4 32 29 32 49 32
26 6 25 50 52 15 47
69 52 37 76 33 69 37
2 77 63 30 64 69 14
59 31 25 69 52 37 24
24 17 77 7 19 59 18
78 71 60 37 30 39 46
15 24 29 6 3 42 24
73 8 58 7 19 59 11
38 51 68 6 3 42 54
74 69 76 50 52 15 63
68 70 57 26 6 25 71
53 23 60 58 21 69 9
60 1 53 33 59 68 59
26 6 25 53 23 60 38
6 3 42 41 30 18 36
20 60 79 70 6 40 66
45 2 22 62 7 25 5
39 58 8 25 76 57 52
56 44 25 28 51 72 47
0 4 37 78 71 60 70
73 8 58 40 47 4 66
1 71 25 36 35 35 37
29 32 49 25 76 57 44
0 4 37 31 34 54 34
78 71 60 48 33 38 43
79 66 17 61 59 16 7
2 77 63 11 28 13 70
1 71 25 4 50 10 25
54 13 59 5 36 40 29
7 19 59 80 51 18 52
23 17 48 60 1 53 16
62 7 25 16 48 23 41
78 71 60 18 32 13 61
14 7 20 25 76 57 78
66 55 49 11 28 13 45
6 3 42 60 1 53 11
61 59 16 72 44 27 18
58 21 69 8 6 65 15
33 59 68 76 33 69 26
53 23 60 5 36 40 23
53 23 60 11 28 13 47
40 47 4 52 0 64 76
40 47 4 1 71 25 31
5 36 40 31 34 54 14
36 35 35 34 23 15 23
11 28 13 27 47 62 52
61 59 16 55 12 57 62
45 2 22 50 52 15 50
58 21 69 19 51 26 52
35 73 39 71 54 39 19
38 51 68 45 2 22 67
57 16 38 43 19 22 16
23 17 48 27 47 62 33
78 71 60 17 12 17 73
19 51 26 24 17 77 61
64 8 15 49 16 49 34
17 12 17 63 71 37 62
58 21 69 35 73 39 60
74 69 76 34 23 15 76
49 16 49 32 73 34 58
66 55 49 45 2 22 59
76 33 69 78 71 60 39
16 48 23 41 30 18 18
50 52 15 44 54 30 15
50 52 15 76 33 69 57
74 69 76 79 66 17 59
14 7 20 28 51 72 68
66 55 49 14 7 20 56
18 32 13 76 33 69 56
67 8 3 7 19 59 57
24 17 77 69 52 37 53
12 19 75 34 23 15 60
27 47 62 43 19 22 48
75 16 47 44 54 30 41
80 51 18 44 54 30 12
60 1 53 18 32 13 50
3 30 75 60 1 53 36
17 12 17 59 31 25 20
28 51 72 26 6 25 65
0 4 37 19 51 26 48
63 71 37 74 69 76 39
44 54 30 45 2 22 52
77 8 7 4 50 10 42
50 52 15 52 0 64 71
10 33 44 46 23 68 26
18 32 13 22 18 0 19
54 13 59 45 2 22 38
61 59 16 32 73 34 22
3 30 75 58 21 69 10
57 16 38 61 59 16 48
36 35 35 80 51 18 23
30 64 69 44 54 30 40
45 2 22 26 6 25 5
80 51 18 11 28 13 23
13 4 32 34 23 15 25
24 17 77 4 50 10 74
11 28 13 74 69 76 75
79 66 17 0 4 37 65
66 55 49 35 73 39 20
6 3 42 53 23 60 26
57 16 38 50 52 15 42
47 63 9 48 33 38 41
73 8 58 67 8 3 55
6 3 42 31 34 54 33
32 73 34 41 30 18 45
78 71 60 16 48 23 43
28 51 72 8 6 65 45
30 64 69 29 32 49 37
36 35 35 5 36 40 5
74 69 76 12 19 75 50
21 2 51 68 70 57 68
38 51 68 23 17 48 39
49 16 49 11 28 13 37
57 16 38 29 32 49 19
70 6 40 38 51 68 53
28 51 72 44 54 30 42
79 66 17 56 44 25 23
46 23 68 71 54 39 42
58 21 69 70 6 40 32
2 77 63 80 51 18 51
21 2 51 61 59 16 66
59 31 25 6 3 42 32
50 52 15 11 28 13 24
67 8 3 1 71 25 66
68 70 57 42 34 9 60
77 8 7 1 71 25 65
29 32 49 55 12 57 21
50 52 15 10 33 44 34
7 19 59 23 17 48 11
71 54 39 43 19 22 38
7 19 59 3 30 75 19
78 71 60 64 8 15 77
57 16 38 31 34 54 24
27 47 62 31 34 54 15
66 55 49 37 30 39 26
6 3 42 50 52 15 55
33 59 68 14 7 20 70
20 60 79 62 7 25 75
58 21 69 44 54 30 51
50 52 15 15 24 29 31
32 73 34 50 52 15 28
57 16 38 70 6 40 10
60 1 53 78 71 60 70
34 23 15 0 4 37 29
17 12 17 6 3 42 26
2 77 63 5 36 40 47
48 33 38 63 71 37 38
29 32 49 58 21 69 22
56 44 25 42 34 9 18
38 51 68 3 30 75 22
28 51 72 12 19 75 32
65 71 49 50 52 15 38
67 8 3 30 64 69 86
17 12 17 75 16 47 30
1 71 25 79 66 17 9
27 47 62 13 4 32 52
32 73 34 13 4 32 69
52 0 64 31 34 54 35
37 30 39 6 3 42 27
36 35 35 73 8 58 35
21 2 51 4 50 10 63
47 63 9 27 47 62 55
51 32 13 0 4 37 36
9 8 59 2 77 63 69
47 63 9 36 35 35 38
12 19 75 4 50 10 72
13 4 32 77 8 7 25
33 59 68 1 71 25 44
11 28 13 6 3 42 38
20 60 79 23 17 48 53
17 12 17 60 1 53 37
9 8 59 14 7 20 39
66 55 49 24 17 77 47
63 71 37 49 16 49 56
3 30 75 53 23 60 16
59 31 25 12 19 75 51
3 30 75 26 6 25 55
56 44 25 57 16 38 30
20 60 79 17 12 17 78
77 8 7 8 6 65 58
72 44 27 13 4 32 40
39 58 8 35 73 39 34
5 36 40 59 31 25 15
54 13 59 10 33 44 25
58 21 69 42 34 9 61
32 73 34 71 54 39 19
29 32 49 21 2 51 30
9 8 59 56 44 25 49
48 33 38 5 36 40 3
7 19 59 14 7 20 40
63 71 37 29 32 49 40
10 33 44 26 6 25 33
70 6 40 69 52 37 46
48 33 38 1 71 25 40
14 7 20 38 51 68 65
16 48 23 76 33 69 48
45 2 22 36 35 35 35
0 4 37 65 71 49 68
23 17 48 16 48 23 39
58 21 69 5 36 40 32
35 73 39 5 36 40 37
54 13 59 72 44 27 44
7 19 59 36 35 35 28
28 51 72 41 30 18 57
80 51 18 31 34 54 39
8 6 65 12 19 75 16
68 70 57 8 6 65 64
74 69 76 39 58 8 68
38 51 68 62 7 25 61
73 8 58 31 34 54 26
20 60 79 24 17 77 43
53 23 60 48 33 38 24
32 73 34 21 2 51 73
11 28 13 5 36 40 28
1 71 25 29 32 49 45
30 64 69 23 17 48 51
75 16 47 31 34 54 19
8 6 65 18 32 13 58
42 34 9 26 6 25 32
67 8 3 33 59 68 82
37 30 39 21 2 51 30
14 7 20 1 71 25 64
5 36 40 56 44 25 17
0 4 37 69 52 37 48
61 59 16 6 3 42 61
68 70 57 23 17 48 53
37 30 39 38 51 68 35
41 30 18 71 54 39 31
62 7 25 35 73 39 67
26 6 25 16 48 23 42
51 32 13 34 23 15 9
38 51 68 54 13 59 39
33 59 68 7 19 59 41
70 6 40 55 12 57 18
45 2 22 19 51 26 49
34 23 15 1 71 25 49
28 51 72 23 17 48 41
70 6 40 77 8 7 33
17 12 17 62 7 25 9
8 6 65 34 23 15 52
39 58 8 38 51 68 60
38 51 68 52 0 64 51
26 6 25 64 8 15 10
13 4 32 38 51 68 59
18 32 13 52 0 64 60
67 8 3 3 30 75 75
33 59 68 73 8 58 51
20 60 79 56 44 25 56
24 17 77 43 19 22 55
63 71 37 73 8 58 66
67 8 3 69 52 37 55
64 8 15 58 21 69 55
24 17 77 6 3 42 37
76 33 69 34 23 15 54
60 1 53 56 44 25 51
11 28 13 44 54 30 31
60 1 53 76 33 69 35
19 51 26 61 59 16 12
64 8 15 48 33 38 33
74 69 76 36 35 35 53
57 16 38 79 66 17 54
58 21 69 7 19 59 10
23 17 48 14 7 20 29
11 28 13 8 6 65 56
66 55 49 50 52 15 34
39 58 8 51 32 13 26
4 50 10 39 58 8 8
3 30 75 79 66 17 68
50 52 15 30 64 69 55
23 17 48 41 30 18 32
37 30 39 23 17 48 15
73 8 58 38 51 68 44
68 70 57 50 52 15 45
69 52 37 14 7 20 48
1 71 25 65 71 49 24
54 13 59 71 54 39 45
47 63 9 29 32 49 50
61 59 16 12 19 75 71
25 76 57 26 6 25 76
4 50 10 75 16 47 50
24 17 77 57 16 38 39
42 34 9 32 73 34 46
6 3 42 35 73 39 70
32 73 34 55 12 57 65
29 32 49 37 30 39 10
13 4 32 0 4 37 5
4 50 10 45 2 22 49
33 59 68 26 6 25 68
45 2 22 48 33 38 34
35 73 39 42 34 9 49
7 19 59 12 19 75 16
46 23 68 17 12 17 52
62 7 25 11 28 13 24
32 73 34 80 51 18 27
27 47 62 80 51 18 44
49 16 49 15 24 29 21
7 19 59 16 48 23 46
40 47 4 17 12 17 37
10 33 44 47 63 9 46
58 21 69 21 2 51 26
48 33 38 65 71 49 39
39 58 8 37 30 39 41
77 8 7 39 58 8 50
13 4 32 36 35 35 31
38 51 68 61 59 16 52
70 6 40 32 73 34 67
27 47 62 21 2 51 46
7 19 59 43 19 22 37
54 13 59 67 8 3 56
38 51 68 74 69 76 19
33 59 68 2 77 63 18
25 76 57 35 73 39 18
39 58 8 66 55 49 41
76 33 69 51 32 13 56
69 52 37 48 33 38 19
68 70 57 80 51 18 43
60 1 53 16 48 23 55
24 17 77 32 73 34 70
57 16 38 47 63 9 55
53 23 60 73 8 58 15
4 50 10 3 30 75 68
43 19 22 68 70 57 61
54 13 59 39 58 8 68
5 36 40 25 76 57 43
47 63 9 39 58 8 5
11 28 13 33 59 68 63
24 17 77 22 18 0 77
16 48 23 3 30 75 55
8 6 65 56 44 25 55
27 47 62 45 2 22 60
43 19 22 72 44 27 25
32 73 34 75 16 47 58
3 30 75 80 51 18 60
13 4 32 74 69 76 78
38 51 68 27 47 62 7
26 6 25 76 33 69 51
74 69 76 67 8 3 95
19 51 26 18 32 13 23
14 7 20 24 17 77 57
61 59 16 35 73 39 26
30 64 69 4 50 10 60
0 4 37 75 16 47 15
43 19 22 58 21 69 47
31 34 54 64 8 15 46
32 73 34 5 36 40 37
37 30 39 58 21 69 31
27 47 62 37 30 39 28
30 64 69 34 23 15 67
19 51 26 43 19 22 32
58 21 69 41 30 18 51
10 33 44 1 71 25 42
74 69 76 41 30 18 69
60 1 53 77 8 7 46
69 52 37 23 17 48 36
29 32 49 10 33 44 5
60 1 53 48 33 38 35
49 16 49 59 31 25 28
13 4 32 63 71 37 67
9 8 59 30 64 69 56
46 23 68 51 32 13 55
56 44 25 30 64 69 48
58 21 69 77 8 7 63
74 69 76 5 36 40 48
2 77 63 66 55 49 26
26 6 25 67 8 3 22
6 3 42 32 73 34 70
67 8 3 2 77 63 91
9 8 59 28 51 72 44
60 1 53 12 19 75 28
4 50 10 44 54 30 20
61 59 16 52 0 64 76
47 63 9 68 70 57 48
22 18 0 65 71 49 72
78 71 60 75 16 47 56
42 34 9 48 33 38 29
80 51 18 56 44 25 9
19 51 26 50 52 15 11
68 70 57 22 18 0 77
71 54 39 80 51 18 21
64 8 15 40 47 4 40
33 59 68 72 44 27 43
16 48 23 13 4 32 44
26 6 25 12 19 75 51
78 71 60 65 71 49 11
54 13 59 25 76 57 63
2 77 63 72 44 27 48
45 2 22 58 21 69 50
7 19 59 69 52 37 39
77 8 7 69 52 37 53
14 7 20 27 47 62 58
32 73 34 9 8 59 69
78 71 60 43 19 22 64
19 51 26 77 8 7 47
76 33 69 15 24 29 41
3 30 75 46 23 68 9
74 69 76 37 30 39 53
36 35 35 28 51 72 40
39 58 8 59 31 25 31
71 54 39 8 6 65 54
32 73 34 65 71 49 15
73 8 58 10 33 44 28
17 12 17 43 19 22 8
62 7 25 9 8 59 34
20 60 79 29 32 49 41
4 50 10 72 44 27 18
47 63 9 28 51 72 64
49 16 49 0 4 37 16
2 77 63 78 71 60 6
69 52 37 52 0 64 58
80 51 18 28 51 72 54
79 66 17 40 47 4 23
31 34 54 7 19 59 15
2 77 63 58 21 69 56
9 8 59 55 12 57 4
67 8 3 0 4 37 34
58 21 69 72 44 27 47
67 8 3 39 58 8 50
66 55 49 65 71 49 16
77 8 7 38 51 68 74
38 51 68 26 6 25 62
17 12 17 39 58 8 46
41 30 18 13 4 32 29
75 16 47 24 17 77 30
16 48 23 64 8 15 40
66 55 49 29 32 49 23
46 23 68 1 71 25 64
31 34 54 60 1 53 33
28 51 72 54 13 59 40
27 47 62 61 59 16 47
9 8 59 63 71 37 66
54 13 59 44 54 30 50
57 16 38 46 23 68 30
45 2 22 41 30 18 28
23 17 48 22 18 0 48
35 73 39 40 47 4 43
66 55 49 55 12 57 43
32 73 34 16 48 23 27
68 70 57 37 30 39 43
24 17 77 0 4 37 42
16 48 23 54 13 59 50
24 17 77 53 23 60 18
51 32 13 45 2 22 31
47 63 9 0 4 37 65
21 2 51 72 44 27 48
52 0 64 59 31 25 49
16 48 23 50 52 15 8
74 69 76 7 19 59 52
20 60 79 73 8 58 56
79 66 17 53 23 60 60
41 30 18 19 51 26 22
20 60 79 25 76 57 27
9 8 59 65 71 49 63
51 32 13 14 7 20 25
34 23 15 72 44 27 24
18 32 13 53 23 60 47
43 19 22 26 6 25 13
80 51 18 40 47 4 14
3 30 75 20 60 79 30
49 16 49 22 18 0 49
21 2 51 10 33 44 31
69 52 37 45 2 22 52
55 12 57 0 4 37 21
12 19 75 44 54 30 57
5 36 40 17 12 17 33
15 24 29 80 51 18 29
56 44 25 38 51 68 43
60 1 53 11 28 13 48
15 24 29 68 70 57 53
69 52 37 78 71 60 29
54 13 59 62 7 25 34
29 32 49 68 70 57 38
73 8 58 78 71 60 63
29 32 49 62 7 25 34
78 71 60 24 17 77 56
63 71 37 59 31 25 41
32 73 34 10 33 44 41
45 2 22 9 8 59 37
77 8 7 73 8 58 51
44 54 30 3 30 75 51
17 12 17 52 0 64 48
25 76 57 63 71 37 20
40 47 4 18 32 13 17
36 35 35 75 16 47 22
0 4 37 40 47 4 54
62 7 25 63 71 37 65
30 64 69 35 73 39 31
53 23 60 54 13 59 10
46 23 68 14 7 20 50
72 44 27 66 55 49 24
34 23 15 78 71 60 65
62 7 25 53 23 60 38
2 77 63 34 23 15 72
3 30 75 73 8 58 27
61 59 16 24 17 77 74
73 8 58 64 8 15 43
8 6 65 4 50 10 70
62 7 25 4 50 10 45
27 47 62 68 70 57 23
57 16 38 58 21 69 31
74 69 76 24 17 77 52
31 34 54 32 73 34 43
2 77 63 73 8 58 69
23 17 48 33 59 68 46
36 35 35 4 50 10 29
48 33 38 57 16 38 17
68 70 57 2 77 63 9
25 76 57 65 71 49 9
2 77 63 19 51 26 45
10 33 44 44 54 30 25
52 0 64 2 77 63 77
10 33 44 60 1 53 33
18 32 13 67 8 3 26
23 17 48 21 2 51 15
60 1 53 30 64 69 65
31 34 54 59 31 25 29
79 66 17 43 19 22 47
45 2 22 67 8 3 19
0 4 37 12 19 75 40
2 77 63 56 44 25 50
0 4 37 3 30 75 46
42 34 9 49 16 49 43
59 31 25 14 7 20 24
46 23 68 28 51 72 28
31 34 54 67 8 3 57
55 12 57 22 18 0 57
25 76 57 53 23 60 53
74 69 76 69 52 37 42
23 17 48 24 17 77 29
24 17 77 56 44 25 58
12 19 75 75 16 47 28
31 34 54 63 71 37 40
3 30 75 2 77 63 48
71 54 39 58 21 69 44
43 19 22 20 60 79 70
21 2 51 16 48 23 53
78 71 60 11 28 13 63
14 7 20 49 16 49 30
33 59 68 56 44 25 45
48 33 38 38 51 68 34
17 12 17 3 30 75 60
49 16 49 2 77 63 62
68 70 57 51 32 13 58
39 58 8 40 47 4 11
5 36 40 75 16 47 21
44 54 30 21 2 51 56
77 8 7 30 64 69 83
14 7 20 16 48 23 41
36 35 35 58 21 69 36
28 51 72 59 31 25 51
51 32 13 64 8 15 24
0 4 37 56 44 25 41
43 19 22 12 19 75 53
1 71 25 63 71 37 12
75 16 47 47 63 9 60
20 60 79 35 73 39 42
41 30 18 9 8 59 46
0 4 37 60 1 53 16
20 60 79 50 52 15 64
46 23 68 69 52 37 42
41 30 18 0 4 37 32
25 76 57 60 1 53 75
35 73 39 78 71 60 21
44 54 30 29 32 49 29
28 51 72 49 16 49 41
14 7 20 37 30 39 29
46 23 68 52 0 64 23
21 2 51 54 13 59 13
33 59 68 40 47 4 65
5 36 40 73 8 58 33
19 51 26 14 7 20 44
21 2 51 59 31 25 38
42 34 9 30 64 69 67
29 32 49 73 8 58 25
65 71 49 38 51 68 27
10 33 44 66 55 49 22
15 24 29 39 58 8 39
63 71 37 45 2 22 70
37 30 39 77 8 7 38
75 16 47 52 0 64 23
27 47 62 32 73 34 38
49 16 49 1 71 25 60
26 6 25 57 16 38 16
51 32 13 56 44 25 16
60 1 53 55 12 57 11
29 32 49 28 51 72 29
30 64 69 46 23 68 41
37 30 39 22 18 0 40
44 54 30 25 76 57 34
33 59 68 22 18 0 79
20 60 79 55 12 57 52
15 24 29 33 59 68 52
12 19 75 39 58 8 77
48 33 38 0 4 37 29
27 47 62 54 13 59 34
20 60 79 40 47 4 76
57 16 38 0 4 37 12
0 4 37 29 32 49 30
31 34 54 48 33 38 16
28 51 72 38 51 68 4
79 66 17 67 8 3 59
12 19 75 68 70 57 54
26 6 25 31 34 54 40
55 12 57 45 2 22 36
2 77 63 42 34 9 69
29 32 49 32 73 34 43
14 7 20 13 4 32 12
33 59 68 20 60 79 11
69 52 37 15 24 29 29
29 32 49 67 8 3 51
21 2 51 2 77 63 75
4 50 10 74 69 76 68
78 71 60 20 60 79 21
45 2 22 75 16 47 28
67 8 3 71 54 39 58
15 24 29 57 16 38 12
68 70 57 30 64 69 13
62 7 25 25 76 57 76
57 16 38 1 71 25 56
48 33 38 16 48 23 21
35 73 39 21 2 51 72
17 12 17 32 73 34 63
36 35 35 31 34 54 19
16 48 23 56 44 25 4
8 6 65 31 34 54 30
29 32 49 41 30 18 31
48 33 38 3 30 75 37
37 30 39 71 54 39 24
0 4 37 53 23 60 29
65 71 49 6 3 42 68
39 58 8 53 23 60 62
69 52 37 1 71 25 22
41 30 18 42 34 9 9
61 59 16 59 31 25 29
12 19 75 10 33 44 34
53 23 60 14 7 20 43
9 8 59 70 6 40 19
55 12 57 2 77 63 65
41 30 18 7 19 59 42
49 16 49 34 23 15 34
70 6 40 56 44 25 40
4 50 10 27 47 62 52
26 6 25 4 50 10 46
62 7 25 8 6 65 40
52 0 64 42 34 9 64
57 16 38 32 73 34 57
70 6 40 79 66 17 64
31 34 54 4 50 10 46
12 19 75 64 8 15 61
11 28 13 58 21 69 56
28 51 72 31 34 54 24
33 59 68 51 32 13 61
9 8 59 3 30 75 27
58 21 69 31 34 54 19
51 32 13 38 51 68 58
70 6 40 35 73 39 67
72 44 27 51 32 13 18
31 34 54 68 70 57 36
70 6 40 34 23 15 30
16 48 23 33 59 68 46
71 54 39 40 47 4 35
39 58 8 56 44 25 22
0 4 37 4 50 10 53
19 51 26 11 28 13 26
14 7 20 62 7 25 5
60 1 53 2 77 63 76
12 19 75 70 6 40 37
43 19 22 39 58 8 41
60 1 53 27 47 62 46
6 3 42 20 60 79 67
68 70 57 25 76 57 6
39 58 8 60 1 53 72
22 18 0 1 71 25 58
75 16 47 15 24 29 19
27 47 62 19 51 26 36
38 51 68 31 34 54 22
68 70 57 18 32 13 58
46 23 68 24 17 77 10
28 51 72 4 50 10 62
62 7 25 49 16 49 25
22 18 0 40 47 4 29
50 52 15 13 4 32 50
75 16 47 22 18 0 47
22 18 0 43 19 22 22
30 64 69 36 35 35 44
51 32 13 65 71 49 53
23 17 48 17 12 17 31
46 23 68 25 76 57 54
73 8 58 55 12 57 4
26 6 25 23 17 48 25
35 73 39 45 2 22 73
21 2 51 45 2 22 29
72 44 27 23 17 48 34
8 6 65 64 8 15 50
78 71 60 50 52 15 48
35 73 39 14 7 20 68
38 51 68 36 35 35 36
5 36 40 49 16 49 21
3 30 75 39 58 8 72
0 4 37 45 2 22 15
43 19 22 4 50 10 33
39 58 8 79 66 17 12
77 8 7 9 8 59 52
68 70 57 38 51 68 21
66 55 49 8 6 65 51
43 19 22 29 32 49 29
31 34 54 18 32 13 41
32 73 34 52 0 64 78
2 77 63 64 8 15 84
56 44 25 52 0 64 58
70 6 40 36 35 35 29
77 8 7 36 35 35 38
29 32 49 16 48 23 30
65 71 49 67 8 3 78
72 44 27 3 30 75 50
19 51 26 10 33 44 25
51 32 13 60 1 53 50
35 73 39 15 24 29 50
34 23 15 40 47 4 26
23 17 48 51 32 13 38
76 33 69 46 23 68 10
53 23 60 42 34 9 52
41 30 18 3 30 75 57
16 48 23 20 60 79 57
16 48 23 38 51 68 45
35 73 39 57 16 38 57
3 30 75 25 76 57 49
19 51 26 34 23 15 30
24 17 77 48 33 38 42
28 51 72 22 18 0 79
50 52 15 46 23 68 60
24 17 77 16 48 23 62
28 51 72 32 73 34 43
76 33 69 72 44 27 43
50 52 15 39 58 8 9
22 18 0 76 33 69 70
31 34 54 69 52 37 24
62 7 25 43 19 22 12
67 8 3 8 6 65 62
25 76 57 32 73 34 23
11 28 13 38 51 68 59
14 7 20 18 32 13 25
65 71 49 14 7 20 70
8 6 65 43 19 22 44
77 8 7 14 7 20 13
30 64 69 48 33 38 43
74 69 76 14 7 20 83
64 8 15 46 23 68 55
16 48 23 17 12 17 36
19 51 26 74 69 76 53
45 2 22 18 32 13 31
16 48 23 57 16 38 35
68 70 57 61 59 16 42
74 69 76 47 63 9 67
63 71 37 61 59 16 24
77 8 7 56 44 25 40
67 8 3 50 52 15 45
25 76 57 75 16 47 60
66 55 49 6 3 42 52
29 32 49 52 0 64 35
28 51 72 2 77 63 27
44 54 30 15 24 29 30
9 8 59 10 33 44 29
39 58 8 2 77 63 58
32 73 34 18 32 13 46
76 33 69 38 51 68 18
50 52 15 63 71 37 29
37 30 39 0 4 37 26
48 33 38 11 28 13 25
73 8 58 59 31 25 40
8 6 65 33 59 68 53
54 13 59 50 52 15 58
36 35 35 48 33 38 3
32 73 34 34 23 15 53
56 44 25 45 2 22 42
41 30 18 73 8 58 45
9 8 59 33 59 68 51
8 6 65 69 52 37 53
5 36 40 57 16 38 20
55 12 57 46 23 68 15
53 23 60 35 73 39 54
9 8 59 57 16 38 22
41 30 18 47 63 9 34
43 19 22 35 73 39 56
76 33 69 10 33 44 25
7 19 59 28 51 72 34
21 2 51 33 59 68 59
45 2 22 28 51 72 70
51 32 13 73 8 58 51
36 35 35 37 30 39 6
77 8 7 24 17 77 70
49 16 49 9 8 59 12
14 7 20 57 16 38 20
61 59 16 36 35 35 30
10 33 44 70 6 40 27
52 0 64 64 8 15 49
43 19 22 28 51 72 59
10 33 44 61 59 16 38
72 44 27 16 48 23 5
1 71 25 47 63 9 17
45 2 22 39 58 8 57
44 54 30 70 6 40 49
22 18 0 52 0 64 66
8 6 65 17 12 17 48
52 0 64 68 70 57 70
52 0 64 78 71 60 71
52 0 64 54 13 59 13
42 34 9 17 12 17 23
37 30 39 44 54 30 25
65 71 49 64 8 15 71
3 30 75 64 8 15 63
58 21 69 40 47 4 70
12 19 75 73 8 58 20
62 7 25 75 16 47 23
6 3 42 8 6 65 23
60 1 53 26 6 25 28
40 47 4 61 59 16 16
4 50 10 76 33 69 61
24 17 77 51 32 13 65
67 8 3 12 19 75 72
16 48 23 65 71 49 34
73 8 58 1 71 25 71
46 23 68 66 55 49 37
35 73 39 48 33 38 40
54 13 59 77 8 7 52
67 8 3 25 76 57 86
23 17 48 53 23 60 13
62 7 25 61 59 16 52
52 0 64 79 66 17 81
34 23 15 48 33 38 25
59 31 25 19 51 26 20
37 30 39 19 51 26 24
15 24 29 18 32 13 17
78 71 60 39 58 8 53
21 2 51 9 8 59 10
23 17 48 70 6 40 13
19 51 26 16 48 23 4
57 16 38 80 51 18 40
26 6 25 56 44 25 38
72 44 27 50 52 15 14
79 66 17 38 51 68 53
25 76 57 55 12 57 64
37 30 39 35 73 39 43
63 71 37 28 51 72 40
36 35 35 41 30 18 17
59 31 25 54 13 59 38
55 12 57 10 33 44 24
55 12 57 17 12 17 40
52 0 64 53 23 60 23
71 54 39 24 17 77 53
24 17 77 2 77 63 61
79 66 17 54 13 59 67
80 51 18 76 33 69 54
48 33 38 79 66 17 39
39 58 8 29 32 49 48
55 12 57 76 33 69 24
5 36 40 10 33 44 5
33 59 68 5 36 40 36
69 52 37 71 54 39 2
3 30 75 30 64 69 34
65 71 49 7 19 59 52
43 19 22 33 59 68 60
65 71 49 68 70 57 8
6 3 42 42 34 9 45
37 30 39 69 52 37 22
77 8 7 44 54 30 51
8 6 65 79 66 17 76
9 8 59 31 34 54 26
43 19 22 48 33 38 21
56 44 25 11 28 13 20
76 33 69 11 28 13 56
9 8 59 54 13 59 5
39 58 8 41 30 18 29
21 2 51 69 52 37 51
28 51 72 37 30 39 39
70 6 40 37 30 39 24
35 73 39 29 32 49 42
13 4 32 15 24 29 20
13 4 32 62 7 25 7
31 34 54 1 71 25 47
1 71 25 75 16 47 59
7 19 59 59 31 25 36
43 19 22 15 24 29 8
8 6 65 76 33 69 27
31 34 54 72 44 27 28
70 6 40 61 59 16 58
79 66 17 5 36 40 37
7 19 59 15 24 29 30
41 30 18 33 59 68 57
9 8 59 6 3 42 17
49 16 49 29 32 49 16
46 23 68 80 51 18 57
51 32 13 5 36 40 27
40 47 4 11 28 13 21
34 23 15 53 23 60 45
19 51 26 68 70 57 36
41 30 18 62 7 25 24
20 60 79 21 2 51 64
58 21 69 26 6 25 46
37 30 39 53 23 60 22
65 71 49 26 6 25 69
5 36 40 44 54 30 20
38 51 68 60 1 53 52
6 3 42 34 23 15 33
16 48 23 40 47 4 19
52 0 64 55 12 57 13
80 51 18 75 16 47 45
65 71 49 33 59 68 22
0 4 37 26 6 25 12
32 73 34 38 51 68 40
19 51 26 66 55 49 23
40 47 4 38 51 68 64
13 4 32 52 0 64 32
19 51 26 3 30 75 53
71 54 39 36 35 35 19
30 64 69 16 48 23 48
75 16 47 54 13 59 12
1 71 25 32 73 34 9
7 19 59 48 33 38 25
12 19 75 48 33 38 39
10 33 44 74 69 76 48
58 21 69 32 73 34 62
71 54 39 56 44 25 17
9 8 59 24 17 77 20
70 6 40 24 17 77 38
23 17 48 54 13 59 11
24 17 77 68 70 57 56
38 51 68 53 23 60 29
69 52 37 49 16 49 37
68 70 57 4 50 10 51
60 1 53 53 23 60 23
19 51 26 6 3 42 50
78 71 60 74 69 76 16
41 30 18 49 16 49 34
47 63 9 64 8 15 55
47 63 9 38 51 68 60
56 44 25 63 71 37 29
11 28 13 45 2 22 27
23 17 48 11 28 13 36
53 23 60 16 48 23 44
15 24 29 79 66 17 43
53 23 60 44 54 30 43
2 77 63 71 54 39 33
60 1 53 19 51 26 56
30 64 69 37 30 39 45
78 71 60 59 31 25 53
76 33 69 42 34 9 60
8 6 65 15 24 29 40
80 51 18 48 33 38 26
4 50 10 54 13 59 61
32 73 34 36 35 35 38
62 7 25 19 51 26 44
15 24 29 47 63 9 43
35 73 39 77 8 7 72
4 50 10 53 23 60 56
61 59 16 60 1 53 68
28 51 72 77 8 7 77
17 12 17 4 50 10 38
2 77 63 41 30 18 65
50 52 15 14 7 20 45
15 24 29 63 71 37 47
1 71 25 55 12 57 67
73 8 58 15 24 29 33
19 51 26 65 71 49 30
65 71 49 70 6 40 65
61 59 16 16 48 23 13
37 30 39 52 0 64 39
46 23 68 39 58 8 69
63 71 37 67 8 3 71
21 2 51 52 0 64 13
37 30 39 59 31 25 14
46 23 68 2 77 63 54
30 64 69 12 19 75 45
39 58 8 11 28 13 30
10 33 44 4 50 10 38
64 8 15 15 24 29 21
78 71 60 14 7 20 75
6 3 42 28 51 72 56
54 13 59 56 44 25 46
55 12 57 7 19 59 7
58 21 69 10 33 44 27
27 47 62 49 16 49 33
37 30 39 60 1 53 32
27 47 62 33 59 68 13
28 51 72 1 71 25 51
47 63 9 18 32 13 31
4 50 10 73 8 58 63
42 34 9 47 63 9 29
78 71 60 45 2 22 78
65 71 49 55 12 57 59
44 54 30 61 59 16 14
23 17 48 19 51 26 40
10 33 44 65 71 49 38
23 17 48 32 73 34 57
69 52 37 51 32 13 31
70 6 40 39 58 8 61
56 44 25 23 17 48 35
61 59 16 74 69 76 60
67 8 3 58 21 69 67
18 32 13 36 35 35 22
11 28 13 37 30 39 26
17 12 17 45 2 22 11
72 44 27 14 7 20 37
61 59 16 49 16 49 54
27 47 62 64 8 15 61
25 76 57 58 21 69 56
53 23 60 56 44 25 40
73 8 58 0 4 37 21
62 7 25 58 21 69 46
70 6 40 19 51 26 47
16 48 23 39 58 8 18
52 0 64 9 8 59 9
8 6 65 1 71 25 76
33 59 68 0 4 37 63
36 35 35 54 13 59 32
31 34 54 12 19 75 25
26 6 25 69 52 37 47
42 34 9 73 8 58 55
2 77 63 70 6 40 74
5 36 40 23 17 48 20
16 48 23 1 71 25 23
56 44 25 58 21 69 49
55 12 57 36 35 35 31
24 17 77 28 51 72 34
5 36 40 14 7 20 35
48 33 38 66 55 49 24
53 23 60 13 4 32 33
5 36 40 47 63 9 41
17 12 17 73 8 58 41
15 24 29 23 17 48 20
8 6 65 3 30 75 26
9 8 59 27 47 62 39
41 30 18 24 17 77 60
40 47 4 78 71 60 60
8 6 65 72 44 27 53
21 2 51 73 8 58 9
33 59 68 36 35 35 40
27 47 62 8 6 65 41
14 7 20 42 34 9 29
7 19 59 68 70 57 51
47 63 9 65 71 49 40
6 3 42 30 64 69 66
60 1 53 13 4 32 21
31 34 54 3 30 75 21
21 2 51 56 44 25 49
40 47 4 23 17 48 53
23 17 48 59 31 25 26
31 34 54 40 47 4 51
7 19 59 27 47 62 28
70 6 40 60 1 53 13
75 16 47 66 55 49 39
37 30 39 26 6 25 27
41 30 18 56 44 25 15
52 0 64 0 4 37 27
33 59 68 69 52 37 31
21 2 51 34 23 15 41
76 33 69 49 16 49 26
29 32 49 12 19 75 29
43 19 22 9 8 59 38
71 54 39 70 6 40 48
43 19 22 50 52 15 33
27 47 62 3 30 75 21
59 31 25 46 23 68 43
47 63 9 24 17 77 82
1 71 25 35 73 39 14
21 2 51 28 51 72 53
33 59 68 66 55 49 19
56 44 25 47 63 9 24
18 32 13 33 59 68 61
14 7 20 80 51 18 44
77 8 7 64 8 15 8
46 23 68 11 28 13 55
8 6 65 40 47 4 73
70 6 40 72 44 27 40
25 76 57 45 2 22 81
80 51 18 6 3 42 53
14 7 20 10 33 44 35
65 71 49 24 17 77 60
26 6 25 27 47 62 55
8 6 65 22 18 0 66
0 4 37 71 54 39 50
78 71 60 27 47 62 24
42 34 9 75 16 47 42
45 2 22 40 47 4 48
73 8 58 19 51 26 53
24 17 77 29 32 49 31
51 32 13 80 51 18 19
59 31 25 20 60 79 61
58 21 69 79 66 17 68
39 58 8 10 33 44 43
23 17 48 63 71 37 55
17 12 17 79 66 17 54
19 51 26 32 73 34 23
65 71 49 77 8 7 75
71 54 39 51 32 13 34
4 50 10 58 21 69 65
0 4 37 43 19 22 21
33 59 68 30 64 69 5
17 12 17 67 8 3 14
17 12 17 2 77 63 79
1 71 25 39 58 8 21
16 48 23 67 8 3 44
0 4 37 5 36 40 32
62 7 25 74 69 76 80
77 8 7 46 23 68 62
55 12 57 77 8 7 50
78 71 60 13 4 32 72
71 54 39 3 30 75 43
53 23 60 29 32 49 14
38 51 68 66 55 49 19
59 31 25 40 47 4 26
79 66 17 31 34 54 48
2 77 63 51 32 13 67
36 35 35 43 19 22 20
30 64 69 64 8 15 77
52 0 64 19 51 26 63
52 0 64 3 30 75 31
5 36 40 61 59 16 33
35 73 39 59 31 25 44
70 6 40 43 19 22 22
59 31 25 36 35 35 10
56 44 25 25 76 57 45
24 17 77 12 19 75 2
17 12 17 70 6 40 23
17 12 17 24 17 77 60
43 19 22 56 44 25 25
17 12 17 41 30 18 18
63 71 37 32 73 34 3
60 1 53 4 50 10 65
37 30 39 2 77 63 52
34 23 15 35 73 39 55
66 55 49 17 12 17 53
54 13 59 57 16 38 21
76 33 69 64 8 15 59
47 63 9 44 54 30 22
60 1 53 8 6 65 13
24 17 77 1 71 25 74
25 76 57 59 31 25 55
10 33 44 27 47 62 22
31 34 54 25 76 57 42
3 30 75 40 47 4 73
74 69 76 3 30 75 39
46 23 68 19 51 26 50
4 50 10 29 32 49 42
20 60 79 36 35 35 50
30 64 69 63 71 37 32
74 69 76 44 54 30 48
73 8 58 14 7 20 38
5 36 40 15 24 29 16
54 13 59 15 24 29 31
61 59 16 37 30 39 37
69 52 37 41 30 18 29
71 54 39 4 50 10 29
72 44 27 57 16 38 30
22 18 0 10 33 44 46
58 21 69 78 71 60 50
26 6 25 29 32 49 35
28 51 72 10 33 44 33
74 69 76 27 47 62 26
5 36 40 60 1 53 37
42 34 9 38 51 68 61
26 6 25 61 59 16 53
67 8 3 76 33 69 70
36 35 35 44 54 30 19
23 17 48 80 51 18 45
2 77 63 47 63 9 55
1 71 25 12 19 75 72
22 18 0 70 6 40 41
18 32 13 7 19 59 47
29 32 49 14 7 20 38
16 48 23 11 28 13 22
27 47 62 77 8 7 67
71 54 39 31 34 54 25
64 8 15 72 44 27 37
15 24 29 59 31 25 8
25 76 57 69 52 37 31
75 16 47 27 47 62 34
36 35 35 15 24 29 12
15 24 29 61 59 16 37
30 64 69 70 6 40 64
18 32 13 28 51 72 61
50 52 15 47 63 9 12
80 51 18 29 32 49 36
36 35 35 65 71 49 38
14 7 20 45 2 22 5
28 51 72 57 16 38 48
63 71 37 43 19 22 54
8 6 65 59 31 25 47
79 66 17 42 34 9 32
28 51 72 74 69 76 18
67 8 3 10 33 44 48
46 23 68 0 4 37 36
21 2 51 62 7 25 26
48 33 38 74 69 76 52
0 4 37 1 71 25 68
45 2 22 72 44 27 42
22 18 0 53 23 60 60
5 36 40 22 18 0 43
68 70 57 76 33 69 38
49 16 49 45 2 22 30
52 0 64 57 16 38 30
78 71 60 54 13 59 58
80 51 18 69 52 37 19
75 16 47 76 33 69 27
68 70 57 78 71 60 3
67 8 3 34 23 15 19
43 19 22 45 2 22 17
64 8 15 9 8 59 44
55 12 57 63 71 37 62
47 63 9 59 31 25 35
2 77 63 6 3 42 76
21 2 51 63 71 37 70
4 50 10 38 51 68 58
54 13 59 76 33 69 22
75 16 47 67 8 3 44
53 23 60 9 8 59 15
39 58 8 76 33 69 65
31 34 54 41 30 18 36
78 71 60 26 6 25 73
40 47 4 76 33 69 66
22 18 0 69 52 37 50
8 6 65 48 33 38 38
43 19 22 41 30 18 11
3 30 75 15 24 29 46
50 52 15 60 1 53 63
63 71 37 72 44 27 28
65 71 49 76 33 69 42
24 17 77 38 51 68 35
58 21 69 28 51 72 30
27 47 62 17 12 17 57
10 33 44 64 8 15 38
16 48 23 6 3 42 48
12 19 75 47 63 9 79
61 59 16 76 33 69 59
6 3 42 10 33 44 30
52 0 64 72 44 27 57
42 34 9 1 71 25 40
45 2 22 1 71 25 69
28 51 72 19 51 26 46
20 60 79 66 55 49 30
6 3 42 64 8 15 27
74 69 76 64 8 15 86
32 73 34 47 63 9 26
78 71 60 19 51 26 39
50 52 15 77 8 7 44
69 52 37 60 1 53 53
11 28 13 59 31 25 12
15 24 29 52 0 64 42
56 44 25 32 73 34 30
4 50 10 67 8 3 42
80 51 18 62 7 25 44
42 34 9 50 52 15 18
3 30 75 1 71 25 64
54 13 59 35 73 39 63
75 16 47 72 44 27 34
75 16 47 50 52 15 48
25 76 57 78 71 60 5
1 71 25 70 6 40 66
11 28 13 77 8 7 20
68 70 57 48 33 38 41
25 76 57 10 33 44 44
50 52 15 23 17 48 48
52 0 64 23 17 48 23
39 58 8 24 17 77 80
53 23 60 61 59 16 56
64 8 15 39 58 8 50
18 32 13 48 33 38 25
2 77 63 38 51 68 26
61 59 16 29 32 49 42
66 55 49 51 32 13 42
33 59 68 63 71 37 33
52 0 64 80 51 18 68
38 51 68 0 4 37 56
63 71 37 68 70 57 20
69 52 37 58 21 69 44
40 47 4 15 24 29 33
11 28 13 67 8 3 22
17 12 17 28 51 72 67
51 32 13 16 48 23 18
5 36 40 69 52 37 16
20 60 79 63 71 37 43
72 44 27 41 30 18 16
32 73 34 68 70 57 23
41 30 18 66 55 49 39
19 51 26 79 66 17 17
23 17 48 3 30 75 29
59 31 25 18 32 13 12
75 16 47 33 59 68 47
2 77 63 13 4 32 79
3 30 75 50 52 15 63
29 32 49 71 54 39 24
34 23 15 25 76 57 67
54 13 59 73 8 58 5
5 36 40 63 71 37 35
21 2 51 38 51 68 51
5 36 40 20 60 79 45
58 21 69 39 58 8 71
16 48 23 79 66 17 18
19 51 26 47 63 9 20
61 59 16 64 8 15 51
13 4 32 17 12 17 17
42 34 9 22 18 0 18
74 69 76 2 77 63 15
17 12 17 56 44 25 32
45 2 22 59 31 25 29
6 3 42 51 32 13 41
21 2 51 49 16 49 14
72 44 27 17 12 17 33
0 4 37 16 48 23 46
55 12 57 38 51 68 40
20 60 79 60 1 53 64
8 6 65 74 69 76 63
39 58 8 48 33 38 39
21 2 51 71 54 39 53
19 51 26 44 54 30 5
44 54 30 72 44 27 10
27 47 62 73 8 58 39
46 23 68 35 73 39 57
37 30 39 12 19 75 37
6 3 42 77 8 7 35
60 1 53 22 18 0 55
53 23 60 57 16 38 23
29 32 49 45 2 22 40
60 1 53 1 71 25 75
55 12 57 44 54 30 49
59 31 25 70 6 40 29
11 28 13 18 32 13 4
43 19 22 40 47 4 33
67 8 3 70 6 40 37
35 73 39 52 0 64 77
19 51 26 76 33 69 46
80 51 18 78 71 60 46
60 1 53 28 51 72 53
58 21 69 22 18 0 69
7 19 59 47 63 9 66
27 47 62 0 4 37 49
42 34 9 13 4 32 37
22 18 0 57 16 38 38
23 17 48 12 19 75 27
30 64 69 28 51 72 13
66 55 49 16 48 23 26
66 55 49 36 35 35 24
16 48 23 34 23 15 26
46 23 68 67 8 3 66
18 32 13 4 50 10 18
65 71 49 30 64 69 21
40 47 4 51 32 13 17
24 17 77 13 4 32 46
74 69 76 76 33 69 36
6 3 42 58 21 69 32
61 59 16 14 7 20 52
56 44 25 31 34 54 30
10 33 44 24 17 77 36
50 52 15 49 16 49 49
29 32 49 3 30 75 26
40 47 4 70 6 40 54
33 59 68 25 76 57 20
45 2 22 77 8 7 16
43 19 22 65 71 49 58
36 35 35 49 16 49 23
74 69 76 17 12 17 82
11 28 13 10 33 44 31
43 19 22 52 0 64 46
79 66 17 14 7 20 59
47 63 9 67 8 3 55
56 44 25 15 24 29 20
19 51 26 51 32 13 23
59 31 25 26 6 25 25
25 76 57 15 24 29 59
46 23 68 54 13 59 13
56 44 25 13 4 32 40
43 19 22 80 51 18 32
79 66 17 65 71 49 32
76 33 69 23 17 48 26
44 54 30 6 3 42 52
0 4 37 44 54 30 50
70 6 40 3 30 75 42
18 32 13 6 3 42 41
4 50 10 6 3 42 56
39 58 8 31 34 54 51
34 23 15 62 7 25 18
73 8 58 18 32 13 51
64 8 15 22 18 0 18
14 7 20 11 28 13 22
13 4 32 51 32 13 33
27 47 62 76 33 69 15
57 16 38 17 12 17 21
7 19 59 22 18 0 59
19 51 26 35 73 39 25
20 60 79 4 50 10 69
6 3 42 14 7 20 22
47 63 9 23 17 48 60
63 71 37 38 51 68 36
62 7 25 77 8 7 18
6 3 42 73 8 58 16
17 12 17 34 23 15 11
53 23 60 20 60 79 41
76 33 69 79 66 17 61
50 52 15 38 51 68 53
79 66 17 55 12 57 67
51 32 13 30 64 69 64
78 71 60 5 36 40 40
47 63 9 73 8 58 73
13 4 32 73 8 58 26
50 52 15 7 19 59 55
59 31 25 74 69 76 63
32 73 34 64 8 15 67
49 16 49 40 47 4 54
52 0 64 49 16 49 21
36 35 35 35 73 39 38
34 23 15 15 24 29 14
46 23 68 61 59 16 63
59 31 25 76 33 69 44
18 32 13 71 54 39 34
32 73 34 8 6 65 73
70 6 40 31 34 54 31
62 7 25 69 52 37 46
21 2 51 18 32 13 48
44 54 30 49 16 49 42
46 23 68 49 16 49 20
7 19 59 56 44 25 42
31 34 54 22 18 0 56
37 30 39 17 12 17 28
8 6 65 52 0 64 6
28 51 72 0 4 37 58
42 34 9 57 16 38 34
60 1 53 34 23 15 43
73 8 58 32 73 34 69
66 55 49 15 24 29 36
44 54 30 27 47 62 32
30 64 69 75 16 47 52
77 8 7 18 32 13 24
13 4 32 22 18 0 34
58 21 69 61 59 16 65
9 8 59 61 59 16 66
40 47 4 2 77 63 66
18 32 13 29 32 49 36
15 24 29 74 69 76 65
48 33 38 71 54 39 21
33 59 68 52 0 64 59
30 64 69 24 17 77 47
51 32 13 79 66 17 34
28 51 72 53 23 60 30
15 24 29 12 19 75 46
66 55 49 40 47 4 45
19 51 26 38 51 68 42
19 51 26 5 36 40 20
52 0 64 14 7 20 44
40 47 4 75 16 47 53
64 8 15 60 1 53 38
76 33 69 1 71 25 58
79 66 17 4 50 10 17
5 36 40 80 51 18 26
50 52 15 48 33 38 29
10 33 44 56 44 25 21
57 16 38 73 8 58 21
45 2 22 20 60 79 81
31 34 54 23 17 48 18
51 32 13 35 73 39 48
52 0 64 66 55 49 57
53 23 60 36 35 35 27
76 33 69 57 16 38 35
68 70 57 33 59 68 15
18 32 13 12 19 75 63
1 71 25 41 30 18 41
34 23 15 10 33 44 30
11 28 13 21 2 51 46
28 51 72 55 12 57 41
48 33 38 21 2 51 33
49 16 49 19 51 26 41
77 8 7 53 23 60 55
0 4 37 17 12 17 21
12 19 75 49 16 49 26
53 23 60 80 51 18 50
22 18 0 14 7 20 22
70 6 40 75 16 47 12
12 19 75 58 21 69 6
21 2 51 66 55 49 53
58 21 69 24 17 77 8
48 33 38 55 12 57 28
52 0 64 39 58 8 80
9 8 59 38 51 68 43
53 23 60 67 8 3 58
30 64 69 54 13 59 51
40 47 4 6 3 42 58
68 70 57 64 8 15 74
12 19 75 19 51 26 58
23 17 48 6 3 42 15
71 54 39 78 71 60 27
62 7 25 37 30 39 26
64 8 15 71 54 39 51
20 60 79 31 34 54 36
26 6 25 63 71 37 66
18 32 13 26 6 25 28
39 58 8 63 71 37 31
66 55 49 49 16 49 39
22 18 0 66 55 49 61
43 19 22 53 23 60 38
75 16 47 23 17 48 1
71 54 39 72 44 27 15
68 70 57 1 71 25 32
55 12 57 39 58 8 67
15 24 29 32 73 34 49
15 24 29 62 7 25 17
63 71 37 37 30 39 41
80 51 18 33 59 68 50
80 51 18 64 8 15 43
47 63 9 21 2 51 74
29 32 49 56 44 25 26
50 52 15 33 59 68 53
30 64 69 20 60 79 10
37 30 39 55 12 57 25
67 8 3 32 73 34 72
73 8 58 25 76 57 68
25 76 57 66 55 49 22
25 76 57 40 47 4 60
70 6 40 45 2 22 18
30 64 69 55 12 57 53
25 76 57 19 51 26 39
15 24 29 41 30 18 12
71 54 39 17 12 17 47
45 2 22 5 36 40 38
60 1 53 29 32 49 31
1 71 25 15 24 29 47
59 31 25 80 51 18 21
61 59 16 17 12 17 47
76 33 69 58 21 69 12
34 23 15 26 6 25 19
13 4 32 25 76 57 76
30 64 69 32 73 34 36
41 30 18 11 28 13 5
47 63 9 25 76 57 49
29 32 49 69 52 37 23
6 3 42 68 70 57 68
73 8 58 45 2 22 36
6 3 42 29 32 49 29
20 60 79 2 77 63 23
72 44 27 27 47 62 35
37 30 39 7 19 59 22
58 21 69 33 59 68 38
69 52 37 47 63 9 30
45 2 22 47 63 9 62
56 44 25 68 70 57 41
9 8 59 12 19 75 19
46 23 68 75 16 47 22
75 16 47 29 32 49 16
20 60 79 46 23 68 38
41 30 18 61 59 16 29
66 55 49 56 44 25 26
72 44 27 9 8 59 48
8 6 65 26 6 25 40
6 3 42 0 4 37 5
1 71 25 25 76 57 32
5 36 40 13 4 32 32
20 60 79 38 51 68 14
43 19 22 59 31 25 12
37 30 39 5 36 40 6
29 32 49 22 18 0 50
0 4 37 61 59 16 58
51 32 13 70 6 40 37
17 12 17 50 52 15 40
67 8 3 5 36 40 46
0 4 37 36 35 35 31
49 16 49 18 32 13 39
9 8 59 8 6 65 6
26 6 25 24 17 77 53
45 2 22 64 8 15 9
78 71 60 36 35 35 43
25 76 57 6 3 42 74
37 30 39 33 59 68 41
32 73 34 33 59 68 36
62 7 25 56 44 25 37
42 34 9 67 8 3 26
18 32 13 70 6 40 37
36 35 35 11 28 13 23
76 33 69 32 73 34 53
59 31 25 64 8 15 25
75 16 47 79 66 17 58
71 54 39 15 24 29 31
10 33 44 36 35 35 9
18 32 13 62 7 25 27
67 8 3 15 24 29 30
13 4 32 12 19 75 45
44 54 30 1 71 25 17
24 17 77 60 1 53 28
15 24 29 0 4 37 21
12 19 75 42 34 9 67
0 4 37 54 13 59 23
73 8 58 75 16 47 13
65 71 49 72 44 27 34
40 47 4 67 8 3 39
4 50 10 51 32 13 18
30 64 69 14 7 20 75
56 44 25 50 52 15 12
47 63 9 11 28 13 35
66 55 49 3 30 75 36
65 71 49 23 17 48 54
51 32 13 8 6 65 58
30 64 69 78 71 60 11
44 54 30 43 19 22 35
15 24 29 22 18 0 29
80 51 18 10 33 44 31
39 58 8 23 17 48 57
77 8 7 33 59 68 79
51 32 13 43 19 22 15
53 23 60 32 73 34 56
50 52 15 1 71 25 21
60 1 53 49 16 49 15
59 31 25 66 55 49 33
27 47 62 56 44 25 37
69 52 37 16 48 23 14
36 35 35 64 8 15 33
45 2 22 79 66 17 64
74 69 76 73 8 58 63
20 60 79 80 51 18 61
21 2 51 26 6 25 26
72 44 27 15 24 29 20
75 16 47 7 19 59 12
10 33 44 78 71 60 41
28 51 72 52 0 64 51
32 73 34 69 52 37 21
4 50 10 16 48 23 13
13 4 32 57 16 38 13
38 51 68 12 19 75 32
42 34 9 0 4 37 41
60 1 53 47 63 9 76
59 31 25 27 47 62 40
25 76 57 80 51 18 46
60 1 53 66 55 49 54
13 4 32 80 51 18 49
53 23 60 75 16 47 14
1 71 25 7 19 59 62
18 32 13 1 71 25 40
37 30 39 25 76 57 49
13 4 32 30 64 69 70
33 59 68 54 13 59 46
29 32 49 23 17 48 15
49 16 49 13 4 32 20
29 32 49 17 12 17 37
76 33 69 2 77 63 44
11 28 13 63 71 37 49
19 51 26 75 16 47 40
28 51 72 34 23 15 63
29 32 49 15 24 29 21
53 23 60 21 2 51 22
5 36 40 34 23 15 28
71 54 39 22 18 0 53
29 32 49 36 35 35 14
77 8 7 41 30 18 24
60 1 53 67 8 3 50
37 30 39 20 60 79 50
10 33 44 16 48 23 25
77 8 7 75 16 47 40
17 12 17 22 18 0 18
25 76 57 64 8 15 79
77 8 7 79 66 17 58
42 34 9 4 50 10 16
63 71 37 51 32 13 45
0 4 37 23 17 48 17
69 52 37 10 33 44 20
34 23 15 77 8 7 17
46 23 68 43 19 22 46
13 4 32 44 54 30 50
47 63 9 30 64 69 60
32 73 34 74 69 76 42
45 2 22 23 17 48 30
54 13 59 19 51 26 50
47 63 9 16 48 23 20
38 51 68 71 54 39 29
70 6 40 25 76 57 72
47 63 9 76 33 69 67
76 33 69 20 60 79 28
12 19 75 21 2 51 29
75 16 47 49 16 49 2
46 23 68 79 66 17 66
42 34 9 40 47 4 13
17 12 17 35 73 39 64
11 28 13 13 4 32 30
27 47 62 63 71 37 34
11 28 13 22 18 0 16
72 44 27 60 1 53 50
55 12 57 80 51 18 55
77 8 7 26 6 25 18
51 32 13 1 71 25 40
63 71 37 76 33 69 49
41 30 18 75 16 47 32
19 51 26 8 6 65 59
58 21 69 75 16 47 22
5 36 40 68 70 57 38
0 4 37 74 69 76 75
29 32 49 74 69 76 45
24 17 77 36 35 35 45
1 71 25 61 59 16 15
54 13 59 58 21 69 12
46 23 68 44 54 30 49
75 16 47 63 71 37 55
75 16 47 38 51 68 40
22 18 0 12 19 75 75
33 59 68 12 19 75 40
43 19 22 21 2 51 33
61 59 16 75 16 47 53
58 21 69 80 51 18 59
44 54 30 69 52 37 7
55 12 57 12 19 75 19
27 47 62 20 60 79 21
46 23 68 63 71 37 57
14 7 20 26 6 25 5
37 30 39 45 2 22 32
6 3 42 63 71 37 68
20 60 79 68 70 57 24
67 8 3 20 60 79 92
56 44 25 34 23 15 23
4 50 10 2 77 63 59
68 70 57 10 33 44 39
36 35 35 40 47 4 33
19 51 26 29 32 49 29
76 33 69 44 54 30 44
36 35 35 16 48 23 17
26 6 25 13 4 32 7
35 73 39 3 30 75 56
46 23 68 68 70 57 48
69 52 37 34 23 15 36
26 6 25 44 54 30 48
10 33 44 3 30 75 31
23 17 48 66 55 49 38
65 71 49 49 16 49 55
7 19 59 63 71 37 56
76 33 69 6 3 42 40
33 59 68 31 34 54 28
41 30 18 55 12 57 42
4 50 10 48 33 38 32
77 8 7 80 51 18 44
68 70 57 16 48 23 40
75 16 47 60 1 53 16
57 16 38 20 60 79 60
33 59 68 24 17 77 42
22 18 0 25 76 57 81
41 30 18 25 76 57 60
23 17 48 62 7 25 25
20 60 79 39 58 8 71
23 17 48 25 76 57 59
46 23 68 22 18 0 68
69 52 37 17 12 17 44
13 4 32 7 19 59 30
18 32 13 63 71 37 45
22 18 0 6 3 42 44
40 47 4 9 8 59 67
45 2 22 76 33 69 56
71 54 39 27 47 62 24
43 19 22 23 17 48 26
60 1 53 73 8 58 8
62 7 25 0 4 37 12
13 4 32 46 23 68 40
26 6 25 41 30 18 25
15 24 29 70 6 40 21
4 50 10 66 55 49 39
37 30 39 4 50 10 35
60 1 53 15 24 29 33
33 59 68 78 71 60 14
79 66 17 13 4 32 63
1 71 25 27 47 62 44
37 30 39 24 17 77 40
73 8 58 68 70 57 62
12 19 75 5 36 40 38
64 8 15 43 19 22 13
41 30 18 20 60 79 67
45 2 22 22 18 0 27
65 71 49 13 4 32 69
49 16 49 26 6 25 26
50 52 15 80 51 18 3
31 34 54 53 23 60 12
69 52 37 66 55 49 12
13 4 32 54 13 59 28
67 8 3 19 51 26 48
78 71 60 55 12 57 59
4 50 10 56 44 25 16
53 23 60 66 55 49 33
7 19 59 72 44 27 40
80 51 18 16 48 23 5
51 32 13 12 19 75 63
60 1 53 62 7 25 28
11 28 13 71 54 39 36
44 54 30 65 71 49 25
31 34 54 14 7 20 43
47 63 9 53 23 60 64
70 6 40 47 63 9 64
14 7 20 34 23 15 16
78 71 60 53 23 60 48
2 77 63 54 13 59 64
66 55 49 43 19 22 45
68 70 57 79 66 17 40
74 69 76 71 54 39 39
47 63 9 37 30 39 44
11 28 13 7 19 59 46
11 28 13 15 24 29 16
46 23 68 9 8 59 17
6 3 42 72 44 27 43
5 36 40 72 44 27 15
7 19 59 66 55 49 37
66 55 49 73 8 58 47
7 19 59 78 71 60 52
71 54 39 49 16 49 39
50 52 15 73 8 58 61
42 34 9 31 34 54 45
78 71 60 62 7 25 72
3 30 75 61 59 16 65
70 6 40 46 23 68 32
42 34 9 59 31 25 16
38 51 68 80 51 18 50
72 44 27 68 70 57 39
24 17 77 73 8 58 21
40 47 4 46 23 68 68
49 16 49 80 51 18 46
58 21 69 17 12 17 52
74 69 76 45 2 22 86
57 16 38 39 58 8 51
18 32 13 16 48 23 18
64 8 15 11 28 13 20
1 71 25 5 36 40 38
50 52 15 64 8 15 44
20 60 79 44 54 30 49
75 16 47 74 69 76 60
49 16 49 74 69 76 59
48 33 38 32 73 34 40
27 47 62 62 7 25 54
60 1 53 41 30 18 45
4 50 10 11 28 13 22
23 17 48 42 34 9 42
68 70 57 13 4 32 70
22 18 0 38 51 68 75
43 19 22 2 77 63 71
65 71 49 54 13 59 58
79 66 17 2 77 63 47
47 63 9 80 51 18 15
8 6 65 44 54 30 59
74 69 76 26 6 25 81
80 51 18 26 6 25 45
19 51 26 13 4 32 47
42 34 9 16 48 23 19
65 71 49 63 71 37 12
9 8 59 75 16 47 14
46 23 68 72 44 27 46
16 48 23 70 6 40 45
69 52 37 73 8 58 48
51 32 13 52 0 64 60
55 12 57 69 52 37 44
17 12 17 80 51 18 39
65 71 49 18 32 13 53
78 71 60 42 34 9 63
25 76 57 0 4 37 74
52 0 64 26 6 25 39
64 8 15 5 36 40 37
0 4 37 72 44 27 41
43 19 22 77 8 7 18
59 31 25 50 52 15 23
37 30 39 46 23 68 29
6 3 42 39 58 8 64
23 17 48 2 77 63 61
7 19 59 42 34 9 52
21 2 51 8 6 65 14
60 1 53 32 73 34 74
49 16 49 77 8 7 42
60 1 53 74 69 76 71
11 28 13 70 6 40 34
1 71 25 2 77 63 38
53 23 60 30 64 69 41
49 16 49 70 6 40 13
9 8 59 34 23 15 46
19 51 26 31 34 54 32
27 47 62 18 32 13 51
29 32 49 38 51 68 26
52 0 64 60 1 53 11
63 71 37 42 34 9 46
32 73 34 0 4 37 69
32 73 34 77 8 7 70
39 58 8 0 4 37 61
24 17 77 18 32 13 65
69 52 37 30 64 69 34
18 32 13 58 21 69 57
45 2 22 16 48 23 46
22 18 0 41 30 18 21
43 19 22 54 13 59 37
64 8 15 13 4 32 17
52 0 64 10 33 44 38
15 24 29 55 12 57 30
69 52 37 4 50 10 27
30 64 69 62 7 25 72
12 19 75 14 7 20 56
22 18 0 35 73 39 67
6 3 42 46 23 68 32
43 19 22 3 30 75 54
50 52 15 40 47 4 12
5 36 40 16 48 23 20
67 8 3 78 71 60 84
33 59 68 3 30 75 29
58 21 69 38 51 68 30
61 59 16 8 6 65 72
18 32 13 56 44 25 16
42 34 9 43 19 22 19
39 58 8 14 7 20 52
24 17 77 21 2 51 30
1 71 25 20 60 79 55
22 18 0 77 8 7 12
47 63 9 35 73 39 31
20 60 79 52 0 64 61
36 35 35 52 0 64 45
39 58 8 44 54 30 22
18 32 13 42 34 9 4
21 2 51 3 30 75 36
23 17 48 36 35 35 22
61 59 16 18 32 13 27
3 30 75 55 12 57 25
39 58 8 34 23 15 35
39 58 8 5 36 40 38
7 19 59 38 51 68 33
26 6 25 40 47 4 46
64 8 15 63 71 37 66
30 64 69 22 18 0 82
44 54 30 71 54 39 9
61 59 16 78 71 60 45
56 44 25 75 16 47 35
23 17 48 79 66 17 57
17 12 17 33 59 68 69
76 33 69 12 19 75 15
74 69 76 35 73 39 37
6 3 42 45 2 22 20
47 63 9 14 7 20 57
30 64 69 66 55 49 21
23 17 48 57 16 38 10
3 30 75 47 63 9 73
52 0 64 62 7 25 39
28 51 72 3 30 75 21
74 69 76 57 16 38 65
47 63 9 62 7 25 58
26 6 25 35 73 39 68
72 44 27 1 71 25 27
48 33 38 9 8 59 32
56 44 25 19 51 26 7
58 21 69 60 1 53 25
20 60 79 49 16 49 53
3 30 75 18 32 13 62
14 7 20 68 70 57 73
45 2 22 65 71 49 74
55 12 57 34 23 15 43
64 8 15 42 34 9 26
26 6 25 6 3 42 17
43 19 22 13 4 32 18
45 2 22 80 51 18 49
75 16 47 3 30 75 31
40 47 4 57 16 38 46
39 58 8 21 2 51 70
20 60 79 77 8 7 88
37 30 39 80 51 18 29
73 8 58 79 66 17 71
54 13 59 41 30 18 44
32 73 34 37 30 39 43
56 44 25 40 47 4 21
61 59 16 42 34 9 25
20 60 79 12 19 75 41
2 77 63 75 16 47 63
35 73 39 0 4 37 69
71 54 39 28 51 72 33
58 21 69 74 69 76 48
28 51 72 16 48 23 49
5 36 40 9 8 59 33
4 50 10 25 76 57 53
33 59 68 62 7 25 67
19 51 26 17 12 17 40
51 32 13 22 18 0 19
34 23 15 27 47 62 52
35 73 39 60 1 53 73
4 50 10 34 23 15 27
20 60 79 10 33 44 44
66 55 49 54 13 59 43
51 32 13 53 23 60 47
13 4 32 67 8 3 29
9 8 59 29 32 49 26
35 73 39 27 47 62 34
56 44 25 72 44 27 2
3 30 75 57 16 38 39
46 23 68 18 32 13 55
69 52 37 40 47 4 33
13 4 32 21 2 51 19
20 60 79 34 23 15 73
62 7 25 70 6 40 15
29 32 49 40 47 4 47
23 17 48 8 6 65 20
46 23 68 65 71 49 51
24 17 77 34 23 15 62
44 54 30 78 71 60 34
2 77 63 26 6 25 80
68 70 57 58 21 69 50
55 12 57 35 73 39 63
53 23 60 74 69 76 48
59 31 25 53 23 60 35
32 73 34 54 13 59 65
53 23 60 12 19 75 15
54 13 59 31 34 54 21
49 16 49 16 48 23 41
58 21 69 65 71 49 53
69 52 37 42 34 9 33
0 4 37 14 7 20 17
3 30 75 63 71 37 55
0 4 37 50 52 15 52
79 66 17 64 8 15 58
52 0 64 5 36 40 43
32 73 34 45 2 22 72
74 69 76 52 0 64 70
77 8 7 76 33 69 66
26 6 25 51 32 13 28
45 2 22 3 30 75 59
32 73 34 62 7 25 66
13 4 32 35 73 39 69
78 71 60 21 2 51 69
71 54 39 57 16 38 38
35 73 39 63 71 37 2
20 60 79 48 33 38 49
64 8 15 56 44 25 37
22 18 0 78 71 60 80
76 33 69 71 54 39 36
18 32 13 55 12 57 48
14 7 20 75 16 47 28
20 60 79 75 16 47 54
32 73 34 22 18 0 64
21 2 51 64 8 15 36
52 0 64 7 19 59 19
57 16 38 66 55 49 40
9 8 59 22 18 0 59
50 52 15 27 47 62 47
15 24 29 78 71 60 56
34 23 15 11 28 13 5
64 8 15 66 55 49 58
24 17 77 59 31 25 53
9 8 59 23 17 48 14
13 4 32 28 51 72 61
72 44 27 37 30 39 18
65 71 49 57 16 38 56
17 12 17 38 51 68 64
57 16 38 59 31 25 19
17 12 17 76 33 69 56
54 13 59 7 19 59 6
44 54 30 51 32 13 27
5 36 40 43 19 22 24
28 51 72 39 58 8 64
51 32 13 11 28 13 4
63 71 37 70 6 40 65
21 2 51 60 1 53 2
76 33 69 43 19 22 49
42 34 9 71 54 39 36
43 19 22 10 33 44 26
27 47 62 67 8 3 70
21 2 51 41 30 18 43
79 66 17 37 30 39 42
30 64 69 31 34 54 33
58 21 69 14 7 20 50
51 32 13 9 8 59 51
63 71 37 14 7 20 66
33 59 68 64 8 15 73
61 59 16 23 17 48 52
19 51 26 57 16 38 37
49 16 49 67 8 3 46
62 7 25 76 33 69 51
58 21 69 51 32 13 57
13 4 32 6 3 42 10
17 12 17 54 13 59 42
3 30 75 54 13 59 23
9 8 59 7 19 59 11
31 34 54 13 4 32 37
0 4 37 30 64 69 68
9 8 59 76 33 69 26
79 66 17 25 76 57 41
62 7 25 3 30 75 55
35 73 39 75 16 47 57
61 59 16 2 77 63 50
5 36 40 6 3 42 33
35 73 39 38 51 68 36
56 44 25 46 23 68 47
56 44 25 48 33 38 17
79 66 17 7 19 59 63
0 4 37 76 33 69 43
12 19 75 27 47 62 30
51 32 13 15 24 29 17
29 32 49 34 23 15 35
39 58 8 22 18 0 40
29 32 49 46 23 68 21
73 8 58 72 44 27 47
17 12 17 36 35 35 29
7 19 59 8 6 65 14
47 63 9 6 3 42 68
13 4 32 55 12 57 26
1 71 25 30 64 69 44
49 16 49 25 76 57 60
73 8 58 52 0 64 10
25 76 57 36 35 35 46
0 4 37 11 28 13 33
59 31 25 71 54 39 26
3 30 75 65 71 49 48
61 59 16 54 13 59 62
63 71 37 22 18 0 64
45 2 22 31 34 54 45
70 6 40 29 32 49 27
37 30 39 13 4 32 26
65 71 49 20 60 79 31
69 52 37 12 19 75 50
24 17 77 55 12 57 20
48 33 38 49 16 49 20
8 6 65 14 7 20 45
25 76 57 8 6 65 70
62 7 25 39 58 8 53
31 34 54 24 17 77 28
69 52 37 3 30 75 43
55 12 57 42 34 9 52
68 70 57 45 2 22 76
77 8 7 47 63 9 55
26 6 25 47 63 9 59
40 47 4 47 63 9 16
42 34 9 25 76 57 63
80 51 18 22 18 0 37
32 73 34 59 31 25 42
18 32 13 5 36 40 27
68 70 57 9 8 59 62
15 24 29 24 17 77 48
35 73 39 64 8 15 69
20 60 79 51 32 13 71
71 54 39 5 36 40 18
4 50 10 47 63 9 13
41 30 18 5 36 40 22
18 32 13 72 44 27 18
62 7 25 51 32 13 27
39 58 8 68 70 57 50
2 77 63 0 4 37 77
2 77 63 7 19 59 58
57 16 38 7 19 59 21
66 55 49 27 47 62 15
2 77 63 12 19 75 59
2 77 63 36 35 35 50
41 30 18 67 8 3 26
0 4 37 58 21 69 36
69 52 37 54 13 59 44
55 12 57 67 8 3 54
69 52 37 75 16 47 37
28 51 72 27 47 62 10
47 63 9 52 0 64 83
36 35 35 69 52 37 17
61 59 16 71 54 39 23
59 31 25 2 77 63 59
76 33 69 53 23 60 13
7 19 59 76 33 69 17
3 30 75 49 16 49 29
72 44 27 22 18 0 37
43 19 22 38 51 68 56
11 28 13 17 12 17 16
80 51 18 65 71 49 36
78 71 60 9 8 59 63
75 16 47 34 23 15 32
28 51 72 48 33 38 38
68 70 57 69 52 37 26
7 19 59 64 8 15 45
34 23 15 79 66 17 43
61 59 16 28 51 72 56
66 55 49 28 51 72 23
43 19 22 60 1 53 35
41 30 18 40 47 4 22
78 71 60 47 63 9 51
52 0 64 70 6 40 24
39 58 8 27 47 62 55
21 2 51 80 51 18 59
50 52 15 18 32 13 20
51 32 13 48 33 38 25
59 31 25 51 32 13 12
69 52 37 20 60 79 42
39 58 8 42 34 9 24
42 34 9 28 51 72 65
0 4 37 64 8 15 22
24 17 77 63 71 37 67
46 23 68 26 6 25 46
4 50 10 50 52 15 5
24 17 77 54 13 59 18
34 23 15 44 54 30 34
52 0 64 76 33 69 33
34 23 15 18 32 13 9
42 34 9 46 23 68 60
59 31 25 72 44 27 13
74 69 76 18 32 13 73
73 8 58 61 59 16 66
4 50 10 46 23 68 63
0 4 37 63 71 37 67
52 0 64 63 71 37 75
29 32 49 77 8 7 48
1 71 25 56 44 25 27
73 8 58 58 21 69 17
48 33 38 54 13 59 29
61 59 16 34 23 15 36
62 7 25 5 36 40 32
72 44 27 67 8 3 43
9 8 59 19 51 26 54
17 12 17 15 24 29 16
70 6 40 26 6 25 15
57 16 38 6 3 42 13
50 52 15 8 6 65 67
1 71 25 53 23 60 59
54 13 59 34 23 15 45
39 58 8 19 51 26 19
37 30 39 54 13 59 26
9 8 59 50 52 15 62
73 8 58 70 6 40 18
57 16 38 49 16 49 11
55 12 57 50 52 15 58
69 52 37 39 58 8 29
45 2 22 60 1 53 31
62 7 25 2 77 63 79
30 64 69 72 44 27 46
32 73 34 79 66 17 18
59 31 25 44 54 30 23
32 73 34 66 55 49 23
29 32 49 72 44 27 25
24 17 77 40 47 4 78
23 17 48 13 4 32 20
19 51 26 71 54 39 13
71 54 39 47 63 9 31
12 19 75 45 2 22 55
40 47 4 12 19 75 76
5 36 40 28 51 72 35
66 55 49 0 4 37 52
80 51 18 34 23 15 28
35 73 39 12 19 75 64
31 34 54 37 30 39 15
13 4 32 71 54 39 50
65 71 49 59 31 25 46
75 16 47 51 32 13 37
15 24 29 28 51 72 50
34 23 15 59 31 25 12
66 55 49 68 70 57 17
18 32 13 79 66 17 34
66 55 49 58 21 69 39
69 52 37 18 32 13 31
6 3 42 55 12 57 17
59 31 25 79 66 17 35
34 23 15 3 30 75 60
35 73 39 33 59 68 32
76 33 69 48 33 38 31
72 44 27 78 71 60 42
65 71 49 42 34 9 54
62 7 25 57 16 38 15
76 33 69 41 30 18 51
30 64 69 61 59 16 53
78 71 60 29 32 49 40
19 51 26 53 23 60 44
28 51 72 64 8 15 71
50 52 15 70 6 40 52
9 8 59 58 21 69 16
3 30 75 51 32 13 62
68 70 57 75 16 47 54
76 33 69 56 44 25 45
47 63 9 61 59 16 8
6 3 42 49 16 49 14
73 8 58 9 8 59 1
68 70 57 0 4 37 68
21 2 51 17 12 17 35
17 12 17 77 8 7 10
53 23 60 69 52 37 37
62 7 25 6 3 42 17
6 3 42 27 47 62 48
62 7 25 55 12 57 32
53 23 60 71 54 39 37
7 19 59 29 32 49 16
50 52 15 53 23 60 53
23 17 48 1 71 25 58
36 35 35 3 30 75 40
80 51 18 41 30 18 21
76 33 69 14 7 20 55
13 4 32 47 63 9 63
26 6 25 15 24 29 18
61 59 16 51 32 13 27
42 34 9 9 8 59 56
1 71 25 71 54 39 22
0 4 37 59 31 25 29
1 71 25 21 2 51 73
8 6 65 2 77 63 71
40 47 4 55 12 57 63
52 0 64 71 54 39 59
80 51 18 19 51 26 8
19 51 26 63 71 37 22
68 70 57 35 73 39 18
41 30 18 51 32 13 5
55 12 57 54 13 59 2
16 48 23 71 54 39 17
25 76 57 2 77 63 6
71 54 39 66 55 49 10
2 77 63 65 71 49 15
44 54 30 17 12 17 43
46 23 68 5 36 40 30
58 21 69 48 33 38 33
7 19 59 25 76 57 57
73 8 58 62 7 25 33
21 2 51 76 33 69 35
44 54 30 73 8 58 53
75 16 47 65 71 49 55
54 13 59 74 69 76 58
54 13 59 22 18 0 59
68 70 57 71 54 39 24
8 6 65 29 32 49 30
32 73 34 14 7 20 67
4 50 10 14 7 20 44
12 19 75 32 73 34 67
30 64 69 17 12 17 73
21 2 51 31 34 54 32
56 44 25 37 30 39 19
10 33 44 7 19 59 20
77 8 7 0 4 37 30
5 36 40 24 17 77 41
7 19 59 4 50 10 57
12 19 75 79 66 17 74
19 51 26 33 59 68 42
55 12 57 64 8 15 42
59 31 25 22 18 0 28
51 32 13 32 73 34 46
55 12 57 59 31 25 37
0 4 37 21 2 51 14
21 2 51 40 47 4 65
49 16 49 39 58 8 58
55 12 57 16 48 23 49
2 77 63 31 34 54 43
73 8 58 35 73 39 67
12 19 75 25 76 57 59
67 8 3 51 32 13 26
42 34 9 62 7 25 31
26 6 25 54 13 59 34
59 31 25 48 33 38 13
13 4 32 70 6 40 8
38 51 68 78 71 60 21
37 30 39 9 8 59 29
45 2 22 7 19 59 40
16 48 23 22 18 0 37
22 18 0 26 6 25 27
10 33 44 38 51 68 30
59 31 25 67 8 3 31
39 58 8 7 19 59 64
39 58 8 75 16 47 57
71 54 39 20 60 79 40
58 21 69 20 60 79 40
67 8 3 22 18 0 10
30 64 69 15 24 29 56
80 51 18 74 69 76 60
38 51 68 69 52 37 31
52 0 64 1 71 25 81
33 59 68 55 12 57 48
48 33 38 72 44 27 15
11 28 13 1 71 25 44
19 51 26 22 18 0 42
1 71 25 78 71 60 35
30 64 69 59 31 25 55
31 34 54 43 19 22 35
80 51 18 8 6 65 65
61 59 16 69 52 37 22
35 73 39 80 51 18 30
22 18 0 62 7 25 27
1 71 25 9 8 59 71
7 19 59 34 23 15 44
39 58 8 36 35 35 35
30 64 69 58 21 69 43
10 33 44 53 23 60 18
7 19 59 46 23 68 9
15 24 29 16 48 23 24
22 18 0 50 52 15 37
40 47 4 53 23 60 60
10 33 44 45 2 22 38
50 52 15 37 30 39 32
12 19 75 11 28 13 62
12 19 75 72 44 27 54
62 7 25 50 52 15 46
48 33 38 17 12 17 29
39 58 8 73 8 58 70
50 52 15 69 52 37 22
33 59 68 46 23 68 36
11 28 13 29 32 49 36
30 64 69 38 51 68 13
74 69 76 72 44 27 55
79 66 17 26 6 25 60
2 77 63 14 7 20 82
79 66 17 10 33 44 42
26 6 25 17 12 17 10
39 58 8 30 64 69 61
30 64 69 43 19 22 65
33 59 68 71 54 39 29
46 23 68 62 7 25 45
13 4 32 59 31 25 27
3 30 75 76 33 69 6
23 17 48 34 23 15 33
12 19 75 56 44 25 55
64 8 15 14 7 20 5
48 33 38 10 33 44 6
53 23 60 64 8 15 47
60 1 53 14 7 20 33
56 44 25 69 52 37 14
80 51 18 12 19 75 65
4 50 10 35 73 39 37
55 12 57 11 28 13 46
36 35 35 60 1 53 38
62 7 25 72 44 27 37
40 47 4 62 7 25 45
52 0 64 12 19 75 21
47 63 9 63 71 37 29
36 35 35 26 6 25 30
47 63 9 55 12 57 70
4 50 10 13 4 32 50
10 33 44 75 16 47 17
67 8 3 64 8 15 12
39 58 8 80 51 18 12
1 71 25 43 19 22 52
42 34 9 34 23 15 12
57 16 38 30 64 69 57
1 71 25 17 12 17 59
73 8 58 34 23 15 45
8 6 65 75 16 47 20
2 77 63 29 32 49 47
15 24 29 2 77 63 62
48 33 38 46 23 68 31
78 71 60 4 50 10 54
34 23 15 31 34 54 40
58 21 69 47 63 9 73
49 16 49 4 50 10 51
76 33 69 30 64 69 31
7 19 59 49 16 49 10
48 33 38 27 47 62 27
65 71 49 73 8 58 63
4 50 10 41 30 18 21
25 76 57 72 44 27 43
27 47 62 70 6 40 46
36 35 35 9 8 59 36
50 52 15 28 51 72 57
27 47 62 29 32 49 19
49 16 49 55 12 57 8
65 71 49 31 34 54 37
20 60 79 13 4 32 73
53 23 60 72 44 27 39
53 23 60 68 70 57 47
42 34 9 36 35 35 26
61 59 16 67 8 3 52
52 0 64 65 71 49 72
67 8 3 56 44 25 42
1 71 25 19 51 26 20
20 60 79 32 73 34 46
49 16 49 56 44 25 36
12 19 75 50 52 15 68
12 19 75 66 55 49 44
35 73 39 8 6 65 71
28 51 72 25 76 57 29
46 23 68 27 47 62 24
78 71 60 57 16 38 59
69 52 37 43 19 22 36
30 64 69 79 66 17 52
31 34 54 10 33 44 10
70 6 40 68 70 57 66
61 59 16 20 60 79 63
64 8 15 75 16 47 32
44 54 30 24 17 77 59
19 51 26 40 47 4 22
25 76 57 9 8 59 68
76 33 69 5 36 40 29
41 30 18 53 23 60 42
40 47 4 44 54 30 26
39 58 8 72 44 27 23
50 52 15 29 32 49 39
16 48 23 9 8 59 53
77 8 7 42 34 9 26
25 76 57 50 52 15 48
7 19 59 40 47 4 61
6 3 42 79 66 17 67
54 13 59 1 71 25 67
40 47 4 4 50 10 6
33 59 68 49 16 49 47
31 34 54 11 28 13 41
50 52 15 71 54 39 24
64 8 15 69 52 37 49
55 12 57 14 7 20 37
56 44 25 59 31 25 13
27 47 62 52 0 64 47
49 16 49 47 63 9 61
6 3 42 12 19 75 36
19 51 26 48 33 38 21
30 64 69 45 2 22 77
10 33 44 0 4 37 29
71 54 39 39 58 8 31
10 33 44 18 32 13 31
41 30 18 14 7 20 23
6 3 42 21 2 51 9
66 55 49 18 32 13 42
53 23 60 15 24 29 31
72 44 27 20 60 79 54
8 6 65 38 51 68 45
77 8 7 51 32 13 24
28 51 72 33 59 68 8
7 19 59 26 6 25 36
48 33 38 23 17 48 18
10 33 44 49 16 49 17
78 71 60 3 30 75 43
21 2 51 7 19 59 18
48 33 38 13 4 32 29
58 21 69 49 16 49 20
17 12 17 25 76 57 75
27 47 62 58 21 69 26
49 16 49 79 66 17 59
24 17 77 67 8 3 74
63 71 37 53 23 60 53
64 8 15 24 17 77 62
55 12 57 53 23 60 11
10 33 44 63 71 37 38
69 52 37 13 4 32 48
56 44 25 36 35 35 13
42 34 9 11 28 13 7
64 8 15 34 23 15 15
19 51 26 69 52 37 11
78 71 60 51 32 13 61