14 91
8 10 7 5 11 0 7
12 4 7 2 10 12 7
11 13 12 12 4 7 10
8 10 7 13 11 9 2
2 10 12 6 6 3 9
0 6 10 6 6 3 7
0 6 10 4 13 7 7
12 4 7 5 11 0 9
4 13 7 3 3 9 10
11 13 12 1 12 9 3
1 12 9 0 6 10 6
4 13 7 7 5 9 8
13 11 9 2 10 12 3
7 5 9 0 6 10 1
1 12 9 7 5 9 7
8 10 7 11 13 12 5
5 11 0 4 13 7 7
0 6 10 11 13 12 7
9 4 4 12 4 7 3
7 5 9 8 10 7 5
10 3 11 11 13 12 10
1 12 9 10 3 11 9
11 13 12 13 11 9 3
9 4 4 6 6 3 2
13 11 9 4 13 7 2
1 12 9 9 4 4 9
9 4 4 13 11 9 8
5 11 0 11 13 12 12
3 3 9 8 10 7 7
6 6 3 7 5 9 6
11 13 12 2 10 12 3
6 6 3 13 11 9 7
7 5 9 3 3 9 2
1 12 9 3 3 9 9
6 6 3 8 10 7 5
7 5 9 2 10 12 5
12 4 7 8 10 7 6
3 3 9 13 11 9 8
7 5 9 5 11 0 10
10 3 11 8 10 7 8
4 13 7 9 4 4 9
12 4 7 13 11 9 7
5 11 0 1 12 9 9
8 10 7 0 6 10 5
3 3 9 11 13 12 10
12 4 7 6 6 3 4
3 3 9 12 4 7 2
4 13 7 12 4 7 9
7 5 9 10 3 11 2
0 6 10 5 11 0 11
11 13 12 9 4 4 12
2 10 12 4 13 7 5
12 4 7 0 6 10 3
6 6 3 4 13 7 8
4 13 7 10 3 11 10
12 4 7 1 12 9 8
1 12 9 8 10 7 2
6 6 3 3 3 9 6
10 3 11 9 4 4 7
9 4 4 8 10 7 6
10 3 11 6 6 3 8
3 3 9 5 11 0 12
10 3 11 12 4 7 4
2 10 12 0 6 10 4
2 10 12 5 11 0 12
0 6 10 10 3 11 3
13 11 9 10 3 11 8
7 5 9 9 4 4 5
13 11 9 0 6 10 5
9 4 4 0 6 10 6
1 12 9 6 6 3 8
9 4 4 2 10 12 10
12 4 7 7 5 9 2
13 11 9 5 11 0 9
2 10 12 10 3 11 7
11 13 12 7 5 9 8
1 12 9 13 11 9 1
8 10 7 2 10 12 5
6 6 3 5 11 0 5
1 12 9 2 10 12 3
4 13 7 8 10 7 3
6 6 3 11 13 12 11
3 3 9 2 10 12 7
1 12 9 4 13 7 2
10 3 11 3 3 9 2
5 11 0 9 4 4 8
5 11 0 10 3 11 13
13 11 9 7 5 9 6
9 4 4 3 3 9 5
3 3 9 0 6 10 3
4 13 7 11 13 12 5