11 55
6 0 3 3 7 2 7
4 2 5 3 7 2 5
1 7 8 2 6 8 1
2 6 8 10 8 3 5
8 7 7 1 7 8 1
5 1 3 2 6 8 7
0 1 8 10 8 3 8
6 0 3 9 0 4 1
0 1 8 3 7 2 8
8 7 7 10 8 3 4
8 7 7 5 1 3 7
2 6 8 3 7 2 6
6 0 3 5 1 3 1
0 1 8 1 7 8 6
4 2 5 9 0 4 2
0 1 8 7 9 6 8
5 1 3 10 8 3 7
5 1 3 4 2 5 2
1 7 8 9 0 4 8
10 8 3 9 0 4 8
5 1 3 7 9 6 8
3 7 2 8 7 7 5
7 9 6 4 2 5 7
0 1 8 2 6 8 5
7 9 6 2 6 8 3
5 1 3 1 7 8 7
7 9 6 9 0 4 9
7 9 6 6 0 3 9
4 2 5 1 7 8 5
0 1 8 4 2 5 3
9 0 4 0 1 8 4
6 0 3 8 7 7 8
10 8 3 1 7 8 5
5 1 3 9 0 4 1
2 6 8 9 0 4 7
4 2 5 8 7 7 5
3 7 2 5 1 3 6
3 7 2 7 9 6 4
10 8 3 3 7 2 1
3 7 2 1 7 8 6
3 7 2 9 0 4 7
1 7 8 6 0 3 8
9 0 4 8 7 7 7
4 2 5 10 8 3 6
2 6 8 4 2 5 5
6 0 3 10 8 3 8
6 0 3 4 2 5 2
5 1 3 0 1 8 5
6 0 3 0 1 8 5
10 8 3 7 9 6 3
8 7 7 2 6 8 1
8 7 7 7 9 6 2
7 9 6 1 7 8 2
0 1 8 8 7 7 6
6 0 3 2 6 8 7