66 2145
26 13 12 9 56 56 61
19 25 34 39 0 12 33
2 30 37 40 57 36 27
54 8 65 31 64 62 56
33 43 49 27 58 28 25
56 14 37 15 12 35 2
1 13 41 44 41 4 46
30 49 6 40 57 36 31
51 60 63 37 7 30 62
61 37 42 52 46 41 9
17 5 34 58 16 15 21
26 13 12 2 30 37 30
21 23 47 5 48 27 32
32 28 51 1 13 41 18
60 50 25 43 33 62 40
6 45 42 12 19 46 26
48 22 25 14 32 40 18
38 26 5 62 1 1 25
7 12 4 14 32 40 41
26 13 12 24 43 52 50
13 51 45 64 41 64 21
47 1 8 12 19 46 42
34 44 42 54 8 65 42
65 32 48 30 49 6 45
65 32 48 48 22 25 25
47 1 8 43 33 62 62
61 37 42 46 23 48 15
52 46 41 58 16 15 39
24 43 52 40 57 36 21
15 12 35 31 64 62 58
0 33 12 23 50 28 23
28 57 22 60 50 25 7
41 39 36 14 32 40 8
16 24 65 63 1 52 26
33 43 49 49 23 48 20
17 5 34 4 38 61 42
25 31 41 42 6 36 25
45 3 53 20 29 11 49
23 50 28 34 44 42 15
8 36 58 27 58 28 37
43 33 62 63 1 52 33
4 38 61 58 16 15 50
2 30 37 42 6 36 24
37 7 30 61 37 42 32
53 32 41 47 1 8 45
46 23 48 3 52 14 44
46 23 48 62 1 1 51
2 30 37 59 40 46 13
22 41 38 14 32 40 9
30 49 6 2 30 37 36
2 30 37 36 63 12 41
23 50 28 31 64 62 36
19 25 34 62 1 1 40
65 32 48 7 12 4 48
24 43 52 9 56 56 13
63 1 52 64 41 64 41
53 32 41 1 13 41 19
45 3 53 37 7 30 23
42 6 36 24 43 52 40
55 40 34 19 25 34 15
36 63 12 50 2 28 63
12 19 46 45 3 53 17
33 43 49 53 32 41 13
44 41 4 58 16 15 27
58 16 15 15 12 35 20
3 52 14 26 13 12 39
47 1 8 28 57 22 57
25 31 41 2 30 37 4
10 19 22 29 1 30 19
19 25 34 12 19 46 13
14 32 40 61 37 42 5
3 52 14 59 40 46 34
46 23 48 11 1 44 22
29 1 30 23 50 28 49
57 41 64 58 16 15 55
42 6 36 58 16 15 23
31 64 62 49 23 48 43
14 32 40 33 43 49 14
56 14 37 17 5 34 9
46 23 48 56 14 37 14
46 23 48 45 3 53 20
9 56 56 22 41 38 23
14 32 40 65 32 48 8
12 19 46 55 40 34 24
37 7 30 63 1 52 22
19 25 34 46 23 48 14
28 57 22 33 43 49 30
47 1 8 34 44 42 54
36 63 12 62 1 1 62
51 60 63 2 30 37 39
30 49 6 43 33 62 58
52 46 41 47 1 8 55
17 5 34 27 58 28 53
28 57 22 29 1 30 56
4 38 61 3 52 14 49
38 26 5 51 60 63 67
46 23 48 24 43 52 20
42 6 36 48 22 25 19
48 22 25 37 7 30 15
58 16 15 35 36 40 32
65 32 48 31 64 62 34
45 3 53 42 6 36 17
52 46 41 25 31 41 15
15 12 35 26 13 12 23
29 1 30 14 32 40 32
20 29 11 35 36 40 29
51 60 63 52 46 41 26
30 49 6 27 58 28 23
11 1 44 49 23 48 22
10 19 22 30 49 6 34
51 60 63 54 8 65 52
2 30 37 13 51 45 22
16 24 65 44 41 4 63
7 12 4 38 26 5 14
14 32 40 12 19 46 14
29 1 30 52 46 41 46
43 33 62 4 38 61 5
35 36 40 4 38 61 21
2 30 37 43 33 62 25
20 29 11 49 23 48 37
48 22 25 13 51 45 35
36 63 12 58 16 15 47
36 63 12 6 45 42 34
22 41 38 11 1 44 40
51 60 63 59 40 46 26
46 23 48 0 33 12 37
63 1 52 22 41 38 42
63 1 52 7 12 4 49
7 12 4 17 5 34 30
51 60 63 61 37 42 31
33 43 49 46 23 48 20
53 32 41 8 36 58 17
26 13 12 38 26 5 14
30 49 6 23 50 28 22
57 41 64 3 52 14 51
58 16 15 2 30 37 26
3 52 14 5 48 27 13
57 41 64 62 1 1 74
26 13 12 50 2 28 19
6 45 42 8 36 58 18
16 24 65 36 63 12 65
54 8 65 13 51 45 47
8 36 58 40 57 36 30
19 25 34 49 23 48 14
56 14 37 58 16 15 22
39 0 12 7 12 4 14
52 46 41 20 29 11 34
3 52 14 48 22 25 31
36 63 12 38 26 5 37
3 52 14 54 8 65 67
17 5 34 40 57 36 52
33 43 49 9 56 56 14
23 50 28 8 36 58 33
38 26 5 63 1 52 53
28 57 22 13 51 45 23
13 51 45 39 0 12 60
13 51 45 17 5 34 47
32 28 51 6 45 42 19
34 44 42 0 33 12 31
31 64 62 36 63 12 50
10 19 22 19 25 34 13
6 45 42 65 32 48 14
1 13 41 62 1 1 41
53 32 41 24 43 52 15
47 1 8 32 28 51 50
33 43 49 39 0 12 56
13 51 45 5 48 27 18
9 56 56 19 25 34 38
64 41 64 46 23 48 24
55 40 34 27 58 28 18
28 57 22 24 43 52 33
33 43 49 35 36 40 11
18 36 25 17 5 34 32
50 2 28 55 40 34 38
40 57 36 38 26 5 43
65 32 48 25 31 41 7
26 13 12 28 57 22 45
24 43 52 38 26 5 49
64 41 64 36 63 12 56
20 29 11 1 13 41 34
64 41 64 39 0 12 66
2 30 37 22 41 38 11
44 41 4 39 0 12 41
26 13 12 23 50 28 40
62 1 1 40 57 36 66
52 46 41 21 23 47 23
48 22 25 6 45 42 28
25 31 41 15 12 35 19
50 2 28 63 1 52 24
22 41 38 8 36 58 20
65 32 48 46 23 48 9
16 24 65 19 25 34 31
30 49 6 60 50 25 19
50 2 28 15 12 35 12
45 3 53 9 56 56 53
38 26 5 25 31 41 36
58 16 15 12 19 46 31
61 37 42 64 41 64 22
10 19 22 27 58 28 39
10 19 22 36 63 12 45
55 40 34 2 30 37 10
22 41 38 4 38 61 23
51 60 63 36 63 12 51
3 52 14 23 50 28 14
23 50 28 18 36 25 14
40 57 36 51 60 63 27
51 60 63 5 48 27 37
35 36 40 7 12 4 43
32 28 51 29 1 30 34
12 19 46 8 36 58 20
64 41 64 30 49 6 58
43 33 62 23 50 28 38
47 1 8 37 7 30 22
7 12 4 36 63 12 51
31 64 62 5 48 27 38
21 23 47 57 41 64 24
6 45 42 22 41 38 5
50 2 28 32 28 51 34
50 2 28 20 29 11 31
56 14 37 18 36 25 25
0 33 12 16 24 65 53
18 36 25 28 57 22 21
52 46 41 60 50 25 16
34 44 42 24 43 52 10
21 23 47 42 6 36 20
47 1 8 46 23 48 45
45 3 53 59 40 46 37
37 7 30 56 14 37 9
20 29 11 26 13 12 16
3 52 14 42 6 36 50
63 1 52 21 23 47 22
4 38 61 51 60 63 22
21 23 47 6 45 42 22
21 23 47 47 1 8 44
11 1 44 59 40 46 39
33 43 49 3 52 14 36
20 29 11 6 45 42 34
32 28 51 30 49 6 49
10 19 22 54 8 65 44
41 39 36 52 46 41 8
45 3 53 5 48 27 51
14 32 40 5 48 27 20
47 1 8 13 51 45 62
60 50 25 6 45 42 17
53 32 41 23 50 28 22
10 19 22 56 14 37 15
20 29 11 55 40 34 25
27 58 28 31 64 62 34
33 43 49 30 49 6 43
11 1 44 15 12 35 14
32 28 51 42 6 36 26
55 40 34 31 64 62 36
13 51 45 19 25 34 28
59 40 46 38 26 5 43
7 12 4 31 64 62 77
57 41 64 12 19 46 28
39 0 12 11 1 44 32
44 41 4 38 26 5 15
60 50 25 34 44 42 18
27 58 28 16 24 65 50
29 1 30 21 23 47 27
15 12 35 36 63 12 55
20 29 11 31 64 62 61
57 41 64 2 30 37 29
41 39 36 25 31 41 9
3 52 14 34 44 42 29
41 39 36 40 57 36 18
48 22 25 50 2 28 20
40 57 36 60 50 25 13
46 23 48 7 12 4 45
44 41 4 47 1 8 40
13 51 45 9 56 56 12
61 37 42 53 32 41 5
14 32 40 11 1 44 31
11 1 44 21 23 47 22
33 43 49 55 40 34 15
65 32 48 16 24 65 18
30 49 6 45 3 53 65
20 29 11 64 41 64 54
10 19 22 22 41 38 27
18 36 25 34 44 42 18
23 50 28 33 43 49 22
12 19 46 32 28 51 10
32 28 51 34 44 42 18
39 0 12 8 36 58 58
11 1 44 23 50 28 51
58 16 15 5 48 27 34
44 41 4 9 56 56 54
4 38 61 55 40 34 27
31 64 62 39 0 12 81
54 8 65 44 41 4 69
16 24 65 5 48 27 44
29 1 30 41 39 36 38
39 0 12 60 50 25 51
64 41 64 57 41 64 0
7 12 4 45 3 53 49
7 12 4 3 52 14 41
34 44 42 59 40 46 5
6 45 42 26 13 12 43
47 1 8 3 52 14 51
54 8 65 57 41 64 33
60 50 25 59 40 46 23
41 39 36 38 26 5 33
60 50 25 18 36 25 14
43 33 62 34 44 42 22
62 1 1 9 56 56 77
52 46 41 39 0 12 54
65 32 48 9 56 56 25
28 57 22 45 3 53 62
58 16 15 43 33 62 49
21 23 47 59 40 46 17
25 31 41 35 36 40 5
41 39 36 15 12 35 27
12 19 46 7 12 4 42
54 8 65 12 19 46 21
50 2 28 16 24 65 43
17 5 34 55 40 34 35
50 2 28 45 3 53 25
30 49 6 24 43 52 46
1 13 41 25 31 41 18
21 23 47 44 41 4 46
3 52 14 49 23 48 44
28 57 22 56 14 37 45
46 23 48 28 57 22 42
63 1 52 46 23 48 22
59 40 46 63 1 52 39
1 13 41 35 36 40 23
23 50 28 6 45 42 14
20 29 11 27 58 28 33
56 14 37 62 1 1 38
22 41 38 15 12 35 29
51 60 63 53 32 41 35
39 0 12 26 13 12 13
47 1 8 30 49 6 48
2 30 37 52 46 41 16
15 12 35 63 1 52 20
58 16 15 62 1 1 20
65 32 48 47 1 8 50
40 57 36 56 14 37 43
63 1 52 19 25 34 30
34 44 42 9 56 56 18
17 5 34 8 36 58 39
24 43 52 25 31 41 16
20 29 11 14 32 40 29
48 22 25 12 19 46 21
60 50 25 42 6 36 45
19 25 34 57 41 64 34
23 50 28 13 51 45 17
48 22 25 26 13 12 15
45 3 53 41 39 36 39
18 36 25 11 1 44 39
64 41 64 28 57 22 44
26 13 12 29 1 30 21
17 5 34 1 13 41 10
4 38 61 38 26 5 57
31 64 62 14 32 40 38
5 48 27 41 39 36 12
22 41 38 58 16 15 33
46 23 48 13 51 45 28
42 6 36 12 19 46 16
24 43 52 5 48 27 25
57 41 64 41 39 36 28
3 52 14 16 24 65 58
61 37 42 21 23 47 14
1 13 41 43 33 62 29
59 40 46 19 25 34 19
24 43 52 57 41 64 12
45 3 53 44 41 4 62
50 2 28 60 50 25 48
57 41 64 56 14 37 38
42 6 36 64 41 64 44
35 36 40 11 1 44 35
49 23 48 46 23 48 0
9 56 56 46 23 48 33
62 1 1 5 48 27 53
10 19 22 14 32 40 22
48 22 25 21 23 47 22
16 24 65 24 43 52 23
0 33 12 10 19 22 17
33 43 49 45 3 53 40
64 41 64 7 12 4 66
57 41 64 5 48 27 37
12 19 46 43 33 62 21
19 25 34 17 5 34 20
23 50 28 21 23 47 33
64 41 64 56 14 37 38
49 23 48 32 28 51 5
37 7 30 16 24 65 38
37 7 30 54 8 65 35
51 60 63 7 12 4 76
13 51 45 22 41 38 12
46 23 48 29 1 30 28
4 38 61 36 63 12 55
48 22 25 56 14 37 14
30 49 6 44 41 4 8
30 49 6 48 22 25 33
44 41 4 53 32 41 38
53 32 41 56 14 37 18
8 36 58 58 16 15 47
4 38 61 13 51 45 20
32 28 51 26 13 12 41
38 26 5 1 13 41 38
12 19 46 37 7 30 20
18 36 25 53 32 41 16
22 41 38 20 29 11 29
58 16 15 65 32 48 36
8 36 58 3 52 14 46
31 64 62 40 57 36 26
4 38 61 33 43 49 13
30 49 6 51 60 63 58
6 45 42 11 1 44 44
25 31 41 23 50 28 23
12 19 46 61 37 42 18
9 56 56 18 36 25 36
9 56 56 12 19 46 38
64 41 64 38 26 5 60
11 1 44 36 63 12 69
40 57 36 27 58 28 8
17 5 34 23 50 28 45
33 43 49 25 31 41 14
31 64 62 47 1 8 82
54 8 65 60 50 25 58
13 51 45 37 7 30 46
43 33 62 20 29 11 51
13 51 45 26 13 12 50
41 39 36 12 19 46 22
3 52 14 25 31 41 34
33 43 49 6 45 42 7
54 8 65 25 31 41 33
23 50 28 15 12 35 38
5 48 27 28 57 22 10
7 12 4 6 45 42 50
16 24 65 15 12 35 32
37 7 30 15 12 35 7
24 43 52 19 25 34 25
1 13 41 64 41 64 36
4 38 61 44 41 4 57
54 8 65 6 45 42 43
33 43 49 12 19 46 24
58 16 15 16 24 65 50
63 1 52 27 58 28 61
26 13 12 12 19 46 34
60 50 25 23 50 28 3
60 50 25 41 39 36 15
65 32 48 51 60 63 31
35 36 40 30 49 6 36
22 41 38 53 32 41 9
22 41 38 0 33 12 27
31 64 62 64 41 64 23
20 29 11 13 51 45 40
49 23 48 6 45 42 22
29 1 30 49 23 48 28
59 40 46 25 31 41 10
50 2 28 7 12 4 26
61 37 42 48 22 25 22
56 14 37 9 56 56 46
7 12 4 47 1 8 11
1 13 41 26 13 12 29
14 32 40 2 30 37 3
52 46 41 28 57 22 21
44 41 4 29 1 30 47
10 19 22 60 50 25 31
1 13 41 51 60 63 51
27 58 28 51 60 63 35
63 1 52 34 44 42 44
33 43 49 58 16 15 43
52 46 41 11 1 44 45
3 52 14 43 33 62 51
8 36 58 45 3 53 33
18 36 25 1 13 41 28
30 49 6 9 56 56 50
28 57 22 58 16 15 41
55 40 34 65 32 48 16
59 40 46 52 46 41 7
35 36 40 50 2 28 36
45 3 53 38 26 5 53
4 38 61 60 50 25 37
20 29 11 24 43 52 43
52 46 41 16 24 65 32
24 43 52 60 50 25 27
0 33 12 7 12 4 22
7 12 4 33 43 49 54
2 30 37 21 23 47 12
27 58 28 37 7 30 51
47 1 8 38 26 5 25
30 49 6 59 40 46 41
33 43 49 65 32 48 11
11 1 44 24 43 52 42
51 60 63 44 41 4 61
12 19 46 35 36 40 18
6 45 42 35 36 40 9
52 46 41 10 19 22 33
7 12 4 42 6 36 32
7 12 4 24 43 52 57
36 63 12 41 39 36 33
53 32 41 25 31 41 1
63 1 52 11 1 44 8
6 45 42 45 3 53 43
26 13 12 30 49 6 36
3 52 14 6 45 42 28
43 33 62 18 36 25 37
7 12 4 9 56 56 68
27 58 28 14 32 40 28
26 13 12 33 43 49 47
58 16 15 30 49 6 34
26 13 12 42 6 36 25
56 14 37 41 39 36 25
17 5 34 37 7 30 4
61 37 42 42 6 36 31
12 19 46 46 23 48 4
36 63 12 47 1 8 62
31 64 62 58 16 15 67
24 43 52 22 41 38 14
3 52 14 30 49 6 8
64 41 64 24 43 52 12
37 7 30 30 49 6 48
39 0 12 58 16 15 16
21 23 47 38 26 5 42
46 23 48 51 60 63 39
59 40 46 58 16 15 39
16 24 65 11 1 44 31
51 60 63 26 13 12 69
53 32 41 0 33 12 29
33 43 49 16 24 65 24
15 12 35 1 13 41 6
6 45 42 27 58 28 19
34 44 42 26 13 12 43
43 33 62 11 1 44 36
57 41 64 65 32 48 18
52 46 41 4 38 61 21
33 43 49 64 41 64 15
64 41 64 19 25 34 34
11 1 44 25 31 41 30
7 12 4 37 7 30 26
40 57 36 21 23 47 35
12 19 46 24 43 52 24
13 51 45 35 36 40 15
58 16 15 53 32 41 30
0 33 12 18 36 25 13
8 36 58 18 36 25 33
25 31 41 37 7 30 26
25 31 41 28 57 22 32
41 39 36 35 36 40 5
9 56 56 57 41 64 17
39 0 12 51 60 63 78
23 50 28 2 30 37 21
13 51 45 57 41 64 21
36 63 12 22 41 38 34
19 25 34 51 60 63 45
37 7 30 57 41 64 48
9 56 56 10 19 22 50
25 31 41 26 13 12 34
44 41 4 0 33 12 11
49 23 48 48 22 25 23
11 1 44 65 32 48 31
14 32 40 9 56 56 28
35 36 40 62 1 1 52
23 50 28 44 41 4 25
64 41 64 0 33 12 52
43 33 62 33 43 49 16
5 48 27 29 1 30 47
29 1 30 58 16 15 21
30 49 6 39 0 12 49
12 19 46 10 19 22 24
7 12 4 41 39 36 41
32 28 51 56 14 37 19
9 56 56 60 50 25 31
62 1 1 28 57 22 59
65 32 48 38 26 5 43
27 58 28 43 33 62 42
61 37 42 19 25 34 14
18 36 25 29 1 30 35
19 25 34 52 46 41 22
48 22 25 18 36 25 14
20 29 11 37 7 30 29
55 40 34 53 32 41 10
5 48 27 59 40 46 20
34 44 42 44 41 4 38
58 16 15 47 1 8 16
18 36 25 30 49 6 23
55 40 34 39 0 12 45
50 2 28 19 25 34 23
37 7 30 14 32 40 26
54 8 65 20 29 11 57
51 60 63 31 64 62 4
39 0 12 0 33 12 33
8 36 58 1 13 41 28
8 36 58 29 1 30 44
35 36 40 17 5 34 31
29 1 30 16 24 65 41
9 56 56 5 48 27 30
48 22 25 63 1 52 34
25 31 41 60 50 25 24
39 0 12 40 57 36 61
31 64 62 3 52 14 49
48 22 25 29 1 30 21
53 32 41 20 29 11 30
30 49 6 29 1 30 53
2 30 37 10 19 22 18
37 7 30 26 13 12 18
61 37 42 3 52 14 31
60 50 25 31 64 62 39
29 1 30 56 14 37 14
0 33 12 8 36 58 46
33 43 49 52 46 41 8
28 57 22 12 19 46 44
19 25 34 8 36 58 26
40 57 36 11 1 44 56
60 50 25 64 41 64 40
41 39 36 62 1 1 51
5 48 27 46 23 48 32
20 29 11 42 6 36 33
58 16 15 54 8 65 50
26 13 12 21 23 47 36
1 13 41 23 50 28 39
53 32 41 16 24 65 25
22 41 38 21 23 47 20
61 37 42 11 1 44 36
46 23 48 16 24 65 17
54 8 65 55 40 34 44
40 57 36 12 19 46 39
57 41 64 27 58 28 39
25 31 41 7 12 4 41
49 23 48 65 32 48 9
6 45 42 29 1 30 45
51 60 63 56 14 37 52
8 36 58 34 44 42 17
0 33 12 12 19 46 36
23 50 28 54 8 65 55
0 33 12 13 51 45 37
64 41 64 5 48 27 37
7 12 4 61 37 42 45
15 12 35 10 19 22 14
21 23 47 55 40 34 21
18 36 25 10 19 22 17
51 60 63 13 51 45 20
54 8 65 27 58 28 62
1 13 41 56 14 37 4
41 39 36 26 13 12 35
9 56 56 55 40 34 27
65 32 48 52 46 41 15
40 57 36 4 38 61 31
57 41 64 10 19 22 47
31 64 62 63 1 52 63
18 36 25 24 43 52 27
8 36 58 59 40 46 12
23 50 28 50 2 28 48
50 2 28 17 5 34 6
59 40 46 32 28 51 13
19 25 34 22 41 38 16
60 50 25 53 32 41 24
65 32 48 27 58 28 32
63 1 52 0 33 12 51
16 24 65 62 1 1 68
20 29 11 65 32 48 37
55 40 34 52 46 41 9
56 14 37 19 25 34 11
46 23 48 18 36 25 26
23 50 28 48 22 25 28
14 32 40 25 31 41 1
22 41 38 7 12 4 44
32 28 51 14 32 40 11
44 41 4 43 33 62 58
59 40 46 12 19 46 21
36 63 12 23 50 28 20
45 3 53 52 46 41 44
47 1 8 64 41 64 68
42 6 36 50 2 28 8
55 40 34 15 12 35 28
56 14 37 23 50 28 37
10 19 22 40 57 36 40
31 64 62 50 2 28 70
19 25 34 6 45 42 21
19 25 34 31 64 62 48
0 33 12 6 45 42 32
32 28 51 61 37 42 12
8 36 58 15 12 35 33
15 12 35 0 33 12 31
44 41 4 18 36 25 21
64 41 64 10 19 22 47
56 14 37 13 51 45 37
39 0 12 65 32 48 48
15 12 35 6 45 42 33
63 1 52 55 40 34 42
3 52 14 55 40 34 23
18 36 25 65 32 48 23
17 5 34 22 41 38 36
2 30 37 17 5 34 25
30 49 6 55 40 34 29
15 12 35 13 51 45 40
42 6 36 4 38 61 40
62 1 1 6 45 42 60
16 24 65 25 31 41 25
39 0 12 10 19 22 21
13 51 45 12 19 46 32
48 22 25 25 31 41 18
26 13 12 52 46 41 43
38 26 5 9 56 56 59
60 50 25 56 14 37 37
32 28 51 5 48 27 31
27 58 28 53 32 41 29
50 2 28 51 60 63 67
43 33 62 31 64 62 31
5 48 27 34 44 42 15
65 32 48 50 2 28 36
17 5 34 33 43 49 40
23 50 28 52 46 41 13
60 50 25 20 29 11 25
11 1 44 47 1 8 36
62 1 1 7 12 4 11
36 63 12 24 43 52 44
18 36 25 15 12 35 26
31 64 62 42 6 36 63
21 23 47 18 36 25 25
40 57 36 45 3 53 56
57 41 64 7 12 4 66
29 1 30 36 63 12 64
0 33 12 25 31 41 29
13 51 45 60 50 25 20
19 25 34 54 8 65 35
55 40 34 62 1 1 51
54 8 65 62 1 1 64
63 1 52 58 16 15 39
8 36 58 4 38 61 3
22 41 38 49 23 48 20
39 0 12 63 1 52 40
14 32 40 35 36 40 4
64 41 64 29 1 30 52
47 1 8 6 45 42 55
23 50 28 20 29 11 27
36 63 12 14 32 40 41
49 23 48 10 19 22 26
23 50 28 58 16 15 36
40 57 36 35 36 40 21
54 8 65 15 12 35 30
25 31 41 47 1 8 44
45 3 53 47 1 8 45
39 0 12 45 3 53 41
37 7 30 8 36 58 40
20 29 11 63 1 52 49
59 40 46 42 6 36 35
1 13 41 36 63 12 57
54 8 65 32 28 51 24
42 6 36 57 41 64 44
34 44 42 38 26 5 41
26 13 12 8 36 58 51
1 13 41 24 43 52 31
21 23 47 16 24 65 18
2 30 37 35 36 40 6
10 19 22 45 3 53 34
39 0 12 12 19 46 38
21 23 47 56 14 37 13
28 57 22 57 41 64 44
47 1 8 50 2 28 20
20 29 11 28 57 22 30
39 0 12 16 24 65 58
53 32 41 26 13 12 34
52 46 41 7 12 4 50
9 56 56 28 57 22 34
52 46 41 53 32 41 14
3 52 14 0 33 12 19
51 60 63 24 43 52 20
53 32 41 65 32 48 7
22 41 38 16 24 65 31
63 1 52 52 46 41 46
47 1 8 35 36 40 47
2 30 37 4 38 61 25
30 49 6 61 37 42 37
3 52 14 2 30 37 31
10 19 22 55 40 34 24
39 0 12 53 32 41 43
41 39 36 39 0 12 45
6 45 42 56 14 37 31
37 7 30 53 32 41 27
57 41 64 39 0 12 66
38 26 5 28 57 22 35
28 57 22 15 12 35 46
31 64 62 9 56 56 10
49 23 48 24 43 52 20
36 63 12 8 36 58 53
14 32 40 19 25 34 9
11 1 44 31 64 62 65
21 23 47 28 57 22 42
12 19 46 16 24 65 19
17 5 34 12 19 46 18
30 49 6 16 24 65 64
21 23 47 35 36 40 14
0 33 12 57 41 64 52
18 36 25 52 46 41 18
44 41 4 60 50 25 22
27 58 28 26 13 12 47
22 41 38 34 44 42 5
61 37 42 44 41 4 38
51 60 63 29 1 30 67
56 14 37 31 64 62 55
44 41 4 7 12 4 29
30 49 6 22 41 38 32
54 8 65 38 26 5 62
62 1 1 24 43 52 66
11 1 44 64 41 64 44
37 7 30 59 40 46 36
6 45 42 5 48 27 15
0 33 12 29 1 30 36
24 43 52 23 50 28 25
47 1 8 39 0 12 4
8 36 58 60 50 25 35
17 5 34 51 60 63 62
60 50 25 32 28 51 34
28 57 22 43 33 62 46
39 0 12 24 43 52 58
43 33 62 41 39 36 26
1 13 41 63 1 52 16
65 32 48 1 13 41 20
21 23 47 62 1 1 50
23 50 28 42 6 36 44
7 12 4 49 23 48 45
2 30 37 7 12 4 37
58 16 15 64 41 64 55
20 29 11 38 26 5 6
54 8 65 46 23 48 22
27 58 28 19 25 34 33
37 7 30 10 19 22 14
64 41 64 37 7 30 48
27 58 28 32 28 51 37
61 37 42 34 44 42 7
31 64 62 25 31 41 39
48 22 25 64 41 64 43
5 48 27 53 32 41 21
64 41 64 21 23 47 24
14 32 40 49 23 48 12
49 23 48 12 19 46 4
42 6 36 54 8 65 29
61 37 42 15 12 35 25
38 26 5 56 14 37 34
35 36 40 27 58 28 25
56 14 37 54 8 65 28
8 36 58 41 39 36 22
8 36 58 51 60 63 24
65 32 48 44 41 4 44
33 43 49 47 1 8 58
20 29 11 4 38 61 50
23 50 28 47 1 8 52
4 38 61 10 19 22 43
49 23 48 54 8 65 22
17 5 34 41 39 36 34
9 56 56 63 1 52 55
1 13 41 3 52 14 47
11 1 44 57 41 64 44
17 5 34 42 6 36 2
56 14 37 52 46 41 32
59 40 46 57 41 64 18
51 60 63 28 57 22 41
29 1 30 53 32 41 32
3 52 14 24 43 52 39
37 7 30 42 6 36 6
20 29 11 5 48 27 24
30 49 6 34 44 42 36
28 57 22 59 40 46 29
43 33 62 38 26 5 57
54 8 65 45 3 53 13
33 43 49 5 48 27 22
41 39 36 28 57 22 22
49 23 48 51 60 63 39
24 43 52 55 40 34 18
9 56 56 49 23 48 33
50 2 28 27 58 28 56
54 8 65 2 30 37 35
43 33 62 51 60 63 27
22 41 38 56 14 37 27
44 41 4 28 57 22 24
21 23 47 49 23 48 1
8 36 58 5 48 27 33
25 31 41 22 41 38 10
53 32 41 57 41 64 24
19 25 34 37 7 30 18
47 1 8 54 8 65 57
25 31 41 39 0 12 42
4 38 61 45 3 53 35
56 14 37 27 58 28 44
11 1 44 32 28 51 27
16 24 65 56 14 37 29
36 63 12 48 22 25 43
58 16 15 25 31 41 30
14 32 40 58 16 15 29
43 33 62 55 40 34 28
39 0 12 43 33 62 59
28 57 22 1 13 41 47
62 1 1 11 1 44 43
19 25 34 5 48 27 24
47 1 8 9 56 56 73
45 3 53 18 36 25 43
1 13 41 37 7 30 12
28 57 22 17 5 34 53
31 64 62 0 33 12 58
26 13 12 46 23 48 37
9 56 56 25 31 41 29
40 57 36 53 32 41 25
63 1 52 45 3 53 2
64 41 64 65 32 48 18
49 23 48 55 40 34 22
61 37 42 49 23 48 15
52 46 41 34 44 42 2
17 5 34 59 40 46 37
46 23 48 48 22 25 23
3 52 14 51 60 63 49
57 41 64 55 40 34 30
14 32 40 59 40 46 10
6 45 42 16 24 65 31
35 36 40 56 14 37 22
62 1 1 25 31 41 50
41 39 36 2 30 37 9
14 32 40 15 12 35 20
16 24 65 10 19 22 43
58 16 15 3 52 14 36
30 49 6 1 13 41 50
52 46 41 42 6 36 40
58 16 15 40 57 36 46
57 41 64 46 23 48 24
31 64 62 1 13 41 55
37 7 30 4 38 61 43
27 58 28 24 43 52 28
0 33 12 54 8 65 58
39 0 12 18 36 25 38
35 36 40 48 22 25 20
49 23 48 40 57 36 36
43 33 62 37 7 30 41
43 33 62 59 40 46 17
15 12 35 32 28 51 22
63 1 52 61 37 42 37
23 50 28 19 25 34 25
22 41 38 60 50 25 15
36 63 12 65 32 48 47
56 14 37 65 32 48 21
32 28 51 63 1 52 27
53 32 41 7 12 4 42
4 38 61 47 1 8 64
3 52 14 11 1 44 59
65 32 48 41 39 36 13
31 64 62 21 23 47 43
31 64 62 28 57 22 40
61 37 42 8 36 58 16
46 23 48 8 36 58 16
21 23 47 36 63 12 53
59 40 46 36 63 12 41
64 41 64 55 40 34 30
15 12 35 53 32 41 20
10 19 22 11 1 44 28
7 12 4 13 51 45 56
26 13 12 49 23 48 37
42 6 36 27 58 28 52
44 41 4 25 31 41 38
59 40 46 62 1 1 59
58 16 15 34 44 42 38
55 40 34 60 50 25 13
20 29 11 39 0 12 29
30 49 6 15 12 35 47
38 26 5 29 1 30 35
14 32 40 42 6 36 26
13 51 45 6 45 42 6
51 60 63 48 22 25 53
22 41 38 31 64 62 33
5 48 27 2 30 37 20
44 41 4 32 28 51 48
0 33 12 32 28 51 39
51 60 63 25 31 41 36
3 52 14 36 63 12 11
47 1 8 48 22 25 27
64 41 64 23 50 28 37
61 37 42 27 58 28 25
1 13 41 21 23 47 11
11 1 44 37 7 30 15
51 60 63 63 1 52 60
16 24 65 1 13 41 26
62 1 1 29 1 30 29
33 43 49 60 50 25 25
20 29 11 41 39 36 26
41 39 36 24 43 52 16
29 1 30 11 1 44 14
33 43 49 31 64 62 24
9 56 56 40 57 36 20
53 32 41 64 41 64 24
18 36 25 50 2 28 34
56 14 37 39 0 12 28
21 23 47 24 43 52 20
17 5 34 15 12 35 7
3 52 14 50 2 28 51
51 60 63 22 41 38 31
15 12 35 62 1 1 35
43 33 62 6 45 42 23
34 44 42 21 23 47 21
31 64 62 2 30 37 42
41 39 36 18 36 25 11
9 56 56 17 5 34 55
18 36 25 54 8 65 48
44 41 4 19 25 34 34
21 23 47 4 38 61 20
58 16 15 0 33 12 17
58 16 15 10 19 22 7
46 23 48 41 39 36 20
47 1 8 24 43 52 60
1 13 41 46 23 48 12
11 1 44 7 12 4 41
63 1 52 4 38 61 38
33 43 49 22 41 38 11
26 13 12 10 19 22 11
42 6 36 8 36 58 37
4 38 61 30 49 6 56
49 23 48 15 12 35 17
21 23 47 39 0 12 41
7 12 4 60 50 25 43
36 63 12 20 29 11 34
18 36 25 31 64 62 46
20 29 11 7 12 4 18
28 57 22 34 44 42 23
29 1 30 25 31 41 31
44 41 4 12 19 46 47
9 56 56 6 45 42 17
19 25 34 18 36 25 14
20 29 11 0 33 12 4
62 1 1 61 37 42 54
50 2 28 2 30 37 29
35 36 40 51 60 63 33
34 44 42 35 36 40 8
43 33 62 40 57 36 35
3 52 14 32 28 51 44
2 30 37 44 41 4 34
43 33 62 62 1 1 68
18 36 25 57 41 64 39
3 52 14 22 41 38 26
47 1 8 5 48 27 50
36 63 12 55 40 34 31
10 19 22 38 26 5 18
19 25 34 28 57 22 34
62 1 1 27 58 28 63
1 13 41 33 43 49 31
50 2 28 8 36 58 45
12 19 46 20 29 11 36
13 51 45 58 16 15 46
26 13 12 40 57 36 50
33 43 49 61 37 42 9
0 33 12 30 49 6 17
13 51 45 18 36 25 25
62 1 1 31 64 62 87
4 38 61 41 39 36 25
22 41 38 65 32 48 13
59 40 46 48 22 25 27
31 64 62 41 39 36 36
10 19 22 42 6 36 19
28 57 22 54 8 65 65
14 32 40 64 41 64 25
16 24 65 54 8 65 16
30 49 6 56 14 37 46
30 49 6 8 36 58 53
33 43 49 40 57 36 19
4 38 61 53 32 41 20
23 50 28 39 0 12 52
17 5 34 0 33 12 35
22 41 38 52 46 41 5
10 19 22 61 37 42 26
10 19 22 1 13 41 19
32 28 51 51 60 63 34
40 57 36 64 41 64 32
51 60 63 9 56 56 8
1 13 41 12 19 46 7
34 44 42 65 32 48 13
8 36 58 14 32 40 18
38 26 5 53 32 41 36
46 23 48 58 16 15 33
48 22 25 17 5 34 19
26 13 12 64 41 64 59
56 14 37 55 40 34 26
65 32 48 61 37 42 7
28 57 22 11 1 44 60
15 12 35 60 50 25 39
59 40 46 9 56 56 18
27 58 28 29 1 30 57
27 58 28 59 40 46 25
62 1 1 26 13 12 16
61 37 42 56 14 37 23
16 24 65 34 44 42 30
49 23 48 2 30 37 13
21 23 47 37 7 30 23
7 12 4 54 8 65 61
49 23 48 18 36 25 26
45 3 53 16 24 65 24
8 36 58 9 56 56 20
32 28 51 43 33 62 12
3 52 14 40 57 36 22
16 24 65 7 12 4 62
27 58 28 64 41 64 39
1 13 41 42 6 36 8
8 36 58 11 1 44 37
1 13 41 47 1 8 35
4 38 61 0 33 12 49
59 40 46 29 1 30 42
43 33 62 54 8 65 25
46 23 48 20 29 11 37
3 52 14 65 32 48 39
45 3 53 22 41 38 40
14 32 40 21 23 47 11
48 22 25 16 24 65 40
34 44 42 31 64 62 28
61 37 42 55 40 34 8
31 64 62 37 7 30 65
40 57 36 46 23 48 36
17 5 34 47 1 8 26
47 1 8 0 33 12 32
25 31 41 13 51 45 20
56 14 37 45 3 53 19
29 1 30 24 43 52 47
20 29 11 17 5 34 33
13 51 45 1 13 41 38
20 29 11 19 25 34 23
46 23 48 22 41 38 20
5 48 27 48 22 25 26
29 1 30 22 41 38 40
21 23 47 53 32 41 10
16 24 65 35 36 40 27
46 23 48 37 7 30 24
44 41 4 5 48 27 24
41 39 36 11 1 44 38
45 3 53 51 60 63 57
39 0 12 14 32 40 42
41 39 36 44 41 4 32
9 56 56 3 52 14 42
21 23 47 9 56 56 34
16 24 65 4 38 61 14
65 32 48 60 50 25 29
8 36 58 10 19 22 39
56 14 37 24 43 52 32
35 36 40 55 40 34 7
43 33 62 50 2 28 46
52 46 41 3 52 14 27
58 16 15 6 45 42 39
2 30 37 18 36 25 13
5 48 27 40 57 36 12
33 43 49 63 1 52 42
34 44 42 1 13 41 31
22 41 38 28 57 22 22
49 23 48 50 2 28 29
59 40 46 39 0 12 52
44 41 4 62 1 1 40
8 36 58 44 41 4 54
0 33 12 41 39 36 24
64 41 64 44 41 4 60
17 5 34 44 41 4 46
0 33 12 27 58 28 29
23 50 28 28 57 22 9
63 1 52 47 1 8 44
41 39 36 27 58 28 20
55 40 34 42 6 36 34
60 50 25 27 58 28 8
30 49 6 20 29 11 20
65 32 48 24 43 52 11
11 1 44 34 44 42 43
0 33 12 35 36 40 28
34 44 42 57 41 64 22
31 64 62 30 49 6 57
41 39 36 63 1 52 41
52 46 41 30 49 6 35
11 1 44 9 56 56 56
53 32 41 42 6 36 26
16 24 65 32 28 51 14
28 57 22 61 37 42 28
0 33 12 36 63 12 30
2 30 37 61 37 42 8
51 60 63 62 1 1 85
59 40 46 41 39 36 10
37 7 30 58 16 15 17
6 45 42 34 44 42 1
50 2 28 40 57 36 55
38 26 5 0 33 12 9
4 38 61 48 22 25 39
49 23 48 23 50 28 33
46 23 48 15 12 35 17
49 23 48 0 33 12 37
2 30 37 1 13 41 17
54 8 65 61 37 42 37
10 19 22 44 41 4 28
2 30 37 29 1 30 29
19 25 34 40 57 36 32
28 57 22 40 57 36 14
11 1 44 27 58 28 59
65 32 48 12 19 46 13
2 30 37 63 1 52 32
65 32 48 23 50 28 26
56 14 37 7 12 4 33
56 14 37 8 36 58 30
61 37 42 18 36 25 17
35 36 40 39 0 12 45
20 29 11 62 1 1 29
0 33 12 51 60 63 57
35 36 40 45 3 53 35
10 19 22 48 22 25 4
35 36 40 10 19 22 24
61 37 42 17 5 34 32
60 50 25 48 22 25 28
7 12 4 34 44 42 49
27 58 28 25 31 41 29
5 48 27 22 41 38 13
3 52 14 10 19 22 33
56 14 37 59 40 46 27
34 44 42 39 0 12 53
16 24 65 42 6 36 34
50 2 28 14 32 40 32
5 48 27 50 2 28 46
58 16 15 41 39 36 31
43 33 62 26 13 12 53
52 46 41 13 51 45 6
14 32 40 54 8 65 34
48 22 25 32 28 51 26
19 25 34 29 1 30 24
45 3 53 65 32 48 29
34 44 42 45 3 53 42
12 19 46 11 1 44 18
12 19 46 52 46 41 27
6 45 42 39 0 12 54
35 36 40 59 40 46 7
65 32 48 62 1 1 56
8 36 58 16 24 65 13
41 39 36 42 6 36 33
1 13 41 49 23 48 12
36 63 12 60 50 25 18
37 7 30 50 2 28 5
19 25 34 25 31 41 9
26 13 12 19 25 34 25
7 12 4 21 23 47 44
36 63 12 26 13 12 50
36 63 12 57 41 64 56
44 41 4 13 51 45 42
29 1 30 57 41 64 52
38 26 5 42 6 36 36
10 19 22 21 23 47 25
26 13 12 65 32 48 40
58 16 15 32 28 51 37
22 41 38 38 26 5 36
46 23 48 25 31 41 10
44 41 4 36 63 12 23
35 36 40 15 12 35 24
33 43 49 8 36 58 11
0 33 12 33 43 49 38
51 60 63 6 45 42 25
31 64 62 44 41 4 62
6 45 42 55 40 34 9
52 46 41 38 26 5 41
44 41 4 56 14 37 42
59 40 46 22 41 38 8
24 43 52 37 7 30 42
14 32 40 3 52 14 32
10 19 22 63 1 52 34
20 29 11 57 41 64 54
19 25 34 34 44 42 20
6 45 42 10 19 22 32
18 36 25 35 36 40 15
13 51 45 3 52 14 31
36 63 12 56 14 37 55
16 24 65 57 41 64 17
18 36 25 42 6 36 31
28 57 22 35 36 40 27
31 64 62 35 36 40 35
61 37 42 50 2 28 37
51 60 63 34 44 42 26
59 40 46 15 12 35 30
65 32 48 43 33 62 14
21 23 47 17 5 34 22
36 63 12 54 8 65 76
15 12 35 64 41 64 41
16 24 65 47 1 8 61
18 36 25 3 52 14 19
14 32 40 60 50 25 23
10 19 22 31 64 62 60
34 44 42 36 63 12 35
58 16 15 61 37 42 34
6 45 42 2 30 37 15
46 23 48 42 6 36 20
42 6 36 0 33 12 36
6 45 42 59 40 46 6
59 40 46 64 41 64 18
24 43 52 44 41 4 48
17 5 34 30 49 6 52
34 44 42 12 19 46 25
31 64 62 4 38 61 26
0 33 12 43 33 62 50
31 64 62 38 26 5 68
38 26 5 5 48 27 31
26 13 12 22 41 38 38
1 13 41 48 22 25 18
61 37 42 38 26 5 38
48 22 25 9 56 56 46
59 40 46 10 19 22 31
22 41 38 48 22 25 23
8 36 58 31 64 62 28
38 26 5 35 36 40 36
42 6 36 43 33 62 37
53 32 41 2 30 37 4
63 1 52 5 48 27 53
63 1 52 30 49 6 66
3 52 14 15 12 35 45
64 41 64 3 52 14 51
43 33 62 24 43 52 14
5 48 27 61 37 42 18
45 3 53 13 51 45 48
37 7 30 2 30 37 24
34 44 42 13 51 45 7
64 41 64 62 1 1 74
40 57 36 63 1 52 58
20 29 11 51 60 63 60
21 23 47 19 25 34 13
50 2 28 28 57 22 55
38 26 5 17 5 34 35
46 23 48 34 44 42 21
0 33 12 1 13 41 35
63 1 52 25 31 41 31
12 19 46 3 52 14 45
0 33 12 26 13 12 20
38 26 5 39 0 12 26
15 12 35 9 56 56 48
23 50 28 37 7 30 43
62 1 1 18 36 25 42
16 24 65 17 5 34 36
35 36 40 36 63 12 38
26 13 12 17 5 34 23
11 1 44 42 6 36 9
31 64 62 45 3 53 61
36 63 12 49 23 48 53
61 37 42 23 50 28 19
61 37 42 35 36 40 2
23 50 28 59 40 46 20
6 45 42 46 23 48 22
59 40 46 50 2 28 42
32 28 51 38 26 5 46
5 48 27 37 7 30 41
48 22 25 54 8 65 42
64 41 64 4 38 61 4
35 36 40 60 50 25 20
47 1 8 10 19 22 22
20 29 11 10 19 22 14
25 31 41 20 29 11 30
4 38 61 26 13 12 55
43 33 62 9 56 56 23
15 12 35 42 6 36 6
6 45 42 1 13 41 32
1 13 41 40 57 36 44
18 36 25 33 43 49 25
8 36 58 38 26 5 53
45 3 53 53 32 41 31
63 1 52 57 41 64 41
16 24 65 23 50 28 45
11 1 44 38 26 5 46
17 5 34 25 31 41 26
20 29 11 16 24 65 54
52 46 41 62 1 1 60
12 19 46 31 64 62 47
49 23 48 25 31 41 10
45 3 53 29 1 30 23
27 58 28 15 12 35 46
40 57 36 52 46 41 12
60 50 25 1 13 41 40
38 26 5 6 45 42 41
63 1 52 18 36 25 44
54 8 65 50 2 28 37
27 58 28 34 44 42 19
61 37 42 29 1 30 37
53 32 41 28 57 22 31
34 44 42 56 14 37 30
14 32 40 6 45 42 13
59 40 46 0 33 12 34
10 19 22 65 32 48 29
15 12 35 65 32 48 23
30 49 6 25 31 41 39
7 12 4 4 38 61 62
30 49 6 12 19 46 50
30 49 6 36 63 12 15
17 5 34 31 64 62 65
29 1 30 7 12 4 28
59 40 46 54 8 65 37
62 1 1 4 38 61 70
61 37 42 45 3 53 35
16 24 65 40 57 36 43
5 48 27 35 36 40 17
4 38 61 15 12 35 36
57 41 64 6 45 42 22
44 41 4 63 1 52 62
34 44 42 2 30 37 14
32 28 51 52 46 41 20
40 57 36 48 22 25 36
25 31 41 64 41 64 25
0 33 12 50 2 28 34
50 2 28 57 41 64 53
62 1 1 33 43 49 63
7 12 4 30 49 6 37
55 40 34 38 26 5 32
49 23 48 58 16 15 33
13 51 45 49 23 48 28
17 5 34 63 1 52 18
32 28 51 39 0 12 48
53 32 41 62 1 1 50
61 37 42 9 56 56 23
55 40 34 14 32 40 10
54 8 65 65 32 48 29
32 28 51 64 41 64 18
12 19 46 18 36 25 27
22 41 38 47 1 8 50
38 26 5 37 7 30 31
8 36 58 62 1 1 66
21 23 47 32 28 51 6
45 3 53 2 30 37 31
0 33 12 28 57 22 26
48 22 25 24 43 52 34
8 36 58 65 32 48 10
2 30 37 47 1 8 41
60 50 25 16 24 65 47
55 40 34 32 28 51 20
63 1 52 56 14 37 19
4 38 61 46 23 48 19
54 8 65 22 41 38 42
45 3 53 48 22 25 33
27 58 28 36 63 12 16
49 23 48 43 33 62 17
15 12 35 21 23 47 16
4 38 61 5 48 27 35
11 1 44 56 14 37 14
15 12 35 52 46 41 34
15 12 35 40 57 36 45
62 1 1 3 52 14 52
38 26 5 33 43 49 47
14 32 40 4 38 61 21
18 36 25 16 24 65 41
33 43 49 29 1 30 46
39 0 12 46 23 48 42
38 26 5 18 36 25 22
12 19 46 60 50 25 37
19 25 34 43 33 62 29
34 44 42 42 6 36 38
58 16 15 19 25 34 21
1 13 41 7 12 4 37
17 5 34 62 1 1 33
8 36 58 54 8 65 28
2 30 37 62 1 1 46
28 57 22 8 36 58 41
54 8 65 21 23 47 23
11 1 44 13 51 45 50
29 1 30 12 19 46 24
23 50 28 27 58 28 8
61 37 42 20 29 11 32
17 5 34 5 48 27 43
55 40 34 40 57 36 17
65 32 48 2 30 37 11
17 5 34 46 23 48 22
31 64 62 24 43 52 23
5 48 27 30 49 6 21
21 23 47 12 19 46 4
58 16 15 21 23 47 32
39 0 12 48 22 25 25
50 2 28 58 16 15 19
49 23 48 60 50 25 35
13 51 45 8 36 58 19
30 49 6 57 41 64 58
23 50 28 62 1 1 55
11 1 44 1 13 41 12
48 22 25 27 58 28 36
34 44 42 50 2 28 44
36 63 12 33 43 49 42
41 39 36 50 2 28 37
6 45 42 40 57 36 13
42 6 36 6 45 42 39
2 30 37 11 1 44 29
35 36 40 24 43 52 13
11 1 44 17 5 34 10
18 36 25 4 38 61 36
1 13 41 59 40 46 27
12 19 46 2 30 37 14
12 19 46 50 2 28 24
42 6 36 62 1 1 35
8 36 58 21 23 47 17
49 23 48 41 39 36 20
40 57 36 36 63 12 24
62 1 1 48 22 25 31
9 56 56 58 16 15 57
7 12 4 55 40 34 41
44 41 4 42 6 36 47
41 39 36 1 13 41 26
49 23 48 44 41 4 47
42 6 36 30 49 6 52
23 50 28 4 38 61 35
20 29 11 9 56 56 52
14 32 40 23 50 28 21
56 14 37 3 52 14 44
32 28 51 23 50 28 31
5 48 27 52 46 41 14
23 50 28 63 1 52 54
26 13 12 11 1 44 34
20 29 11 40 57 36 37
9 56 56 54 8 65 48
43 33 62 16 24 65 9
30 49 6 6 45 42 36
59 40 46 20 29 11 36
27 58 28 21 23 47 39
41 39 36 19 25 34 14
28 57 22 16 24 65 54
11 1 44 30 49 6 61
59 40 46 16 24 65 24
48 22 25 58 16 15 11
43 33 62 5 48 27 38
62 1 1 39 0 12 11
57 41 64 47 1 8 68
26 13 12 56 14 37 25
14 32 40 0 33 12 28
51 60 63 16 24 65 36
44 41 4 6 45 42 38
34 44 42 55 40 34 8
60 50 25 51 60 63 39
10 19 22 25 31 41 22
7 12 4 5 48 27 42
44 41 4 3 52 14 14
53 32 41 12 19 46 13
17 5 34 32 28 51 28
21 23 47 0 33 12 36
44 41 4 40 57 36 35
59 40 46 61 37 42 5
60 50 25 58 16 15 35
3 52 14 38 26 5 27
54 8 65 30 49 6 71
10 19 22 50 2 28 18
18 36 25 25 31 41 16
35 36 40 54 8 65 37
54 8 65 53 32 41 33
32 28 51 10 19 22 30
1 13 41 9 56 56 45
6 45 42 18 36 25 19
24 43 52 54 8 65 37
54 8 65 52 46 41 44
26 13 12 14 32 40 33
36 63 12 32 28 51 52
43 33 62 48 22 25 38
35 36 40 43 33 62 22
37 7 30 40 57 36 50
37 7 30 0 33 12 31
53 32 41 14 32 40 1
26 13 12 57 41 64 59
15 12 35 51 60 63 55
27 58 28 45 3 53 60
11 1 44 0 33 12 45
63 1 52 54 8 65 14
59 40 46 18 36 25 21
3 52 14 17 5 34 51
33 43 49 2 30 37 17
6 45 42 31 64 62 27
10 19 22 5 48 27 29
14 32 40 28 57 22 30
6 45 42 4 38 61 20
43 33 62 7 12 4 61
22 41 38 23 50 28 13
42 6 36 22 41 38 35
5 48 27 65 32 48 26
23 50 28 10 19 22 31
41 39 36 9 56 56 26
19 25 34 48 22 25 9
30 49 6 41 39 36 31
60 50 25 0 33 12 21
36 63 12 5 48 27 21
43 33 62 25 31 41 21
52 46 41 64 41 64 23
55 40 34 0 33 12 23
49 23 48 35 36 40 15
17 5 34 60 50 25 45
23 50 28 40 57 36 10
45 3 53 23 50 28 53
43 33 62 15 12 35 34
22 41 38 62 1 1 54
5 48 27 1 13 41 37
15 12 35 5 48 27 36
25 31 41 57 41 64 25
4 38 61 39 0 12 62
63 1 52 42 6 36 16
25 31 41 36 63 12 43
50 2 28 11 1 44 16
7 12 4 23 50 28 44
38 26 5 16 24 65 60
59 40 46 44 41 4 42
35 36 40 63 1 52 37
34 44 42 62 1 1 59
60 50 25 26 13 12 39
62 1 1 60 50 25 54
51 60 63 55 40 34 35
36 63 12 19 25 34 43
31 64 62 16 24 65 40
34 44 42 10 19 22 32
51 60 63 18 36 25 44
4 38 61 11 1 44 40
14 32 40 1 13 41 19
32 28 51 13 51 45 23
24 43 52 2 30 37 19
42 6 36 65 32 48 28
36 63 12 42 6 36 61
1 13 41 55 40 34 27
2 30 37 27 58 28 29
53 32 41 13 51 45 19
5 48 27 54 8 65 55
56 14 37 12 19 46 10
36 63 12 39 0 12 63
6 45 42 63 1 52 45
44 41 4 22 41 38 34
59 40 46 26 13 12 43
27 58 28 38 26 5 39
50 2 28 21 23 47 28
11 1 44 33 43 49 42
20 29 11 3 52 14 23
42 6 36 33 43 49 39
21 23 47 60 50 25 34
58 16 15 7 12 4 11
31 64 62 13 51 45 21
35 36 40 44 41 4 36
29 1 30 9 56 56 60
65 32 48 21 23 47 9
37 7 30 55 40 34 33
9 56 56 27 58 28 28
46 23 48 60 50 25 35
45 3 53 36 63 12 72
26 13 12 16 24 65 54
61 37 42 24 43 52 11
64 41 64 9 56 56 17
55 40 34 13 51 45 15
63 1 52 28 57 22 63
55 40 34 44 41 4 30
10 19 22 51 60 63 57
36 63 12 12 19 46 55
47 1 8 8 36 58 61
13 51 45 41 39 36 15
45 3 53 55 40 34 41
32 28 51 19 25 34 17
59 40 46 65 32 48 8
33 43 49 51 60 63 22
34 44 42 20 29 11 34
50 2 28 4 38 61 48
13 51 45 38 26 5 47
31 64 62 48 22 25 55
6 45 42 50 2 28 45
28 57 22 39 0 12 57
42 6 36 28 57 22 52
4 38 61 34 44 42 19
64 41 64 45 3 53 39
62 1 1 32 28 51 56
39 0 12 5 48 27 50
27 58 28 46 23 48 40
54 8 65 26 13 12 53
50 2 28 64 41 64 53
65 32 48 40 57 36 27
19 25 34 42 6 36 19
40 57 36 42 6 36 51
1 13 41 29 1 30 16
14 32 40 30 49 6 38
27 58 28 12 19 46 42
64 41 64 35 36 40 24
28 57 22 27 58 28 6
65 32 48 63 1 52 31
43 33 62 8 36 58 5
52 46 41 6 45 42 1
23 50 28 51 60 63 36
48 22 25 20 29 11 15
43 33 62 13 51 45 24
60 50 25 5 48 27 2
49 23 48 17 5 34 22
46 23 48 52 46 41 24
29 1 30 34 44 42 44
55 40 34 11 1 44 40
15 12 35 57 41 64 41
43 33 62 53 32 41 21
59 40 46 53 32 41 9
45 3 53 17 5 34 19
61 37 42 25 31 41 6
50 2 28 46 23 48 29
8 36 58 25 31 41 17
20 29 11 18 36 25 15
34 44 42 17 5 34 39
61 37 42 39 0 12 47
38 26 5 23 50 28 33
15 12 35 24 43 52 35
61 37 42 47 1 8 49
18 36 25 47 1 8 38
7 12 4 27 58 28 51
47 1 8 59 40 46 54
41 39 36 47 1 8 47
14 32 40 52 46 41 14
33 43 49 59 40 46 4
49 23 48 39 0 12 42
46 23 48 23 50 28 33
18 36 25 22 41 38 13
7 12 4 48 22 25 23
30 49 6 38 26 5 23
21 23 47 30 49 6 48
17 5 34 54 8 65 31
65 32 48 0 33 12 36
11 1 44 60 50 25 52
50 2 28 25 31 41 31
21 23 47 46 23 48 1
43 33 62 45 3 53 31
22 41 38 40 57 36 16
6 45 42 24 43 52 10
38 26 5 49 23 48 43
3 52 14 41 39 36 25
48 22 25 8 36 58 35
61 37 42 40 57 36 20
62 1 1 12 19 46 48
55 40 34 59 40 46 12
19 25 34 35 36 40 12
13 51 45 36 63 12 35
21 23 47 13 51 45 28
58 16 15 11 1 44 32
18 36 25 27 58 28 22
47 1 8 19 25 34 35
25 31 41 45 3 53 30
4 38 61 32 28 51 14
31 64 62 29 1 30 70
65 32 48 37 7 30 30
0 33 12 45 3 53 50
60 50 25 19 25 34 26
32 28 51 45 3 53 25
28 57 22 3 52 14 9
29 1 30 35 36 40 36
52 46 41 9 56 56 18
55 40 34 8 36 58 24
12 19 46 15 12 35 13
44 41 4 27 58 28 29
65 32 48 17 5 34 30
65 32 48 29 1 30 35
35 36 40 23 50 28 18
1 13 41 57 41 64 36
1 13 41 39 0 12 31
53 32 41 6 45 42 13
33 43 49 44 41 4 45
5 48 27 26 13 12 38
52 46 41 44 41 4 37
8 36 58 52 46 41 19
62 1 1 10 19 22 27
64 41 64 22 41 38 26
26 13 12 18 36 25 26
50 2 28 39 0 12 16
26 13 12 55 40 34 34
13 51 45 50 2 28 51
2 30 37 38 26 5 32
25 31 41 32 28 51 10
56 14 37 33 43 49 31
22 41 38 37 7 30 34
29 1 30 54 8 65 35
50 2 28 30 49 6 51
33 43 49 19 25 34 23
36 63 12 37 7 30 58
53 32 41 19 25 34 9
1 13 41 4 38 61 32
61 37 42 13 51 45 14
24 43 52 52 46 41 11
61 37 42 26 13 12 38
10 19 22 33 43 49 36
55 40 34 23 50 28 11
29 1 30 40 57 36 56
9 56 56 53 32 41 28
62 1 1 0 33 12 33
50 2 28 53 32 41 32
10 19 22 24 43 52 38
3 52 14 29 1 30 53
26 13 12 7 12 4 8
34 44 42 48 22 25 27
52 46 41 31 64 62 27
56 14 37 47 1 8 31
65 32 48 4 38 61 14
32 28 51 46 23 48 5
1 13 41 22 41 38 28
53 32 41 30 49 6 38
6 45 42 61 37 42 8
41 39 36 6 45 42 8
34 44 42 14 32 40 12
46 23 48 36 63 12 53
28 57 22 37 7 30 50
34 44 42 25 31 41 13
5 48 27 56 14 37 35
65 32 48 35 36 40 8
65 32 48 28 57 22 36
47 1 8 55 40 34 46
10 19 22 17 5 34 18
60 50 25 57 41 64 40
12 19 46 4 38 61 24
29 1 30 55 40 34 39
8 36 58 63 1 52 35
52 46 41 48 22 25 28
43 33 62 22 41 38 25
43 33 62 29 1 30 45
16 24 65 14 32 40 26
42 6 36 13 51 45 45
61 37 42 31 64 62 33
17 5 34 36 63 12 62
61 37 42 60 50 25 21
41 39 36 53 32 41 8
63 1 52 24 43 52 42
15 12 35 2 30 37 18
22 41 38 50 2 28 40
11 1 44 54 8 65 22
12 19 46 25 31 41 13
45 3 53 14 32 40 31
14 32 40 63 1 52 33
59 40 46 46 23 48 17
64 41 64 17 5 34 46
51 60 63 47 1 8 80
27 58 28 1 13 41 46
60 50 25 2 30 37 23
31 64 62 32 28 51 37
37 7 30 18 36 25 29
31 64 62 53 32 41 38
39 0 12 42 6 36 24
6 45 42 64 41 64 22
4 38 61 25 31 41 21
34 44 42 40 57 36 14
64 41 64 49 23 48 24
46 23 48 43 33 62 17
42 6 36 5 48 27 42
55 40 34 25 31 41 11
37 7 30 29 1 30 6
13 51 45 59 40 46 11
5 48 27 12 19 46 34
56 14 37 25 31 41 17
15 12 35 47 1 8 29
32 28 51 24 43 52 15
40 57 36 57 41 64 32
11 1 44 45 3 53 9
57 41 64 35 36 40 24
2 30 37 56 14 37 16
29 1 30 15 12 35 12
32 28 51 8 36 58 10
40 57 36 0 33 12 33
38 26 5 19 25 34 29
14 32 40 13 51 45 19
19 25 34 15 12 35 13
40 57 36 25 31 41 26
16 24 65 41 39 36 32
57 41 64 8 36 58 7
31 64 62 26 13 12 71
24 43 52 8 36 58 9
32 28 51 2 30 37 14
59 40 46 4 38 61 15
49 23 48 8 36 58 16
45 3 53 19 25 34 29
11 1 44 53 32 41 31
9 56 56 2 30 37 32
44 41 4 46 23 48 47
43 33 62 52 46 41 24
23 50 28 9 56 56 28
61 37 42 1 13 41 24
47 1 8 29 1 30 22
5 48 27 11 1 44 49
57 41 64 43 33 62 8
17 5 34 52 46 41 41
49 23 48 59 40 46 17
16 24 65 61 37 42 26
24 43 52 59 40 46 6
49 23 48 34 44 42 21
12 19 46 64 41 64 28
3 52 14 53 32 41 33
38 26 5 14 32 40 35
36 63 12 61 37 42 39
56 14 37 42 6 36 8
57 41 64 22 41 38 26
18 36 25 36 63 12 29
41 39 36 21 23 47 19
48 22 25 41 39 36 20
41 39 36 55 40 34 2
28 57 22 55 40 34 20
33 43 49 57 41 64 15
27 58 28 47 1 8 60
50 2 28 1 13 41 17
58 16 15 38 26 5 14
61 37 42 41 39 36 6
9 56 56 4 38 61 18
1 13 41 54 8 65 24
48 22 25 28 57 22 35
3 52 14 63 1 52 63
43 33 62 14 32 40 22
18 36 25 40 57 36 23
52 46 41 27 58 28 17
63 1 52 13 51 45 50
54 8 65 33 43 49 38
20 29 11 29 1 30 33
42 6 36 49 23 48 20
52 46 41 57 41 64 23
8 36 58 64 41 64 7
27 58 28 4 38 61 38
62 1 1 14 32 40 49
53 32 41 17 5 34 27
20 29 11 58 16 15 13
9 56 56 39 0 12 71
3 52 14 35 36 40 30
14 32 40 18 36 25 15
57 41 64 61 37 42 22
54 8 65 4 38 61 30
24 43 52 17 5 34 42
45 3 53 3 52 14 62
51 60 63 57 41 64 19
37 7 30 9 56 56 55
41 39 36 32 28 51 18
52 46 41 0 33 12 31
62 1 1 50 2 28 27
4 38 61 19 25 34 29
43 33 62 61 37 42 20
22 41 38 41 39 36 2
22 41 38 39 0 12 48
41 39 36 64 41 64 28
15 12 35 34 44 42 32
53 32 41 34 44 42 12
54 8 65 64 41 64 33
15 12 35 39 0 12 25
32 28 51 9 56 56 28
8 36 58 20 29 11 47
29 1 30 4 38 61 48
58 16 15 45 3 53 40
49 23 48 62 1 1 51
37 7 30 49 23 48 24
25 31 41 5 48 27 22
17 5 34 6 45 42 40
28 57 22 32 28 51 41
27 58 28 49 23 48 40
33 43 49 48 22 25 31
56 14 37 49 23 48 14
37 7 30 6 45 42 39
48 22 25 15 12 35 14
41 39 36 37 7 30 32
24 43 52 33 43 49 3
42 6 36 35 36 40 30
45 3 53 1 13 41 15
35 36 40 46 23 48 15
49 23 48 4 38 61 19
46 23 48 38 26 5 43
45 3 53 26 13 12 42
64 41 64 2 30 37 29
60 50 25 3 52 14 11
35 36 40 9 56 56 25
50 2 28 44 41 4 45
35 36 40 22 41 38 5
32 28 51 7 12 4 49
32 28 51 18 36 25 27
41 39 36 54 8 65 42
28 57 22 2 30 37 30
23 50 28 12 19 46 35
39 0 12 2 30 37 39
36 63 12 53 32 41 42
11 1 44 51 60 63 61
10 19 22 46 23 48 26
57 41 64 44 41 4 60
37 7 30 44 41 4 42
48 22 25 53 32 41 18
36 63 12 43 33 62 58
30 49 6 19 25 34 36
51 60 63 14 32 40 36
35 36 40 26 13 12 36
47 1 8 49 23 48 45
63 1 52 12 19 46 18
57 41 64 31 64 62 23
1 13 41 19 25 34 13
41 39 36 33 43 49 13
15 12 35 44 41 4 42
39 0 12 3 52 14 52
33 43 49 34 44 42 7
48 22 25 44 41 4 28
49 23 48 52 46 41 24
49 23 48 16 24 65 17
24 43 52 45 3 53 40
42 6 36 29 1 30 7
45 3 53 21 23 47 20
3 52 14 37 7 30 47
51 60 63 42 6 36 60
45 3 53 60 50 25 54
28 57 22 4 38 61 43
49 23 48 57 41 64 24
57 41 64 17 5 34 46
17 5 34 29 1 30 5
3 52 14 21 23 47 43
20 29 11 44 41 4 13
20 29 11 47 1 8 28
32 28 51 37 7 30 29
9 56 56 16 24 65 33
58 16 15 1 13 41 26
65 32 48 13 51 45 19
29 1 30 60 50 25 49
30 49 6 62 1 1 48
13 51 45 29 1 30 52
29 1 30 63 1 52 22
53 32 41 63 1 52 32
14 32 40 40 57 36 25
57 41 64 4 38 61 4
57 41 64 48 22 25 43
33 43 49 13 51 45 8
37 7 30 60 50 25 43
19 25 34 2 30 37 5
38 26 5 60 50 25 31
49 23 48 28 57 22 42
57 41 64 14 32 40 25
51 60 63 64 41 64 19
21 23 47 51 60 63 40
10 19 22 28 57 22 38
37 7 30 34 44 42 38
13 51 45 10 19 22 39
64 41 64 43 33 62 8
16 24 65 64 41 64 17
20 29 11 21 23 47 36
32 28 51 53 32 41 10
60 50 25 47 1 8 51
15 12 35 20 29 11 29
58 16 15 26 13 12 4
55 40 34 46 23 48 22
26 13 12 44 41 4 29
47 1 8 40 57 36 62
37 7 30 52 46 41 40
8 36 58 35 36 40 18
24 43 52 50 2 28 47
57 41 64 23 50 28 37
5 48 27 49 23 48 32
2 30 37 0 33 12 25
22 41 38 32 28 51 18
41 39 36 34 44 42 7
29 1 30 50 2 28 2
37 7 30 35 36 40 30
20 29 11 56 14 37 30
18 36 25 5 48 27 12
50 2 28 33 43 49 46
2 30 37 8 36 58 21
0 33 12 56 14 37 31
20 29 11 33 43 49 40
46 23 48 30 49 6 49
25 31 41 6 45 42 14
35 36 40 32 28 51 13
50 2 28 56 14 37 15
48 22 25 55 40 34 20
41 39 36 51 60 63 34
36 63 12 52 46 41 33
49 23 48 53 32 41 11
40 57 36 59 40 46 19
37 7 30 39 0 12 19
52 46 41 35 36 40 10
43 33 62 10 19 22 42
30 49 6 13 51 45 39
10 19 22 7 12 4 19
61 37 42 0 33 12 30
16 24 65 55 40 34 34
11 1 44 20 29 11 43
11 1 44 19 25 34 26
56 14 37 14 32 40 18
13 51 45 27 58 28 18
50 2 28 9 56 56 60
31 64 62 59 40 46 28
48 22 25 11 1 44 28
63 1 52 36 63 12 73
22 41 38 12 19 46 23
28 57 22 36 63 12 11
15 12 35 38 26 5 33
37 7 30 62 1 1 29
25 31 41 21 23 47 10
26 13 12 47 1 8 12
53 32 41 46 23 48 11
22 41 38 55 40 34 4
13 51 45 40 57 36 10
27 58 28 39 0 12 60
20 29 11 32 28 51 40
32 28 51 65 32 48 5
1 13 41 52 46 41 33
57 41 64 45 3 53 39
24 43 52 4 38 61 10
52 46 41 50 2 28 45
17 5 34 43 33 62 39
5 48 27 23 50 28 2
55 40 34 58 16 15 30
7 12 4 59 40 46 50
5 48 27 27 58 28 10
7 12 4 18 36 25 31
14 32 40 44 41 4 37
43 33 62 21 23 47 18
54 8 65 39 0 12 53
7 12 4 8 36 58 59
9 56 56 42 6 36 53
60 50 25 63 1 52 55
49 23 48 63 1 52 22
0 33 12 19 25 34 23
64 41 64 18 36 25 39
5 48 27 0 33 12 21
27 58 28 3 52 14 15
2 30 37 20 29 11 26
40 57 36 54 8 65 56
39 0 12 29 1 30 18
21 23 47 33 43 49 20
47 1 8 62 1 1 7
10 19 22 53 32 41 23
14 32 40 24 43 52 16
45 3 53 15 12 35 20
15 12 35 7 12 4 31
4 38 61 61 37 42 19
50 2 28 38 26 5 33
24 43 52 58 16 15 45
13 51 45 62 1 1 66
57 41 64 32 28 51 18
44 41 4 11 1 44 56
45 3 53 62 1 1 52
32 28 51 40 57 36 32
18 36 25 58 16 15 22
0 33 12 48 22 25 17
33 43 49 37 7 30 40
30 49 6 28 57 22 17
55 40 34 18 36 25 9
27 58 28 58 16 15 43
46 23 48 31 64 62 43
6 45 42 28 57 22 23
12 19 46 38 26 5 41
12 19 46 51 60 63 44
3 52 14 19 25 34 33
9 56 56 0 33 12 49
9 56 56 36 63 12 44
58 16 15 51 60 63 65
48 22 25 2 30 37 14
19 25 34 7 12 4 32
49 23 48 30 49 6 49
15 12 35 33 43 49 34
17 5 34 39 0 12 22
65 32 48 19 25 34 15
43 33 62 56 14 37 31
56 14 37 4 38 61 33
2 30 37 46 23 48 13
34 44 42 64 41 64 22
62 1 1 63 1 52 51
22 41 38 61 37 42 5
49 23 48 45 3 53 20
32 28 51 33 43 49 15
28 57 22 7 12 4 48
14 32 40 17 5 34 27
16 24 65 13 51 45 33
38 26 5 57 41 64 60
41 39 36 10 19 22 24
23 50 28 41 39 36 13
35 36 40 53 32 41 4
40 57 36 7 12 4 55
14 32 40 46 23 48 12
63 1 52 26 13 12 41
47 1 8 14 32 40 44
0 33 12 24 43 52 41
48 22 25 38 26 5 20
47 1 8 42 6 36 28
27 58 28 22 41 38 19
5 48 27 55 40 34 10
16 24 65 2 30 37 28
24 43 52 13 51 45 10