76 2850
58 47 64 32 53 53 12
57 67 47 50 67 51 4
23 38 1 69 39 5 4
8 38 8 15 33 45 37
54 22 38 72 41 34 19
67 28 3 8 38 8 11
69 39 5 71 19 74 71
70 44 48 17 24 19 35
37 15 16 51 38 40 33
54 22 38 13 16 52 15
25 14 40 11 60 74 57
57 67 47 26 15 73 58
33 73 4 15 33 45 57
56 73 14 40 9 19 64
39 10 18 15 33 45 35
43 46 14 37 15 16 31
62 6 2 46 63 68 87
14 32 0 72 41 34 35
7 12 6 5 22 10 10
42 55 14 70 44 48 35
7 12 6 43 46 14 34
55 70 62 65 52 53 20
27 67 62 67 28 3 70
52 54 14 22 19 75 70
13 16 52 6 50 50 34
49 71 43 34 60 19 26
4 75 43 37 15 16 65
33 73 4 4 75 43 39
21 13 47 3 23 58 14
28 73 62 20 56 12 52
37 15 16 41 16 68 52
38 45 43 13 16 52 30
6 50 50 40 9 19 51
69 39 5 33 73 4 34
2 64 54 59 49 9 47
75 26 26 57 67 47 46
61 64 11 62 6 2 58
17 24 19 30 28 46 27
65 52 53 20 56 12 41
8 38 8 65 52 53 47
62 6 2 65 52 53 68
18 0 48 27 67 62 68
3 23 58 41 16 68 12
3 23 58 29 0 74 28
59 49 9 32 53 53 44
21 13 47 10 32 26 28
66 31 4 54 22 38 35
1 63 16 75 26 26 38
39 10 18 66 31 4 25
23 38 1 55 70 62 68
75 26 26 38 45 43 25
36 7 60 60 72 43 67
65 52 53 4 75 43 25
16 54 52 28 73 62 21
7 12 6 38 45 43 49
37 15 16 61 64 11 49
33 73 4 62 6 2 67
31 49 44 46 63 68 27
64 65 1 47 65 32 31
45 59 4 57 67 47 43
12 26 64 61 64 11 65
2 64 54 11 60 74 20
71 19 74 35 21 38 36
38 45 43 62 6 2 56
25 14 40 29 0 74 36
56 73 14 46 63 68 54
18 0 48 60 72 43 72
57 67 47 2 64 54 7
28 73 62 56 73 14 48
29 0 74 73 23 38 42
44 56 21 11 60 74 53
59 49 9 28 73 62 58
24 37 29 34 60 19 25
64 65 1 42 55 14 16
63 5 2 36 7 60 58
25 14 40 28 73 62 62
70 44 48 23 38 1 47
64 65 1 70 44 48 51
74 75 74 51 38 40 50
55 70 62 57 67 47 15
74 75 74 7 12 6 92
52 54 14 35 21 38 40
16 54 52 0 2 36 54
25 14 40 5 22 10 31
6 50 50 44 56 21 29
41 16 68 65 52 53 39
15 33 45 60 72 43 39
61 64 11 58 47 64 55
37 15 16 21 13 47 31
65 52 53 1 63 16 38
31 49 44 67 28 3 46
11 60 74 47 65 32 42
1 63 16 28 73 62 47
67 28 3 19 7 20 27
10 32 26 57 67 47 40
48 69 55 0 2 36 69
20 56 12 42 55 14 2
7 12 6 42 55 14 43
24 37 29 18 0 48 41
11 60 74 53 9 40 61
65 52 53 44 56 21 32
44 56 21 60 72 43 27
29 0 74 60 72 43 78
55 70 62 1 63 16 46
65 52 53 64 65 1 53
34 60 19 31 49 44 27
66 31 4 14 32 0 4
54 22 38 58 47 64 36
62 6 2 24 37 29 41
0 2 36 4 75 43 73
5 22 10 6 50 50 48
43 46 14 44 56 21 12
17 24 19 22 19 75 56
63 5 2 8 38 8 33
49 71 43 65 52 53 21
16 54 52 58 47 64 13
23 38 1 71 19 74 75
13 16 52 51 38 40 25
16 54 52 49 71 43 19
28 73 62 50 67 51 12
8 38 8 24 37 29 21
63 5 2 34 60 19 57
35 21 38 70 44 48 25
33 73 4 22 19 75 89
26 15 73 68 64 49 54
1 63 16 41 16 68 70
41 16 68 30 28 46 25
54 22 38 24 37 29 17
28 73 62 38 45 43 33
75 26 26 23 38 1 27
68 64 49 74 75 74 27
68 64 49 59 49 9 42
16 54 52 63 5 2 70
15 33 45 21 13 47 20
60 72 43 41 16 68 61
68 64 49 47 65 32 17
34 60 19 30 28 46 41
59 49 9 8 38 8 11
30 28 46 12 26 64 18
51 38 40 12 26 64 26
15 33 45 23 38 1 44
32 53 53 42 55 14 39
47 65 32 36 7 60 64
44 56 21 72 41 34 19
25 14 40 56 73 14 64
12 26 64 10 32 26 38
2 64 54 40 9 19 65
11 60 74 24 37 29 50
26 15 73 40 9 19 54
11 60 74 43 46 14 61
73 23 38 20 56 12 42
45 59 4 68 64 49 45
20 56 12 10 32 26 27
63 5 2 52 54 14 50
2 64 54 15 33 45 32
14 32 0 5 22 10 14
45 59 4 16 54 52 48
44 56 21 15 33 45 33
15 33 45 26 15 73 33
2 64 54 37 15 16 62
23 38 1 67 28 3 10
74 75 74 38 45 43 43
0 2 36 53 9 40 8
5 22 10 62 6 2 17
72 41 34 27 67 62 38
33 73 4 58 47 64 65
22 19 75 69 39 5 72
1 63 16 51 38 40 34
15 33 45 5 22 10 36
33 73 4 51 38 40 50
67 28 3 53 9 40 41
24 37 29 55 70 62 46
67 28 3 57 67 47 58
75 26 26 12 26 64 38
37 15 16 24 37 29 25
69 39 5 9 56 51 49
50 67 51 39 10 18 65
55 70 62 73 23 38 52
55 70 62 45 59 4 59
65 52 53 33 73 4 53
71 19 74 25 14 40 34
10 32 26 69 39 5 22
73 23 38 7 12 6 33
21 13 47 61 64 11 62
46 63 68 36 7 60 56
67 28 3 18 0 48 53
11 60 74 72 41 34 44
27 67 62 5 22 10 68
10 32 26 39 10 18 23
57 67 47 24 37 29 34
64 65 1 38 45 43 46
15 33 45 18 0 48 33
49 71 43 29 0 74 77
20 56 12 61 64 11 8
58 47 64 43 46 14 50
43 46 14 45 59 4 16
36 7 60 30 28 46 25
31 49 44 43 46 14 30
41 16 68 32 53 53 39
45 59 4 72 41 34 34
5 22 10 66 31 4 10
34 60 19 5 22 10 39
21 13 47 39 10 18 29
56 73 14 35 21 38 57
46 63 68 57 67 47 21
74 75 74 37 15 16 83
63 5 2 26 15 73 71
23 38 1 13 16 52 55
4 75 43 72 41 34 35
25 14 40 50 67 51 54
67 28 3 10 32 26 23
19 7 20 12 26 64 47
25 14 40 43 46 14 41
9 56 51 46 63 68 18
51 38 40 62 6 2 49
26 15 73 72 41 34 46
8 38 8 75 26 26 21
73 23 38 33 73 4 60
42 55 14 10 32 26 25
58 47 64 47 65 32 36
36 7 60 44 56 21 62
16 54 52 51 38 40 20
66 31 4 47 65 32 44
46 63 68 17 24 19 62
57 67 47 17 24 19 51
18 0 48 38 45 43 45
67 28 3 63 5 2 23
16 54 52 46 63 68 18
33 73 4 53 9 40 73
18 0 48 64 65 1 80
51 38 40 65 52 53 19
67 28 3 14 32 0 5
52 54 14 54 22 38 40
51 38 40 75 26 26 18
75 26 26 69 39 5 24
1 63 16 72 41 34 28
5 22 10 2 64 54 60
11 60 74 65 52 53 22
49 71 43 73 23 38 48
36 7 60 37 15 16 44
57 67 47 71 19 74 55
13 16 52 1 63 16 59
42 55 14 29 0 74 81
28 73 62 61 64 11 51
2 64 54 71 19 74 49
50 67 51 10 32 26 43
50 67 51 33 73 4 47
55 70 62 69 39 5 64
48 69 55 20 56 12 44
36 7 60 45 59 4 76
7 12 6 17 24 19 17
52 54 14 32 53 53 39
70 44 48 31 49 44 6
52 54 14 55 70 62 50
62 6 2 40 9 19 17
34 60 19 60 72 43 26
68 64 49 41 16 68 51
42 55 14 73 23 38 40
64 65 1 22 19 75 87
49 71 43 62 6 2 76
5 22 10 9 56 51 53
42 55 14 57 67 47 35
17 24 19 0 2 36 27
22 19 75 2 64 54 49
36 7 60 61 64 11 75
15 33 45 10 32 26 19
52 54 14 20 56 12 2
31 49 44 6 50 50 6
7 12 6 29 0 74 69
63 5 2 72 41 34 48
70 44 48 10 32 26 25
21 13 47 36 7 60 14
44 56 21 39 10 18 46
28 73 62 2 64 54 12
59 49 9 20 56 12 7
63 5 2 75 26 26 31
63 5 2 64 65 1 60
73 23 38 70 44 48 23
11 60 74 10 32 26 55
55 70 62 49 71 43 19
62 6 2 47 65 32 66
35 21 38 48 69 55 50
73 23 38 58 47 64 35
8 38 8 55 70 62 62
73 23 38 52 54 14 39
17 24 19 72 41 34 22
11 60 74 36 7 60 54
13 16 52 12 26 64 15
18 0 48 0 2 36 12
3 23 58 24 37 29 32
36 7 60 23 38 1 66
43 46 14 24 37 29 17
22 19 75 20 56 12 73
46 63 68 26 15 73 48
6 50 50 4 75 43 25
9 56 51 0 2 36 56
55 70 62 29 0 74 71
58 47 64 8 38 8 56
52 54 14 10 32 26 25
74 75 74 35 21 38 64
16 54 52 34 60 19 33
25 14 40 48 69 55 57
0 2 36 34 60 19 60
70 44 48 57 67 47 23
65 52 53 3 23 58 29
28 73 62 4 75 43 19
53 9 40 42 55 14 52
52 54 14 27 67 62 49
70 44 48 55 70 62 29
48 69 55 59 49 9 50
65 52 53 25 14 40 40
65 52 53 13 16 52 36
42 55 14 59 49 9 7
30 28 46 26 15 73 29
32 53 53 67 28 3 55
21 13 47 0 2 36 15
70 44 48 65 52 53 9
46 63 68 11 60 74 6
33 73 4 11 60 74 71
30 28 46 47 65 32 39
66 31 4 56 73 14 43
27 67 62 22 19 75 49
44 56 21 16 54 52 31
15 33 45 67 28 3 42
50 67 51 63 5 2 79
12 26 64 57 67 47 44
61 64 11 15 33 45 46
49 71 43 24 37 29 36
6 50 50 20 56 12 38
6 50 50 59 49 9 41
29 0 74 5 22 10 67
48 69 55 24 37 29 41
17 24 19 11 60 74 65
0 2 36 7 12 6 31
61 64 11 18 0 48 73
49 71 43 11 60 74 32
40 9 19 19 7 20 2
15 33 45 29 0 74 43
59 49 9 70 44 48 39
42 55 14 74 75 74 63
4 75 43 51 38 40 37
71 19 74 40 9 19 55
62 6 2 32 53 53 69
69 39 5 70 44 48 43
55 70 62 41 16 68 54
32 53 53 12 26 64 29
23 38 1 10 32 26 25
68 64 49 43 46 14 39
46 63 68 49 71 43 26
30 28 46 45 59 4 52
74 75 74 63 5 2 100
28 73 62 47 65 32 31
32 53 53 33 73 4 52
63 5 2 30 28 46 49
35 21 38 7 12 6 33
25 14 40 52 54 14 47
67 28 3 37 15 16 18
54 22 38 10 32 26 15
72 41 34 62 6 2 47
56 73 14 44 56 21 18
39 10 18 19 7 20 3
46 63 68 30 28 46 41
63 5 2 69 39 5 34
67 28 3 35 21 38 35
41 16 68 54 22 38 30
16 54 52 33 73 4 51
26 15 73 22 19 75 4
49 71 43 66 31 4 55
19 7 20 42 55 14 48
20 56 12 71 19 74 72
57 67 47 8 38 8 48
38 45 43 1 63 16 32
60 72 43 65 52 53 22
55 70 62 17 24 19 62
46 63 68 32 53 53 18
13 16 52 20 56 12 56
36 7 60 8 38 8 60
51 38 40 69 39 5 35
25 14 40 70 44 48 31
40 9 19 63 5 2 17
45 59 4 33 73 4 14
33 73 4 8 38 8 35
63 5 2 43 46 14 42
57 67 47 61 64 11 36
19 7 20 53 9 40 20
52 54 14 12 26 64 57
61 64 11 2 64 54 43
55 70 62 26 15 73 56
27 67 62 46 63 68 7
35 21 38 63 5 2 39
23 38 1 16 54 52 53
29 0 74 36 7 60 15
74 75 74 53 9 40 74
26 15 73 74 75 74 60
1 63 16 24 37 29 29
14 32 0 71 19 74 75
75 26 26 7 12 6 24
62 6 2 28 73 62 89
31 49 44 54 22 38 27
22 19 75 10 32 26 50
13 16 52 18 0 48 16
42 55 14 35 21 38 41
35 21 38 18 0 48 23
42 55 14 63 5 2 51
30 28 46 57 67 47 39
66 31 4 53 9 40 42
24 37 29 30 28 46 19
64 65 1 49 71 43 42
44 56 21 59 49 9 13
56 73 14 63 5 2 69
17 24 19 48 69 55 57
4 75 43 24 37 29 40
11 60 74 67 28 3 77
7 12 6 65 52 53 61
58 47 64 20 56 12 52
48 69 55 65 52 53 17
37 15 16 66 31 4 20
44 56 21 49 71 43 26
44 56 21 54 22 38 38
28 73 62 12 26 64 47
41 16 68 57 67 47 55
74 75 74 33 73 4 70
16 54 52 40 9 19 55
60 72 43 9 56 51 17
17 24 19 35 21 38 19
22 19 75 49 71 43 61
36 7 60 52 54 14 65
50 67 51 17 24 19 53
10 32 26 18 0 48 38
55 70 62 40 9 19 74
16 54 52 37 15 16 53
61 64 11 53 9 40 62
15 33 45 55 70 62 40
31 49 44 48 69 55 22
13 16 52 68 64 49 48
56 73 14 52 54 14 19
6 50 50 60 72 43 23
28 73 62 46 63 68 11
20 56 12 36 7 60 68
15 33 45 14 32 0 45
66 31 4 73 23 38 34
2 64 54 12 26 64 39
27 67 62 3 23 58 44
71 19 74 48 69 55 53
21 13 47 13 16 52 5
44 56 21 67 28 3 33
5 22 10 60 72 43 59
30 28 46 64 65 1 58
69 39 5 12 26 64 60
53 9 40 38 45 43 36
40 9 19 66 31 4 26
15 33 45 43 46 14 33
25 14 40 26 15 73 33
73 23 38 50 67 51 45
36 7 60 7 12 6 54
63 5 2 1 63 16 59
68 64 49 51 38 40 27
50 67 51 37 15 16 62
25 14 40 33 73 4 69
73 23 38 30 28 46 9
13 16 52 25 14 40 12
10 32 26 37 15 16 19
68 64 49 56 73 14 36
72 41 34 24 37 29 6
34 60 19 65 52 53 34
3 23 58 71 19 74 16
11 60 74 13 16 52 49
75 26 26 67 28 3 23
0 2 36 46 63 68 68
31 49 44 39 10 18 46
61 64 11 32 53 53 43
28 73 62 40 9 19 77
45 59 4 24 37 29 33
70 44 48 19 7 20 46
64 65 1 41 16 68 83
10 32 26 5 22 10 18
0 2 36 11 60 74 69
26 15 73 48 69 55 56
55 70 62 9 56 51 17
72 41 34 5 22 10 30
35 21 38 25 14 40 7
9 56 51 6 50 50 6
59 49 9 58 47 64 55
60 72 43 16 54 52 20
45 59 4 21 13 47 62
7 12 6 72 41 34 40
38 45 43 15 33 45 12
22 19 75 43 46 14 66
45 59 4 27 67 62 58
57 67 47 19 7 20 65
25 14 40 20 56 12 50
40 9 19 27 67 62 72
64 65 1 46 63 68 67
11 60 74 41 16 68 44
49 71 43 40 9 19 66
22 19 75 0 2 36 42
52 54 14 2 64 54 41
38 45 43 51 38 40 7
5 22 10 68 64 49 57
69 39 5 8 38 8 3
18 0 48 42 55 14 64
19 7 20 49 71 43 68
55 70 62 32 53 53 19
62 6 2 18 0 48 46
24 37 29 64 65 1 39
46 63 68 20 56 12 56
30 28 46 54 22 38 10
55 70 62 59 49 9 57
1 63 16 42 55 14 8
4 75 43 22 19 75 64
10 32 26 27 67 62 50
17 24 19 73 23 38 19
33 73 4 71 19 74 88
57 67 47 27 67 62 15
42 55 14 36 7 60 66
21 13 47 74 75 74 67
68 64 49 46 63 68 19
1 63 16 9 56 51 35
45 59 4 40 9 19 52
7 12 6 64 65 1 53
49 71 43 47 65 32 12
39 10 18 45 59 4 50
50 67 51 49 71 43 8
38 45 43 52 54 14 30
43 46 14 65 52 53 39
18 0 48 74 75 74 79
20 56 12 62 6 2 50
17 24 19 14 32 0 20
14 32 0 63 5 2 27
4 75 43 9 56 51 20
29 0 74 23 38 1 82
42 55 14 49 71 43 33
66 31 4 7 12 6 19
34 60 19 70 44 48 33
1 63 16 10 32 26 32
25 14 40 9 56 51 43
29 0 74 32 53 53 57
6 50 50 29 0 74 55
20 56 12 47 65 32 21
25 14 40 30 28 46 15
40 9 19 1 63 16 54
74 75 74 19 7 20 86
44 56 21 33 73 4 24
10 32 26 28 73 62 54
73 23 38 28 73 62 55
40 9 19 34 60 19 51
64 65 1 13 16 52 70
15 33 45 37 15 16 34
73 23 38 4 75 43 52
17 24 19 69 39 5 20
16 54 52 10 32 26 34
30 28 46 4 75 43 47
32 53 53 75 26 26 38
7 12 6 58 47 64 67
0 2 36 58 47 64 53
62 6 2 30 28 46 49
64 65 1 44 56 21 21
65 52 53 68 64 49 12
58 47 64 37 15 16 57
21 13 47 68 64 49 51
44 56 21 53 9 40 50
12 26 64 39 10 18 48
13 16 52 24 37 29 31
5 22 10 22 19 75 65
45 59 4 22 19 75 81
17 24 19 6 50 50 40
57 67 47 23 38 1 54
53 9 40 8 38 8 43
7 12 6 1 63 16 51
3 23 58 69 39 5 55
59 49 9 74 75 74 70
21 13 47 59 49 9 52
47 65 32 67 28 3 47
39 10 18 64 65 1 57
12 26 64 47 65 32 50
48 69 55 40 9 19 69
35 21 38 55 70 62 54
11 60 74 14 32 0 79
29 0 74 75 26 26 54
66 31 4 67 28 3 3
21 13 47 40 9 19 28
30 28 46 13 16 52 13
34 60 19 26 15 73 70
49 71 43 27 67 62 19
37 15 16 23 38 1 27
74 75 74 15 33 45 51
62 6 2 4 75 43 80
69 39 5 48 69 55 58
62 6 2 22 19 75 74
19 7 20 1 63 16 56
35 21 38 49 71 43 50
17 24 19 54 22 38 19
31 49 44 9 56 51 9
19 7 20 26 15 73 53
55 70 62 43 46 14 53
57 67 47 32 53 53 15
73 23 38 11 60 74 51
13 16 52 60 72 43 56
2 64 54 75 26 26 47
41 16 68 52 54 14 66
72 41 34 64 65 1 40
16 54 52 3 23 58 31
34 60 19 15 33 45 37
61 64 11 55 70 62 51
53 9 40 35 21 38 12
4 75 43 15 33 45 42
25 14 40 69 39 5 43
44 56 21 57 67 47 28
48 69 55 8 38 8 56
25 14 40 41 16 68 28
73 23 38 1 63 16 45
37 15 16 64 65 1 52
74 75 74 55 70 62 13
1 63 16 43 46 14 17
73 23 38 41 16 68 30
72 41 34 50 67 51 31
45 59 4 0 2 36 65
68 64 49 69 39 5 50
18 0 48 39 10 18 31
67 28 3 36 7 60 60
7 12 6 23 38 1 26
21 13 47 11 60 74 54
45 59 4 64 65 1 6
23 38 1 43 46 14 15
23 38 1 68 64 49 54
31 49 44 40 9 19 47
25 14 40 60 72 43 58
60 72 43 66 31 4 56
33 73 4 60 72 43 39
73 23 38 63 5 2 40
32 53 53 13 16 52 37
64 65 1 66 31 4 34
60 72 43 40 9 19 67
14 32 0 10 32 26 26
20 56 12 1 63 16 8
0 2 36 13 16 52 21
4 75 43 75 26 26 51
54 22 38 73 23 38 1
53 9 40 51 38 40 29
55 70 62 51 38 40 38
25 14 40 18 0 48 16
41 16 68 24 37 29 44
31 49 44 2 64 54 18
41 16 68 19 7 20 48
21 13 47 75 26 26 24
17 24 19 29 0 74 60
75 26 26 50 67 51 48
53 9 40 7 12 6 34
27 67 62 68 64 49 13
8 38 8 7 12 6 26
29 0 74 14 32 0 80
8 38 8 11 60 74 69
40 9 19 52 54 14 45
16 54 52 53 9 40 46
8 38 8 54 22 38 34
9 56 51 68 64 49 8
19 7 20 44 56 21 49
15 33 45 22 19 75 33
11 60 74 38 45 43 34
16 54 52 52 54 14 38
48 69 55 70 44 48 25
11 60 74 58 47 64 16
10 32 26 51 38 40 15
64 65 1 23 38 1 27
17 24 19 25 14 40 23
30 28 46 22 19 75 30
13 16 52 69 39 5 52
11 60 74 27 67 62 13
22 19 75 72 41 34 46
0 2 36 36 7 60 24
56 73 14 7 12 6 61
34 60 19 20 56 12 8
0 2 36 65 52 53 52
46 63 68 2 64 54 14
35 21 38 20 56 12 43
19 7 20 65 52 53 55
74 75 74 25 14 40 69
39 10 18 70 44 48 45
21 13 47 62 6 2 45
58 47 64 60 72 43 32
33 73 4 64 65 1 8
28 73 62 34 60 19 44
55 70 62 34 60 19 44
31 49 44 61 64 11 36
44 56 21 3 23 58 49
26 15 73 58 47 64 33
9 56 51 15 33 45 23
46 63 68 14 32 0 74
43 46 14 49 71 43 38
42 55 14 51 38 40 31
75 26 26 59 49 9 28
66 31 4 17 24 19 16
19 7 20 69 39 5 35
39 10 18 11 60 74 75
22 19 75 41 16 68 7
47 65 32 60 72 43 13
42 55 14 61 64 11 9
3 23 58 17 24 19 39
5 22 10 8 38 8 16
37 15 16 14 32 0 23
3 23 58 73 23 38 20
37 15 16 7 12 6 10
53 9 40 18 0 48 12
42 55 14 8 38 8 18
22 19 75 18 0 48 33
18 0 48 31 49 44 49
20 56 12 3 23 58 56
19 7 20 61 64 11 57
31 49 44 42 55 14 30
57 67 47 58 47 64 26
30 28 46 44 56 21 37
42 55 14 38 45 43 30
51 38 40 67 28 3 38
10 32 26 43 46 14 18
32 53 53 8 38 8 47
46 63 68 44 56 21 47
73 23 38 23 38 1 39
38 45 43 57 67 47 22
55 70 62 64 65 1 61
24 37 29 28 73 62 48
19 7 20 22 19 75 56
24 37 29 56 73 14 39
37 15 16 30 28 46 32
29 0 74 53 9 40 35
27 67 62 39 10 18 72
3 23 58 0 2 36 30
51 38 40 5 22 10 34
44 56 21 71 19 74 64
65 52 53 47 65 32 24
39 10 18 24 37 29 29
10 32 26 3 23 58 33
73 23 38 19 7 20 24
52 54 14 66 31 4 25
33 73 4 68 64 49 45
65 52 53 35 21 38 34
65 52 53 5 22 10 52
41 16 68 14 32 0 69
72 41 34 65 52 53 21
24 37 29 2 64 54 36
66 31 4 16 54 52 53
65 52 53 61 64 11 43
31 49 44 24 37 29 19
27 67 62 28 73 62 6
42 55 14 13 16 52 54
43 46 14 50 67 51 42
65 52 53 15 33 45 20
32 53 53 21 13 47 40
22 19 75 11 60 74 41
9 56 51 20 56 12 39
23 38 1 5 22 10 18
63 5 2 33 73 4 68
72 41 34 29 0 74 57
34 60 19 8 38 8 24
12 26 64 44 56 21 52
50 67 51 13 16 52 51
40 9 19 0 2 36 18
71 19 74 12 26 64 12
68 64 49 25 14 40 50
7 12 6 34 60 19 49
50 67 51 68 64 49 3
2 64 54 14 32 0 62
6 50 50 34 60 19 32
72 41 34 33 73 4 43
32 53 53 27 67 62 16
26 15 73 3 23 58 17
67 28 3 72 41 34 33
49 71 43 48 69 55 12
42 55 14 58 47 64 50
55 70 62 18 0 48 71
46 63 68 25 14 40 56
40 9 19 61 64 11 55
46 63 68 61 64 11 57
68 64 49 32 53 53 11
14 32 0 0 2 36 46
36 7 60 57 67 47 61
41 16 68 43 46 14 61
13 16 52 61 64 11 63
8 38 8 27 67 62 61
54 22 38 29 0 74 42
50 67 51 67 28 3 61
23 38 1 9 56 51 53
28 73 62 36 7 60 66
62 6 2 68 64 49 74
31 49 44 75 26 26 29
23 38 1 21 13 47 52
34 60 19 69 39 5 25
59 49 9 50 67 51 45
30 28 46 51 38 40 11
9 56 51 21 13 47 43
56 73 14 45 59 4 17
52 54 14 28 73 62 51
25 14 40 19 7 20 21
23 38 1 6 50 50 50
11 60 74 3 23 58 40
37 15 16 57 67 47 60
56 73 14 64 65 1 15
11 60 74 54 22 38 52
29 0 74 39 10 18 56
43 46 14 59 49 9 5
68 64 49 39 10 18 62
38 45 43 59 49 9 34
30 28 46 66 31 4 42
67 28 3 73 23 38 35
6 50 50 30 28 46 22
0 2 36 37 15 16 23
35 21 38 37 15 16 22
34 60 19 39 10 18 50
59 49 9 56 73 14 24
10 32 26 36 7 60 42
11 60 74 23 38 1 76
70 44 48 72 41 34 14
48 69 55 14 32 0 66
6 50 50 52 54 14 36
39 10 18 52 54 14 44
40 9 19 4 75 43 70
47 65 32 21 13 47 54
22 19 75 14 32 0 76
22 19 75 50 67 51 53
52 54 14 26 15 73 70
23 38 1 56 73 14 37
62 6 2 64 65 1 59
59 49 9 29 0 74 81
29 0 74 66 31 4 76
29 0 74 41 16 68 17
22 19 75 73 23 38 37
10 32 26 7 12 6 28
15 33 45 46 63 68 37
8 38 8 6 50 50 43
12 26 64 16 54 52 30
74 75 74 10 32 26 64
49 71 43 18 0 48 71
24 37 29 23 38 1 28
19 7 20 20 56 12 49
58 47 64 51 38 40 25
4 75 43 50 67 51 11
23 38 1 34 60 19 28
53 9 40 17 24 19 25
38 45 43 5 22 10 40
30 28 46 32 53 53 25
14 32 0 50 67 51 61
75 26 26 24 37 29 11
71 19 74 0 2 36 41
0 2 36 62 6 2 34
69 39 5 56 73 14 35
22 19 75 53 9 40 36
14 32 0 42 55 14 26
70 44 48 37 15 16 43
5 22 10 52 54 14 32
38 45 43 66 31 4 41
54 22 38 45 59 4 50
26 15 73 20 56 12 73
47 65 32 4 75 43 14
54 22 38 16 54 52 34
60 72 43 22 19 75 61
52 54 14 17 24 19 30
22 19 75 40 9 19 56
55 70 62 21 13 47 58
67 28 3 43 46 14 21
42 55 14 68 64 49 36
6 50 50 42 55 14 36
29 0 74 52 54 14 80
12 26 64 64 65 1 74
66 31 4 13 16 52 50
37 15 16 22 19 75 59
30 28 46 23 38 1 46
7 12 6 25 14 40 34
75 26 26 27 67 62 54
9 56 51 71 19 74 43
45 59 4 15 33 45 48
13 16 52 39 10 18 34
61 64 11 51 38 40 38
31 49 44 44 56 21 24
59 49 9 27 67 62 55
38 45 43 10 32 26 21
19 7 20 63 5 2 18
52 54 14 67 28 3 28
19 7 20 31 49 44 48
33 73 4 10 32 26 46
38 45 43 19 7 20 44
16 54 52 14 32 0 56
3 23 58 14 32 0 58
36 7 60 2 64 54 57
5 22 10 57 67 47 58
55 70 62 54 22 38 53
28 73 62 49 71 43 19
42 55 14 12 26 64 57
51 38 40 57 67 47 29
29 0 74 57 67 47 72
23 38 1 26 15 73 75
42 55 14 16 54 52 38
67 28 3 60 72 43 59
63 5 2 51 38 40 50
66 31 4 26 15 73 70
42 55 14 41 16 68 66
15 33 45 59 49 9 39
40 9 19 64 65 1 58
69 39 5 66 31 4 8
22 19 75 44 56 21 65
5 22 10 42 55 14 33
32 53 53 44 56 21 32
39 10 18 38 45 43 43
72 41 34 56 73 14 37
74 75 74 49 71 43 31
26 15 73 53 9 40 33
9 56 51 43 46 14 38
38 45 43 22 19 75 41
11 60 74 57 67 47 27
58 47 64 9 56 51 15
44 56 21 62 6 2 53
37 15 16 44 56 21 41
14 32 0 55 70 62 72
62 6 2 69 39 5 33
27 67 62 17 24 19 60
58 47 64 6 50 50 14
0 2 36 1 63 16 64
0 2 36 31 49 44 47
1 63 16 48 69 55 39
36 7 60 3 23 58 16
34 60 19 59 49 9 14
55 70 62 39 10 18 74
38 45 43 24 37 29 16
50 67 51 18 0 48 67
21 13 47 43 46 14 46
34 60 19 11 60 74 55
62 6 2 13 16 52 50
38 45 43 55 70 62 31
6 50 50 16 54 52 4
46 63 68 45 59 4 64
61 64 11 0 2 36 66
31 49 44 16 54 52 9
43 46 14 6 50 50 36
26 15 73 61 64 11 79
66 31 4 32 53 53 53
75 26 26 56 73 14 48
56 73 14 17 24 19 49
21 13 47 4 75 43 62
66 31 4 12 26 64 60
9 56 51 24 37 29 29
0 2 36 73 23 38 21
65 52 53 42 55 14 39
54 22 38 18 0 48 24
27 67 62 60 72 43 19
41 16 68 72 41 34 42
26 15 73 71 19 74 4
8 38 8 13 16 52 49
10 32 26 64 65 1 41
8 38 8 1 63 16 26
30 28 46 14 32 0 46
5 22 10 41 16 68 58
38 45 43 37 15 16 40
21 13 47 53 9 40 8
42 55 14 23 38 1 21
8 38 8 22 19 75 69
0 2 36 32 53 53 53
40 9 19 51 38 40 35
28 73 62 45 59 4 59
63 5 2 5 22 10 18
19 7 20 10 32 26 25
8 38 8 40 9 19 31
47 65 32 3 23 58 49
51 38 40 31 49 44 11
28 73 62 63 5 2 90
67 28 3 1 63 16 37
25 14 40 31 49 44 35
60 72 43 3 23 58 51
40 9 19 54 22 38 23
4 75 43 66 31 4 58
66 31 4 21 13 47 46
64 65 1 60 72 43 42
75 26 26 45 59 4 39
9 56 51 38 45 43 13
51 38 40 29 0 74 50
64 65 1 35 21 38 57
26 15 73 69 39 5 72
65 52 53 75 26 26 37
23 38 1 31 49 44 44
49 71 43 25 14 40 57
0 2 36 67 28 3 42
40 9 19 46 63 68 72
35 21 38 15 33 45 13
21 13 47 58 47 64 38
12 26 64 54 22 38 26
50 67 51 34 60 19 32
64 65 1 51 38 40 47
48 69 55 74 75 74 19
32 53 53 6 50 50 4
68 64 49 29 0 74 68
17 24 19 28 73 62 65
61 64 11 70 44 48 42
29 0 74 20 56 12 83
70 44 48 56 73 14 44
4 75 43 27 67 62 20
66 31 4 72 41 34 31
21 13 47 34 60 19 54
66 31 4 42 55 14 26
27 67 62 65 52 53 17
27 67 62 58 47 64 20
7 12 6 49 71 43 69
51 38 40 24 37 29 11
2 64 54 20 56 12 42
60 72 43 39 10 18 66
17 24 19 4 75 43 56
12 26 64 22 19 75 13
32 53 53 50 67 51 14
63 5 2 55 70 62 88
46 63 68 72 41 34 40
2 64 54 44 56 21 33
45 59 4 65 52 53 49
43 46 14 35 21 38 34
67 28 3 16 54 52 55
27 67 62 1 63 16 46
39 10 18 6 50 50 51
41 16 68 59 49 9 67
0 2 36 50 67 51 66
15 33 45 42 55 14 38
38 45 43 20 56 12 32
74 75 74 60 72 43 31
58 47 64 69 39 5 59
0 2 36 2 64 54 64
21 13 47 54 22 38 12
2 64 54 18 0 48 64
65 52 53 2 64 54 12
29 0 74 64 65 1 97
26 15 73 45 59 4 81
33 73 4 52 54 14 21
57 67 47 43 46 14 39
6 50 50 71 19 74 39
54 22 38 47 65 32 43
72 41 34 53 9 40 32
22 19 75 58 47 64 30
33 73 4 21 13 47 73
31 49 44 15 33 45 16
4 75 43 38 45 43 30
33 73 4 39 10 18 64
63 5 2 37 15 16 17
73 23 38 46 63 68 50
58 47 64 65 52 53 12
33 73 4 47 65 32 29
11 60 74 74 75 74 15
38 45 43 73 23 38 22
25 14 40 12 26 64 26
2 64 54 42 55 14 41
21 13 47 69 39 5 49
66 31 4 28 73 62 71
55 70 62 20 56 12 51
39 10 18 73 23 38 23
21 13 47 57 67 47 54
62 6 2 74 75 74 99
32 53 53 10 32 26 34
53 9 40 4 75 43 66
8 38 8 44 56 21 22
58 47 64 55 70 62 23
20 56 12 14 32 0 26
16 54 52 36 7 60 47
41 16 68 17 24 19 49
4 75 43 55 70 62 19
47 65 32 50 67 51 19
23 38 1 27 67 62 67
26 15 73 7 12 6 67
22 19 75 7 12 6 69
29 0 74 44 56 21 77
26 15 73 28 73 62 59
26 15 73 31 49 44 44
44 56 21 25 14 40 46
19 7 20 33 73 4 67
58 47 64 23 38 1 63
5 22 10 1 63 16 41
31 49 44 74 75 74 39
3 23 58 6 50 50 28
12 26 64 18 0 48 30
2 64 54 74 75 74 22
19 7 20 46 63 68 73
50 67 51 29 0 74 70
75 26 26 22 19 75 49
51 38 40 0 2 36 36
70 44 48 38 45 43 5
32 53 53 35 21 38 35
61 64 11 73 23 38 49
27 67 62 29 0 74 68
66 31 4 74 75 74 82
28 73 62 32 53 53 21
15 33 45 3 23 58 16
1 63 16 52 54 14 9
4 75 43 68 64 49 12
48 69 55 61 64 11 44
57 67 47 72 41 34 29
5 22 10 19 7 20 18
20 56 12 68 64 49 37
60 72 43 48 69 55 12
19 7 20 52 54 14 47
31 49 44 5 22 10 43
25 14 40 72 41 34 27
47 65 32 29 0 74 77
33 73 4 36 7 60 86
1 63 16 49 71 43 28
64 65 1 9 56 51 50
35 21 38 26 15 73 35
27 67 62 16 54 52 16
22 19 75 24 37 29 49
62 6 2 12 26 64 65
59 49 9 3 23 58 55
31 49 44 60 72 43 23
57 67 47 48 69 55 8
5 22 10 12 26 64 54
48 69 55 16 54 52 15
19 7 20 0 2 36 16
37 15 16 48 69 55 66
13 16 52 55 70 62 54
30 28 46 15 33 45 5
62 6 2 39 10 18 16
46 63 68 6 50 50 22
75 26 26 26 15 73 48
12 26 64 9 56 51 32
49 71 43 5 22 10 59
71 19 74 74 75 74 56
63 5 2 53 9 40 38
16 54 52 74 75 74 30
12 26 64 45 59 4 68
4 75 43 64 65 1 43
29 0 74 62 6 2 72
31 49 44 55 70 62 27
61 64 11 1 63 16 5
44 56 21 40 9 19 47
11 60 74 32 53 53 22
62 6 2 56 73 14 68
24 37 29 70 44 48 20
68 64 49 40 9 19 62
56 73 14 57 67 47 33
41 16 68 33 73 4 85
44 56 21 26 15 73 66
75 26 26 42 55 14 31
52 54 14 51 38 40 30
54 22 38 50 67 51 46
23 38 1 33 73 4 35
31 49 44 10 32 26 24
15 33 45 11 60 74 39
19 7 20 29 0 74 54
4 75 43 63 5 2 81
66 31 4 50 67 51 59
18 0 48 52 54 14 63
35 21 38 40 9 19 22
53 9 40 64 65 1 68
37 15 16 31 49 44 44
26 15 73 29 0 74 15
68 64 49 3 23 58 41
48 69 55 21 13 47 56
33 73 4 5 22 10 51
18 0 48 16 54 52 54
33 73 4 37 15 16 59
2 64 54 4 75 43 15
18 0 48 75 26 26 34
60 72 43 43 46 14 38
61 64 11 30 28 46 50
9 56 51 22 19 75 44
56 73 14 30 28 46 55
66 31 4 35 21 38 35
33 73 4 46 63 68 64
56 73 14 9 56 51 40
22 19 75 3 23 58 17
5 22 10 67 28 3 9
61 64 11 54 22 38 49
19 7 20 30 28 46 33
66 31 4 62 6 2 25
0 2 36 49 71 43 69
0 2 36 23 38 1 50
19 7 20 51 38 40 36
60 72 43 26 15 73 64
39 10 18 40 9 19 1
14 32 0 6 50 50 53
27 67 62 30 28 46 42
61 64 11 25 14 40 57
45 59 4 20 56 12 8
42 55 14 0 2 36 57
11 60 74 5 22 10 74
12 26 64 31 49 44 30
9 56 51 75 26 26 39
35 21 38 50 67 51 47
43 46 14 28 73 62 55
71 19 74 34 60 19 68
12 26 64 72 41 34 33
32 53 53 54 22 38 34
32 53 53 4 75 43 24
26 15 73 0 2 36 39
35 21 38 34 60 19 43
61 64 11 47 65 32 21
16 54 52 55 70 62 18
48 69 55 28 73 62 8
57 67 47 16 54 52 13
71 19 74 66 31 4 71
5 22 10 64 65 1 43
64 65 1 36 7 60 82
2 64 54 73 23 38 44
3 23 58 66 31 4 54
28 73 62 55 70 62 3
66 31 4 8 38 8 8
20 56 12 67 28 3 29
74 75 74 6 50 50 34
50 67 51 46 63 68 17
19 7 20 64 65 1 61
3 23 58 42 55 14 54
50 67 51 61 64 11 40
13 16 52 15 33 45 18
46 63 68 37 15 16 70
70 44 48 74 75 74 40
23 38 1 25 14 40 45
5 22 10 3 23 58 48
47 65 32 26 15 73 64
12 26 64 48 69 55 43
21 13 47 56 73 14 68
40 9 19 36 7 60 41
66 31 4 55 70 62 69
75 26 26 6 50 50 33
10 32 26 34 60 19 28
23 38 1 32 53 53 54
23 38 1 72 41 34 33
7 12 6 14 32 0 20
66 31 4 2 64 54 59
67 28 3 28 73 62 74
28 73 62 7 12 6 82
63 5 2 66 31 4 26
62 6 2 35 21 38 39
24 37 29 5 22 10 24
49 71 43 37 15 16 62
11 60 74 66 31 4 75
68 64 49 64 65 1 48
1 63 16 70 44 48 37
19 7 20 47 65 32 59
55 70 62 25 14 40 60
17 24 19 47 65 32 43
10 32 26 63 5 2 36
23 38 1 65 52 53 53
11 60 74 61 64 11 63
48 69 55 46 63 68 14
36 7 60 4 75 43 70
67 28 3 45 59 4 31
71 19 74 50 67 51 53
53 9 40 47 65 32 56
18 0 48 6 50 50 50
28 73 62 14 32 0 74
1 63 16 62 6 2 58
73 23 38 6 50 50 29
29 0 74 28 73 62 73
2 64 54 45 59 4 50
70 44 48 33 73 4 52
14 32 0 45 59 4 27
62 6 2 2 64 54 77
60 72 43 24 37 29 37
73 23 38 56 73 14 55
12 26 64 34 60 19 56
58 47 64 62 6 2 74
3 23 58 51 38 40 23
55 70 62 33 73 4 58
64 65 1 52 54 14 17
54 22 38 51 38 40 16
32 53 53 25 14 40 41
28 73 62 11 60 74 17
49 71 43 32 53 53 20
40 9 19 37 15 16 6
41 16 68 4 75 43 64
2 64 54 16 54 52 10
11 60 74 7 12 6 83
62 6 2 67 28 3 22
44 56 21 45 59 4 17
43 46 14 71 19 74 65
69 39 5 64 65 1 26
52 54 14 75 26 26 30
75 26 26 70 44 48 28
1 63 16 21 13 47 58
50 67 51 42 55 14 38
51 38 40 70 44 48 10
54 22 38 22 19 75 37
14 32 0 61 64 11 33
65 52 53 28 73 62 22
2 64 54 43 46 14 43
29 0 74 67 28 3 76
42 55 14 67 28 3 29
37 15 16 13 16 52 36
53 9 40 49 71 43 62
0 2 36 6 50 50 50
14 32 0 44 56 21 31
10 32 26 30 28 46 20
67 28 3 6 50 50 51
74 75 74 24 37 29 58
60 72 43 69 39 5 50
48 69 55 5 22 10 65
14 32 0 49 71 43 58
51 38 40 21 13 47 25
71 19 74 8 38 8 68
31 49 44 66 31 4 43
11 60 74 4 75 43 34
47 65 32 1 63 16 16
48 69 55 47 65 32 23
56 73 14 65 52 53 44
54 22 38 37 15 16 23
29 0 74 11 60 74 60
62 6 2 53 9 40 38
18 0 48 32 53 53 53
24 37 29 73 23 38 16
34 60 19 9 56 51 32
68 64 49 18 0 48 64
64 65 1 6 50 50 51
0 2 36 63 5 2 34
8 38 8 72 41 34 26
13 16 52 71 19 74 22
68 64 49 14 32 0 58
72 41 34 71 19 74 45
73 23 38 60 72 43 49
49 71 43 13 16 52 55
3 23 58 45 59 4 64
36 7 60 24 37 29 43
15 33 45 40 9 19 35
53 9 40 73 23 38 14
75 26 26 5 22 10 16
11 60 74 63 5 2 90
74 75 74 1 63 16 59
16 54 52 62 6 2 69
38 45 43 30 28 46 17
41 16 68 31 49 44 40
21 13 47 27 67 62 56
73 23 38 9 56 51 35
4 75 43 42 55 14 35
16 54 52 32 53 53 1
67 28 3 34 60 19 35
50 67 51 55 70 62 11
3 23 58 50 67 51 44
68 64 49 71 19 74 51
65 52 53 38 45 43 12
69 39 5 4 75 43 52
16 54 52 26 15 73 44
1 63 16 16 54 52 37
56 73 14 19 7 20 66
17 24 19 40 9 19 15
58 47 64 45 59 4 61
12 26 64 40 9 19 48
36 7 60 13 16 52 12
56 73 14 4 75 43 29
45 59 4 59 49 9 11
26 15 73 1 63 16 74
11 60 74 9 56 51 23
0 2 36 27 67 62 70
35 21 38 6 50 50 31
24 37 29 33 73 4 43
69 39 5 20 56 12 18
68 64 49 2 64 54 5
61 64 11 34 60 19 8
21 13 47 46 63 68 54
71 19 74 59 49 9 71
32 53 53 39 10 18 55
2 64 54 47 65 32 22
45 59 4 62 6 2 53
32 53 53 14 32 0 57
44 56 21 13 16 52 50
49 71 43 59 49 9 40
59 49 9 4 75 43 42
9 56 51 17 24 19 45
67 28 3 59 49 9 21
8 38 8 38 45 43 35
45 59 4 37 15 16 45
60 72 43 50 67 51 9
10 32 26 75 26 26 6
12 26 64 46 63 68 37
18 0 48 69 39 5 58
19 7 20 37 15 16 8
27 67 62 34 60 19 43
36 7 60 69 39 5 63
30 28 46 39 10 18 33
29 0 74 4 75 43 81
9 56 51 47 65 32 21
47 65 32 46 63 68 36
22 19 75 6 50 50 39
60 72 43 51 38 40 34
39 10 18 42 55 14 45
41 16 68 13 16 52 16
0 2 36 20 56 12 59
25 14 40 10 32 26 22
32 53 53 17 24 19 44
74 75 74 27 67 62 14
48 69 55 29 0 74 71
45 59 4 52 54 14 11
59 49 9 47 65 32 28
27 67 62 53 9 40 62
17 24 19 20 56 12 32
36 7 60 50 67 51 60
45 59 4 48 69 55 51
5 22 10 74 75 74 83
0 2 36 10 32 26 31
70 44 48 2 64 54 20
30 28 46 55 70 62 44
20 56 12 40 9 19 47
9 56 51 70 44 48 12
71 19 74 16 54 52 41
24 37 29 26 15 73 49
21 13 47 29 0 74 29
35 21 38 75 26 26 13
53 9 40 60 72 43 63
11 60 74 26 15 73 45
6 50 50 11 60 74 26
0 2 36 39 10 18 19
71 19 74 27 67 62 49
22 19 75 28 73 62 55
70 44 48 28 73 62 32
41 16 68 8 38 8 63
41 16 68 16 54 52 41
10 32 26 26 15 73 49
29 0 74 1 63 16 85
71 19 74 55 70 62 52
41 16 68 71 19 74 6
53 9 40 50 67 51 59
1 63 16 54 22 38 46
29 0 74 71 19 74 19
46 63 68 22 19 75 44
70 44 48 40 9 19 45
31 49 44 73 23 38 26
68 64 49 19 7 20 63
32 53 53 26 15 73 42
19 7 20 50 67 51 67
48 69 55 22 19 75 53
49 71 43 21 13 47 58
11 60 74 16 54 52 22
54 22 38 42 55 14 40
30 28 46 21 13 47 15
2 64 54 6 50 50 14
70 44 48 16 54 52 10
53 9 40 59 49 9 50
21 13 47 50 67 51 54
35 21 38 54 22 38 1
69 39 5 6 50 50 46
3 23 58 72 41 34 30
13 16 52 57 67 47 51
14 32 0 21 13 47 50
67 28 3 64 65 1 37
9 56 51 18 0 48 56
10 32 26 47 65 32 33
26 15 73 59 49 9 72
59 49 9 54 22 38 39
54 22 38 6 50 50 30
58 47 64 41 16 68 31
43 46 14 4 75 43 41
5 22 10 39 10 18 14
32 53 53 56 73 14 43
15 33 45 47 65 32 34
50 67 51 6 50 50 17
10 32 26 73 23 38 15
1 63 16 45 59 4 12
43 46 14 26 15 73 66
2 64 54 21 13 47 51
36 7 60 58 47 64 40
8 38 8 20 56 12 18
54 22 38 74 75 74 64
51 38 40 59 49 9 32
25 14 40 75 26 26 18
11 60 74 12 26 64 35
26 15 73 12 26 64 14
35 21 38 41 16 68 30
48 69 55 10 32 26 47
68 64 49 55 70 62 14
0 2 36 69 39 5 48
52 54 14 30 28 46 41
65 52 53 63 5 2 69
38 45 43 50 67 51 23
8 38 8 52 54 14 17
71 19 74 38 45 43 40
48 69 55 34 60 19 37
19 7 20 17 24 19 17
48 69 55 4 75 43 13
17 24 19 12 26 64 45
31 49 44 28 73 62 30
6 50 50 47 65 32 23
38 45 43 68 64 49 19
54 22 38 63 5 2 39
11 60 74 19 7 20 75
26 15 73 5 22 10 63
21 13 47 24 37 29 30
27 67 62 69 39 5 63
6 50 50 66 31 4 49
51 38 40 11 60 74 40
57 67 47 33 73 4 43
21 13 47 73 23 38 13
35 21 38 59 49 9 40
40 9 19 24 37 29 29
4 75 43 20 56 12 36
0 2 36 66 31 4 43
45 59 4 63 5 2 54
12 26 64 60 72 43 50
20 56 12 12 26 64 60
39 10 18 61 64 11 54
38 45 43 45 59 4 41
62 6 2 27 67 62 85
54 22 38 70 44 48 24
72 41 34 0 2 36 39
75 26 26 36 7 60 38
63 5 2 41 16 68 66
25 14 40 39 10 18 22
36 7 60 17 24 19 44
8 38 8 74 75 74 75
47 65 32 56 73 14 19
42 55 14 33 73 4 20
32 53 53 69 39 5 50
50 67 51 2 64 54 4
42 55 14 24 37 29 23
14 32 0 57 67 47 58
19 7 20 27 67 62 73
34 60 19 22 19 75 69
69 39 5 59 49 9 10
7 12 6 44 56 21 46
39 10 18 9 56 51 56
2 64 54 49 71 43 13
73 23 38 65 52 53 32
49 71 43 15 33 45 38
30 28 46 74 75 74 54
72 41 34 10 32 26 12
41 16 68 40 9 19 49
56 73 14 53 9 40 69
14 32 0 62 6 2 26
59 49 9 61 64 11 15
34 60 19 51 38 40 30
15 33 45 48 69 55 37
54 22 38 57 67 47 45
57 67 47 28 73 62 16
5 22 10 70 44 48 43
57 67 47 74 75 74 28
69 39 5 43 46 14 11
28 73 62 71 19 74 55
38 45 43 16 54 52 12
71 19 74 58 47 64 29
47 65 32 38 45 43 22
27 67 62 37 15 16 69
25 14 40 54 22 38 8
51 38 40 22 19 75 39
23 38 1 52 54 14 20
47 65 32 51 38 40 28
12 26 64 14 32 0 64
27 67 62 50 67 51 11
41 16 68 2 64 54 50
18 0 48 58 47 64 49
2 64 54 19 7 20 66
47 65 32 39 10 18 56
36 7 60 1 63 16 71
44 56 21 50 67 51 31
36 7 60 48 69 55 62
24 37 29 59 49 9 23
31 49 44 17 24 19 35
70 44 48 44 56 21 29
54 22 38 9 56 51 36
60 72 43 19 7 20 68
74 75 74 67 28 3 85
31 49 44 32 53 53 9
59 49 9 13 16 52 54
33 73 4 30 28 46 61
71 19 74 53 9 40 35
34 60 19 37 15 16 45
11 60 74 69 39 5 72
57 67 47 1 63 16 31
47 65 32 35 21 38 44
20 56 12 57 67 47 36
32 53 53 43 46 14 39
18 0 48 41 16 68 25
46 63 68 53 9 40 60
63 5 2 57 67 47 76
1 63 16 71 19 74 72
9 56 51 49 71 43 17
9 56 51 57 67 47 11
16 54 52 9 56 51 2
34 60 19 73 23 38 41
50 67 51 26 15 73 56
44 56 21 20 56 12 9
39 10 18 71 19 74 56
48 69 55 43 46 14 47
12 26 64 21 13 47 21
34 60 19 58 47 64 46
46 63 68 58 47 64 16
28 73 62 21 13 47 61
61 64 11 72 41 34 32
70 44 48 0 2 36 43
15 33 45 6 50 50 17
5 22 10 59 49 9 27
9 56 51 61 64 11 40
62 6 2 55 70 62 87
40 9 19 14 32 0 29
62 6 2 8 38 8 32
4 75 43 7 12 6 73
68 64 49 36 7 60 58
23 38 1 61 64 11 27
64 65 1 11 60 74 73
68 64 49 7 12 6 67
64 65 1 0 2 36 72
0 2 36 5 22 10 32
56 73 14 13 16 52 68
30 28 46 59 49 9 42
75 26 26 20 56 12 33
32 53 53 53 9 40 45
25 14 40 53 9 40 5
71 19 74 37 15 16 58
43 46 14 14 32 0 19
8 38 8 68 64 49 48
5 22 10 55 70 62 70
52 54 14 3 23 58 53
44 56 21 24 37 29 20
19 7 20 24 37 29 31
12 26 64 55 70 62 44
20 56 12 56 73 14 17
15 33 45 28 73 62 43
28 73 62 3 23 58 50
65 52 53 17 24 19 44
30 28 46 7 12 6 43
54 22 38 19 7 20 23
9 56 51 63 5 2 70
60 72 43 70 44 48 28
70 44 48 53 9 40 35
22 19 75 57 67 47 55
37 15 16 3 23 58 42
31 49 44 71 19 74 42
38 45 43 29 0 74 54
54 22 38 71 19 74 36
71 19 74 67 28 3 71
22 19 75 35 21 38 37
38 45 43 27 67 62 29
67 28 3 9 56 51 55
65 52 53 22 19 75 39
42 55 14 71 19 74 69
9 56 51 41 16 68 43
1 63 16 4 75 43 29
74 75 74 17 24 19 75
20 56 12 33 73 4 18
52 54 14 14 32 0 26
2 64 54 72 41 34 30
4 75 43 31 49 44 26
15 33 45 51 38 40 7
45 59 4 23 38 1 21
63 5 2 47 65 32 67
26 15 73 17 24 19 54
6 50 50 28 73 62 25
1 63 16 14 32 0 34
20 56 12 63 5 2 51
16 54 52 69 39 5 49
1 63 16 35 21 38 47
58 47 64 10 32 26 40
66 31 4 36 7 60 60
18 0 48 34 60 19 66
53 9 40 39 10 18 22
29 0 74 46 63 68 63
16 54 52 47 65 32 22
0 2 36 30 28 46 27
3 23 58 46 63 68 41
72 41 34 13 16 52 30
34 60 19 2 64 54 35
71 19 74 64 65 1 86
32 53 53 15 33 45 21
58 47 64 1 63 16 50
57 67 47 65 52 53 16
24 37 29 25 14 40 25
23 38 1 19 7 20 36
24 37 29 0 2 36 35
16 54 52 29 0 74 58
20 56 12 66 31 4 26
31 49 44 11 60 74 31
29 0 74 18 0 48 26
74 75 74 43 46 14 66
62 6 2 71 19 74 73
15 33 45 57 67 47 34
29 0 74 61 64 11 89
67 28 3 68 64 49 58
25 14 40 45 59 4 57
1 63 16 59 49 9 15
65 52 53 12 26 64 28
42 55 14 11 60 74 60
55 70 62 0 2 36 72
21 13 47 71 19 74 27
35 21 38 4 75 43 54
11 60 74 45 59 4 70
8 38 8 21 13 47 46
44 56 21 28 73 62 44
56 73 14 50 67 51 37
64 65 1 26 15 73 87
41 16 68 27 67 62 51
60 72 43 0 2 36 70
70 44 48 68 64 49 20
3 23 58 62 6 2 58
10 32 26 6 50 50 30
25 14 40 0 2 36 12
32 53 53 2 64 54 11
46 63 68 10 32 26 52
30 28 46 65 52 53 25
54 22 38 38 45 43 23
47 65 32 40 9 19 57
44 56 21 9 56 51 30
39 10 18 65 52 53 54
48 69 55 7 12 6 75
13 16 52 43 46 14 48
4 75 43 3 23 58 54
24 37 29 20 56 12 25
30 28 46 48 69 55 41
59 49 9 22 19 75 72
7 12 6 52 54 14 42
62 6 2 60 72 43 77
56 73 14 55 70 62 48
55 70 62 72 41 34 40
31 49 44 64 65 1 45
13 16 52 34 60 19 55
37 15 16 9 56 51 53
60 72 43 49 71 43 1
47 65 32 42 55 14 20
50 67 51 16 54 52 13
9 56 51 13 16 52 40
49 71 43 26 15 73 63
0 2 36 38 45 43 43
56 73 14 36 7 60 80
12 26 64 56 73 14 68
23 38 1 2 64 54 59
61 64 11 6 50 50 41
51 38 40 50 67 51 31
6 50 50 33 73 4 51
44 56 21 27 67 62 42
69 39 5 1 63 16 26
25 14 40 62 6 2 38
31 49 44 57 67 47 18
4 75 43 52 54 14 35
49 71 43 70 44 48 27
58 47 64 48 69 55 23
72 41 34 73 23 38 18
20 56 12 16 54 52 40
5 22 10 17 24 19 9
37 15 16 17 24 19 9
15 33 45 24 37 29 16
41 16 68 45 59 4 77
5 22 10 30 28 46 36
13 16 52 10 32 26 30
71 19 74 4 75 43 64
66 31 4 15 33 45 41
13 16 52 14 32 0 54
34 60 19 47 65 32 13
54 22 38 39 10 18 23
70 44 48 52 54 14 35
22 19 75 47 65 32 62
3 23 58 13 16 52 9
45 59 4 35 21 38 50
9 56 51 30 28 46 28
71 19 74 73 23 38 36
12 26 64 38 45 43 28
71 19 74 65 52 53 39
53 9 40 31 49 44 40
6 50 50 27 67 62 20
35 21 38 19 7 20 22
60 72 43 35 21 38 51
39 10 18 49 71 43 65
34 60 19 17 24 19 36
73 23 38 37 15 16 23
54 22 38 27 67 62 51
72 41 34 18 0 48 43
4 75 43 54 22 38 53
49 71 43 17 24 19 52
7 12 6 63 5 2 8
23 38 1 18 0 48 60
53 9 40 68 64 49 55
50 67 51 11 60 74 24
24 37 29 65 52 53 28
69 39 5 15 33 45 40
42 55 14 52 54 14 1
74 75 74 52 54 14 63
43 46 14 18 0 48 57
63 5 2 49 71 43 77
46 63 68 74 75 74 13
53 9 40 41 16 68 28
32 53 53 22 19 75 40
38 45 43 35 21 38 24
27 67 62 14 32 0 71
57 67 47 62 6 2 75
10 32 26 55 70 62 52
0 2 36 29 0 74 38
68 64 49 6 50 50 14
0 2 36 8 38 8 45
17 24 19 13 16 52 33
74 75 74 36 7 60 69
0 2 36 75 26 26 26
73 23 38 59 49 9 38
23 38 1 17 24 19 22
58 47 64 31 49 44 20
19 7 20 3 23 58 41
4 75 43 70 44 48 31
17 24 19 44 56 21 32
9 56 51 35 21 38 37
24 37 29 27 67 62 44
11 60 74 48 69 55 21
72 41 34 34 60 19 24
8 38 8 3 23 58 52
16 54 52 72 41 34 22
21 13 47 25 14 40 7
32 53 53 40 9 19 55
23 38 1 47 65 32 41
49 71 43 33 73 4 39
10 32 26 24 37 29 5
46 63 68 43 46 14 56
53 9 40 37 15 16 24
27 67 62 56 73 14 48
43 46 14 30 28 46 36
53 9 40 15 33 45 24
35 21 38 31 49 44 28
47 65 32 0 2 36 63
50 67 51 23 38 1 57
23 38 1 1 63 16 29
8 38 8 30 28 46 39
15 33 45 36 7 60 30
24 37 29 63 5 2 41
56 73 14 41 16 68 78
58 47 64 29 0 74 48
47 65 32 32 53 53 24
28 73 62 30 28 46 47
52 54 14 44 56 21 7
45 59 4 17 24 19 38
26 15 73 42 55 14 71
71 19 74 47 65 32 62
12 26 64 49 71 43 49
61 64 11 71 19 74 77
34 60 19 4 75 43 28
26 15 73 6 50 50 41
55 70 62 11 60 74 15
10 32 26 41 16 68 44
5 22 10 61 64 11 42
48 69 55 39 10 18 69
67 28 3 58 47 64 63
60 72 43 38 45 43 27
71 19 74 10 32 26 49
49 71 43 58 47 64 31
9 56 51 27 67 62 15
70 44 48 66 31 4 45
49 71 43 52 54 14 33
22 19 75 39 10 18 57
9 56 51 10 32 26 34
72 41 34 15 33 45 13
4 75 43 12 26 64 53
54 22 38 60 72 43 50
35 21 38 44 56 21 38
58 47 64 2 64 54 19
73 23 38 13 16 52 15
15 33 45 73 23 38 12
34 60 19 52 54 14 7
25 14 40 4 75 43 61
13 16 52 28 73 62 57
25 14 40 47 65 32 51
45 59 4 69 39 5 20
75 26 26 39 10 18 17
7 12 6 15 33 45 44
36 7 60 54 22 38 26
57 67 47 47 65 32 15
69 39 5 5 22 10 17
5 22 10 45 59 4 37
42 55 14 56 73 14 18
35 21 38 33 73 4 62
28 73 62 37 15 16 74
7 12 6 27 67 62 78
8 38 8 25 14 40 40
19 7 20 72 41 34 36
9 56 51 72 41 34 22
52 54 14 57 67 47 35
39 10 18 2 64 54 64
41 16 68 15 33 45 28
24 37 29 47 65 32 28
46 63 68 5 22 10 71
7 12 6 24 37 29 33
57 67 47 3 23 58 45
29 0 74 65 52 53 56
40 9 19 11 60 74 75
53 9 40 57 67 47 58
68 64 49 22 19 75 51
18 0 48 36 7 60 13
42 55 14 25 14 40 48
50 67 51 1 63 16 35
64 65 1 75 26 26 46
58 47 64 12 26 64 21
17 24 19 38 45 43 31
67 28 3 12 26 64 61
0 2 36 15 33 45 32
20 56 12 53 9 40 54
66 31 4 45 59 4 28
1 63 16 30 28 46 46
38 45 43 72 41 34 9
30 28 46 50 67 51 39
69 39 5 29 0 74 79
30 28 46 35 21 38 10
52 54 14 46 63 68 54
7 12 6 59 49 9 37
74 75 74 13 16 52 62
37 15 16 39 10 18 5
64 65 1 20 56 12 14
46 63 68 13 16 52 49
20 56 12 39 10 18 46
27 67 62 61 64 11 51
46 63 68 35 21 38 51
70 44 48 43 46 14 34
36 7 60 25 14 40 21
54 22 38 14 32 0 39
70 44 48 20 56 12 37
49 71 43 36 7 60 66
68 64 49 49 71 43 9
26 15 73 54 22 38 35
74 75 74 28 73 62 12
55 70 62 44 56 21 43
36 7 60 43 46 14 60
28 73 62 51 38 40 41
6 50 50 1 63 16 36
23 38 1 40 9 19 34
37 15 16 65 52 53 52
41 16 68 39 10 18 50
27 67 62 63 5 2 86
56 73 14 48 69 55 41
7 12 6 12 26 64 59
34 60 19 57 67 47 28
36 7 60 53 9 40 20
47 65 32 5 22 10 48
40 9 19 73 23 38 23
64 65 1 54 22 38 56
3 23 58 55 70 62 47
48 69 55 64 65 1 54
59 49 9 46 63 68 60
49 71 43 41 16 68 60
51 38 40 56 73 14 43
9 56 51 32 53 53 3
57 67 47 6 50 50 17
31 49 44 7 12 6 53
42 55 14 55 70 62 50
46 63 68 4 75 43 27
14 32 0 75 26 26 26
58 47 64 15 33 45 23
6 50 50 56 73 14 42
60 72 43 55 70 62 19
63 5 2 59 49 9 44
63 5 2 39 10 18 16
17 24 19 33 73 4 51
0 2 36 56 73 14 74
6 50 50 41 16 68 38
62 6 2 37 15 16 16
14 32 0 34 60 19 33
41 16 68 47 65 32 60
75 26 26 53 9 40 22
8 38 8 2 64 54 52
9 56 51 14 32 0 56
55 70 62 36 7 60 63
75 26 26 41 16 68 43
31 49 44 69 39 5 40
43 46 14 20 56 12 10
4 75 43 8 38 8 50
13 16 52 33 73 4 74
12 26 64 33 73 4 76
67 28 3 38 45 43 43
73 23 38 8 38 8 33
38 45 43 49 71 43 26
16 54 52 15 33 45 22
56 73 14 49 71 43 29
31 49 44 62 6 2 60
68 64 49 66 31 4 55
3 23 58 33 73 4 73
46 63 68 66 31 4 71
52 54 14 58 47 64 50
14 32 0 58 47 64 65
54 22 38 43 46 14 33
22 19 75 25 14 40 35
60 72 43 61 64 11 32
35 21 38 3 23 58 20
75 26 26 62 6 2 31
45 59 4 47 65 32 28
61 64 11 68 64 49 38
19 7 20 75 26 26 19
14 32 0 51 38 40 40
31 49 44 27 67 62 25
3 23 58 39 10 18 42
22 19 75 13 16 52 23
64 65 1 58 47 64 65
56 73 14 60 72 43 29
65 52 53 66 31 4 53
11 60 74 59 49 9 65
65 52 53 69 39 5 49
20 56 12 49 71 43 34
57 67 47 0 2 36 65
65 52 53 10 32 26 33
58 47 64 5 22 10 59
20 56 12 37 15 16 41
47 65 32 27 67 62 30
59 49 9 66 31 4 18
28 73 62 35 21 38 57
29 0 74 37 15 16 59
18 0 48 45 59 4 73
65 52 53 74 75 74 31
7 12 6 70 44 48 52
46 63 68 34 60 19 49
56 73 14 67 28 3 46
51 38 40 25 14 40 24
36 7 60 65 52 53 45
42 55 14 27 67 62 49
17 24 19 42 55 14 31
9 56 51 36 7 60 49
74 75 74 44 56 21 56
23 38 1 63 5 2 33
61 64 11 33 73 4 11
41 16 68 67 28 3 66
72 41 34 58 47 64 30
46 63 68 7 12 6 80
6 50 50 65 52 53 3
75 26 26 55 70 62 56
14 32 0 19 7 20 32
15 33 45 62 6 2 50
14 32 0 60 72 43 58
7 12 6 54 22 38 33
22 19 75 42 55 14 70
41 16 68 69 39 5 67
26 15 73 8 38 8 68
28 73 62 54 22 38 56
66 31 4 19 7 20 28
59 49 9 9 56 51 42
70 44 48 67 28 3 47
22 19 75 36 7 60 19
6 50 50 36 7 60 44
17 24 19 67 28 3 16
2 64 54 27 67 62 8
12 26 64 0 2 36 36
75 26 26 17 24 19 7
1 63 16 44 56 21 8
11 60 74 56 73 14 61
71 19 74 7 12 6 68
45 59 4 73 23 38 49
70 44 48 8 38 8 40
29 0 74 31 49 44 57
13 16 52 53 9 40 13
64 65 1 2 64 54 53
58 47 64 35 21 38 36
23 38 1 48 69 55 62
29 0 74 10 32 26 57
61 64 11 44 56 21 12
20 56 12 54 22 38 42
10 32 26 59 49 9 24
5 22 10 71 19 74 64
49 71 43 54 22 38 49
46 63 68 63 5 2 87
1 63 16 15 33 45 41
56 73 14 58 47 64 56
74 75 74 20 56 12 64
18 0 48 65 52 53 52
74 75 74 34 60 19 57
52 54 14 65 52 53 39
61 64 11 49 71 43 32
8 38 8 60 72 43 48
60 72 43 59 49 9 41
20 56 12 60 72 43 34
52 54 14 53 9 40 51
20 56 12 27 67 62 51
48 69 55 67 28 3 66
69 39 5 72 41 34 29
45 59 4 71 19 74 80
35 21 38 13 16 52 14
27 67 62 73 23 38 50
1 63 16 34 60 19 4
25 14 40 14 32 0 43
25 14 40 15 33 45 19
18 0 48 56 73 14 80
16 54 52 21 13 47 41
26 15 73 51 38 40 40
0 2 36 35 21 38 19
0 2 36 68 64 49 63
62 6 2 17 24 19 24
19 7 20 21 13 47 27
29 0 74 8 38 8 76
26 15 73 73 23 38 35
60 72 43 30 28 46 44
32 53 53 19 7 20 56
23 38 1 44 56 21 26
38 45 43 36 7 60 41
25 14 40 3 23 58 20
55 70 62 7 12 6 80
58 47 64 28 73 62 26
26 15 73 18 0 48 29
21 13 47 31 49 44 36
45 59 4 19 7 20 54
14 32 0 59 49 9 19
32 53 53 73 23 38 33
29 0 74 2 64 54 67
19 7 20 36 7 60 40
9 56 51 48 69 55 13
57 67 47 73 23 38 44
48 69 55 51 38 40 34
40 9 19 13 16 52 33
71 19 74 52 54 14 69
35 21 38 69 39 5 37
28 73 62 23 38 1 70
71 19 74 36 7 60 18
69 39 5 39 10 18 31
38 45 43 56 73 14 40
1 63 16 33 73 4 15
18 0 48 57 67 47 67
25 14 40 2 64 54 51
71 19 74 70 44 48 36
75 26 26 66 31 4 22
37 15 16 69 39 5 26
68 64 49 75 26 26 44
73 23 38 62 6 2 39
47 65 32 70 44 48 26
71 19 74 22 19 75 1
17 24 19 43 46 14 22
34 60 19 36 7 60 67
12 26 64 36 7 60 19
50 67 51 8 38 8 51
49 71 43 8 38 8 48
17 24 19 64 65 1 44
39 10 18 8 38 8 29
71 19 74 11 60 74 41
29 0 74 63 5 2 72
47 65 32 7 12 6 59
34 60 19 38 45 43 28
33 73 4 9 56 51 49
64 65 1 32 53 53 53
3 23 58 54 22 38 20
60 72 43 32 53 53 21
75 26 26 60 72 43 49
16 54 52 22 19 75 41
20 56 12 50 67 51 40
33 73 4 18 0 48 85
33 73 4 40 9 19 65
59 49 9 39 10 18 40
31 49 44 3 23 58 29
59 49 9 12 26 64 59
56 73 14 54 22 38 56
58 47 64 68 64 49 22
32 53 53 74 75 74 30
26 15 73 13 16 52 21
25 14 40 27 67 62 57
14 32 0 24 37 29 29
30 28 46 67 28 3 43
37 15 16 25 14 40 24
34 60 19 32 53 53 34
61 64 11 74 75 74 63
75 26 26 16 54 52 38
7 12 6 41 16 68 62
56 73 14 22 19 75 81
64 65 1 15 33 45 54
13 16 52 52 54 14 53
49 71 43 75 26 26 48
23 38 1 12 26 64 64
15 33 45 27 67 62 38
46 63 68 69 39 5 67
24 37 29 46 63 68 46
40 9 19 72 41 34 35
14 32 0 47 65 32 45
61 64 11 45 59 4 8
40 9 19 29 0 74 55
16 54 52 64 65 1 52
10 32 26 8 38 8 18
45 59 4 8 38 8 21
33 73 4 27 67 62 58
38 45 43 41 16 68 38
60 72 43 11 60 74 33
30 28 46 29 0 74 39
9 56 51 66 31 4 53
13 16 52 63 5 2 51
12 26 64 3 23 58 6
7 12 6 39 10 18 12
6 50 50 55 70 62 23
38 45 43 44 56 21 24
54 22 38 33 73 4 61
68 64 49 34 60 19 30
42 55 14 60 72 43 33
35 21 38 73 23 38 2
39 10 18 35 21 38 22
30 28 46 53 9 40 19
38 45 43 40 9 19 43
61 64 11 52 54 14 10
66 31 4 25 14 40 39
68 64 49 11 60 74 25
5 22 10 73 23 38 28
40 9 19 57 67 47 64
68 64 49 60 72 43 10
59 49 9 40 9 19 41
51 38 40 39 10 18 35
30 28 46 42 55 14 41
26 15 73 67 28 3 71
7 12 6 62 6 2 7
17 24 19 21 13 47 30
29 0 74 33 73 4 101
43 46 14 51 38 40 27
24 37 29 52 54 14 22
27 67 62 26 15 73 53
3 23 58 34 60 19 53
39 10 18 43 46 14 36
68 64 49 15 33 45 31
23 38 1 51 38 40 39
34 60 19 62 6 2 56
8 38 8 56 73 14 35
6 50 50 70 44 48 6
13 16 52 16 54 52 38
56 73 14 43 46 14 27
69 39 5 2 64 54 55
30 28 46 71 19 74 29
69 39 5 24 37 29 24
32 53 53 3 23 58 30
52 54 14 0 2 36 56
46 63 68 67 28 3 73
35 21 38 72 41 34 20
50 67 51 15 33 45 34
43 46 14 16 54 52 38
50 67 51 52 54 14 39
56 73 14 14 32 0 43
45 59 4 32 53 53 49
31 49 44 30 28 46 21
56 73 14 5 22 10 51
4 75 43 57 67 47 8
12 26 64 63 5 2 65
69 39 5 47 65 32 37
43 46 14 62 6 2 41
52 54 14 59 49 9 7
31 49 44 72 41 34 12
40 9 19 42 55 14 46
59 49 9 0 2 36 54
37 15 16 5 22 10 9
6 50 50 51 38 40 15
35 21 38 23 38 1 40
45 59 4 50 67 51 47
4 75 43 44 56 21 29
56 73 14 1 63 16 10
23 38 1 22 19 75 76
34 60 19 25 14 40 50
60 72 43 52 54 14 34
72 41 34 75 26 26 17
16 54 52 61 64 11 42
44 56 21 0 2 36 56
32 53 53 65 52 53 1
68 64 49 35 21 38 44
16 54 52 24 37 29 28
68 64 49 73 23 38 42
9 56 51 52 54 14 37
74 75 74 47 65 32 43
10 32 26 60 72 43 43
29 0 74 56 73 14 94
48 69 55 54 22 38 49
34 60 19 64 65 1 18
19 7 20 58 47 64 59
21 13 47 42 55 14 53
19 7 20 18 0 48 28
25 14 40 67 28 3 39
68 64 49 52 54 14 36
74 75 74 69 39 5 77
37 15 16 60 72 43 63
8 38 8 51 38 40 32
18 0 48 20 56 12 66
67 28 3 4 75 43 61
5 22 10 20 56 12 34
71 19 74 19 7 20 55
55 70 62 37 15 16 71
23 38 1 54 22 38 40
21 13 47 5 22 10 38
35 21 38 51 38 40 17
30 28 46 16 54 52 26
36 7 60 62 6 2 58
43 46 14 73 23 38 33
66 31 4 22 19 75 72
32 53 53 20 56 12 41
21 13 47 60 72 43 59
38 45 43 61 64 11 37
33 73 4 7 12 6 61
54 22 38 65 52 53 33
4 75 43 45 59 4 42
67 28 3 49 71 43 58
49 71 43 51 38 40 33
30 28 46 18 0 48 28
21 13 47 26 15 73 26
53 9 40 12 26 64 29
2 64 54 7 12 6 70
54 22 38 46 63 68 50
74 75 74 72 41 34 52
75 26 26 37 15 16 14
34 60 19 56 73 14 13
70 44 48 14 32 0 49
10 32 26 44 56 21 24
24 37 29 12 26 64 36
36 7 60 31 49 44 44
50 67 51 69 39 5 53
7 12 6 21 13 47 41
72 41 34 20 56 12 26
1 63 16 31 49 44 31
52 54 14 21 13 47 52
9 56 51 51 38 40 21
27 67 62 13 16 52 51
3 23 58 64 65 1 70
12 26 64 6 50 50 27
15 33 45 71 19 74 32
51 38 40 72 41 34 6
32 53 53 37 15 16 53
6 50 50 37 15 16 48
21 13 47 70 44 48 31
18 0 48 7 12 6 43
62 6 2 26 15 73 71
58 47 64 63 5 2 74
31 49 44 45 59 4 41
62 6 2 52 54 14 49
17 24 19 59 49 9 26
41 16 68 34 60 19 65
50 67 51 7 12 6 71
19 7 20 6 50 50 52
75 26 26 30 28 46 20
53 9 40 9 56 51 48
46 63 68 65 52 53 18
11 60 74 20 56 12 62
41 16 68 26 15 73 5
31 49 44 49 71 43 22
62 6 2 70 44 48 59
30 28 46 68 64 49 36
50 67 51 31 49 44 19
7 12 6 67 28 3 16
64 65 1 57 67 47 46
41 16 68 36 7 60 12
9 56 51 40 9 19 56
70 44 48 26 15 73 38
8 38 8 43 46 14 10
14 32 0 23 38 1 6
46 63 68 39 10 18 72
18 0 48 70 44 48 44
10 32 26 35 21 38 16
21 13 47 35 21 38 12
57 67 47 68 64 49 3
63 5 2 68 64 49 75
8 38 8 37 15 16 24
71 19 74 56 73 14 80
38 45 43 32 53 53 12
50 67 51 70 44 48 23
17 24 19 10 32 26 10
49 71 43 23 38 1 53
48 69 55 73 23 38 49
22 19 75 63 5 2 74
40 9 19 7 12 6 13
19 7 20 55 70 62 75
25 14 40 16 54 52 41
31 49 44 56 73 14 38
13 16 52 29 0 74 27
47 65 32 37 15 16 52
60 72 43 2 64 54 13
26 15 73 9 56 51 46
72 41 34 49 71 43 31
72 41 34 36 7 60 42
38 45 43 14 32 0 44
75 26 26 40 9 19 18
46 63 68 1 63 16 52
5 22 10 53 9 40 32
12 26 64 68 64 49 40
46 63 68 23 38 1 71
54 22 38 5 22 10 28
34 60 19 43 46 14 14
53 9 40 58 47 64 44
7 12 6 32 53 53 62
58 47 64 13 16 52 33
17 24 19 58 47 64 50
58 47 64 4 75 43 35
27 67 62 43 46 14 52
32 53 53 70 44 48 10
75 26 26 33 73 4 51
14 32 0 74 75 74 85
12 26 64 41 16 68 10
4 75 43 39 10 18 69
51 38 40 44 56 21 26
18 0 48 51 38 40 38
43 46 14 64 65 1 23
43 46 14 61 64 11 18
57 67 47 35 21 38 46
44 56 21 69 39 5 23
48 69 55 63 5 2 83
17 24 19 1 63 16 39
4 75 43 60 72 43 3
39 10 18 26 15 73 55
41 16 68 48 69 55 54
28 73 62 39 10 18 76
5 22 10 32 53 53 53
5 22 10 36 7 60 52
63 5 2 6 50 50 65
71 19 74 63 5 2 73
73 23 38 44 56 21 37
41 16 68 62 6 2 66
1 63 16 66 31 4 34
2 64 54 10 32 26 42
4 75 43 26 15 73 67
18 0 48 44 56 21 62
61 64 11 63 5 2 59
38 45 43 3 23 58 26
30 28 46 70 44 48 16
51 38 40 41 16 68 35
28 73 62 41 16 68 57
25 14 40 58 47 64 40
48 69 55 13 16 52 53
32 53 53 36 7 60 46
69 39 5 61 64 11 25
39 10 18 58 47 64 59
16 54 52 56 73 14 42
12 26 64 73 23 38 26
45 59 4 49 71 43 40
69 39 5 54 22 38 37
2 64 54 13 16 52 48
12 26 64 50 67 51 43
67 28 3 65 52 53 55
43 46 14 72 41 34 20
49 71 43 4 75 43 4
23 38 1 62 6 2 32
35 21 38 11 60 74 53
22 19 75 67 28 3 72
64 65 1 50 67 51 50
1 63 16 53 9 40 59
6 50 50 7 12 6 58
16 54 52 59 49 9 43
42 55 14 9 56 51 37
48 69 55 53 9 40 61
9 56 51 74 75 74 29
63 5 2 18 0 48 46
67 28 3 54 22 38 35
59 49 9 65 52 53 44
32 53 53 71 19 74 39
70 44 48 45 59 4 46
10 32 26 45 59 4 34
5 22 10 4 75 43 62
46 63 68 38 45 43 30
15 33 45 20 56 12 40
23 38 1 38 45 43 42
56 73 14 33 73 4 10
69 39 5 40 9 19 33
55 70 62 2 64 54 10
32 53 53 24 37 29 28
61 64 11 17 24 19 40
30 28 46 72 41 34 17
57 67 47 49 71 43 5
27 67 62 70 44 48 26
71 19 74 60 72 43 61
12 26 64 74 75 74 50
52 54 14 37 15 16 39
14 32 0 33 73 4 41
4 75 43 61 64 11 33
67 28 3 69 39 5 11
63 5 2 15 33 45 51
54 22 38 75 26 26 12
22 19 75 61 64 11 78
37 15 16 59 49 9 34
38 45 43 25 14 40 31
8 38 8 23 38 1 7
23 38 1 3 23 58 58
39 10 18 1 63 16 53
73 23 38 18 0 48 25
72 41 34 21 13 47 30
27 67 62 36 7 60 60
16 54 52 4 75 43 22
39 10 18 16 54 52 55
5 22 10 18 0 48 43
24 37 29 68 64 49 33
40 9 19 53 9 40 21
30 28 46 3 23 58 13
55 70 62 53 9 40 64
35 21 38 24 37 29 18
64 65 1 61 64 11 10
1 63 16 60 72 43 28
50 67 51 58 47 64 23
15 33 45 17 24 19 27
70 44 48 3 23 58 23
13 16 52 19 7 20 33
46 63 68 60 72 43 26
47 65 32 43 46 14 26
48 69 55 27 67 62 7
69 39 5 53 9 40 46
31 49 44 20 56 12 32
34 60 19 33 73 4 19
2 64 54 63 5 2 78
53 9 40 23 38 1 48
64 65 1 21 13 47 69
0 2 36 54 22 38 20
68 64 49 1 63 16 33
36 7 60 39 10 18 42
40 9 19 3 23 58 41
1 63 16 2 64 54 38
50 67 51 65 52 53 15
5 22 10 13 16 52 42
67 28 3 61 64 11 36
56 73 14 3 23 58 66
3 23 58 63 5 2 58
71 19 74 17 24 19 55
21 13 47 18 0 48 13
38 45 43 63 5 2 57
21 13 47 6 50 50 37
16 54 52 17 24 19 44
43 46 14 3 23 58 49
72 41 34 28 73 62 42
62 6 2 9 56 51 70
9 56 51 28 73 62 20
29 0 74 35 21 38 41
40 9 19 50 67 51 66
62 6 2 19 7 20 18
67 28 3 33 73 4 45
39 10 18 56 73 14 63
5 22 10 40 9 19 15
68 64 49 37 15 16 59
65 52 53 53 9 40 44
72 41 34 60 72 43 32
57 67 47 69 39 5 50
33 73 4 59 49 9 24
73 23 38 75 26 26 12
34 60 19 54 22 38 42
38 45 43 33 73 4 48
34 60 19 75 26 26 34
18 0 48 1 63 16 70
72 41 34 37 15 16 31
33 73 4 26 15 73 90
32 53 53 63 5 2 70
17 24 19 63 5 2 25
52 54 14 69 39 5 17
1 63 16 32 53 53 38
46 63 68 71 19 74 44
7 12 6 19 7 20 14
60 72 43 63 5 2 78
66 31 4 18 0 48 53
21 13 47 22 19 75 28
58 47 64 40 9 19 58
36 7 60 26 15 73 15
2 64 54 3 23 58 41
8 38 8 9 56 51 46
1 63 16 22 19 75 73
3 23 58 48 69 55 46
10 32 26 53 9 40 26
72 41 34 6 50 50 18
25 14 40 63 5 2 39
22 19 75 31 49 44 43
56 73 14 37 15 16 58
60 72 43 23 38 1 54
68 64 49 44 56 21 29
14 32 0 26 15 73 74
2 64 54 33 73 4 50
75 26 26 46 63 68 55
13 16 52 47 65 32 52
9 56 51 50 67 51 11
19 7 20 4 75 43 71
33 73 4 48 69 55 51
24 37 29 50 67 51 37
17 24 19 24 37 29 16
18 0 48 71 19 74 32
58 47 64 74 75 74 29
12 26 64 1 63 16 60
31 49 44 59 49 9 35
68 64 49 48 69 55 7
5 22 10 28 73 62 72
70 44 48 12 26 64 24
60 72 43 57 67 47 6
21 13 47 38 45 43 32
74 75 74 39 10 18 85
36 7 60 70 44 48 38
53 9 40 24 37 29 30
61 64 11 66 31 4 33
45 59 4 7 12 6 47
44 56 21 48 69 55 36
75 26 26 15 33 45 20
73 23 38 14 32 0 39
52 54 14 31 49 44 30
39 10 18 72 41 34 34
48 69 55 18 0 48 69
29 0 74 24 37 29 58
34 60 19 19 7 20 53
28 73 62 42 55 14 51
43 46 14 40 9 19 37
41 16 68 61 64 11 74
45 59 4 51 38 40 41
43 46 14 42 55 14 9
17 24 19 39 10 18 14
3 23 58 74 75 74 54
59 49 9 36 7 60 66
15 33 45 19 7 20 36
66 31 4 57 67 47 56
25 14 40 6 50 50 37
16 54 52 65 52 53 2
10 32 26 4 75 43 46
2 64 54 30 28 46 36
45 59 4 29 0 74 91
13 16 52 45 59 4 64
46 63 68 51 38 40 37
60 72 43 17 24 19 53
74 75 74 45 59 4 71
74 75 74 4 75 43 31
43 46 14 52 54 14 8
16 54 52 35 21 38 35
4 75 43 18 0 48 75
13 16 52 4 75 43 59
41 16 68 70 44 48 34
7 12 6 3 23 58 53
23 38 1 4 75 43 55
64 65 1 74 75 74 73
21 13 47 20 56 12 55
2 64 54 67 28 3 62
62 6 2 10 32 26 35
34 60 19 42 55 14 7
59 49 9 19 7 20 43
21 13 47 67 28 3 46
24 37 29 71 19 74 48
0 2 36 28 73 62 75
29 0 74 74 75 74 75
26 15 73 65 52 53 42
15 33 45 54 22 38 13
39 10 18 23 38 1 32
75 26 26 3 23 58 32
73 23 38 74 75 74 63
20 56 12 41 16 68 68
46 63 68 18 0 48 66
47 65 32 73 23 38 42
42 55 14 48 69 55 43
40 9 19 74 75 74 85
3 23 58 53 9 40 22
48 69 55 52 54 14 43
59 49 9 57 67 47 42
48 69 55 32 53 53 16
8 38 8 17 24 19 17
74 75 74 41 16 68 59
37 15 16 12 26 64 49
16 54 52 19 7 20 56
38 45 43 26 15 73 42
72 41 34 59 49 9 26
21 13 47 41 16 68 21
3 23 58 61 64 11 62
6 50 50 53 9 40 42
18 0 48 8 38 8 55
5 22 10 43 46 14 24
63 5 2 62 6 2 1
14 32 0 8 38 8 10
24 37 29 61 64 11 32
7 12 6 16 54 52 62
31 49 44 13 16 52 33
48 69 55 2 64 54 5
42 55 14 45 59 4 10
73 23 38 25 14 40 9
39 10 18 57 67 47 63
47 65 32 44 56 21 14
52 54 14 47 65 32 21
37 15 16 11 60 74 73
64 65 1 14 32 0 33
22 19 75 55 70 62 52
8 38 8 35 21 38 34
21 13 47 65 52 53 39
16 54 52 68 64 49 10
66 31 4 27 67 62 68
27 67 62 12 26 64 41
41 16 68 23 38 1 70
0 2 36 41 16 68 34
19 7 20 43 46 14 39
5 22 10 44 56 21 35
36 7 60 51 38 40 36
31 49 44 63 5 2 60
25 14 40 57 67 47 53
16 54 52 73 23 38 34
42 55 14 72 41 34 24
46 63 68 70 44 48 27
53 9 40 43 46 14 45
69 39 5 28 73 62 66
50 67 51 62 6 2 78
64 65 1 8 38 8 27
51 38 40 17 24 19 25
70 44 48 63 5 2 60
12 26 64 43 46 14 53
47 65 32 31 49 44 20
17 24 19 68 64 49 50
14 32 0 18 0 48 57
37 15 16 26 15 73 57
61 64 11 75 26 26 40
61 64 11 56 73 14 9
50 67 51 5 22 10 60
51 38 40 20 56 12 33
2 64 54 38 45 43 21
59 49 9 18 0 48 62
28 73 62 19 7 20 78
49 71 43 3 23 58 50
40 9 19 67 28 3 24
11 60 74 18 0 48 65
32 53 53 51 38 40 19
18 0 48 28 73 62 74
68 64 49 72 41 34 27
27 67 62 51 38 40 36
27 67 62 55 70 62 3
33 73 4 66 31 4 42
9 56 51 45 59 4 47
41 16 68 44 56 21 61
13 16 52 70 44 48 28
29 0 74 12 26 64 27
61 64 11 7 12 6 52
1 63 16 37 15 16 48
56 73 14 74 75 74 60
16 54 52 5 22 10 52
8 38 8 47 65 32 36
13 16 52 67 28 3 50
61 64 11 8 38 8 26
56 73 14 10 32 26 42
28 73 62 8 38 8 64
30 28 46 58 47 64 26
64 65 1 73 23 38 55
24 37 29 67 28 3 27
6 50 50 45 59 4 46
65 52 53 14 32 0 56
22 19 75 29 0 74 19
6 50 50 24 37 29 24
38 45 43 48 69 55 26
5 22 10 35 21 38 28
0 2 36 74 75 74 82
47 65 32 55 70 62 30
17 24 19 18 0 48 37
65 52 53 9 56 51 4
37 15 16 18 0 48 35
23 38 1 74 75 74 81
10 32 26 61 64 11 35
18 0 48 3 23 58 25
51 38 40 2 64 54 29
59 49 9 64 65 1 17
18 0 48 40 9 19 30
75 26 26 43 46 14 23
4 75 43 14 32 0 60
15 33 45 52 54 14 37
37 15 16 42 55 14 40
44 56 21 63 5 2 54
13 16 52 75 26 26 27
47 65 32 72 41 34 24
48 69 55 19 7 20 71
72 41 34 48 69 55 35
48 69 55 75 26 26 51
10 32 26 40 9 19 24
36 7 60 73 23 38 27
25 14 40 59 49 9 46
28 73 62 64 65 1 61
66 31 4 34 60 19 32
39 10 18 67 28 3 23
66 31 4 23 38 1 7
75 26 26 58 47 64 43
75 26 26 74 75 74 68
1 63 16 3 23 58 58
31 49 44 8 38 8 37
64 65 1 1 63 16 15
22 19 75 74 75 74 56
23 38 1 20 56 12 21
28 73 62 60 72 43 19
35 21 38 36 7 60 26
69 39 5 38 45 43 38
10 32 26 68 64 49 39
8 38 8 16 54 52 46
71 19 74 51 38 40 38
66 31 4 24 37 29 25
63 5 2 21 13 47 45
58 47 64 44 56 21 43
53 9 40 34 60 19 55
48 69 55 62 6 2 82
69 39 5 49 71 43 49
11 60 74 75 26 26 58
25 14 40 1 63 16 54
11 60 74 1 63 16 58
2 64 54 53 9 40 56
14 32 0 69 39 5 8
33 73 4 43 46 14 28
72 41 34 32 53 53 22
33 73 4 31 49 44 46
66 31 4 41 16 68 65
9 56 51 7 12 6 62
43 46 14 66 31 4 18
39 10 18 14 32 0 28
58 47 64 66 31 4 62
67 28 3 55 70 62 72
74 75 74 50 67 51 24
66 31 4 10 32 26 22
2 64 54 9 56 51 8
28 73 62 33 73 4 58
40 9 19 25 14 40 21
0 2 36 33 73 4 77
70 44 48 15 33 45 11
54 22 38 2 64 54 44
47 65 32 18 0 48 66
31 49 44 68 64 49 15
7 12 6 60 72 43 70
69 39 5 42 55 14 18
46 63 68 41 16 68 47
3 23 58 58 47 64 24
55 70 62 48 69 55 7
34 60 19 45 59 4 15
7 12 6 20 56 12 44
0 2 36 43 46 14 49
66 31 4 48 69 55 63
62 6 2 54 22 38 39
62 6 2 59 49 9 43
35 21 38 2 64 54 45
27 67 62 64 65 1 61
35 21 38 12 26 64 26
11 60 74 52 54 14 60
30 28 46 69 39 5 42
38 45 43 31 49 44 4
40 9 19 30 28 46 33
50 67 51 41 16 68 53
56 73 14 26 15 73 82
48 69 55 6 50 50 19
72 41 34 52 54 14 23
69 39 5 73 23 38 36
21 13 47 44 56 21 50
53 9 40 54 22 38 13
10 32 26 49 71 43 42
12 26 64 8 38 8 57
35 21 38 27 67 62 51
69 39 5 7 12 6 27
51 38 40 66 31 4 36
11 60 74 70 44 48 30
14 32 0 36 7 60 65
42 55 14 46 63 68 54
44 56 21 34 60 19 4
14 32 0 35 21 38 39
34 60 19 29 0 74 81
9 56 51 19 7 20 57
75 26 26 47 65 32 39
3 23 58 67 28 3 55
43 46 14 29 0 74 75
2 64 54 56 73 14 41
73 23 38 51 38 40 15
14 32 0 53 9 40 46
65 52 53 31 49 44 9
38 45 43 58 47 64 21
70 44 48 29 0 74 51
13 16 52 7 12 6 46
6 50 50 38 45 43 8
6 50 50 49 71 43 22
42 55 14 62 6 2 50
6 50 50 62 6 2 65
46 63 68 8 38 8 65
15 33 45 12 26 64 20
59 49 9 23 38 1 13
58 47 64 70 44 48 16
30 28 46 11 60 74 42
68 64 49 54 22 38 43
22 19 75 70 44 48 36
26 15 73 2 64 54 52
66 31 4 44 56 21 30
48 69 55 50 67 51 4
9 56 51 3 23 58 33
75 26 26 71 19 74 48
19 7 20 8 38 8 33
14 32 0 31 49 44 47
51 38 40 7 12 6 42
28 73 62 68 64 49 15
44 56 21 42 55 14 7
30 28 46 20 56 12 44
44 56 21 75 26 26 30
53 9 40 28 73 62 67
45 59 4 53 9 40 61
28 73 62 75 26 26 59
30 28 46 49 71 43 43
7 12 6 57 67 47 68
55 70 62 46 63 68 9
49 71 43 71 19 74 60
56 73 14 15 33 45 50
24 37 29 58 47 64 36
9 56 51 29 0 74 60
61 64 11 35 21 38 50
60 72 43 45 59 4 41
65 52 53 40 9 19 54
64 65 1 25 14 40 64
11 60 74 62 6 2 90
2 64 54 17 24 19 53
38 45 43 43 46 14 29