71 2485
35 27 5 0 7 21 25
44 28 11 60 61 32 39
18 34 56 41 1 8 58
52 67 53 40 19 28 54
27 37 52 59 38 1 51
57 28 43 61 32 43 4
18 34 56 25 68 56 34
48 10 19 9 12 39 20
11 8 55 34 36 42 30
6 50 26 13 13 30 37
23 9 38 51 21 45 13
50 64 47 38 61 24 23
47 10 49 60 61 32 53
3 23 62 47 10 49 18
54 41 25 29 63 25 22
58 36 9 68 27 64 55
19 47 65 30 63 1 65
55 14 11 19 47 65 63
49 0 25 0 7 21 8
62 37 39 10 7 19 36
7 50 49 26 47 34 15
36 4 63 50 64 47 62
63 20 26 34 36 42 22
1 29 68 18 34 56 13
57 28 43 64 49 52 22
26 47 34 52 67 53 27
34 36 42 32 69 27 36
42 48 41 10 7 19 46
12 56 41 25 68 56 19
46 2 29 11 8 55 26
63 20 26 12 56 41 39
37 13 5 29 63 25 53
63 20 26 51 21 45 19
13 13 30 46 2 29 11
35 27 5 63 20 26 22
16 58 52 13 13 30 50
5 38 19 70 55 68 51
54 41 25 32 69 27 28
7 50 49 8 67 66 24
39 30 55 20 70 13 58
20 70 13 29 63 25 13
19 47 65 27 37 52 16
70 55 68 62 37 39 34
7 50 49 27 37 52 13
66 47 39 57 28 43 19
11 8 55 57 28 43 23
36 4 63 4 67 66 63
6 50 26 34 36 42 21
42 48 41 21 32 4 40
28 65 54 32 69 27 27
14 33 47 64 49 52 16
49 0 25 31 53 62 64
12 56 41 16 58 52 11
61 32 43 25 68 56 38
43 59 17 6 50 26 12
40 19 28 9 12 39 13
50 64 47 24 12 12 62
5 38 19 47 10 49 41
56 26 68 67 40 41 30
52 67 53 33 51 20 36
64 49 52 23 9 38 42
22 11 11 17 16 25 14
1 29 68 19 47 65 18
51 21 45 24 12 12 34
45 39 6 58 36 9 4
27 37 52 21 32 4 48
3 23 62 41 1 8 58
22 11 11 34 36 42 39
54 41 25 26 47 34 10
14 33 47 30 63 1 54
61 32 43 44 28 11 32
53 42 8 20 70 13 28
35 27 5 10 7 19 24
45 39 6 62 37 39 33
12 56 41 56 26 68 40
52 67 53 54 41 25 38
63 20 26 60 61 32 41
68 27 64 19 47 65 20
66 47 39 30 63 1 41
11 8 55 58 36 9 53
52 67 53 36 4 63 63
19 47 65 52 67 53 23
49 0 25 65 9 56 32
48 10 19 28 65 54 65
62 37 39 3 23 62 26
18 34 56 5 38 19 37
53 42 8 29 63 25 27
67 40 41 23 9 38 31
13 13 30 26 47 34 34
3 23 62 38 61 24 53
25 68 56 42 48 41 25
47 10 49 17 16 25 24
63 20 26 65 9 56 31
29 63 25 69 48 67 44
8 67 66 30 63 1 65
28 65 54 70 55 68 17
11 8 55 35 27 5 53
35 27 5 38 61 24 38
11 8 55 1 29 68 24
34 36 42 65 9 56 30
44 28 11 47 10 49 42
34 36 42 67 40 41 4
24 12 12 13 13 30 18
1 29 68 28 65 54 38
25 68 56 34 36 42 34
60 61 32 38 61 24 8
8 67 66 39 30 55 38
48 10 19 58 36 9 27
47 10 49 29 63 25 58
36 4 63 12 56 41 56
8 67 66 64 49 52 22
4 67 66 38 61 24 42
2 1 21 44 28 11 28
30 63 1 59 38 1 25
4 67 66 64 49 52 22
56 26 68 65 9 56 20
0 7 21 65 9 56 35
27 37 52 40 19 28 30
8 67 66 34 36 42 39
36 4 63 63 20 26 40
56 26 68 27 37 52 19
67 40 41 1 29 68 29
64 49 52 12 56 41 13
17 16 25 56 26 68 44
57 28 43 56 26 68 25
32 69 27 14 33 47 41
57 28 43 8 67 66 45
52 67 53 39 30 55 37
51 21 45 21 32 4 42
60 61 32 16 58 52 20
37 13 5 47 10 49 44
37 13 5 63 20 26 22
54 41 25 5 38 19 6
37 13 5 61 32 43 42
53 42 8 14 33 47 40
33 51 20 28 65 54 36
9 12 39 7 50 49 39
13 13 30 15 39 8 34
10 7 19 57 28 43 31
4 67 66 53 42 8 63
35 27 5 31 53 62 62
61 32 43 9 12 39 20
2 1 21 9 12 39 21
31 53 62 46 2 29 60
66 47 39 40 19 28 30
58 36 9 41 1 8 35
67 40 41 46 2 29 39
40 19 28 48 10 19 12
35 27 5 60 61 32 43
22 11 11 46 2 29 20
40 19 28 0 7 21 13
54 41 25 48 10 19 31
23 9 38 0 7 21 17
47 10 49 51 21 45 11
26 47 34 41 1 8 52
54 41 25 20 70 13 31
61 32 43 13 13 30 23
39 30 55 42 48 41 22
17 16 25 40 19 28 4
13 13 30 40 19 28 6
60 61 32 56 26 68 50
47 10 49 6 50 26 46
21 32 4 58 36 9 6
29 63 25 67 40 41 28
64 49 52 47 10 49 39
18 34 56 50 64 47 31
54 41 25 27 37 52 27
24 12 12 59 38 1 28
16 58 52 19 47 65 17
60 61 32 13 13 30 48
68 27 64 42 48 41 31
45 39 6 43 59 17 22
9 12 39 43 59 17 51
30 63 1 49 0 25 67
47 10 49 32 69 27 62
28 65 54 4 67 66 12
14 33 47 10 7 19 38
52 67 53 12 56 41 16
60 61 32 45 39 6 34
28 65 54 26 47 34 26
31 53 62 7 50 49 13
45 39 6 14 33 47 41
19 47 65 25 68 56 22
8 67 66 9 12 39 61
37 13 5 42 48 41 50
18 34 56 28 65 54 31
53 42 8 21 32 4 10
20 70 13 18 34 56 56
8 67 66 3 23 62 44
6 50 26 14 33 47 27
33 51 20 26 47 34 14
2 1 21 60 61 32 61
45 39 6 33 51 20 18
63 20 26 62 37 39 21
37 13 5 22 11 11 6
45 39 6 7 50 49 44
52 67 53 61 32 43 36
37 13 5 4 67 66 81
51 21 45 8 67 66 50
24 12 12 18 34 56 49
60 61 32 18 34 56 36
44 28 11 16 58 52 50
58 36 9 28 65 54 53
44 28 11 27 37 52 41
11 8 55 16 58 52 50
10 7 19 52 67 53 68
47 10 49 13 13 30 19
1 29 68 29 63 25 54
57 28 43 41 1 8 44
30 63 1 42 48 41 42
3 23 62 18 34 56 12
56 26 68 59 38 1 68
51 21 45 34 36 42 15
12 56 41 58 36 9 37
41 1 8 54 41 25 43
65 9 56 22 11 11 45
58 36 9 51 21 45 39
39 30 55 30 63 1 63
62 37 39 11 8 55 33
6 50 26 50 64 47 25
54 41 25 10 7 19 34
40 19 28 44 28 11 19
17 16 25 49 0 25 16
6 50 26 1 29 68 46
70 55 68 7 50 49 19
36 4 63 66 47 39 49
55 14 11 18 34 56 49
19 47 65 63 20 26 47
35 27 5 46 2 29 34
30 63 1 65 9 56 77
43 59 17 22 11 11 48
45 39 6 67 40 41 35
65 9 56 58 36 9 54
15 39 8 28 65 54 52
48 10 19 59 38 1 33
64 49 52 18 34 56 15
60 61 32 23 9 38 52
29 63 25 38 61 24 2
65 9 56 40 19 28 29
23 9 38 47 10 49 11
63 20 26 3 23 62 36
61 32 43 29 63 25 35
20 70 13 10 7 19 63
3 23 62 52 67 53 44
19 47 65 15 39 8 57
61 32 43 47 10 49 22
69 48 67 8 67 66 19
15 39 8 45 39 6 2
32 69 27 5 38 19 32
30 63 1 53 42 8 22
22 11 11 15 39 8 28
51 21 45 17 16 25 20
9 12 39 16 58 52 47
61 32 43 49 0 25 36
56 26 68 8 67 66 41
28 65 54 60 61 32 22
12 56 41 44 28 11 41
23 9 38 37 13 5 33
35 27 5 12 56 41 46
65 9 56 29 63 25 62
51 21 45 69 48 67 34
40 19 28 61 32 43 19
65 9 56 9 12 39 17
56 26 68 45 39 6 63
61 32 43 33 51 20 29
63 20 26 53 42 8 28
52 67 53 65 9 56 58
69 48 67 50 64 47 25
52 67 53 5 38 19 44
0 7 21 34 36 42 35
14 33 47 5 38 19 28
67 40 41 13 13 30 29
41 1 8 24 12 12 11
11 8 55 27 37 52 29
48 10 19 68 27 64 48
65 9 56 62 37 39 32
9 12 39 60 61 32 49
3 23 62 16 58 52 36
9 12 39 20 70 13 63
46 2 29 64 49 52 52
25 68 56 0 7 21 70
12 56 41 48 10 19 50
7 50 49 67 40 41 12
5 38 19 36 4 63 55
11 8 55 67 40 41 34
25 68 56 56 26 68 43
36 4 63 18 34 56 30
18 34 56 69 48 67 17
36 4 63 17 16 25 39
11 8 55 69 48 67 41
37 13 5 55 14 11 6
2 1 21 14 33 47 41
6 50 26 27 37 52 29
30 63 1 41 1 8 62
31 53 62 11 8 55 45
70 55 68 27 37 52 24
10 7 19 40 19 28 15
21 32 4 38 61 24 35
12 56 41 45 39 6 38
0 7 21 17 16 25 9
11 8 55 5 38 19 46
18 34 56 40 19 28 31
25 68 56 1 29 68 40
49 0 25 57 28 43 33
26 47 34 35 27 5 35
20 70 13 69 48 67 58
50 64 47 23 9 38 55
36 4 63 14 33 47 33
37 13 5 49 0 25 23
56 26 68 50 64 47 43
14 33 47 41 1 8 50
29 63 25 48 10 19 53
30 63 1 52 67 53 52
49 0 25 10 7 19 9
13 13 30 31 53 62 51
43 59 17 30 63 1 16
11 8 55 13 13 30 25
59 38 1 65 9 56 62
59 38 1 31 53 62 62
56 26 68 33 51 20 54
60 61 32 25 68 56 25
56 26 68 14 33 47 22
46 2 29 8 67 66 74
25 68 56 51 21 45 48
20 70 13 46 2 29 69
9 12 39 22 11 11 28
54 41 25 17 16 25 25
49 0 25 1 29 68 51
23 9 38 24 12 12 26
69 48 67 7 50 49 18
15 39 8 34 36 42 34
43 59 17 42 48 41 26
16 58 52 64 49 52 9
25 68 56 38 61 24 32
46 2 29 32 69 27 67
32 69 27 60 61 32 9
6 50 26 52 67 53 31
20 70 13 23 9 38 65
59 38 1 9 12 39 46
26 47 34 27 37 52 20
66 47 39 10 7 19 44
35 27 5 34 36 42 38
50 64 47 65 9 56 55
49 0 25 68 27 64 47
61 32 43 0 7 21 33
1 29 68 57 28 43 25
21 32 4 1 29 68 64
24 12 12 58 36 9 24
60 61 32 34 36 42 26
0 7 21 21 32 4 30
70 55 68 11 8 55 48
11 8 55 0 7 21 34
23 9 38 35 27 5 37
61 32 43 53 42 8 36
27 37 52 2 1 21 47
27 37 52 10 7 19 44
70 55 68 63 20 26 54
27 37 52 52 67 53 30
66 47 39 67 40 41 7
20 70 13 56 26 68 70
28 65 54 31 53 62 14
38 61 24 39 30 55 43
47 10 49 43 59 17 58
19 47 65 43 59 17 49
42 48 41 52 67 53 22
65 9 56 43 59 17 63
70 55 68 52 67 53 19
51 21 45 37 13 5 40
24 12 12 67 40 41 40
3 23 62 0 7 21 44
21 32 4 50 64 47 53
42 48 41 6 50 26 15
13 13 30 25 68 56 60
6 50 26 36 4 63 59
5 38 19 34 36 42 23
33 51 20 32 69 27 19
15 39 8 42 48 41 34
29 63 25 62 37 39 29
6 50 26 57 28 43 27
11 8 55 7 50 49 42
13 13 30 9 12 39 9
55 14 11 6 50 26 39
34 36 42 41 1 8 48
5 38 19 15 39 8 11
47 10 49 14 33 47 23
52 67 53 48 10 19 66
49 0 25 46 2 29 4
7 50 49 36 4 63 48
12 56 41 19 47 65 25
15 39 8 33 51 20 16
51 21 45 5 38 19 31
11 8 55 40 19 28 29
52 67 53 35 27 5 62
24 12 12 39 30 55 46
1 29 68 36 4 63 25
34 36 42 2 1 21 40
17 16 25 68 27 64 40
36 4 63 10 7 19 44
29 63 25 42 48 41 21
58 36 9 1 29 68 59
19 47 65 14 33 47 22
3 23 62 42 48 41 32
13 13 30 38 61 24 48
55 14 11 4 67 66 76
15 39 8 35 27 5 12
7 50 49 18 34 56 17
53 42 8 52 67 53 51
30 63 1 0 7 21 59
46 2 29 0 7 21 9
14 33 47 52 67 53 34
35 27 5 41 1 8 26
66 47 39 17 16 25 34
47 10 49 63 20 26 25
55 14 11 61 32 43 36
41 1 8 62 37 39 47
2 1 21 65 9 56 35
12 56 41 4 67 66 27
68 27 64 69 48 67 21
43 59 17 39 30 55 47
3 23 62 54 41 25 41
69 48 67 10 7 19 63
43 59 17 26 47 34 20
59 38 1 18 34 56 55
26 47 34 65 9 56 43
5 38 19 45 39 6 13
17 16 25 23 9 38 14
64 49 52 24 12 12 54
8 67 66 42 48 41 31
68 27 64 22 11 11 55
24 12 12 0 7 21 10
23 9 38 29 63 25 55
70 55 68 46 2 29 65
67 40 41 30 63 1 46
57 28 43 25 68 56 42
30 63 1 18 34 56 62
14 33 47 48 10 19 36
24 12 12 33 51 20 39
18 34 56 6 50 26 34
46 2 29 61 32 43 33
9 12 39 26 47 34 35
25 68 56 63 20 26 56
1 29 68 70 55 68 26
1 29 68 69 48 67 19
47 10 49 27 37 52 27
46 2 29 47 10 49 21
45 39 6 70 55 68 64
50 64 47 63 20 26 48
27 37 52 48 10 19 42
57 28 43 46 2 29 29
50 64 47 58 36 9 47
35 27 5 61 32 43 38
18 34 56 35 27 5 51
26 47 34 8 67 66 37
50 64 47 8 67 66 19
28 65 54 67 40 41 28
34 36 42 1 29 68 26
12 56 41 5 38 19 28
31 53 62 37 13 5 69
56 26 68 34 36 42 27
48 10 19 36 4 63 44
40 19 28 24 12 12 17
5 38 19 17 16 25 22
65 9 56 27 37 52 28
0 7 21 39 30 55 41
69 48 67 12 56 41 27
12 56 41 55 14 11 51
6 50 26 59 38 1 27
53 42 8 64 49 52 44
6 50 26 24 12 12 40
6 50 26 70 55 68 42
48 10 19 35 27 5 22
47 10 49 1 29 68 26
35 27 5 20 70 13 43
7 50 49 17 16 25 41
9 12 39 0 7 21 18
16 58 52 50 64 47 7
14 33 47 37 13 5 46
43 59 17 46 2 29 58
24 12 12 52 67 53 68
33 51 20 22 11 11 41
16 58 52 17 16 25 49
54 41 25 66 47 39 15
35 27 5 16 58 52 56
24 12 12 56 26 68 57
46 2 29 59 38 1 45
70 55 68 26 47 34 34
48 10 19 69 48 67 61
22 11 11 67 40 41 41
36 4 63 60 61 32 64
12 56 41 65 9 56 49
18 34 56 4 67 66 34
32 69 27 12 56 41 19
30 63 1 50 64 47 46
1 29 68 14 33 47 21
26 47 34 57 28 43 21
23 9 38 48 10 19 19
68 27 64 39 30 55 9
10 7 19 6 50 26 43
34 36 42 20 70 13 44
33 51 20 18 34 56 39
53 42 8 51 21 45 42
22 11 11 40 19 28 18
9 12 39 57 28 43 16
54 41 25 50 64 47 31
59 38 1 64 49 52 52
9 12 39 28 65 54 55
48 10 19 33 51 20 41
42 48 41 27 37 52 15
38 61 24 59 38 1 32
50 64 47 64 49 52 15
6 50 26 28 65 54 31
2 1 21 63 20 26 19
11 8 55 8 67 66 60
28 65 54 7 50 49 15
42 48 41 26 47 34 7
47 10 49 10 7 19 30
34 36 42 17 16 25 26
52 67 53 31 53 62 16
47 10 49 40 19 28 22
3 23 62 11 8 55 16
33 51 20 55 14 11 38
55 14 11 15 39 8 25
45 39 6 49 0 25 43
0 7 21 8 67 66 75
13 13 30 62 37 39 25
15 39 8 7 50 49 42
31 53 62 47 10 49 44
38 61 24 18 34 56 41
28 65 54 45 39 6 54
1 29 68 40 19 28 41
62 37 39 26 47 34 11
31 53 62 18 34 56 19
21 32 4 64 49 52 50
27 37 52 15 39 8 44
53 42 8 41 1 8 41
26 47 34 6 50 26 8
30 63 1 12 56 41 40
45 39 6 22 11 11 28
63 20 26 67 40 41 25
67 40 41 12 56 41 16
32 69 27 61 32 43 40
69 48 67 70 55 68 7
39 30 55 49 0 25 42
29 63 25 16 58 52 27
33 51 20 31 53 62 42
61 32 43 7 50 49 18
23 9 38 12 56 41 47
70 55 68 35 27 5 68
27 37 52 58 36 9 43
4 67 66 56 26 68 41
26 47 34 50 64 47 21
62 37 39 22 11 11 38
65 9 56 20 70 13 74
39 30 55 34 36 42 14
2 1 21 29 63 25 62
32 69 27 49 0 25 69
21 32 4 65 9 56 56
4 67 66 2 1 21 79
49 0 25 18 34 56 46
36 4 63 16 58 52 55
5 38 19 13 13 30 27
51 21 45 66 47 39 26
11 8 55 2 1 21 34
19 47 65 51 21 45 32
57 28 43 65 9 56 23
5 38 19 9 12 39 32
29 63 25 0 7 21 56
16 58 52 61 32 43 27
25 68 56 67 40 41 31
40 19 28 29 63 25 44
22 11 11 50 64 47 64
66 47 39 28 65 54 23
20 70 13 21 32 4 39
41 1 8 66 47 39 55
10 7 19 5 38 19 31
70 55 68 25 68 56 17
44 28 11 3 23 62 51
44 28 11 19 47 65 57
69 48 67 23 9 38 48
10 7 19 34 36 42 37
68 27 64 56 26 68 4
11 8 55 24 12 12 43
23 9 38 27 37 52 31
68 27 64 57 28 43 21
57 28 43 67 40 41 12
68 27 64 67 40 41 26
39 30 55 29 63 25 44
25 68 56 46 2 29 71
55 14 11 65 9 56 45
42 48 41 58 36 9 34
2 1 21 59 38 1 42
33 51 20 47 10 49 50
47 10 49 11 8 55 6
45 39 6 8 67 66 66
60 61 32 70 55 68 36
54 41 25 7 50 49 25
47 10 49 56 26 68 24
23 9 38 33 51 20 45
38 61 24 19 47 65 43
5 38 19 50 64 47 38
33 51 20 29 63 25 13
12 56 41 40 19 28 39
54 41 25 51 21 45 28
7 50 49 16 58 52 8
60 61 32 12 56 41 10
54 41 25 68 27 64 41
21 32 4 12 56 41 44
52 67 53 2 1 21 73
5 38 19 46 2 29 37
56 26 68 46 2 29 45
57 28 43 32 69 27 44
21 32 4 59 38 1 6
12 56 41 33 51 20 21
64 49 52 49 0 25 55
36 4 63 23 9 38 25
51 21 45 7 50 49 29
9 12 39 49 0 25 18
0 7 21 37 13 5 17
58 36 9 14 33 47 38
25 68 56 59 38 1 62
31 53 62 64 49 52 10
21 32 4 55 14 11 19
10 7 19 48 10 19 3
65 9 56 70 55 68 47
63 20 26 10 7 19 14
42 48 41 69 48 67 26
33 51 20 50 64 47 29
49 0 25 55 14 11 19
1 29 68 46 2 29 47
70 55 68 34 36 42 32
41 1 8 36 4 63 55
66 47 39 39 30 55 23
48 10 19 45 39 6 31
48 10 19 7 50 49 50
44 28 11 7 50 49 43
11 8 55 20 70 13 74
7 50 49 25 68 56 19
9 12 39 47 10 49 10
25 68 56 6 50 26 34
30 63 1 47 10 49 71
48 10 19 4 67 66 73
30 63 1 25 68 56 55
19 47 65 18 34 56 15
61 32 43 50 64 47 32
32 69 27 59 38 1 40
50 64 47 37 13 5 66
11 8 55 52 67 53 59
12 56 41 24 12 12 52
27 37 52 29 63 25 37
26 47 34 60 61 32 14
3 23 62 29 63 25 54
0 7 21 18 34 56 44
64 49 52 58 36 9 44
48 10 19 51 21 45 28
3 23 62 24 12 12 51
6 50 26 60 61 32 12
33 51 20 19 47 65 45
55 14 11 54 41 25 30
35 27 5 64 49 52 51
46 2 29 33 51 20 49
59 38 1 1 29 68 67
44 28 11 70 55 68 63
46 2 29 24 12 12 19
60 61 32 24 12 12 52
55 14 11 62 37 39 36
26 47 34 2 1 21 47
48 10 19 2 1 21 9
16 58 52 48 10 19 58
61 32 43 34 36 42 4
14 33 47 24 12 12 40
46 2 29 3 23 62 39
10 7 19 11 8 55 36
34 36 42 4 67 66 39
61 32 43 5 38 19 24
56 26 68 66 47 39 35
69 48 67 30 63 1 67
1 29 68 60 61 32 48
34 36 42 64 49 52 16
60 61 32 49 0 25 61
38 61 24 10 7 19 54
5 38 19 23 9 38 34
26 47 34 66 47 39 5
54 41 25 62 37 39 14
22 11 11 26 47 34 42
49 0 25 44 28 11 31
7 50 49 0 7 21 51
1 29 68 52 67 53 40
27 37 52 60 61 32 31
50 64 47 4 67 66 19
45 39 6 25 68 56 57
8 67 66 37 13 5 81
10 7 19 15 39 8 33
53 42 8 13 13 30 36
58 36 9 59 38 1 8
42 48 41 32 69 27 25
68 27 64 4 67 66 40
46 2 29 54 41 25 39
60 61 32 30 63 1 31
66 47 39 29 63 25 21
33 51 20 43 59 17 8
19 47 65 21 32 4 62
7 50 49 68 27 64 27
43 59 17 18 34 56 46
17 16 25 52 67 53 58
27 37 52 28 65 54 28
36 4 63 58 36 9 62
4 67 66 46 2 29 74
32 69 27 30 63 1 26
48 10 19 39 30 55 41
30 63 1 28 65 54 53
67 40 41 20 70 13 41
26 47 34 17 16 25 32
15 39 8 30 63 1 25
10 7 19 44 28 11 22
60 61 32 66 47 39 15
36 4 63 38 61 24 69
9 12 39 51 21 45 10
25 68 56 39 30 55 38
50 64 47 17 16 25 52
52 67 53 4 67 66 13
3 23 62 14 33 47 18
35 27 5 25 68 56 65
40 19 28 14 33 47 23
8 67 66 20 70 13 53
3 23 62 30 63 1 72
20 70 13 4 67 66 53
51 21 45 62 37 39 17
58 36 9 69 48 67 59
52 67 53 68 27 64 41
29 63 25 6 50 26 13
29 63 25 17 16 25 47
24 12 12 65 9 56 44
26 47 34 23 9 38 38
43 59 17 63 20 26 40
65 9 56 35 27 5 54
56 26 68 7 50 49 30
56 26 68 38 61 24 56
68 27 64 31 53 62 26
69 48 67 65 9 56 40
30 63 1 68 27 64 72
14 33 47 49 0 25 39
57 28 43 18 34 56 14
37 13 5 56 26 68 64
14 33 47 67 40 41 9
14 33 47 23 9 38 25
59 38 1 14 33 47 46
8 67 66 49 0 25 78
45 39 6 66 47 39 33
5 38 19 2 1 21 37
10 7 19 61 32 43 34
0 7 21 4 67 66 75
40 19 28 59 38 1 33
53 42 8 65 9 56 58
9 12 39 39 30 55 24
60 61 32 62 37 39 25
41 1 8 21 32 4 31
40 19 28 37 13 5 23
52 67 53 62 37 39 33
56 26 68 44 28 11 57
22 11 11 66 47 39 45
54 41 25 18 34 56 31
44 28 11 34 36 42 32
24 12 12 61 32 43 36
37 13 5 28 65 54 71
22 11 11 23 9 38 27
31 53 62 19 47 65 6
45 39 6 53 42 8 3
38 61 24 46 2 29 59
64 49 52 42 48 41 11
2 1 21 25 68 56 75
35 27 5 6 50 26 31
22 11 11 0 7 21 10
39 30 55 31 53 62 24
14 33 47 22 11 11 42
21 32 4 24 12 12 21
63 20 26 29 63 25 43
68 27 64 26 47 34 36
49 0 25 56 26 68 50
24 12 12 1 29 68 58
7 50 49 24 12 12 53
62 37 39 38 61 24 28
51 21 45 64 49 52 28
67 40 41 55 14 11 39
38 61 24 37 13 5 51
45 39 6 46 2 29 43
57 28 43 21 32 4 39
36 4 63 46 2 29 34
53 42 8 27 37 52 44
17 16 25 55 14 11 14
38 61 24 34 36 42 30
69 48 67 66 47 39 28
67 40 41 15 39 8 33
50 64 47 66 47 39 18
68 27 64 63 20 26 38
32 69 27 38 61 24 8
15 39 8 40 19 28 28
62 37 39 61 32 43 6
4 67 66 21 32 4 71
31 53 62 45 39 6 57
37 13 5 33 51 20 40
24 12 12 20 70 13 58
2 1 21 56 26 68 53
48 10 19 17 16 25 8
57 28 43 30 63 1 54
67 40 41 64 49 52 14
65 9 56 60 61 32 57
22 11 11 29 63 25 53
60 61 32 8 67 66 34
38 61 24 70 55 68 44
28 65 54 11 8 55 57
8 67 66 52 67 53 13
55 14 11 66 47 39 43
8 67 66 28 65 54 12
58 36 9 22 11 11 25
23 9 38 30 63 1 65
18 34 56 47 10 49 25
51 21 45 15 39 8 41
70 55 68 8 67 66 12
64 49 52 28 65 54 16
7 50 49 22 11 11 54
41 1 8 7 50 49 63
27 37 52 50 64 47 27
30 63 1 29 63 25 24
0 7 21 48 10 19 3
54 41 25 60 61 32 21
68 27 64 70 55 68 28
37 13 5 59 38 1 25
50 64 47 32 69 27 20
12 56 41 39 30 55 29
68 27 64 61 32 43 21
1 29 68 31 53 62 24
43 59 17 60 61 32 15
67 40 41 41 1 8 51
25 68 56 15 39 8 56
36 4 63 9 12 39 25
38 61 24 11 8 55 61
37 13 5 45 39 6 26
7 50 49 62 37 39 16
46 2 29 23 9 38 11
10 7 19 2 1 21 6
4 67 66 41 1 8 87
0 7 21 64 49 52 52
22 11 11 64 49 52 55
28 65 54 23 9 38 58
64 49 52 32 69 27 32
61 32 43 15 39 8 35
65 9 56 3 23 62 15
39 30 55 7 50 49 20
52 67 53 67 40 41 29
49 0 25 42 48 41 50
17 16 25 1 29 68 44
39 30 55 19 47 65 19
38 61 24 5 38 19 23
12 56 41 0 7 21 52
46 2 29 68 27 64 43
21 32 4 48 10 19 26
5 38 19 33 51 20 13
36 4 63 30 63 1 85
9 12 39 17 16 25 14
49 0 25 5 38 19 38
54 41 25 31 53 62 38
0 7 21 63 20 26 13
66 47 39 7 50 49 10
12 56 41 54 41 25 21
59 38 1 60 61 32 38
18 34 56 56 26 68 14
62 37 39 5 38 19 20
51 21 45 18 34 56 17
64 49 52 70 55 68 17
2 1 21 0 7 21 6
45 39 6 17 16 25 29
16 58 52 1 29 68 33
20 70 13 7 50 49 41
26 47 34 53 42 8 26
34 36 42 27 37 52 10
33 51 20 51 21 45 39
13 13 30 49 0 25 13
42 48 41 7 50 49 8
46 2 29 52 67 53 69
67 40 41 10 7 19 39
36 4 63 27 37 52 34
1 29 68 55 14 11 58
3 23 62 48 10 19 44
24 12 12 8 67 66 77
32 69 27 53 42 8 33
63 20 26 16 58 52 46
27 37 52 38 61 24 36
16 58 52 57 28 43 31
41 1 8 43 59 17 58
41 1 8 10 7 19 12
32 69 27 27 37 52 40
49 0 25 51 21 45 29
27 37 52 45 39 6 46
32 69 27 69 48 67 45
11 8 55 60 61 32 57
9 12 39 30 63 1 63
42 48 41 63 20 26 31
29 63 25 68 27 64 53
5 38 19 69 48 67 49
12 56 41 38 61 24 17
3 23 62 2 1 21 46
52 67 53 37 13 5 72
5 38 19 30 63 1 30
62 37 39 27 37 52 13
63 20 26 44 28 11 17
63 20 26 66 47 39 29
47 10 49 57 28 43 18
49 0 25 24 12 12 17
23 9 38 32 69 27 61
6 50 26 54 41 25 9
30 63 1 44 28 11 36
43 59 17 64 49 52 36
60 61 32 58 36 9 33
21 32 4 35 27 5 5
7 50 49 6 50 26 23
55 14 11 24 12 12 2
4 67 66 69 48 67 19
42 48 41 45 39 6 36
50 64 47 3 23 62 43
16 58 52 53 42 8 46
62 37 39 69 48 67 30
34 36 42 9 12 39 24
55 14 11 10 7 19 10
11 8 55 22 11 11 44
60 61 32 55 14 11 51
49 0 25 16 58 52 63
15 39 8 41 1 8 38
61 32 43 45 39 6 37
33 51 20 10 7 19 44
43 59 17 67 40 41 30
0 7 21 43 59 17 52
57 28 43 19 47 65 29
36 4 63 64 49 52 46
21 32 4 5 38 19 16
5 38 19 31 53 62 45
68 27 64 66 47 39 32
70 55 68 31 53 62 6
5 38 19 44 28 11 12
11 8 55 36 4 63 8
63 20 26 5 38 19 19
14 33 47 55 14 11 40
27 37 52 24 12 12 47
19 47 65 22 11 11 64
32 69 27 70 55 68 43
53 42 8 34 36 42 34
69 48 67 33 51 20 47
6 50 26 61 32 43 24
69 48 67 47 10 49 42
5 38 19 57 28 43 26
9 12 39 14 33 47 22
58 36 9 53 42 8 6
19 47 65 60 61 32 35
44 28 11 51 21 45 34
16 58 52 34 36 42 24
25 68 56 58 36 9 56
35 27 5 51 21 45 40
51 21 45 27 37 52 17
58 36 9 44 28 11 8
4 67 66 17 16 25 65
54 41 25 13 13 30 28
67 40 41 54 41 25 16
6 50 26 41 1 8 52
23 9 38 56 26 68 34
53 42 8 56 26 68 62
18 34 56 29 63 25 42
26 47 34 32 69 27 23
16 58 52 28 65 54 7
45 39 6 9 12 39 42
2 1 21 53 42 8 43
70 55 68 42 48 41 27
13 13 30 29 63 25 50
1 29 68 66 47 39 34
31 53 62 43 59 17 45
50 64 47 70 55 68 22
37 13 5 65 9 56 51
52 67 53 41 1 8 79
4 67 66 65 9 56 58
17 16 25 14 33 47 27
70 55 68 9 12 39 51
14 33 47 44 28 11 36
14 33 47 51 21 45 12
64 49 52 38 61 24 30
27 37 52 1 29 68 17
53 42 8 40 19 28 30
46 2 29 58 36 9 39
66 47 39 37 13 5 48
15 39 8 6 50 26 21
7 50 49 1 29 68 28
31 53 62 65 9 56 44
68 27 64 36 4 63 23
44 28 11 25 68 56 60
37 13 5 10 7 19 15
49 0 25 69 48 67 63
63 20 26 52 67 53 54
42 48 41 18 34 56 20
31 53 62 26 47 34 28
8 67 66 10 7 19 76
57 28 43 4 67 66 45
5 38 19 6 50 26 13
38 61 24 20 70 13 14
36 4 63 26 47 34 51
23 9 38 11 8 55 17
21 32 4 22 11 11 22
16 58 52 55 14 11 60
42 48 41 59 38 1 41
15 39 8 32 69 27 35
56 26 68 36 4 63 22
25 68 56 52 67 53 3
58 36 9 8 67 66 64
34 36 42 58 36 9 33
4 67 66 11 8 55 60
10 7 19 50 64 47 63
69 48 67 45 39 6 61
44 28 11 45 39 6 12
66 47 39 19 47 65 26
39 30 55 64 49 52 19
66 47 39 46 2 29 46
44 28 11 38 61 24 35
40 19 28 34 36 42 22
11 8 55 26 47 34 44
42 48 41 14 33 47 16
15 39 8 37 13 5 26
65 9 56 67 40 41 34
69 48 67 26 47 34 33
33 51 20 65 9 56 55
54 41 25 40 19 28 22
69 48 67 38 61 24 44
5 38 19 26 47 34 17
22 11 11 6 50 26 41
64 49 52 29 63 25 30
5 38 19 3 23 62 45
63 20 26 46 2 29 18
56 26 68 55 14 11 58
67 40 41 3 23 62 27
25 68 56 17 16 25 60
53 42 8 28 65 54 51
31 53 62 69 48 67 7
46 2 29 27 37 52 41
8 67 66 31 53 62 14
49 0 25 2 1 21 4
58 36 9 47 10 49 47
29 63 25 15 39 8 29
58 36 9 39 30 55 46
45 39 6 54 41 25 19
19 47 65 34 36 42 25
5 38 19 39 30 55 36
9 12 39 63 20 26 15
3 23 62 66 47 39 33
2 1 21 12 56 41 58
62 37 39 9 12 39 25
39 30 55 46 2 29 38
47 10 49 38 61 24 56
31 53 62 41 1 8 74
59 38 1 28 65 54 59
60 61 32 48 10 19 52
62 37 39 57 28 43 9
65 9 56 16 58 52 49
58 36 9 10 7 19 30
15 39 8 0 7 21 34
42 48 41 54 41 25 17
8 67 66 21 32 4 71
29 63 25 10 7 19 56
24 12 12 68 27 64 54
16 58 52 6 50 26 27
27 37 52 25 68 56 31
14 33 47 34 36 42 5
50 64 47 42 48 41 17
46 2 29 42 48 41 47
47 10 49 0 7 21 28
57 28 43 2 1 21 34
45 39 6 3 23 62 58
25 68 56 14 33 47 36
48 10 19 1 29 68 52
28 65 54 20 70 13 41
24 12 12 32 69 27 58
10 7 19 3 23 62 45
59 38 1 29 63 25 34
67 40 41 17 16 25 28
52 67 53 43 59 17 36
52 67 53 51 21 45 46
16 58 52 15 39 8 47
3 23 62 25 68 56 45
45 39 6 23 9 38 43
6 50 26 38 61 24 11
40 19 28 35 27 5 24
51 21 45 45 39 6 42
53 42 8 12 56 41 35
9 12 39 19 47 65 43
4 67 66 35 27 5 72
8 67 66 1 29 68 38
49 0 25 41 1 8 17
57 28 43 13 13 30 19
19 47 65 2 1 21 63
2 1 21 39 30 55 44
69 48 67 37 13 5 71
3 23 62 61 32 43 21
47 10 49 70 55 68 48
20 70 13 42 48 41 35
8 67 66 61 32 43 41
26 47 34 49 0 25 47
30 63 1 17 16 25 52
16 58 52 33 51 20 32
41 1 8 2 1 21 13
63 20 26 1 29 68 42
12 56 41 26 47 34 11
22 11 11 4 67 66 78
48 10 19 42 48 41 43
13 13 30 44 28 11 24
19 47 65 48 10 19 59
68 27 64 10 7 19 49
69 48 67 24 12 12 65
22 11 11 35 27 5 17
48 10 19 13 13 30 11
17 16 25 28 65 54 56
32 69 27 3 23 62 57
9 12 39 29 63 25 52
25 68 56 28 65 54 3
44 28 11 4 67 66 67
61 32 43 59 38 1 42
39 30 55 61 32 43 12
48 10 19 26 47 34 39
54 41 25 8 67 66 48
68 27 64 20 70 13 66
34 36 42 49 0 25 39
41 1 8 38 61 24 62
58 36 9 16 58 52 48
39 30 55 60 61 32 38
26 47 34 58 36 9 27
5 38 19 68 27 64 46
30 63 1 27 37 52 57
36 4 63 22 11 11 52
29 63 25 50 64 47 22
10 7 19 9 12 39 20
47 10 49 4 67 66 59
4 67 66 23 9 38 64
5 38 19 41 1 8 38
17 16 25 10 7 19 10
22 11 11 41 1 8 10
15 39 8 23 9 38 42
64 49 52 52 67 53 18
33 51 20 20 70 13 20
7 50 49 58 36 9 42
70 55 68 2 1 21 71
44 28 11 43 59 17 31
23 9 38 70 55 68 54
51 21 45 3 23 62 17
5 38 19 28 65 54 44
56 26 68 28 65 54 41
42 48 41 55 14 11 45
43 59 17 10 7 19 52
40 19 28 5 38 19 21
0 7 21 26 47 34 42
57 28 43 33 51 20 32
49 0 25 35 27 5 33
46 2 29 37 13 5 26
48 10 19 38 61 24 51
53 42 8 25 68 56 54
31 53 62 66 47 39 23
50 64 47 47 10 49 54
53 42 8 67 40 41 33
6 50 26 48 10 19 40
46 2 29 10 7 19 11
16 58 52 37 13 5 65
59 38 1 35 27 5 11
66 47 39 27 37 52 16
11 8 55 12 56 41 50
41 1 8 12 56 41 64
29 63 25 24 12 12 52
41 1 8 1 29 68 66
0 7 21 31 53 62 61
25 68 56 9 12 39 58
47 10 49 49 0 25 26
70 55 68 10 7 19 68
61 32 43 70 55 68 33
6 50 26 64 49 52 26
27 37 52 68 27 64 15
4 67 66 63 20 26 61
53 42 8 68 27 64 57
53 42 8 33 51 20 15
70 55 68 24 12 12 70
6 50 26 21 32 4 28
59 38 1 33 51 20 23
69 48 67 46 2 29 59
66 47 39 0 7 21 43
40 19 28 46 2 29 17
61 32 43 17 16 25 24
53 42 8 36 4 63 66
18 34 56 45 39 6 50
56 26 68 42 48 41 34
0 7 21 58 36 9 31
61 32 43 22 11 11 38
42 48 41 1 29 68 33
16 58 52 52 67 53 9
24 12 12 45 39 6 27
39 30 55 57 28 43 12
46 2 29 29 63 25 61
43 59 17 3 23 62 57
35 27 5 67 40 41 38
62 37 39 19 47 65 27
53 42 8 19 47 65 57
18 34 56 70 55 68 24
10 7 19 7 50 49 52
25 68 56 4 67 66 10
3 23 62 15 39 8 56
19 47 65 29 63 25 43
65 9 56 32 69 27 66
22 11 11 38 61 24 51
57 28 43 27 37 52 12
29 63 25 60 61 32 7
30 63 1 62 37 39 46
57 28 43 7 50 49 22
68 27 64 60 61 32 46
52 67 53 34 36 42 32
39 30 55 36 4 63 27
18 34 56 63 20 26 33
38 61 24 7 50 49 27
14 33 47 69 48 67 25
13 13 30 2 1 21 15
19 47 65 40 19 28 46
68 27 64 50 64 47 40
6 50 26 65 9 56 50
51 21 45 39 30 55 13
11 8 55 30 63 1 77
22 11 11 30 63 1 52
20 70 13 49 0 25 71
9 12 39 69 48 67 45
68 27 64 18 34 56 10
8 67 66 27 37 52 33
27 37 52 3 23 62 17
66 47 39 62 37 39 10
53 42 8 1 29 68 61
18 34 56 61 32 43 13
62 37 39 56 26 68 31
59 38 1 52 67 53 59
23 9 38 9 12 39 3
22 11 11 53 42 8 31
10 7 19 51 21 45 29
13 13 30 70 55 68 56
49 0 25 25 68 56 74
18 34 56 23 9 38 30
24 12 12 42 48 41 46
32 69 27 56 26 68 59
17 16 25 43 59 17 43
46 2 29 12 56 41 55
23 9 38 55 14 11 27
13 13 30 7 50 49 41
54 41 25 28 65 54 37
40 19 28 8 67 66 61
58 36 9 54 41 25 16
70 55 68 55 14 11 70
33 51 20 44 28 11 24
69 48 67 17 16 25 52
14 33 47 16 58 52 25
55 14 11 53 42 8 28
18 34 56 27 37 52 5
69 48 67 15 39 8 59
13 13 30 59 38 1 38
36 4 63 61 32 43 34
6 50 26 37 13 5 42
56 26 68 5 38 19 50
22 11 11 59 38 1 28
4 67 66 67 40 41 36
30 63 1 10 7 19 58
19 47 65 4 67 66 20
7 50 49 35 27 5 49
1 29 68 43 59 17 59
70 55 68 66 47 39 30
67 40 41 60 61 32 22
69 48 67 59 38 1 66
9 12 39 58 36 9 38
18 34 56 8 67 66 34
0 7 21 27 37 52 43
6 50 26 31 53 62 36
40 19 28 50 64 47 48
19 47 65 54 41 25 40
66 47 39 58 36 9 31
33 51 20 35 27 5 28
11 8 55 56 26 68 22
18 34 56 44 28 11 45
54 41 25 70 55 68 45
37 13 5 62 37 39 41
24 12 12 9 12 39 27
16 58 52 31 53 62 11
25 68 56 21 32 4 63
57 28 43 37 13 5 40
26 47 34 55 14 11 40
41 1 8 20 70 13 69
4 67 66 70 55 68 12
47 10 49 41 1 8 41
68 27 64 28 65 54 39
64 49 52 62 37 39 17
43 59 17 24 12 12 47
30 63 1 56 26 68 76
11 8 55 25 68 56 60
48 10 19 41 1 8 14
31 53 62 53 42 8 55
55 14 11 3 23 62 51
32 69 27 39 30 55 48
19 47 65 69 48 67 2
48 10 19 15 39 8 31
41 1 8 40 19 28 26
56 26 68 48 10 19 51
58 36 9 52 67 53 53
13 13 30 4 67 66 64
40 19 28 62 37 39 21
34 36 42 69 48 67 27
51 21 45 2 1 21 31
10 7 19 60 61 32 55
21 32 4 13 13 30 32
13 13 30 68 27 64 36
44 28 11 20 70 13 42
15 39 8 4 67 66 64
32 69 27 62 37 39 34
0 7 21 60 61 32 55
35 27 5 53 42 8 15
69 48 67 44 28 11 59
36 4 63 20 70 13 82
61 32 43 27 37 52 10
67 40 41 42 48 41 8
31 53 62 58 36 9 55
63 20 26 49 0 25 20
19 47 65 47 10 49 40
28 65 54 29 63 25 29
16 58 52 43 59 17 35
27 37 52 33 51 20 34
3 23 62 57 28 43 19
25 68 56 47 10 49 58
23 9 38 41 1 8 31
22 11 11 28 65 54 69
12 56 41 1 29 68 38
24 12 12 22 11 11 1
70 55 68 48 10 19 66
17 16 25 39 30 55 33
14 33 47 0 7 21 36
10 7 19 0 7 21 2
62 37 39 59 38 1 38
45 39 6 20 70 13 31
50 64 47 15 39 8 46
46 2 29 2 1 21 8
44 28 11 46 2 29 31
48 10 19 43 59 17 49
32 69 27 0 7 21 62
38 61 24 24 12 12 50
63 20 26 6 50 26 30
4 67 66 61 32 43 41
9 12 39 53 42 8 43
55 14 11 2 1 21 16
67 40 41 32 69 27 32
20 70 13 40 19 28 53
39 30 55 33 51 20 40
10 7 19 32 69 27 62
70 55 68 53 42 8 61
26 47 34 24 12 12 41
36 4 63 0 7 21 42
23 9 38 34 36 42 27
8 67 66 68 27 64 40
67 40 41 26 47 34 9
31 53 62 57 28 43 31
42 48 41 47 10 49 38
62 37 39 48 10 19 33
21 32 4 46 2 29 39
24 12 12 4 67 66 77
38 61 24 40 19 28 42
35 27 5 42 48 41 41
3 23 62 58 36 9 54
13 13 30 30 63 1 57
33 51 20 36 4 63 63
39 30 55 37 13 5 52
13 13 30 41 1 8 25
11 8 55 53 42 8 58
44 28 11 50 64 47 50
36 4 63 70 55 68 51
4 67 66 26 47 34 37
52 67 53 0 7 21 68
42 48 41 61 32 43 16
63 20 26 28 65 54 53
62 37 39 2 1 21 40
45 39 6 55 14 11 25
59 38 1 17 16 25 32
2 1 21 32 69 27 68
66 47 39 52 67 53 24
42 48 41 60 61 32 15
46 2 29 34 36 42 36
22 11 11 69 48 67 67
61 32 43 38 61 24 34
19 47 65 41 1 8 73
24 12 12 5 38 19 26
10 7 19 16 58 52 60
27 37 52 5 38 19 33
44 28 11 1 29 68 57
55 14 11 0 7 21 12
10 7 19 22 11 11 8
21 32 4 15 39 8 8
63 20 26 8 67 66 61
23 9 38 58 36 9 39
19 47 65 49 0 25 61
33 51 20 25 68 56 39
17 16 25 46 2 29 14
51 21 45 40 19 28 17
18 34 56 26 47 34 25
32 69 27 6 50 26 19
67 40 41 38 61 24 27
38 61 24 15 39 8 27
39 30 55 6 50 26 35
38 61 24 63 20 26 41
44 28 11 55 14 11 14
44 28 11 66 47 39 33
6 50 26 67 40 41 18
64 49 52 54 41 25 28
65 9 56 48 10 19 37
56 26 68 61 32 43 25
69 48 67 40 19 28 48
34 36 42 18 34 56 14
49 0 25 67 40 41 43
28 65 54 47 10 49 55
46 2 29 28 65 54 67
47 10 49 36 4 63 15
21 32 4 49 0 25 38
53 42 8 17 16 25 31
4 67 66 9 12 39 61
59 38 1 8 67 66 71
3 23 62 35 27 5 57
54 41 25 30 63 1 32
20 70 13 32 69 27 14
48 10 19 49 0 25 11
67 40 41 27 37 52 11
3 23 62 21 32 4 58
67 40 41 39 30 55 17
65 9 56 64 49 52 40
19 47 65 3 23 62 24
52 67 53 32 69 27 26
13 13 30 42 48 41 36
43 59 17 37 13 5 47
39 30 55 14 33 47 8
35 27 5 69 48 67 65
4 67 66 6 50 26 43
64 49 52 40 19 28 38
57 28 43 54 41 25 22
66 47 39 47 10 49 38
39 30 55 62 37 39 17
40 19 28 58 36 9 25
54 41 25 22 11 11 33
21 32 4 33 51 20 24
19 47 65 42 48 41 24
62 37 39 34 36 42 3
41 1 8 45 39 6 38
55 14 11 5 38 19 25
61 32 43 2 1 21 38
64 49 52 5 38 19 34
16 58 52 51 21 45 37
67 40 41 5 38 19 22
16 58 52 59 38 1 54
66 47 39 34 36 42 11
57 28 43 0 7 21 30
26 47 34 15 39 8 27
35 27 5 1 29 68 63
46 2 29 6 50 26 48
31 53 62 14 33 47 25
9 12 39 67 40 41 28
25 68 56 24 12 12 71
46 2 29 9 12 39 14
53 42 8 5 38 19 11
61 32 43 31 53 62 28
11 8 55 21 32 4 56
48 10 19 57 28 43 30
59 38 1 67 40 41 40
48 10 19 5 38 19 28
8 67 66 62 37 39 40
6 50 26 12 56 41 16
26 47 34 63 20 26 28
4 67 66 66 47 39 33
3 23 62 53 42 8 57
55 14 11 13 13 30 19
50 64 47 49 0 25 67
28 65 54 42 48 41 21
4 67 66 14 33 47 38
36 4 63 69 48 67 44
16 58 52 54 41 25 31
7 50 49 64 49 52 3
57 28 43 40 19 28 17
10 7 19 1 29 68 53
66 47 39 14 33 47 16
40 19 28 21 32 4 27
32 69 27 21 32 4 43
16 58 52 62 37 39 24
6 50 26 17 16 25 34
52 67 53 13 13 30 58
65 9 56 45 39 6 58
50 64 47 52 67 53 6
13 13 30 64 49 52 42
63 20 26 54 41 25 21
29 63 25 51 21 45 46
44 28 11 42 48 41 36
39 30 55 47 10 49 20
43 59 17 57 28 43 40
16 58 52 46 2 29 60
4 67 66 8 67 66 0
22 11 11 42 48 41 47
2 1 21 21 32 4 35
53 42 8 60 61 32 30
26 47 34 3 23 62 36
1 29 68 23 9 38 36
17 16 25 32 69 27 53
5 38 19 22 11 11 28
5 38 19 60 61 32 26
16 58 52 39 30 55 28
4 67 66 42 48 41 31
30 63 1 46 2 29 67
26 47 34 10 7 19 42
21 32 4 61 32 43 39
44 28 11 26 47 34 29
53 42 8 10 7 19 36
56 26 68 16 58 52 35
63 20 26 17 16 25 4
14 33 47 43 59 17 39
38 61 24 52 67 53 29
51 21 45 1 29 68 24
14 33 47 15 39 8 39
31 53 62 30 63 1 61
49 0 25 36 4 63 38
65 9 56 17 16 25 31
9 12 39 55 14 11 28
45 39 6 0 7 21 35
68 27 64 38 61 24 52
66 47 39 20 70 13 34
8 67 66 29 63 25 41
27 37 52 31 53 62 18
39 30 55 21 32 4 51
21 32 4 52 67 53 60
21 32 4 54 41 25 22
3 23 62 20 70 13 67
69 48 67 27 37 52 18
45 39 6 21 32 4 7
8 67 66 33 51 20 48
65 9 56 14 33 47 25
28 65 54 52 67 53 2
55 14 11 27 37 52 47
11 8 55 6 50 26 51
2 1 21 24 12 12 14
50 64 47 0 7 21 62
13 13 30 50 64 47 53
35 27 5 37 13 5 14
15 39 8 54 41 25 17
41 1 8 46 2 29 21
20 70 13 31 53 62 51
29 63 25 21 32 4 37
17 16 25 8 67 66 65
26 47 34 45 39 6 29
11 8 55 61 32 43 26
50 64 47 57 28 43 36
22 11 11 3 23 62 52
20 70 13 26 47 34 31
17 16 25 58 36 9 25
66 47 39 12 56 41 9
28 65 54 55 14 11 66
3 23 62 17 16 25 37
1 29 68 56 26 68 3
1 29 68 2 1 21 54
43 59 17 12 56 41 24
64 49 52 11 8 55 41
64 49 52 20 70 13 44
67 40 41 70 55 68 30
24 12 12 48 10 19 7
37 13 5 36 4 63 58
2 1 21 50 64 47 68
3 23 62 23 9 38 27
48 10 19 8 67 66 73
54 41 25 1 29 68 44
48 10 19 34 36 42 34
49 0 25 6 50 26 50
52 67 53 22 11 11 70
33 51 20 67 40 41 23
27 37 52 37 13 5 52
27 37 52 22 11 11 48
28 65 54 57 28 43 38
30 63 1 16 58 52 51
39 30 55 22 11 11 47
0 7 21 51 21 45 27
60 61 32 7 50 49 20
64 49 52 44 28 11 46
28 65 54 36 4 63 61
68 27 64 64 49 52 25
59 38 1 45 39 6 5
43 59 17 29 63 25 8
60 61 32 21 32 4 40
13 13 30 1 29 68 41
60 61 32 14 33 47 31
64 49 52 37 13 5 59
37 13 5 7 50 49 57
15 39 8 8 67 66 64
44 28 11 68 27 64 53
56 26 68 70 55 68 29
12 56 41 18 34 56 26
66 47 39 2 1 21 49
15 39 8 63 20 26 26
69 48 67 61 32 43 28
30 63 1 64 49 52 52
47 10 49 22 11 11 38
32 69 27 35 27 5 47
45 39 6 16 58 52 49
62 37 39 42 48 41 11
20 70 13 51 21 45 58
17 16 25 20 70 13 55
61 32 43 26 47 34 17
61 32 43 41 1 8 46
15 39 8 70 55 68 62
6 50 26 66 47 39 13
31 53 62 29 63 25 38
27 37 52 17 16 25 34
37 13 5 41 1 8 12
55 14 11 34 36 42 38
50 64 47 67 40 41 24
37 13 5 3 23 62 57
2 1 21 18 34 56 48
70 55 68 37 13 5 75
22 11 11 31 53 62 66
13 13 30 0 7 21 10
5 38 19 1 29 68 49
14 33 47 57 28 43 6
19 47 65 24 12 12 63
4 67 66 59 38 1 71
44 28 11 57 28 43 32
33 51 20 1 29 68 52
30 63 1 61 32 43 52
13 13 30 39 30 55 30
9 12 39 64 49 52 39
58 36 9 56 26 68 59
29 63 25 52 67 53 28
5 38 19 35 27 5 17
70 55 68 20 70 13 57
49 0 25 53 42 8 45
2 1 21 17 16 25 15
56 26 68 13 13 30 40
2 1 21 38 61 24 60
20 70 13 37 13 5 57
11 8 55 18 34 56 26
2 1 21 47 10 49 29
23 9 38 57 28 43 19
49 0 25 27 37 52 45
65 9 56 46 2 29 27
39 30 55 15 39 8 47
64 49 52 25 68 56 19
11 8 55 51 21 45 16
19 47 65 56 26 68 21
36 4 63 57 28 43 31
58 36 9 62 37 39 30
50 64 47 55 14 11 61
50 64 47 48 10 19 60
32 69 27 63 20 26 49
18 34 56 62 37 39 17
39 30 55 50 64 47 34
57 28 43 69 48 67 31
60 61 32 31 53 62 31
50 64 47 51 21 45 43
42 48 41 38 61 24 21
25 68 56 40 19 28 56
69 48 67 2 1 21 65
55 14 11 41 1 8 13
54 41 25 24 12 12 31
47 10 49 53 42 8 52
36 4 63 21 32 4 65
3 23 62 40 19 28 34
2 1 21 33 51 20 50
69 48 67 39 30 55 21
22 11 11 12 56 41 54
30 63 1 7 50 49 49
40 19 28 56 26 68 40
17 16 25 42 48 41 35
22 11 11 48 10 19 8
21 32 4 9 12 39 40
14 33 47 50 64 47 31
4 67 66 32 69 27 39
18 34 56 17 16 25 35
41 1 8 8 67 66 87
64 49 52 66 47 39 13
32 69 27 7 50 49 29
0 7 21 38 61 24 54
16 58 52 18 34 56 24
25 68 56 5 38 19 47
4 67 66 29 63 25 41
59 38 1 63 20 26 30
0 7 21 6 50 26 43
23 9 38 68 27 64 31
21 32 4 16 58 52 54
32 69 27 29 63 25 6
34 36 42 68 27 64 23
20 70 13 22 11 11 59
39 30 55 56 26 68 13
39 30 55 41 1 8 55
32 69 27 55 14 11 57
29 63 25 55 14 11 50
62 37 39 46 2 29 36
23 9 38 53 42 8 44
41 1 8 69 48 67 75
67 40 41 37 13 5 45
12 56 41 59 38 1 43
41 1 8 11 8 55 47
59 38 1 51 21 45 47
53 42 8 59 38 1 8
13 13 30 3 23 62 33
64 49 52 61 32 43 19
34 36 42 33 51 20 26
2 1 21 67 40 41 43
70 55 68 30 63 1 67
33 51 20 58 36 9 18
46 2 29 26 47 34 45
34 36 42 26 47 34 13
8 67 66 6 50 26 43
6 50 26 3 23 62 45
20 70 13 15 39 8 31
39 30 55 53 42 8 48
1 29 68 32 69 27 57
60 61 32 41 1 8 64
18 34 56 66 47 39 21
66 47 39 8 67 66 33
23 9 38 44 28 11 33
29 63 25 45 39 6 30
52 67 53 45 39 6 54
60 61 32 69 48 67 37
61 32 43 65 9 56 26
63 20 26 58 36 9 23
64 49 52 45 39 6 47
6 50 26 62 37 39 18
55 14 11 59 38 1 26
20 70 13 55 14 11 56
20 70 13 60 61 32 21
48 10 19 67 40 41 37
63 20 26 22 11 11 17
12 56 41 31 53 62 21
27 37 52 35 27 5 48
28 65 54 34 36 42 31
32 69 27 48 10 19 59
41 1 8 70 55 68 80
14 33 47 62 37 39 8
66 47 39 9 12 39 35
10 7 19 12 56 41 53
60 61 32 50 64 47 15
24 12 12 28 65 54 67
66 47 39 33 51 20 19
57 28 43 53 42 8 37
55 14 11 40 19 28 17
59 38 1 36 4 63 70
63 20 26 33 51 20 31
23 9 38 39 30 55 27
37 13 5 11 8 55 50
40 19 28 7 50 49 37
9 12 39 12 56 41 44
12 56 41 37 13 5 56
68 27 64 40 19 28 36
69 48 67 52 67 53 23
11 8 55 66 47 39 42
20 70 13 57 28 43 51
15 39 8 52 67 53 53
36 4 63 62 37 39 40
15 39 8 31 53 62 55
51 21 45 4 67 66 50
38 61 24 45 39 6 28
63 20 26 57 28 43 18
19 47 65 10 7 19 60
67 40 41 31 53 62 24
15 39 8 65 9 56 56
4 67 66 45 39 6 66
25 68 56 31 53 62 16
13 13 30 58 36 9 31
70 55 68 16 58 52 16
8 67 66 16 58 52 16
5 38 19 20 70 13 32
21 32 4 56 26 68 64
35 27 5 66 47 39 39
17 16 25 57 28 43 21
0 7 21 53 42 8 37
16 58 52 2 1 21 64
21 32 4 34 36 42 38
10 7 19 39 30 55 42
49 0 25 11 8 55 31
65 9 56 10 7 19 37
56 26 68 41 1 8 65
28 65 54 65 9 56 56
39 30 55 27 37 52 7
68 27 64 59 38 1 63
22 11 11 18 34 56 50
56 26 68 6 50 26 48
7 50 49 3 23 62 29
13 13 30 14 33 47 26
38 61 24 9 12 39 51
23 9 38 43 59 17 54
29 63 25 41 1 8 64
26 47 34 59 38 1 34
70 55 68 22 11 11 72
31 53 62 17 16 25 52
6 50 26 51 21 45 34
61 32 43 12 56 41 24
39 30 55 28 65 54 35
60 61 32 51 21 45 42
3 23 62 9 12 39 25
48 10 19 31 53 62 60
47 10 49 55 14 11 38
9 12 39 54 41 25 32
32 69 27 8 67 66 39
20 70 13 16 58 52 40
2 1 21 40 19 28 19
19 47 65 59 38 1 64
12 56 41 57 28 43 28
70 55 68 39 30 55 28
52 67 53 9 12 39 56
30 63 1 4 67 66 65
1 29 68 4 67 66 38
56 26 68 69 48 67 22
51 21 45 42 48 41 27
19 47 65 20 70 13 56
46 2 29 7 50 49 52
3 23 62 56 26 68 6
33 51 20 0 7 21 44
37 13 5 34 36 42 43
39 30 55 40 19 28 29
18 34 56 48 10 19 44
15 39 8 49 0 25 42
46 2 29 18 34 56 41
23 9 38 16 58 52 50
15 39 8 46 2 29 42
25 68 56 8 67 66 10
44 28 11 6 50 26 26
62 37 39 49 0 25 39
41 1 8 42 48 41 57
13 13 30 12 56 41 44
34 36 42 3 23 62 23
8 67 66 53 42 8 63
40 19 28 33 51 20 32
40 19 28 36 4 63 38
45 39 6 30 63 1 24
27 37 52 13 13 30 32
28 65 54 19 47 65 21
25 68 56 54 41 25 41
0 7 21 42 48 41 45
53 42 8 44 28 11 14
27 37 52 41 1 8 56
69 48 67 13 13 30 50
10 7 19 13 13 30 12
31 53 62 40 19 28 48
55 14 11 7 50 49 52
21 32 4 30 63 1 31
27 37 52 12 56 41 21
62 37 39 15 39 8 31
20 70 13 63 20 26 51
68 27 64 14 33 47 18
29 63 25 12 56 41 17
5 38 19 8 67 66 55
25 68 56 66 47 39 27
0 7 21 19 47 65 59
30 63 1 33 51 20 22
22 11 11 51 21 45 35
12 56 41 17 16 25 43
65 9 56 23 9 38 18
66 47 39 49 0 25 49
49 0 25 40 19 28 19
40 19 28 67 40 41 24
35 27 5 13 13 30 28
6 50 26 20 70 13 23
13 13 30 51 21 45 17
31 53 62 62 37 39 28
69 48 67 6 50 26 41
41 1 8 63 20 26 26
48 10 19 46 2 29 12
34 36 42 47 10 49 26
34 36 42 50 64 47 28
58 36 9 61 32 43 34
35 27 5 29 63 25 41
12 56 41 3 23 62 39
31 53 62 55 14 11 64
64 49 52 3 23 62 27
33 51 20 11 8 55 55
30 63 1 1 29 68 75
68 27 64 65 9 56 19
66 47 39 43 59 17 25
7 50 49 63 20 26 37
47 10 49 52 67 53 57
21 32 4 43 59 17 29
36 4 63 43 59 17 71
31 53 62 36 4 63 49
5 38 19 4 67 66 55
11 8 55 45 39 6 57
52 67 53 18 34 56 33
55 14 11 68 27 64 54
26 47 34 30 63 1 36
47 10 49 7 50 49 40
11 8 55 14 33 47 26
53 42 8 54 41 25 17
70 55 68 33 51 20 48
47 10 49 26 47 34 39
38 61 24 65 9 56 61
38 61 24 17 16 25 45
20 70 13 27 37 52 51
10 7 19 23 9 38 19
58 36 9 32 69 27 37
36 4 63 45 39 6 66
52 67 53 55 14 11 67
34 36 42 59 38 1 41
51 21 45 68 27 64 19
12 56 41 34 36 42 20
36 4 63 34 36 42 38
54 41 25 14 33 47 23
49 0 25 38 61 24 61
25 68 56 68 27 64 41
34 36 42 54 41 25 17
47 10 49 54 41 25 39
3 23 62 69 48 67 25
33 51 20 38 61 24 10
19 47 65 65 9 56 39
43 59 17 38 61 24 7
35 27 5 19 47 65 63
58 36 9 5 38 19 10
42 48 41 23 9 38 39
60 61 32 15 39 8 32
33 51 20 17 16 25 35
37 13 5 13 13 30 25
7 50 49 21 32 4 48
52 67 53 57 28 43 40
59 38 1 5 38 19 18
37 13 5 25 68 56 75
23 9 38 31 53 62 50
56 26 68 51 21 45 23
36 4 63 2 1 21 42
21 32 4 70 55 68 68
38 61 24 8 67 66 42
31 53 62 32 69 27 38
67 40 41 47 10 49 31
37 13 5 9 12 39 34
70 55 68 58 36 9 61
11 8 55 63 20 26 31
28 65 54 21 32 4 59
64 49 52 55 14 11 53
39 30 55 55 14 11 46
7 50 49 53 42 8 41
36 4 63 25 68 56 64
48 10 19 64 49 52 51
3 23 62 68 27 64 4
20 70 13 14 33 47 50
31 53 62 21 32 4 61
19 47 65 37 13 5 68
12 56 41 68 27 64 37
40 19 28 30 63 1 51
5 38 19 65 9 56 47
3 23 62 70 55 68 32
67 40 41 58 36 9 32
37 13 5 32 69 27 60
11 8 55 15 39 8 56
57 28 43 55 14 11 34
26 47 34 56 26 68 39
12 56 41 50 64 47 10
63 20 26 55 14 11 16
47 10 49 35 27 5 47
65 9 56 11 8 55 1
20 70 13 50 64 47 34
14 33 47 35 27 5 42
29 63 25 25 68 56 31
28 65 54 3 23 62 42
29 63 25 14 33 47 37
25 68 56 55 14 11 70
41 1 8 0 7 21 14
43 59 17 7 50 49 33
32 69 27 41 1 8 70
0 7 21 1 29 68 51
54 41 25 23 9 38 34
37 13 5 58 36 9 23
35 27 5 44 28 11 6
69 48 67 16 58 52 18
27 37 52 64 49 52 12
11 8 55 29 63 25 62
9 12 39 18 34 56 27
27 37 52 14 33 47 6
18 34 56 37 13 5 55
35 27 5 2 1 21 30
17 16 25 11 8 55 31
50 64 47 46 2 29 64
23 9 38 13 13 30 8
15 39 8 43 59 17 21
10 7 19 24 12 12 8
24 12 12 63 20 26 16
44 28 11 32 69 27 44
27 37 52 4 67 66 33
23 9 38 66 47 39 38
8 67 66 14 33 47 38
25 68 56 43 59 17 40
18 34 56 21 32 4 52
45 39 6 34 36 42 36
35 27 5 56 26 68 63
23 9 38 40 19 28 14
34 36 42 57 28 43 8
33 51 20 6 50 26 6
56 26 68 0 7 21 50
21 32 4 37 13 5 19
69 48 67 53 42 8 59
37 13 5 54 41 25 34
62 37 39 35 27 5 35
38 61 24 28 65 54 30
36 4 63 44 28 11 57
8 67 66 22 11 11 78
43 59 17 8 67 66 49
11 8 55 55 14 11 44
70 55 68 14 33 47 30
49 0 25 33 51 20 51
18 34 56 13 13 30 33
36 4 63 54 41 25 53
7 50 49 50 64 47 14
51 21 45 43 59 17 47
18 34 56 32 69 27 45
34 36 42 31 53 62 26
31 53 62 4 67 66 14
9 12 39 32 69 27 58
36 4 63 15 39 8 65
38 61 24 30 63 1 23
19 47 65 64 49 52 13
56 26 68 22 11 11 58
19 47 65 61 32 43 26
31 53 62 24 12 12 64
31 53 62 56 26 68 27
2 1 21 6 50 26 49
55 14 11 46 2 29 21
62 37 39 50 64 47 28
48 10 19 44 28 11 19
29 63 25 58 36 9 31
37 13 5 30 63 1 50
8 67 66 55 14 11 76
39 30 55 11 8 55 22
53 42 8 15 39 8 3
19 47 65 45 39 6 59
42 48 41 65 9 56 41
44 28 11 0 7 21 23
53 42 8 46 2 29 45
66 47 39 53 42 8 31
12 56 41 14 33 47 23
0 7 21 54 41 25 34
9 12 39 33 51 20 43
49 0 25 58 36 9 39
65 9 56 54 41 25 44
8 67 66 23 9 38 64
28 65 54 62 37 39 31
28 65 54 49 0 25 71
57 28 43 59 38 1 43
45 39 6 32 69 27 36
4 67 66 10 7 19 76
37 13 5 68 27 64 60
1 29 68 65 9 56 23
51 21 45 61 32 43 11
24 12 12 47 10 49 37
30 63 1 20 70 13 13
45 39 6 63 20 26 27
70 55 68 0 7 21 67
51 21 45 30 63 1 60
64 49 52 26 47 34 18
67 40 41 69 48 67 27
42 48 41 11 8 55 42
17 16 25 62 37 39 25
23 9 38 19 47 65 46
23 9 38 63 20 26 16
62 37 39 1 29 68 30
10 7 19 64 49 52 53
6 50 26 40 19 28 31
1 29 68 26 47 34 38
66 47 39 61 32 43 15
45 39 6 68 27 64 59
55 14 11 48 10 19 8
41 1 8 17 16 25 22
43 59 17 27 37 52 41
28 65 54 10 7 19 67
50 64 47 19 47 65 24
52 67 53 20 70 13 40
63 20 26 31 53 62 48
66 47 39 24 12 12 44
24 12 12 17 16 25 13
20 70 13 1 29 68 68
44 28 11 11 8 55 48
7 50 49 23 9 38 42
16 58 52 47 10 49 48
35 27 5 54 41 25 24
62 37 39 53 42 8 31
33 51 20 41 1 8 51
47 10 49 65 9 56 7
8 67 66 12 56 41 27
38 61 24 26 47 34 17
3 23 62 59 38 1 62
13 13 30 36 4 63 34
32 69 27 40 19 28 50
20 70 13 43 59 17 11
17 16 25 19 47 65 50
35 27 5 58 36 9 9
5 38 19 66 47 39 21
52 67 53 7 50 49 17
16 58 52 41 1 8 72
13 13 30 22 11 11 19
32 69 27 22 11 11 60
69 48 67 43 59 17 51
26 47 34 21 32 4 33
53 42 8 48 10 19 33
46 2 29 60 61 32 59
15 39 8 56 26 68 61
53 42 8 38 61 24 24
10 7 19 45 39 6 34
68 27 64 35 27 5 59
28 65 54 51 21 45 44
40 19 28 45 39 6 29
27 37 52 16 58 52 21
47 10 49 45 39 6 51
17 16 25 21 32 4 26
20 70 13 59 38 1 34
35 27 5 17 16 25 22
44 28 11 65 9 56 48
67 40 41 21 32 4 37
1 29 68 68 27 64 4
57 28 43 22 11 11 36
57 28 43 45 39 6 38
10 7 19 18 34 56 45
7 50 49 34 36 42 15
67 40 41 18 34 56 16
63 20 26 14 33 47 24
9 12 39 1 29 68 33
21 32 4 23 9 38 41
38 61 24 1 29 68 54
33 51 20 60 61 32 15
65 9 56 66 47 39 41
36 4 63 8 67 66 63
50 64 47 59 38 1 52
0 7 21 62 37 39 34
54 41 25 69 48 67 42
19 47 65 13 13 30 48
53 42 8 37 13 5 29
53 42 8 43 59 17 19
9 12 39 56 26 68 32
6 50 26 23 9 38 42
8 67 66 47 10 49 59
27 37 52 63 20 26 31
29 63 25 70 55 68 43
51 21 45 36 4 63 24
39 30 55 45 39 6 49
39 30 55 65 9 56 21
70 55 68 40 19 28 53
37 13 5 44 28 11 16
50 64 47 35 27 5 55
62 37 39 33 51 20 23
53 42 8 18 34 56 48
13 13 30 32 69 27 56
0 7 21 16 58 52 59
62 37 39 20 70 13 42
12 56 41 62 37 39 19
12 56 41 15 39 8 37
15 39 8 66 47 39 32
7 50 49 4 67 66 24
42 48 41 16 58 52 14
34 36 42 43 59 17 33
58 36 9 38 61 24 29
61 32 43 20 70 13 48
9 12 39 68 27 64 29
35 27 5 30 63 1 36
67 40 41 16 58 52 21
15 39 8 58 36 9 3
68 27 64 6 50 26 44
55 14 11 43 59 17 45
19 47 65 5 38 19 46
54 41 25 4 67 66 48
32 69 27 66 47 39 25
32 69 27 11 8 55 67
6 50 26 58 36 9 22
11 8 55 19 47 65 40
49 0 25 4 67 66 78
67 40 41 19 47 65 25
2 1 21 20 70 13 69
41 1 8 44 28 11 27
44 28 11 62 37 39 29
30 63 1 48 10 19 55
5 38 19 16 58 52 38
68 27 64 15 39 8 57
58 36 9 55 14 11 22
51 21 45 26 47 34 28
25 68 56 32 69 27 29
68 27 64 43 59 17 56
43 59 17 50 64 47 30
5 38 19 7 50 49 32
1 29 68 3 23 62 8
69 48 67 28 65 54 21
16 58 52 38 61 24 28
13 13 30 17 16 25 5
13 13 30 28 65 54 57
1 29 68 45 39 6 62
27 37 52 9 12 39 28
66 47 39 48 10 19 42
8 67 66 65 9 56 58
9 12 39 42 48 41 36
65 9 56 13 13 30 26
22 11 11 55 14 11 3
67 40 41 62 37 39 3
16 58 52 4 67 66 16
36 4 63 32 69 27 74
28 65 54 41 1 8 78
37 13 5 2 1 21 20
33 51 20 64 49 52 32
24 12 12 57 28 43 34
51 21 45 41 1 8 42
15 39 8 18 34 56 48
7 50 49 12 56 41 10
6 50 26 30 63 1 28
60 61 32 57 28 43 34
49 0 25 22 11 11 17
62 37 39 25 68 56 35
62 37 39 23 9 38 28
19 47 65 7 50 49 16
53 42 8 42 48 41 33
26 47 34 25 68 56 30
39 30 55 26 47 34 27
24 12 12 15 39 8 27
50 64 47 11 8 55 56
4 67 66 3 23 62 44
11 8 55 54 41 25 44
5 38 19 37 13 5 28
43 59 17 28 65 54 37
2 1 21 42 48 41 51
61 32 43 43 59 17 37
14 33 47 21 32 4 43
22 11 11 44 28 11 17
25 68 56 10 7 19 71
67 40 41 44 28 11 32
24 12 12 36 4 63 51
49 0 25 7 50 49 55
9 12 39 35 27 5 37
24 12 12 37 13 5 7
28 65 54 40 19 28 52
48 10 19 47 10 49 30
32 69 27 16 58 52 27
18 34 56 65 9 56 25
39 30 55 59 38 1 54
55 14 11 35 27 5 14
63 20 26 56 26 68 42
38 61 24 55 14 11 48
28 65 54 44 28 11 56
8 67 66 44 28 11 67
14 33 47 38 61 24 36
59 38 1 44 28 11 14
38 61 24 54 41 25 20
8 67 66 35 27 5 72
46 2 29 51 21 45 24
35 27 5 39 30 55 50
34 36 42 13 13 30 25
49 0 25 3 23 62 43
42 48 41 33 51 20 21
8 67 66 67 40 41 36
50 64 47 31 53 62 18
2 1 21 15 39 8 40
44 28 11 24 12 12 16
20 70 13 12 56 41 31
29 63 25 49 0 25 63
13 13 30 43 59 17 47
26 47 34 40 19 28 28
24 12 12 16 58 52 60
36 4 63 55 14 11 52
47 10 49 15 39 8 50
23 9 38 25 68 56 61
19 47 65 32 69 27 43
18 34 56 39 30 55 4
9 12 39 31 53 62 47
3 23 62 31 53 62 30
13 13 30 63 20 26 8
1 29 68 37 13 5 65
47 10 49 21 32 4 50
2 1 21 31 53 62 66
9 12 39 44 28 11 32
6 50 26 53 42 8 19
11 8 55 68 27 64 21
2 1 21 7 50 49 56
2 1 21 23 9 38 18
59 38 1 66 47 39 39
20 70 13 25 68 56 43
58 36 9 30 63 1 28
19 47 65 36 4 63 43
31 53 62 42 48 41 21
34 36 42 30 63 1 49
43 59 17 54 41 25 19
15 39 8 59 38 1 7
19 47 65 8 67 66 20
62 37 39 43 59 17 31
48 10 19 20 70 13 60
70 55 68 43 59 17 51
66 47 39 16 58 52 17
30 63 1 2 1 21 65
16 58 52 22 11 11 62
59 38 1 0 7 21 36
60 61 32 61 32 43 31
38 61 24 57 28 43 38
2 1 21 58 36 9 37
70 55 68 57 28 43 36
57 28 43 51 21 45 7
51 21 45 55 14 11 34
12 56 41 42 48 41 8
3 23 62 33 51 20 50
31 53 62 51 21 45 36
67 40 41 61 32 43 8
3 23 62 36 4 63 19
56 26 68 64 49 52 28
17 16 25 15 39 8 28
44 28 11 29 63 25 37
61 32 43 28 65 54 34
68 27 64 0 7 21 47
59 38 1 43 59 17 26
59 38 1 11 8 55 61
48 10 19 37 13 5 14
69 48 67 64 49 52 15
39 30 55 63 20 26 30
64 49 52 60 61 32 23
35 27 5 24 12 12 16
39 30 55 54 41 25 31
66 47 39 38 61 24 20
69 48 67 0 7 21 61
13 13 30 45 39 6 35
23 9 38 49 0 25 15
5 38 19 42 48 41 24
70 55 68 17 16 25 58
68 27 64 41 1 8 61
41 1 8 9 12 39 32
40 19 28 16 58 52 45
43 59 17 49 0 25 59
53 42 8 50 64 47 44
25 68 56 69 48 67 22
14 33 47 61 32 43 4
19 47 65 58 36 9 57
15 39 8 9 12 39 41
58 36 9 20 70 13 34
7 50 49 59 38 1 49
2 1 21 45 39 6 40
32 69 27 43 59 17 14
7 50 49 65 9 56 41
58 36 9 4 67 66 64
34 36 42 24 12 12 38
36 4 63 42 48 41 49
19 47 65 46 2 29 57
25 68 56 50 64 47 9
35 27 5 43 59 17 34
47 10 49 62 37 39 28
50 64 47 9 12 39 52
61 32 43 23 9 38 23
40 19 28 63 20 26 2
33 51 20 68 27 64 50
25 68 56 16 58 52 10
8 67 66 13 13 30 64
7 50 49 33 51 20 29
57 28 43 42 48 41 20
7 50 49 14 33 47 17
50 64 47 28 65 54 7
23 9 38 38 61 24 53
26 47 34 29 63 25 18
68 27 64 2 1 21 50
50 64 47 45 39 6 48
18 34 56 58 36 9 47
20 70 13 0 7 21 63
33 51 20 13 13 30 39
20 70 13 47 10 49 69
22 11 11 25 68 56 72
33 51 20 54 41 25 11
64 49 52 15 39 8 45
65 9 56 51 21 45 16
41 1 8 64 49 52 65
66 47 39 21 32 4 38
11 8 55 9 12 39 16
0 7 21 67 40 41 38
68 27 64 21 32 4 60
35 27 5 45 39 6 12
1 29 68 64 49 52 25
48 10 19 11 8 55 36
70 55 68 51 21 45 41
45 39 6 6 50 26 22
32 69 27 68 27 64 55
4 67 66 40 19 28 61
54 41 25 56 26 68 45
43 59 17 56 26 68 60
63 20 26 69 48 67 49
12 56 41 47 10 49 46
35 27 5 28 65 54 62
51 21 45 12 56 41 35
54 41 25 61 32 43 20
48 10 19 25 68 56 68
2 1 21 43 59 17 58
40 19 28 60 61 32 42
52 67 53 23 9 38 59
4 67 66 39 30 55 38
52 67 53 49 0 25 72
6 50 26 9 12 39 40
57 28 43 35 27 5 38
56 26 68 29 63 25 56
43 59 17 40 19 28 41
14 33 47 18 34 56 9
54 41 25 59 38 1 24
54 41 25 44 28 11 19
51 21 45 32 69 27 51
38 61 24 31 53 62 38
39 30 55 44 28 11 44
62 37 39 4 67 66 40
56 26 68 52 67 53 43
69 48 67 21 32 4 65
60 61 32 17 16 25 45
43 59 17 58 36 9 24
61 32 43 63 20 26 20
38 61 24 51 21 45 45
68 27 64 47 10 49 22
59 38 1 49 0 25 44
0 7 21 28 65 54 66
49 0 25 70 55 68 69
64 49 52 2 1 21 57
68 27 64 62 37 39 26
3 23 62 60 61 32 48
14 33 47 28 65 54 32
13 13 30 20 70 13 59
10 7 19 21 32 4 29
21 32 4 44 28 11 8
56 26 68 10 7 19 52
69 48 67 55 14 11 65
58 36 9 57 28 43 34
14 33 47 33 51 20 32
64 49 52 17 16 25 42
39 30 55 1 29 68 13
60 61 32 22 11 11 54
28 65 54 2 1 21 72
5 38 19 0 7 21 31
37 13 5 60 61 32 55
60 61 32 52 67 53 21
66 47 39 13 13 30 35
43 59 17 5 38 19 21
42 48 41 34 36 42 12
70 55 68 19 47 65 8
48 10 19 61 32 43 32
2 1 21 22 11 11 14
4 67 66 33 51 20 48
15 39 8 57 28 43 36
60 61 32 4 67 66 34
41 1 8 50 64 47 74
5 38 19 29 63 25 25
61 32 43 1 29 68 25
37 13 5 26 47 34 44
52 67 53 44 28 11 57
26 47 34 14 33 47 19
44 28 11 31 53 62 56
44 28 11 15 39 8 11
17 16 25 37 13 5 20
55 14 11 30 63 1 50
63 20 26 64 49 52 38
36 4 63 35 27 5 62
26 47 34 16 58 52 21
12 56 41 49 0 25 58
65 9 56 36 4 63 8
41 1 8 65 9 56 48
25 68 56 65 9 56 59
39 30 55 3 23 62 9
42 48 41 40 19 28 31
54 41 25 2 1 21 40
54 41 25 49 0 25 41
26 47 34 19 47 65 31
41 1 8 25 68 56 82
1 29 68 15 39 8 60
10 7 19 31 53 62 62
67 40 41 51 21 45 19
29 63 25 57 28 43 39
59 38 1 47 10 49 55
59 38 1 41 1 8 37
21 32 4 62 37 39 35
68 27 64 16 58 52 33
67 40 41 36 4 63 42
11 8 55 43 59 17 63
1 29 68 22 11 11 59
29 63 25 36 4 63 70
21 32 4 63 20 26 25
24 12 12 53 42 8 30
59 38 1 10 7 19 35
30 63 1 63 20 26 49
63 20 26 48 10 19 12
2 1 21 8 67 66 79
17 16 25 44 28 11 18
24 12 12 30 63 1 52
59 38 1 23 9 38 47
1 29 68 50 64 47 40
24 12 12 62 37 39 36
46 2 29 14 33 47 35
12 56 41 70 55 68 27
34 36 42 29 63 25 31
70 55 68 59 38 1 69
29 63 25 7 50 49 27
43 59 17 4 67 66 49
19 47 65 6 50 26 39
12 56 41 28 65 54 15
66 47 39 42 48 41 2