36 630
26 18 17 14 20 4 13
10 29 15 25 5 25 26
19 16 2 7 19 6 5
4 27 26 21 9 8 25
35 16 21 24 19 15 6
23 15 30 6 18 32 3
29 27 30 1 7 10 28
32 12 25 5 2 18 12
13 28 11 9 14 28 22
23 15 30 9 14 28 2
3 35 19 35 16 21 19
6 18 32 33 9 31 9
4 27 26 26 18 17 12
21 9 8 2 8 29 21
2 8 29 20 27 2 33
22 30 33 35 16 21 18
32 12 25 25 5 25 7
15 23 4 28 4 26 29
33 9 31 16 27 7 30
17 22 9 31 13 11 9
34 28 23 19 16 2 24
16 27 7 5 2 18 27
24 19 15 10 29 15 10
9 14 28 7 19 6 22
10 29 15 17 22 9 9
19 16 2 26 18 17 15
14 20 4 29 27 30 26
30 7 7 18 32 22 29
26 18 17 16 27 7 13
17 22 9 4 27 26 17
20 27 2 26 18 17 17
22 30 33 12 34 32 4
27 17 24 26 18 17 7
10 29 15 18 32 22 7
6 18 32 26 18 17 15
22 30 33 9 14 28 16
35 16 21 25 5 25 11
3 35 19 31 13 11 23
13 28 11 25 5 25 26
21 9 8 7 19 6 10
19 16 2 22 30 33 34
6 18 32 18 32 22 17
27 17 24 1 7 10 17
10 29 15 19 16 2 18
13 28 11 27 17 24 17
0 9 35 15 23 4 34
1 7 10 24 19 15 13
15 23 4 1 7 10 17
21 9 8 23 15 30 22
24 19 15 12 34 32 22
29 27 30 20 27 2 28
24 19 15 32 12 25 12
32 12 25 6 18 32 9
8 35 5 31 13 11 22
4 27 26 1 7 10 25
4 27 26 34 28 23 3
26 18 17 17 22 9 8
15 23 4 21 9 8 14
16 27 7 23 15 30 25
21 9 8 14 20 4 11
11 22 17 0 9 35 22
20 27 2 8 35 5 8
28 4 26 14 20 4 27
15 23 4 35 16 21 18
23 15 30 4 27 26 12
31 13 11 10 29 15 16
0 9 35 26 18 17 20
23 15 30 2 8 29 7
23 15 30 19 16 2 28
2 8 29 5 2 18 12
25 5 25 24 19 15 17
19 16 2 11 22 17 16
21 9 8 28 4 26 18
6 18 32 25 5 25 14
4 27 26 27 17 24 10
22 30 33 16 27 7 26
22 30 33 4 27 26 7
11 22 17 20 27 2 15
8 35 5 15 23 4 12
27 17 24 18 32 22 15
29 27 30 13 28 11 19
23 15 30 24 19 15 15
2 8 29 9 14 28 6
33 9 31 22 30 33 21
29 27 30 7 19 6 25
8 35 5 33 9 31 36
14 20 4 27 17 24 20
18 32 22 17 22 9 16
13 28 11 33 9 31 27
14 20 4 3 35 19 21
29 27 30 34 28 23 7
31 13 11 18 32 22 21
24 19 15 11 22 17 3
26 18 17 21 9 8 12
1 7 10 9 14 28 19
21 9 8 20 27 2 18
20 27 2 3 35 19 18
2 8 29 1 7 10 19
6 18 32 24 19 15 17
10 29 15 26 18 17 11
31 13 11 4 27 26 20
34 28 23 11 22 17 8
19 16 2 27 17 24 22
8 35 5 25 5 25 36
27 17 24 9 14 28 5
2 8 29 15 23 4 29
0 9 35 24 19 15 22
3 35 19 24 19 15 16
17 22 9 27 17 24 15
7 19 6 3 35 19 20
14 20 4 13 28 11 10
16 27 7 32 12 25 23
7 19 6 17 22 9 4
34 28 23 2 8 29 20
34 28 23 21 9 8 24
9 14 28 12 34 32 20
21 9 8 32 12 25 17
16 27 7 8 35 5 8
3 35 19 21 9 8 28
12 34 32 35 16 21 21
18 32 22 24 19 15 14
33 9 31 9 14 28 5
21 9 8 22 30 33 32
4 27 26 12 34 32 9
23 15 30 30 7 7 24
21 9 8 16 27 7 18
3 35 19 23 15 30 22
10 29 15 15 23 4 12
25 5 25 19 16 2 25
21 9 8 35 16 21 14
35 16 21 11 22 17 7
33 9 31 29 27 30 18
28 4 26 0 9 35 10
21 9 8 0 9 35 27
9 14 28 14 20 4 24
6 18 32 20 27 2 31
7 19 6 4 27 26 21
5 2 18 12 34 32 34
30 7 7 11 22 17 18
14 20 4 23 15 30 26
32 12 25 29 27 30 15
0 9 35 9 14 28 8
4 27 26 2 8 29 19
33 9 31 0 9 35 4
22 30 33 10 29 15 18
28 4 26 23 15 30 11
18 32 22 4 27 26 6
28 4 26 8 35 5 37
32 12 25 30 7 7 18
12 34 32 0 9 35 25
32 12 25 10 29 15 19
30 7 7 22 30 33 34
14 20 4 30 7 7 13
33 9 31 18 32 22 24
32 12 25 28 4 26 8
17 22 9 32 12 25 18
2 8 29 18 32 22 25
3 35 19 4 27 26 10
19 16 2 15 23 4 7
10 29 15 5 2 18 27
6 18 32 2 8 29 10
16 27 7 31 13 11 14
24 19 15 30 7 7 14
11 22 17 25 5 25 18
15 23 4 17 22 9 5
18 32 22 21 9 8 26
27 17 24 7 19 6 18
28 4 26 17 22 9 24
3 35 19 19 16 2 25
13 28 11 26 18 17 11
3 35 19 0 9 35 30
25 5 25 16 27 7 28
15 23 4 29 27 30 26
6 18 32 10 29 15 20
18 32 22 22 30 33 11
14 20 4 10 29 15 14
2 8 29 19 16 2 28
27 17 24 35 16 21 3
8 35 5 17 22 9 13
25 5 25 14 20 4 25
31 13 11 2 8 29 18
33 9 31 5 2 18 14
3 35 19 22 30 33 14
18 32 22 3 35 19 4
7 19 6 30 7 7 12
16 27 7 7 19 6 8
13 28 11 19 16 2 15
32 12 25 27 17 24 5
34 28 23 8 35 5 19
27 17 24 15 23 4 20
32 12 25 3 35 19 23
24 19 15 26 18 17 2
20 27 2 19 16 2 11
15 23 4 34 28 23 19
17 22 9 11 22 17 8
13 28 11 6 18 32 23
11 22 17 16 27 7 11
20 27 2 9 14 28 29
29 27 30 18 32 22 9
32 12 25 0 9 35 10
31 13 11 11 22 17 10
5 2 18 34 28 23 26
10 29 15 2 8 29 25
19 16 2 30 7 7 10
11 22 17 9 14 28 13
7 19 6 6 18 32 26
10 29 15 8 35 5 11
21 9 8 27 17 24 17
26 18 17 15 23 4 13
23 15 30 34 28 23 14
4 27 26 33 9 31 18
15 23 4 16 27 7 5
1 7 10 21 9 8 2
31 13 11 6 18 32 21
33 9 31 17 22 9 25
34 28 23 25 5 25 23
3 35 19 17 22 9 16
19 16 2 33 9 31 29
20 27 2 4 27 26 24
27 17 24 33 9 31 10
5 2 18 13 28 11 26
20 27 2 23 15 30 30
23 15 30 22 30 33 15
34 28 23 13 28 11 12
11 22 17 14 20 4 13
12 34 32 23 15 30 19
9 14 28 18 32 22 18
32 12 25 9 14 28 3
27 17 24 24 19 15 9
17 22 9 25 5 25 23
11 22 17 15 23 4 13
28 4 26 16 27 7 29
33 9 31 7 19 6 26
2 8 29 22 30 33 22
7 19 6 13 28 11 10
4 27 26 16 27 7 19
32 12 25 26 18 17 10
9 14 28 30 7 7 22
14 20 4 32 12 25 22
31 13 11 28 4 26 17
14 20 4 16 27 7 7
3 35 19 12 34 32 13
25 5 25 7 19 6 23
17 22 9 29 27 30 21
9 14 28 26 18 17 11
4 27 26 10 29 15 11
4 27 26 24 19 15 13
7 19 6 35 16 21 15
26 18 17 5 2 18 16
4 27 26 13 28 11 15
20 27 2 22 30 33 31
28 4 26 27 17 24 13
20 27 2 24 19 15 15
23 15 30 33 9 31 6
10 29 15 13 28 11 4
10 29 15 34 28 23 8
27 17 24 2 8 29 10
6 18 32 29 27 30 9
22 30 33 29 27 30 4
11 22 17 21 9 8 15
14 20 4 1 7 10 14
13 28 11 23 15 30 23
5 2 18 9 14 28 15
2 8 29 28 4 26 5
24 19 15 17 22 9 6
17 22 9 23 15 30 22
23 15 30 35 16 21 9
24 19 15 34 28 23 12
18 32 22 5 2 18 30
11 22 17 8 35 5 17
31 13 11 7 19 6 7
23 15 30 8 35 5 32
35 16 21 14 20 4 17
21 9 8 25 5 25 17
17 22 9 2 8 29 24
1 7 10 30 7 7 3
3 35 19 11 22 17 13
9 14 28 17 22 9 20
30 7 7 34 28 23 26
22 30 33 27 17 24 15
1 7 10 31 13 11 6
27 17 24 8 35 5 26
24 19 15 14 20 4 11
12 34 32 7 19 6 30
7 19 6 32 12 25 20
33 9 31 30 7 7 24
8 35 5 18 32 22 17
14 20 4 20 27 2 7
15 23 4 23 15 30 27
8 35 5 14 20 4 15
2 8 29 0 9 35 6
5 2 18 0 9 35 18
14 20 4 4 27 26 23
3 35 19 13 28 11 10
34 28 23 12 34 32 10
12 34 32 1 7 10 34
9 14 28 24 19 15 13
7 19 6 10 29 15 13
11 22 17 1 7 10 16
29 27 30 28 4 26 23
0 9 35 7 19 6 30
18 32 22 1 7 10 27
12 34 32 27 17 24 18
24 19 15 22 30 33 21
26 18 17 1 7 10 13
6 18 32 22 30 33 12
4 27 26 19 16 2 26
2 8 29 30 7 7 22
2 8 29 7 19 6 25
14 20 4 18 32 22 21
1 7 10 25 5 25 15
34 28 23 0 9 35 22
17 22 9 35 16 21 13
14 20 4 19 16 2 4
0 9 35 30 7 7 28
20 27 2 0 9 35 37
21 9 8 5 2 18 12
3 35 19 9 14 28 22
16 27 7 18 32 22 15
28 4 26 6 18 32 15
33 9 31 14 20 4 29
0 9 35 25 5 25 10
16 27 7 30 7 7 20
34 28 23 9 14 28 14
16 27 7 6 18 32 26
7 19 6 24 19 15 9
18 32 22 15 23 4 20
32 12 25 4 27 26 15
30 7 7 28 4 26 19
12 34 32 28 4 26 30
29 27 30 21 9 8 28
9 14 28 31 13 11 17
23 15 30 0 9 35 7
27 17 24 16 27 7 19
11 22 17 5 2 18 20
26 18 17 3 35 19 17
14 20 4 15 23 4 3
35 16 21 19 16 2 19
9 14 28 35 16 21 7
2 8 29 25 5 25 5
1 7 10 13 28 11 21
19 16 2 6 18 32 30
21 9 8 13 28 11 19
13 28 11 2 8 29 26
1 7 10 34 28 23 24
29 27 30 0 9 35 18
29 27 30 23 15 30 12
3 35 19 30 7 7 30
33 9 31 11 22 17 19
14 20 4 6 18 32 28
32 12 25 20 27 2 27
34 28 23 32 12 25 16
26 18 17 31 13 11 7
8 35 5 5 2 18 35
17 22 9 21 9 8 13
9 14 28 4 27 26 13
23 15 30 26 18 17 13
1 7 10 22 30 33 32
15 23 4 33 9 31 30
12 34 32 16 27 7 25
34 28 23 14 20 4 20
27 17 24 10 29 15 15
11 22 17 32 12 25 12
11 22 17 2 8 29 18
31 13 11 27 17 24 13
6 18 32 21 9 8 25
24 19 15 33 9 31 18
24 19 15 2 8 29 17
8 35 5 3 35 19 14
5 2 18 22 30 33 31
13 28 11 28 4 26 28
2 8 29 16 27 7 29
3 35 19 16 27 7 14
10 29 15 30 7 7 23
12 34 32 30 7 7 36
23 15 30 11 22 17 14
6 18 32 12 34 32 16
31 13 11 33 9 31 20
24 19 15 5 2 18 17
30 7 7 21 9 8 2
24 19 15 21 9 8 12
3 35 19 1 7 10 29
22 30 33 13 28 11 22
10 29 15 21 9 8 21
8 35 5 7 19 6 16
35 16 21 6 18 32 11
8 35 5 9 14 28 31
20 27 2 33 9 31 34
4 27 26 30 7 7 27
26 18 17 8 35 5 20
10 29 15 16 27 7 8
23 15 30 32 12 25 5
25 5 25 29 27 30 22
1 7 10 28 4 26 16
11 22 17 27 17 24 8
28 4 26 11 22 17 20
22 30 33 32 12 25 19
19 16 2 1 7 10 12
9 14 28 21 9 8 20
34 28 23 22 30 33 10
21 9 8 31 13 11 5
26 18 17 34 28 23 11
16 27 7 0 9 35 33
5 2 18 31 13 11 13
16 27 7 29 27 30 23
23 15 30 7 19 6 24
8 35 5 2 8 29 36
17 22 9 30 7 7 15
27 17 24 20 27 2 24
26 18 17 7 19 6 11
18 32 22 25 5 25 27
8 35 5 19 16 2 19
34 28 23 18 32 22 4
15 23 4 7 19 6 4
28 4 26 34 28 23 24
7 19 6 14 20 4 2
17 22 9 20 27 2 8
12 34 32 32 12 25 23
29 27 30 9 14 28 13
30 7 7 5 2 18 12
18 32 22 11 22 17 11
15 23 4 4 27 26 22
35 16 21 34 28 23 12
0 9 35 18 32 22 26
24 19 15 16 27 7 11
7 19 6 1 7 10 12
19 16 2 29 27 30 30
11 22 17 13 28 11 8
22 30 33 0 9 35 21
12 34 32 17 22 9 25
31 13 11 29 27 30 23
5 2 18 28 4 26 8
19 16 2 9 14 28 26
19 16 2 32 12 25 23
1 7 10 35 16 21 14
12 34 32 18 32 22 10
5 2 18 3 35 19 33
19 16 2 0 9 35 33
29 27 30 8 35 5 26
35 16 21 18 32 22 16
15 23 4 20 27 2 4
6 18 32 0 9 35 9
5 2 18 15 23 4 25
25 5 25 5 2 18 7
20 27 2 16 27 7 5
8 35 5 24 19 15 18
17 22 9 14 20 4 5
3 35 19 33 9 31 28
31 13 11 32 12 25 14
33 9 31 2 8 29 2
6 18 32 17 22 9 23
25 5 25 33 9 31 7
27 17 24 6 18 32 8
22 30 33 8 35 5 28
10 29 15 1 7 10 22
11 22 17 26 18 17 4
30 7 7 26 18 17 14
34 28 23 17 22 9 15
22 30 33 28 4 26 26
35 16 21 13 28 11 15
26 18 17 28 4 26 16
25 5 25 9 14 28 9
1 7 10 0 9 35 25
17 22 9 0 9 35 29
4 27 26 6 18 32 10
8 35 5 0 9 35 39
26 18 17 33 9 31 16
7 19 6 28 4 26 25
33 9 31 32 12 25 6
31 13 11 19 16 2 9
12 34 32 11 22 17 19
6 18 32 3 35 19 21
18 32 22 20 27 2 20
14 20 4 2 8 29 27
12 34 32 15 23 4 30
21 9 8 33 9 31 23
24 19 15 31 13 11 7
13 28 11 18 32 22 11
3 35 19 10 29 15 7
32 12 25 1 7 10 15
17 22 9 19 16 2 9
26 18 17 2 8 29 15
34 28 23 31 13 11 19
24 19 15 15 23 4 11
25 5 25 30 7 7 18
17 22 9 16 27 7 5
4 27 26 5 2 18 26
15 23 4 30 7 7 16
15 23 4 9 14 28 25
35 16 21 16 27 7 17
18 32 22 23 15 30 18
20 27 2 12 34 32 30
4 27 26 0 9 35 20
28 4 26 10 29 15 27
22 30 33 25 5 25 26
29 27 30 27 17 24 11
34 28 23 20 27 2 21
25 5 25 12 34 32 29
15 23 4 6 18 32 28
27 17 24 5 2 18 16
29 27 30 2 8 29 19
20 27 2 7 19 6 8
9 14 28 10 29 15 19
5 2 18 20 27 2 29
16 27 7 19 16 2 12
10 29 15 12 34 32 17
13 28 11 32 12 25 21
2 8 29 3 35 19 28
14 20 4 0 9 35 32
25 5 25 26 18 17 15
12 34 32 26 18 17 21
5 2 18 29 27 30 27
34 28 23 6 18 32 13
30 7 7 35 16 21 16
11 22 17 6 18 32 15
31 13 11 22 30 33 27
30 7 7 8 35 5 28
35 16 21 32 12 25 5
27 17 24 23 15 30 6
3 35 19 27 17 24 18
10 29 15 20 27 2 13
24 19 15 28 4 26 18
32 12 25 18 32 22 20
13 28 11 17 22 9 6
12 34 32 13 28 11 21
10 29 15 35 16 21 14
6 18 32 1 7 10 24
33 9 31 35 16 21 12
15 23 4 25 5 25 27
28 4 26 25 5 25 1
35 16 21 4 27 26 12
25 5 25 4 27 26 22
31 13 11 0 9 35 24
3 35 19 29 27 30 13
30 7 7 27 17 24 19
2 8 29 35 16 21 11
28 4 26 4 27 26 23
19 16 2 28 4 26 26
35 16 21 26 18 17 4
22 30 33 15 23 4 29
31 13 11 25 5 25 16
16 27 7 1 7 10 20
24 19 15 13 28 11 9
5 2 18 35 16 21 14
10 29 15 11 22 17 7
34 28 23 3 35 19 8
16 27 7 34 28 23 16
13 28 11 30 7 7 21
8 35 5 35 16 21 24
18 32 22 19 16 2 25
1 7 10 33 9 31 21
25 5 25 23 15 30 11
31 13 11 15 23 4 12
8 35 5 21 9 8 26
23 15 30 10 29 15 20
27 17 24 0 9 35 13
20 27 2 1 7 10 21
25 5 25 3 35 19 30
28 4 26 3 35 19 31
7 19 6 11 22 17 11
13 28 11 8 35 5 9
28 4 26 35 16 21 13
31 13 11 20 27 2 16
19 16 2 5 2 18 21
32 12 25 8 35 5 30
27 17 24 25 5 25 12
6 18 32 5 2 18 21
1 7 10 5 2 18 9
4 27 26 11 22 17 10
15 23 4 32 12 25 23
2 8 29 32 12 25 5
18 32 22 26 18 17 14
30 7 7 20 27 2 20
31 13 11 14 20 4 9
35 16 21 29 27 30 14
13 28 11 31 13 11 15
31 13 11 12 34 32 29
10 29 15 33 9 31 25
14 20 4 22 30 33 30
30 7 7 31 13 11 7
1 7 10 17 22 9 15
17 22 9 5 2 18 21
20 27 2 35 16 21 21
8 35 5 6 18 32 31
24 19 15 29 27 30 17
2 8 29 12 34 32 26
15 23 4 3 35 19 19
8 35 5 12 34 32 27
35 16 21 31 13 11 10
14 20 4 5 2 18 22
8 35 5 4 27 26 22
28 4 26 20 27 2 33
6 18 32 30 7 7 27
23 15 30 31 13 11 19
34 28 23 27 17 24 11
20 27 2 25 5 25 31
1 7 10 23 15 30 21
16 27 7 9 14 28 24
18 32 22 28 4 26 28
12 34 32 19 16 2 34
28 4 26 33 9 31 7
13 28 11 20 27 2 9
29 27 30 11 22 17 13
21 9 8 19 16 2 9
18 32 22 7 19 6 20
24 19 15 19 16 2 13
8 35 5 1 7 10 28
13 28 11 0 9 35 30
30 7 7 29 27 30 30
22 30 33 7 19 6 29
12 34 32 21 9 8 34
5 2 18 7 19 6 20
34 28 23 33 9 31 20
13 28 11 15 23 4 8
22 30 33 17 22 9 25
9 14 28 28 4 26 10
0 9 35 35 16 21 15
9 14 28 6 18 32 5
4 27 26 29 27 30 4
23 15 30 5 2 18 17
16 27 7 13 28 11 4
22 30 33 26 18 17 20
34 28 23 7 19 6 19
0 9 35 10 29 15 28
29 27 30 26 18 17 15
33 9 31 12 34 32 25
29 27 30 12 34 32 7
14 20 4 12 34 32 31
10 29 15 29 27 30 15
22 30 33 11 22 17 17