28 378
23 14 7 20 15 11 4
23 14 7 22 3 14 13
7 23 12 16 7 4 17
20 15 11 1 1 20 16
27 7 20 22 3 14 7
17 20 6 27 7 20 19
4 13 21 20 15 11 10
5 1 12 12 24 14 23
23 14 7 5 1 12 13
27 7 20 18 25 8 21
13 0 3 22 3 14 11
13 0 3 24 19 5 19
24 19 5 4 13 21 17
9 1 14 24 19 5 20
4 13 21 9 1 14 13
16 7 4 19 17 8 10
7 23 12 13 0 3 24
12 24 14 10 18 24 11
0 1 22 4 13 21 12
25 24 14 18 25 8 6
14 2 5 21 16 9 14
1 1 20 4 13 21 12
7 23 12 18 25 8 4
22 3 14 24 19 5 18
15 16 15 24 19 5 10
1 1 20 18 25 8 26
22 3 14 10 18 24 18
19 17 8 22 3 14 15
16 7 4 0 1 22 18
7 23 12 25 24 14 2
25 24 14 2 16 17 8
1 1 20 13 0 3 17
20 15 11 0 1 22 17
5 1 12 4 13 21 15
24 19 5 10 18 24 19
26 1 25 7 23 12 25
1 1 20 16 7 4 17
12 24 14 19 17 8 9
12 24 14 24 19 5 10
17 20 6 9 1 14 20
7 23 12 5 1 12 22
3 21 16 24 19 5 11
10 18 24 11 2 10 21
10 18 24 3 21 16 8
10 18 24 16 7 4 22
24 19 5 8 21 14 9
6 10 19 22 3 14 8
10 18 24 13 0 3 27
12 24 14 0 1 22 24
12 24 14 1 1 20 23
1 1 20 7 23 12 23
2 16 17 24 19 5 12
21 16 9 15 16 15 6
6 10 19 3 21 16 11
23 14 7 19 17 8 3
25 24 14 20 15 11 9
19 17 8 5 1 12 16
23 14 7 24 19 5 5
6 10 19 20 15 11 9
15 16 15 8 21 14 5
8 21 14 26 1 25 22
3 21 16 14 2 5 21
19 17 8 3 21 16 8
27 7 20 2 16 17 9
6 10 19 19 17 8 13
26 1 25 13 0 3 22
13 0 3 21 16 9 17
20 15 11 16 7 4 10
25 24 14 27 7 20 18
22 3 14 15 16 15 13
0 1 22 18 25 8 27
14 2 5 1 1 20 15
27 7 20 0 1 22 6
16 7 4 14 2 5 5
3 21 16 1 1 20 20
18 25 8 5 1 12 24
3 21 16 27 7 20 14
15 16 15 23 14 7 8
13 0 3 5 1 12 9
6 10 19 13 0 3 18
4 13 21 25 24 14 13
12 24 14 17 20 6 8
13 0 3 14 2 5 2
17 20 6 8 21 14 8
23 14 7 0 1 22 19
10 18 24 26 1 25 17
15 16 15 5 1 12 15
2 16 17 17 20 6 11
10 18 24 15 16 15 9
27 7 20 20 15 11 12
6 10 19 1 1 20 9
14 2 5 25 24 14 23
15 16 15 7 23 12 7
1 1 20 21 16 9 18
13 0 3 0 1 22 19
1 1 20 17 20 6 23
23 14 7 8 21 14 9
11 2 10 20 15 11 13
0 1 22 25 24 14 24
13 0 3 4 13 21 22
17 20 6 20 15 11 7
12 24 14 15 16 15 8
8 21 14 10 18 24 10
6 10 19 4 13 21 3
14 2 5 6 10 19 16
27 7 20 15 16 15 10
27 7 20 23 14 7 14
11 2 10 12 24 14 22
1 1 20 23 14 7 18
4 13 21 21 16 9 12
16 7 4 2 16 17 15
8 21 14 21 16 9 7
25 24 14 19 17 8 9
18 25 8 16 7 4 18
19 17 8 11 2 10 15
15 16 15 4 13 21 6
19 17 8 2 16 17 9
2 16 17 23 14 7 10
24 19 5 19 17 8 3
23 14 7 4 13 21 14
16 7 4 23 14 7 7
27 7 20 8 21 14 15
23 14 7 26 1 25 22
4 13 21 10 18 24 5
10 18 24 9 1 14 19
19 17 8 27 7 20 15
3 21 16 17 20 6 10
8 21 14 16 7 4 17
1 1 20 0 1 22 2
5 1 12 2 16 17 15
9 1 14 0 1 22 8
13 0 3 3 21 16 24
21 16 9 23 14 7 2
26 1 25 9 1 14 11
17 20 6 22 3 14 18
20 15 11 19 17 8 3
1 1 20 8 21 14 20
9 1 14 13 0 3 11
16 7 4 27 7 20 16
11 2 10 23 14 7 12
20 15 11 7 23 12 8
24 19 5 11 2 10 17
20 15 11 3 21 16 7
9 1 14 11 2 10 4
18 25 8 23 14 7 11
1 1 20 9 1 14 6
14 2 5 7 23 12 22
13 0 3 2 16 17 21
11 2 10 8 21 14 19
26 1 25 17 20 6 26
5 1 12 9 1 14 2
3 21 16 12 24 14 3
16 7 4 13 0 3 7
3 21 16 22 3 14 18
23 14 7 9 1 14 14
25 24 14 5 1 12 23
23 14 7 7 23 12 10
10 18 24 6 10 19 9
22 3 14 20 15 11 12
7 23 12 22 3 14 20
26 1 25 20 15 11 19
24 19 5 0 1 22 24
13 0 3 25 24 14 26
2 16 17 3 21 16 5
25 24 14 23 14 7 12
21 16 9 11 2 10 14
25 24 14 24 19 5 10
11 2 10 6 10 19 12
22 3 14 18 25 8 22
7 23 12 24 19 5 8
6 10 19 17 20 6 16
8 21 14 20 15 11 6
23 14 7 14 2 5 12
25 24 14 11 2 10 22
0 1 22 10 18 24 17
21 16 9 10 18 24 15
8 21 14 6 10 19 12
22 3 14 5 1 12 2
17 20 6 13 0 3 20
0 1 22 3 21 16 20
6 10 19 9 1 14 10
13 0 3 20 15 11 17
18 25 8 8 21 14 7
19 17 8 14 2 5 15
9 1 14 19 17 8 17
18 25 8 19 17 8 8
0 1 22 19 17 8 21
19 17 8 17 20 6 3
14 2 5 15 16 15 17
18 25 8 26 1 25 29
26 1 25 22 3 14 11
24 19 5 20 15 11 7
14 2 5 17 20 6 18
14 2 5 27 7 20 15
14 2 5 2 16 17 18
22 3 14 12 24 14 21
18 25 8 9 1 14 24
7 23 12 17 20 6 6
11 2 10 1 1 20 10
27 7 20 9 1 14 8
19 17 8 10 18 24 16
12 24 14 13 0 3 26
23 14 7 13 0 3 14
9 1 14 7 23 12 22
10 18 24 2 16 17 7
16 7 4 12 24 14 19
4 13 21 19 17 8 13
27 7 20 12 24 14 18
22 3 14 0 1 22 8
9 1 14 3 21 16 20
4 13 21 26 1 25 12
17 20 6 18 25 8 5
5 1 12 10 18 24 20
5 1 12 14 2 5 7
14 2 5 26 1 25 20
14 2 5 8 21 14 21
27 7 20 24 19 5 19
20 15 11 9 1 14 14
13 0 3 27 7 20 18
6 10 19 2 16 17 6
11 2 10 22 3 14 4
14 2 5 12 24 14 23
6 10 19 26 1 25 10
2 16 17 12 24 14 8
8 21 14 13 0 3 23
7 23 12 12 24 14 2
11 2 10 5 1 12 2
14 2 5 4 13 21 19
12 24 14 26 1 25 25
17 20 6 10 18 24 18
26 1 25 2 16 17 17
12 24 14 23 14 7 12
0 1 22 7 23 12 24
26 1 25 1 1 20 5
8 21 14 19 17 8 7
17 20 6 24 19 5 1
2 16 17 1 1 20 15
1 1 20 24 19 5 23
13 0 3 15 16 15 20
2 16 17 8 21 14 5
24 19 5 6 10 19 16
26 1 25 25 24 14 25
23 14 7 10 18 24 17
3 21 16 5 1 12 20
15 16 15 17 20 6 9
15 16 15 20 15 11 4
21 16 9 22 3 14 13
3 21 16 25 24 14 3
11 2 10 15 16 15 14
4 13 21 8 21 14 10
1 1 20 22 3 14 6
7 23 12 10 18 24 13
27 7 20 6 10 19 3
4 13 21 16 7 4 18
0 1 22 5 1 12 10
15 16 15 1 1 20 15
5 1 12 1 1 20 8
20 15 11 14 2 5 14
19 17 8 1 1 20 20
11 2 10 4 13 21 15
17 20 6 25 24 14 8
13 0 3 18 25 8 25
21 16 9 0 1 22 19
12 24 14 18 25 8 6
9 1 14 2 16 17 15
2 16 17 22 3 14 13
17 20 6 11 2 10 18
27 7 20 11 2 10 11
5 1 12 17 20 6 19
15 16 15 2 16 17 2
9 1 14 16 7 4 11
7 23 12 21 16 9 7
6 10 19 0 1 22 9
18 25 8 10 18 24 17
7 23 12 3 21 16 4
8 21 14 0 1 22 21
2 16 17 11 2 10 15
5 1 12 26 1 25 13
27 7 20 7 23 12 17
20 15 11 10 18 24 13
6 10 19 23 14 7 12
11 2 10 14 2 5 5
25 24 14 12 24 14 0
16 7 4 5 1 12 10
26 1 25 19 17 8 23
3 21 16 26 1 25 21
24 19 5 18 25 8 6
11 2 10 18 25 8 23
15 16 15 9 1 14 15
20 15 11 18 25 8 10
0 1 22 11 2 10 12
6 10 19 15 16 15 7
12 24 14 4 13 21 13
18 25 8 14 2 5 23
26 1 25 27 7 20 7
2 16 17 20 15 11 6
21 16 9 17 20 6 5
16 7 4 17 20 6 13
24 19 5 26 1 25 26
3 21 16 23 14 7 11
16 7 4 24 19 5 12
12 24 14 6 10 19 14
16 7 4 25 24 14 19
11 2 10 16 7 4 7
0 1 22 17 20 6 24
17 20 6 23 14 7 6
18 25 8 15 16 15 11
21 16 9 6 10 19 11
21 16 9 9 1 14 15
5 1 12 27 7 20 10
26 1 25 11 2 10 15
0 1 22 15 16 15 16
2 16 17 0 1 22 15
4 13 21 17 20 6 16
0 1 22 26 1 25 3
4 13 21 18 25 8 17
12 24 14 21 16 9 9
6 10 19 25 24 14 14
27 7 20 21 16 9 14
14 2 5 22 3 14 9
13 0 3 19 17 8 17
15 16 15 3 21 16 5
8 21 14 9 1 14 20
25 24 14 15 16 15 8
7 23 12 11 2 10 21
2 16 17 4 13 21 5
18 25 8 21 16 9 9
8 21 14 7 23 12 2
14 2 5 9 1 14 9
5 1 12 20 15 11 14
8 21 14 12 24 14 3
3 21 16 8 21 14 2
21 16 9 19 17 8 1
6 10 19 18 25 8 18
19 17 8 15 16 15 7
1 1 20 27 7 20 6
15 16 15 26 1 25 18
9 1 14 12 24 14 23
21 16 9 25 24 14 9
7 23 12 2 16 17 8
2 16 17 21 16 9 8
9 1 14 25 24 14 23
3 21 16 18 25 8 8
21 16 9 20 15 11 2
10 18 24 27 7 20 11
15 16 15 16 7 4 14
3 21 16 16 7 4 18
22 3 14 25 24 14 21
27 7 20 4 13 21 6
4 13 21 7 23 12 13
26 1 25 21 16 9 21
10 18 24 1 1 20 17
18 25 8 2 16 17 12
22 3 14 16 7 4 10
16 7 4 26 1 25 21
11 2 10 3 21 16 19
14 2 5 24 19 5 17
13 0 3 11 2 10 7
3 21 16 4 13 21 9
20 15 11 12 24 14 9
22 3 14 9 1 14 2
4 13 21 22 3 14 12
5 1 12 21 16 9 15
7 23 12 19 17 8 7
8 21 14 25 24 14 3
25 24 14 1 1 20 23
6 10 19 5 1 12 11
7 23 12 6 10 19 14
10 18 24 14 2 5 24
10 18 24 25 24 14 11
24 19 5 21 16 9 5
3 21 16 21 16 9 8
24 19 5 5 1 12 19
8 21 14 22 3 14 18
14 2 5 0 1 22 17
5 1 12 8 21 14 20
6 10 19 16 7 4 15
21 16 9 16 7 4 10