78 3003
18 23 4 48 74 6 51
32 19 24 10 43 75 56
67 42 14 29 40 22 8
41 36 3 71 26 39 37
76 65 50 11 22 68 46
33 14 75 14 2 33 43
18 23 4 9 68 5 45
71 26 39 64 19 46 9
11 22 68 70 14 64 8
0 52 47 10 43 75 29
37 60 34 68 22 67 50
64 19 46 6 50 58 33
76 65 50 24 61 72 22
56 72 38 51 9 77 74
76 65 50 29 40 22 37
14 2 33 10 43 75 58
68 22 67 15 62 40 48
34 11 18 1 34 47 37
41 36 3 73 33 65 62
36 0 27 7 72 63 80
76 65 50 0 52 47 13
7 72 63 10 43 75 31
74 31 7 45 66 46 52
69 41 35 37 60 34 19
68 22 67 60 19 19 48
17 57 14 16 70 15 13
76 65 50 38 28 6 57
20 8 19 67 42 14 34
60 19 19 42 42 35 28
26 28 63 44 43 62 15
52 53 57 15 62 40 19
77 28 54 1 34 47 9
10 43 75 39 7 71 36
54 37 38 40 41 33 6
64 19 46 76 65 50 46
20 8 19 9 68 5 61
28 27 10 54 37 38 29
5 70 4 20 8 19 63
42 42 35 63 70 22 30
56 72 38 73 33 65 47
53 76 14 41 36 3 41
35 58 69 30 10 2 82
8 51 49 3 61 61 15
57 60 69 56 72 38 33
35 58 69 49 22 24 57
62 29 20 17 57 14 28
72 2 58 62 29 20 46
69 41 35 16 70 15 35
55 41 26 0 52 47 23
23 11 45 28 27 10 38
15 62 40 46 74 67 29
43 58 58 64 19 46 40
34 11 18 35 58 69 69
35 58 69 44 43 62 16
26 28 63 60 19 19 44
62 29 20 77 28 54 34
38 28 6 45 66 46 55
64 19 46 58 51 64 36
28 27 10 27 1 67 62
54 37 38 1 34 47 9
10 43 75 29 40 22 53
11 22 68 66 43 51 27
56 72 38 71 26 39 46
41 36 3 70 14 64 64
44 43 62 74 31 7 56
72 2 58 2 33 39 36
44 43 62 21 55 51 16
69 41 35 14 2 33 39
49 22 24 22 41 41 25
10 43 75 16 70 15 65
48 74 6 37 60 34 31
70 14 64 68 22 67 8
24 61 72 19 13 8 80
54 37 38 2 33 39 4
67 42 14 69 41 35 21
5 70 4 65 42 44 48
72 2 58 39 7 71 13
66 43 51 26 28 63 19
69 41 35 68 22 67 37
4 66 36 77 28 54 42
26 28 63 3 61 61 33
54 37 38 25 59 33 22
14 2 33 21 55 51 55
73 33 65 37 60 34 41
50 30 62 52 53 57 23
5 70 4 63 70 22 18
75 46 57 50 30 62 16
54 37 38 76 65 50 30
65 42 44 52 53 57 17
21 55 51 16 70 15 39
54 37 38 17 57 14 31
0 52 47 68 22 67 36
6 50 58 12 38 14 45
32 19 24 41 36 3 27
70 14 64 39 7 71 9
75 46 57 61 10 8 60
33 14 75 42 42 35 48
20 8 19 55 41 26 33
50 30 62 29 40 22 41
15 62 40 59 49 34 14
47 24 55 54 37 38 21
76 65 50 31 41 21 37
68 22 67 77 28 54 14
43 58 58 37 60 34 24
54 37 38 22 41 41 5
44 43 62 64 19 46 28
9 68 5 43 58 58 53
11 22 68 62 29 20 48
76 65 50 77 28 54 37
77 28 54 2 33 39 15
9 68 5 17 57 14 14
16 70 15 56 72 38 23
50 30 62 35 58 69 28
14 2 33 0 52 47 51
18 23 4 32 19 24 20
56 72 38 62 29 20 46
5 70 4 62 29 20 44
18 23 4 70 14 64 60
28 27 10 69 41 35 28
43 58 58 36 0 27 65
0 52 47 39 7 71 51
66 43 51 72 2 58 41
10 43 75 77 28 54 25
41 36 3 52 53 57 56
61 10 8 64 19 46 39
43 58 58 22 41 41 24
38 28 6 33 14 75 70
8 51 49 38 28 6 48
66 43 51 8 51 49 8
76 65 50 2 33 39 33
55 41 26 39 7 71 56
61 10 8 43 58 58 69
45 66 46 35 58 69 24
72 2 58 53 76 14 86
39 7 71 69 41 35 49
11 22 68 38 28 6 62
42 42 35 11 22 68 38
60 19 19 72 2 58 42
68 22 67 66 43 51 26
27 1 67 17 57 14 77
11 22 68 25 59 33 50
46 74 67 64 19 46 58
1 34 47 27 1 67 38
31 41 21 72 2 58 53
11 22 68 63 70 22 66
46 74 67 66 43 51 34
76 65 50 37 60 34 16
73 33 65 60 19 19 48
0 52 47 45 66 46 14
17 57 14 13 25 36 38
3 61 61 40 41 33 34
7 72 63 73 33 65 39
13 25 36 68 22 67 31
57 60 69 64 19 46 47
24 61 72 3 61 61 11
74 31 7 2 33 39 32
60 19 19 32 19 24 5
54 37 38 36 0 27 38
75 46 57 5 70 4 58
66 43 51 6 50 58 9
16 70 15 25 59 33 21
4 66 36 13 25 36 41
25 59 33 61 10 8 55
40 41 33 2 33 39 10
32 19 24 53 76 14 57
49 22 24 44 43 62 43
61 10 8 17 57 14 47
73 33 65 38 28 6 59
38 28 6 9 68 5 40
15 62 40 11 22 68 48
46 74 67 2 33 39 49
19 13 8 45 66 46 65
47 24 55 72 2 58 22
8 51 49 13 25 36 29
3 61 61 13 25 36 43
47 24 55 8 51 49 27
57 60 69 30 10 2 83
12 38 14 19 13 8 25
60 19 19 46 74 67 73
54 37 38 26 28 63 26
50 30 62 44 43 62 13
13 25 36 56 72 38 47
30 10 2 25 59 33 57
31 41 21 55 41 26 5
62 29 20 46 74 67 65
69 41 35 3 61 61 32
57 60 69 28 27 10 67
18 23 4 26 28 63 59
9 68 5 57 60 69 64
35 58 69 39 7 71 51
62 29 20 45 66 46 45
44 43 62 8 51 49 15
42 42 35 9 68 5 39
36 0 27 45 66 46 68
32 19 24 64 19 46 22
39 7 71 6 50 58 44
37 60 34 34 11 18 51
27 1 67 53 76 14 91
73 33 65 69 41 35 31
28 27 10 62 29 20 10
73 33 65 3 61 61 28
21 55 51 22 41 41 17
20 8 19 1 34 47 38
25 59 33 23 11 45 49
46 74 67 50 30 62 44
66 43 51 21 55 51 12
33 14 75 72 2 58 20
66 43 51 29 40 22 29
62 29 20 51 9 77 60
64 19 46 77 28 54 12
65 42 44 54 37 38 7
68 22 67 10 43 75 22
37 60 34 51 9 77 66
58 51 64 9 68 5 61
48 74 6 47 24 55 70
11 22 68 53 76 14 76
16 70 15 49 22 24 48
37 60 34 7 72 63 31
6 50 58 13 25 36 33
66 43 51 22 41 41 10
77 28 54 33 14 75 25
62 29 20 36 0 27 29
16 70 15 22 41 41 38
21 55 51 69 41 35 21
25 59 33 62 29 20 32
11 22 68 36 0 27 46
13 25 36 10 43 75 42
34 11 18 59 49 34 41
30 10 2 28 27 10 18
73 33 65 17 57 14 56
44 43 62 20 8 19 55
12 38 14 45 66 46 42
10 43 75 48 74 6 75
58 51 64 44 43 62 8
22 41 41 62 29 20 24
57 60 69 74 31 7 68
37 60 34 15 62 40 6
34 11 18 22 41 41 37
33 14 75 19 13 8 67
66 43 51 33 14 75 37
67 42 14 52 53 57 44
15 62 40 61 10 8 61
58 51 64 59 49 34 30
47 24 55 74 31 7 48
4 66 36 57 60 69 33
77 28 54 57 60 69 35
48 74 6 49 22 24 55
60 19 19 50 30 62 44
54 37 38 67 42 14 24
16 70 15 54 37 38 40
76 65 50 50 30 62 37
1 34 47 71 26 39 11
28 27 10 32 19 24 16
26 28 63 62 29 20 43
46 74 67 55 41 26 52
47 24 55 75 46 57 22
19 13 8 65 42 44 46
37 60 34 55 41 26 20
30 10 2 59 49 34 50
65 42 44 41 36 3 41
60 19 19 21 55 51 48
41 36 3 77 28 54 51
24 61 72 50 30 62 32
68 22 67 74 31 7 60
4 66 36 59 49 34 17
55 41 26 74 31 7 21
37 60 34 72 2 58 62
23 11 45 6 50 58 41
13 25 36 38 28 6 30
49 22 24 31 41 21 19
0 52 47 1 34 47 18
46 74 67 54 37 38 47
70 14 64 65 42 44 34
11 22 68 35 58 69 36
51 9 77 3 61 61 54
55 41 26 41 36 3 23
75 46 57 15 62 40 23
33 14 75 60 19 19 56
57 60 69 63 70 22 48
14 2 33 3 61 61 65
27 1 67 70 14 64 13
34 11 18 2 33 39 30
63 70 22 20 8 19 62
62 29 20 4 66 36 40
71 26 39 4 66 36 40
39 7 71 33 14 75 8
42 42 35 7 72 63 41
51 9 77 27 1 67 12
0 52 47 54 37 38 17
11 22 68 56 72 38 58
23 11 45 58 51 64 44
19 13 8 62 29 20 20
7 72 63 5 70 4 59
42 42 35 49 22 24 22
16 70 15 5 70 4 11
52 53 57 55 41 26 33
35 58 69 1 34 47 32
66 43 51 12 38 14 37
0 52 47 18 23 4 51
64 19 46 56 72 38 53
41 36 3 72 2 58 64
23 11 45 19 13 8 37
25 59 33 64 19 46 42
46 74 67 6 50 58 25
0 52 47 21 55 51 5
9 68 5 47 24 55 66
52 53 57 36 0 27 60
24 61 72 21 55 51 21
71 26 39 15 62 40 36
38 28 6 23 11 45 42
16 70 15 46 74 67 52
41 36 3 47 24 55 53
3 61 61 57 60 69 8
21 55 51 1 34 47 21
25 59 33 68 22 67 50
18 23 4 71 26 39 35
53 76 14 66 43 51 49
21 55 51 50 30 62 27
16 70 15 53 76 14 6
28 27 10 55 41 26 21
33 14 75 9 68 5 88
68 22 67 16 70 15 70
29 40 22 32 19 24 21
22 41 41 10 43 75 34
3 61 61 70 14 64 47
72 2 58 70 14 64 13
51 9 77 11 22 68 15
74 31 7 67 42 14 13
42 42 35 29 40 22 13
23 11 45 60 19 19 27
20 8 19 14 2 33 15
15 62 40 69 41 35 21
14 2 33 37 60 34 58
62 29 20 55 41 26 13
71 26 39 35 58 69 43
24 61 72 73 33 65 28
8 51 49 57 60 69 21
52 53 57 35 58 69 13
51 9 77 18 23 4 74
50 30 62 56 72 38 48
65 42 44 9 68 5 46
28 27 10 6 50 58 53
10 43 75 58 51 64 13
31 41 21 74 31 7 17
1 34 47 41 36 3 44
13 25 36 66 43 51 23
24 61 72 38 28 6 73
17 57 14 19 13 8 44
6 50 58 41 36 3 56
24 61 72 25 59 33 39
5 70 4 57 60 69 65
24 61 72 61 10 8 81
45 66 46 48 74 6 40
72 2 58 43 58 58 56
32 19 24 27 1 67 46
39 7 71 4 66 36 68
34 11 18 16 70 15 59
56 72 38 34 11 18 64
27 1 67 73 33 65 32
19 13 8 77 28 54 48
29 40 22 62 29 20 11
23 11 45 34 11 18 27
69 41 35 29 40 22 13
25 59 33 39 7 71 64
23 11 45 21 55 51 44
43 58 58 39 7 71 52
16 70 15 62 29 20 41
55 41 26 29 40 22 4
37 60 34 29 40 22 23
45 66 46 33 14 75 59
11 22 68 9 68 5 78
57 60 69 42 42 35 38
53 76 14 6 50 58 51
67 42 14 18 23 4 21
35 58 69 32 19 24 59
43 58 58 38 28 6 60
13 25 36 72 2 58 31
74 31 7 28 27 10 5
64 19 46 75 46 57 29
41 36 3 57 60 69 70
36 0 27 35 58 69 71
14 2 33 48 74 6 76
50 30 62 34 11 18 47
56 72 38 39 7 71 72
46 74 67 0 52 47 29
5 70 4 59 49 34 36
52 53 57 68 22 67 32
22 41 41 20 8 19 39
58 51 64 11 22 68 29
17 57 14 39 7 71 75
31 41 21 24 61 72 54
24 61 72 11 22 68 39
60 19 19 34 11 18 8
44 43 62 41 36 3 59
14 2 33 6 50 58 54
5 70 4 30 10 2 60
71 26 39 26 28 63 24
28 27 10 9 68 5 41
17 57 14 59 49 34 21
12 38 14 22 41 41 27
35 58 69 59 49 34 36
14 2 33 23 11 45 15
63 70 22 53 76 14 10
32 19 24 24 61 72 63
17 57 14 31 41 21 17
1 34 47 3 61 61 30
36 0 27 23 11 45 21
46 74 67 5 70 4 63
71 26 39 25 59 33 33
59 49 34 13 25 36 24
52 53 57 26 28 63 25
15 62 40 54 37 38 25
70 14 64 67 42 14 57
6 50 58 20 8 19 57
63 70 22 40 41 33 31
71 26 39 54 37 38 11
73 33 65 74 31 7 58
74 31 7 24 61 72 71
1 34 47 10 43 75 29
45 66 46 4 66 36 10
12 38 14 60 19 19 19
31 41 21 29 40 22 1
39 7 71 14 2 33 38
68 22 67 29 40 22 48
30 10 2 3 61 61 77
12 38 14 57 60 69 59
43 58 58 40 41 33 30
43 58 58 60 19 19 55
77 28 54 46 74 67 47
35 58 69 20 8 19 70
62 29 20 63 70 22 41
63 70 22 54 37 38 36
39 7 71 29 40 22 59
7 72 63 60 19 19 68
18 23 4 44 43 62 61
42 42 35 69 41 35 1
64 19 46 52 53 57 35
37 60 34 26 28 63 43
19 13 8 9 68 5 55
64 19 46 67 42 14 39
27 1 67 65 42 44 47
34 11 18 57 60 69 70
41 36 3 12 38 14 11
42 42 35 58 51 64 30
26 28 63 15 62 40 41
31 41 21 42 42 35 14
39 7 71 2 33 39 41
49 22 24 75 46 57 40
12 38 14 3 61 61 52
29 40 22 48 74 6 37
33 14 75 75 46 57 36
12 38 14 68 22 67 55
59 49 34 63 70 22 24
77 28 54 71 26 39 15
2 33 39 56 72 38 39
24 61 72 69 41 35 42
6 50 58 29 40 22 37
20 8 19 77 28 54 40
64 19 46 19 13 8 38
61 10 8 44 43 62 63
40 41 33 59 49 34 8
60 19 19 3 61 61 59
69 41 35 11 22 68 38
29 40 22 30 10 2 36
6 50 58 43 58 58 8
65 42 44 22 41 41 3
45 66 46 66 43 51 23
45 66 46 7 72 63 18
14 2 33 61 10 8 26
25 59 33 17 57 14 19
39 7 71 58 51 64 44
28 27 10 64 19 46 36
58 51 64 18 23 4 66
15 62 40 23 11 45 51
31 41 21 4 66 36 29
0 52 47 62 29 20 35
29 40 22 70 14 64 49
61 10 8 27 1 67 59
14 2 33 55 41 26 39
19 13 8 56 72 38 66
64 19 46 12 38 14 37
29 40 22 77 28 54 34
70 14 64 13 25 36 30
77 28 54 5 70 4 65
49 22 24 18 23 4 20
72 2 58 12 38 14 56
44 43 62 51 9 77 37
13 25 36 2 33 39 8
37 60 34 0 52 47 15
71 26 39 63 70 22 47
35 58 69 25 59 33 36
20 8 19 33 14 75 56
49 22 24 13 25 36 12
58 51 64 40 41 33 32
30 10 2 24 61 72 86
0 52 47 26 28 63 28
5 70 4 66 43 51 54
50 30 62 11 22 68 10
24 61 72 52 53 57 17
42 42 35 53 76 14 39
24 61 72 67 42 14 61
71 26 39 59 49 34 23
14 2 33 53 76 14 76
75 46 57 2 33 39 22
8 51 49 64 19 46 32
51 9 77 46 74 67 65
34 11 18 30 10 2 16
4 66 36 7 72 63 27
15 62 40 7 72 63 25
61 10 8 69 41 35 41
71 26 39 31 41 21 23
13 25 36 36 0 27 26
67 42 14 40 41 33 19
2 33 39 69 41 35 8
10 43 75 41 36 3 72
22 41 41 0 52 47 12
26 28 63 11 22 68 7
6 50 58 1 34 47 19
40 41 33 51 9 77 54
57 60 69 37 60 34 35
40 41 33 76 65 50 29
65 42 44 20 8 19 42
59 49 34 19 13 8 44
68 22 67 33 14 75 11
58 51 64 47 24 55 28
33 14 75 43 58 58 47
0 52 47 60 19 19 43
58 51 64 0 52 47 17
19 13 8 16 70 15 57
45 66 46 51 9 77 64
60 19 19 59 49 34 33
45 66 46 27 1 67 68
49 22 24 40 41 33 21
46 74 67 57 60 69 14
25 59 33 4 66 36 7
76 65 50 47 24 55 41
65 42 44 35 58 69 29
71 26 39 21 55 51 31
25 59 33 12 38 14 28
37 60 34 4 66 36 6
66 43 51 10 43 75 24
27 1 67 24 61 72 60
12 38 14 63 70 22 32
64 19 46 50 30 62 19
31 41 21 50 30 62 42
36 0 27 21 55 51 60
6 50 58 75 46 57 4
43 58 58 55 41 26 36
12 38 14 26 28 63 50
46 74 67 32 19 24 69
58 51 64 72 2 58 49
64 19 46 24 61 72 49
6 50 58 8 51 49 9
34 11 18 21 55 51 55
62 29 20 38 28 6 14
2 33 39 50 30 62 23
75 46 57 51 9 77 42
32 19 24 51 9 77 53
23 11 45 24 61 72 56
30 10 2 39 7 71 69
9 68 5 6 50 58 55
38 28 6 61 10 8 18
49 22 24 3 61 61 53
17 57 14 45 66 46 33
45 66 46 77 28 54 38
45 66 46 23 11 45 55
68 22 67 5 70 4 79
60 19 19 61 10 8 14
46 74 67 35 58 69 16
75 46 57 13 25 36 29
13 25 36 43 58 58 39
31 41 21 37 60 34 23
60 19 19 67 42 14 23
42 42 35 13 25 36 17
26 28 63 42 42 35 31
21 55 51 61 10 8 62
5 70 4 2 33 39 50
38 28 6 44 43 62 57
68 22 67 65 42 44 30
44 43 62 52 53 57 11
15 62 40 45 66 46 7
15 62 40 4 66 36 5
44 43 62 66 43 51 11
71 26 39 32 19 24 16
33 14 75 11 22 68 10
12 38 14 53 76 14 38
36 0 27 4 66 36 66
32 19 24 23 11 45 22
42 42 35 3 61 61 32
45 66 46 42 42 35 26
68 22 67 45 66 46 48
32 19 24 38 28 6 20
3 61 61 72 2 58 59
70 14 64 21 55 51 43
58 51 64 52 53 57 7
51 9 77 55 41 26 60
22 41 41 61 10 8 45
37 60 34 28 27 10 40
26 28 63 63 70 22 58
66 43 51 23 11 45 32
24 61 72 60 19 19 67
12 38 14 75 46 57 43
66 43 51 50 30 62 17
28 27 10 71 26 39 29
51 9 77 12 38 14 69
32 19 24 62 29 20 10
11 22 68 6 50 58 29
16 70 15 74 31 7 39
69 41 35 30 10 2 45
24 61 72 10 43 75 18
35 58 69 24 61 72 4
16 70 15 32 19 24 51
26 28 63 65 42 44 23
68 22 67 11 22 68 1
67 42 14 48 74 6 32
5 70 4 28 27 10 43
42 42 35 37 60 34 18
3 61 61 23 11 45 52
45 66 46 46 74 67 22
28 27 10 42 42 35 29
70 14 64 20 8 19 45
37 60 34 38 28 6 42
11 22 68 3 61 61 39
29 40 22 65 42 44 22
53 76 14 35 58 69 57
56 72 38 20 8 19 66
2 33 39 30 10 2 43
37 60 34 52 53 57 24
59 49 34 75 46 57 23
34 11 18 66 43 51 45
14 2 33 71 26 39 24
62 29 20 12 38 14 10
59 49 34 65 42 44 12
29 40 22 19 13 8 30
9 68 5 26 28 63 70
6 50 58 4 66 36 27
69 41 35 53 76 14 40
61 10 8 50 30 62 57
61 10 8 10 43 75 74
4 66 36 53 76 14 24
69 41 35 52 53 57 25
62 29 20 65 42 44 27
66 43 51 77 28 54 15
21 55 51 58 51 64 13
46 74 67 70 14 64 60
46 74 67 37 60 34 35
1 34 47 15 62 40 28
7 72 63 11 22 68 50
4 66 36 2 33 39 33
0 52 47 69 41 35 16
52 53 57 66 43 51 11
42 42 35 22 41 41 6
34 11 18 36 0 27 14
48 74 6 30 10 2 64
62 29 20 73 33 65 45
38 28 6 26 28 63 57
73 33 65 65 42 44 22
51 9 77 8 51 49 50
22 41 41 27 1 67 47
39 7 71 26 28 63 22
51 9 77 53 76 14 91
69 41 35 48 74 6 43
64 19 46 59 49 34 32
3 61 61 29 40 22 44
50 30 62 10 43 75 18
72 2 58 20 8 19 39
22 41 41 7 72 63 38
76 65 50 33 14 75 56
67 42 14 71 26 39 29
23 11 45 48 74 6 74
24 61 72 44 43 62 20
55 41 26 68 22 67 45
2 33 39 36 0 27 35
55 41 26 11 22 68 46
45 66 46 52 53 57 17
2 33 39 67 42 14 26
73 33 65 9 68 5 69
33 14 75 48 74 6 91
21 55 51 67 42 14 39
67 42 14 6 50 58 44
27 1 67 18 23 4 66
70 14 64 26 28 63 14
16 70 15 15 62 40 26
74 31 7 59 49 34 32
58 51 64 24 61 72 12
62 29 20 34 11 18 18
59 49 34 9 68 5 34
67 42 14 3 61 61 50
30 10 2 70 14 64 62
54 37 38 74 31 7 31
52 53 57 43 58 58 5
34 11 18 58 51 64 60
18 23 4 6 50 58 60
28 27 10 51 9 77 69
49 22 24 8 51 49 38
23 11 45 47 24 55 16
69 41 35 44 43 62 27
59 49 34 32 19 24 31
50 30 62 13 25 36 26
49 22 24 53 76 14 54
57 60 69 20 8 19 72
10 43 75 6 50 58 18
13 25 36 23 11 45 16
59 49 34 73 33 65 34
30 10 2 58 51 64 74
30 10 2 42 42 35 45
54 37 38 21 55 51 22
5 70 4 9 68 5 2
76 65 50 52 53 57 13
43 58 58 74 31 7 57
58 51 64 56 72 38 33
63 70 22 41 36 3 38
37 60 34 39 7 71 64
75 46 57 73 33 65 15
35 58 69 75 46 57 16
20 8 19 7 72 63 77
20 8 19 54 37 38 34
20 8 19 48 74 6 67
53 76 14 29 40 22 36
49 22 24 4 66 36 45
46 74 67 72 2 58 72
0 52 47 50 30 62 26
19 13 8 11 22 68 60
54 37 38 55 41 26 12
19 13 8 1 34 47 44
74 31 7 23 11 45 42
71 26 39 73 33 65 26
9 68 5 34 11 18 58
10 43 75 31 41 21 54
1 34 47 5 70 4 56
54 37 38 37 60 34 23
70 14 64 62 29 20 46
20 8 19 68 22 67 50
17 57 14 75 46 57 44
25 59 33 19 13 8 52
62 29 20 21 55 51 40
15 62 40 10 43 75 39
57 60 69 26 28 63 32
77 28 54 67 42 14 42
22 41 41 63 70 22 34
29 40 22 24 61 72 54
13 25 36 41 36 3 34
62 29 20 54 37 38 19
71 26 39 8 51 49 26
77 28 54 40 41 33 24
54 37 38 69 41 35 5
17 57 14 22 41 41 31
40 41 33 68 22 67 38
71 26 39 3 61 61 41
23 11 45 42 42 35 32
49 22 24 57 60 69 58
21 55 51 47 24 55 31
55 41 26 30 10 2 39
2 33 39 42 42 35 9
48 74 6 73 33 65 71
59 49 34 47 24 55 32
76 65 50 13 25 36 42
47 24 55 17 57 14 52
67 42 14 26 28 63 50
2 33 39 28 27 10 29
42 42 35 47 24 55 26
8 51 49 29 40 22 29
43 58 58 4 66 36 23
32 19 24 42 42 35 25
38 28 6 3 61 61 64
25 59 33 40 41 33 18
36 0 27 1 34 47 39
75 46 57 38 28 6 54
77 28 54 63 70 22 52
42 42 35 55 41 26 9
6 50 58 58 51 64 6
43 58 58 3 61 61 4
77 28 54 7 72 63 44
75 46 57 34 11 18 52
65 42 44 32 19 24 30
25 59 33 63 70 22 15
9 68 5 72 2 58 84
9 68 5 25 59 33 29
27 1 67 30 10 2 65
71 26 39 40 41 33 16
73 33 65 2 33 39 26
77 28 54 54 37 38 18
32 19 24 57 60 69 60
23 11 45 40 41 33 32
42 42 35 46 74 67 45
54 37 38 7 72 63 43
71 26 39 74 31 7 32
19 13 8 36 0 27 23
43 58 58 59 49 34 25
70 14 64 5 70 4 82
65 42 44 77 28 54 17
72 2 58 42 42 35 46
31 41 21 35 58 69 50
33 14 75 35 58 69 44
76 65 50 27 1 67 66
22 41 41 26 28 63 25
29 40 22 27 1 67 59
61 10 8 20 8 19 11
3 61 61 17 57 14 47
36 0 27 12 38 14 40
51 9 77 58 51 64 43
22 41 41 28 27 10 34
69 41 35 47 24 55 26
18 23 4 14 2 33 35
46 74 67 75 46 57 29
6 50 58 73 33 65 18
38 28 6 47 24 55 49
56 72 38 60 19 19 56
45 66 46 39 7 71 64
1 34 47 50 30 62 15
34 11 18 45 66 46 61
45 66 46 20 8 19 63
45 66 46 44 43 62 28
40 41 33 36 0 27 41
44 43 62 32 19 24 44
18 23 4 20 8 19 21
18 23 4 31 41 21 24
10 43 75 46 74 67 32
14 2 33 34 11 18 17
26 28 63 13 25 36 27
7 72 63 50 30 62 42
70 14 64 51 9 77 13
11 22 68 54 37 38 33
21 55 51 73 33 65 26
52 53 57 77 28 54 25
13 25 36 5 70 4 55
9 68 5 48 74 6 6
31 41 21 68 22 67 49
40 41 33 56 72 38 31
51 9 77 71 26 39 41
25 59 33 69 41 35 18
20 8 19 3 61 61 67
33 14 75 6 50 58 39
45 66 46 6 50 58 20
64 19 46 65 42 44 23
43 58 58 34 11 18 61
34 11 18 44 43 62 54
37 60 34 41 36 3 39
47 24 55 43 58 58 34
67 42 14 76 65 50 42
3 61 61 37 60 34 27
53 76 14 20 8 19 68
12 38 14 8 51 49 37
72 2 58 27 1 67 9
47 24 55 35 58 69 36
65 42 44 57 60 69 30
8 51 49 5 70 4 48
20 8 19 76 65 50 64
50 30 62 12 38 14 48
47 24 55 37 60 34 41
12 38 14 24 61 72 62
75 46 57 9 68 5 56
0 52 47 49 22 24 37
8 51 49 70 14 64 39
21 55 51 2 33 39 25
52 53 57 62 29 20 44
46 74 67 33 14 75 60
25 59 33 76 65 50 18
58 51 64 36 0 27 63
20 8 19 25 59 33 52
3 61 61 61 10 8 73
17 57 14 29 40 22 18
65 42 44 61 10 8 48
48 74 6 27 1 67 95
41 36 3 75 46 57 54
7 72 63 72 2 58 70
34 11 18 41 36 3 29
49 22 24 10 43 75 55
3 61 61 75 46 57 15
1 34 47 55 41 26 22
41 36 3 54 37 38 35
63 70 22 38 28 6 44
61 10 8 9 68 5 58
12 38 14 23 11 45 41
36 0 27 39 7 71 44
41 36 3 67 42 14 12
22 41 41 68 22 67 32
63 70 22 55 41 26 29
7 72 63 21 55 51 20
40 41 33 57 60 69 40
66 43 51 58 51 64 15
0 52 47 42 42 35 15
30 10 2 8 51 49 62
14 2 33 42 42 35 40
26 28 63 10 43 75 19
54 37 38 57 60 69 38
8 51 49 7 72 63 25
37 60 34 58 51 64 31
21 55 51 56 72 38 21
50 30 62 47 24 55 9
20 8 19 71 26 39 26
40 41 33 37 60 34 19
67 42 14 53 76 14 34
53 76 14 65 42 44 45
50 30 62 67 42 14 49
44 43 62 6 50 58 8
17 57 14 67 42 14 15
39 7 71 44 43 62 37
59 49 34 69 41 35 8
11 22 68 21 55 51 37
27 1 67 40 41 33 52
31 41 21 65 42 44 23
26 28 63 58 51 64 23
27 1 67 63 70 22 82
3 61 61 34 11 18 65
16 70 15 51 9 77 86
65 42 44 16 70 15 40
30 10 2 32 19 24 23
67 42 14 23 11 45 43
72 2 58 32 19 24 38
50 30 62 14 2 33 40
68 22 67 56 72 38 57
47 24 55 3 61 61 37
13 25 36 14 2 33 23
16 70 15 12 38 14 32
4 66 36 40 41 33 25
62 29 20 1 34 47 27
52 53 57 33 14 75 42
40 41 33 16 70 15 34
2 33 39 37 60 34 27
47 24 55 13 25 36 19
37 60 34 30 10 2 59
58 51 64 65 42 44 21
68 22 67 42 42 35 37
27 1 67 47 24 55 25
46 74 67 56 72 38 29
74 31 7 66 43 51 45
60 19 19 74 31 7 16
36 0 27 48 74 6 76
25 59 33 22 41 41 19
44 43 62 75 46 57 5
53 76 14 7 72 63 49
67 42 14 55 41 26 12
13 25 36 65 42 44 18
60 19 19 49 22 24 5
27 1 67 55 41 26 57
12 38 14 56 72 38 41
2 33 39 14 2 33 31
55 41 26 3 61 61 40
57 60 69 52 53 57 13
71 26 39 69 41 35 15
36 0 27 65 42 44 45
39 7 71 73 33 65 26
20 8 19 73 33 65 52
43 58 58 63 70 22 37
53 76 14 46 74 67 53
77 28 54 69 41 35 23
47 24 55 53 76 14 66
68 22 67 63 70 22 65
27 1 67 26 28 63 27
77 28 54 72 2 58 26
14 2 33 11 22 68 40
50 30 62 73 33 65 4
8 51 49 25 59 33 17
64 19 46 68 22 67 21
32 19 24 54 37 38 22
5 70 4 69 41 35 42
62 29 20 14 2 33 29
65 42 44 44 43 62 18
43 58 58 32 19 24 51
46 74 67 9 68 5 62
20 8 19 29 40 22 32
24 61 72 13 25 36 50
7 72 63 25 59 33 32
25 59 33 46 74 67 37
5 70 4 19 13 8 57
29 40 22 44 43 62 40
5 70 4 67 42 14 29
64 19 46 63 70 22 56
29 40 22 38 28 6 20
69 41 35 23 11 45 31
25 59 33 3 61 61 28
37 60 34 62 29 20 34
5 70 4 14 2 33 73
66 43 51 4 66 36 27
11 22 68 67 42 14 57
56 72 38 67 42 14 38
16 70 15 58 51 64 52
16 70 15 55 41 26 31
53 76 14 54 37 38 45
29 40 22 72 2 58 52
49 22 24 26 28 63 39
46 74 67 61 10 8 87
6 50 58 76 65 50 17
58 51 64 54 37 38 29
13 25 36 29 40 22 20
19 13 8 13 25 36 30
32 19 24 75 46 57 42
6 50 58 34 11 18 55
77 28 54 18 23 4 50
50 30 62 63 70 22 56
15 62 40 48 74 6 36
38 28 6 19 13 8 15
30 10 2 47 24 55 54
70 14 64 71 26 39 27
37 60 34 70 14 64 54
16 70 15 44 43 62 54
12 38 14 37 60 34 29
56 72 38 43 58 58 24
0 52 47 72 2 58 51
45 66 46 3 61 61 15
36 0 27 46 74 67 84
54 37 38 4 66 36 29
35 58 69 62 29 20 56
38 28 6 67 42 14 16
32 19 24 70 14 64 40
61 10 8 11 22 68 61
59 49 34 27 1 67 58
19 13 8 30 10 2 6
1 34 47 26 28 63 17
58 51 64 31 41 21 44
56 72 38 72 2 58 72
23 11 45 76 65 50 54
52 53 57 42 42 35 24
23 11 45 16 70 15 66
21 55 51 4 66 36 18
21 55 51 59 49 34 18
57 60 69 58 51 64 10
51 9 77 26 28 63 23
36 0 27 20 8 19 11
60 19 19 62 29 20 10
1 34 47 57 60 69 34
14 2 33 28 27 10 33
22 41 41 36 0 27 43
51 9 77 52 53 57 48
13 25 36 25 59 33 34
73 33 65 43 58 58 25
7 72 63 65 42 44 35
77 28 54 44 43 62 17
1 34 47 16 70 15 48
21 55 51 32 19 24 45
17 57 14 55 41 26 20
31 41 21 66 43 51 30
74 31 7 70 14 64 59
67 42 14 9 68 5 27
30 10 2 4 66 36 65
69 41 35 32 19 24 24
49 22 24 25 59 33 38
33 14 75 41 36 3 75
58 51 64 19 13 8 67
32 19 24 33 14 75 51
34 11 18 24 61 72 73
22 41 41 71 26 39 15
32 19 24 49 22 24 3
15 62 40 30 10 2 64
53 76 14 9 68 5 12
9 68 5 24 61 72 67
60 19 19 69 41 35 27
38 28 6 30 10 2 18
26 28 63 5 70 4 72
65 42 44 75 46 57 13
38 28 6 22 41 41 37
10 43 75 54 37 38 37
1 34 47 67 42 14 33
1 34 47 72 2 58 33
24 61 72 18 23 4 77
47 24 55 61 10 8 49
26 28 63 23 11 45 24
7 72 63 49 22 24 63
53 76 14 40 41 33 39
48 74 6 54 37 38 48
50 30 62 9 68 5 68
16 70 15 52 53 57 45
18 23 4 57 60 69 74
2 33 39 51 9 77 44
54 37 38 43 58 58 29
8 51 49 77 28 54 23
7 72 63 31 41 21 52
72 2 58 54 37 38 40
19 13 8 4 66 36 59
14 2 33 40 41 33 39
51 9 77 34 11 18 59
24 61 72 26 28 63 34
17 57 14 4 66 36 23
56 72 38 61 10 8 68
30 10 2 68 22 67 66
75 46 57 22 41 41 16
55 41 26 57 60 69 47
72 2 58 26 28 63 26
74 31 7 42 42 35 30
59 49 34 11 22 68 43
15 62 40 36 0 27 63
62 29 20 41 36 3 18
28 27 10 16 70 15 43
7 72 63 3 61 61 11
70 14 64 22 41 41 35
48 74 6 1 34 47 57
47 24 55 62 29 20 35
55 41 26 33 14 75 55
38 28 6 12 38 14 12
38 28 6 18 23 4 5
50 30 62 70 14 64 16
33 14 75 65 42 44 41
9 68 5 62 29 20 41
29 40 22 11 22 68 49
31 41 21 9 68 5 31
19 13 8 14 2 33 27
8 51 49 50 30 62 24
59 49 34 55 41 26 11
44 43 62 33 14 75 31
77 28 54 53 76 14 62
15 62 40 18 23 4 53
4 66 36 29 40 22 29
67 42 14 45 66 46 40
45 66 46 65 42 44 24
55 41 26 64 19 46 29
25 59 33 44 43 62 33
77 28 54 61 10 8 49
62 29 20 7 72 63 60
29 40 22 57 60 69 51
26 28 63 41 36 3 60
66 43 51 3 61 61 20
74 31 7 65 42 44 38
73 33 65 12 38 14 51
74 31 7 13 25 36 29
40 41 33 8 51 49 18
62 29 20 66 43 51 34
77 28 54 24 61 72 37
0 52 47 56 72 38 21
35 58 69 6 50 58 13
14 2 33 35 58 69 66
66 43 51 70 14 64 31
6 50 58 42 42 35 24
56 72 38 53 76 14 24
72 2 58 57 60 69 59
45 66 46 43 58 58 14
23 11 45 56 72 38 61
53 76 14 57 60 69 57
26 28 63 76 65 50 39
16 70 15 7 72 63 48
66 43 51 25 59 33 24
36 0 27 37 60 34 60
43 58 58 35 58 69 11
56 72 38 8 51 49 23
46 74 67 24 61 72 13
37 60 34 8 51 49 17
68 22 67 19 13 8 59
40 41 33 45 66 46 28
15 62 40 2 33 39 29
42 42 35 64 19 46 25
38 28 6 46 74 67 76
75 46 57 48 74 6 58
48 74 6 26 28 63 73
19 13 8 7 72 63 80
57 60 69 24 61 72 3
63 70 22 32 19 24 51
46 74 67 43 58 58 18
15 62 40 64 19 46 43
8 51 49 43 58 58 11
59 49 34 44 43 62 28
10 43 75 9 68 5 74
20 8 19 12 38 14 30
5 70 4 15 62 40 36
24 61 72 7 72 63 14
11 22 68 39 7 71 15
50 30 62 41 36 3 59
0 52 47 25 59 33 15
2 33 39 38 28 6 33
23 11 45 53 76 14 72
8 51 49 53 76 14 43
25 59 33 53 76 14 25
27 1 67 74 31 7 67
41 36 3 66 43 51 48
43 58 58 1 34 47 26
49 22 24 64 19 46 22
57 60 69 50 30 62 30
13 25 36 21 55 51 33
65 42 44 50 30 62 21
76 65 50 4 66 36 14
33 14 75 8 51 49 45
49 22 24 37 60 34 39
23 11 45 37 60 34 50
25 59 33 47 24 55 41
49 22 24 36 0 27 22
6 50 58 48 74 6 57
11 22 68 41 36 3 66
12 38 14 9 68 5 31
38 28 6 60 19 19 15
8 51 49 36 0 27 55
23 11 45 27 1 67 24
26 28 63 43 58 58 30
66 43 51 63 70 22 39
56 72 38 55 41 26 33
57 60 69 71 26 39 45
70 14 64 35 58 69 44
63 70 22 0 52 47 30
22 41 41 76 65 50 25
50 30 62 38 28 6 56
16 70 15 27 1 67 86
33 14 75 61 10 8 67
2 33 39 62 29 20 19
8 51 49 28 27 10 45
2 33 39 35 58 69 39
3 61 61 28 27 10 61
74 31 7 72 2 58 58
33 14 75 70 14 64 11
45 66 46 70 14 64 55
19 13 8 49 22 24 18
20 8 19 26 28 63 48
43 58 58 50 30 62 28
72 2 58 51 9 77 20
7 72 63 70 14 64 58
12 38 14 29 40 22 8
64 19 46 38 28 6 41
29 40 22 63 70 22 30
0 52 47 8 51 49 2
31 41 21 28 27 10 17
72 2 58 76 65 50 63
24 61 72 41 36 3 73
73 33 65 61 10 8 61
42 42 35 59 49 34 7
43 58 58 15 62 40 18
21 55 51 65 42 44 14
33 14 75 17 57 14 74
48 74 6 41 36 3 38
62 29 20 71 26 39 19
39 7 71 59 49 34 55
14 2 33 29 40 22 39
6 50 58 21 55 51 8
19 13 8 69 41 35 38
54 37 38 39 7 71 44
35 58 69 15 62 40 29
72 2 58 38 28 6 58
70 14 64 59 49 34 46
10 43 75 28 27 10 66
73 33 65 18 23 4 61
30 10 2 63 70 22 63
69 41 35 9 68 5 40
39 7 71 31 41 21 60
4 66 36 1 34 47 33
0 52 47 29 40 22 27
43 58 58 24 61 72 14
75 46 57 4 66 36 29
62 29 20 75 46 57 40
58 51 64 5 70 4 62
56 72 38 6 50 58 29
68 22 67 18 23 4 63
54 37 38 44 43 62 24
17 57 14 49 22 24 36
12 38 14 34 11 18 27
20 8 19 41 36 3 32
10 43 75 12 38 14 61
21 55 51 30 10 2 66
49 22 24 58 51 64 49
67 42 14 7 72 63 57
33 14 75 74 31 7 70
44 43 62 57 60 69 18
21 55 51 12 38 14 40
63 70 22 4 66 36 14
58 51 64 12 38 14 51
65 42 44 39 7 71 44
37 60 34 66 43 51 24
42 42 35 5 70 4 41
60 19 19 27 1 67 51
76 65 50 16 70 15 35
48 74 6 3 61 61 56
42 42 35 50 30 62 29
1 34 47 65 42 44 8
74 31 7 32 19 24 20
16 70 15 77 28 54 57
23 11 45 49 22 24 23
64 19 46 11 22 68 22
76 65 50 58 51 64 19
59 49 34 61 10 8 46
57 60 69 68 22 67 38
0 52 47 75 46 57 11
32 19 24 66 43 51 36
69 41 35 51 9 77 52
46 74 67 28 27 10 73
21 55 51 37 60 34 17
31 41 21 38 28 6 19
41 36 3 29 40 22 19
54 37 38 75 46 57 21
49 22 24 47 24 55 31
36 0 27 61 10 8 21
59 49 34 24 61 72 39
11 22 68 30 10 2 67
37 60 34 25 59 33 1
32 19 24 45 66 46 51
62 29 20 61 10 8 22
57 60 69 69 41 35 38
50 30 62 74 31 7 55
27 1 67 3 61 61 60
20 8 19 43 58 58 63
4 66 36 22 41 41 25
2 33 39 19 13 8 36
33 14 75 1 34 47 34
38 28 6 1 34 47 41
56 72 38 65 42 44 30
62 29 20 30 10 2 26
10 43 75 71 26 39 39
57 60 69 59 49 34 36
75 46 57 57 60 69 18
47 24 55 26 28 63 8
9 68 5 13 25 36 53
49 22 24 38 28 6 18
45 66 46 69 41 35 27
37 60 34 13 25 36 35
52 53 57 28 27 10 53
56 72 38 45 66 46 10
40 41 33 30 10 2 43
48 74 6 31 41 21 36
15 62 40 17 57 14 26
58 51 64 60 19 19 55
25 59 33 74 31 7 38
51 9 77 35 58 69 49
10 43 75 70 14 64 31
5 70 4 24 61 72 68
1 34 47 66 43 51 9
34 11 18 71 26 39 25
74 31 7 75 46 57 52
53 76 14 39 7 71 89
26 28 63 68 22 67 7
60 19 19 70 14 64 45
0 52 47 61 10 8 57
48 74 6 50 30 62 71
49 22 24 34 11 18 12
17 57 14 36 0 27 58
3 61 61 41 36 3 63
16 70 15 13 25 36 49
50 30 62 33 14 75 20
61 10 8 30 10 2 6
43 58 58 27 1 67 57
52 53 57 49 22 24 45
14 2 33 74 31 7 38
33 14 75 73 33 65 21
2 33 39 61 10 8 38
23 11 45 4 66 36 55
10 43 75 42 42 35 40
48 74 6 12 38 14 36
68 22 67 23 11 45 24
57 60 69 47 24 55 38
18 23 4 22 41 41 41
29 40 22 46 74 67 56
21 55 51 25 59 33 18
50 30 62 19 13 8 56
4 66 36 56 72 38 6
21 55 51 68 22 67 36
53 76 14 10 43 75 69
47 24 55 32 19 24 31
13 25 36 48 74 6 57
60 19 19 77 28 54 36
5 70 4 40 41 33 41
76 65 50 18 23 4 62
23 11 45 29 40 22 37
9 68 5 51 9 77 93
69 41 35 13 25 36 16
73 33 65 42 42 35 31
42 42 35 56 72 38 30
10 43 75 25 59 33 44
47 24 55 65 42 44 21
9 68 5 40 41 33 38
44 43 62 17 57 14 50
40 41 33 38 28 6 29
51 9 77 30 10 2 75
49 22 24 67 42 14 22
22 41 41 73 33 65 25
34 11 18 28 27 10 17
43 58 58 77 28 54 30
63 70 22 47 24 55 56
7 72 63 1 34 47 41
10 43 75 52 53 57 20
24 61 72 39 7 71 54
0 52 47 35 58 69 22
53 76 14 52 53 57 48
19 13 8 71 26 39 33
14 2 33 16 70 15 70
54 37 38 38 28 6 33
65 42 44 42 42 35 9
17 57 14 77 28 54 49
71 26 39 5 70 4 56
48 74 6 59 49 34 37
43 58 58 42 42 35 28
49 22 24 70 14 64 40
46 74 67 39 7 71 67
66 43 51 61 10 8 54
64 19 46 69 41 35 24
8 51 49 62 29 20 36
1 34 47 30 10 2 51
70 14 64 47 24 55 13
38 28 6 21 55 51 52
69 41 35 26 28 63 30
15 62 40 33 14 75 59
28 27 10 4 66 36 46
7 72 63 13 25 36 54
23 11 45 20 8 19 26
67 42 14 12 38 14 4
12 38 14 46 74 67 64
60 19 19 9 68 5 50
25 59 33 29 40 22 21
6 50 58 62 29 20 43
75 46 57 29 40 22 35
55 41 26 34 11 18 31
29 40 22 60 19 19 21
75 46 57 25 59 33 27
77 28 54 74 31 7 47
10 43 75 11 22 68 22
61 10 8 13 25 36 31
52 53 57 9 68 5 54
48 74 6 66 43 51 54
34 11 18 0 52 47 50
27 1 67 20 8 19 48
19 13 8 35 58 69 75
20 8 19 31 41 21 33
68 22 67 1 34 47 23
17 57 14 51 9 77 79
29 40 22 9 68 5 32
76 65 50 14 2 33 65
8 51 49 34 11 18 50
75 46 57 55 41 26 31
23 11 45 2 33 39 22
58 51 64 20 8 19 62
37 60 34 45 66 46 13
28 27 10 77 28 54 44
71 26 39 36 0 27 28
40 41 33 32 19 24 23
6 50 58 32 19 24 46
19 13 8 67 42 14 29
61 10 8 58 51 64 69
28 27 10 59 49 34 32
49 22 24 21 55 51 42
22 41 41 24 61 72 36
24 61 72 14 2 33 70
4 66 36 3 61 61 25
63 70 22 51 9 77 82
67 42 14 31 41 21 7
68 22 67 14 2 33 39
39 7 71 61 10 8 63
49 22 24 33 14 75 51
54 37 38 61 10 8 40
36 0 27 24 61 72 75
56 72 38 69 41 35 31
76 65 50 56 72 38 13
19 13 8 52 53 57 63
45 66 46 61 10 8 67
39 7 71 48 74 6 93
60 19 19 10 43 75 60
57 60 69 25 59 33 36
63 70 22 6 50 58 41
45 66 46 58 51 64 23
55 41 26 40 41 33 7
45 66 46 13 25 36 42
30 10 2 50 30 62 63
68 22 67 27 1 67 21
17 57 14 58 51 64 50
4 66 36 73 33 65 43
24 61 72 4 66 36 36
75 46 57 42 42 35 22
41 36 3 2 33 39 36
76 65 50 61 10 8 69
60 19 19 48 74 6 56
22 41 41 67 42 14 27
56 72 38 24 61 72 35
16 70 15 6 50 58 47
43 58 58 17 57 14 44
65 42 44 18 23 4 44
53 76 14 21 55 51 42
32 19 24 52 53 57 47
9 68 5 2 33 39 48
10 43 75 75 46 57 18
59 49 34 31 41 21 15
32 19 24 31 41 21 22
6 50 58 71 26 39 30
17 57 14 46 74 67 55
16 70 15 70 14 64 74
3 61 61 59 49 34 29
76 65 50 43 58 58 10
12 38 14 39 7 71 64
30 10 2 22 41 41 49
30 10 2 33 14 75 73
46 74 67 7 72 63 4
13 25 36 71 26 39 3
46 74 67 76 65 50 19
67 42 14 44 43 62 48
71 26 39 43 58 58 37
61 10 8 32 19 24 18
12 38 14 4 66 36 35
67 42 14 35 58 69 57
40 41 33 74 31 7 27
58 51 64 4 66 36 31
46 74 67 68 22 67 52
37 60 34 33 14 75 61
39 7 71 52 53 57 48
22 41 41 55 41 26 15
48 74 6 56 72 38 32
27 1 67 33 14 75 15
4 66 36 38 28 6 48
4 66 36 0 52 47 17
76 65 50 73 33 65 35
52 53 57 38 28 6 56
67 42 14 30 10 2 34
42 42 35 62 29 20 19
0 52 47 70 14 64 41
18 23 4 53 76 14 53
43 58 58 62 29 20 47
6 50 58 70 14 64 36
5 70 4 61 10 8 60
19 13 8 20 8 19 12
47 24 55 60 19 19 36
19 13 8 18 23 4 10
36 0 27 74 31 7 36
25 59 33 32 19 24 41
63 70 22 1 34 47 43
55 41 26 70 14 64 46
63 70 22 31 41 21 29
29 40 22 2 33 39 18
42 42 35 35 58 69 37
9 68 5 77 28 54 63
8 51 49 27 1 67 53
6 50 58 55 41 26 33
37 60 34 61 10 8 56
31 41 21 41 36 3 18
10 43 75 38 28 6 70
43 58 58 30 10 2 73
28 27 10 75 46 57 50
61 10 8 31 41 21 33
60 19 19 52 53 57 50
11 22 68 72 2 58 22
1 34 47 37 60 34 29
0 52 47 74 31 7 45
58 51 64 25 59 33 32
19 13 8 74 31 7 18
67 42 14 61 10 8 32
26 28 63 4 66 36 46
14 2 33 66 43 51 44
32 19 24 4 66 36 48
56 72 38 47 24 55 50
49 22 24 30 10 2 25
46 74 67 44 43 62 31
74 31 7 53 76 14 45
15 62 40 41 36 3 45
59 49 34 41 36 3 33
43 58 58 44 43 62 15
8 51 49 9 68 5 47
10 43 75 67 42 14 61
52 53 57 0 52 47 10
7 72 63 76 65 50 14
56 72 38 7 72 63 25
39 7 71 63 70 22 79
65 42 44 17 57 14 33
56 72 38 54 37 38 35
17 57 14 10 43 75 62
46 74 67 20 8 19 81
47 24 55 71 26 39 16
48 74 6 38 28 6 46
45 66 46 54 37 38 30
75 46 57 56 72 38 32
66 43 51 17 57 14 39
36 0 27 16 70 15 71
16 70 15 30 10 2 61
1 34 47 49 22 24 25
44 43 62 0 52 47 17
35 58 69 17 57 14 55
38 28 6 69 41 35 31
5 70 4 23 11 45 71
7 72 63 52 53 57 19
22 41 41 13 25 36 16
75 46 57 19 13 8 59
57 60 69 11 22 68 38
18 23 4 50 30 62 58
34 11 18 47 24 55 39
29 40 22 51 9 77 63
54 37 38 49 22 24 20
11 22 68 44 43 62 21
5 70 4 54 37 38 47
9 68 5 37 60 34 30
71 26 39 76 65 50 40
72 2 58 14 2 33 25
13 25 36 20 8 19 24
14 2 33 52 53 57 56
47 24 55 2 33 39 18
61 10 8 8 51 49 57
71 26 39 61 10 8 34
39 7 71 57 60 69 53
26 28 63 8 51 49 26
21 55 51 8 51 49 4
39 7 71 18 23 4 68
46 74 67 19 13 8 84
26 28 63 45 66 46 41
51 9 77 57 60 69 51
60 19 19 51 9 77 58
21 55 51 52 53 57 6
53 76 14 19 13 8 63
63 70 22 70 14 64 70
37 60 34 64 19 46 42
66 43 51 19 13 8 52
23 11 45 70 14 64 19
44 43 62 48 74 6 64
71 26 39 23 11 45 16
46 74 67 22 41 41 42
57 60 69 76 65 50 19
0 52 47 13 25 36 29
63 70 22 45 66 46 24
47 24 55 45 66 46 42
38 28 6 14 2 33 37
20 8 19 66 43 51 47
60 19 19 20 8 19 11
60 19 19 39 7 71 53
17 57 14 23 11 45 55
73 33 65 14 2 33 44
31 41 21 53 76 14 35
39 7 71 38 28 6 68
75 46 57 30 10 2 65
50 30 62 54 37 38 25
48 74 6 25 59 33 30
60 19 19 15 62 40 47
53 76 14 2 33 39 49
63 70 22 2 33 39 40
9 68 5 27 1 67 91
3 61 61 33 14 75 49
36 0 27 72 2 58 31
25 59 33 70 14 64 54
20 8 19 49 22 24 14
27 1 67 52 53 57 52
23 11 45 31 41 21 38
61 10 8 48 74 6 64
0 52 47 47 24 55 29
32 19 24 50 30 62 39
54 37 38 52 53 57 24
22 41 41 5 70 4 47
60 19 19 45 66 46 54
11 22 68 1 34 47 24
65 42 44 63 70 22 35
69 41 35 50 30 62 29
5 70 4 60 19 19 53
6 50 58 7 72 63 22
30 10 2 13 25 36 37
54 37 38 8 51 49 17
33 14 75 13 25 36 40
51 9 77 31 41 21 64
66 43 51 28 27 10 44
31 41 21 0 52 47 28
32 19 24 0 52 47 40
58 51 64 63 70 22 46
50 30 62 58 51 64 21
12 38 14 0 52 47 35
10 43 75 74 31 7 69
70 14 64 44 43 62 29
47 24 55 55 41 26 33
55 41 26 49 22 24 19
55 41 26 38 28 6 23
9 68 5 64 19 46 63
43 58 58 21 55 51 7
68 22 67 73 33 65 11
41 36 3 40 41 33 30
69 41 35 76 65 50 28
8 51 49 59 49 34 15
16 70 15 64 19 46 59
76 65 50 70 14 64 52
51 9 77 61 10 8 69
6 50 58 61 10 8 64
59 49 34 37 60 34 11
18 23 4 54 37 38 36
24 61 72 48 74 6 67
25 59 33 28 27 10 39
77 28 54 6 50 58 22
6 50 58 24 61 72 17
7 72 63 66 43 51 31
39 7 71 32 19 24 48
14 2 33 15 62 40 60
63 70 22 60 19 19 51
0 52 47 27 1 67 54
10 43 75 23 11 45 43
72 2 58 50 30 62 28
74 31 7 1 34 47 40
2 33 39 32 19 24 20
57 60 69 23 11 45 54
71 26 39 68 22 67 28
4 66 36 55 41 26 26
60 19 19 65 42 44 33
70 14 64 75 46 57 32
75 46 57 8 51 49 9
51 9 77 50 30 62 25
10 43 75 33 14 75 29
23 11 45 59 49 34 39
56 72 38 37 60 34 12
69 41 35 75 46 57 22
40 41 33 75 46 57 24
76 65 50 68 22 67 46
30 10 2 53 76 14 67
42 42 35 70 14 64 40
36 0 27 68 22 67 45
27 1 67 64 19 46 27
70 14 64 24 61 72 47
0 52 47 15 62 40 12
43 58 58 51 9 77 52
52 53 57 4 66 36 24
36 0 27 14 2 33 6
40 41 33 61 10 8 39
61 10 8 34 11 18 10
30 10 2 23 11 45 43
64 19 46 36 0 27 26
34 11 18 11 22 68 51
73 33 65 19 13 8 60
77 28 54 37 60 34 37
41 36 3 58 51 64 62
74 31 7 62 29 20 13
31 41 21 34 11 18 30
35 58 69 38 28 6 69
32 19 24 68 22 67 43
59 49 34 14 2 33 47
49 22 24 46 74 67 67
75 46 57 27 1 67 46
22 41 41 52 53 57 20
41 36 3 51 9 77 78
5 70 4 10 43 75 75
57 60 69 13 25 36 48
68 22 67 6 50 58 29
41 36 3 0 52 47 46
38 28 6 74 31 7 3
1 34 47 76 65 50 31
61 10 8 4 66 36 62
3 61 61 58 51 64 10
53 76 14 34 11 18 65
63 70 22 33 14 75 77
32 19 24 55 41 26 22
0 52 47 40 41 33 17
31 41 21 30 10 2 36
28 27 10 13 25 36 26
15 62 40 63 70 22 19
55 41 26 10 43 75 49
30 10 2 36 0 27 26
7 72 63 44 43 62 29
60 19 19 16 70 15 51
22 41 41 29 40 22 19
52 53 57 40 41 33 26
63 70 22 48 74 6 16
8 51 49 15 62 40 14
6 50 58 37 60 34 26
28 27 10 49 22 24 14
10 43 75 36 0 27 64
54 37 38 12 38 14 24
28 27 10 58 51 64 59
15 62 40 29 40 22 28
58 51 64 35 58 69 8
55 41 26 58 51 64 39
67 42 14 37 60 34 26
21 55 51 10 43 75 26
15 62 40 74 31 7 45
0 52 47 59 49 34 13
18 23 4 52 53 57 60
48 74 6 21 55 51 48
11 22 68 71 26 39 29
47 24 55 11 22 68 13
69 41 35 74 31 7 29
46 74 67 48 74 6 61
15 62 40 42 42 35 20
45 66 46 11 22 68 49
24 61 72 54 37 38 41
14 2 33 65 42 44 41
10 43 75 64 19 46 37
65 42 44 15 62 40 20
68 22 67 48 74 6 80
64 19 46 34 11 18 29
54 37 38 14 2 33 35
32 19 24 77 28 54 31
72 2 58 69 41 35 45
9 68 5 4 66 36 31
17 57 14 52 53 57 43
36 0 27 67 42 14 43
41 36 3 30 10 2 26
8 51 49 69 41 35 17
47 24 55 1 34 47 12
66 43 51 54 37 38 14
51 9 77 22 41 41 48
10 43 75 47 24 55 27
15 62 40 38 28 6 48
45 66 46 55 41 26 32
59 49 34 68 22 67 42
17 57 14 56 72 38 28
9 68 5 3 61 61 56
48 74 6 35 58 69 65
60 19 19 6 50 58 49
77 28 54 0 52 47 25
34 11 18 4 66 36 57
67 42 14 68 22 67 56
17 57 14 26 28 63 56
11 22 68 74 31 7 61
24 61 72 8 51 49 25
6 50 58 57 60 69 14
15 62 40 76 65 50 10
22 41 41 69 41 35 6
52 53 57 2 33 39 26
58 51 64 29 40 22 43
45 66 46 10 43 75 37
54 37 38 31 41 21 17
29 40 22 35 58 69 50
59 49 34 46 74 67 41
20 8 19 64 19 46 29
76 65 50 53 76 14 37
53 76 14 68 22 67 75
68 22 67 62 29 20 47
37 60 34 27 1 67 67
12 38 14 61 10 8 28
64 19 46 29 40 22 31
68 22 67 7 72 63 50
7 72 63 75 46 57 26
68 22 67 41 36 3 65
3 61 61 21 55 51 11
7 72 63 64 19 46 55
43 58 58 49 22 24 49
23 11 45 22 41 41 30
48 74 6 0 52 47 46
25 59 33 51 9 77 66
33 14 75 12 38 14 65
76 65 50 19 13 8 66
56 72 38 5 70 4 34
16 70 15 59 49 34 28
68 22 67 38 28 6 61
35 58 69 3 61 61 8
73 33 65 53 76 14 66
69 41 35 12 38 14 21
10 43 75 72 2 58 44
64 19 46 47 24 55 10
22 41 41 77 28 54 18
58 51 64 70 14 64 37
19 13 8 61 10 8 3
11 22 68 4 66 36 54
12 38 14 47 24 55 43
66 43 51 35 58 69 23
62 29 20 69 41 35 19
47 24 55 40 41 33 27
60 19 19 37 60 34 43
51 9 77 54 37 38 48
45 66 46 29 40 22 35
29 40 22 47 24 55 36
36 0 27 0 52 47 55
67 42 14 0 52 47 34
35 58 69 21 55 51 18
73 33 65 63 70 22 56
29 40 22 26 28 63 42
49 22 24 56 72 38 51
45 66 46 2 33 39 33
34 11 18 42 42 35 35
34 11 18 39 7 71 53
16 70 15 0 52 47 36
70 14 64 4 66 36 59
10 43 75 73 33 65 14
29 40 22 33 14 75 59
73 33 65 34 11 18 51
1 34 47 61 10 8 45
76 65 50 49 22 24 50
64 19 46 30 10 2 44
7 72 63 12 38 14 59
25 59 33 33 14 75 61
26 28 63 61 10 8 57
12 38 14 14 2 33 40
26 28 63 14 2 33 39
64 19 46 53 76 14 65
76 65 50 17 57 14 36
33 14 75 0 52 47 47
63 70 22 69 41 35 31
35 58 69 76 65 50 20
22 41 41 48 74 6 48
41 36 3 61 10 8 26
64 19 46 18 23 4 42
55 41 26 61 10 8 35
23 11 45 63 70 22 63
66 43 51 59 49 34 18
62 29 20 48 74 6 47
56 72 38 74 31 7 51
55 41 26 71 26 39 19
52 53 57 31 41 21 37
60 19 19 75 46 57 46
38 28 6 65 42 44 40
30 10 2 46 74 67 91
9 68 5 16 70 15 10
64 19 46 2 33 39 15
41 36 3 23 11 45 48
72 2 58 64 19 46 20
66 43 51 49 22 24 34
8 51 49 4 66 36 19
77 28 54 42 42 35 23
5 70 4 49 22 24 52
2 33 39 1 34 47 8
72 2 58 61 10 8 50
5 70 4 48 74 6 4
12 38 14 5 70 4 33
10 43 75 63 70 22 59
74 31 7 76 65 50 54
73 33 65 55 41 26 39
53 76 14 71 26 39 55
8 51 49 65 42 44 10
0 52 47 23 11 45 41
58 51 64 27 1 67 50
53 76 14 61 10 8 66
59 49 34 49 22 24 28
11 22 68 46 74 67 52
53 76 14 22 41 41 44
41 36 3 19 13 8 23
77 28 54 31 41 21 35
3 61 61 68 22 67 39
39 7 71 27 1 67 7
22 41 41 47 24 55 22
56 72 38 38 28 6 54
61 10 8 63 70 22 61
41 36 3 74 31 7 6
62 29 20 13 25 36 16
51 9 77 36 0 27 50
68 22 67 39 7 71 15
53 76 14 5 70 4 11
43 58 58 41 36 3 59
20 8 19 4 66 36 60
29 40 22 34 11 18 29
73 33 65 45 66 46 38
74 31 7 61 10 8 21
20 8 19 37 60 34 54
51 9 77 21 55 51 52
76 65 50 66 43 51 22
62 29 20 39 7 71 55
40 41 33 34 11 18 33
24 61 72 16 70 15 57
28 27 10 11 22 68 58
76 65 50 21 55 51 10
18 23 4 60 19 19 15
15 62 40 53 76 14 29
42 42 35 12 38 14 21
64 19 46 39 7 71 27
14 2 33 49 22 24 21
2 33 39 10 43 75 37
14 2 33 45 66 46 65
53 76 14 13 25 36 55
19 13 8 3 61 61 71
44 43 62 10 43 75 13
10 43 75 20 8 19 66
40 41 33 15 62 40 22
31 41 21 11 22 68 50
62 29 20 58 51 64 49
27 1 67 6 50 58 49
35 58 69 23 11 45 52
65 42 44 11 22 68 31
74 31 7 5 70 4 39
50 30 62 39 7 71 24
71 26 39 17 57 14 39
43 58 58 14 2 33 61
59 49 34 20 8 19 43
73 33 65 26 28 63 5
6 50 58 19 13 8 62
53 76 14 43 58 58 47
58 51 64 67 42 14 50
36 0 27 70 14 64 39
14 2 33 46 74 67 79
19 13 8 47 24 55 48
50 30 62 59 49 34 33
42 42 35 76 65 50 27
70 14 64 64 19 46 18
51 9 77 24 61 72 52
4 66 36 42 42 35 24
49 22 24 61 10 8 20
42 42 35 38 28 6 32
70 14 64 28 27 10 55
59 49 34 62 29 20 24
26 28 63 16 70 15 63
12 38 14 70 14 64 55
6 50 58 26 28 63 22
32 19 24 19 13 8 17
55 41 26 76 65 50 33
64 19 46 73 33 65 23
62 29 20 50 30 62 42
52 53 57 30 10 2 69
19 13 8 21 55 51 60
74 31 7 8 51 49 46
73 33 65 28 27 10 55
6 50 58 65 42 44 16
12 38 14 31 41 21 7
56 72 38 59 49 34 23
51 9 77 49 22 24 54
17 57 14 34 11 18 46
20 8 19 2 33 39 32
64 19 46 0 52 47 33
56 72 38 32 19 24 54
17 57 14 40 41 33 24
51 9 77 14 2 33 44
63 70 22 36 0 27 70
55 41 26 36 0 27 41
30 10 2 9 68 5 58
40 41 33 44 43 62 29
18 23 4 3 61 61 68
8 51 49 19 13 8 55
25 59 33 43 58 58 25
47 24 55 6 50 58 26
9 68 5 23 11 45 69
34 11 18 7 72 63 75
30 10 2 17 57 14 48
68 22 67 2 33 39 30
73 33 65 77 28 54 12
38 28 6 5 70 4 42
69 41 35 65 42 44 9
13 25 36 39 7 71 39
44 43 62 73 33 65 10
57 60 69 62 29 20 57
4 66 36 41 36 3 44
77 28 54 21 55 51 27
8 51 49 10 43 75 27
9 68 5 45 66 46 41
9 68 5 54 37 38 45
18 23 4 36 0 27 32
17 57 14 6 50 58 44
62 29 20 44 43 62 44
7 72 63 38 28 6 72
29 40 22 43 58 58 40
21 55 51 29 40 22 32
41 36 3 42 42 35 32
71 26 39 37 60 34 34
2 33 39 0 52 47 20
21 55 51 40 41 33 22
63 70 22 44 43 62 48
51 9 77 67 42 14 71
71 26 39 33 14 75 37
31 41 21 16 70 15 29
39 7 71 5 70 4 91
41 36 3 16 70 15 36
64 19 46 5 70 4 66
17 57 14 63 70 22 15
40 41 33 26 28 63 32
65 42 44 28 27 10 37
4 66 36 27 1 67 72
64 19 46 26 28 63 19
1 34 47 9 68 5 54
55 41 26 18 23 4 28
49 22 24 9 68 5 49
21 55 51 17 57 14 37
46 74 67 34 11 18 79
8 51 49 68 22 67 34
64 19 46 45 66 46 47
64 19 46 41 36 3 46
19 13 8 55 41 26 33
5 70 4 18 23 4 47
39 7 71 47 24 55 23
12 38 14 11 22 68 56
71 26 39 0 52 47 27
60 19 19 19 13 8 12
32 19 24 48 74 6 57
8 51 49 48 74 6 48
19 13 8 27 1 67 60
6 50 58 15 62 40 21
58 51 64 77 28 54 25
12 38 14 52 53 57 45
17 57 14 68 22 67 63
23 11 45 39 7 71 26
17 57 14 64 19 46 49
69 41 35 55 41 26 9
7 72 63 47 24 55 48
73 33 65 66 43 51 17
2 33 39 8 51 49 20
33 14 75 5 70 4 90
70 14 64 15 62 40 53
38 28 6 59 49 34 35
26 28 63 46 74 67 46
10 43 75 56 72 38 47
43 58 58 66 43 51 16
73 33 65 36 0 27 50
20 8 19 15 62 40 57
57 60 69 35 58 69 2
41 36 3 5 70 4 34
63 70 22 46 74 67 45
51 9 77 13 25 36 44
74 31 7 17 57 14 26
17 57 14 32 19 24 39
3 61 61 36 0 27 69
24 61 72 17 57 14 58
31 41 21 5 70 4 33
77 28 54 30 10 2 55
64 19 46 23 11 45 8
73 33 65 1 34 47 18
40 41 33 64 19 46 25
52 53 57 5 70 4 55
52 53 57 3 61 61 8
65 42 44 46 74 67 39
33 14 75 58 51 64 38
32 19 24 76 65 50 52
74 31 7 29 40 22 17
27 1 67 11 22 68 21
59 49 34 1 34 47 19
71 26 39 58 51 64 35
30 10 2 73 33 65 67
73 33 65 35 58 69 25
2 33 39 24 61 72 43
18 23 4 13 25 36 32
60 19 19 57 60 69 64
38 28 6 70 14 64 59
70 14 64 52 53 57 39
31 41 21 22 41 41 20
71 26 39 24 61 72 48
57 60 69 19 13 8 77
13 25 36 46 74 67 57
72 2 58 73 33 65 31
4 66 36 48 74 6 31
25 59 33 36 0 27 59
62 29 20 18 23 4 17
74 31 7 26 28 63 56
6 50 58 72 2 58 48
44 43 62 1 34 47 17
16 70 15 45 66 46 31
47 24 55 20 8 19 39
39 7 71 74 31 7 68
27 1 67 31 41 21 60
55 41 26 7 72 63 48
43 58 58 16 70 15 44
20 8 19 39 7 71 52
9 68 5 76 65 50 45
46 74 67 40 41 33 47
54 37 38 73 33 65 27
72 2 58 34 11 18 41
0 52 47 53 76 14 40
7 72 63 41 36 3 69
22 41 41 72 2 58 42
1 34 47 28 27 10 37
11 22 68 17 57 14 64
15 62 40 49 22 24 43
47 24 55 24 61 72 40
28 27 10 53 76 14 49
48 74 6 7 72 63 57
40 41 33 1 34 47 15
44 43 62 30 10 2 68
48 74 6 53 76 14 8
34 11 18 74 31 7 22
1 34 47 18 23 4 44
52 53 57 34 11 18 57
15 62 40 77 28 54 36
34 11 18 25 59 33 50
5 70 4 55 41 26 36
10 43 75 35 58 69 16
51 9 77 48 74 6 96
48 74 6 57 60 69 64
47 24 55 66 43 51 19
72 2 58 59 49 34 52
25 59 33 50 30 62 41
77 28 54 56 72 38 46
40 41 33 50 30 62 31
22 41 41 1 34 47 9
42 42 35 19 13 8 39
53 76 14 36 0 27 77
34 11 18 15 62 40 55
58 51 64 75 46 57 8
65 42 44 40 41 33 11
28 27 10 36 0 27 31
11 22 68 75 46 57 26
72 2 58 55 41 26 50
27 1 67 67 42 14 67
24 61 72 55 41 26 50
75 46 57 20 8 19 53
35 58 69 74 31 7 67
25 59 33 18 23 4 46
73 33 65 15 62 40 38
32 19 24 34 11 18 10
15 62 40 25 59 33 7
76 65 50 36 0 27 68
18 23 4 35 58 69 73
41 36 3 36 0 27 43
39 7 71 40 41 33 50
10 43 75 62 29 20 56
50 30 62 77 28 54 8
62 29 20 64 19 46 27
9 68 5 15 62 40 35
73 33 65 40 41 33 32
27 1 67 7 72 63 71
42 42 35 48 74 6 43
1 34 47 58 51 64 24
33 14 75 69 41 35 48
53 76 14 38 28 6 48
40 41 33 28 27 10 26
36 0 27 38 28 6 35
22 41 41 2 33 39 8
53 76 14 33 14 75 86
63 70 22 14 2 33 68
12 38 14 40 41 33 19
35 58 69 12 38 14 58
40 41 33 10 43 75 42
13 25 36 73 33 65 30
62 29 20 76 65 50 46
9 68 5 7 72 63 58
77 28 54 55 41 26 30
11 22 68 22 41 41 33
14 2 33 4 66 36 64
56 72 38 26 28 63 50
50 30 62 53 76 14 66
17 57 14 8 51 49 35
23 11 45 51 9 77 32
31 41 21 57 60 69 51
65 42 44 55 41 26 18
37 60 34 63 70 22 15
37 60 34 16 70 15 21
18 23 4 61 10 8 13
14 2 33 8 51 49 51
25 59 33 55 41 26 19
11 22 68 16 70 15 71
41 36 3 14 2 33 45
59 49 34 67 42 14 21
69 41 35 66 43 51 16
2 33 39 60 19 19 24
71 26 39 75 46 57 26
51 9 77 33 14 75 5
77 28 54 3 61 61 33
42 42 35 24 61 72 41
54 37 38 19 13 8 38
5 70 4 37 60 34 31
4 66 36 65 42 44 25
40 41 33 13 25 36 16
26 28 63 50 30 62 2
51 9 77 47 24 55 26
51 9 77 0 52 47 52
64 19 46 1 34 47 15
17 57 14 42 42 35 25
12 38 14 18 23 4 18
48 74 6 52 53 57 55
35 58 69 4 66 36 33
67 42 14 42 42 35 21
21 55 51 42 42 35 20
5 70 4 36 0 27 73
5 70 4 35 58 69 66
23 11 45 43 58 58 48
28 27 10 76 65 50 55
71 26 39 29 40 22 22
70 14 64 2 33 39 31
26 28 63 75 46 57 18
5 70 4 34 11 18 60
43 58 58 70 14 64 44
31 41 21 56 72 38 35
25 59 33 67 42 14 25
23 11 45 1 34 47 23
63 70 22 49 22 24 48
4 66 36 47 24 55 46
75 46 57 45 66 46 22
68 22 67 72 2 58 21
46 74 67 4 66 36 32
4 66 36 64 19 46 48
74 31 7 37 60 34 39
72 2 58 67 42 14 59
61 10 8 57 60 69 78
58 51 64 14 2 33 57
23 11 45 33 14 75 30
7 72 63 18 23 4 76
46 74 67 23 11 45 66
47 24 55 31 41 21 38
65 42 44 3 61 61 25
40 41 33 31 41 21 12
62 29 20 53 76 14 47
35 58 69 8 51 49 21
62 29 20 15 62 40 38
22 41 41 35 58 69 32
50 30 62 36 0 27 46
28 27 10 38 28 6 4
44 43 62 3 61 61 18
69 41 35 1 34 47 13
0 52 47 73 33 65 26
22 41 41 8 51 49 12
11 22 68 0 52 47 36
66 43 51 9 68 5 52
18 23 4 34 11 18 18
67 42 14 46 74 67 61
16 70 15 4 66 36 21
22 41 41 74 31 7 35
27 1 67 56 72 38 76
65 42 44 51 9 77 46
25 59 33 59 49 34 10
9 68 5 22 41 41 45
8 51 49 23 11 45 40
18 23 4 46 74 67 81
68 22 67 35 58 69 36
67 42 14 75 46 57 43
71 26 39 44 43 62 28
39 7 71 19 13 8 63
43 58 58 28 27 10 57
37 60 34 44 43 62 32
48 74 6 70 14 64 83
13 25 36 27 1 67 39
60 19 19 36 0 27 20
56 72 38 52 53 57 26
71 26 39 27 1 67 37
30 10 2 66 43 51 59
34 11 18 33 14 75 57
70 14 64 34 11 18 46
32 19 24 26 28 63 40
57 60 69 33 14 75 46
13 25 36 1 34 47 14
15 62 40 12 38 14 35
8 51 49 58 51 64 15
53 76 14 3 61 61 49
16 70 15 50 30 62 61
7 72 63 43 58 58 14
30 10 2 0 52 47 61
13 25 36 52 53 57 35
12 38 14 65 42 44 30
14 2 33 1 34 47 34
17 57 14 1 34 47 40
58 51 64 38 28 6 62
22 41 41 37 60 34 20
55 41 26 26 28 63 39
46 74 67 21 55 51 24
25 59 33 72 2 58 62
58 51 64 15 62 40 26
13 25 36 54 37 38 12
63 70 22 13 25 36 47
26 28 63 19 13 8 57
28 27 10 45 66 46 53
35 58 69 56 72 38 34
72 2 58 15 62 40 62
55 41 26 9 68 5 34
64 19 46 48 74 6 68
28 27 10 12 38 14 11
18 23 4 42 42 35 36
17 57 14 72 2 58 70
47 24 55 52 53 57 29
25 59 33 42 42 35 17
17 57 14 7 72 63 51
52 53 57 72 2 58 51
70 14 64 31 41 21 50
13 25 36 15 62 40 37
66 43 51 57 60 69 24
39 7 71 16 70 15 84
39 7 71 51 9 77 6
38 28 6 57 60 69 70
68 22 67 50 30 62 9
27 1 67 77 28 54 29
22 41 41 6 50 58 19
3 61 61 5 70 4 57
55 41 26 13 25 36 18
48 74 6 28 27 10 47
33 14 75 40 41 33 49
28 27 10 60 19 19 12
47 24 55 16 70 15 60
1 34 47 25 59 33 28
9 68 5 0 52 47 44
64 19 46 3 61 61 44
45 66 46 18 23 4 60
7 72 63 2 33 39 45
66 43 51 18 23 4 51
18 23 4 72 2 58 57
73 33 65 8 51 49 24
39 7 71 66 43 51 41
12 38 14 17 57 14 19
18 23 4 28 27 10 7
50 30 62 22 41 41 23
63 70 22 76 65 50 28
69 41 35 18 23 4 35
39 7 71 75 46 57 41
25 59 33 6 50 58 26
30 10 2 45 66 46 71
54 37 38 70 14 64 34
69 41 35 4 66 36 25
32 19 24 67 42 14 25
43 58 58 19 13 8 67
28 27 10 17 57 14 30
64 19 46 13 25 36 11
34 11 18 20 8 19 3
20 8 19 42 42 35 37
51 9 77 5 70 4 95
77 28 54 35 58 69 33
77 28 54 14 2 33 33
50 30 62 55 41 26 37
1 34 47 39 7 71 36
25 59 33 60 19 19 42
33 14 75 62 29 20 57
57 60 69 15 62 40 29
65 42 44 2 33 39 10
28 27 10 20 8 19 21
10 43 75 27 1 67 42
22 41 41 15 62 40 21
4 66 36 5 70 4 32
69 41 35 10 43 75 40
35 58 69 13 25 36 46
49 22 24 2 33 39 18
56 72 38 70 14 64 63
19 13 8 72 2 58 51
27 1 67 21 55 51 56
36 0 27 44 43 62 55
52 53 57 73 33 65 21
26 28 63 25 59 33 43
29 40 22 52 53 57 37
23 11 45 18 23 4 42
20 8 19 50 30 62 48
12 38 14 43 58 58 48
67 42 14 16 70 15 28
75 46 57 72 2 58 44
68 22 67 58 51 64 29
68 22 67 51 9 77 16
71 26 39 7 72 63 51
62 29 20 20 8 19 21
24 61 72 1 34 47 36
49 22 24 45 66 46 49
28 27 10 50 30 62 52
68 22 67 54 37 38 32
62 29 20 49 22 24 8
77 28 54 39 7 71 27
36 0 27 26 28 63 45
60 19 19 31 41 21 22
24 61 72 66 43 51 27
32 19 24 13 25 36 13
58 51 64 69 41 35 30
65 42 44 72 2 58 42
32 19 24 36 0 27 19
35 58 69 16 70 15 55
48 74 6 77 28 54 66
67 42 14 13 25 36 27
2 33 39 48 74 6 52
76 65 50 3 61 61 11
6 50 58 74 31 7 54
16 70 15 18 23 4 48
48 74 6 65 42 44 49
37 60 34 50 30 62 41
66 43 51 64 19 46 24
34 11 18 67 42 14 31
40 41 33 69 41 35 2
52 53 57 71 26 39 32
44 43 62 56 72 38 37
17 57 14 38 28 6 30
14 2 33 70 14 64 33
57 60 69 45 66 46 23
14 2 33 7 72 63 76
5 70 4 21 55 51 49
16 70 15 29 40 22 30
30 10 2 20 8 19 17
9 68 5 70 14 64 79
44 43 62 5 70 4 63
19 13 8 0 52 47 55
71 26 39 46 74 67 55
51 9 77 6 50 58 45
59 49 34 36 0 27 49
34 11 18 77 28 54 39
21 55 51 41 36 3 51
50 30 62 6 50 58 20
30 10 2 56 72 38 71
28 27 10 63 70 22 44
42 42 35 44 43 62 27
55 41 26 44 43 62 36
23 11 45 72 2 58 15
77 28 54 11 22 68 15
76 65 50 59 49 34 22
19 13 8 22 41 41 43
25 59 33 56 72 38 13
2 33 39 43 58 58 31
30 10 2 6 50 58 68
72 2 58 44 43 62 41
41 36 3 49 22 24 25
0 52 47 17 57 14 33
73 33 65 31 41 21 44
52 53 57 59 49 34 23
20 8 19 0 52 47 52
16 70 15 38 28 6 42
10 43 75 34 11 18 65
43 58 58 11 22 68 37
34 11 18 19 13 8 10
71 26 39 30 10 2 40
53 76 14 55 41 26 37
61 10 8 68 22 67 60
65 42 44 25 59 33 20
47 24 55 67 42 14 44
44 43 62 2 33 39 25
77 28 54 26 28 63 9
46 74 67 27 1 67 73
76 65 50 65 42 44 23
45 66 46 22 41 41 25
42 42 35 16 70 15 34
8 51 49 55 41 26 25
18 23 4 11 22 68 64
47 24 55 5 70 4 68
22 41 41 44 43 62 21
41 36 3 8 51 49 48
77 28 54 75 46 57 18
23 11 45 52 53 57 43
23 11 45 65 42 44 31
29 40 22 73 33 65 43
75 46 57 16 70 15 48
77 28 54 70 14 64 17
19 13 8 10 43 75 73
28 27 10 19 13 8 14
76 65 50 44 43 62 25
65 42 44 30 10 2 52
11 22 68 49 22 24 44
74 31 7 20 8 19 25
40 41 33 60 19 19 26
54 37 38 6 50 58 23
66 43 51 51 9 77 42
63 70 22 8 51 49 33
31 41 21 69 41 35 14
39 7 71 15 62 40 63
34 11 18 38 28 6 20
9 68 5 44 43 62 62
41 36 3 60 19 19 23
21 55 51 72 2 58 53
22 41 41 40 41 33 8
1 34 47 31 41 21 26
61 10 8 16 70 15 60
14 2 33 32 19 24 19
72 2 58 45 66 46 65
49 22 24 27 1 67 47
64 19 46 60 19 19 27
20 8 19 51 9 77 58
10 43 75 65 42 44 31
40 41 33 70 14 64 41
27 1 67 35 58 69 57
21 55 51 18 23 4 56
16 70 15 57 60 69 54
20 8 19 38 28 6 23
14 2 33 30 10 2 32
44 43 62 28 27 10 54
72 2 58 71 26 39 30
51 9 77 7 72 63 64
26 28 63 28 27 10 53
16 70 15 8 51 49 38
71 26 39 48 74 6 58
54 37 38 59 49 34 12
1 34 47 53 76 14 53
51 9 77 59 49 34 58
46 74 67 41 36 3 74
21 55 51 63 70 22 32
7 72 63 32 19 24 65
55 41 26 21 55 51 28
10 43 75 18 23 4 73
49 22 24 12 38 14 18
5 70 4 17 57 14 16
56 72 38 18 23 4 59
75 46 57 21 55 51 10
58 51 64 43 58 58 9
66 43 51 71 26 39 20
17 57 14 69 41 35 26
14 2 33 64 19 46 21
53 76 14 58 51 64 55
2 33 39 11 22 68 31
34 11 18 69 41 35 34
75 46 57 63 70 22 42
56 72 38 9 68 5 33
21 55 51 15 62 40 13
55 41 26 48 74 6 38
47 24 55 44 43 62 20
29 40 22 28 27 10 17
31 41 21 19 13 8 30
38 28 6 51 9 77 73
70 14 64 69 41 35 39
40 41 33 42 42 35 2
59 49 34 26 28 63 35
38 28 6 25 59 33 41
36 0 27 56 72 38 72
77 28 54 49 22 24 30
50 30 62 4 66 36 44
26 28 63 21 55 51 29
43 58 58 75 46 57 12
16 70 15 73 33 65 62
75 46 57 18 23 4 57
55 41 26 12 38 14 12
71 26 39 49 22 24 15
31 41 21 13 25 36 21
27 1 67 34 11 18 50
69 41 35 7 72 63 41
36 0 27 77 28 54 38
32 19 24 11 22 68 44
27 1 67 25 59 33 67
66 43 51 27 1 67 44
27 1 67 38 28 6 66
17 57 14 53 76 14 19
28 27 10 0 52 47 44
41 36 3 25 59 33 37
20 8 19 52 53 57 58
36 0 27 69 41 35 41
18 23 4 40 41 33 34
47 24 55 77 28 54 4
72 2 58 63 70 22 76
37 60 34 24 61 72 38
63 70 22 18 23 4 50
73 33 65 67 42 14 51
15 62 40 66 43 51 21
60 19 19 35 58 69 63
17 57 14 57 60 69 55
24 61 72 65 42 44 33
32 19 24 22 41 41 27
24 61 72 68 22 67 39
29 40 22 54 37 38 16
47 24 55 15 62 40 40
9 68 5 32 19 24 52
68 22 67 28 27 10 57
15 62 40 19 13 8 58
61 10 8 28 27 10 17
53 76 14 26 28 63 68
36 0 27 75 46 57 54
44 43 62 23 11 45 36
10 43 75 57 60 69 18
20 8 19 40 41 33 35
73 33 65 5 70 4 71
72 2 58 16 70 15 80
75 46 57 37 60 34 26
3 61 61 16 70 15 46
16 70 15 48 74 6 9
30 10 2 7 72 63 86
35 58 69 37 60 34 35
47 24 55 36 0 27 36
64 19 46 31 41 21 33
33 14 75 16 70 15 82
9 68 5 36 0 27 71
50 30 62 27 1 67 29
2 33 39 27 1 67 42
59 49 34 33 14 75 53
22 41 41 59 49 34 10
31 41 21 44 43 62 41
49 22 24 50 30 62 38
76 65 50 48 74 6 44
27 1 67 62 29 20 54
66 43 51 42 42 35 16
3 61 61 46 74 67 14
75 46 57 52 53 57 7
48 74 6 34 11 18 64
3 61 61 74 31 7 61
42 42 35 61 10 8 41
51 9 77 77 28 54 29
74 31 7 30 10 2 21
46 74 67 8 51 49 29
22 41 41 57 60 69 33
74 31 7 64 19 46 40
29 40 22 56 72 38 35
48 74 6 43 58 58 54
42 42 35 39 7 71 50
7 72 63 26 28 63 44
5 70 4 6 50 58 57
3 61 61 0 52 47 16
27 1 67 54 37 38 46
6 50 58 36 0 27 58
76 65 50 10 43 75 33
52 53 57 6 50 58 3
11 22 68 20 8 19 50
66 43 51 55 41 26 25
76 65 50 12 38 14 45
44 43 62 4 66 36 34
45 66 46 76 65 50 4
67 42 14 43 58 58 46
45 66 46 24 61 72 26
72 2 58 28 27 10 54
42 42 35 27 1 67 52
46 74 67 58 51 64 23
54 37 38 23 11 45 26
31 41 21 3 61 61 44
14 2 33 9 68 5 71
66 43 51 0 52 47 9
58 51 64 22 41 41 25
10 43 75 30 10 2 80
74 31 7 51 9 77 73
14 2 33 27 1 67 34
44 43 62 14 2 33 50
1 34 47 60 19 19 31
15 62 40 51 9 77 64
7 72 63 63 70 22 41
48 74 6 58 51 64 62
48 74 6 40 41 33 42
13 25 36 34 11 18 22
3 61 61 63 70 22 40
60 19 19 4 66 36 49
44 43 62 27 1 67 42
20 8 19 32 19 24 12
19 13 8 70 14 64 56
1 34 47 45 66 46 32
68 22 67 4 66 36 53
45 66 46 8 51 49 15
65 42 44 49 22 24 28
62 29 20 23 11 45 30
69 41 35 20 8 19 36
34 11 18 65 42 44 40
50 30 62 15 62 40 38
31 41 21 21 55 51 33
9 68 5 39 7 71 89
46 74 67 1 34 47 44
63 70 22 16 70 15 7
30 10 2 76 65 50 73
27 1 67 41 36 3 72
31 41 21 45 66 46 35
37 60 34 17 57 14 20
67 42 14 15 62 40 32
33 14 75 54 37 38 43
75 46 57 31 41 21 36
64 19 46 33 14 75 29
19 13 8 37 60 34 53
18 23 4 30 10 2 13
41 36 3 39 7 71 73
35 58 69 63 70 22 48
28 27 10 21 55 51 49
15 62 40 28 27 10 46
26 28 63 30 10 2 63
65 42 44 71 26 39 16
42 42 35 54 37 38 5
1 34 47 42 42 35 14
76 65 50 34 11 18 62
12 38 14 44 43 62 48
54 37 38 35 58 69 37
6 50 58 40 41 33 26
11 22 68 23 11 45 25
67 42 14 39 7 71 66
13 25 36 60 19 19 18
14 2 33 31 41 21 40
25 59 33 31 41 21 21
74 31 7 49 22 24 19
69 41 35 43 58 58 28
23 11 45 73 33 65 29
67 42 14 66 43 51 37
56 72 38 3 61 61 25
39 7 71 49 22 24 49
2 33 39 66 43 51 15
14 2 33 57 60 69 68
5 70 4 43 58 58 55
41 36 3 69 41 35 32
39 7 71 22 41 41 45
52 53 57 63 70 22 38
7 72 63 40 41 33 43
43 58 58 18 23 4 64
17 57 14 18 23 4 35
51 9 77 73 33 65 26
61 10 8 29 40 22 33
54 37 38 60 19 19 26
68 22 67 9 68 5 77
8 51 49 20 8 19 52
56 72 38 33 14 75 68
13 25 36 58 51 64 38
40 41 33 35 58 69 39
5 70 4 29 40 22 34
51 9 77 1 34 47 39
39 7 71 76 65 50 61
9 68 5 74 31 7 37
13 25 36 44 43 62 31
12 38 14 13 25 36 25
17 57 14 41 36 3 23
57 60 69 21 55 51 18
6 50 58 0 52 47 11
51 9 77 4 66 36 70
5 70 4 25 59 33 31
23 11 45 55 41 26 35
53 76 14 44 43 62 58
71 26 39 38 28 6 33
7 72 63 28 27 10 69
1 34 47 52 53 57 21
75 46 57 14 2 33 50
13 25 36 77 28 54 18
59 49 34 2 33 39 16
2 33 39 26 28 63 24
8 51 49 72 2 58 49
34 11 18 54 37 38 32
2 33 39 55 41 26 15
31 41 21 46 74 67 56
8 51 49 60 19 19 43
48 74 6 72 2 58 88
22 41 41 56 72 38 31
49 22 24 73 33 65 42
23 11 45 77 28 54 19
74 31 7 12 38 14 9
63 70 22 56 72 38 16
25 59 33 77 28 54 37
71 26 39 12 38 14 27
33 14 75 22 41 41 43
0 52 47 38 28 6 47
43 58 58 68 22 67 37
69 41 35 6 50 58 24
3 61 61 6 50 58 11
19 13 8 44 43 62 61
46 74 67 47 24 55 51
32 19 24 37 60 34 42
70 14 64 17 57 14 65
19 13 8 51 9 77 69
50 30 62 71 26 39 23
7 72 63 39 7 71 65
58 51 64 7 72 63 21
67 42 14 14 2 33 44
47 24 55 33 14 75 22
53 76 14 45 66 46 33
74 31 7 4 66 36 45
4 66 36 10 43 75 45
72 2 58 5 70 4 86
73 33 65 11 22 68 11
35 58 69 61 10 8 77
7 72 63 33 14 75 59
35 58 69 64 19 46 45
66 43 51 40 41 33 18
19 13 8 63 70 22 58
66 43 51 75 46 57 6
41 36 3 9 68 5 32
24 61 72 15 62 40 32
29 40 22 7 72 63 52
65 42 44 43 58 58 21
2 33 39 16 70 15 44
2 33 39 71 26 39 7
66 43 51 65 42 44 7
5 70 4 11 22 68 80
21 55 51 45 66 46 12
48 74 6 19 13 8 61
6 50 58 38 28 6 56
57 60 69 0 52 47 23
4 66 36 33 14 75 65
6 50 58 49 22 24 44
40 41 33 29 40 22 11
2 33 39 31 41 21 19
50 30 62 45 66 46 39
4 66 36 67 42 14 32
8 51 49 76 65 50 14
0 52 47 24 61 72 26
37 60 34 53 76 14 25
31 41 21 8 51 49 29
45 66 46 59 49 34 20
34 11 18 26 28 63 48
73 33 65 47 24 55 13
33 14 75 26 28 63 18
49 22 24 29 40 22 18
49 22 24 72 2 58 39
52 53 57 46 74 67 23
39 7 71 71 26 39 37
11 22 68 60 19 19 49
75 46 57 53 76 14 52
69 41 35 27 1 67 51
68 22 67 49 22 24 43
58 51 64 2 33 39 30
30 10 2 60 19 19 19
24 61 72 28 27 10 70
63 70 22 74 31 7 41
38 28 6 66 43 51 47
58 51 64 73 33 65 18
1 34 47 8 51 49 17
6 50 58 59 49 34 24
24 61 72 20 8 19 74
7 72 63 35 58 69 15
25 59 33 73 33 65 41
30 10 2 54 37 38 45
56 72 38 1 34 47 39
7 72 63 74 31 7 69
3 61 61 10 43 75 22
38 28 6 77 28 54 48
68 22 67 44 43 62 21
35 58 69 72 2 58 57
9 68 5 35 58 69 64
3 61 61 22 41 41 28
12 38 14 27 1 67 64
18 23 4 8 51 49 53
73 33 65 57 60 69 27
75 46 57 1 34 47 15
39 7 71 8 51 49 49
41 36 3 28 27 10 11
60 19 19 14 2 33 22
33 14 75 18 23 4 71
2 33 39 25 59 33 26
23 11 45 75 46 57 37
24 61 72 63 70 22 50
63 70 22 34 11 18 59
34 11 18 68 22 67 50
1 34 47 70 14 64 26
57 60 69 70 14 64 46
21 55 51 64 19 46 36
0 52 47 5 70 4 46
18 23 4 59 49 34 39
71 26 39 42 42 35 16
53 76 14 70 14 64 79
67 42 14 65 42 44 30
51 9 77 64 19 46 32
50 30 62 17 57 14 55
71 26 39 45 66 46 40
57 60 69 7 72 63 13
35 58 69 28 27 10 66
69 41 35 49 22 24 21
77 28 54 59 49 34 29
37 60 34 65 42 44 20
33 14 75 2 33 39 40
10 43 75 37 60 34 44
2 33 39 12 38 14 25
50 30 62 23 11 45 25
1 34 47 29 40 22 25
21 55 51 74 31 7 50
41 36 3 35 58 69 69
22 41 41 14 2 33 39
20 8 19 17 57 14 49
62 29 20 67 42 14 14
58 51 64 74 31 7 60
18 23 4 2 33 39 36
51 9 77 42 42 35 53
22 41 41 60 19 19 31
11 22 68 40 41 33 39
45 66 46 5 70 4 42
2 33 39 17 57 14 34
59 49 34 29 40 22 15
1 34 47 12 38 14 33
9 68 5 71 26 39 54
75 46 57 76 65 50 20
15 62 40 27 1 67 66
32 19 24 15 62 40 45
15 62 40 56 72 38 10
9 68 5 21 55 51 47
12 38 14 77 28 54 41
55 41 26 35 58 69 46
43 58 58 57 60 69 11
30 10 2 12 38 14 30
43 58 58 10 43 75 22
36 0 27 31 41 21 41
28 27 10 39 7 71 64
29 40 22 36 0 27 40
35 58 69 26 28 63 30
72 2 58 30 10 2 56
15 62 40 3 61 61 21
36 0 27 66 43 51 49
33 14 75 24 61 72 47
54 37 38 3 61 61 33
6 50 58 31 41 21 38
59 49 34 10 43 75 41
17 57 14 48 74 6 18
46 74 67 69 41 35 45
60 19 19 17 57 14 38
76 65 50 51 9 77 62
8 51 49 67 42 14 36
52 53 57 61 10 8 65
7 72 63 0 52 47 25
60 19 19 76 65 50 55
18 23 4 41 36 3 13
51 9 77 10 43 75 34
41 36 3 38 28 6 8
41 36 3 76 65 50 55
41 36 3 45 66 46 52
70 14 64 73 33 65 19
8 51 49 52 53 57 8
72 2 58 40 41 33 46
22 41 41 41 36 3 38
9 68 5 63 70 22 17
56 72 38 14 2 33 70
32 19 24 8 51 49 40
59 49 34 7 72 63 37
32 19 24 3 61 61 55
29 40 22 18 23 4 24
33 14 75 36 0 27 50
40 41 33 19 13 8 37
60 19 19 53 76 14 57
17 57 14 14 2 33 58
14 2 33 47 24 55 31
57 60 69 67 42 14 57
39 7 71 3 61 61 54
55 41 26 15 62 40 25
5 70 4 50 30 62 70
67 42 14 63 70 22 29
31 41 21 43 58 58 40
33 14 75 28 27 10 66
8 51 49 11 22 68 34
70 14 64 61 10 8 56
73 33 65 32 19 24 43
24 61 72 49 22 24 61
11 22 68 13 25 36 32
31 41 21 15 62 40 28
66 43 51 16 70 15 45
42 42 35 36 0 27 42
44 43 62 15 62 40 29
11 22 68 37 60 34 50
23 11 45 7 72 63 63
33 14 75 21 55 51 47
59 49 34 53 76 14 33
4 66 36 18 23 4 53
3 61 61 50 30 62 31
5 70 4 76 65 50 46
24 61 72 53 76 14 59
23 11 45 61 10 8 37
27 1 67 5 70 4 93
57 60 69 36 0 27 73
62 29 20 24 61 72 61
47 24 55 18 23 4 51
11 22 68 52 53 57 32
71 26 39 60 19 19 21
52 53 57 74 31 7 54
31 41 21 62 29 20 12
67 42 14 33 14 75 67
32 19 24 1 34 47 27
45 66 46 25 59 33 14
61 10 8 7 72 63 82
25 59 33 52 53 57 24
66 43 51 56 72 38 31
20 8 19 21 55 51 56
25 59 33 14 2 33 57
32 19 24 12 38 14 21
32 19 24 58 51 64 51
21 55 51 39 7 71 52
47 24 55 28 27 10 45
28 27 10 67 42 14 15
3 61 61 62 29 20 52
12 38 14 59 49 34 22
66 43 51 60 19 19 40
0 52 47 65 42 44 10
16 70 15 71 26 39 50
40 41 33 62 29 20 17
18 23 4 37 60 34 47
31 41 21 26 28 63 43
40 41 33 24 61 72 43
43 58 58 0 52 47 12
48 74 6 11 22 68 80
47 24 55 68 22 67 12
28 27 10 56 72 38 53
46 74 67 74 31 7 73
72 2 58 24 61 72 60
31 41 21 33 14 75 60
2 33 39 6 50 58 25
72 2 58 4 66 36 67
69 41 35 35 58 69 38
55 41 26 60 19 19 23
68 22 67 75 46 57 26
8 51 49 42 42 35 16
16 70 15 20 8 19 62
54 37 38 64 19 46 19
36 0 27 27 1 67 40
32 19 24 5 70 4 54
74 31 7 48 74 6 43
18 23 4 74 31 7 8
73 33 65 46 74 67 41
60 19 19 44 43 62 49
22 41 41 64 19 46 22
41 36 3 56 72 38 50
75 46 57 24 61 72 21
27 1 67 57 60 69 59
3 61 61 2 33 39 35
2 33 39 57 60 69 40