57 1596
44 46 27 2 13 15 35
5 50 51 23 39 9 43
53 46 7 30 27 43 40
55 28 54 42 47 7 50
23 39 9 16 20 38 34
12 0 1 47 10 21 22
30 27 43 8 5 23 29
39 37 38 43 0 31 37
0 38 50 19 20 27 29
45 13 49 9 48 1 59
2 13 15 32 22 46 32
37 56 26 45 13 49 48
45 13 49 2 13 15 34
55 28 54 35 52 14 46
6 16 16 3 29 2 19
16 20 38 41 56 3 50
27 56 24 23 39 9 22
41 56 3 54 11 15 46
49 53 20 11 39 4 21
51 49 53 4 30 5 51
7 2 53 8 5 23 30
17 46 12 54 11 15 35
2 13 15 41 56 3 44
53 46 7 11 39 4 7
23 39 9 42 47 7 8
25 36 10 43 0 31 41
2 13 15 55 28 54 41
31 49 48 36 1 17 57
32 22 46 51 49 53 27
25 36 10 48 35 24 14
29 30 3 26 23 38 35
20 17 37 27 56 24 41
43 0 31 34 42 10 46
44 46 27 24 3 43 45
43 0 31 20 17 37 18
20 17 37 37 56 26 40
47 10 21 49 53 20 43
15 17 25 38 26 41 18
21 16 37 11 39 4 40
4 30 5 46 13 19 22
17 46 12 26 23 38 34
34 42 10 42 47 7 5
29 30 3 44 46 27 28
49 53 20 36 1 17 52
54 11 15 5 50 51 53
55 28 54 18 15 24 32
43 0 31 29 30 3 41
10 24 10 56 41 8 17
48 35 24 29 30 3 21
51 49 53 29 30 3 53
48 35 24 8 5 23 30
55 28 54 27 56 24 41
34 42 10 4 30 5 13
33 2 49 21 16 37 18
47 10 21 13 4 11 11
17 46 12 8 5 23 42
20 17 37 48 35 24 22
11 39 4 45 13 49 51
37 56 26 8 5 23 51
13 4 11 56 41 8 37
25 36 10 21 16 37 33
53 46 7 3 29 2 17
29 30 3 22 43 41 40
40 28 7 24 3 43 43
51 49 53 23 39 9 45
27 56 24 8 5 23 51
17 46 12 56 41 8 6
5 50 51 26 23 38 29
56 41 8 4 30 5 11
56 41 8 8 5 23 39
29 30 3 23 39 9 10
27 56 24 7 2 53 61
7 2 53 21 16 37 21
51 49 53 12 0 1 71
55 28 54 5 50 51 22
6 16 16 25 36 10 20
28 19 45 39 37 38 19
19 20 27 28 19 45 18
4 30 5 30 27 43 38
12 0 1 31 49 48 67
25 36 10 30 27 43 34
29 30 3 27 56 24 33
39 37 38 6 16 16 30
54 11 15 26 23 38 25
30 27 43 28 19 45 8
40 28 7 55 28 54 47
11 39 4 4 30 5 9
9 48 1 49 53 20 19
16 20 38 55 28 54 17
39 37 38 56 41 8 30
3 29 2 17 46 12 19
17 46 12 7 2 53 60
9 48 1 18 15 24 40
41 56 3 20 17 37 51
48 35 24 35 52 14 19
24 3 43 25 36 10 46
55 28 54 49 53 20 42
24 3 43 2 13 15 29
36 1 17 7 2 53 36
12 0 1 27 56 24 60
43 0 31 47 10 21 14
34 42 10 40 28 7 14
15 17 25 42 47 7 34
40 28 7 7 2 53 52
54 11 15 4 30 5 21
46 13 19 16 20 38 20
45 13 49 13 4 11 39
36 1 17 37 56 26 55
35 52 14 39 37 38 28
0 38 50 15 17 25 32
8 5 23 53 46 7 44
13 4 11 15 17 25 19
33 2 49 40 28 7 49
45 13 49 26 23 38 14
56 41 8 14 55 42 36
1 1 55 7 2 53 2
16 20 38 35 52 14 40
54 11 15 6 16 16 5
32 22 46 40 28 7 39
34 42 10 46 13 19 30
35 52 14 36 1 17 51
41 56 3 56 41 8 15
15 17 25 24 3 43 22
42 47 7 27 56 24 19
49 53 20 29 30 3 28
41 56 3 32 22 46 54
18 15 24 3 29 2 26
2 13 15 13 4 11 9
16 20 38 18 15 24 14
50 52 7 2 13 15 39
1 1 55 53 46 7 65
48 35 24 53 46 7 20
3 29 2 27 56 24 34
48 35 24 41 56 3 29
33 2 49 27 56 24 59
31 49 48 11 39 4 45
25 36 10 11 39 4 6
18 15 24 14 55 42 43
50 52 7 17 46 12 7
56 41 8 24 3 43 51
19 20 27 32 22 46 19
40 28 7 35 52 14 25
17 46 12 40 28 7 18
21 16 37 42 47 7 43
46 13 19 35 52 14 39
41 56 3 13 4 11 52
14 55 42 43 0 31 56
1 1 55 34 42 10 60
41 56 3 7 2 53 73
45 13 49 56 41 8 49
48 35 24 21 16 37 23
44 46 27 55 28 54 32
32 22 46 4 30 5 41
44 46 27 38 26 41 24
16 20 38 40 28 7 32
43 0 31 8 5 23 9
18 15 24 26 23 38 16
43 0 31 46 13 19 17
16 20 38 42 47 7 41
14 55 42 2 13 15 49
43 0 31 28 19 45 23
9 48 1 15 17 25 39
36 1 17 23 39 9 38
23 39 9 41 56 3 18
51 49 53 25 36 10 44
51 49 53 28 19 45 31
0 38 50 23 39 9 41
0 38 50 33 2 49 36
54 11 15 45 13 49 34
25 36 10 35 52 14 16
47 10 21 56 41 8 33
20 17 37 34 42 10 36
56 41 8 20 17 37 37
56 41 8 34 42 10 2
14 55 42 37 56 26 16
51 49 53 8 5 23 53
33 2 49 32 22 46 20
34 42 10 30 27 43 36
21 16 37 35 52 14 42
6 16 16 35 52 14 36
3 29 2 50 52 7 23
45 13 49 14 55 42 42
3 29 2 13 4 11 26
46 13 19 55 28 54 38
7 2 53 30 27 43 26
14 55 42 17 46 12 31
30 27 43 27 56 24 34
32 22 46 55 28 54 10
4 30 5 14 55 42 44
26 23 38 42 47 7 39
55 28 54 22 43 41 19
43 0 31 41 56 3 62
42 47 7 7 2 53 64
30 27 43 1 1 55 28
28 19 45 22 43 41 24
46 13 19 41 56 3 45
27 56 24 39 37 38 23
35 52 14 7 2 53 63
3 29 2 24 3 43 48
27 56 24 38 26 41 34
22 43 41 33 2 49 41
33 2 49 23 39 9 54
53 46 7 13 4 11 42
2 13 15 4 30 5 19
33 2 49 11 39 4 58
12 0 1 8 5 23 22
11 39 4 7 2 53 61
5 50 51 46 13 19 48
31 49 48 16 20 38 30
13 4 11 34 42 10 38
32 22 46 11 39 4 45
18 15 24 39 37 38 26
41 56 3 9 48 1 8
0 38 50 38 26 41 15
16 20 38 22 43 41 23
16 20 38 47 10 21 19
23 39 9 32 22 46 40
34 42 10 8 5 23 39
14 55 42 29 30 3 46
42 47 7 25 36 10 11
51 49 53 55 28 54 21
3 29 2 42 47 7 18
10 24 10 31 49 48 45
1 1 55 2 13 15 41
32 22 46 18 15 24 23
6 16 16 13 4 11 13
50 52 7 55 28 54 52
12 0 1 33 2 49 48
16 20 38 26 23 38 3
25 36 10 20 17 37 33
28 19 45 46 13 19 26
52 8 10 7 2 53 43
35 52 14 38 26 41 37
53 46 7 26 23 38 38
25 36 10 34 42 10 6
35 52 14 28 19 45 45
53 46 7 18 15 24 35
52 8 10 25 36 10 28
10 24 10 45 13 49 40
5 50 51 17 46 12 39
52 8 10 49 53 20 46
29 30 3 47 10 21 26
22 43 41 17 46 12 29
33 2 49 28 19 45 17
27 56 24 4 30 5 32
49 53 20 15 17 25 36
51 49 53 15 17 25 42
31 49 48 18 15 24 41
5 50 51 43 0 31 53
38 26 41 36 1 17 34
15 17 25 16 20 38 13
16 20 38 9 48 1 46
42 47 7 54 11 15 36
20 17 37 53 46 7 41
30 27 43 0 38 50 13
32 22 46 46 13 19 28
5 50 51 39 37 38 18
54 11 15 51 49 53 53
55 28 54 3 29 2 52
1 1 55 42 47 7 66
37 56 26 56 41 8 23
34 42 10 47 10 21 33
55 28 54 38 26 41 13
15 17 25 50 52 7 39
42 47 7 10 24 10 23
55 28 54 15 17 25 31
0 38 50 27 56 24 31
31 49 48 53 46 7 41
16 20 38 54 11 15 24
33 2 49 53 46 7 60
41 56 3 33 2 49 70
51 49 53 24 3 43 47
12 0 1 55 28 54 59
1 1 55 37 56 26 62
10 24 10 46 13 19 14
20 17 37 13 4 11 29
48 35 24 56 41 8 17
53 46 7 15 17 25 34
20 17 37 6 16 16 21
53 46 7 43 0 31 51
51 49 53 16 20 38 32
17 46 12 46 13 19 33
28 19 45 56 41 8 43
35 52 14 18 15 24 38
28 19 45 27 56 24 42
19 20 27 23 39 9 26
45 13 49 16 20 38 13
6 16 16 43 0 31 21
32 22 46 3 29 2 44
21 16 37 9 48 1 48
52 8 10 34 42 10 34
40 28 7 10 24 10 5
41 56 3 26 23 38 48
5 50 51 44 46 27 24
53 46 7 29 30 3 16
3 29 2 0 38 50 48
4 30 5 47 10 21 25
9 48 1 6 16 16 35
9 48 1 25 36 10 15
20 17 37 51 49 53 35
18 15 24 27 56 24 41
38 26 41 47 10 21 25
27 56 24 53 46 7 19
51 49 53 5 50 51 2
36 1 17 4 30 5 31
28 19 45 45 13 49 7
24 3 43 54 11 15 29
30 27 43 17 46 12 36
19 20 27 25 36 10 23
32 22 46 45 13 49 9
31 49 48 46 13 19 46
38 26 41 51 49 53 25
1 1 55 4 30 5 57
21 16 37 22 43 41 27
32 22 46 15 17 25 21
50 52 7 33 2 49 65
52 8 10 46 13 19 10
18 15 24 15 17 25 2
6 16 16 31 49 48 45
17 46 12 34 42 10 4
10 24 10 36 1 17 24
38 26 41 32 22 46 6
22 43 41 47 10 21 38
8 5 23 42 47 7 44
8 5 23 29 30 3 32
26 23 38 3 29 2 36
7 2 53 44 46 27 51
41 56 3 12 0 1 56
31 49 48 30 27 43 22
30 27 43 32 22 46 5
49 53 20 13 4 11 49
11 39 4 42 47 7 8
30 27 43 10 24 10 33
32 22 46 48 35 24 25
4 30 5 0 38 50 45
27 56 24 52 8 10 50
38 26 41 48 35 24 19
22 43 41 39 37 38 6
37 56 26 30 27 43 33
31 49 48 0 38 50 11
3 29 2 49 53 20 30
48 35 24 34 42 10 15
7 2 53 54 11 15 39
32 22 46 56 41 8 42
39 37 38 14 55 42 18
43 0 31 19 20 27 20
19 20 27 6 16 16 11
0 38 50 20 17 37 24
39 37 38 24 3 43 34
14 55 42 7 2 53 54
6 16 16 22 43 41 36
50 52 7 45 13 49 57
16 20 38 0 38 50 21
20 17 37 49 53 20 39
51 49 53 9 48 1 52
40 28 7 22 43 41 37
18 15 24 45 13 49 25
21 16 37 24 3 43 14
50 52 7 20 17 37 46
46 13 19 29 30 3 23
19 20 27 54 11 15 15
53 46 7 21 16 37 42
19 20 27 22 43 41 26
50 52 7 54 11 15 41
54 11 15 36 1 17 10
12 0 1 45 13 49 49
8 5 23 13 4 11 12
15 17 25 23 39 9 27
45 13 49 34 42 10 48
3 29 2 39 37 38 36
27 56 24 26 23 38 35
41 56 3 14 55 42 39
39 37 38 49 53 20 24
7 2 53 37 56 26 60
7 2 53 53 46 7 63
53 46 7 12 0 1 46
3 29 2 33 2 49 54
10 24 10 12 0 1 25
18 15 24 41 56 3 46
31 49 48 52 8 10 55
31 49 48 8 5 23 50
8 5 23 5 50 51 53
11 39 4 46 13 19 30
29 30 3 1 1 55 59
25 36 10 33 2 49 51
14 55 42 51 49 53 12
17 46 12 10 24 10 22
4 30 5 19 20 27 24
7 2 53 56 41 8 59
27 56 24 44 46 27 10
25 36 10 15 17 25 24
23 39 9 26 23 38 33
42 47 7 14 55 42 35
26 23 38 12 0 1 43
29 30 3 35 52 14 24
14 55 42 33 2 49 53
27 56 24 32 22 46 40
47 10 21 7 2 53 32
14 55 42 16 20 38 35
45 13 49 42 47 7 54
11 39 4 10 24 10 16
56 41 8 42 47 7 6
7 2 53 29 30 3 57
20 17 37 44 46 27 30
0 38 50 48 35 24 26
2 13 15 10 24 10 12
14 55 42 13 4 11 59
39 37 38 46 13 19 30
25 36 10 45 13 49 45
2 13 15 35 52 14 39
8 5 23 47 10 21 5
33 2 49 37 56 26 58
22 43 41 37 56 26 19
50 52 7 23 39 9 13
24 3 43 14 55 42 52
34 42 10 2 13 15 29
45 13 49 23 39 9 47
6 16 16 53 46 7 31
48 35 24 30 27 43 20
43 0 31 35 52 14 54
30 27 43 36 1 17 36
40 28 7 43 0 31 36
29 30 3 25 36 10 9
34 42 10 9 48 1 10
56 41 8 15 17 25 29
11 39 4 17 46 12 10
17 46 12 45 13 49 49
18 15 24 22 43 41 32
38 26 41 5 50 51 26
44 46 27 41 56 3 26
31 49 48 54 11 15 50
28 19 45 14 55 42 36
18 15 24 5 50 51 44
22 43 41 48 35 24 18
30 27 43 12 0 1 49
41 56 3 22 43 41 40
37 56 26 32 22 46 39
37 56 26 54 11 15 46
54 11 15 22 43 41 41
47 10 21 14 55 42 49
44 46 27 54 11 15 37
12 0 1 28 19 45 47
10 24 10 43 0 31 31
23 39 9 40 28 7 11
7 2 53 31 49 48 47
10 24 10 54 11 15 13
7 2 53 4 30 5 55
9 48 1 48 35 24 26
43 0 31 45 13 49 22
44 46 27 32 22 46 30
11 39 4 50 52 7 13
28 19 45 21 16 37 8
19 20 27 30 27 43 17
30 27 43 42 47 7 41
41 56 3 6 16 16 42
30 27 43 5 50 51 24
34 42 10 3 29 2 15
52 8 10 44 46 27 41
0 38 50 36 1 17 49
41 56 3 25 36 10 21
50 52 7 37 56 26 19
19 20 27 29 30 3 26
32 22 46 6 16 16 30
34 42 10 28 19 45 41
23 39 9 10 24 10 15
51 49 53 0 38 50 11
20 17 37 47 10 21 17
15 17 25 20 17 37 12
46 13 19 37 56 26 43
36 1 17 53 46 7 46
35 52 14 33 2 49 61
46 13 19 22 43 41 37
15 17 25 11 39 4 30
23 39 9 38 26 41 34
6 16 16 28 19 45 29
9 48 1 20 17 37 47
9 48 1 0 38 50 50
45 13 49 3 29 2 49
9 48 1 35 52 14 13
24 3 43 19 20 27 23
34 42 10 29 30 3 13
0 38 50 47 10 21 40
39 37 38 17 46 12 27
18 15 24 38 26 41 20
27 56 24 13 4 11 53
47 10 21 2 13 15 6
22 43 41 56 41 8 33
5 50 51 56 41 8 43
33 2 49 36 1 17 32
5 50 51 0 38 50 12
46 13 19 21 16 37 18
51 49 53 18 15 24 44
48 35 24 52 8 10 30
13 4 11 30 27 43 39
41 56 3 39 37 38 39
45 13 49 52 8 10 39
41 56 3 42 47 7 9
38 26 41 54 11 15 30
5 50 51 41 56 3 48
23 39 9 1 1 55 59
7 2 53 22 43 41 42
48 35 24 55 28 54 30
8 5 23 28 19 45 26
44 46 27 53 46 7 20
3 29 2 52 8 10 22
30 27 43 20 17 37 11
39 37 38 4 30 5 33
41 56 3 1 1 55 75
11 39 4 1 1 55 63
33 2 49 48 35 24 41
11 39 4 41 56 3 17
48 35 24 28 19 45 26
15 17 25 27 56 24 39
20 17 37 54 11 15 22
28 19 45 17 46 12 42
27 56 24 45 13 49 49
17 46 12 29 30 3 18
37 56 26 48 35 24 21
32 22 46 24 3 43 19
30 27 43 14 55 42 28
29 30 3 2 13 15 20
47 10 21 40 28 7 22
22 43 41 27 56 24 21
21 16 37 54 11 15 22
20 17 37 40 28 7 31
3 29 2 9 48 1 19
8 5 23 55 28 54 38
0 38 50 28 19 45 19
23 39 9 46 13 19 27
52 8 10 10 24 10 16
23 39 9 54 11 15 28
24 3 43 20 17 37 15
25 36 10 3 29 2 10
37 56 26 4 30 5 33
23 39 9 7 2 53 57
37 56 26 31 49 48 23
48 35 24 13 4 11 33
55 28 54 26 23 38 16
11 39 4 30 27 43 40
49 53 20 51 49 53 33
20 17 37 17 46 12 38
2 13 15 21 16 37 22
39 37 38 7 2 53 38
49 53 20 14 55 42 22
26 23 38 22 43 41 20
53 46 7 49 53 20 14
19 20 27 3 29 2 26
21 16 37 38 26 41 10
50 52 7 27 56 24 17
30 27 43 50 52 7 43
47 10 21 42 47 7 39
44 46 27 23 39 9 19
2 13 15 3 29 2 20
4 30 5 15 17 25 23
9 48 1 32 22 46 51
50 52 7 43 0 31 57
18 15 24 4 30 5 24
20 17 37 4 30 5 34
50 52 7 8 5 23 49
2 13 15 17 46 12 33
36 1 17 26 23 38 30
4 30 5 22 43 41 38
47 10 21 41 56 3 49
2 13 15 25 36 10 23
56 41 8 51 49 53 45
44 46 27 11 39 4 24
46 13 19 53 46 7 35
26 23 38 7 2 53 25
10 24 10 13 4 11 20
6 16 16 11 39 4 25
32 22 46 28 19 45 3
42 47 7 50 52 7 5
56 41 8 52 8 10 33
28 19 45 2 13 15 30
1 1 55 33 2 49 6
53 46 7 4 30 5 16
50 52 7 40 28 7 24
4 30 5 35 52 14 23
18 15 24 8 5 23 10
1 1 55 48 35 24 46
15 17 25 54 11 15 11
35 52 14 0 38 50 38
21 16 37 10 24 10 28
22 43 41 32 22 46 21
30 27 43 39 37 38 11
14 55 42 50 52 7 35
50 52 7 7 2 53 67
49 53 20 7 2 53 60
23 39 9 53 46 7 7
51 49 53 50 52 7 46
24 3 43 23 39 9 49
16 20 38 25 36 10 32
39 37 38 55 28 54 18
30 27 43 33 2 49 25
0 38 50 11 39 4 46
43 0 31 49 53 20 54
54 11 15 32 22 46 32
13 4 11 5 50 51 60
28 19 45 52 8 10 36
35 52 14 49 53 20 6
3 29 2 36 1 17 31
24 3 43 46 13 19 26
36 1 17 16 20 38 28
26 23 38 10 24 10 28
30 27 43 22 43 41 16
37 56 26 18 15 24 41
44 46 27 0 38 50 24
48 35 24 14 55 42 26
24 3 43 45 13 49 11
7 2 53 43 0 31 22
31 49 48 51 49 53 5
9 48 1 17 46 12 11
3 29 2 31 49 48 50
35 52 14 54 11 15 41
19 20 27 36 1 17 21
27 56 24 25 36 10 24
47 10 21 33 2 49 29
54 11 15 33 2 49 35
55 28 54 34 42 10 46
16 20 38 30 27 43 8
53 46 7 37 56 26 21
21 16 37 44 46 27 31
27 56 24 31 49 48 25
1 1 55 0 38 50 37
23 39 9 49 53 20 17
47 10 21 52 8 10 11
43 0 31 33 2 49 18
48 35 24 27 56 24 21
33 2 49 56 41 8 56
45 13 49 5 50 51 37
41 56 3 10 24 10 32
26 23 38 48 35 24 18
38 26 41 26 23 38 4
17 46 12 6 16 16 30
48 35 24 11 39 4 20
2 13 15 33 2 49 35
1 1 55 43 0 31 24
38 26 41 19 20 27 15
32 22 46 29 30 3 43
26 23 38 33 2 49 23
4 30 5 33 2 49 52
18 15 24 20 17 37 13
33 2 49 45 13 49 11
11 39 4 55 28 54 51
36 1 17 17 46 12 45
47 10 21 30 27 43 27
40 28 7 3 29 2 5
24 3 43 33 2 49 6
20 17 37 10 24 10 27
9 48 1 19 20 27 38
26 23 38 51 49 53 30
6 16 16 49 53 20 37
54 11 15 12 0 1 17
56 41 8 9 48 1 9
45 13 49 19 20 27 23
55 28 54 20 17 37 20
12 0 1 56 41 8 41
23 39 9 6 16 16 24
5 50 51 42 47 7 44
41 56 3 21 16 37 52
51 49 53 1 1 55 48
41 56 3 4 30 5 26
22 43 41 14 55 42 12
12 0 1 13 4 11 10
41 56 3 36 1 17 56
31 49 48 45 13 49 36
33 2 49 46 13 19 31
18 15 24 1 1 55 34
47 10 21 37 56 26 46
52 8 10 23 39 9 31
42 47 7 49 53 20 14
11 39 4 51 49 53 50
34 42 10 23 39 9 3
37 56 26 21 16 37 41
50 52 7 24 3 43 60
49 53 20 27 56 24 5
21 16 37 13 4 11 28
49 53 20 25 36 10 19
51 49 53 40 28 7 50
31 49 48 55 28 54 21
33 2 49 20 17 37 19
4 30 5 40 28 7 2
18 15 24 43 0 31 16
6 16 16 52 8 10 10
11 39 4 29 30 3 9
54 11 15 53 46 7 35
39 37 38 48 35 24 14
42 47 7 48 35 24 20
19 20 27 44 46 27 26
1 1 55 25 36 10 57
36 1 17 24 3 43 26
19 20 27 27 56 24 36
34 42 10 49 53 20 14
18 15 24 47 10 21 5
45 13 49 30 27 43 15
38 26 41 2 13 15 29
21 16 37 14 55 42 39
40 28 7 1 1 55 55
2 13 15 51 49 53 52
38 26 41 8 5 23 27
50 52 7 56 41 8 11
31 49 48 9 48 1 47
46 13 19 51 49 53 49
15 17 25 39 37 38 23
44 46 27 45 13 49 39
36 1 17 12 0 1 16
50 52 7 0 38 50 45
7 2 53 12 0 1 52
35 52 14 56 41 8 12
3 29 2 20 17 37 37
21 16 37 17 46 12 39
15 17 25 45 13 49 24
52 8 10 17 46 12 38
39 37 38 37 56 26 22
50 52 7 6 16 16 37
3 29 2 22 43 41 41
4 30 5 38 26 41 36
45 13 49 20 17 37 12
44 46 27 1 1 55 53
13 4 11 19 20 27 22
0 38 50 24 3 43 35
36 1 17 29 30 3 32
43 0 31 31 49 48 51
43 0 31 0 38 50 42
50 52 7 31 49 48 41
10 24 10 14 55 42 44
36 1 17 22 43 41 48
38 26 41 28 19 45 8
34 42 10 6 16 16 26
45 13 49 48 35 24 33
49 53 20 17 46 12 10
2 13 15 42 47 7 34
27 56 24 41 56 3 21
31 49 48 4 30 5 47
15 17 25 34 42 10 29
39 37 38 31 49 48 15
47 10 21 1 1 55 35
2 13 15 54 11 15 2
23 39 9 37 56 26 24
47 10 21 32 22 46 27
40 28 7 25 36 10 8
56 41 8 2 13 15 28
49 53 20 18 15 24 38
49 53 20 56 41 8 16
20 17 37 31 49 48 33
11 39 4 37 56 26 27
18 15 24 40 28 7 21
35 52 14 17 46 12 6
42 47 7 51 49 53 46
27 56 24 6 16 16 40
42 47 7 43 0 31 52
27 56 24 2 13 15 43
39 37 38 45 13 49 26
43 0 31 24 3 43 12
40 28 7 30 27 43 36
51 49 53 3 29 2 54
12 0 1 32 22 46 50
12 0 1 46 13 19 22
13 4 11 16 20 38 31
39 37 38 36 1 17 41
9 48 1 39 37 38 38
32 22 46 52 8 10 38
1 1 55 15 17 25 34
53 46 7 22 43 41 34
9 48 1 12 0 1 48
12 0 1 20 17 37 39
52 8 10 51 49 53 59
10 24 10 47 10 21 17
29 30 3 6 16 16 19
5 50 51 24 3 43 47
32 22 46 17 46 12 41
40 28 7 45 13 49 44
5 50 51 37 56 26 25
15 17 25 36 1 17 17
50 52 7 28 19 45 50
21 16 37 32 22 46 10
13 4 11 51 49 53 61
33 2 49 13 4 11 38
29 30 3 10 24 10 9
13 4 11 29 30 3 27
52 8 10 37 56 26 50
14 55 42 46 13 19 47
26 23 38 0 38 50 19
44 46 27 28 19 45 32
52 8 10 2 13 15 7
36 1 17 18 15 24 15
39 37 38 40 28 7 32
56 41 8 44 46 27 19
34 42 10 44 46 27 17
13 4 11 42 47 7 43
20 17 37 52 8 10 28
35 52 14 41 56 3 11
16 20 38 38 26 41 6
44 46 27 14 55 42 17
30 27 43 26 23 38 6
25 36 10 8 5 23 33
56 41 8 46 13 19 30
26 23 38 28 19 45 8
45 13 49 46 13 19 30
33 2 49 38 26 41 25
12 0 1 5 50 51 70
24 3 43 30 27 43 24
0 38 50 42 47 7 43
9 48 1 28 19 45 52
56 41 8 26 23 38 34
12 0 1 15 17 25 29
54 11 15 55 28 54 42
27 56 24 43 0 31 56
8 5 23 14 55 42 53
9 48 1 29 30 3 18
38 26 41 22 43 41 17
41 56 3 19 20 27 43
12 0 1 24 3 43 42
24 3 43 52 8 10 33
38 26 41 31 49 48 24
28 19 45 25 36 10 38
42 47 7 18 15 24 36
13 4 11 11 39 4 35
34 42 10 21 16 37 37
3 29 2 21 16 37 37
37 56 26 24 3 43 55
5 50 51 20 17 37 35
19 20 27 35 52 14 34
2 13 15 9 48 1 37
49 53 20 41 56 3 17
17 46 12 12 0 1 47
42 47 7 29 30 3 17
50 52 7 48 35 24 24
19 20 27 46 13 19 10
16 20 38 44 46 27 28
19 20 27 47 10 21 11
52 8 10 12 0 1 12
20 17 37 39 37 38 20
38 26 41 14 55 42 29
20 17 37 32 22 46 10
8 5 23 54 11 15 10
23 39 9 3 29 2 12
25 36 10 23 39 9 3
47 10 21 25 36 10 28
41 56 3 52 8 10 48
36 1 17 55 28 54 45
11 39 4 22 43 41 37
12 0 1 48 35 24 41
11 39 4 34 42 10 6
52 8 10 38 26 41 35
37 56 26 38 26 41 33
10 24 10 28 19 45 35
48 35 24 54 11 15 25
4 30 5 10 24 10 7
25 36 10 17 46 12 10
36 1 17 14 55 42 59
30 27 43 52 8 10 38
56 41 8 0 38 50 42
7 2 53 13 4 11 42
22 43 41 10 24 10 36
16 20 38 20 17 37 3
26 23 38 50 52 7 42
11 39 4 28 19 45 45
33 2 49 18 15 24 28
50 52 7 18 15 24 40
3 29 2 48 35 24 22
42 47 7 22 43 41 34
10 24 10 32 22 46 36
14 55 42 1 1 55 55
22 43 41 34 42 10 31
11 39 4 12 0 1 39
8 5 23 4 30 5 30
52 8 10 14 55 42 56
23 39 9 31 49 48 40
9 48 1 23 39 9 12
6 16 16 1 1 55 41
47 10 21 48 35 24 25
43 0 31 13 4 11 20
5 50 51 53 46 7 44
43 0 31 4 30 5 39
8 5 23 10 24 10 23
9 48 1 13 4 11 45
38 26 41 6 16 16 26
53 46 7 0 38 50 43
5 50 51 21 16 37 36
18 15 24 19 20 27 5
26 23 38 43 0 31 24
30 27 43 44 46 27 24
49 53 20 12 0 1 56
6 16 16 55 28 54 39
35 52 14 20 17 37 41
8 5 23 41 56 3 54
7 2 53 45 13 49 11
26 23 38 47 10 21 21
32 22 46 42 47 7 46
0 38 50 17 46 12 38
37 56 26 27 56 24 2
29 30 3 5 50 51 52
54 11 15 11 39 4 30
37 56 26 12 0 1 61
53 46 7 2 13 15 33
20 17 37 22 43 41 26
10 24 10 51 49 53 49
46 13 19 20 17 37 18
5 50 51 48 35 24 30
35 52 14 27 56 24 10
14 55 42 19 20 27 38
36 1 17 43 0 31 14
13 4 11 39 37 38 42
31 49 48 25 36 10 40
38 26 41 43 0 31 27
46 13 19 25 36 10 24
17 46 12 23 39 9 7
28 19 45 53 46 7 46
6 16 16 40 28 7 15
18 15 24 24 3 43 22
10 24 10 7 2 53 48
41 56 3 30 27 43 49
39 37 38 54 11 15 34
38 26 41 53 46 7 39
27 56 24 40 28 7 32
13 4 11 4 30 5 26
51 49 53 27 56 24 29
0 38 50 25 36 10 40
14 55 42 3 29 2 47
44 46 27 39 37 38 14
41 56 3 0 38 50 50
21 16 37 26 23 38 7
42 47 7 46 13 19 36
49 53 20 5 50 51 31
27 56 24 16 20 38 38
3 29 2 56 41 8 13
43 0 31 17 46 12 49
48 35 24 16 20 38 20
12 0 1 18 15 24 27
42 47 7 39 37 38 32
15 17 25 47 10 21 8
31 49 48 32 22 46 27
19 20 27 11 39 4 29
11 39 4 26 23 38 37
51 49 53 36 1 17 60
40 28 7 37 56 26 33
42 47 7 37 56 26 21
55 28 54 52 8 10 48
32 22 46 7 2 53 21
2 13 15 20 17 37 22
44 46 27 18 15 24 31
19 20 27 37 56 26 36
12 0 1 39 37 38 52
42 47 7 12 0 1 47
44 46 27 8 5 23 41
37 56 26 25 36 10 25
26 23 38 40 28 7 31
47 10 21 44 46 27 36
21 16 37 36 1 17 25
6 16 16 12 0 1 21
15 17 25 2 13 15 10
45 13 49 47 10 21 28
15 17 25 7 2 53 31
5 50 51 35 52 14 37
49 53 20 19 20 27 33
55 28 54 30 27 43 11
55 28 54 25 36 10 44
32 22 46 5 50 51 28
38 26 41 1 1 55 28
17 46 12 33 2 49 57
37 56 26 17 46 12 17
44 46 27 6 16 16 31
35 52 14 37 56 26 12
11 39 4 39 37 38 34
28 19 45 54 11 15 31
38 26 41 46 13 19 25
40 28 7 49 53 20 28
18 15 24 2 13 15 9
5 50 51 11 39 4 48
44 46 27 31 49 48 21
49 53 20 32 22 46 40
30 27 43 9 48 1 46
5 50 51 4 30 5 50
12 0 1 50 52 7 52
36 1 17 46 13 19 12
17 46 12 19 20 27 30
18 15 24 46 13 19 5
30 27 43 6 16 16 29
0 38 50 14 55 42 18
25 36 10 54 11 15 25
43 0 31 3 29 2 41
29 30 3 21 16 37 36
47 10 21 17 46 12 37
24 3 43 1 1 55 12
8 5 23 52 8 10 13
16 20 38 4 30 5 34
28 19 45 29 30 3 43
45 13 49 38 26 41 15
10 24 10 19 20 27 17
6 16 16 46 13 19 4
25 36 10 12 0 1 37
9 48 1 8 5 23 48
39 37 38 25 36 10 28
46 13 19 13 4 11 12
41 56 3 40 28 7 28
2 13 15 5 50 51 51
7 2 53 18 15 24 31
31 49 48 41 56 3 45
2 13 15 8 5 23 11
10 24 10 0 38 50 42
51 49 53 44 46 27 26
42 47 7 36 1 17 47
16 20 38 24 3 43 17
37 56 26 51 49 53 27
39 37 38 38 26 41 11
2 13 15 31 49 48 48
54 11 15 3 29 2 22
20 17 37 29 30 3 36
40 28 7 9 48 1 20
29 30 3 39 37 38 35
33 2 49 52 8 10 39
4 30 5 49 53 20 27
48 35 24 6 16 16 20
10 24 10 48 35 24 17
5 50 51 33 2 49 48
44 46 27 25 36 10 19
11 39 4 18 15 24 31
49 53 20 37 56 26 6
32 22 46 39 37 38 17
52 8 10 54 11 15 5
22 43 41 45 13 49 31
25 36 10 26 23 38 30
26 23 38 1 1 55 27
21 16 37 8 5 23 17
56 41 8 1 1 55 61
37 56 26 16 20 38 37
39 37 38 51 49 53 19
9 48 1 27 56 24 24
21 16 37 49 53 20 40
29 30 3 38 26 41 38
34 42 10 0 38 50 40
9 48 1 10 24 10 25
15 17 25 29 30 3 25
43 0 31 21 16 37 17
52 8 10 21 16 37 28
13 4 11 37 56 26 54
0 38 50 8 5 23 42
51 49 53 17 46 12 41
21 16 37 55 28 54 20
9 48 1 22 43 41 40
34 42 10 18 15 24 30
29 30 3 54 11 15 22
31 49 48 13 4 11 58
13 4 11 23 39 9 35
41 56 3 34 42 10 15
27 56 24 56 41 8 21
19 20 27 53 46 7 32
25 36 10 14 55 42 37
1 1 55 19 20 27 33
11 39 4 43 0 31 47
53 46 7 24 3 43 56
9 48 1 44 46 27 26
36 1 17 9 48 1 49
27 56 24 54 11 15 45
35 52 14 45 13 49 52
54 11 15 14 55 42 51
1 1 55 8 5 23 32
2 13 15 36 1 17 12
30 27 43 54 11 15 32
15 17 25 30 27 43 20
39 37 38 33 2 49 36
1 1 55 32 22 46 22
8 5 23 26 23 38 23
54 11 15 13 4 11 8
41 56 3 51 49 53 50
50 52 7 16 20 38 44
18 15 24 0 38 50 34
19 20 27 8 5 23 15
26 23 38 9 48 1 44
56 41 8 43 0 31 47
24 3 43 9 48 1 61
26 23 38 32 22 46 8
24 3 43 48 35 24 37
55 28 54 4 30 5 49
10 24 10 3 29 2 9
19 20 27 21 16 37 10
19 20 27 15 17 25 3
51 49 53 53 46 7 46
21 16 37 40 28 7 32
38 26 41 20 17 37 9
47 10 21 23 39 9 31
2 13 15 0 38 50 43
23 39 9 20 17 37 35
8 5 23 11 39 4 38
2 13 15 37 56 26 44
18 15 24 54 11 15 9
40 28 7 42 47 7 19
48 35 24 46 13 19 22
54 11 15 40 28 7 18
42 47 7 9 48 1 6
43 0 31 15 17 25 18
18 15 24 30 27 43 22
9 48 1 37 56 26 26
55 28 54 0 38 50 10
11 39 4 2 13 15 28
5 50 51 1 1 55 49
26 23 38 24 3 43 20
55 28 54 33 2 49 26
6 16 16 10 24 10 10
0 38 50 29 30 3 47
5 50 51 7 2 53 48
6 16 16 56 41 8 26
23 39 9 35 52 14 13
5 50 51 27 56 24 27
34 42 10 19 20 27 27
52 8 10 53 46 7 38
47 10 21 6 16 16 7
0 38 50 22 43 41 10
50 52 7 49 53 20 13
27 56 24 46 13 19 43
55 28 54 17 46 12 45
51 49 53 22 43 41 13
28 19 45 41 56 3 55
47 10 21 51 49 53 50
14 55 42 53 46 7 36
4 30 5 50 52 7 22
38 26 41 56 41 8 36
11 39 4 47 10 21 33
13 4 11 17 46 12 42
51 49 53 34 42 10 43
20 17 37 26 23 38 6
40 28 7 44 46 27 26
0 38 50 39 37 38 12
55 28 54 19 20 27 28
23 39 9 18 15 24 28
3 29 2 38 26 41 39
25 36 10 7 2 53 54
35 52 14 52 8 10 44
44 46 27 48 35 24 11
52 8 10 36 1 17 9
40 28 7 15 17 25 21
36 1 17 48 35 24 34
42 47 7 44 46 27 20
36 1 17 1 1 55 38
9 48 1 5 50 51 50
38 26 41 49 53 20 34
46 13 19 49 53 20 40
52 8 10 4 30 5 22
40 28 7 48 35 24 18
36 1 17 5 50 51 59
33 2 49 42 47 7 61
24 3 43 31 49 48 46
5 50 51 6 16 16 48
32 22 46 43 0 31 26
19 20 27 16 20 38 11
9 48 1 50 52 7 7
7 2 53 34 42 10 58
46 13 19 50 52 7 40
50 52 7 22 43 41 35
30 27 43 38 26 41 2
5 50 51 19 20 27 38
32 22 46 53 46 7 45
12 0 1 4 30 5 30
53 46 7 50 52 7 6
17 46 12 1 1 55 62
55 28 54 43 0 31 36
48 35 24 19 20 27 15
15 17 25 33 2 49 28
31 49 48 15 17 25 39
9 48 1 14 55 42 41
48 35 24 15 17 25 18
27 56 24 14 55 42 18
45 13 49 21 16 37 12
10 24 10 34 42 10 18
6 16 16 2 13 15 3
56 41 8 16 20 38 36
31 49 48 17 46 12 36
18 15 24 17 46 12 33
41 56 3 50 52 7 5
16 20 38 34 42 10 35
29 30 3 31 49 48 48
6 16 16 51 49 53 49
32 22 46 50 52 7 49
56 41 8 36 1 17 41
29 30 3 33 2 49 53
11 39 4 14 55 42 41
38 26 41 41 56 3 48
9 48 1 54 11 15 39
8 5 23 22 43 41 42
19 20 27 2 13 15 13
0 38 50 32 22 46 16
44 46 27 3 29 2 30
13 4 11 38 26 41 37
44 46 27 12 0 1 52
34 42 10 12 0 1 42
13 4 11 55 28 54 49
20 17 37 11 39 4 39
44 46 27 49 53 20 9
34 42 10 24 3 43 51
34 42 10 37 56 26 21
12 0 1 21 16 37 39
46 13 19 47 10 21 3
32 22 46 14 55 42 33
16 20 38 6 16 16 22
48 35 24 31 49 48 27
1 1 55 35 52 14 65
3 29 2 28 19 45 44
40 28 7 29 30 3 4
7 2 53 38 26 41 26
41 56 3 29 30 3 26
5 50 51 25 36 10 43
10 24 10 37 56 26 35
56 41 8 25 36 10 5
8 5 23 36 1 17 7
19 20 27 26 23 38 11
10 24 10 18 15 24 16
26 23 38 2 13 15 25
7 2 53 0 38 50 36
33 2 49 34 42 10 55
21 16 37 56 41 8 38
29 30 3 3 29 2 1
46 13 19 54 11 15 4
33 2 49 51 49 53 47
6 16 16 18 15 24 8
34 42 10 39 37 38 28
22 43 41 1 1 55 44
21 16 37 27 56 24 42
52 8 10 11 39 4 31
9 48 1 11 39 4 9
36 1 17 44 46 27 46
7 2 53 28 19 45 18
1 1 55 45 13 49 13
24 3 43 41 56 3 66
39 37 38 16 20 38 17
35 52 14 44 46 27 14
10 24 10 16 20 38 28
1 1 55 52 8 10 45
10 24 10 44 46 27 27
41 56 3 37 56 26 23
52 8 10 19 20 27 20
2 13 15 46 13 19 4
35 52 14 24 3 43 56
31 49 48 40 28 7 46
8 5 23 6 16 16 13
35 52 14 47 10 21 42
6 16 16 26 23 38 23
38 26 41 24 3 43 23
3 29 2 16 20 38 37
14 55 42 12 0 1 68
56 41 8 55 28 54 47
31 49 48 49 53 20 28
29 30 3 50 52 7 22
27 56 24 1 1 55 63
34 42 10 5 50 51 41
14 55 42 34 42 10 34
2 13 15 23 39 9 26
35 52 14 34 42 10 10
8 5 23 33 2 49 26
22 43 41 5 50 51 12
24 3 43 42 47 7 56
52 8 10 43 0 31 22
25 36 10 50 52 7 16
36 1 17 25 36 10 35
19 20 27 33 2 49 28
2 13 15 7 2 53 39
16 20 38 8 5 23 21
40 28 7 5 50 51 49
5 50 51 31 49 48 3
14 55 42 55 28 54 29
12 0 1 0 38 50 62
40 28 7 52 8 10 20
15 17 25 37 56 26 39
20 17 37 28 19 45 8
13 4 11 36 1 17 6
9 48 1 53 46 7 6
4 30 5 21 16 37 34
40 28 7 12 0 1 28
25 36 10 4 30 5 7
28 19 45 13 4 11 37
31 49 48 33 2 49 47
1 1 55 50 52 7 70
6 16 16 24 3 43 29
14 55 42 40 28 7 44
26 23 38 15 17 25 14
19 20 27 56 41 8 28
12 0 1 38 26 41 47
21 16 37 39 37 38 21
30 27 43 23 39 9 36
15 17 25 44 46 27 29
5 50 51 10 24 10 48
41 56 3 45 13 49 62
53 46 7 47 10 21 38
36 1 17 11 39 4 40
7 2 53 48 35 24 43
38 26 41 11 39 4 39
29 30 3 45 13 49 49
7 2 53 16 20 38 23
40 28 7 2 13 15 17
36 1 17 47 10 21 9
47 10 21 27 56 24 46
41 56 3 17 46 12 13
28 19 45 40 28 7 39
15 17 25 41 56 3 44
42 47 7 31 49 48 41
46 13 19 30 27 43 27
35 52 14 31 49 48 34
4 30 5 45 13 49 47
27 56 24 10 24 10 34
26 23 38 31 49 48 27
47 10 21 54 11 15 6
43 0 31 9 48 1 56
36 1 17 40 28 7 28
13 4 11 52 8 10 4
8 5 23 35 52 14 47
2 13 15 16 20 38 24
7 2 53 6 16 16 39
39 37 38 10 24 10 30
22 43 41 12 0 1 58
55 28 54 23 39 9 46
16 20 38 28 19 45 7
47 10 21 9 48 1 42
6 16 16 37 56 26 41
33 2 49 9 48 1 66
51 49 53 45 13 49 36
10 24 10 33 2 49 44
39 37 38 19 20 27 20
48 35 24 18 15 24 20
6 16 16 0 38 50 40
38 26 41 25 36 10 32
9 48 1 4 30 5 18
28 19 45 31 49 48 30
35 52 14 42 47 7 8
2 13 15 39 37 38 33
30 27 43 56 41 8 37
27 56 24 11 39 4 26
20 17 37 42 47 7 42
45 13 49 8 5 23 27
18 15 24 13 4 11 17
17 46 12 44 46 27 15
8 5 23 20 17 37 18
10 24 10 38 26 41 31
38 26 41 34 42 10 34
52 8 10 42 47 7 39
38 26 41 9 48 1 45
7 2 53 46 13 19 35
37 56 26 55 28 54 39
44 46 27 50 52 7 20
39 37 38 8 5 23 35
34 42 10 32 22 46 41
44 46 27 37 56 26 10
46 13 19 40 28 7 19
43 0 31 51 49 53 53
10 24 10 49 53 20 30
13 4 11 40 28 7 24
33 2 49 7 2 53 4
21 16 37 47 10 21 17
9 48 1 46 13 19 39
32 22 46 36 1 17 35
31 49 48 1 1 55 48
10 24 10 35 52 14 28
55 28 54 7 2 53 26
38 26 41 40 28 7 34
6 16 16 14 55 42 46
10 24 10 1 1 55 50
28 19 45 5 50 51 31
1 1 55 9 48 1 71
14 55 42 31 49 48 8
30 27 43 21 16 37 12
23 39 9 11 39 4 5
24 3 43 22 43 41 40
20 17 37 19 20 27 10
27 56 24 34 42 10 19
52 8 10 16 20 38 30
22 43 41 52 8 10 46
12 0 1 19 20 27 32
4 30 5 29 30 3 2
26 23 38 35 52 14 37
15 17 25 35 52 14 36
53 46 7 10 24 10 22
35 52 14 13 4 11 48
48 35 24 43 0 31 35
46 13 19 0 38 50 39
46 13 19 8 5 23 8
49 53 20 45 13 49 49
43 0 31 12 0 1 30
13 4 11 0 38 50 51
29 30 3 55 28 54 51
8 5 23 23 39 9 36
15 17 25 22 43 41 30
52 8 10 50 52 7 44
51 49 53 35 52 14 39
45 13 49 55 28 54 15
4 30 5 6 16 16 17
40 28 7 56 41 8 13
25 36 10 32 22 46 38
36 1 17 27 56 24 55
28 19 45 37 56 26 41
7 2 53 24 3 43 10
7 2 53 19 20 27 31
50 52 7 36 1 17 51
15 17 25 14 55 42 41
39 37 38 47 10 21 31
51 49 53 7 2 53 47
12 0 1 23 39 9 39
42 47 7 17 46 12 5
49 53 20 33 2 49 58
6 16 16 21 16 37 21
25 36 10 10 24 10 12
52 8 10 5 50 51 58
8 5 23 15 17 25 12
23 39 9 56 41 8 2
2 13 15 49 53 20 40
54 11 15 1 1 55 41
15 17 25 52 8 10 17
49 53 20 48 35 24 18
33 2 49 44 46 27 49
43 0 31 22 43 41 44
0 38 50 52 8 10 50
22 43 41 25 36 10 31
24 3 43 4 30 5 46
47 10 21 55 28 54 37
3 29 2 1 1 55 59
3 29 2 11 39 4 10
21 16 37 15 17 25 12
54 11 15 0 38 50 44
3 29 2 4 30 5 3
29 30 3 56 41 8 12
21 16 37 0 38 50 25
22 43 41 35 52 14 28
6 16 16 15 17 25 9
53 46 7 40 28 7 18
42 47 7 38 26 41 39
16 20 38 32 22 46 8
1 1 55 21 16 37 23
3 29 2 30 27 43 41
44 46 27 43 0 31 46
46 13 19 26 23 38 21
53 46 7 56 41 8 5
11 39 4 16 20 38 38
28 19 45 55 28 54 12
2 13 15 12 0 1 19
49 53 20 22 43 41 23
43 0 31 30 27 43 29
5 50 51 16 20 38 32
51 49 53 21 16 37 36
37 56 26 3 29 2 36
12 0 1 3 29 2 29
37 56 26 43 0 31 56
55 28 54 9 48 1 56
24 3 43 55 28 54 27
49 53 20 30 27 43 34
24 3 43 47 10 21 23
26 23 38 37 56 26 35
18 15 24 28 19 45 21
53 46 7 42 47 7 1
3 29 2 41 56 3 27
20 17 37 7 2 53 21
43 0 31 16 20 38 21
27 56 24 24 3 43 56
10 24 10 55 28 54 44
27 56 24 17 46 12 15
16 20 38 53 46 7 40
49 53 20 1 1 55 62
20 17 37 21 16 37 1
16 20 38 12 0 1 42
50 52 7 39 37 38 34
49 53 20 24 3 43 55
22 43 41 23 39 9 32
16 20 38 1 1 55 25
47 10 21 3 29 2 26
25 36 10 53 46 7 10
24 3 43 10 24 10 39
3 29 2 5 50 51 53
1 1 55 28 19 45 20
7 2 53 3 29 2 57
16 20 38 49 53 20 37
54 11 15 49 53 20 42
5 50 51 47 10 21 50
6 16 16 45 13 49 33
28 19 45 15 17 25 20
7 2 53 9 48 1 69
35 52 14 53 46 7 9
40 28 7 11 39 4 11
44 46 27 26 23 38 25
48 35 24 4 30 5 19
24 3 43 17 46 12 53
31 49 48 22 43 41 9
35 52 14 30 27 43 38
8 5 23 40 28 7 28
56 41 8 54 11 15 30
41 56 3 55 28 54 58
41 56 3 53 46 7 10
34 42 10 31 49 48 38
1 1 55 46 13 19 37
50 52 7 10 24 10 28
32 22 46 13 4 11 39
54 11 15 34 42 10 31
2 13 15 43 0 31 20
26 23 38 13 4 11 33
13 4 11 22 43 41 49
36 1 17 28 19 45 33
49 53 20 8 5 23 48
3 29 2 46 13 19 23
22 43 41 44 46 27 14
19 20 27 50 52 7 37
5 50 51 14 55 42 10
18 15 24 25 36 10 25
24 3 43 28 19 45 16
13 4 11 50 52 7 48
46 13 19 15 17 25 7
11 39 4 24 3 43 53
1 1 55 20 17 37 24
31 49 48 56 41 8 40
47 10 21 28 19 45 25
51 49 53 48 35 24 32
26 23 38 52 8 10 31
47 10 21 31 49 48 47
35 52 14 12 0 1 53
3 29 2 15 17 25 25
18 15 24 21 16 37 13
16 20 38 33 2 49 21
47 10 21 50 52 7 44
29 30 3 12 0 1 30
20 17 37 36 1 17 25
50 52 7 38 26 41 42
51 49 53 30 27 43 24
56 41 8 11 39 4 4
30 27 43 2 13 15 31
49 53 20 28 19 45 42
2 13 15 48 35 24 23
45 13 49 53 46 7 53
6 16 16 42 47 7 32
44 46 27 46 13 19 33
1 1 55 55 28 54 27
13 4 11 44 46 27 44
14 55 42 23 39 9 36
42 47 7 4 30 5 17
35 52 14 3 29 2 25
50 52 7 35 52 14 7
18 15 24 29 30 3 25
40 28 7 19 20 27 21
9 48 1 52 8 10 41
23 39 9 21 16 37 36
39 37 38 26 23 38 14
30 27 43 29 30 3 40
6 16 16 36 1 17 15
1 1 55 13 4 11 44
5 50 51 50 52 7 44
4 30 5 17 46 12 17
45 13 49 0 38 50 25
14 55 42 26 23 38 32
29 30 3 37 56 26 34
0 38 50 49 53 20 33
44 46 27 4 30 5 27
23 39 9 43 0 31 44
28 19 45 42 47 7 47
23 39 9 28 19 45 41
22 43 41 2 13 15 39
36 1 17 45 13 49 34
52 8 10 39 37 38 40
17 46 12 53 46 7 5
34 42 10 50 52 7 10
37 56 26 0 38 50 30
34 42 10 53 46 7 5
39 37 38 1 1 55 39
4 30 5 28 19 45 41
23 39 9 39 37 38 29
21 16 37 50 52 7 46
4 30 5 26 23 38 33
43 0 31 54 11 15 19
31 49 48 19 20 27 35
4 30 5 23 39 9 9
49 53 20 26 23 38 34
21 16 37 31 49 48 34
19 20 27 42 47 7 33
15 17 25 5 50 51 42
3 29 2 8 5 23 31
24 3 43 8 5 23 20
56 41 8 18 15 24 30
17 46 12 38 26 41 35
13 4 11 25 36 10 32
10 24 10 15 17 25 16
52 8 10 18 15 24 15
16 20 38 29 30 3 36
13 4 11 24 3 43 32
24 3 43 29 30 3 48
23 39 9 48 35 24 15
8 5 23 32 22 46 28
17 46 12 48 35 24 16
52 8 10 29 30 3 23
33 2 49 6 16 16 35
40 28 7 0 38 50 44
15 17 25 17 46 12 31
39 37 38 53 46 7 32
35 52 14 11 39 4 16
55 28 54 53 46 7 50
21 16 37 16 20 38 4
20 17 37 14 55 42 38
26 23 38 34 42 10 33
14 55 42 35 52 14 28
32 22 46 35 52 14 43
34 42 10 36 1 17 41
12 0 1 1 1 55 54
16 20 38 17 46 12 36
51 49 53 19 20 27 38