67 2211
9 10 22 23 64 13 54
56 55 53 29 64 6 47
65 59 32 62 55 65 33
36 15 24 8 56 47 47
39 37 58 9 10 22 45
0 41 2 24 58 30 32
55 1 65 39 37 58 36
51 63 32 64 28 65 48
14 57 21 31 8 51 57
46 61 54 37 5 53 56
50 54 26 42 30 26 24
51 63 32 20 52 0 33
37 5 53 64 28 65 25
56 55 53 66 37 45 19
25 10 7 18 40 15 31
35 41 56 44 38 18 38
37 5 53 48 14 63 13
11 4 28 14 57 21 53
53 60 51 17 66 38 14
7 19 50 17 66 38 48
2 56 50 51 63 32 19
58 29 50 25 10 7 47
12 22 28 20 52 0 41
16 53 48 9 10 22 50
22 58 14 29 64 6 10
31 8 51 38 51 39 44
51 63 32 11 4 28 59
60 31 32 58 29 50 18
45 65 60 42 30 26 48
19 55 31 2 56 50 19
50 54 26 25 10 7 47
65 59 32 8 56 47 15
20 52 0 63 15 2 37
26 28 10 8 56 47 46
52 24 29 34 11 29 13
65 59 32 27 37 60 35
5 9 0 8 56 47 66
53 60 51 50 54 26 25
10 8 26 47 21 32 14
53 60 51 22 58 14 37
58 29 50 32 7 58 23
4 7 24 35 41 56 46
35 41 56 25 10 7 57
25 10 7 63 15 2 7
25 10 7 26 28 10 18
41 14 26 28 7 2 25
5 9 0 6 0 44 44
62 55 65 4 7 24 63
40 26 15 36 15 24 14
34 11 29 42 30 26 19
61 12 24 2 56 50 51
6 0 44 23 64 13 71
62 55 65 41 14 26 56
38 51 39 60 31 32 21
30 12 28 22 58 14 48
41 14 26 8 56 47 46
13 66 65 16 53 48 21
63 15 2 59 55 50 62
58 29 50 12 22 28 23
28 7 2 1 54 8 47
10 8 26 37 5 53 27
4 7 24 28 7 2 22
63 15 2 8 56 47 60
42 30 26 49 43 54 30
30 12 28 41 14 26 2
58 29 50 56 55 53 26
46 61 54 62 55 65 12
65 59 32 64 28 65 45
2 56 50 58 29 50 27
46 61 54 0 41 2 55
24 58 30 61 12 24 46
10 8 26 15 32 41 28
51 63 32 43 53 63 32
8 56 47 59 55 50 3
54 53 34 46 61 54 21
1 54 8 20 52 0 8
55 1 65 49 43 54 43
62 55 65 45 65 60 11
41 14 26 46 61 54 54
44 38 18 66 37 45 27
38 51 39 14 57 21 18
65 59 32 33 13 39 46
56 55 53 23 64 13 41
35 41 56 22 58 14 45
28 7 2 43 53 63 76
52 24 29 14 57 21 33
45 65 60 57 5 44 62
40 26 15 38 51 39 34
4 7 24 31 8 51 27
26 28 10 13 66 65 66
23 64 13 36 15 24 50
56 55 53 21 52 59 6
7 19 50 50 54 26 42
9 10 22 53 60 51 57
24 58 30 20 52 0 30
64 28 65 41 14 26 41
7 19 50 3 31 26 26
13 66 65 51 63 32 33
1 54 8 53 60 51 43
8 56 47 61 12 24 49
57 5 44 27 37 60 35
30 12 28 9 10 22 6
48 14 63 36 15 24 39
8 56 47 40 26 15 43
12 22 28 33 13 39 14
26 28 10 39 37 58 48
59 55 50 21 52 59 9
64 28 65 20 52 0 69
40 26 15 32 7 58 47
32 7 58 19 55 31 55
48 14 63 16 53 48 41
1 54 8 41 14 26 43
55 1 65 48 14 63 13
28 7 2 37 5 53 51
21 52 59 17 66 38 25
32 7 58 3 31 26 40
13 66 65 38 51 39 30
45 65 60 52 24 29 51
10 8 26 33 13 39 13
45 65 60 20 52 0 61
24 58 30 63 15 2 51
36 15 24 18 40 15 26
48 14 63 27 37 60 23
31 8 51 28 7 2 49
35 41 56 27 37 60 5
13 66 65 23 64 13 52
44 38 18 65 59 32 25
24 58 30 55 1 65 66
17 66 38 49 43 54 28
66 37 45 8 56 47 19
49 43 54 1 54 8 47
12 22 28 26 28 10 18
57 5 44 46 61 54 56
25 10 7 65 59 32 55
10 8 26 13 66 65 69
10 8 26 29 64 6 59
21 52 59 62 55 65 6
20 52 0 55 1 65 82
35 41 56 54 53 34 25
64 28 65 48 14 63 14
7 19 50 41 14 26 24
37 5 53 17 66 38 62
31 8 51 41 14 26 25
52 24 29 56 55 53 39
16 53 48 11 4 28 52
29 64 6 47 21 32 50
18 40 15 51 63 32 28
20 52 0 49 43 54 54
12 22 28 54 53 34 31
58 29 50 15 32 41 9
61 12 24 52 24 29 13
48 14 63 42 30 26 40
52 24 29 38 51 39 28
21 52 59 16 53 48 11
37 5 53 59 55 50 50
15 32 41 46 61 54 31
1 54 8 52 24 29 36
61 12 24 47 21 32 12
12 22 28 3 31 26 9
4 7 24 60 31 32 25
8 56 47 6 0 44 56
36 15 24 12 22 28 8
20 52 0 25 10 7 42
3 31 26 58 29 50 24
29 64 6 60 31 32 42
56 55 53 43 53 63 10
4 7 24 49 43 54 46
41 14 26 4 7 24 7
51 63 32 5 9 0 62
47 21 32 38 51 39 30
6 0 44 49 43 54 44
0 41 2 2 56 50 50
30 12 28 19 55 31 43
23 64 13 38 51 39 29
59 55 50 62 55 65 15
31 8 51 61 12 24 27
21 52 59 60 31 32 34
0 41 2 42 30 26 26
17 66 38 39 37 58 35
11 4 28 27 37 60 45
31 8 51 9 10 22 29
22 58 14 42 30 26 30
64 28 65 30 12 28 40
26 28 10 49 43 54 46
32 7 58 2 56 50 49
53 60 51 25 10 7 66
63 15 2 18 40 15 28
59 55 50 6 0 44 55
51 63 32 6 0 44 64
46 61 54 36 15 24 54
54 53 34 33 13 39 40
35 41 56 50 54 26 32
33 13 39 15 32 41 19
17 66 38 0 41 2 43
16 53 48 24 58 30 18
9 10 22 5 9 0 22
26 28 10 56 55 53 50
3 31 26 30 12 28 19
44 38 18 47 21 32 22
23 64 13 45 65 60 47
16 53 48 50 54 26 22
27 37 60 39 37 58 2
43 53 63 35 41 56 13
1 54 8 27 37 60 54
38 51 39 3 31 26 23
20 52 0 21 52 59 59
65 59 32 49 43 54 27
61 12 24 21 52 59 53
65 59 32 42 30 26 29
6 0 44 60 31 32 33
35 41 56 3 31 26 31
23 64 13 61 12 24 53
54 53 34 44 38 18 21
6 0 44 16 53 48 53
52 24 29 64 28 65 36
19 55 31 26 28 10 34
35 41 56 10 8 26 44
10 8 26 23 64 13 57
63 15 2 43 53 63 71
20 52 0 66 37 45 47
7 19 50 0 41 2 52
23 64 13 58 29 50 50
35 41 56 26 28 10 47
61 12 24 46 61 54 57
63 15 2 9 10 22 20
19 55 31 42 30 26 25
26 28 10 42 30 26 16
3 31 26 34 11 29 20
19 55 31 22 58 14 17
25 10 7 37 5 53 46
59 55 50 24 58 30 20
53 60 51 2 56 50 4
3 31 26 33 13 39 22
38 51 39 50 54 26 13
32 7 58 7 19 50 14
19 55 31 33 13 39 42
13 66 65 15 32 41 41
33 13 39 60 31 32 19
15 32 41 54 53 34 22
34 11 29 47 21 32 10
57 5 44 9 10 22 22
27 37 60 46 61 54 24
19 55 31 5 9 0 55
27 37 60 24 58 30 36
36 15 24 31 8 51 27
5 9 0 26 28 10 21
63 15 2 16 53 48 59
7 19 50 25 10 7 43
33 13 39 64 28 65 30
37 5 53 38 51 39 48
1 54 8 26 28 10 26
60 31 32 44 38 18 15
26 28 10 52 24 29 19
36 15 24 37 5 53 30
66 37 45 13 66 65 35
36 15 24 52 24 29 10
11 4 28 43 53 63 60
5 9 0 60 31 32 38
2 56 50 21 52 59 9
2 56 50 9 10 22 53
8 56 47 32 7 58 50
25 10 7 5 9 0 7
64 28 65 16 53 48 30
32 7 58 60 31 32 35
14 57 21 34 11 29 46
61 12 24 51 63 32 51
29 64 6 16 53 48 43
24 58 30 18 40 15 23
22 58 14 34 11 29 49
0 41 2 29 64 6 23
46 61 54 40 26 15 52
14 57 21 50 54 26 5
28 7 2 38 51 39 57
65 59 32 5 9 0 59
20 52 0 0 41 2 11
12 22 28 17 66 38 45
14 57 21 23 64 13 10
27 37 60 40 26 15 46
66 37 45 0 41 2 43
16 53 48 66 37 45 16
44 38 18 46 61 54 42
65 59 32 39 37 58 34
3 31 26 56 55 53 36
6 0 44 7 19 50 19
62 55 65 30 12 28 56
23 64 13 22 58 14 6
65 59 32 37 5 53 57
39 37 58 24 58 30 35
61 12 24 32 7 58 34
36 15 24 19 55 31 40
55 1 65 66 37 45 41
8 56 47 49 43 54 14
36 15 24 35 41 56 41
34 11 29 59 55 50 48
18 40 15 37 5 53 51
33 13 39 4 7 24 16
61 12 24 26 28 10 21
30 12 28 54 53 34 41
60 31 32 43 53 63 38
39 37 58 34 11 29 38
45 65 60 48 14 63 51
32 7 58 11 4 28 30
49 43 54 60 31 32 25
4 7 24 47 21 32 16
42 30 26 14 57 21 27
45 65 60 65 59 32 28
23 64 13 53 60 51 38
2 56 50 31 8 51 48
1 54 8 15 32 41 39
66 37 45 24 58 30 25
48 14 63 23 64 13 70
25 10 7 2 56 50 62
53 60 51 59 55 50 5
42 30 26 30 12 28 18
62 55 65 23 64 13 52
14 57 21 28 7 2 53
34 11 29 15 32 41 24
24 58 30 60 31 32 27
14 57 21 33 13 39 47
52 24 29 65 59 32 35
31 8 51 42 30 26 33
14 57 21 46 61 54 33
29 64 6 54 53 34 30
49 43 54 46 61 54 18
29 64 6 66 37 45 47
65 59 32 57 5 44 55
3 31 26 25 10 7 28
41 14 26 60 31 32 18
60 31 32 64 28 65 33
40 26 15 58 29 50 35
31 8 51 48 14 63 13
66 37 45 7 19 50 18
2 56 50 44 38 18 36
29 64 6 33 13 39 60
57 5 44 41 14 26 20
7 19 50 55 1 65 23
7 19 50 65 59 32 43
25 10 7 22 58 14 48
56 55 53 47 21 32 39
47 21 32 36 15 24 10
26 28 10 51 63 32 41
52 24 29 3 31 26 7
1 54 8 13 66 65 58
11 4 28 4 7 24 5
35 41 56 11 4 28 46
28 7 2 24 58 30 58
51 63 32 44 38 18 28
29 64 6 59 55 50 44
58 29 50 33 13 39 19
19 55 31 62 55 65 34
3 31 26 31 8 51 33
55 1 65 56 55 53 55
8 56 47 52 24 29 36
2 56 50 54 53 34 16
63 15 2 32 7 58 56
1 54 8 42 30 26 30
40 26 15 44 38 18 12
5 9 0 42 30 26 33
51 63 32 30 12 28 51
39 37 58 12 22 28 33
6 0 44 45 65 60 66
50 54 26 54 53 34 8
66 37 45 30 12 28 30
7 19 50 29 64 6 62
64 28 65 8 56 47 33
14 57 21 66 37 45 31
35 41 56 58 29 50 13
37 5 53 51 63 32 61
32 7 58 39 37 58 30
1 54 8 58 29 50 48
24 58 30 9 10 22 48
55 1 65 14 57 21 71
37 5 53 11 4 28 25
10 8 26 25 10 7 19
22 58 14 33 13 39 51
27 37 60 60 31 32 28
28 7 2 42 30 26 33
49 43 54 58 29 50 14
19 55 31 4 7 24 48
60 31 32 63 15 2 34
65 59 32 14 57 21 11
59 55 50 12 22 28 39
37 5 53 63 15 2 51
52 24 29 31 8 51 27
62 55 65 55 1 65 54
51 63 32 4 7 24 56
30 12 28 17 66 38 54
47 21 32 21 52 59 41
10 8 26 14 57 21 49
49 43 54 5 9 0 63
19 55 31 45 65 60 30
2 56 50 4 7 24 55
13 66 65 30 12 28 65
48 14 63 3 31 26 40
31 8 51 26 28 10 45
12 22 28 51 63 32 41
46 61 54 58 29 50 32
35 41 56 55 1 65 41
28 7 2 58 29 50 52
47 21 32 33 13 39 10
55 1 65 28 7 2 63
31 8 51 43 53 63 46
11 4 28 28 7 2 26
31 8 51 57 5 44 7
39 37 58 47 21 32 30
58 29 50 24 58 30 35
34 11 29 58 29 50 27
45 65 60 4 7 24 68
41 14 26 65 59 32 45
18 40 15 56 55 53 40
46 61 54 19 55 31 23
22 58 14 41 14 26 45
54 53 34 61 12 24 42
26 28 10 16 53 48 45
63 15 2 47 21 32 30
17 66 38 25 10 7 64
15 32 41 8 56 47 24
26 28 10 33 13 39 32
66 37 45 64 28 65 21
15 32 41 22 58 14 37
66 37 45 49 43 54 10
8 56 47 33 13 39 43
44 38 18 59 55 50 36
21 52 59 23 64 13 47
24 58 30 50 54 26 5
6 0 44 4 7 24 21
57 5 44 17 66 38 61
9 10 22 21 52 59 55
64 28 65 12 22 28 37
42 30 26 53 60 51 39
50 54 26 0 41 2 27
7 19 50 15 32 41 15
12 22 28 27 37 60 35
21 52 59 36 15 24 50
62 55 65 11 4 28 63
42 30 26 64 28 65 39
40 26 15 55 1 65 55
43 53 63 45 65 60 12
13 66 65 56 55 53 16
26 28 10 27 37 60 50
12 22 28 11 4 28 18
53 60 51 20 52 0 51
62 55 65 63 15 2 74
57 5 44 2 56 50 51
19 55 31 24 58 30 3
12 22 28 7 19 50 22
51 63 32 3 31 26 32
0 41 2 35 41 56 54
59 55 50 22 58 14 36
6 0 44 2 56 50 56
8 56 47 18 40 15 35
49 43 54 24 58 30 28
33 13 39 9 10 22 17
61 12 24 43 53 63 56
62 55 65 9 10 22 62
20 52 0 16 53 48 48
32 7 58 33 13 39 19
51 63 32 53 60 51 19
8 56 47 62 55 65 18
54 53 34 58 29 50 28
21 52 59 45 65 60 13
43 53 63 17 66 38 28
59 55 50 27 37 60 20
47 21 32 65 59 32 38
12 22 28 38 51 39 31
13 66 65 42 30 26 53
6 0 44 27 37 60 40
1 54 8 65 59 32 24
23 64 13 39 37 58 52
6 0 44 25 10 7 38
33 13 39 59 55 50 43
13 66 65 12 22 28 57
62 55 65 29 64 6 59
62 55 65 38 51 39 26
20 52 0 57 5 44 64
49 43 54 10 8 26 44
42 30 26 57 5 44 30
30 12 28 40 26 15 19
33 13 39 2 56 50 44
52 24 29 48 14 63 35
45 65 60 32 7 58 58
53 60 51 29 64 6 45
34 11 29 37 5 53 24
22 58 14 31 8 51 62
66 37 45 23 64 13 41
14 57 21 20 52 0 21
48 14 63 59 55 50 43
55 1 65 31 8 51 15
38 51 39 59 55 50 11
53 60 51 58 29 50 31
62 55 65 24 58 30 35
39 37 58 13 66 65 29
52 24 29 10 8 26 16
43 53 63 12 22 28 46
20 52 0 48 14 63 73
28 7 2 65 59 32 60
27 37 60 33 13 39 31
41 14 26 14 57 21 43
47 21 32 11 4 28 17
54 53 34 21 52 59 25
59 55 50 51 63 32 19
14 57 21 19 55 31 10
63 15 2 56 55 53 64
14 57 21 49 43 54 35
11 4 28 58 29 50 33
52 24 29 62 55 65 47
5 9 0 10 8 26 26
21 52 59 46 61 54 10
27 37 60 16 53 48 20
40 26 15 31 8 51 40
27 37 60 30 12 28 40
25 10 7 12 22 28 24
39 37 58 7 19 50 19
53 60 51 44 38 18 39
23 64 13 18 40 15 24
55 1 65 15 32 41 39
49 43 54 47 21 32 31
36 15 24 63 15 2 22
41 14 26 2 56 50 48
40 26 15 41 14 26 16
47 21 32 9 10 22 14
19 55 31 48 14 63 52
23 64 13 12 22 28 44
26 28 10 58 29 50 40
47 21 32 30 12 28 9
48 14 63 60 31 32 35
8 56 47 20 52 0 47
41 14 26 11 4 28 10
25 10 7 57 5 44 37
57 5 44 6 0 44 5
56 55 53 20 52 0 53
51 63 32 27 37 60 38
22 58 14 39 37 58 48
50 54 26 52 24 29 30
61 12 24 65 59 32 47
54 53 34 48 14 63 48
31 8 51 35 41 56 33
63 15 2 30 12 28 26
61 12 24 36 15 24 3
25 10 7 62 55 65 73
1 54 8 51 63 32 25
53 60 51 0 41 2 52
15 32 41 49 43 54 17
56 55 53 54 53 34 19
54 53 34 43 53 63 29
3 31 26 5 9 0 34
63 15 2 21 52 59 67
7 19 50 51 63 32 47
63 15 2 39 37 58 60
53 60 51 65 59 32 19
42 30 26 39 37 58 32
60 31 32 54 53 34 22
15 32 41 18 40 15 27
25 10 7 4 7 24 17
20 52 0 11 4 28 55
49 43 54 32 7 58 36
10 8 26 2 56 50 53
58 29 50 29 64 6 56
40 26 15 18 40 15 14
66 37 45 35 41 56 11
46 61 54 4 7 24 61
23 64 13 49 43 54 46
50 54 26 8 56 47 21
4 7 24 3 31 26 24
8 56 47 24 58 30 17
26 28 10 14 57 21 31
8 56 47 4 7 24 54
65 59 32 12 22 28 37
9 10 22 27 37 60 46
18 40 15 3 31 26 14
5 9 0 35 41 56 64
48 14 63 0 41 2 66
23 64 13 47 21 32 47
26 28 10 9 10 22 21
19 55 31 16 53 48 17
9 10 22 61 12 24 2
25 10 7 42 30 26 27
4 7 24 20 52 0 51
26 28 10 41 14 26 21
8 56 47 55 1 65 57
36 15 24 4 7 24 8
45 65 60 28 7 2 82
26 28 10 57 5 44 41
57 5 44 19 55 31 51
28 7 2 49 43 54 63
43 53 63 47 21 32 44
44 38 18 15 32 41 23
40 26 15 7 19 50 35
7 19 50 31 8 51 11
20 52 0 30 12 28 48
37 5 53 31 8 51 3
40 26 15 22 58 14 32
56 55 53 33 13 39 44
38 51 39 55 1 65 56
34 11 29 32 7 58 29
17 66 38 44 38 18 34
17 66 38 48 14 63 57
32 7 58 50 54 26 56
17 66 38 1 54 8 32
12 22 28 53 60 51 44
24 58 30 36 15 24 43
45 65 60 1 54 8 53
2 56 50 50 54 26 24
51 63 32 21 52 59 29
38 51 39 57 5 44 46
16 53 48 52 24 29 34
25 10 7 33 13 39 32
32 7 58 51 63 32 61
29 64 6 44 38 18 28
18 40 15 55 1 65 63
55 1 65 53 60 51 60
49 43 54 33 13 39 33
50 54 26 64 28 65 46
56 55 53 37 5 53 50
45 65 60 49 43 54 22
14 57 21 60 31 32 28
1 54 8 31 8 51 62
9 10 22 42 30 26 20
26 28 10 55 1 65 61
52 24 29 17 66 38 42
59 55 50 54 53 34 16
58 29 50 41 14 26 28
28 7 2 36 15 24 23
25 10 7 34 11 29 22
34 11 29 2 56 50 49
60 31 32 59 55 50 30
56 55 53 19 55 31 22
42 30 26 56 55 53 36
22 58 14 16 53 48 34
53 60 51 64 28 65 34
57 5 44 14 57 21 56
1 54 8 9 10 22 46
27 37 60 8 56 47 23
28 7 2 63 15 2 8
39 37 58 3 31 26 32
41 14 26 20 52 0 46
2 56 50 12 22 28 40
33 13 39 40 26 15 27
7 19 50 27 37 60 20
24 58 30 52 24 29 34
42 30 26 55 1 65 48
40 26 15 21 52 59 51
34 11 29 36 15 24 6
28 7 2 3 31 26 33
47 21 32 45 65 60 52
41 14 26 21 52 59 50
65 59 32 9 10 22 50
61 12 24 6 0 44 23
8 56 47 14 57 21 26
19 55 31 43 53 63 32
3 31 26 19 55 31 24
7 19 50 36 15 24 26
58 29 50 9 10 22 33
18 40 15 65 59 32 25
64 28 65 58 29 50 15
51 63 32 60 31 32 32
29 64 6 34 11 29 57
34 11 29 6 0 44 18
6 0 44 38 51 39 51
43 53 63 38 51 39 24
44 38 18 21 52 59 43
15 32 41 59 55 50 24
39 37 58 43 53 63 16
0 41 2 45 65 60 62
41 14 26 34 11 29 4
11 4 28 56 55 53 56
52 24 29 15 32 41 14
5 9 0 36 15 24 24
47 21 32 52 24 29 4
39 37 58 33 13 39 30
56 55 53 44 38 18 38
18 40 15 42 30 26 14
61 12 24 35 41 56 43
33 13 39 5 9 0 39
29 64 6 63 15 2 49
16 53 48 31 8 51 45
5 9 0 50 54 26 51
19 55 31 23 64 13 20
49 43 54 63 15 2 59
6 0 44 28 7 2 42
17 66 38 35 41 56 30
45 65 60 27 37 60 28
12 22 28 56 55 53 41
1 54 8 30 12 28 46
19 55 31 54 53 34 3
50 54 26 55 1 65 65
40 26 15 62 55 65 57
35 41 56 46 61 54 20
56 55 53 34 11 29 50
22 58 14 57 5 44 60
51 63 32 58 29 50 38
28 7 2 7 19 50 49
50 54 26 30 12 28 42
12 22 28 5 9 0 30
8 56 47 7 19 50 37
9 10 22 66 37 45 35
43 53 63 33 13 39 46
60 31 32 0 41 2 31
48 14 63 46 61 54 47
25 10 7 60 31 32 32
51 63 32 33 13 39 50
34 11 29 45 65 60 62
36 15 24 2 56 50 48
12 22 28 28 7 2 30
14 57 21 29 64 6 16
16 53 48 36 15 24 44
27 37 60 41 14 26 41
52 24 29 60 31 32 7
29 64 6 55 1 65 86
51 63 32 36 15 24 48
35 41 56 60 31 32 26
40 26 15 50 54 26 30
26 28 10 63 15 2 15
53 60 51 48 14 63 47
17 66 38 5 9 0 68
30 12 28 38 51 39 40
23 64 13 54 53 34 23
10 8 26 19 55 31 47
22 58 14 14 57 21 7
62 55 65 32 7 58 48
22 58 14 63 15 2 44
59 55 50 47 21 32 38
16 53 48 59 55 50 2
48 14 63 10 8 26 37
57 5 44 66 37 45 32
2 56 50 26 28 10 48
43 53 63 44 38 18 47
40 26 15 47 21 32 17
43 53 63 49 43 54 13
8 56 47 3 31 26 32
40 26 15 2 56 50 46
59 55 50 52 24 29 37
19 55 31 31 8 51 51
53 60 51 34 11 29 53
58 29 50 36 15 24 29
12 22 28 21 52 59 43
4 7 24 5 9 0 24
55 1 65 41 14 26 41
59 55 50 57 5 44 50
5 9 0 61 12 24 24
33 13 39 1 54 8 51
55 1 65 52 24 29 42
36 15 24 22 58 14 44
40 26 15 20 52 0 30
36 15 24 9 10 22 5
52 24 29 32 7 58 33
7 19 50 33 13 39 12
12 22 28 60 31 32 9
62 55 65 5 9 0 79
0 41 2 3 31 26 26
39 37 58 60 31 32 26
29 64 6 18 40 15 25
29 64 6 36 15 24 52
5 9 0 46 61 54 74
65 59 32 55 1 65 66
55 1 65 2 56 50 57
52 24 29 22 58 14 37
13 66 65 28 7 2 86
23 64 13 34 11 29 55
38 51 39 29 64 6 35
15 32 41 36 15 24 24
15 32 41 38 51 39 19
1 54 8 2 56 50 42
46 61 54 52 24 29 44
32 7 58 30 12 28 30
50 54 26 65 59 32 7
19 55 31 8 56 47 16
45 65 60 33 13 39 56
37 5 53 2 56 50 51
44 38 18 55 1 65 59
66 37 45 58 29 50 9
33 13 39 28 7 2 37
27 37 60 34 11 29 40
36 15 24 49 43 54 41
63 15 2 12 22 28 26
50 54 26 62 55 65 39
53 60 51 41 14 26 52
57 5 44 23 64 13 66
9 10 22 44 38 18 28
26 28 10 53 60 51 52
28 7 2 47 21 32 33
49 43 54 13 66 65 25
41 14 26 16 53 48 44
55 1 65 57 5 44 21
3 31 26 15 32 41 15
56 55 53 40 26 15 47
3 31 26 16 53 48 31
32 7 58 27 37 60 30
18 40 15 31 8 51 48
32 7 58 20 52 0 73
16 53 48 38 51 39 9
16 53 48 0 41 2 47
16 53 48 23 64 13 36
19 55 31 61 12 24 43
24 58 30 14 57 21 9
61 12 24 12 22 28 10
31 8 51 32 7 58 7
8 56 47 13 66 65 20
54 53 34 25 10 7 50
43 53 63 1 54 8 55
59 55 50 31 8 51 47
58 29 50 31 8 51 21
3 31 26 26 28 10 16
22 58 14 50 54 26 12
35 41 56 12 22 28 33
51 63 32 40 26 15 40
52 24 29 43 53 63 44
66 37 45 31 8 51 29
30 12 28 18 40 15 30
50 54 26 27 37 60 38
12 22 28 30 12 28 10
34 11 29 66 37 45 30
17 66 38 10 8 26 59
7 19 50 46 61 54 42
2 56 50 45 65 60 13
33 13 39 37 5 53 16
7 19 50 9 10 22 29
58 29 50 13 66 65 39
16 53 48 4 7 24 51
46 61 54 53 60 51 3
52 24 29 6 0 44 28
13 66 65 62 55 65 11
37 5 53 27 37 60 32
17 66 38 11 4 28 62
26 28 10 43 53 63 58
64 28 65 63 15 2 64
3 31 26 66 37 45 19
32 7 58 29 64 6 77
32 7 58 9 10 22 36
15 32 41 11 4 28 30
24 58 30 38 51 39 11
3 31 26 44 38 18 10
13 66 65 33 13 39 59
51 63 32 15 32 41 32
14 57 21 47 21 32 37
4 7 24 10 8 26 2
31 8 51 47 21 32 23
50 54 26 28 7 2 52
55 1 65 11 4 28 37
34 11 29 7 19 50 22
39 37 58 53 60 51 24
8 56 47 28 7 2 66
44 38 18 34 11 29 29
35 41 56 2 56 50 16
60 31 32 10 8 26 23
27 37 60 49 43 54 8
59 55 50 61 12 24 50
43 53 63 22 58 14 49
43 53 63 62 55 65 2
21 52 59 8 56 47 12
29 64 6 5 9 0 55
6 0 44 20 52 0 68
6 0 44 40 26 15 38
6 0 44 21 52 59 54
47 21 32 6 0 44 24
33 13 39 11 4 28 14
36 15 24 38 51 39 39
26 28 10 4 7 24 25
25 10 7 56 55 53 64
66 37 45 36 15 24 30
50 54 26 45 65 60 35
25 10 7 39 37 58 57
22 58 14 64 28 65 59
1 54 8 11 4 28 53
13 66 65 3 31 26 52
58 29 50 48 14 63 19
60 31 32 53 60 51 34
3 31 26 21 52 59 39
63 15 2 52 24 29 28
1 54 8 12 22 28 37
14 57 21 53 60 51 30
15 32 41 19 55 31 25
39 37 58 35 41 56 4
42 30 26 3 31 26 1
13 66 65 64 28 65 38
1 54 8 38 51 39 31
4 7 24 64 28 65 46
64 28 65 2 56 50 31
19 55 31 64 28 65 43
46 61 54 30 12 28 55
27 37 60 52 24 29 33
46 61 54 17 66 38 16
59 55 50 56 55 53 3
29 64 6 43 53 63 58
46 61 54 65 59 32 22
39 37 58 50 54 26 36
12 22 28 22 58 14 38
50 54 26 10 8 26 46
21 52 59 29 64 6 54
60 31 32 65 59 32 28
5 9 0 18 40 15 34
40 26 15 64 28 65 50
1 54 8 29 64 6 10
48 14 63 9 10 22 41
32 7 58 1 54 8 68
28 7 2 48 14 63 61
14 57 21 45 65 60 39
41 14 26 61 12 24 2
0 41 2 9 10 22 36
41 14 26 3 31 26 17
66 37 45 60 31 32 14
59 55 50 19 55 31 19
10 8 26 8 56 47 52
37 5 53 58 29 50 24
21 52 59 11 4 28 57
58 29 50 14 57 21 40
3 31 26 65 59 32 28
7 19 50 48 14 63 13
49 43 54 34 11 29 40
41 14 26 29 64 6 53
39 37 58 51 63 32 36
49 43 54 39 37 58 7
24 58 30 34 11 29 47
59 55 50 26 28 10 48
4 7 24 65 59 32 52
4 7 24 15 32 41 30
6 0 44 17 66 38 66
22 58 14 0 41 2 20
49 43 54 7 19 50 24
56 55 53 7 19 50 36
5 9 0 14 57 21 52
0 41 2 34 11 29 40
55 1 65 13 66 65 65
49 43 54 29 64 6 52
54 53 34 11 4 28 49
64 28 65 36 15 24 43
53 60 51 32 7 58 53
4 7 24 54 53 34 47
51 63 32 17 66 38 6
60 31 32 18 40 15 19
30 12 28 0 41 2 38
23 64 13 42 30 26 36
53 60 51 63 15 2 66
44 38 18 12 22 28 18
6 0 44 19 55 31 56
54 53 34 22 58 14 20
27 37 60 14 57 21 43
36 15 24 3 31 26 16
37 5 53 60 31 32 33
42 30 26 29 64 6 39
57 5 44 15 32 41 27
46 61 54 51 63 32 22
35 41 56 1 54 8 49
31 8 51 30 12 28 23
34 11 29 46 61 54 55
9 10 22 60 31 32 23
17 66 38 16 53 48 16
36 15 24 0 41 2 34
56 55 53 46 61 54 6
51 63 32 34 11 29 52
39 37 58 15 32 41 17
17 66 38 2 56 50 15
21 52 59 39 37 58 15
4 7 24 22 58 14 51
50 54 26 4 7 24 47
47 21 32 1 54 8 40
29 64 6 35 41 56 55
28 7 2 27 37 60 65
31 8 51 44 38 18 44
52 24 29 42 30 26 6
53 60 51 19 55 31 20
38 51 39 2 56 50 12
8 56 47 38 51 39 9
13 66 65 57 5 44 64
28 7 2 26 28 10 22
64 28 65 25 10 7 60
0 41 2 59 55 50 50
9 10 22 10 8 26 4
13 66 65 41 14 26 65
4 7 24 29 64 6 59
46 61 54 59 55 50 7
49 43 54 12 22 28 33
5 9 0 21 52 59 73
21 52 59 42 30 26 39
48 14 63 50 54 26 54
41 14 26 44 38 18 25
0 41 2 58 29 50 49
46 61 54 25 10 7 69
38 51 39 10 8 26 44
35 41 56 65 59 32 30
1 54 8 66 37 45 40
46 61 54 50 54 26 28
3 31 26 59 55 50 33
13 66 65 22 58 14 51
20 52 0 27 37 60 61
4 7 24 66 37 45 36
26 28 10 0 41 2 15
45 65 60 35 41 56 24
34 11 29 16 53 48 46
55 1 65 64 28 65 27
0 41 2 54 53 34 34
25 10 7 14 57 21 49
60 31 32 26 28 10 22
57 5 44 43 53 63 51
22 58 14 26 28 10 30
14 57 21 7 19 50 47
18 40 15 50 54 26 17
24 58 30 44 38 18 23
57 5 44 18 40 15 45
41 14 26 56 55 53 49
12 22 28 31 8 51 26
13 66 65 50 54 26 40
15 32 41 66 37 45 6
60 31 32 22 58 14 32
41 14 26 54 53 34 39
39 37 58 59 55 50 19
6 0 44 11 4 28 16
39 37 58 20 52 0 59
13 66 65 4 7 24 71
0 41 2 51 63 32 37
22 58 14 38 51 39 25
2 56 50 62 55 65 15
18 40 15 34 11 29 32
37 5 53 29 64 6 75
47 21 32 26 28 10 23
10 8 26 7 19 50 26
61 12 24 40 26 15 16
53 60 51 4 7 24 59
56 55 53 62 55 65 12
40 26 15 28 7 2 23
31 8 51 11 4 28 23
50 54 26 57 5 44 52
35 41 56 15 32 41 17
59 55 50 43 53 63 13
66 37 45 33 13 39 24
66 37 45 22 58 14 37
40 26 15 25 10 7 17
49 43 54 44 38 18 36
60 31 32 42 30 26 6
45 65 60 31 8 51 57
33 13 39 62 55 65 49
34 11 29 20 52 0 50
36 15 24 53 60 51 52
46 61 54 11 4 28 62
57 5 44 10 8 26 18
38 51 39 63 15 2 51
47 21 32 2 56 50 39
51 63 32 22 58 14 18
61 12 24 0 41 2 36
15 32 41 31 8 51 26
32 7 58 64 28 65 22
46 61 54 16 53 48 10
57 5 44 33 13 39 9
61 12 24 42 30 26 18
1 54 8 23 64 13 11
19 55 31 55 1 65 63
14 57 21 64 28 65 52
60 31 32 56 55 53 31
20 52 0 50 54 26 26
59 55 50 17 66 38 16
26 28 10 18 40 15 13
17 66 38 45 65 60 22
31 8 51 60 31 32 29
5 9 0 37 5 53 53
54 53 34 8 56 47 13
5 9 0 7 19 50 50
63 15 2 66 37 45 48
20 52 0 47 21 32 44
40 26 15 54 53 34 33
54 53 34 62 55 65 31
56 55 53 36 15 24 49
52 24 29 28 7 2 31
21 52 59 66 37 45 20
47 21 32 17 66 38 45
15 32 41 62 55 65 33
25 10 7 44 38 18 30
40 26 15 57 5 44 35
29 64 6 8 56 47 41
34 11 29 5 9 0 29
65 59 32 13 66 65 33
0 41 2 14 57 21 24
25 10 7 43 53 63 70
30 12 28 34 11 29 1
46 61 54 29 64 6 48
57 5 44 64 28 65 31
59 55 50 7 19 50 36
2 56 50 65 59 32 18
64 28 65 27 37 60 10
36 15 24 26 28 10 19
5 9 0 44 38 18 34
39 37 58 36 15 24 40
31 8 51 13 66 65 59
59 55 50 45 65 60 14
30 12 28 37 5 53 25
48 14 63 15 32 41 28
11 4 28 45 65 60 68
15 32 41 41 14 26 23
43 53 63 37 5 53 49
33 13 39 20 52 0 55
54 53 34 63 15 2 49
23 64 13 44 38 18 26
47 21 32 66 37 45 20
9 10 22 55 1 65 43
32 7 58 13 66 65 59
13 66 65 20 52 0 66
40 26 15 60 31 32 17
13 66 65 34 11 29 65
37 5 53 21 52 59 47
65 59 32 63 15 2 53
51 63 32 55 1 65 70
8 56 47 37 5 53 51
26 28 10 34 11 29 25
5 9 0 27 37 60 66
11 4 28 30 12 28 8
63 15 2 41 14 26 24
51 63 32 65 59 32 4
57 5 44 60 31 32 28
55 1 65 45 65 60 64
59 55 50 28 7 2 67
56 55 53 10 8 26 54
22 58 14 56 55 53 39
38 51 39 9 10 22 44
57 5 44 35 41 56 37
5 9 0 40 26 15 22
46 61 54 64 28 65 34
15 32 41 40 26 15 26
56 55 53 65 59 32 21
51 63 32 10 8 26 55
8 56 47 39 37 58 21
6 0 44 14 57 21 61
57 5 44 21 52 59 49
51 63 32 35 41 56 32
48 14 63 40 26 15 49
10 8 26 36 15 24 7
19 55 31 21 52 59 28
42 30 26 12 22 28 8
1 54 8 40 26 15 28
56 55 53 14 57 21 32
20 52 0 19 55 31 31
26 28 10 45 65 60 62
41 14 26 18 40 15 28
25 10 7 49 43 54 57
18 40 15 38 51 39 26
30 12 28 60 31 32 19
20 52 0 22 58 14 15
52 24 29 44 38 18 17
20 52 0 7 19 50 59
38 51 39 61 12 24 41
15 32 41 6 0 44 32
46 61 54 32 7 58 54
20 52 0 31 8 51 67
36 15 24 6 0 44 25
19 55 31 47 21 32 34
37 5 53 1 54 8 66
17 66 38 18 40 15 34
11 4 28 24 58 30 54
25 10 7 31 8 51 44
14 57 21 48 14 63 60
37 5 53 66 37 45 32
50 54 26 9 10 22 44
25 10 7 66 37 45 46
17 66 38 29 64 6 32
57 5 44 53 60 51 55
22 58 14 28 7 2 52
23 64 13 0 41 2 25
41 14 26 52 24 29 10
66 37 45 27 37 60 15
12 22 28 0 41 2 32
21 52 59 27 37 60 15
14 57 21 17 66 38 19
44 38 18 10 8 26 31
2 56 50 27 37 60 21
59 55 50 40 26 15 45
8 56 47 58 29 50 27
21 52 59 35 41 56 11
31 8 51 56 55 53 47
58 29 50 47 21 32 19
62 55 65 31 8 51 49
6 0 44 39 37 58 39
5 9 0 41 14 26 26
2 56 50 16 53 48 3
35 41 56 8 56 47 17
54 53 34 9 10 22 44
41 14 26 25 10 7 19
43 53 63 48 14 63 39
51 63 32 8 56 47 16
6 0 44 58 29 50 29
34 11 29 65 59 32 48
7 19 50 62 55 65 39
15 32 41 21 52 59 26
6 0 44 44 38 18 46
40 26 15 9 10 22 17
11 4 28 65 59 32 55
38 51 39 21 52 59 20
25 10 7 13 66 65 80
30 12 28 35 41 56 40
3 31 26 23 64 13 35
20 52 0 15 32 41 45
14 57 21 59 55 50 29
11 4 28 66 37 45 37
32 7 58 41 14 26 32
8 56 47 30 12 28 47
41 14 26 36 15 24 2
7 19 50 64 28 65 17
15 32 41 14 57 21 32
27 37 60 62 55 65 18
4 7 24 18 40 15 34
63 15 2 7 19 50 48
41 14 26 51 63 32 49
50 54 26 33 13 39 43
57 5 44 62 55 65 54
5 9 0 64 28 65 67
58 29 50 16 53 48 24
50 54 26 47 21 32 33
44 38 18 45 65 60 49
47 21 32 35 41 56 31
63 15 2 13 66 65 81
14 57 21 12 22 28 35
57 5 44 36 15 24 22
40 26 15 11 4 28 25
45 65 60 7 19 50 47
42 30 26 47 21 32 10
18 40 15 22 58 14 18
23 64 13 50 54 26 16
30 12 28 24 58 30 46
22 58 14 24 58 30 16
52 24 29 40 26 15 14
45 65 60 24 58 30 30
60 31 32 34 11 29 20
16 53 48 60 31 32 27
16 53 48 30 12 28 45
38 51 39 53 60 51 15
32 7 58 21 52 59 45
23 64 13 26 28 10 36
28 7 2 10 8 26 24
39 37 58 58 29 50 11
42 30 26 51 63 32 33
8 56 47 46 61 54 8
23 64 13 2 56 50 37
52 24 29 49 43 54 31
24 58 30 1 54 8 22
33 13 39 61 12 24 15
58 29 50 10 8 26 31
54 53 34 26 28 10 34
52 24 29 66 37 45 20
39 37 58 5 9 0 64
52 24 29 23 64 13 43
47 21 32 25 10 7 27
22 58 14 47 21 32 41
4 7 24 12 22 28 15
36 15 24 42 30 26 15
66 37 45 10 8 26 34
26 28 10 37 5 53 48
19 55 31 13 66 65 35
2 56 50 14 57 21 29
54 53 34 55 1 65 60
47 21 32 55 1 65 38
60 31 32 7 19 50 21
27 37 60 56 55 53 19
61 12 24 27 37 60 43
56 55 53 51 63 32 22
20 52 0 5 9 0 43
39 37 58 56 55 53 18
43 53 63 3 31 26 43
45 65 60 37 5 53 60
5 9 0 59 55 50 67
37 5 53 0 41 2 62
20 52 0 44 38 18 22
66 37 45 43 53 63 24
63 15 2 19 55 31 49
18 40 15 44 38 18 3
23 64 13 46 61 54 41
44 38 18 19 55 31 21
29 64 6 27 37 60 60
2 56 50 52 24 29 38
20 52 0 36 15 24 44
40 26 15 66 37 45 31
23 64 13 24 58 30 18
1 54 8 62 55 65 57
28 7 2 32 7 58 56
48 14 63 5 9 0 63
5 9 0 43 53 63 76
6 0 44 9 10 22 24
27 37 60 3 31 26 34
56 55 53 28 7 2 70
14 57 21 35 41 56 38
64 28 65 9 10 22 46
58 29 50 4 7 24 34
32 7 58 12 22 28 33
32 7 58 0 41 2 65
16 53 48 55 1 65 54
41 14 26 12 22 28 8
23 64 13 32 7 58 72
44 38 18 11 4 28 35
6 0 44 22 58 14 65
40 26 15 53 60 51 49
24 58 30 17 66 38 11
22 58 14 7 19 50 53
2 56 50 60 31 32 30
12 22 28 48 14 63 35
18 40 15 20 52 0 19
25 10 7 28 7 2 5
47 21 32 51 63 32 42
33 13 39 31 8 51 13
58 29 50 30 12 28 27
6 0 44 33 13 39 13
24 58 30 12 22 28 36
42 30 26 54 53 34 24
53 60 51 61 12 24 55
15 32 41 12 22 28 16
39 37 58 41 14 26 39
53 60 51 56 55 53 5
62 55 65 16 53 48 17
4 7 24 39 37 58 45
5 9 0 0 41 2 32
44 38 18 22 58 14 20
9 10 22 29 64 6 56
5 9 0 2 56 50 68
48 14 63 35 41 56 27
47 21 32 8 56 47 38
2 56 50 30 12 28 49
63 15 2 2 56 50 63
66 37 45 19 55 31 22
66 37 45 48 14 63 29
27 37 60 55 1 65 36
28 7 2 9 10 22 20
10 8 26 64 28 65 43
5 9 0 66 37 45 53
41 14 26 6 0 44 22
27 37 60 36 15 24 42
28 7 2 0 41 2 34
13 66 65 45 65 60 5
61 12 24 4 7 24 5
11 4 28 3 31 26 27
63 15 2 17 66 38 62
33 13 39 30 12 28 11
66 37 45 28 7 2 52
26 28 10 32 7 58 52
15 32 41 32 7 58 30
10 8 26 39 37 58 43
0 41 2 39 37 58 56
9 10 22 15 32 41 29
17 66 38 20 52 0 40
11 4 28 25 10 7 21
12 22 28 34 11 29 11
13 66 65 43 53 63 13
38 51 39 64 28 65 34
19 55 31 38 51 39 8
54 53 34 1 54 8 26
66 37 45 59 55 50 18
26 28 10 65 59 32 38
48 14 63 18 40 15 54
9 10 22 34 11 29 7
16 53 48 56 55 53 5
9 10 22 20 52 0 47
45 65 60 22 58 14 46
56 55 53 45 65 60 12
39 37 58 18 40 15 43
56 55 53 15 32 41 25
9 10 22 11 4 28 8
20 52 0 2 56 50 50
26 28 10 38 51 39 37
39 37 58 45 65 60 28
51 63 32 16 53 48 18
55 1 65 23 64 13 81
23 64 13 60 31 32 38
1 54 8 50 54 26 18
48 14 63 38 51 39 44
7 19 50 1 54 8 54
64 28 65 0 41 2 64
14 57 21 40 26 15 31
3 31 26 55 1 65 49
10 8 26 11 4 28 4
57 5 44 61 12 24 21
13 66 65 48 14 63 52
10 8 26 41 14 26 6
28 7 2 16 53 48 65
6 0 44 18 40 15 49
10 8 26 6 0 44 19
43 53 63 30 12 28 53
38 51 39 54 53 34 5
14 57 21 39 37 58 42
31 8 51 50 54 26 52
37 5 53 24 58 30 57
15 32 41 26 28 10 31
19 55 31 9 10 22 45
1 54 8 63 15 2 39
24 58 30 5 9 0 57
0 41 2 21 52 59 58
48 14 63 39 37 58 23
46 61 54 55 1 65 61
54 53 34 24 58 30 6
66 37 45 12 22 28 22
28 7 2 34 11 29 27
17 66 38 33 13 39 53
28 7 2 19 55 31 56
49 43 54 37 5 53 38
13 66 65 59 55 50 18
30 12 28 56 55 53 49
9 10 22 25 10 7 15
27 37 60 0 41 2 58
32 7 58 56 55 53 48
51 63 32 19 55 31 8
16 53 48 54 53 34 14
22 58 14 46 61 54 40
53 60 51 28 7 2 72
14 57 21 51 63 32 12
38 51 39 56 55 53 14
28 7 2 17 66 38 69
49 43 54 56 55 53 12
4 7 24 27 37 60 46
58 29 50 20 52 0 55
35 41 56 42 30 26 31
3 31 26 29 64 6 38
55 1 65 17 66 38 70
4 7 24 9 10 22 3
12 22 28 57 5 44 23
38 51 39 49 43 54 17
54 53 34 36 15 24 39
25 10 7 52 24 29 26
51 63 32 48 14 63 57
57 5 44 28 7 2 42
23 64 13 20 52 0 17
38 51 39 27 37 60 25
24 58 30 48 14 63 55
61 12 24 25 10 7 17
30 12 28 21 52 59 50
17 66 38 4 7 24 60
13 66 65 11 4 28 72
16 53 48 25 10 7 59
44 38 18 26 28 10 12
32 7 58 42 30 26 39
39 37 58 66 37 45 13
38 51 39 4 7 24 46
10 8 26 43 53 63 58
13 66 65 27 37 60 29
18 40 15 14 57 21 18
23 64 13 31 8 51 67
46 61 54 45 65 60 7
32 7 58 57 5 44 14
0 41 2 40 26 15 19
1 54 8 5 9 0 45
35 41 56 34 11 29 40
23 64 13 27 37 60 54
37 5 53 23 64 13 71
61 12 24 20 52 0 46
48 14 63 47 21 32 31
45 65 60 10 8 26 66
41 14 26 35 41 56 40
45 65 60 16 53 48 16
33 13 39 48 14 63 24
52 24 29 5 9 0 32
50 54 26 3 31 26 23
12 22 28 45 65 60 53
56 55 53 1 54 8 45
5 9 0 47 21 32 34
63 15 2 34 11 29 27
6 0 44 13 66 65 69
21 52 59 64 28 65 24
19 55 31 12 22 28 33
55 1 65 58 29 50 31
56 55 53 17 66 38 18
63 15 2 5 9 0 6
2 56 50 66 37 45 19
32 7 58 6 0 44 15
52 24 29 7 19 50 21
48 14 63 26 28 10 54
40 26 15 24 58 30 35
24 58 30 41 14 26 44
64 28 65 29 64 6 69
39 37 58 29 64 6 58
29 64 6 20 52 0 13
34 11 29 4 7 24 6
28 7 2 64 28 65 66
26 28 10 50 54 26 30
28 7 2 46 61 54 74
17 66 38 36 15 24 52
4 7 24 30 12 28 6
1 54 8 6 0 44 64
61 12 24 14 57 21 45
4 7 24 0 41 2 40
0 41 2 43 53 63 62
29 64 6 31 8 51 71
32 7 58 10 8 26 32
60 31 32 11 4 28 27
59 55 50 32 7 58 48
32 7 58 48 14 63 8
13 66 65 17 66 38 27
48 14 63 29 64 6 75
59 55 50 9 10 22 53
2 56 50 49 43 54 13
8 56 47 23 64 13 34
54 53 34 14 57 21 13
43 53 63 18 40 15 49
48 14 63 1 54 8 68
13 66 65 61 12 24 67
3 31 26 20 52 0 33
64 28 65 61 12 24 44
59 55 50 49 43 54 12
18 40 15 12 22 28 22
23 64 13 40 26 15 38
48 14 63 41 14 26 37
0 41 2 1 54 8 14
19 55 31 35 41 56 28
57 5 44 3 31 26 31
23 64 13 59 55 50 38
56 55 53 50 54 26 27
48 14 63 57 5 44 21
0 41 2 33 13 39 46
14 57 21 43 53 63 42
10 8 26 55 1 65 39
3 31 26 60 31 32 6
8 56 47 42 30 26 33
19 55 31 34 11 29 44
10 8 26 1 54 8 49
11 4 28 63 15 2 28
45 65 60 30 12 28 61
17 66 38 34 11 29 55
42 30 26 33 13 39 21
63 15 2 10 8 26 25
28 7 2 18 40 15 35
5 9 0 22 58 14 50
9 10 22 37 5 53 31
52 24 29 33 13 39 14
9 10 22 3 31 26 21
61 12 24 22 58 14 47
34 11 29 1 54 8 47
40 26 15 26 28 10 5
28 7 2 60 31 32 38
14 57 21 16 53 48 27
66 37 45 61 12 24 32
17 66 38 40 26 15 46
47 21 32 15 32 41 14
1 54 8 25 10 7 44
40 26 15 4 7 24 21
7 19 50 26 28 10 41
27 37 60 47 21 32 32
4 7 24 7 19 50 28
47 21 32 18 40 15 25
34 11 29 33 13 39 10
53 60 51 27 37 60 24
65 59 32 59 55 50 18
29 64 6 51 63 32 26
55 1 65 33 13 39 28
7 19 50 16 53 48 34
14 57 21 44 38 18 19
18 40 15 11 4 28 38
6 0 44 65 59 32 60
38 51 39 33 13 39 38
15 32 41 25 10 7 40
37 5 53 41 14 26 28
22 58 14 32 7 58 67
53 60 51 24 58 30 21
22 58 14 55 1 65 76
0 41 2 63 15 2 26
40 26 15 13 66 65 64
40 26 15 19 55 31 33
10 8 26 3 31 26 23
6 0 44 63 15 2 44
36 15 24 65 59 32 44
57 5 44 0 41 2 55
27 37 60 15 32 41 19
22 58 14 8 56 47 33
14 57 21 13 66 65 44
44 38 18 50 54 26 17
20 52 0 38 51 39 39
7 19 50 19 55 31 40
35 41 56 13 66 65 26
24 58 30 26 28 10 36
22 58 14 9 10 22 48
20 52 0 35 41 56 57
50 54 26 29 64 6 22
45 65 60 29 64 6 54
46 61 54 2 56 50 6
14 57 21 63 15 2 46
17 66 38 60 31 32 35
60 31 32 61 12 24 20
21 52 59 58 29 50 24
65 59 32 54 53 34 6
23 64 13 41 14 26 51
0 41 2 31 8 51 59
21 52 59 1 54 8 51
17 66 38 41 14 26 53
23 64 13 30 12 28 54
58 29 50 19 55 31 32
52 24 29 35 41 56 31
2 56 50 3 31 26 34
3 31 26 45 65 60 48
38 51 39 42 30 26 24
7 19 50 44 38 18 37
48 14 63 11 4 28 36
66 37 45 54 53 34 19
65 59 32 0 41 2 34
29 64 6 6 0 44 74
46 61 54 24 58 30 24
30 12 28 61 12 24 4
35 41 56 28 7 2 63
31 8 51 24 58 30 54
16 53 48 53 60 51 7
27 37 60 31 8 51 30
5 9 0 53 60 51 72
59 55 50 41 14 26 47
17 66 38 9 10 22 58
35 41 56 53 60 51 19
16 53 48 35 41 56 14
42 30 26 62 55 65 46
37 5 53 4 7 24 29
52 24 29 11 4 28 20
30 12 28 29 64 6 56
13 66 65 5 9 0 86
64 28 65 39 37 58 11
45 65 60 58 29 50 37
41 14 26 0 41 2 36
36 15 24 14 57 21 42
24 58 30 10 8 26 50
24 58 30 57 5 44 54
38 51 39 35 41 56 19
17 66 38 64 28 65 46
61 12 24 15 32 41 26
4 7 24 1 54 8 49
57 5 44 34 11 29 16
63 15 2 45 65 60 76
54 53 34 20 52 0 34
37 5 53 16 53 48 48
43 53 63 2 56 50 13
13 66 65 24 58 30 35
15 32 41 24 58 30 28
0 41 2 49 43 54 52
15 32 41 28 7 2 46
62 55 65 44 38 18 49
66 37 45 41 14 26 29
3 31 26 47 21 32 11
30 12 28 44 38 18 27
55 1 65 36 15 24 43
60 31 32 8 56 47 29
43 53 63 7 19 50 36
7 19 50 61 12 24 26
60 31 32 50 54 26 23
56 55 53 2 56 50 3
15 32 41 30 12 28 23
66 37 45 32 7 58 32
45 65 60 9 10 22 66
45 65 60 5 9 0 82
23 64 13 64 28 65 63
50 54 26 58 29 50 34
54 53 34 51 63 32 10
58 29 50 59 55 50 26
47 21 32 60 31 32 10
64 28 65 59 55 50 30
33 13 39 21 52 59 43
48 14 63 61 12 24 39
25 10 7 0 41 2 31
37 5 53 35 41 56 36
57 5 44 1 54 8 60
30 12 28 36 15 24 5
3 31 26 22 58 14 29
10 8 26 65 59 32 51
59 55 50 36 15 24 47
29 64 6 52 24 29 46
31 8 51 8 56 47 48
64 28 65 56 55 53 29
22 58 14 11 4 28 55
50 54 26 61 12 24 42
43 53 63 4 7 24 60
25 10 7 29 64 6 54
10 8 26 27 37 60 44
24 58 30 51 63 32 5
11 4 28 23 64 13 61
16 53 48 10 8 26 50
11 4 28 2 56 50 56
57 5 44 8 56 47 51
49 43 54 19 55 31 25
39 37 58 40 26 15 44
11 4 28 53 60 51 60
54 53 34 17 66 38 13
17 66 38 66 37 45 29
18 40 15 19 55 31 21
60 31 32 13 66 65 48
62 55 65 3 31 26 45
8 56 47 16 53 48 3
16 53 48 33 13 39 41
41 14 26 49 43 54 40
42 30 26 10 8 26 22
12 22 28 8 56 47 38
51 63 32 62 55 65 33
2 56 50 42 30 26 35
22 58 14 58 29 50 46
25 10 7 21 52 59 66
32 7 58 43 53 63 46
43 53 63 21 52 59 4
37 5 53 44 38 18 48
35 41 56 40 26 15 43
12 22 28 62 55 65 49
18 40 15 2 56 50 38
40 26 15 29 64 6 39
7 19 50 38 51 39 33
39 37 58 28 7 2 63
46 61 54 20 52 0 54
37 5 53 62 55 65 51
29 64 6 2 56 50 44
42 30 26 20 52 0 34
44 38 18 38 51 39 24
24 58 30 21 52 59 29
54 53 34 18 40 15 23
44 38 18 48 14 63 51
18 40 15 27 37 60 45
44 38 18 28 7 2 34
0 41 2 38 51 39 38
62 55 65 26 28 10 61
11 4 28 39 37 58 44
47 21 32 13 66 65 55
31 8 51 46 61 54 53
49 43 54 61 12 24 43
52 24 29 39 37 58 31
54 53 34 52 24 29 29
65 59 32 22 58 14 18
61 12 24 44 38 18 26
0 41 2 62 55 65 64
44 38 18 8 56 47 34
5 9 0 30 12 28 28
56 55 53 57 5 44 50
49 43 54 57 5 44 39
38 51 39 46 61 54 18
50 54 26 6 0 44 56
44 38 18 63 15 2 28
23 64 13 35 41 56 48
31 8 51 49 43 54 35
21 52 59 49 43 54 10
30 12 28 6 0 44 20
55 1 65 63 15 2 64
18 40 15 62 55 65 52
47 21 32 16 53 48 35
12 22 28 55 1 65 42
30 12 28 59 55 50 48
16 53 48 32 7 58 47
48 14 63 8 56 47 44
62 55 65 64 28 65 27
21 52 59 53 60 51 11
52 24 29 4 7 24 17
33 13 39 24 58 30 45
64 28 65 34 11 29 39
33 13 39 18 40 15 36
27 37 60 63 15 2 62
30 12 28 10 8 26 4
50 54 26 15 32 41 26
21 52 59 52 24 29 41
61 12 24 55 1 65 42
7 19 50 24 58 30 43
53 60 51 10 8 26 57
43 53 63 40 26 15 55
16 53 48 57 5 44 48
6 0 44 64 28 65 35
14 57 21 37 5 53 61
56 55 53 5 9 0 70
55 1 65 5 9 0 65
37 5 53 15 32 41 29
23 64 13 25 10 7 54
4 7 24 57 5 44 20
61 12 24 17 66 38 55
1 54 8 36 15 24 42
61 12 24 34 11 29 5
49 43 54 35 41 56 2
0 41 2 8 56 47 47
33 13 39 36 15 24 15
0 41 2 13 66 65 67
37 5 53 53 60 51 55
64 28 65 43 53 63 25
55 1 65 6 0 44 21
16 53 48 15 32 41 22
41 14 26 19 55 31 41
39 37 58 30 12 28 39
52 24 29 20 52 0 40
19 55 31 11 4 28 51
21 52 59 28 7 2 72
16 53 48 49 43 54 11
27 37 60 22 58 14 50
29 64 6 61 12 24 55
58 29 50 43 53 63 27
13 66 65 9 10 22 70
44 38 18 57 5 44 42
4 7 24 14 57 21 50
40 26 15 34 11 29 20
54 53 34 53 60 51 18
18 40 15 49 43 54 39
43 53 63 36 15 24 54
11 4 28 26 28 10 30
39 37 58 57 5 44 34
48 14 63 65 59 32 54
35 41 56 6 0 44 42
47 21 32 41 14 26 9
18 40 15 45 65 60 51
37 5 53 6 0 44 10
52 24 29 19 55 31 31
4 7 24 32 7 58 34
5 9 0 11 4 28 28
47 21 32 62 55 65 47
55 1 65 21 52 59 51
53 60 51 47 21 32 43
31 8 51 21 52 59 44
6 0 44 0 41 2 58
16 53 48 61 12 24 47
54 53 34 10 8 26 45
43 53 63 34 11 29 54
3 31 26 63 15 2 28
35 41 56 7 19 50 22
23 64 13 29 64 6 7
57 5 44 47 21 32 20
44 38 18 0 41 2 16
42 30 26 40 26 15 11
56 55 53 35 41 56 14
58 29 50 5 9 0 53
51 63 32 52 24 29 39
42 30 26 37 5 53 36
43 53 63 24 58 30 33
28 7 2 62 55 65 79
21 52 59 50 54 26 33
49 43 54 22 58 14 42
26 28 10 30 12 28 24
35 41 56 64 28 65 15
54 53 34 3 31 26 23
58 29 50 38 51 39 24
28 7 2 30 12 28 26
35 41 56 18 40 15 41
65 59 32 19 55 31 4
24 58 30 29 64 6 24
59 55 50 25 10 7 62
0 41 2 19 55 31 32
44 38 18 64 28 65 48
19 55 31 60 31 32 24
42 30 26 66 37 45 20
14 57 21 32 7 58 62
23 64 13 28 7 2 58
10 8 26 59 55 50 52
53 60 51 30 12 28 53
37 5 53 22 58 14 65
12 22 28 6 0 44 27
54 53 34 57 5 44 49
65 59 32 30 12 28 47
6 0 44 46 61 54 61
54 53 34 32 7 58 51
50 54 26 19 55 31 5
32 7 58 65 59 32 58
53 60 51 52 24 29 42
15 32 41 60 31 32 9
46 61 54 3 31 26 41
45 65 60 25 10 7 76
4 7 24 59 55 50 54
20 52 0 62 55 65 65
33 13 39 23 64 13 57
2 56 50 59 55 50 1
48 14 63 25 10 7 56
38 51 39 11 4 28 48
52 24 29 18 40 15 21
35 41 56 9 10 22 46
31 8 51 34 11 29 22
19 55 31 1 54 8 23
60 31 32 36 15 24 17
18 40 15 61 12 24 29
45 65 60 36 15 24 61
43 53 63 23 64 13 51
50 54 26 63 15 2 45
54 53 34 37 5 53 51
30 12 28 7 19 50 23
63 15 2 4 7 24 23
8 56 47 1 54 8 39
8 56 47 34 11 29 48
41 14 26 9 10 22 5
54 53 34 49 43 54 22
13 66 65 37 5 53 62
26 28 10 46 61 54 55
64 28 65 11 4 28 44
51 63 32 63 15 2 56
1 54 8 16 53 48 40
57 5 44 37 5 53 9
9 10 22 14 57 21 47
45 65 60 15 32 41 38
31 8 51 39 37 58 29
54 53 34 28 7 2 56
24 58 30 25 10 7 53
63 15 2 46 61 54 69
18 40 15 1 54 8 15
50 54 26 59 55 50 24
65 59 32 29 64 6 26
37 5 53 12 22 28 30
1 54 8 3 31 26 29
5 9 0 28 7 2 2
46 61 54 33 13 39 50
10 8 26 40 26 15 21
58 29 50 42 30 26 24
55 1 65 43 53 63 52
36 15 24 13 66 65 65
39 37 58 16 53 48 18
10 8 26 22 58 14 51
43 53 63 9 10 22 59
43 53 63 20 52 0 63
33 13 39 35 41 56 32
23 64 13 51 63 32 19
63 15 2 15 32 41 42
31 8 51 54 53 34 48
38 51 39 51 63 32 13
20 52 0 60 31 32 38
58 29 50 44 38 18 33
37 5 53 39 37 58 32
13 66 65 54 53 34 33
25 10 7 38 51 39 52
24 58 30 4 7 24 51
43 53 63 41 14 26 53
25 10 7 8 56 47 60
34 11 29 48 14 63 34
38 51 39 45 65 60 25
50 54 26 34 11 29 43
27 37 60 44 38 18 42
23 64 13 5 9 0 56
42 30 26 27 37 60 34
50 54 26 66 37 45 25
9 10 22 12 22 28 13
56 55 53 48 14 63 42
18 40 15 32 7 58 54
17 66 38 62 55 65 29
1 54 8 46 61 54 46
50 54 26 37 5 53 55
16 53 48 43 53 63 15
56 55 53 8 56 47 6
15 32 41 65 59 32 28
53 60 51 8 56 47 5
46 61 54 13 66 65 12
25 10 7 55 1 65 58
10 8 26 20 52 0 51
14 57 21 3 31 26 26
52 24 29 9 10 22 15
62 55 65 22 58 14 51
24 58 30 42 30 26 28
58 29 50 61 12 24 31
26 28 10 66 37 45 36
51 63 32 28 7 2 63
2 56 50 7 19 50 37
65 59 32 21 52 59 27
42 30 26 43 53 63 43
29 64 6 19 55 31 26
61 12 24 28 7 2 22
18 40 15 9 10 22 30
18 40 15 10 8 26 33
5 9 0 31 8 51 51
50 54 26 49 43 54 30
65 59 32 38 51 39 10
55 1 65 1 54 8 77
62 55 65 48 14 63 41
45 65 60 61 12 24 64
52 24 29 30 12 28 12
21 52 59 22 58 14 45
23 64 13 17 66 38 25
51 63 32 50 54 26 10
11 4 28 8 56 47 55
43 53 63 50 54 26 37
26 28 10 10 8 26 25
17 66 38 58 29 50 38
47 21 32 37 5 53 26
34 11 29 55 1 65 37
60 31 32 45 65 60 44
28 7 2 20 52 0 45
62 55 65 10 8 26 61
11 4 28 49 43 54 46
43 53 63 27 37 60 16
30 12 28 48 14 63 35
63 15 2 61 12 24 22
33 13 39 44 38 18 32
35 41 56 32 7 58 34
8 56 47 45 65 60 15
7 19 50 47 21 32 18
38 51 39 32 7 58 47
10 8 26 34 11 29 4
34 11 29 38 51 39 41
32 7 58 55 1 65 9
18 40 15 46 61 54 44
34 11 29 21 52 59 50
14 57 21 21 52 59 38
66 37 45 45 65 60 31
64 28 65 47 21 32 33
32 7 58 36 15 24 34
19 55 31 37 5 53 54
30 12 28 25 10 7 21
53 60 51 49 43 54 17
66 37 45 6 0 44 37
40 26 15 49 43 54 42
22 58 14 17 66 38 25
39 37 58 19 55 31 32
61 12 24 11 4 28 8
62 55 65 6 0 44 58
0 41 2 56 55 53 52
57 5 44 58 29 50 24
53 60 51 13 66 65 15
3 31 26 24 58 30 27
18 40 15 58 29 50 36
0 41 2 55 1 65 74
34 11 29 11 4 28 7
65 59 32 43 53 63 31
17 66 38 31 8 51 59
39 37 58 62 55 65 19
57 5 44 30 12 28 17
18 40 15 16 53 48 35
56 55 53 4 7 24 56
44 38 18 13 66 65 54
24 58 30 47 21 32 37
52 24 29 12 22 28 2
12 22 28 47 21 32 4
15 32 41 0 41 2 40
11 4 28 29 64 6 63
57 5 44 7 19 50 15
24 58 30 35 41 56 31
21 52 59 18 40 15 45
28 7 2 29 64 6 57
7 19 50 53 60 51 41
10 8 26 46 61 54 59
46 61 54 39 37 58 24
58 29 50 52 24 29 21
62 55 65 36 15 24 57
37 5 53 61 12 24 29
53 60 51 62 55 65 14
17 66 38 8 56 47 13
32 7 58 25 10 7 51
15 32 41 29 64 6 47
66 37 45 62 55 65 26
55 1 65 60 31 32 44
57 5 44 11 4 28 16
12 22 28 29 64 6 47
35 41 56 62 55 65 16
53 60 51 66 37 45 23
15 32 41 43 53 63 30
0 41 2 52 24 29 31
4 7 24 42 30 26 23
12 22 28 46 61 54 46
38 51 39 17 66 38 15
25 10 7 27 37 60 59
7 19 50 37 5 53 14
63 15 2 48 14 63 61
61 12 24 3 31 26 19
2 56 50 13 66 65 18
31 8 51 6 0 44 10
8 56 47 43 53 63 16
33 13 39 63 15 2 37
12 22 28 16 53 48 36
37 5 53 20 52 0 70
38 51 39 39 37 58 23
47 21 32 0 41 2 36
49 43 54 48 14 63 30
26 28 10 21 52 59 54
13 66 65 7 19 50 49
53 60 51 31 8 51 52
32 7 58 17 66 38 62
10 8 26 61 12 24 4
8 56 47 2 56 50 3
36 15 24 44 38 18 23
61 12 24 56 55 53 51
12 22 28 50 54 26 32
1 54 8 64 28 65 62
62 55 65 61 12 24 59
26 28 10 64 28 65 55
16 53 48 44 38 18 33
12 22 28 10 8 26 14
49 43 54 62 55 65 16
44 38 18 32 7 58 50
19 55 31 25 10 7 51
57 5 44 52 24 29 24
55 1 65 30 12 28 38
36 15 24 11 4 28 11
21 52 59 4 7 24 57
55 1 65 59 55 50 56
0 41 2 10 8 26 40
54 53 34 5 9 0 55
61 12 24 39 37 58 42
19 55 31 27 37 60 34
15 32 41 2 56 50 25
65 59 32 31 8 51 54
32 7 58 5 9 0 58
34 11 29 54 53 34 42
18 40 15 7 19 50 40
48 14 63 6 0 44 23
19 55 31 17 66 38 13
18 40 15 64 28 65 51
64 28 65 31 8 51 24
44 38 18 4 7 24 31
16 53 48 5 9 0 65
49 43 54 9 10 22 45
2 56 50 48 14 63 43
51 63 32 9 10 22 53
3 31 26 37 5 53 37
26 28 10 6 0 44 44
42 30 26 46 61 54 41
12 22 28 40 26 15 13
15 32 41 42 30 26 15
17 66 38 50 54 26 16
38 51 39 41 14 26 39
45 65 60 53 60 51 10
60 31 32 1 54 8 33
46 61 54 47 21 32 45
37 5 53 32 7 58 5
64 28 65 49 43 54 18
20 52 0 59 55 50 50
7 19 50 58 29 50 10
45 65 60 51 63 32 28
21 52 59 7 19 50 34
46 61 54 9 10 22 60
18 40 15 53 60 51 41
49 43 54 3 31 26 30
66 37 45 51 63 32 29
1 54 8 59 55 50 42
62 55 65 34 11 29 56
37 5 53 40 26 15 43
51 63 32 25 10 7 58
66 37 45 65 59 32 25
42 30 26 44 38 18 11
5 9 0 57 5 44 44
25 10 7 36 15 24 17
42 30 26 16 53 48 31
49 43 54 30 12 28 40
11 4 28 0 41 2 45
22 58 14 2 56 50 36
40 26 15 65 59 32 37
48 14 63 4 7 24 39
7 19 50 42 30 26 26
64 28 65 15 32 41 24
13 66 65 29 64 6 59
60 31 32 62 55 65 40
65 59 32 16 53 48 17
41 14 26 33 13 39 13
4 7 24 23 64 13 58
3 31 26 53 60 51 38
23 64 13 63 15 2 50
26 28 10 17 66 38 47
64 28 65 24 58 30 46
23 64 13 7 19 50 58
43 53 63 46 61 54 12
37 5 53 55 1 65 12
21 52 59 48 14 63 38
51 63 32 57 5 44 59
38 51 39 5 9 0 57
40 26 15 3 31 26 12
54 53 34 64 28 65 39
14 57 21 30 12 28 45
17 66 38 65 59 32 9
11 4 28 59 55 50 55
45 65 60 54 53 34 28
35 41 56 63 15 2 59
1 54 8 39 37 58 52
39 37 58 44 38 18 40
17 66 38 42 30 26 37
4 7 24 55 1 65 41
11 4 28 50 54 26 50
7 19 50 11 4 28 26
31 8 51 63 15 2 49
16 53 48 40 26 15 42
17 66 38 3 31 26 37
24 58 30 2 56 50 20
29 64 6 26 28 10 36
59 55 50 35 41 56 15
10 8 26 21 52 59 55
32 7 58 47 21 32 29
6 0 44 24 58 30 59
29 64 6 57 5 44 70
27 37 60 54 53 34 30
31 8 51 10 8 26 25
15 32 41 53 60 51 29
61 12 24 1 54 8 44
63 15 2 58 29 50 50
59 55 50 18 40 15 38
23 64 13 15 32 41 42
58 29 50 62 55 65 30
54 53 34 39 37 58 28
15 32 41 17 66 38 34
42 30 26 63 15 2 28
17 66 38 27 37 60 36
18 40 15 13 66 65 56
54 53 34 7 19 50 37
13 66 65 52 24 29 55
41 14 26 50 54 26 40
24 58 30 65 59 32 2
42 30 26 41 14 26 16
20 52 0 26 28 10 26
11 4 28 42 30 26 26
39 37 58 2 56 50 20
6 0 44 3 31 26 35
0 41 2 18 40 15 13
65 59 32 58 29 50 34
66 37 45 38 51 39 15
24 58 30 32 7 58 58
37 5 53 52 24 29 30
45 65 60 40 26 15 59
63 15 2 57 5 44 43
24 58 30 56 55 53 23
48 14 63 22 58 14 65
54 53 34 47 21 32 32
64 28 65 3 31 26 39
66 37 45 18 40 15 30
51 63 32 49 43 54 29
45 65 60 41 14 26 61
9 10 22 8 56 47 52
51 63 32 31 8 51 58
65 59 32 20 52 0 32
22 58 14 1 54 8 7
44 38 18 1 54 8 18
53 60 51 43 53 63 13
45 65 60 64 28 65 37
2 56 50 28 7 2 68
42 30 26 59 55 50 34
9 10 22 56 55 53 54
1 54 8 14 57 21 13
50 54 26 36 15 24 39
15 32 41 5 9 0 47
56 55 53 6 0 44 55
58 29 50 27 37 60 12
33 13 39 53 60 51 48
66 37 45 46 61 54 25
21 52 59 13 66 65 15
42 30 26 6 0 44 34
14 57 21 62 55 65 44
6 0 44 54 53 34 53
46 61 54 60 31 32 37
63 15 2 40 26 15 17
23 64 13 65 59 32 19
53 60 51 6 0 44 60
6 0 44 43 53 63 56