29 406
21 22 26 14 26 2 24
7 26 20 9 10 11 18
18 23 6 4 21 21 15
22 3 3 11 3 12 9
18 23 6 9 10 11 13
18 23 6 10 8 2 15
2 24 5 22 3 3 21
26 12 2 8 1 26 26
17 24 26 1 3 28 21
24 24 10 25 24 2 8
0 25 26 16 11 13 19
9 10 11 15 24 16 14
23 13 10 25 24 2 13
20 15 0 13 7 14 16
19 14 23 26 12 2 21
4 21 21 24 24 10 11
3 8 14 25 24 2 20
21 22 26 27 6 22 16
1 3 28 22 3 3 25
16 11 13 20 15 0 13
20 15 0 14 26 2 11
6 11 1 18 23 6 13
10 8 2 2 24 5 16
28 11 0 26 12 2 2
19 14 23 23 13 10 13
28 11 0 14 26 2 15
13 7 14 23 13 10 7
2 24 5 0 25 26 21
1 3 28 26 12 2 27
12 27 25 16 11 13 20
2 24 5 8 1 26 31
8 1 26 28 11 0 27
7 26 20 14 26 2 18
0 25 26 25 24 2 24
25 24 2 19 14 23 23
2 24 5 23 13 10 12
16 11 13 19 14 23 10
24 24 10 23 13 10 11
3 8 14 21 22 26 18
2 24 5 3 8 14 18
14 26 2 9 10 11 18
4 21 21 8 1 26 20
0 25 26 21 22 26 3
27 6 22 28 11 0 22
20 15 0 27 6 22 23
2 24 5 17 24 26 21
9 10 11 6 11 1 10
26 12 2 12 27 25 27
18 23 6 7 26 20 14
27 6 22 3 8 14 8
22 3 3 9 10 11 10
1 3 28 2 24 5 31
2 24 5 13 7 14 19
5 24 17 0 25 26 9
13 7 14 8 1 26 13
5 24 17 2 24 5 12
22 3 3 27 6 22 19
20 15 0 12 27 25 27
28 11 0 1 3 28 29
13 7 14 22 3 3 11
12 27 25 10 8 2 29
11 3 12 0 25 26 26
28 11 0 17 24 26 29
6 11 1 22 3 3 8
4 21 21 25 24 2 19
1 3 28 15 24 16 24
3 8 14 12 27 25 21
6 11 1 5 24 17 20
15 24 16 0 25 26 10
20 15 0 6 11 1 4
1 3 28 16 11 13 17
15 24 16 24 24 10 6
23 13 10 1 3 28 20
17 24 26 25 24 2 24
9 10 11 13 7 14 4
7 26 20 20 15 0 22
21 22 26 26 12 2 26
24 24 10 8 1 26 28
26 12 2 0 25 26 27
11 3 12 1 3 28 16
10 8 2 23 13 10 9
20 15 0 1 3 28 30
9 10 11 2 24 5 15
24 24 10 9 10 11 14
10 8 2 8 1 26 25
16 11 13 14 26 2 18
25 24 2 28 11 0 13
11 3 12 20 15 0 16
2 24 5 28 11 0 13
0 25 26 10 8 2 29
8 1 26 12 27 25 26
24 24 10 5 24 17 7
22 3 3 26 12 2 9
18 23 6 17 24 26 20
12 27 25 1 3 28 24
12 27 25 22 3 3 32
24 24 10 3 8 14 16
11 3 12 12 27 25 27
20 15 0 5 24 17 19
18 23 6 24 24 10 4
19 14 23 3 8 14 10
25 24 2 26 12 2 12
5 24 17 18 23 6 11
10 8 2 14 26 2 18
1 3 28 8 1 26 2
4 21 21 13 7 14 15
25 24 2 16 11 13 17
22 3 3 10 8 2 5
27 6 22 5 24 17 18
11 3 12 6 11 1 13
27 6 22 26 12 2 20
27 6 22 6 11 1 21
12 27 25 28 11 0 29
3 8 14 28 11 0 14
14 26 2 15 24 16 14
10 8 2 5 24 17 21
22 3 3 17 24 26 31
21 22 26 16 11 13 17
22 3 3 3 8 14 12
20 15 0 26 12 2 3
0 25 26 13 7 14 21
22 3 3 7 26 20 28
26 12 2 24 24 10 14
0 25 26 12 27 25 2
6 11 1 28 11 0 1
25 24 2 6 11 1 13
13 7 14 21 22 26 19
18 23 6 22 3 3 20
18 23 6 25 24 2 4
3 8 14 0 25 26 20
21 22 26 6 11 1 27
17 24 26 3 8 14 20
26 12 2 4 21 21 21
15 24 16 27 6 22 18
12 27 25 2 24 5 20
19 14 23 28 11 0 23
12 27 25 23 13 10 20
13 7 14 19 14 23 11
20 15 0 15 24 16 18
13 7 14 14 26 2 22
12 27 25 18 23 6 19
11 3 12 4 21 21 20
12 27 25 17 24 26 3
5 24 17 1 3 28 23
7 26 20 16 11 13 16
16 11 13 22 3 3 12
9 10 11 23 13 10 3
27 6 22 18 23 6 23
11 3 12 21 22 26 23
17 24 26 15 24 16 10
8 1 26 19 14 23 13
15 24 16 19 14 23 12
14 26 2 26 12 2 14
24 24 10 12 27 25 15
16 11 13 15 24 16 13
1 3 28 10 8 2 26
8 1 26 9 10 11 17
23 13 10 3 8 14 6
28 11 0 21 22 26 28
17 24 26 19 14 23 10
8 1 26 25 24 2 33
21 22 26 2 24 5 21
23 13 10 5 24 17 13
4 21 21 17 24 26 5
18 23 6 2 24 5 1
21 22 26 22 3 3 29
3 8 14 13 7 14 1
23 13 10 7 26 20 16
17 24 26 9 10 11 20
0 25 26 27 6 22 19
5 24 17 7 26 20 3
21 22 26 1 3 28 19
10 8 2 13 7 14 12
11 3 12 17 24 26 25
21 22 26 5 24 17 9
9 10 11 12 27 25 22
2 24 5 27 6 22 24
22 3 3 24 24 10 22
24 24 10 27 6 22 21
1 3 28 18 23 6 29
22 3 3 25 24 2 21
20 15 0 28 11 0 4
15 24 16 12 27 25 9
19 14 23 6 11 1 22
11 3 12 28 11 0 14
22 3 3 0 25 26 31
13 7 14 27 6 22 8
9 10 11 0 25 26 21
23 13 10 16 11 13 3
10 8 2 19 14 23 21
19 14 23 7 26 20 12
8 1 26 6 11 1 26
0 25 26 28 11 0 29
22 3 3 19 14 23 22
3 8 14 18 23 6 17
24 24 10 16 11 13 13
10 8 2 16 11 13 11
23 13 10 0 25 26 20
16 11 13 4 21 21 12
4 21 21 6 11 1 22
12 27 25 7 26 20 5
16 11 13 18 23 6 13
4 21 21 28 11 0 23
16 11 13 26 12 2 11
10 8 2 24 24 10 17
17 24 26 10 8 2 28
15 24 16 28 11 0 20
7 26 20 3 8 14 18
20 15 0 19 14 23 23
14 26 2 6 11 1 15
18 23 6 28 11 0 13
9 10 11 19 14 23 12
11 3 12 2 24 5 22
15 24 16 5 24 17 1
4 21 21 21 22 26 5
5 24 17 3 8 14 16
0 25 26 17 24 26 1
26 12 2 23 13 10 8
17 24 26 16 11 13 18
11 3 12 7 26 20 24
4 21 21 14 26 2 19
23 13 10 8 1 26 20
17 24 26 13 7 14 20
5 24 17 13 7 14 17
7 26 20 0 25 26 6
11 3 12 16 11 13 8
18 23 6 15 24 16 10
4 21 21 22 3 3 25
25 24 2 9 10 11 16
10 8 2 6 11 1 3
25 24 2 21 22 26 24
25 24 2 7 26 20 18
21 22 26 12 27 25 5
22 3 3 15 24 16 24
7 26 20 15 24 16 4
21 22 26 9 10 11 19
17 24 26 8 1 26 23
27 6 22 1 3 28 6
0 25 26 19 14 23 11
20 15 0 10 8 2 7
14 26 2 0 25 26 24
1 3 28 7 26 20 24
8 1 26 15 24 16 25
7 26 20 17 24 26 6
26 12 2 2 24 5 12
21 22 26 19 14 23 8
12 27 25 4 21 21 7
24 24 10 28 11 0 16
20 15 0 8 1 26 29
28 11 0 5 24 17 21
11 3 12 13 7 14 4
28 11 0 13 7 14 14
15 24 16 10 8 2 21
4 21 21 23 13 10 13
9 10 11 26 12 2 9
20 15 0 2 24 5 10
3 8 14 16 11 13 3
11 3 12 23 13 10 10
4 21 21 0 25 26 6
18 23 6 26 12 2 11
18 23 6 20 15 0 10
5 24 17 12 27 25 8
23 13 10 18 23 6 10
21 22 26 17 24 26 2
7 26 20 8 1 26 25
8 1 26 3 8 14 13
25 24 2 1 3 28 33
10 8 2 25 24 2 16
16 11 13 2 24 5 15
13 7 14 1 3 28 14
24 24 10 6 11 1 15
18 23 6 21 22 26 20
25 24 2 13 7 14 20
6 11 1 15 24 16 19
14 26 2 12 27 25 23
11 3 12 14 26 2 25
6 11 1 3 8 14 13
1 3 28 14 26 2 34
3 8 14 1 3 28 14
7 26 20 27 6 22 20
22 3 3 14 26 2 23
27 6 22 4 21 21 15
20 15 0 3 8 14 15
8 1 26 22 3 3 23
14 26 2 18 23 6 5
1 3 28 24 24 10 27
16 11 13 9 10 11 2
4 21 21 10 8 2 23
11 3 12 19 14 23 15
5 24 17 22 3 3 25
14 26 2 5 24 17 15
7 26 20 4 21 21 5
11 3 12 3 8 14 5
7 26 20 13 7 14 19
19 14 23 1 3 28 12
5 24 17 11 3 12 21
1 3 28 6 11 1 28
5 24 17 17 24 26 9
11 3 12 8 1 26 14
23 13 10 22 3 3 12
10 8 2 28 11 0 3
10 8 2 27 6 22 20
16 11 13 6 11 1 12
27 6 22 17 24 26 18
12 27 25 25 24 2 23
2 24 5 15 24 16 11
4 21 21 3 8 14 14
10 8 2 3 8 14 12
15 24 16 23 13 10 12
10 8 2 9 10 11 9
6 11 1 13 7 14 13
28 11 0 16 11 13 13
20 15 0 4 21 21 21
9 10 11 11 3 12 7
25 24 2 5 24 17 15
25 24 2 15 24 16 14
24 24 10 13 7 14 17
18 23 6 19 14 23 19
24 24 10 11 3 12 21
26 12 2 10 8 2 4
12 27 25 27 6 22 21
23 13 10 20 15 0 10
11 3 12 27 6 22 10
3 8 14 14 26 2 21
7 26 20 10 8 2 25
27 6 22 16 11 13 10
8 1 26 21 22 26 21
20 15 0 24 24 10 13
18 23 6 13 7 14 17
4 21 21 9 10 11 14
4 21 21 2 24 5 16
5 24 17 8 1 26 24
24 24 10 14 26 2 8
20 15 0 0 25 26 27
8 1 26 16 11 13 16
6 11 1 26 12 2 1
11 3 12 18 23 6 20
15 24 16 4 21 21 5
8 1 26 0 25 26 24
12 27 25 6 11 1 28
2 24 5 19 14 23 20
23 13 10 27 6 22 13
9 10 11 28 11 0 11
5 24 17 4 21 21 5
2 24 5 7 26 20 15
17 24 26 6 11 1 28
27 6 22 25 24 2 26
0 25 26 6 11 1 28
13 7 14 16 11 13 4
11 3 12 10 8 2 11
5 24 17 16 11 13 13
24 24 10 21 22 26 16
12 27 25 13 7 14 22
0 25 26 24 24 10 16
15 24 16 3 8 14 16
21 22 26 7 26 20 7
15 24 16 21 22 26 10
20 15 0 22 3 3 12
18 23 6 0 25 26 20
23 13 10 14 26 2 15
21 22 26 10 8 2 27
9 10 11 3 8 14 3
9 10 11 1 3 28 18
2 24 5 14 26 2 3
1 3 28 4 21 21 19
17 24 26 26 12 2 26
20 15 0 17 24 26 27
0 25 26 1 3 28 22
12 27 25 19 14 23 13
14 26 2 17 24 26 24
2 24 5 24 24 10 5
17 24 26 23 13 10 19
9 10 11 27 6 22 11
18 23 6 8 1 26 29
24 24 10 7 26 20 10
2 24 5 25 24 2 3
17 24 26 24 24 10 16
13 7 14 26 12 2 13
11 3 12 26 12 2 13
27 6 22 19 14 23 8
24 24 10 19 14 23 16
27 6 22 14 26 2 28
23 13 10 28 11 0 10
6 11 1 23 13 10 9
19 14 23 4 21 21 7
6 11 1 7 26 20 24
2 24 5 6 11 1 13
13 7 14 15 24 16 17
11 3 12 15 24 16 21
8 1 26 14 26 2 34
19 14 23 5 24 17 11
3 8 14 26 12 2 12
27 6 22 8 1 26 6
26 12 2 5 24 17 19
9 10 11 20 15 0 12
26 12 2 7 26 20 22
5 24 17 9 10 11 15
23 13 10 21 22 26 18
26 12 2 15 24 16 18
28 11 0 7 26 20 25
14 26 2 25 24 2 2
25 24 2 20 15 0 9
19 14 23 14 26 2 24
25 24 2 11 3 12 23
20 15 0 21 22 26 26
28 11 0 22 3 3 8