68 2278
52 32 36 64 67 20 38
43 7 1 34 10 15 14
60 24 42 18 39 24 23
61 60 2 23 31 4 29
19 17 42 15 32 16 30
63 2 40 17 18 7 36
67 29 42 52 32 36 6
17 18 7 48 16 60 53
25 6 7 41 63 3 57
22 1 49 28 22 29 29
42 58 26 34 10 15 49
41 63 3 52 32 36 45
45 46 17 31 17 1 33
27 19 17 45 46 17 27
63 2 40 67 29 42 27
48 16 60 26 14 12 48
48 16 60 58 65 28 58
61 60 2 33 52 39 37
42 58 26 61 60 2 24
42 58 26 20 47 54 30
45 46 17 40 25 36 28
21 5 8 59 43 7 38
0 63 67 55 17 5 77
8 38 2 20 47 54 52
53 49 15 11 10 22 39
63 2 40 12 52 37 50
41 63 3 49 0 31 68
31 17 1 27 19 17 16
37 40 45 53 49 15 31
12 52 37 20 47 54 17
13 52 7 34 10 15 42
63 2 40 41 63 3 71
20 47 54 51 39 60 10
52 32 36 47 43 51 18
23 31 4 8 38 2 7
26 14 12 36 10 23 11
12 52 37 19 17 42 35
32 63 36 5 47 17 24
21 5 8 61 60 2 55
33 52 39 12 52 37 2
12 52 37 10 63 28 14
41 63 3 62 57 3 6
67 29 42 55 17 5 38
27 19 17 59 43 7 26
67 29 42 30 6 2 46
19 17 42 54 46 39 29
43 7 1 13 52 7 45
61 60 2 48 16 60 72
15 32 16 39 12 63 51
41 63 3 48 16 60 73
36 10 23 10 63 28 53
2 60 25 62 57 3 22
58 65 28 37 40 45 30
3 22 11 17 18 7 5
33 52 39 26 14 12 46
42 58 26 28 22 29 36
35 21 58 39 12 63 10
23 31 4 6 31 18 14
27 19 17 67 29 42 26
42 58 26 62 57 3 23
37 40 45 64 67 20 36
7 1 33 27 19 17 24
31 17 1 59 43 7 26
51 39 60 9 38 30 30
40 25 36 29 41 41 16
66 30 12 13 52 7 22
67 29 42 9 38 30 15
67 29 42 66 30 12 30
36 10 23 55 17 5 19
29 41 41 44 23 4 41
39 12 63 11 10 22 41
23 31 4 60 24 42 38
46 50 61 27 19 17 53
53 49 15 67 29 42 33
31 17 1 39 12 63 62
46 50 61 59 43 7 54
55 17 5 64 67 20 52
66 30 12 61 60 2 31
29 41 41 31 17 1 46
12 52 37 7 1 33 51
62 57 3 0 63 67 64
66 30 12 65 30 37 25
31 17 1 30 6 2 11
11 10 22 45 46 17 36
41 63 3 28 22 29 48
35 21 58 12 52 37 37
54 46 39 32 63 36 17
19 17 42 4 52 65 41
0 63 67 6 31 18 58
24 39 62 19 17 42 29
1 52 50 66 30 12 43
32 63 36 31 17 1 57
30 6 2 53 49 15 44
34 10 15 56 8 41 26
9 38 30 31 17 1 35
54 46 39 47 43 51 12
0 63 67 57 36 41 37
48 16 60 1 52 50 37
26 14 12 24 39 62 55
58 65 28 12 52 37 15
48 16 60 62 57 3 70
67 29 42 20 47 54 21
50 32 12 16 36 29 17
20 47 54 32 63 36 24
36 10 23 41 63 3 56
36 10 23 63 2 40 18
39 12 63 53 49 15 60
28 22 29 23 31 4 26
7 1 33 58 65 28 64
18 39 24 21 5 8 37
1 52 50 21 5 8 63
48 16 60 14 56 37 46
59 43 7 49 0 31 49
3 22 11 51 39 60 51
20 47 54 19 17 42 32
35 21 58 16 36 29 32
49 0 31 10 63 28 63
42 58 26 50 32 12 29
53 49 15 52 32 36 27
44 23 4 66 30 12 10
31 17 1 56 8 41 41
11 10 22 5 47 17 37
13 52 7 61 60 2 9
22 1 49 46 50 61 50
53 49 15 65 30 37 29
66 30 12 26 14 12 16
40 25 36 37 40 45 17
9 38 30 29 41 41 11
24 39 62 54 46 39 24
56 8 41 0 63 67 60
15 32 16 25 6 7 27
32 63 36 29 41 41 22
22 1 49 6 31 18 43
21 5 8 10 63 28 61
62 57 3 56 8 41 62
66 30 12 10 63 28 36
50 32 12 49 0 31 37
53 49 15 10 63 28 19
57 36 41 44 23 4 39
47 43 51 1 52 50 9
11 10 22 1 52 50 50
1 52 50 23 31 4 50
61 60 2 49 0 31 66
40 25 36 50 32 12 25
14 56 37 40 25 36 31
21 5 8 2 60 25 57
46 50 61 15 32 16 48
21 5 8 36 10 23 15
24 39 62 47 43 51 11
60 24 42 14 56 37 32
16 36 29 13 52 7 27
18 39 24 42 58 26 19
48 16 60 23 31 4 57
33 52 39 8 38 2 39
23 31 4 33 52 39 40
31 17 1 49 0 31 34
64 67 20 62 57 3 19
36 10 23 34 10 15 8
59 43 7 17 18 7 25
24 39 62 3 22 11 53
59 43 7 48 16 60 59
25 6 7 34 10 15 8
34 10 15 19 17 42 27
42 58 26 51 39 60 38
65 30 37 60 24 42 7
24 39 62 8 38 2 60
16 36 29 3 22 11 22
51 39 60 57 36 41 19
23 31 4 41 63 3 32
1 52 50 64 67 20 33
55 17 5 50 32 12 16
48 16 60 64 67 20 64
45 46 17 26 14 12 32
48 16 60 51 39 60 23
56 8 41 39 12 63 22
29 41 41 53 49 15 27
24 39 62 58 65 28 42
32 63 36 34 10 15 57
5 47 17 53 49 15 2
8 38 2 37 40 45 43
42 58 26 12 52 37 12
40 25 36 67 29 42 7
13 52 7 2 60 25 19
6 31 18 54 46 39 25
50 32 12 20 47 54 44
10 63 28 46 50 61 35
47 43 51 28 22 29 30
27 19 17 55 17 5 12
14 56 37 21 5 8 58
18 39 24 48 16 60 42
58 65 28 50 32 12 36
27 19 17 17 18 7 10
2 60 25 33 52 39 16
55 17 5 9 38 30 32
46 50 61 66 30 12 52
3 22 11 36 10 23 16
64 67 20 42 58 26 10
13 52 7 37 40 45 39
43 7 1 52 32 36 43
47 43 51 36 10 23 43
67 29 42 0 63 67 42
62 57 3 39 12 63 75
55 17 5 60 24 42 37
33 52 39 11 10 22 45
33 52 39 13 52 7 32
43 7 1 57 36 41 49
33 52 39 45 46 17 22
40 25 36 58 65 28 40
21 5 8 41 63 3 58
32 63 36 56 8 41 55
25 6 7 8 38 2 32
32 63 36 10 63 28 8
28 22 29 16 36 29 14
51 39 60 28 22 29 35
25 6 7 7 1 33 26
23 31 4 30 6 2 25
46 50 61 17 18 7 62
39 12 63 49 0 31 34
0 63 67 13 52 7 61
65 30 37 42 58 26 30
58 65 28 53 49 15 20
0 63 67 22 1 49 64
10 63 28 1 52 50 24
37 40 45 66 30 12 34
7 1 33 45 46 17 47
25 6 7 46 50 61 69
3 22 11 48 16 60 49
48 16 60 66 30 12 50
37 40 45 59 43 7 38
62 57 3 60 24 42 51
15 32 16 59 43 7 14
46 50 61 35 21 58 29
23 31 4 27 19 17 17
54 46 39 38 24 47 23
20 47 54 38 24 47 24
18 39 24 22 1 49 45
23 31 4 42 58 26 34
3 22 11 12 52 37 39
52 32 36 32 63 36 31
25 6 7 27 19 17 16
41 63 3 47 43 51 52
35 21 58 63 2 40 26
23 31 4 56 8 41 43
17 18 7 2 60 25 45
10 63 28 28 22 29 41
55 17 5 14 56 37 50
42 58 26 26 14 12 46
36 10 23 37 40 45 37
66 30 12 4 52 65 57
19 17 42 27 19 17 25
62 57 3 57 36 41 43
41 63 3 55 17 5 46
46 50 61 30 6 2 73
26 14 12 16 36 29 27
1 52 50 32 63 36 17
56 8 41 27 19 17 26
52 32 36 63 2 40 30
30 6 2 22 1 49 47
5 47 17 7 1 33 48
54 46 39 62 57 3 37
19 17 42 41 63 3 60
45 46 17 17 18 7 29
29 41 41 48 16 60 31
41 63 3 38 24 47 58
9 38 30 36 10 23 28
50 32 12 0 63 67 63
41 63 3 67 29 42 51
15 32 16 22 1 49 45
22 1 49 12 52 37 52
39 12 63 33 52 39 46
7 1 33 21 5 8 25
24 39 62 33 52 39 26
6 31 18 12 52 37 28
39 12 63 12 52 37 47
30 6 2 43 7 1 1
2 60 25 7 1 33 59
57 36 41 15 32 16 25
12 52 37 8 38 2 37
43 7 1 39 12 63 62
64 67 20 66 30 12 37
55 17 5 32 63 36 55
36 10 23 30 6 2 21
3 22 11 34 10 15 12
22 1 49 59 43 7 59
56 8 41 9 38 30 31
66 30 12 58 65 28 38
60 24 42 6 31 18 25
44 23 4 28 22 29 25
40 25 36 60 24 42 6
29 41 41 67 29 42 12
54 46 39 27 19 17 34
53 49 15 4 52 65 50
21 5 8 57 36 41 45
46 50 61 62 57 3 58
8 38 2 36 10 23 35
49 0 31 36 10 23 12
20 47 54 22 1 49 46
44 23 4 49 0 31 35
57 36 41 17 18 7 38
50 32 12 47 43 51 40
22 1 49 10 63 28 65
66 30 12 56 8 41 36
20 47 54 27 19 17 46
43 7 1 16 36 29 40
1 52 50 35 21 58 32
49 0 31 64 67 20 67
50 32 12 24 39 62 50
5 47 17 16 36 29 16
15 32 16 47 43 51 36
10 63 28 44 23 4 46
11 10 22 37 40 45 37
0 63 67 1 52 50 20
67 29 42 48 16 60 22
57 36 41 25 6 7 45
64 67 20 51 39 60 48
7 1 33 28 22 29 21
0 63 67 10 63 28 39
67 29 42 8 38 2 41
8 38 2 57 36 41 39
48 16 60 55 17 5 55
35 21 58 55 17 5 53
10 63 28 11 10 22 53
7 1 33 40 25 36 24
62 57 3 6 31 18 30
17 18 7 21 5 8 13
18 39 24 36 10 23 29
20 47 54 47 43 51 5
8 38 2 63 2 40 52
57 36 41 46 50 61 24
64 67 20 26 14 12 53
39 12 63 42 58 26 59
37 40 45 43 7 1 55
34 10 15 44 23 4 17
39 12 63 58 65 28 63
30 6 2 45 46 17 42
50 32 12 60 24 42 31
10 63 28 2 60 25 4
1 52 50 6 31 18 38
54 46 39 58 65 28 21
21 5 8 54 46 39 51
47 43 51 10 63 28 30
7 1 33 41 63 3 68
3 22 11 9 38 30 24
45 46 17 20 47 54 37
23 31 4 62 57 3 26
17 18 7 66 30 12 13
45 46 17 22 1 49 55
39 12 63 55 17 5 58
23 31 4 39 12 63 61
7 1 33 0 63 67 70
4 52 65 23 31 4 64
34 10 15 24 39 62 55
6 31 18 50 32 12 6
30 6 2 56 8 41 39
64 67 20 50 32 12 35
54 46 39 48 16 60 36
14 56 37 45 46 17 22
4 52 65 65 30 37 35
10 63 28 39 12 63 61
21 5 8 33 52 39 56
6 31 18 5 47 17 16
15 32 16 65 30 37 21
58 65 28 15 32 16 35
63 2 40 11 10 22 19
47 43 51 63 2 40 42
40 25 36 22 1 49 27
22 1 49 48 16 60 18
49 0 31 8 38 2 47
31 17 1 8 38 2 21
23 31 4 18 39 24 21
12 52 37 13 52 7 30
61 60 2 34 10 15 51
59 43 7 45 46 17 10
16 36 29 45 46 17 15
51 39 60 22 1 49 39
15 32 16 4 52 65 52
54 46 39 25 6 7 51
29 41 41 66 30 12 31
62 57 3 25 6 7 51
44 23 4 21 5 8 18
9 38 30 2 60 25 22
64 67 20 67 29 42 43
64 67 20 63 2 40 68
30 6 2 17 18 7 13
10 63 28 63 2 40 62
65 30 37 54 46 39 16
25 6 7 2 60 25 56
24 39 62 46 50 61 11
17 18 7 35 21 58 51
21 5 8 26 14 12 9
31 17 1 14 56 37 53
61 60 2 11 10 22 53
33 52 39 25 6 7 56
19 17 42 36 10 23 20
14 56 37 6 31 18 31
59 43 7 26 14 12 29
13 52 7 17 18 7 34
67 29 42 37 40 45 11
28 22 29 65 30 37 11
65 30 37 1 52 50 25
36 10 23 13 52 7 44
28 22 29 27 19 17 12
60 24 42 20 47 54 25
3 22 11 26 14 12 8
58 65 28 42 58 26 7
67 29 42 21 5 8 41
29 41 41 27 19 17 32
42 58 26 16 36 29 22
15 32 16 37 40 45 30
3 22 11 23 31 4 11
6 31 18 38 24 47 29
13 52 7 38 24 47 48
8 38 2 64 67 20 34
65 30 37 35 21 58 22
8 38 2 3 22 11 18
4 52 65 41 63 3 62
34 10 15 50 32 12 22
16 36 29 15 32 16 13
20 47 54 26 14 12 53
38 24 47 45 46 17 37
4 52 65 7 1 33 60
62 57 3 20 47 54 51
41 63 3 40 25 36 50
64 67 20 45 46 17 21
44 23 4 23 31 4 8
40 25 36 52 32 36 7
0 63 67 31 17 1 80
5 47 17 47 43 51 34
29 41 41 25 6 7 48
12 52 37 54 46 39 6
39 12 63 20 47 54 36
55 17 5 59 43 7 26
39 12 63 7 1 33 31
14 56 37 19 17 42 39
27 19 17 18 39 24 21
17 18 7 40 25 36 29
32 63 36 42 58 26 11
12 52 37 17 18 7 45
34 10 15 39 12 63 48
11 10 22 27 19 17 10
17 18 7 9 38 30 30
26 14 12 19 17 42 30
0 63 67 24 39 62 24
18 39 24 2 60 25 21
66 30 12 16 36 29 18
61 60 2 14 56 37 35
63 2 40 23 31 4 46
35 21 58 28 22 29 29
45 46 17 39 12 63 57
16 36 29 29 41 41 13
28 22 29 26 14 12 18
53 49 15 25 6 7 43
34 10 15 48 16 60 45
56 8 41 65 30 37 22
31 17 1 21 5 8 13
56 8 41 22 1 49 10
27 19 17 49 0 31 23
44 23 4 64 67 20 46
47 43 51 16 36 29 23
14 56 37 2 60 25 12
20 47 54 23 31 4 52
19 17 42 8 38 2 45
60 24 42 49 0 31 26
23 31 4 51 39 60 56
38 24 47 44 23 4 43
43 7 1 63 2 40 39
67 29 42 32 63 36 34
4 52 65 1 52 50 15
24 39 62 40 25 36 29
25 6 7 49 0 31 24
5 47 17 59 43 7 10
22 1 49 19 17 42 17
37 40 45 57 36 41 5
44 23 4 33 52 39 45
21 5 8 16 36 29 37
27 19 17 42 58 26 40
13 52 7 5 47 17 11
61 60 2 25 6 7 54
66 30 12 22 1 49 47
8 38 2 35 21 58 58
39 12 63 54 46 39 41
53 49 15 61 60 2 17
24 39 62 9 38 30 32
53 49 15 48 16 60 55
38 24 47 23 31 4 43
35 21 58 11 10 22 37
38 24 47 37 40 45 16
21 5 8 22 1 49 41
19 17 42 39 12 63 21
20 47 54 21 5 8 62
32 63 36 19 17 42 46
45 46 17 37 40 45 28
49 0 31 7 1 33 2
19 17 42 40 25 36 10
64 67 20 25 6 7 62
21 5 8 39 12 63 55
22 1 49 47 43 51 42
40 25 36 18 39 24 18
49 0 31 65 30 37 30
29 41 41 41 63 3 43
55 17 5 6 31 18 19
54 46 39 20 47 54 15
49 0 31 12 52 37 52
65 30 37 45 46 17 25
51 39 60 43 7 1 67
40 25 36 35 21 58 22
9 38 30 14 56 37 19
10 63 28 54 46 39 20
9 38 30 34 10 15 31
33 52 39 53 49 15 24
56 8 41 20 47 54 41
21 5 8 37 40 45 50
67 29 42 46 50 61 28
36 10 23 53 49 15 39
27 19 17 34 10 15 9
3 22 11 44 23 4 7
15 32 16 63 2 40 38
2 60 25 48 16 60 56
59 43 7 33 52 39 33
20 47 54 1 52 50 6
18 39 24 33 52 39 19
49 0 31 23 31 4 41
9 38 30 60 24 42 18
19 17 42 67 29 42 12
32 63 36 64 67 20 16
7 1 33 46 50 61 56
57 36 41 45 46 17 26
44 23 4 47 43 51 51
1 52 50 44 23 4 54
30 6 2 27 19 17 19
2 60 25 11 10 22 50
12 52 37 47 43 51 16
36 10 23 54 46 39 39
12 52 37 34 10 15 47
56 8 41 33 52 39 44
67 29 42 58 65 28 38
14 56 37 65 30 37 26
64 67 20 35 21 58 59
61 60 2 28 22 29 46
27 19 17 1 52 50 46
4 52 65 11 10 22 60
20 47 54 48 16 60 31
0 63 67 58 65 28 39
32 63 36 39 12 63 57
28 22 29 29 41 41 22
30 6 2 40 25 36 38
50 32 12 66 30 12 2
66 30 12 54 46 39 31
54 46 39 3 22 11 36
48 16 60 11 10 22 38
64 67 20 65 30 37 40
3 22 11 19 17 42 31
12 52 37 57 36 41 16
42 58 26 43 7 1 56
6 31 18 30 6 2 29
14 56 37 62 57 3 34
63 2 40 42 58 26 57
4 52 65 54 46 39 26
42 58 26 19 17 42 44
47 43 51 4 52 65 16
27 19 17 2 60 25 41
54 46 39 60 24 42 22
17 18 7 49 0 31 30
35 21 58 25 6 7 53
22 1 49 16 36 29 40
16 36 29 48 16 60 36
16 36 29 27 19 17 20
66 30 12 60 24 42 30
16 36 29 18 39 24 5
66 30 12 7 1 33 35
3 22 11 47 43 51 45
39 12 63 4 52 65 40
31 17 1 16 36 29 33
5 47 17 38 24 47 37
26 14 12 62 57 3 43
61 60 2 54 46 39 39
56 8 41 13 52 7 55
48 16 60 13 52 7 64
47 43 51 2 60 25 31
60 24 42 44 23 4 38
24 39 62 5 47 17 45
57 36 41 40 25 36 12
67 29 42 14 56 37 27
21 5 8 65 30 37 38
1 52 50 16 36 29 26
35 21 58 38 24 47 11
41 63 3 11 10 22 56
27 19 17 43 7 1 20
34 10 15 26 14 12 5
0 63 67 30 6 2 86
59 43 7 44 23 4 20
21 5 8 9 38 30 39
36 10 23 48 16 60 37
51 39 60 54 46 39 22
12 52 37 50 32 12 32
15 32 16 42 58 26 27
25 6 7 48 16 60 53
32 63 36 2 60 25 11
43 7 1 9 38 30 42
33 52 39 27 19 17 39
60 24 42 17 18 7 35
46 50 61 9 38 30 33
46 50 61 34 10 15 60
67 29 42 15 32 16 26
3 22 11 30 6 2 18
45 46 17 46 50 61 44
35 21 58 19 17 42 16
5 47 17 46 50 61 44
15 32 16 17 18 7 16
62 57 3 10 63 28 25
54 46 39 46 50 61 22
36 10 23 46 50 61 55
32 63 36 37 40 45 24
41 63 3 61 60 2 3
41 63 3 22 1 49 77
57 36 41 53 49 15 29
51 39 60 60 24 42 23
39 12 63 67 29 42 27
5 47 17 23 31 4 20
36 10 23 17 18 7 17
38 24 47 43 7 1 49
3 22 11 1 52 50 49
53 49 15 62 57 3 14
34 10 15 30 6 2 13
60 24 42 33 52 39 28
47 43 51 6 31 18 35
10 63 28 18 39 24 24
47 43 51 18 39 24 27
6 31 18 17 18 7 17
2 60 25 30 6 2 58
32 63 36 7 1 33 62
31 17 1 37 40 45 49
53 49 15 54 46 39 24
43 7 1 53 49 15 44
38 24 47 40 25 36 11
13 52 7 10 63 28 23
41 63 3 33 52 39 37
5 47 17 61 60 2 19
29 41 41 51 39 60 19
59 43 7 41 63 3 20
47 43 51 40 25 36 23
46 50 61 28 22 29 42
38 24 47 56 8 41 17
22 1 49 29 41 41 40
59 43 7 25 6 7 37
10 63 28 5 47 17 19
35 21 58 42 58 26 48
0 63 67 23 31 4 70
23 31 4 19 17 42 40
11 10 22 59 43 7 36
22 1 49 17 18 7 45
15 32 16 18 39 24 10
11 10 22 50 32 12 24
34 10 15 4 52 65 65
47 43 51 67 29 42 16
35 21 58 9 38 30 32
1 52 50 55 17 5 57
2 60 25 42 58 26 2
65 30 37 32 63 36 33
52 32 36 23 31 4 32
19 17 42 25 6 7 36
28 22 29 48 16 60 31
66 30 12 19 17 42 32
48 16 60 7 1 33 30
36 10 23 60 24 42 23
3 22 11 35 21 58 47
17 18 7 4 52 65 67
56 8 41 57 36 41 28
52 32 36 37 40 45 12
53 49 15 34 10 15 39
43 7 1 41 63 3 56
0 63 67 28 22 29 55
50 32 12 57 36 41 29
30 6 2 21 5 8 6
60 24 42 63 2 40 22
50 32 12 18 39 24 13
30 6 2 12 52 37 57
34 10 15 23 31 4 23
5 47 17 30 6 2 43
4 52 65 58 65 28 39
34 10 15 28 22 29 18
28 22 29 33 52 39 31
36 10 23 20 47 54 48
21 5 8 58 65 28 63
8 38 2 30 6 2 32
52 32 36 25 6 7 38
58 65 28 63 2 40 64
19 17 42 37 40 45 23
31 17 1 12 52 37 50
33 52 39 43 7 1 58
17 18 7 56 8 41 35
50 32 12 19 17 42 33
47 43 51 37 40 45 6
8 38 2 52 32 36 34
43 7 1 14 56 37 60
56 8 41 49 0 31 12
64 67 20 21 5 8 63
59 43 7 23 31 4 12
15 32 16 54 46 39 26
10 63 28 14 56 37 11
40 25 36 27 19 17 19
58 65 28 65 30 37 36
32 63 36 25 6 7 63
54 46 39 59 43 7 32
63 2 40 0 63 67 66
21 5 8 49 0 31 23
38 24 47 9 38 30 22
25 6 7 51 39 60 62
31 17 1 15 32 16 21
6 31 18 53 49 15 18
37 40 45 0 63 67 31
58 65 28 45 46 17 21
24 39 62 15 32 16 46
55 17 5 57 36 41 40
1 52 50 24 39 62 17
37 40 45 12 52 37 14
63 2 40 16 36 29 35
62 57 3 29 41 41 41
51 39 60 32 63 36 33
33 52 39 29 41 41 11
35 21 58 62 57 3 65
7 1 33 11 10 22 14
2 60 25 23 31 4 35
4 52 65 28 22 29 46
60 24 42 48 16 60 19
42 58 26 0 63 67 41
31 17 1 20 47 54 60
47 43 51 25 6 7 57
41 63 3 12 52 37 35
37 40 45 20 47 54 11
4 52 65 45 46 17 48
13 52 7 8 38 2 14
25 6 7 63 2 40 33
8 38 2 39 12 63 66
45 46 17 0 63 67 52
54 46 39 37 40 45 8
48 16 60 43 7 1 59
3 22 11 57 36 41 33
64 67 20 27 19 17 48
46 50 61 39 12 63 38
60 24 42 16 36 29 17
25 6 7 22 1 49 42
24 39 62 62 57 3 61
67 29 42 5 47 17 30
22 1 49 67 29 42 28
20 47 54 64 67 20 39
13 52 7 28 22 29 37
15 32 16 34 10 15 22
40 25 36 36 10 23 19
33 52 39 7 1 33 51
7 1 33 59 43 7 49
52 32 36 5 47 17 24
46 50 61 63 2 40 52
4 52 65 18 39 24 43
52 32 36 22 1 49 33
27 19 17 35 21 58 41
18 39 24 56 8 41 35
50 32 12 29 41 41 30
25 6 7 28 22 29 27
9 38 30 30 6 2 42
14 56 37 24 39 62 30
7 1 33 35 21 58 32
22 1 49 50 32 12 48
3 22 11 50 32 12 10
67 29 42 36 10 23 26
62 57 3 27 19 17 40
65 30 37 23 31 4 33
51 39 60 7 1 33 46
4 52 65 10 63 28 38
64 67 20 10 63 28 8
57 36 41 64 67 20 37
60 24 42 1 52 50 29
40 25 36 42 58 26 34
37 40 45 49 0 31 42
31 17 1 43 7 1 10
60 24 42 59 43 7 39
43 7 1 60 24 42 44
8 38 2 48 16 60 62
44 23 4 18 39 24 25
63 2 40 3 22 11 35
9 38 30 4 52 65 37
61 60 2 10 63 28 26
39 12 63 41 63 3 78
34 10 15 16 36 29 29
25 6 7 6 31 18 27
27 19 17 15 32 16 13
49 0 31 5 47 17 49
6 31 18 9 38 30 13
52 32 36 57 36 41 6
37 40 45 34 10 15 42
61 60 2 1 52 50 48
62 57 3 34 10 15 48
1 52 50 43 7 1 66
66 30 12 42 58 26 31
3 22 11 42 58 26 39
61 60 2 19 17 42 58
35 21 58 4 52 65 31
17 18 7 26 14 12 6
55 17 5 22 1 49 46
40 25 36 32 63 36 38
1 52 50 62 57 3 47
7 1 33 6 31 18 33
25 6 7 38 24 47 43
45 46 17 28 22 29 26
37 40 45 5 47 17 28
60 24 42 24 39 62 25
3 22 11 15 32 16 11
26 14 12 46 50 61 60
4 52 65 8 38 2 64
47 43 51 62 57 3 50
67 29 42 65 30 37 5
51 39 60 50 32 12 48
27 19 17 60 24 42 25
53 49 15 14 56 37 23
48 16 60 0 63 67 47
13 52 7 31 17 1 35
31 17 1 40 25 36 35
17 18 7 14 56 37 48
23 31 4 57 36 41 37
1 52 50 57 36 41 18
24 39 62 30 6 2 68
9 38 30 47 43 51 21
60 24 42 56 8 41 16
38 24 47 2 60 25 42
49 0 31 3 22 11 29
38 24 47 46 50 61 29
15 32 16 49 0 31 35
63 2 40 1 52 50 50
37 40 45 14 56 37 17
2 60 25 63 2 40 59
56 8 41 2 60 25 54
47 43 51 53 49 15 36
43 7 1 10 63 28 62
37 40 45 65 30 37 12
11 10 22 66 30 12 22
65 30 37 31 17 1 38
36 10 23 4 52 65 59
67 29 42 35 21 58 17
67 29 42 38 24 47 7
17 18 7 61 60 2 42
41 63 3 10 63 28 25
18 39 24 28 22 29 17
16 36 29 55 17 5 30
26 14 12 12 52 37 45
9 38 30 40 25 36 14
25 6 7 0 63 67 82
5 47 17 34 10 15 37
54 46 39 2 60 25 19
4 52 65 5 47 17 48
45 46 17 63 2 40 49
45 46 17 6 31 18 15
13 52 7 9 38 30 26
57 36 41 18 39 24 17
7 1 33 57 36 41 35
34 10 15 38 24 47 34
19 17 42 52 32 36 16
33 52 39 55 17 5 48
10 63 28 31 17 1 53
1 52 50 19 17 42 35
11 10 22 24 39 62 49
24 39 62 37 40 45 17
43 7 1 47 43 51 61
34 10 15 51 39 60 53
60 24 42 35 21 58 16
14 56 37 66 30 12 36
51 39 60 35 21 58 18
36 10 23 31 17 1 23
10 63 28 7 1 33 62
5 47 17 55 17 5 32
36 10 23 5 47 17 37
46 50 61 53 49 15 46
10 63 28 29 41 41 25
23 31 4 55 17 5 14
62 57 3 3 22 11 35
51 39 60 56 8 41 36
50 32 12 65 30 37 25
62 57 3 19 17 42 55
57 36 41 36 10 23 31
14 56 37 13 52 7 30
37 40 45 3 22 11 38
18 39 24 26 14 12 27
44 23 4 56 8 41 39
31 17 1 58 65 28 55
25 6 7 40 25 36 34
61 60 2 38 24 47 57
35 21 58 13 52 7 59
50 32 12 2 60 25 30
36 10 23 32 63 36 54
8 38 2 14 56 37 39
18 39 24 30 6 2 39
21 5 8 43 7 1 7
34 10 15 41 63 3 54
51 39 60 31 17 1 62
37 40 45 27 19 17 35
11 10 22 38 24 47 28
36 10 23 42 58 26 48
53 49 15 40 25 36 31
17 18 7 1 52 50 54
0 63 67 5 47 17 52
13 52 7 22 1 49 66
32 63 36 6 31 18 36
46 50 61 42 58 26 35
43 7 1 26 14 12 13
42 58 26 24 39 62 40
59 43 7 28 22 29 30
59 43 7 14 56 37 32
66 30 12 12 52 37 33
2 60 25 65 30 37 32
28 22 29 3 22 11 18
62 57 3 61 60 2 3
37 40 45 29 41 41 4
38 24 47 58 65 28 45
4 52 65 40 25 36 39
55 17 5 43 7 1 10
37 40 45 28 22 29 24
52 32 36 6 31 18 18
45 46 17 41 63 3 22
63 2 40 24 39 62 43
17 18 7 23 31 4 13
45 46 17 48 16 60 52
38 24 47 16 36 29 21
19 17 42 49 0 31 20
20 47 54 52 32 36 23
34 10 15 18 39 24 30
63 2 40 20 47 54 47
13 52 7 63 2 40 59
65 30 37 20 47 54 24
21 5 8 27 19 17 16
44 23 4 45 46 17 26
52 32 36 60 24 42 10
62 57 3 43 7 1 50
56 8 41 59 43 7 48
17 18 7 39 12 63 56
5 47 17 1 52 50 33
41 63 3 2 60 25 22
24 39 62 45 46 17 45
6 31 18 28 22 29 14
49 0 31 2 60 25 60
50 32 12 7 1 33 37
33 52 39 34 10 15 48
58 65 28 62 57 3 26
54 46 39 31 17 1 47
6 31 18 20 47 54 39
11 10 22 34 10 15 7
11 10 22 23 31 4 27
20 47 54 28 22 29 35
36 10 23 64 67 20 57
2 60 25 24 39 62 42
62 57 3 16 36 29 33
47 43 51 60 24 42 21
40 25 36 43 7 1 39
29 41 41 63 2 40 39
23 31 4 37 40 45 41
59 43 7 51 39 60 53
55 17 5 25 6 7 11
13 52 7 7 1 33 57
13 52 7 1 52 50 43
12 52 37 55 17 5 47
62 57 3 40 25 36 45
27 19 17 53 49 15 30
19 17 42 2 60 25 46
33 52 39 52 32 36 20
43 7 1 18 39 24 39
45 46 17 34 10 15 36
37 40 45 18 39 24 21
26 14 12 52 32 36 30
33 52 39 51 39 60 24
67 29 42 6 31 18 24
17 18 7 53 49 15 32
57 36 41 14 56 37 20
36 10 23 59 43 7 36
28 22 29 2 60 25 38
36 10 23 22 1 49 27
45 46 17 35 21 58 48
13 52 7 58 65 28 24
24 39 62 21 5 8 63
67 29 42 44 23 4 38
28 22 29 52 32 36 12
19 17 42 21 5 8 36
52 32 36 62 57 3 41
58 65 28 43 7 1 63
63 2 40 38 24 47 23
46 50 61 47 43 51 12
39 12 63 2 60 25 61
3 22 11 38 24 47 36
11 10 22 30 6 2 20
12 52 37 45 46 17 20
41 63 3 54 46 39 39
29 41 41 17 18 7 41
52 32 36 12 52 37 20
32 63 36 22 1 49 63
45 46 17 53 49 15 3
8 38 2 40 25 36 36
30 6 2 4 52 65 78
45 46 17 19 17 42 38
58 65 28 17 18 7 51
10 63 28 6 31 18 33
1 52 50 45 46 17 33
11 10 22 18 39 24 29
43 7 1 12 52 37 57
44 23 4 61 60 2 37
48 16 60 50 32 12 50
33 52 39 19 17 42 35
29 41 41 11 10 22 36
56 8 41 28 22 29 18
57 36 41 28 22 29 18
60 24 42 4 52 65 36
1 52 50 34 10 15 54
13 52 7 18 39 24 21
1 52 50 2 60 25 26
0 63 67 29 41 41 34
13 52 7 32 63 36 31
3 22 11 18 39 24 21
12 52 37 53 49 15 22
41 63 3 6 31 18 35
14 56 37 33 52 39 4
4 52 65 6 31 18 51
53 49 15 32 63 36 25
4 52 65 67 29 42 32
64 67 20 29 41 41 33
42 58 26 6 31 18 28
23 31 4 14 56 37 41
60 24 42 12 52 37 28
17 18 7 10 63 28 49
21 5 8 15 32 16 28
23 31 4 64 67 20 39
21 5 8 66 30 12 25
29 41 41 15 32 16 26
52 32 36 31 17 1 38
14 56 37 51 39 60 28
16 36 29 10 63 28 27
46 50 61 55 17 5 65
50 32 12 14 56 37 34
30 6 2 1 52 50 66
24 39 62 12 52 37 28
34 10 15 47 43 51 48
13 52 7 15 32 16 21
27 19 17 44 23 4 13
8 38 2 45 46 17 17
58 65 28 23 31 4 41
9 38 30 61 60 2 35
51 39 60 18 39 24 36
58 65 28 5 47 17 21
36 10 23 38 24 47 27
48 16 60 65 30 37 26
24 39 62 41 63 3 63
30 6 2 49 0 31 29
32 63 36 66 30 12 40
64 67 20 22 1 49 72
43 7 1 8 38 2 31
3 22 11 5 47 17 25
8 38 2 29 41 41 39
61 60 2 40 25 36 48
16 36 29 39 12 63 41
18 39 24 53 49 15 13
51 39 60 58 65 28 41
5 47 17 48 16 60 53
30 6 2 20 47 54 66
30 6 2 64 67 20 63
18 39 24 39 12 63 47
10 63 28 25 6 7 60
24 39 62 67 29 42 22
4 52 65 29 41 41 26
50 32 12 38 24 47 35
43 7 1 49 0 31 30
19 17 42 29 41 41 24
16 36 29 32 63 36 27
13 52 7 27 19 17 34
61 60 2 59 43 7 17
10 63 28 20 47 54 30
58 65 28 57 36 41 31
0 63 67 38 24 47 43
7 1 33 22 1 49 16
61 60 2 27 19 17 43
31 17 1 11 10 22 22
49 0 31 18 39 24 39
52 32 36 15 32 16 20
43 7 1 46 50 61 73
52 32 36 51 39 60 25
28 22 29 50 32 12 19
26 14 12 40 25 36 26
63 2 40 19 17 42 15
11 10 22 3 22 11 16
38 24 47 55 17 5 42
26 14 12 50 32 12 18
40 25 36 49 0 31 25
15 32 16 12 52 37 29
0 63 67 4 52 65 11
67 29 42 25 6 7 41
31 17 1 53 49 15 34
49 0 31 38 24 47 28
50 32 12 62 57 3 26
1 52 50 7 1 33 53
49 0 31 14 56 37 56
46 50 61 61 60 2 59
42 58 26 29 41 41 22
20 47 54 33 52 39 15
9 38 30 59 43 7 23
33 52 39 50 32 12 33
48 16 60 21 5 8 53
18 39 24 65 30 37 15
61 60 2 30 6 2 54
7 1 33 30 6 2 31
5 47 17 51 39 60 43
33 52 39 9 38 30 16
14 56 37 39 12 63 51
38 24 47 15 32 16 32
38 24 47 14 56 37 33
18 39 24 9 38 30 6
31 17 1 46 50 61 68
8 38 2 41 63 3 25
4 52 65 20 47 54 12
57 36 41 59 43 7 34
56 8 41 47 43 51 36
34 10 15 49 0 31 18
36 10 23 11 10 22 1
58 65 28 61 60 2 26
2 60 25 34 10 15 50
35 21 58 50 32 12 47
2 60 25 37 40 45 28
56 8 41 4 52 65 50
13 52 7 60 24 42 44
49 0 31 57 36 41 37
34 10 15 54 46 39 43
38 24 47 33 52 39 29
9 38 30 23 31 4 26
64 67 20 33 52 39 24
56 8 41 48 16 60 20
54 46 39 29 41 41 5
5 47 17 42 58 26 14
65 30 37 33 52 39 22
12 52 37 62 57 3 34
63 2 40 28 22 29 22
32 63 36 21 5 8 64
21 5 8 8 38 2 33
12 52 37 27 19 17 38
55 17 5 31 17 1 4
13 52 7 54 46 39 32
6 31 18 26 14 12 18
36 10 23 58 65 28 55
20 47 54 46 50 61 7
1 52 50 56 8 41 44
22 1 49 42 58 26 61
7 1 33 17 18 7 31
59 43 7 62 57 3 14
20 47 54 9 38 30 25
7 1 33 29 41 41 40
11 10 22 32 63 36 54
36 10 23 1 52 50 49
33 52 39 58 65 28 17
32 63 36 4 52 65 31
39 12 63 65 30 37 31
6 31 18 35 21 58 41
34 10 15 8 38 2 30
40 25 36 48 16 60 25
27 19 17 8 38 2 24
41 63 3 30 6 2 57
42 58 26 14 56 37 11
39 12 63 61 60 2 77
25 6 7 11 10 22 15
65 30 37 8 38 2 35
35 21 58 66 30 12 46
15 32 16 2 60 25 29
4 52 65 61 60 2 63
4 52 65 52 32 36 35
59 43 7 8 38 2 7
22 1 49 62 57 3 72
16 36 29 44 23 4 28
18 39 24 46 50 61 38
48 16 60 39 12 63 5
62 57 3 37 40 45 45
40 25 36 46 50 61 35
26 14 12 51 39 60 54
44 23 4 52 32 36 33
44 23 4 55 17 5 6
24 39 62 28 22 29 37
30 6 2 14 56 37 61
11 10 22 21 5 8 14
52 32 36 0 63 67 43
26 14 12 29 41 41 39
0 63 67 60 24 42 46
32 63 36 41 63 3 33
31 17 1 44 23 4 6
41 63 3 5 47 17 21
45 46 17 25 6 7 41
54 46 39 26 14 12 41
39 12 63 6 31 18 48
21 5 8 35 21 58 52
30 6 2 50 32 12 27
7 1 33 26 14 12 24
37 40 45 39 12 63 33
24 39 62 13 52 7 56
46 50 61 65 30 37 31
2 60 25 35 21 58 51
51 39 60 24 39 62 2
32 63 36 30 6 2 66
10 63 28 59 43 7 29
67 29 42 42 58 26 33
36 10 23 15 32 16 23
32 63 36 0 63 67 31
48 16 60 6 31 18 44
62 57 3 17 18 7 39
53 49 15 22 1 49 58
65 30 37 36 10 23 24
1 52 50 18 39 24 29
36 10 23 2 60 25 50
42 58 26 11 10 22 48
56 8 41 29 41 41 33
12 52 37 65 30 37 22
20 47 54 66 30 12 45
25 6 7 17 18 7 12
0 63 67 34 10 15 74
67 29 42 28 22 29 14
14 56 37 34 10 15 50
57 36 41 26 14 12 36
11 10 22 13 52 7 44
30 6 2 44 23 4 17
1 52 50 29 41 41 14
30 6 2 19 17 42 41
14 56 37 12 52 37 4
60 24 42 38 24 47 5
6 31 18 13 52 7 23
62 57 3 7 1 33 63
13 52 7 59 43 7 9
42 58 26 13 52 7 19
67 29 42 3 22 11 31
27 19 17 32 63 36 47
58 65 28 59 43 7 30
30 6 2 54 46 39 54
44 23 4 63 2 40 41
30 6 2 26 14 12 12
13 52 7 39 12 63 68
23 31 4 45 46 17 19
28 22 29 54 46 39 26
47 43 51 51 39 60 9
50 32 12 63 2 40 41
49 0 31 0 63 67 72
59 43 7 65 30 37 32
17 18 7 24 39 62 58
12 52 37 9 38 30 15
66 30 12 49 0 31 35
33 52 39 62 57 3 36
62 57 3 51 39 60 59
41 63 3 51 39 60 61
58 65 28 20 47 54 31
48 16 60 32 63 36 52
65 30 37 7 1 33 29
48 16 60 4 52 65 36
63 2 40 27 19 17 28
4 52 65 63 2 40 55
46 50 61 41 63 3 59
38 24 47 1 52 50 28
2 60 25 44 23 4 42
10 63 28 9 38 30 25
12 52 37 4 52 65 28
4 52 65 64 67 20 47
42 58 26 53 49 15 14
67 29 42 62 57 3 48
64 67 20 16 36 29 32
37 40 45 10 63 28 28
0 63 67 39 12 63 51
24 39 62 22 1 49 40
15 32 16 32 63 36 36
53 49 15 3 22 11 27
30 6 2 39 12 63 61
40 25 36 56 8 41 17
34 10 15 65 30 37 29
38 24 47 19 17 42 8
9 38 30 44 23 4 30
22 1 49 14 56 37 56
13 52 7 52 32 36 35
61 60 2 65 30 37 46
51 39 60 40 25 36 27
65 30 37 30 6 2 42
23 31 4 29 41 41 38
41 63 3 3 22 11 41
45 46 17 52 32 36 23
61 60 2 7 1 33 66
49 0 31 62 57 3 63
66 30 12 28 22 29 18
39 12 63 25 6 7 56
13 52 7 57 36 41 37
61 60 2 47 43 51 51
11 10 22 46 50 61 55
43 7 1 22 1 49 48
36 10 23 51 39 60 47
36 10 23 25 6 7 16
32 63 36 50 32 12 39
48 16 60 46 50 61 34
31 17 1 26 14 12 11
58 65 28 19 17 42 50
28 22 29 15 32 16 16
45 46 17 54 46 39 22
10 63 28 3 22 11 44
34 10 15 31 17 1 15
1 52 50 37 40 45 13
49 0 31 6 31 18 33
51 39 60 55 17 5 59
47 43 51 55 17 5 52
53 49 15 8 38 2 17
26 14 12 60 24 42 31
34 10 15 7 1 33 20
29 41 41 18 39 24 17
66 30 12 52 32 36 24
51 39 60 30 6 2 66
26 14 12 22 1 49 39
19 17 42 18 39 24 28
49 0 31 24 39 62 49
16 36 29 14 56 37 21
29 41 41 30 6 2 52
51 39 60 2 60 25 40
5 47 17 56 8 41 45
67 29 42 45 46 17 30
16 36 29 9 38 30 2
1 52 50 41 63 3 48
54 46 39 49 0 31 46
40 25 36 63 2 40 23
1 52 50 59 43 7 43
6 31 18 58 65 28 35
25 6 7 37 40 45 50
55 17 5 62 57 3 40
60 24 42 22 1 49 24
20 47 54 0 63 67 20
49 0 31 42 58 26 58
46 50 61 37 40 45 18
0 63 67 8 38 2 69
33 52 39 1 52 50 11
25 6 7 26 14 12 9
59 43 7 6 31 18 16
31 17 1 24 39 62 64
64 67 20 31 17 1 53
54 46 39 5 47 17 22
33 52 39 5 47 17 22
44 23 4 14 56 37 46
47 43 51 11 10 22 43
61 60 2 18 39 24 30
11 10 22 54 46 39 39
45 46 17 13 52 7 11
16 36 29 67 29 42 14
29 41 41 45 46 17 24
41 63 3 31 17 1 46
43 7 1 11 10 22 21
64 67 20 5 47 17 20
15 32 16 41 63 3 33
37 40 45 30 6 2 54
24 39 62 4 52 65 13
34 10 15 35 21 58 44
4 52 65 27 19 17 58
55 17 5 37 40 45 46
12 52 37 48 16 60 42
64 67 20 59 43 7 27
50 32 12 36 10 23 24
24 39 62 29 41 41 21
31 17 1 7 1 33 35
29 41 41 35 21 58 26
1 52 50 31 17 1 60
12 52 37 18 39 24 18
32 63 36 46 50 61 28
57 36 41 11 10 22 32
20 47 54 29 41 41 14
40 25 36 6 31 18 18
31 17 1 28 22 29 28
21 5 8 6 31 18 27
67 29 42 13 52 7 41
51 39 60 6 31 18 42
28 22 29 14 56 37 34
65 30 37 52 32 36 2
54 46 39 33 52 39 6
14 56 37 27 19 17 42
63 2 40 66 30 12 39
52 32 36 38 24 47 13
42 58 26 52 32 36 27
6 31 18 36 10 23 21
27 19 17 58 65 28 47
9 38 30 32 63 36 25
34 10 15 6 31 18 21
48 16 60 57 36 41 27
5 47 17 19 17 42 39
19 17 42 13 52 7 49
14 56 37 35 21 58 40
39 12 63 57 36 41 32
10 63 28 35 21 58 51
62 57 3 21 5 8 52
39 12 63 52 32 36 33
51 39 60 16 36 29 31
37 40 45 63 2 40 38
24 39 62 66 30 12 50
0 63 67 14 56 37 30
52 32 36 24 39 62 26
44 23 4 8 38 2 15
10 63 28 56 8 41 56
19 17 42 31 17 1 41
0 63 67 64 67 20 47
56 8 41 15 32 16 34
66 30 12 59 43 7 13
38 24 47 27 19 17 30
21 5 8 3 22 11 17
47 43 51 33 52 39 15
61 60 2 36 10 23 54
18 39 24 8 38 2 22
58 65 28 16 36 29 29
17 18 7 52 32 36 32
43 7 1 7 1 33 32
36 10 23 56 8 41 18
11 10 22 67 29 42 27
59 43 7 19 17 42 43
58 65 28 32 63 36 8
27 19 17 65 30 37 22
66 30 12 33 52 39 34
65 30 37 13 52 7 37
61 60 2 51 39 60 61
51 39 60 44 23 4 58
43 7 1 25 6 7 6
32 63 36 63 2 40 61
52 32 36 7 1 33 31
22 1 49 65 30 37 31
32 63 36 12 52 37 11
58 65 28 9 38 30 27
66 30 12 51 39 60 48
21 5 8 4 52 65 73
14 56 37 11 10 22 48
25 6 7 44 23 4 17
19 17 42 6 31 18 27
15 32 16 33 52 39 30
1 52 50 50 32 12 42
28 22 29 62 57 3 43
67 29 42 18 39 24 20
4 52 65 57 36 41 28
5 47 17 18 39 24 10
8 38 2 28 22 29 31
18 39 24 64 67 20 28
17 18 7 32 63 36 53
22 1 49 1 52 50 51
8 38 2 11 10 22 34
3 22 11 22 1 49 43
6 31 18 8 38 2 17
3 22 11 27 19 17 6
63 2 40 53 49 15 53
44 23 4 54 46 39 41
16 36 29 23 31 4 25
8 38 2 38 24 47 47
13 52 7 40 25 36 39
8 38 2 66 30 12 12
17 18 7 65 30 37 32
6 31 18 33 52 39 29
45 46 17 10 63 28 20
56 8 41 37 40 45 32
13 52 7 53 49 15 8
19 17 42 65 30 37 13
52 32 36 61 60 2 44
27 19 17 48 16 60 43
55 17 5 42 58 26 46
38 24 47 62 57 3 55
46 50 61 2 60 25 37
50 32 12 44 23 4 12
17 18 7 5 47 17 30
32 63 36 33 52 39 11
67 29 42 10 63 28 36
43 7 1 3 22 11 18
20 47 54 57 36 41 17
2 60 25 45 46 17 16
47 43 51 66 30 12 41
21 5 8 12 52 37 55
53 49 15 66 30 12 19
58 65 28 49 0 31 65
5 47 17 21 5 8 42
19 17 42 60 24 42 7
33 52 39 16 36 29 18
16 36 29 30 6 2 40
56 8 41 54 46 39 38
18 39 24 6 31 18 10
28 22 29 49 0 31 22
51 39 60 46 50 61 11
25 6 7 66 30 12 24
16 36 29 2 60 25 24
3 22 11 25 6 7 16
19 17 42 55 17 5 37
5 47 17 60 24 42 33
66 30 12 34 10 15 20
54 46 39 67 29 42 17
10 63 28 38 24 47 43
57 36 41 35 21 58 22
60 24 42 30 6 2 43
38 24 47 21 5 8 43
28 22 29 58 65 28 43
20 47 54 15 32 16 40
50 32 12 39 12 63 54
7 1 33 60 24 42 24
1 52 50 53 49 15 35
33 52 39 42 58 26 14
40 25 36 12 52 37 27
18 39 24 45 46 17 9
9 38 30 65 30 37 10
1 52 50 52 32 36 24
53 49 15 23 31 4 21
36 10 23 7 1 33 13
52 32 36 54 46 39 14
59 43 7 3 22 11 21
14 56 37 26 14 12 48
9 38 30 53 49 15 18
44 23 4 0 63 67 74
29 41 41 59 43 7 34
15 32 16 55 17 5 18
33 52 39 0 63 67 30
55 17 5 61 60 2 43
40 25 36 10 63 28 38
40 25 36 20 47 54 28
39 12 63 9 38 30 42
61 60 2 56 8 41 65
41 63 3 17 18 7 45
59 43 7 53 49 15 10
27 19 17 36 10 23 10
65 30 37 47 43 51 19
64 67 20 39 12 63 69
36 10 23 62 57 3 51
52 32 36 35 21 58 24
18 39 24 20 47 54 31
0 63 67 66 30 12 64
39 12 63 51 39 60 27
53 49 15 64 67 20 18
18 39 24 32 63 36 26
33 52 39 17 18 7 46
19 17 42 11 10 22 21
49 0 31 29 41 41 42
36 10 23 16 36 29 26
22 1 49 27 19 17 36
64 67 20 28 22 29 45
9 38 30 64 67 20 30
57 36 41 9 38 30 11
42 58 26 38 24 47 39
29 41 41 5 47 17 24
12 52 37 5 47 17 20
21 5 8 53 49 15 44
38 24 47 31 17 1 46
29 41 41 2 60 25 24
54 46 39 57 36 41 10
7 1 33 15 32 16 35
30 6 2 35 21 58 57
37 40 45 48 16 60 28
65 30 37 3 22 11 27
62 57 3 32 63 36 33
14 56 37 25 6 7 58
67 29 42 26 14 12 33
32 63 36 35 21 58 47
53 49 15 51 39 60 46
46 50 61 23 31 4 60
45 46 17 61 60 2 20
5 47 17 45 46 17 1
11 10 22 0 63 67 69
0 63 67 61 60 2 65
61 60 2 37 40 45 47
9 38 30 52 32 36 8
3 22 11 31 17 1 11
26 14 12 23 31 4 18
66 30 12 55 17 5 14
50 32 12 23 31 4 8
46 50 61 14 56 37 24
32 63 36 44 23 4 51
59 43 7 0 63 67 63
11 10 22 64 67 20 57
46 50 61 49 0 31 58
47 43 51 29 41 41 10
16 36 29 12 52 37 17
36 10 23 44 23 4 23
21 5 8 28 22 29 27
67 29 42 60 24 42 5
30 6 2 57 36 41 49
25 6 7 4 52 65 74
22 1 49 4 52 65 53
27 19 17 52 32 36 23
56 8 41 64 67 20 62
57 36 41 33 52 39 16
54 46 39 14 56 37 10
58 65 28 11 10 22 55
11 10 22 22 1 49 28
55 17 5 28 22 29 24
60 24 42 21 5 8 38
26 14 12 13 52 7 38
24 39 62 53 49 15 48
15 32 16 35 21 58 43
26 14 12 55 17 5 7
33 52 39 36 10 23 44
28 22 29 12 52 37 31
24 39 62 38 24 47 21
37 40 45 16 36 29 16
21 5 8 34 10 15 8
58 65 28 25 6 7 62
57 36 41 63 2 40 34
63 2 40 54 46 39 44
28 22 29 40 25 36 7
45 46 17 55 17 5 31
42 58 26 21 5 8 55
64 67 20 19 17 42 54
55 17 5 17 18 7 2
59 43 7 47 43 51 44
65 30 37 6 31 18 19
56 8 41 45 46 17 44
20 47 54 35 21 58 26
48 16 60 44 23 4 56
40 25 36 5 47 17 29
2 60 25 4 52 65 40
29 41 41 34 10 15 40
21 5 8 47 43 51 57
58 65 28 46 50 61 36
65 30 37 63 2 40 28
20 47 54 41 63 3 53
43 7 1 19 17 42 42
4 52 65 13 52 7 58
17 18 7 8 38 2 20
40 25 36 15 32 16 21
12 52 37 51 39 60 26
36 10 23 23 31 4 28
15 32 16 1 52 50 39
16 36 29 20 47 54 27
8 38 2 55 17 5 21
20 47 54 14 56 37 19
29 41 41 65 30 37 11
19 17 42 17 18 7 35
52 32 36 14 56 37 24
55 17 5 63 2 40 38
49 0 31 48 16 60 33
27 19 17 26 14 12 7
23 31 4 66 30 12 8
2 60 25 26 14 12 47
50 32 12 59 43 7 12
3 22 11 52 32 36 26
44 23 4 42 58 26 41
14 56 37 4 52 65 28
29 41 41 52 32 36 10
22 1 49 37 40 45 39
63 2 40 48 16 60 24
22 1 49 44 23 4 50
56 8 41 7 1 33 10
19 17 42 53 49 15 41
19 17 42 28 22 29 13
48 16 60 9 38 30 37
4 52 65 33 52 39 26
34 10 15 59 43 7 33
31 17 1 23 31 4 14
11 10 22 40 25 36 20
38 24 47 64 67 20 50
60 24 42 61 60 2 53
50 32 12 52 32 36 24
24 39 62 10 63 28 41
42 58 26 37 40 45 26
56 8 41 16 36 29 30
38 24 47 59 43 7 44
49 0 31 63 2 40 9
56 8 41 43 7 1 40
45 46 17 32 63 36 25
52 32 36 56 8 41 24
63 2 40 7 1 33 7
3 22 11 7 1 33 30
37 40 45 17 18 7 43
37 40 45 4 52 65 23
59 43 7 39 12 63 64
65 30 37 16 36 29 10
62 57 3 11 10 22 50
43 7 1 35 21 58 58
64 67 20 61 60 2 19
7 1 33 8 38 2 48
21 5 8 25 6 7 1
15 32 16 8 38 2 15
12 52 37 64 67 20 22
64 67 20 2 60 25 8
64 67 20 24 39 62 50
43 7 1 23 31 4 24
31 17 1 4 52 65 72
51 39 60 4 52 65 13
67 29 42 12 52 37 23
38 24 47 22 1 49 23
26 14 12 49 0 31 23
42 58 26 48 16 60 54
53 49 15 35 21 58 51
28 22 29 17 18 7 22
36 10 23 39 12 63 40
33 52 39 3 22 11 41
16 36 29 52 32 36 8
36 10 23 35 21 58 36
0 63 67 51 39 60 25
47 43 51 35 21 58 23
6 31 18 61 60 2 33
56 8 41 67 29 42 21
1 52 50 28 22 29 36
65 30 37 38 24 47 11
18 39 24 66 30 12 15
34 10 15 63 2 40 26
26 14 12 32 63 36 54
41 63 3 44 23 4 40
55 17 5 3 22 11 7
63 2 40 59 43 7 52
47 43 51 0 63 67 25
25 6 7 56 8 41 34
61 60 2 2 60 25 23
66 30 12 41 63 3 34
65 30 37 25 6 7 38
44 23 4 40 25 36 32
50 32 12 9 38 30 18
39 12 63 66 30 12 54
4 52 65 3 22 11 61
48 16 60 35 21 58 5
17 18 7 50 32 12 14
24 39 62 65 30 37 26
67 29 42 50 32 12 30
9 38 30 63 2 40 37
28 22 29 38 24 47 18
19 17 42 56 8 41 9
38 24 47 18 39 24 27
37 40 45 33 52 39 13
52 32 36 30 6 2 42
63 2 40 14 56 37 54
44 23 4 5 47 17 27
12 52 37 61 60 2 35
25 6 7 18 39 24 37
35 21 58 56 8 41 21
41 63 3 18 39 24 31
6 31 18 3 22 11 11
43 7 1 65 30 37 42
34 10 15 58 65 28 56
49 0 31 47 43 51 47
42 58 26 54 46 39 17
57 36 41 38 24 47 13
58 65 28 1 52 50 25
35 21 58 18 39 24 38
50 32 12 5 47 17 15
63 2 40 61 60 2 69
15 32 16 30 6 2 29
16 36 29 61 60 2 36
59 43 7 24 39 62 55
13 52 7 64 67 20 19
5 47 17 22 1 49 56
1 52 50 8 38 2 50
16 36 29 6 31 18 12
15 32 16 60 24 42 27
56 8 41 11 10 22 19
22 1 49 54 46 39 46
9 38 30 26 14 12 30
49 0 31 55 17 5 31
5 47 17 65 30 37 26
13 52 7 3 22 11 30
62 57 3 15 32 16 28
29 41 41 43 7 1 52
62 57 3 18 39 24 27
0 63 67 36 10 23 68
15 32 16 0 63 67 59
63 2 40 51 39 60 42
46 50 61 56 8 41 46
28 22 29 53 49 15 30
35 21 58 49 0 31 34
53 49 15 56 8 41 48
11 10 22 51 39 60 47
49 0 31 22 1 49 18
56 8 41 42 58 26 52
19 17 42 0 63 67 52
49 0 31 16 36 29 36
9 38 30 25 6 7 39
1 52 50 54 46 39 12
49 0 31 1 52 50 55
14 56 37 64 67 20 20
63 2 40 31 17 1 41
35 21 58 24 39 62 18
54 46 39 17 18 7 42
16 36 29 25 6 7 37
63 2 40 26 14 12 30
35 21 58 59 43 7 55
27 19 17 0 63 67 66
53 49 15 50 32 12 17
62 57 3 8 38 2 19
42 58 26 31 17 1 48
6 31 18 27 19 17 12
10 63 28 50 32 12 34
58 65 28 56 8 41 58
45 46 17 49 0 31 48
55 17 5 54 46 39 44
0 63 67 40 25 36 49
7 1 33 20 47 54 50
64 67 20 54 46 39 28
52 32 36 11 10 22 26
19 17 42 10 63 28 48
64 67 20 43 7 1 62
27 19 17 41 63 3 46
18 39 24 7 1 33 39
24 39 62 20 47 54 11
49 0 31 52 32 36 32
66 30 12 31 17 1 17
9 38 30 42 58 26 20
56 8 41 55 17 5 37
50 32 12 45 46 17 14
16 36 29 19 17 42 23
34 10 15 67 29 42 33
5 47 17 57 36 41 26
4 52 65 43 7 1 78
33 52 39 46 50 61 22
4 52 65 62 57 3 62
32 63 36 8 38 2 42
22 1 49 39 12 63 17
0 63 67 21 5 8 82
39 12 63 27 19 17 46
48 16 60 15 32 16 46
60 24 42 57 36 41 12
17 18 7 43 7 1 12
40 25 36 66 30 12 24
0 63 67 18 39 24 49
65 30 37 40 25 36 5
17 18 7 67 29 42 36
25 6 7 13 52 7 46
5 47 17 35 21 58 48
8 38 2 54 46 39 37
5 47 17 63 2 40 50
14 56 37 56 8 41 48
2 60 25 3 22 11 40
4 52 65 49 0 31 62
40 25 36 39 12 63 29
66 30 12 5 47 17 17
38 24 47 51 39 60 19
8 38 2 56 8 41 49
43 7 1 0 63 67 86
2 60 25 12 52 37 14
0 63 67 16 36 29 46
42 58 26 7 1 33 57
4 52 65 26 14 12 65
28 22 29 5 47 17 27
10 63 28 8 38 2 36
25 6 7 12 52 37 54
36 10 23 43 7 1 22
5 47 17 62 57 3 17
41 63 3 57 36 41 46
21 5 8 13 52 7 47
24 39 62 55 17 5 61
67 29 42 59 43 7 37
52 32 36 2 60 25 30
53 49 15 60 24 42 36
50 32 12 4 52 65 56
54 46 39 50 32 12 30
3 22 11 20 47 54 49
38 24 47 7 1 33 26
59 43 7 18 39 24 17
32 63 36 61 60 2 34
36 10 23 66 30 12 22
15 32 16 50 32 12 4
1 52 50 39 12 63 42
0 63 67 41 63 3 64
33 52 39 35 21 58 36
1 52 50 25 6 7 62
14 56 37 18 39 24 21
36 10 23 52 32 36 25
6 31 18 2 60 25 29
61 60 2 29 41 41 43
22 1 49 33 52 39 51
55 17 5 18 39 24 29
54 46 39 0 63 67 32
63 2 40 21 5 8 32
28 22 29 11 10 22 13
15 32 16 11 10 22 22
62 57 3 63 2 40 66
1 52 50 42 58 26 24
67 29 42 23 31 4 38
56 8 41 12 52 37 44
58 65 28 14 56 37 12
44 23 4 62 57 3 34
60 24 42 2 60 25 39
49 0 31 9 38 30 38
22 1 49 57 36 41 35
37 40 45 26 14 12 42
46 50 61 13 52 7 54
16 36 29 17 18 7 28
20 47 54 61 60 2 53
53 49 15 44 23 4 28
7 1 33 23 31 4 41
25 6 7 5 47 17 42
5 47 17 14 56 37 21
60 24 42 46 50 61 32
10 63 28 34 10 15 54
42 58 26 59 43 7 24
45 46 17 60 24 42 33
54 46 39 35 21 58 31
61 60 2 8 38 2 22
30 6 2 13 52 7 46
20 47 54 25 6 7 62
39 12 63 24 39 62 27
45 46 17 51 39 60 43
55 17 5 2 60 25 47
15 32 16 44 23 4 15
67 29 42 2 60 25 35
21 5 8 52 32 36 38
15 32 16 53 49 15 17
67 29 42 57 36 41 7
26 14 12 0 63 67 73
39 12 63 3 22 11 52
38 24 47 39 12 63 20
23 31 4 54 46 39 38
0 63 67 35 21 58 42
13 52 7 29 41 41 35
16 36 29 4 52 65 39
3 22 11 56 8 41 33
40 25 36 64 67 20 44
26 14 12 61 60 2 47
25 6 7 50 32 12 26
21 5 8 50 32 12 27
27 19 17 24 39 62 49
26 14 12 53 49 15 35
58 65 28 60 24 42 43
65 30 37 41 63 3 47
38 24 47 12 52 37 29
2 60 25 53 49 15 14
66 30 12 43 7 1 25
57 36 41 29 41 41 5
67 29 42 43 7 1 46
0 63 67 46 50 61 14
57 36 41 19 17 42 19
52 32 36 10 63 28 32
53 49 15 49 0 31 51
63 2 40 22 1 49 9
7 1 33 24 39 62 47
59 43 7 32 63 36 35
7 1 33 37 40 45 40
38 24 47 32 63 36 40
8 38 2 2 60 25 31
33 52 39 67 29 42 23
2 60 25 43 7 1 58
4 52 65 38 24 47 33
34 10 15 60 24 42 30
45 46 17 62 57 3 17
62 57 3 66 30 12 28
41 63 3 37 40 45 47
60 24 42 3 22 11 31
24 39 62 61 60 2 63
55 17 5 21 5 8 12
65 30 37 0 63 67 44
2 60 25 5 47 17 15
10 63 28 48 16 60 56
10 63 28 51 39 60 40
67 29 42 7 1 33 29
42 58 26 41 63 3 23
63 2 40 56 8 41 6
13 52 7 20 47 54 47
65 30 37 55 17 5 34
24 39 62 43 7 1 68
20 47 54 55 17 5 57
59 43 7 43 7 1 36
43 7 1 5 47 17 43
58 65 28 55 17 5 53
52 32 36 46 50 61 30
23 31 4 40 25 36 32
58 65 28 2 60 25 5
57 36 41 24 39 62 21
35 21 58 26 14 12 46
22 1 49 9 38 30 41
50 32 12 37 40 45 33
41 63 3 9 38 30 36
30 6 2 10 63 28 62
59 43 7 52 32 36 31
8 38 2 16 36 29 27
65 30 37 10 63 28 34
26 14 12 56 8 41 29
7 1 33 64 67 20 67
47 43 51 13 52 7 44
58 65 28 29 41 41 27
64 67 20 3 22 11 45
61 60 2 3 22 11 39
46 50 61 12 52 37 24
31 17 1 57 36 41 44
37 40 45 44 23 4 44
58 65 28 3 22 11 46
11 10 22 44 23 4 22
58 65 28 30 6 2 64
40 25 36 59 43 7 34
37 40 45 9 38 30 15
59 43 7 30 6 2 37
65 30 37 62 57 3 43
29 41 41 39 12 63 36
44 23 4 17 18 7 5
2 60 25 66 30 12 32
32 63 36 47 43 51 25
17 18 7 18 39 24 27
3 22 11 0 63 67 69
8 38 2 5 47 17 17
7 1 33 53 49 15 51
53 49 15 38 24 47 40
51 39 60 17 18 7 57
61 60 2 50 32 12 29
13 52 7 55 17 5 35
25 6 7 30 6 2 5
39 12 63 5 47 17 57
8 38 2 58 65 28 37
60 24 42 32 63 36 39
33 52 39 30 6 2 59
7 1 33 55 17 5 32
59 43 7 20 47 54 47
58 65 28 44 23 4 48
9 38 30 1 52 50 24
63 2 40 30 6 2 38
42 58 26 57 36 41 26
19 17 42 51 39 60 28
49 0 31 20 47 54 52
51 39 60 65 30 37 24
29 41 41 36 10 23 35
9 38 30 28 22 29 16
47 43 51 8 38 2 49
47 43 51 57 36 41 12
67 29 42 49 0 31 31
54 46 39 43 7 1 54
15 32 16 26 14 12 18
31 17 1 62 57 3 40
23 31 4 47 43 51 48
57 36 41 32 63 36 27
34 10 15 40 25 36 25
16 36 29 46 50 61 34
5 47 17 9 38 30 15
21 5 8 56 8 41 33
43 7 1 20 47 54 66
2 60 25 59 43 7 24
8 38 2 50 32 12 11
2 60 25 0 63 67 42
22 1 49 8 38 2 59
17 18 7 38 24 47 40
60 24 42 29 41 41 17
42 58 26 45 46 17 15
10 63 28 55 17 5 51
26 14 12 1 52 50 53
6 31 18 31 17 1 22
29 41 41 55 17 5 43
14 56 37 3 22 11 42
28 22 29 36 10 23 13
12 52 37 0 63 67 31
20 47 54 34 10 15 53
31 17 1 60 24 42 41
65 30 37 26 14 12 29
36 10 23 45 46 17 36
32 63 36 14 56 37 7
64 67 20 41 63 3 17
56 8 41 6 31 18 32
31 17 1 17 18 7 6
24 39 62 18 39 24 38
38 24 47 29 41 41 18
11 10 22 6 31 18 21
58 65 28 35 21 58 53
34 10 15 55 17 5 12
9 38 30 19 17 42 24
37 40 45 6 31 18 28
5 47 17 31 17 1 34
16 36 29 7 1 33 35
34 10 15 22 1 49 35
4 52 65 59 43 7 58
12 52 37 1 52 50 13
31 17 1 48 16 60 59
23 31 4 22 1 49 54
43 7 1 6 31 18 29
12 52 37 23 31 4 39
17 18 7 0 63 67 75
27 19 17 66 30 12 12
45 46 17 43 7 1 42
52 32 36 34 10 15 30
53 49 15 41 63 3 18
29 41 41 6 31 18 25
0 63 67 53 49 15 53
17 18 7 34 10 15 11
23 31 4 15 32 16 12
5 47 17 27 19 17 28
50 32 12 41 63 3 32
12 52 37 59 43 7 31
1 52 50 46 50 61 11
58 65 28 41 63 3 25
42 58 26 8 38 2 31
22 1 49 58 65 28 67
59 43 7 16 36 29 23
46 50 61 8 38 2 60
39 12 63 47 43 51 33
16 36 29 11 10 22 26
19 17 42 46 50 61 38
30 6 2 62 57 3 51
15 32 16 9 38 30 15
50 32 12 27 19 17 13
26 14 12 39 12 63 51
67 29 42 51 39 60 20
57 36 41 27 19 17 29
45 46 17 3 22 11 24
33 52 39 48 16 60 41
49 0 31 33 52 39 52
36 10 23 24 39 62 48
29 41 41 21 5 8 48
47 43 51 17 18 7 50
11 10 22 49 0 31 13
55 17 5 40 25 36 32
26 14 12 8 38 2 26
26 14 12 58 65 28 53
42 58 26 17 18 7 44
24 39 62 6 31 18 44
67 29 42 61 60 2 50
5 47 17 15 32 16 15
5 47 17 20 47 54 37
15 32 16 64 67 20 35
15 32 16 10 63 28 33
40 25 36 33 52 39 27
37 40 45 51 39 60 15
24 39 62 48 16 60 23
6 31 18 15 32 16 2
54 46 39 9 38 30 12
45 46 17 66 30 12 16
44 23 4 43 7 1 16
44 23 4 7 1 33 36
51 39 60 49 0 31 48
48 16 60 30 6 2 58
13 52 7 44 23 4 29
2 60 25 57 36 41 28
6 31 18 64 67 20 36
32 63 36 23 31 4 45
62 57 3 9 38 30 33
16 36 29 54 46 39 14
23 31 4 13 52 7 21
41 63 3 56 8 41 66
32 63 36 28 22 29 41
66 30 12 38 24 47 35
65 30 37 11 10 22 25
2 60 25 20 47 54 31
6 31 18 66 30 12 6
9 38 30 8 38 2 28
40 25 36 54 46 39 21
17 18 7 20 47 54 55
44 23 4 35 21 58 54
10 63 28 58 65 28 2
23 31 4 10 63 28 40
19 17 42 47 43 51 27
47 43 51 7 1 33 45
24 39 62 32 63 36 35
57 36 41 61 60 2 45
52 32 36 48 16 60 28
30 6 2 66 30 12 26
44 23 4 65 30 37 33
39 12 63 44 23 4 60
13 52 7 50 32 12 20
47 43 51 27 19 17 41
56 8 41 50 32 12 37
47 43 51 58 65 28 31
66 30 12 3 22 11 8
42 58 26 47 43 51 29
18 39 24 58 65 28 26
15 32 16 61 60 2 31
23 31 4 24 39 62 58
56 8 41 24 39 62 37
57 36 41 6 31 18 23
30 6 2 38 24 47 48
41 63 3 13 52 7 11
42 58 26 60 24 42 37
18 39 24 54 46 39 16
53 49 15 55 17 5 33
9 38 30 66 30 12 19
1 52 50 67 29 42 24
64 67 20 58 65 28 8
40 25 36 21 5 8 34
45 46 17 15 32 16 14
66 30 12 15 32 16 4
1 52 50 40 25 36 30
24 39 62 44 23 4 60
18 39 24 52 32 36 13
64 67 20 17 18 7 50
16 36 29 57 36 41 12
44 23 4 26 14 12 12
51 39 60 15 32 16 44
42 58 26 10 63 28 5
42 58 26 4 52 65 39
26 14 12 41 63 3 49
9 38 30 45 46 17 15
13 52 7 51 39 60 54
21 5 8 23 31 4 26
31 17 1 67 29 42 42
9 38 30 0 63 67 44
22 1 49 31 17 1 50
14 56 37 7 1 33 55
17 18 7 11 10 22 17
2 60 25 22 1 49 63
55 17 5 30 6 2 11
39 12 63 60 24 42 24
18 39 24 31 17 1 31
26 14 12 47 43 51 48
9 38 30 7 1 33 37
44 23 4 46 50 61 63
3 22 11 40 25 36 25
10 63 28 33 52 39 15
35 21 58 41 63 3 69
29 41 41 3 22 11 35
27 19 17 10 63 28 45
19 17 42 48 16 60 18
47 43 51 38 24 47 19
38 24 47 26 14 12 36
14 56 37 15 32 16 31
50 32 12 31 17 1 18
48 16 60 38 24 47 15
60 24 42 28 22 29 13
25 6 7 23 31 4 25
14 56 37 47 43 51 19
66 30 12 57 36 41 29
25 6 7 42 58 26 55
46 50 61 21 5 8 69
2 60 25 31 17 1 49
12 52 37 44 23 4 43
23 31 4 35 21 58 54
5 47 17 26 14 12 33
16 36 29 24 39 62 33
11 10 22 12 52 37 44
26 14 12 10 63 28 51
60 24 42 11 10 22 24
41 63 3 60 24 42 55
1 52 50 51 39 60 16
55 17 5 52 32 36 34
28 22 29 39 12 63 35
60 24 42 8 38 2 42
46 50 61 3 22 11 57
44 23 4 6 31 18 16
61 60 2 43 7 1 53
4 52 65 46 50 61 4
60 24 42 64 67 20 48
46 50 61 50 32 12 52
43 7 1 32 63 36 66
41 63 3 14 56 37 34
36 10 23 12 52 37 44
24 39 62 25 6 7 64
55 17 5 11 10 22 18
14 56 37 1 52 50 13
53 49 15 16 36 29 19
63 2 40 6 31 18 36
65 30 37 57 36 41 7
35 21 58 31 17 1 57
15 32 16 43 7 1 29
32 63 36 49 0 31 63
25 6 7 31 17 1 12
60 24 42 37 40 45 16
47 43 51 30 6 2 61
11 10 22 26 14 12 10
30 6 2 42 58 26 57
51 39 60 8 38 2 58
31 17 1 33 52 39 51
35 21 58 61 60 2 68
64 67 20 47 43 51 39
3 22 11 32 63 36 48
31 17 1 47 43 51 56
44 23 4 20 47 54 55
16 36 29 40 25 36 13
57 36 41 10 63 28 29
57 36 41 34 10 15 36
63 2 40 39 12 63 25
20 47 54 11 10 22 48
21 5 8 45 46 17 41
28 22 29 30 6 2 31
31 17 1 61 60 2 43
27 19 17 51 39 60 47
12 52 37 29 41 41 11
52 32 36 58 65 28 33
64 67 20 34 10 15 57
47 43 51 48 16 60 28
43 7 1 50 32 12 27
11 10 22 9 38 30 29
51 39 60 21 5 8 62
14 56 37 29 41 41 15
49 0 31 13 52 7 57
9 38 30 27 19 17 23
37 40 45 35 21 58 23
36 10 23 14 56 37 48
13 52 7 62 57 3 6
46 50 61 6 31 18 47
22 1 49 35 21 58 21
33 52 39 63 2 40 50
19 17 42 7 1 33 18
20 47 54 53 49 15 39
40 25 36 2 60 25 36
19 17 42 44 23 4 38
45 46 17 47 43 51 34
60 24 42 10 63 28 41
4 52 65 44 23 4 67
55 17 5 4 52 65 69
18 39 24 63 2 40 40
16 36 29 41 63 3 37
22 1 49 61 60 2 75
29 41 41 46 50 61 21
60 24 42 25 6 7 39
54 46 39 7 1 33 45
43 7 1 28 22 29 31
64 67 20 46 50 61 44