75 2775
40 60 53 62 30 18 46
56 38 26 6 10 49 36
33 9 35 23 45 28 36
43 18 38 38 35 72 38
11 38 40 56 38 26 14
14 39 23 60 2 53 47
41 53 39 48 32 31 22
64 71 40 3 36 32 35
66 17 48 60 2 53 15
47 34 20 27 9 11 26
58 8 17 29 43 39 41
3 36 32 29 43 39 9
64 71 40 28 65 18 22
49 11 9 6 10 49 40
16 56 22 40 60 53 31
15 3 20 2 74 40 73
41 53 39 8 40 54 19
51 40 8 16 56 22 21
60 2 53 23 45 28 49
58 8 17 4 25 56 42
66 17 48 57 46 17 42
0 43 21 5 3 2 44
32 74 43 19 25 53 50
41 53 39 73 0 63 58
42 24 5 29 43 39 38
50 63 3 53 34 27 37
49 11 9 19 25 53 46
66 17 48 44 64 25 52
54 16 35 6 10 49 15
20 39 72 46 31 46 27
50 63 3 60 2 53 78
34 67 3 36 28 63 71
10 71 5 55 33 25 42
34 67 3 57 46 17 25
50 63 3 42 24 5 39
47 34 20 17 62 29 29
50 63 3 48 32 31 41
70 54 40 20 39 72 35
29 43 39 55 33 25 17
70 54 40 62 30 18 32
66 17 48 40 60 53 43
23 45 28 50 63 3 30
45 15 39 33 9 35 7
8 40 54 68 56 37 23
19 25 53 74 34 17 37
73 0 63 15 3 20 43
18 51 72 66 17 48 41
66 17 48 8 40 54 23
39 27 41 65 74 23 50
52 52 37 9 66 13 27
37 59 44 29 43 39 16
4 25 56 50 63 3 65
54 16 35 7 72 25 56
68 56 37 43 18 38 38
8 40 54 56 38 26 28
28 65 18 46 31 46 44
25 54 10 70 54 40 30
32 74 43 3 36 32 39
74 34 17 67 59 12 25
15 3 20 10 71 5 69
56 38 26 27 9 11 32
56 38 26 14 39 23 3
17 62 29 14 39 23 23
42 24 5 53 34 27 24
58 8 17 59 2 58 41
40 60 53 11 38 40 25
15 3 20 14 39 23 36
7 72 25 44 64 25 8
20 39 72 1 59 45 33
48 32 31 8 40 54 24
20 39 72 48 32 31 41
21 3 70 31 60 55 58
70 54 40 9 66 13 29
62 30 18 33 9 35 27
58 8 17 13 65 19 57
52 52 37 66 17 48 36
13 65 19 35 26 24 39
18 51 72 39 27 41 39
41 53 39 35 26 24 30
68 56 37 25 54 10 27
10 71 5 62 30 18 43
51 40 8 5 3 2 37
49 11 9 7 72 25 63
30 33 69 29 43 39 31
18 51 72 57 46 17 55
1 59 45 66 17 48 42
3 36 32 57 46 17 18
4 25 56 73 0 63 25
60 2 53 67 59 12 70
18 51 72 74 34 17 57
36 28 63 29 43 39 28
5 3 2 70 54 40 63
42 24 5 46 31 46 41
23 45 28 61 17 5 36
62 30 18 9 66 13 36
57 46 17 7 72 25 27
21 3 70 20 39 72 36
55 33 25 9 66 13 35
31 60 55 38 35 72 30
16 56 22 47 34 20 22
63 12 67 10 71 5 85
55 33 25 70 54 40 25
20 39 72 66 17 48 32
29 43 39 69 45 31 8
48 32 31 23 45 28 13
38 35 72 71 58 38 41
66 17 48 74 34 17 35
38 35 72 0 43 21 51
20 39 72 4 25 56 21
21 3 70 72 1 74 4
51 40 8 34 67 3 27
8 40 54 67 59 12 46
8 40 54 70 54 40 19
15 3 20 3 36 32 35
63 12 67 67 59 12 72
47 34 20 22 10 59 45
1 59 45 18 51 72 28
7 72 25 45 15 39 58
61 17 5 16 56 22 42
18 51 72 16 56 22 50
39 27 41 14 39 23 21
52 52 37 29 43 39 9
12 25 46 62 30 18 28
52 52 37 69 45 31 9
33 9 35 65 74 23 66
16 56 22 2 74 40 25
37 59 44 18 51 72 29
53 34 27 57 46 17 15
38 35 72 52 52 37 38
25 54 10 54 16 35 45
9 66 13 27 9 11 57
48 32 31 33 9 35 23
26 69 53 28 65 18 35
8 40 54 14 39 23 31
71 58 38 17 62 29 9
39 27 41 9 66 13 48
34 67 3 49 11 9 56
30 33 69 10 71 5 74
24 29 61 68 56 37 36
72 1 74 42 24 5 72
58 8 17 54 16 35 19
21 3 70 73 0 63 7
36 28 63 74 34 17 46
28 65 18 41 53 39 24
55 33 25 13 65 19 32
38 35 72 15 3 20 61
53 34 27 20 39 72 45
49 11 9 21 3 70 61
11 38 40 23 45 28 13
36 28 63 9 66 13 62
64 71 40 11 38 40 33
51 40 8 40 60 53 49
28 65 18 27 9 11 56
41 53 39 17 62 29 13
8 40 54 38 35 72 18
42 24 5 14 39 23 23
40 60 53 30 33 69 31
36 28 63 37 59 44 36
42 24 5 33 9 35 33
59 2 58 7 72 25 77
56 38 26 15 3 20 35
46 31 46 71 58 38 28
12 25 46 28 65 18 48
68 56 37 12 25 46 32
71 58 38 36 28 63 39
46 31 46 56 38 26 21
36 28 63 73 0 63 28
0 43 21 44 64 25 21
38 35 72 14 39 23 49
41 53 39 2 74 40 21
1 59 45 60 2 53 57
36 28 63 6 10 49 22
17 62 29 1 59 45 16
32 74 43 38 35 72 48
69 45 31 51 40 8 23
40 60 53 53 34 27 36
20 39 72 27 9 11 67
27 9 11 30 33 69 62
23 45 28 71 58 38 16
16 56 22 3 36 32 22
64 71 40 9 66 13 27
56 38 26 37 59 44 27
12 25 46 6 10 49 15
6 10 49 20 39 72 37
16 56 22 43 18 38 41
8 40 54 23 45 28 26
1 59 45 32 74 43 15
41 53 39 61 17 5 49
56 38 26 16 56 22 18
2 74 40 47 34 20 44
28 65 18 73 0 63 79
37 59 44 49 11 9 59
18 51 72 28 65 18 55
17 62 29 37 59 44 15
53 34 27 4 25 56 30
41 53 39 52 52 37 2
32 74 43 11 38 40 36
41 53 39 62 30 18 31
13 65 19 25 54 10 14
60 2 53 49 11 9 44
71 58 38 31 60 55 17
13 65 19 11 38 40 34
54 16 35 37 59 44 43
67 59 12 66 17 48 55
59 2 58 54 16 35 26
23 45 28 2 74 40 31
38 35 72 3 36 32 40
13 65 19 24 29 61 55
18 51 72 60 2 53 52
72 1 74 73 0 63 11
44 64 25 60 2 53 68
57 46 17 47 34 20 12
72 1 74 30 33 69 32
31 60 55 13 65 19 36
37 59 44 0 43 21 28
35 26 24 62 30 18 7
60 2 53 5 3 2 51
41 53 39 71 58 38 5
17 62 29 52 52 37 12
34 67 3 5 3 2 64
69 45 31 34 67 3 35
23 45 28 24 29 61 36
44 64 25 55 33 25 31
63 12 67 37 59 44 52
49 11 9 31 60 55 67
46 31 46 32 74 43 43
18 51 72 5 3 2 84
11 38 40 33 9 35 29
44 64 25 52 52 37 16
3 36 32 39 27 41 12
45 15 39 42 24 5 35
32 74 43 39 27 41 47
74 34 17 8 40 54 37
56 38 26 32 74 43 39
18 51 72 53 34 27 48
3 36 32 31 60 55 33
27 9 11 44 64 25 56
9 66 13 57 46 17 20
2 74 40 6 10 49 64
16 56 22 72 1 74 75
28 65 18 49 11 9 54
47 34 20 42 24 5 18
69 45 31 56 38 26 8
28 65 18 71 58 38 21
56 38 26 66 17 48 30
9 66 13 3 36 32 35
31 60 55 24 29 61 31
48 32 31 11 38 40 10
14 39 23 23 45 28 7
65 74 23 54 16 35 59
65 74 23 19 25 53 57
54 16 35 48 32 31 16
9 66 13 40 60 53 40
17 62 29 2 74 40 16
36 28 63 35 26 24 39
1 59 45 68 56 37 8
60 2 53 9 66 13 75
68 56 37 3 36 32 20
10 71 5 47 34 20 39
16 56 22 50 63 3 20
19 25 53 33 9 35 24
11 38 40 20 39 72 32
5 3 2 61 17 5 14
62 30 18 73 0 63 54
48 32 31 68 56 37 24
64 71 40 22 10 59 63
23 45 28 69 45 31 3
40 60 53 19 25 53 35
3 36 32 12 25 46 17
20 39 72 15 3 20 63
12 25 46 9 66 13 52
31 60 55 41 53 39 17
21 3 70 45 15 39 33
30 33 69 28 65 18 60
16 56 22 44 64 25 8
48 32 31 66 17 48 22
62 30 18 25 54 10 25
33 9 35 67 59 12 55
2 74 40 71 58 38 16
56 38 26 17 62 29 24
51 40 8 11 38 40 32
51 40 8 10 71 5 31
57 46 17 37 59 44 29
10 71 5 52 52 37 37
25 54 10 20 39 72 63
55 33 25 61 17 5 25
42 24 5 66 17 48 43
22 10 59 55 33 25 41
18 51 72 48 32 31 45
31 60 55 51 40 8 51
48 32 31 60 2 53 37
2 74 40 13 65 19 22
43 18 38 59 2 58 25
73 0 63 56 38 26 53
32 74 43 25 54 10 38
32 74 43 14 39 23 40
24 29 61 15 3 20 48
42 24 5 44 64 25 44
73 0 63 68 56 37 61
8 40 54 45 15 39 29
62 30 18 11 38 40 23
7 72 25 29 43 39 32
29 43 39 66 17 48 27
40 60 53 35 26 24 44
14 39 23 59 2 58 50
67 59 12 17 62 29 17
64 71 40 54 16 35 55
63 12 67 43 18 38 29
37 59 44 24 29 61 34
32 74 43 69 45 31 31
9 66 13 8 40 54 48
72 1 74 48 32 31 53
56 38 26 68 56 37 21
68 56 37 39 27 41 29
28 65 18 24 29 61 56
17 62 29 11 38 40 26
58 8 17 47 34 20 26
44 64 25 15 3 20 61
51 40 8 19 25 53 47
30 33 69 69 45 31 39
60 2 53 19 25 53 23
19 25 53 25 54 10 51
0 43 21 25 54 10 15
71 58 38 63 12 67 54
33 9 35 44 64 25 55
52 52 37 58 8 17 48
0 43 21 26 69 53 41
57 46 17 28 65 18 19
36 28 63 59 2 58 26
28 65 18 66 17 48 56
69 45 31 12 25 46 25
27 9 11 54 16 35 25
11 38 40 52 52 37 14
19 25 53 53 34 27 27
56 38 26 57 46 17 12
58 8 17 71 58 38 54
49 11 9 52 52 37 49
36 28 63 38 35 72 11
6 10 49 43 18 38 13
0 43 21 55 33 25 10
13 65 19 5 3 2 64
48 32 31 51 40 8 24
4 25 56 47 34 20 37
19 25 53 61 17 5 48
25 54 10 34 67 3 14
68 56 37 26 69 53 20
1 59 45 69 45 31 19
10 71 5 56 38 26 39
41 53 39 19 25 53 31
23 45 28 5 3 2 49
71 58 38 0 43 21 22
40 60 53 45 15 39 47
13 65 19 67 59 12 9
14 39 23 4 25 56 35
50 63 3 19 25 53 62
44 64 25 38 35 72 55
3 36 32 45 15 39 22
1 59 45 29 43 39 17
29 43 39 11 38 40 5
50 63 3 70 54 40 38
3 36 32 69 45 31 9
71 58 38 1 59 45 7
36 28 63 3 36 32 32
12 25 46 10 71 5 61
5 3 2 24 29 61 64
72 1 74 10 71 5 98
31 60 55 48 32 31 36
67 59 12 42 24 5 35
28 65 18 9 66 13 5
6 10 49 7 72 25 66
9 66 13 59 2 58 78
55 33 25 71 58 38 28
61 17 5 56 38 26 29
59 2 58 42 24 5 57
49 11 9 61 17 5 7
6 10 49 47 34 20 37
65 74 23 13 65 19 9
10 71 5 27 9 11 62
10 71 5 69 45 31 36
66 17 48 9 66 13 60
43 18 38 33 9 35 9
18 51 72 68 56 37 35
32 74 43 55 33 25 44
20 39 72 2 74 40 47
65 74 23 16 56 22 18
17 62 29 4 25 56 45
5 3 2 29 43 39 54
53 34 27 30 33 69 42
18 51 72 36 28 63 24
70 54 40 43 18 38 36
53 34 27 51 40 8 19
39 27 41 6 10 49 18
32 74 43 47 34 20 46
11 38 40 12 25 46 14
42 24 5 27 9 11 16
73 0 63 12 25 46 30
45 15 39 36 28 63 27
34 67 3 27 9 11 58
37 59 44 55 33 25 32
43 18 38 52 52 37 34
41 53 39 3 36 32 18
64 71 40 31 60 55 18
17 62 29 9 66 13 16
22 10 59 43 18 38 22
9 66 13 31 60 55 42
22 10 59 36 28 63 18
6 10 49 15 3 20 29
23 45 28 37 59 44 21
28 65 18 35 26 24 39
31 60 55 16 56 22 33
2 74 40 0 43 21 36
31 60 55 14 39 23 38
5 3 2 11 38 40 51
34 67 3 37 59 44 41
10 71 5 32 74 43 38
42 24 5 65 74 23 53
44 64 25 51 40 8 29
63 12 67 28 65 18 72
51 40 8 74 34 17 10
67 59 12 48 32 31 33
48 32 31 52 52 37 20
15 3 20 46 31 46 38
8 40 54 58 8 17 48
36 28 63 43 18 38 26
8 40 54 65 74 23 46
64 71 40 46 31 46 40
57 46 17 40 60 53 38
25 54 10 40 60 53 43
0 43 21 58 8 17 35
30 33 69 36 28 63 7
67 59 12 9 66 13 7
59 2 58 11 38 40 40
24 29 61 12 25 46 15
2 74 40 37 59 44 15
23 45 28 44 64 25 19
8 40 54 40 60 53 20
8 40 54 4 25 56 15
47 34 20 43 18 38 24
71 58 38 12 25 46 33
74 34 17 33 9 35 30
33 9 35 17 62 29 53
73 0 63 5 3 2 61
65 74 23 10 71 5 18
22 10 59 67 59 12 67
61 17 5 63 12 67 62
17 62 29 66 17 48 48
15 3 20 7 72 25 69
66 17 48 49 11 9 39
7 72 25 62 30 18 42
21 3 70 60 2 53 17
47 34 20 71 58 38 30
32 74 43 71 58 38 16
32 74 43 70 54 40 20
66 17 48 11 38 40 22
37 59 44 8 40 54 21
22 10 59 25 54 10 65
59 2 58 68 56 37 57
39 27 41 20 39 72 33
10 71 5 48 32 31 46
29 43 39 53 34 27 15
7 72 25 52 52 37 23
5 3 2 27 9 11 10
51 40 8 17 62 29 30
13 65 19 21 3 70 80
42 24 5 41 53 39 44
70 54 40 26 69 53 19
44 64 25 22 10 59 63
44 64 25 57 46 17 19
15 3 20 67 59 12 56
34 67 3 74 34 17 35
2 74 40 10 71 5 35
38 35 72 58 8 17 61
72 1 74 9 66 13 89
36 28 63 23 45 28 38
20 39 72 13 65 19 59
0 43 21 54 16 35 30
25 54 10 18 51 72 62
43 18 38 61 17 5 33
48 32 31 2 74 40 42
71 58 38 73 0 63 63
44 64 25 10 71 5 21
0 43 21 17 62 29 20
23 45 28 63 12 67 51
51 40 8 20 39 72 64
0 43 21 63 12 67 55
17 62 29 60 2 53 64
18 51 72 6 10 49 47
55 33 25 42 24 5 21
56 38 26 36 28 63 38
31 60 55 1 59 45 10
13 65 19 3 36 32 31
34 67 3 48 32 31 44
46 31 46 0 43 21 27
44 64 25 49 11 9 55
60 2 53 70 54 40 53
12 25 46 35 26 24 22
55 33 25 67 59 12 29
34 67 3 29 43 39 43
34 67 3 40 60 53 50
39 27 41 31 60 55 35
56 38 26 67 59 12 25
66 17 48 63 12 67 19
36 28 63 21 3 70 25
19 25 53 7 72 25 54
60 2 53 13 65 19 71
19 25 53 12 25 46 7
24 29 61 72 1 74 30
56 38 26 12 25 46 23
60 2 53 53 34 27 41
15 3 20 65 74 23 71
55 33 25 31 60 55 40
15 3 20 37 59 44 60
24 29 61 46 31 46 15
9 66 13 18 51 72 60
17 62 29 46 31 46 35
64 71 40 68 56 37 15
74 34 17 47 34 20 3
31 60 55 27 9 11 67
28 65 18 2 74 40 23
24 29 61 34 67 3 69
58 8 17 65 74 23 66
68 56 37 60 2 53 56
58 8 17 16 56 22 48
14 39 23 49 11 9 31
60 2 53 11 38 40 38
14 39 23 16 56 22 17
39 27 41 23 45 28 22
6 10 49 44 64 25 59
72 1 74 23 45 28 63
67 59 12 35 26 24 35
26 69 53 11 38 40 33
55 33 25 69 45 31 13
24 29 61 74 34 17 44
26 69 53 20 39 72 35
50 63 3 62 30 18 36
19 25 53 43 18 38 16
71 58 38 24 29 61 37
42 24 5 22 10 59 55
6 10 49 1 59 45 49
43 18 38 10 71 5 62
58 8 17 42 24 5 20
66 17 48 21 3 70 26
72 1 74 11 38 40 50
49 11 9 57 46 17 35
36 28 63 50 63 3 69
63 12 67 14 39 23 51
44 64 25 61 17 5 51
60 2 53 46 31 46 29
22 10 59 33 9 35 24
43 18 38 39 27 41 9
19 25 53 56 38 26 29
34 67 3 53 34 27 40
5 3 2 1 59 45 70
66 17 48 38 35 72 30
1 59 45 33 9 35 50
21 3 70 35 26 24 51
43 18 38 9 66 13 54
64 71 40 25 54 10 34
22 10 59 11 38 40 33
53 34 27 70 54 40 23
73 0 63 1 59 45 61
60 2 53 20 39 72 41
22 10 59 74 34 17 48
74 34 17 44 64 25 31
1 59 45 57 46 17 30
45 15 39 27 9 11 28
51 40 8 49 11 9 29
47 34 20 35 26 24 8
14 39 23 74 34 17 7
1 59 45 11 38 40 21
22 10 59 14 39 23 46
35 26 24 26 69 53 51
47 34 20 62 30 18 4
66 17 48 37 59 44 42
41 53 39 72 1 74 62
27 9 11 14 39 23 32
11 38 40 27 9 11 41
40 60 53 42 24 5 60
19 25 53 55 33 25 29
19 25 53 29 43 39 22
35 26 24 34 67 3 46
69 45 31 9 66 13 27
29 43 39 72 1 74 54
49 11 9 20 39 72 68
3 36 32 10 71 5 44
64 71 40 23 45 28 28
58 8 17 48 32 31 27
25 54 10 14 39 23 19
22 10 59 21 3 70 13
57 46 17 64 71 40 33
5 3 2 67 59 12 56
19 25 53 70 54 40 31
51 40 8 21 3 70 72
17 62 29 19 25 53 44
34 67 3 41 53 39 38
7 72 25 50 63 3 23
65 74 23 49 11 9 64
32 74 43 24 29 61 48
65 74 23 40 60 53 33
70 54 40 31 60 55 16
4 25 56 49 11 9 49
14 39 23 20 39 72 49
34 67 3 45 15 39 63
72 1 74 59 2 58 16
29 43 39 74 34 17 23
41 53 39 65 74 23 26
33 9 35 0 43 21 36
63 12 67 17 62 29 62
6 10 49 16 56 22 53
30 33 69 20 39 72 6
0 43 21 32 74 43 38
65 74 23 6 10 49 69
7 72 25 60 2 53 75
22 10 59 27 9 11 48
26 69 53 30 33 69 39
6 10 49 13 65 19 62
72 1 74 54 16 35 41
53 34 27 41 53 39 22
64 71 40 24 29 61 46
4 25 56 11 38 40 20
64 71 40 65 74 23 17
28 65 18 38 35 72 61
44 64 25 54 16 35 49
57 46 17 39 27 41 30
64 71 40 14 39 23 36
59 2 58 4 25 56 23
10 71 5 8 40 54 57
7 72 25 12 25 46 51
49 11 9 72 1 74 65
34 67 3 6 10 49 73
65 74 23 22 10 59 73
6 10 49 51 40 8 50
1 59 45 56 38 26 28
14 39 23 26 69 53 42
11 38 40 21 3 70 46
70 54 40 67 59 12 28
34 67 3 12 25 46 60
71 58 38 60 2 53 57
48 32 31 43 18 38 15
42 24 5 74 34 17 15
30 33 69 23 45 28 42
10 71 5 61 17 5 54
26 69 53 67 59 12 42
60 2 53 4 25 56 23
0 43 21 66 17 48 37
69 45 31 2 74 40 30
14 39 23 61 17 5 28
29 43 39 67 59 12 31
22 10 59 23 45 28 46
15 3 20 42 24 5 25
17 62 29 35 26 24 36
40 60 53 47 34 20 42
51 40 8 64 71 40 44
72 1 74 0 43 21 67
51 40 8 12 25 46 40
4 25 56 41 53 39 32
62 30 18 31 60 55 47
8 40 54 19 25 53 15
7 72 25 21 3 70 82
35 26 24 39 27 41 17
24 29 61 62 30 18 43
74 34 17 21 3 70 61
15 3 20 4 25 56 42
20 39 72 29 43 39 33
21 3 70 27 9 11 59
5 3 2 46 31 46 52
62 30 18 2 74 40 49
69 45 31 74 34 17 17
68 56 37 53 34 27 24
29 43 39 4 25 56 24
62 30 18 51 40 8 14
61 17 5 74 34 17 20
46 31 46 18 51 72 32
21 3 70 48 32 31 48
63 12 67 58 8 17 50
34 67 3 21 3 70 92
72 1 74 18 51 72 50
49 11 9 30 33 69 63
55 33 25 73 0 63 50
61 17 5 42 24 5 7
22 10 59 30 33 69 25
70 54 40 0 43 21 21
58 8 17 44 64 25 56
25 54 10 31 60 55 45
30 33 69 44 64 25 53
60 2 53 16 56 22 62
58 8 17 36 28 63 50
7 72 25 23 45 28 27
12 25 46 21 3 70 32
55 33 25 15 3 20 30
24 29 61 21 3 70 27
27 9 11 15 3 20 10
3 36 32 48 32 31 4
62 30 18 48 32 31 13
29 43 39 6 10 49 34
55 33 25 4 25 56 32
32 74 43 65 74 23 20
69 45 31 17 62 29 17
8 40 54 62 30 18 37
24 29 61 38 35 72 12
70 54 40 49 11 9 53
64 71 40 15 3 20 70
28 65 18 56 38 26 28
22 10 59 58 8 17 42
5 3 2 38 35 72 76
1 59 45 10 71 5 41
4 25 56 21 3 70 26
45 15 39 57 46 17 38
26 69 53 13 65 19 34
42 24 5 26 69 53 65
66 17 48 50 63 3 64
34 67 3 43 18 38 60
64 71 40 16 56 22 23
58 8 17 72 1 74 57
45 15 39 17 62 29 48
72 1 74 33 9 35 39
1 59 45 63 12 67 51
42 24 5 25 54 10 30
28 65 18 7 72 25 9
45 15 39 63 12 67 28
74 34 17 2 74 40 46
11 38 40 28 65 18 34
55 33 25 53 34 27 2
4 25 56 54 16 35 22
70 54 40 69 45 31 12
17 62 29 24 29 61 45
60 2 53 55 33 25 41
24 29 61 25 54 10 56
72 1 74 69 45 31 61
34 67 3 13 65 19 16
61 17 5 18 51 72 75
11 38 40 65 74 23 39
15 3 20 53 34 27 31
69 45 31 48 32 31 13
28 65 18 44 64 25 7
60 2 53 64 71 40 70
32 74 43 37 59 44 15
10 71 5 31 60 55 51
40 60 53 43 18 38 44
65 74 23 14 39 23 35
47 34 20 12 25 46 27
35 26 24 20 39 72 49
37 59 44 26 69 53 13
60 2 53 35 26 24 37
28 65 18 36 28 63 58
19 25 53 9 66 13 57
13 65 19 69 45 31 23
21 3 70 32 74 43 75
63 12 67 32 74 43 66
48 32 31 74 34 17 14
36 28 63 17 62 29 48
68 56 37 66 17 48 40
74 34 17 37 59 44 36
52 52 37 5 3 2 60
45 15 39 11 38 40 23
53 34 27 32 74 43 43
7 72 25 22 10 59 70
70 54 40 1 59 45 7
53 34 27 65 74 23 40
20 39 72 8 40 54 18
50 63 3 58 8 17 56
40 60 53 22 10 59 50
46 31 46 59 2 58 31
36 28 63 40 60 53 33
32 74 43 2 74 40 3
40 60 53 38 35 72 31
32 74 43 62 30 18 50
43 18 38 69 45 31 27
25 54 10 59 2 58 70
59 2 58 20 39 72 39
36 28 63 11 38 40 25
0 43 21 10 71 5 32
10 71 5 7 72 25 20
51 40 8 1 59 45 41
42 24 5 69 45 31 33
61 17 5 28 65 18 49
28 65 18 70 54 40 24
13 65 19 7 72 25 9
23 45 28 53 34 27 11
72 1 74 70 54 40 62
16 56 22 8 40 54 35
12 25 46 70 54 40 29
38 35 72 9 66 13 66
11 38 40 37 59 44 21
17 62 29 49 11 9 54
17 62 29 40 60 53 24
72 1 74 51 40 8 76
16 56 22 68 56 37 15
50 63 3 65 74 23 22
32 74 43 64 71 40 4
41 53 39 18 51 72 33
31 60 55 58 8 17 64
4 25 56 16 56 22 46
5 3 2 37 59 44 70
0 43 21 16 56 22 13
39 27 41 19 25 53 12
52 52 37 37 59 44 9
33 9 35 14 39 23 32
25 54 10 8 40 54 46
19 25 53 57 46 17 41
30 33 69 14 39 23 46
68 56 37 32 74 43 18
44 64 25 9 66 13 12
44 64 25 39 27 41 40
40 60 53 23 45 28 29
45 15 39 47 34 20 26
1 59 45 62 30 18 39
26 69 53 32 74 43 11
57 46 17 14 39 23 9
48 32 31 25 54 10 30
14 39 23 46 31 46 24
9 66 13 0 43 21 24
15 3 20 21 3 70 50
32 74 43 7 72 25 18
48 32 31 61 17 5 30
24 29 61 57 46 17 47
72 1 74 31 60 55 61
32 74 43 6 10 49 64
52 52 37 56 38 26 17
32 74 43 51 40 8 48
68 56 37 23 45 28 14
65 74 23 25 54 10 23
56 38 26 23 45 28 7
71 58 38 34 67 3 36
10 71 5 5 3 2 68
1 59 45 50 63 3 42
66 17 48 4 25 56 11
70 54 40 45 15 39 39
67 59 12 32 74 43 34
23 45 28 74 34 17 15
18 51 72 50 63 3 70
51 40 8 43 18 38 37
16 56 22 74 34 17 22
68 56 37 21 3 70 62
63 12 67 9 66 13 76
7 72 25 17 62 29 10
20 39 72 5 3 2 78
64 71 40 53 34 27 39
15 3 20 23 45 28 42
54 16 35 40 60 53 47
36 28 63 62 30 18 45
28 65 18 6 10 49 63
49 11 9 29 43 39 43
10 71 5 11 38 40 48
46 31 46 58 8 17 37
18 51 72 45 15 39 48
58 8 17 18 51 72 69
10 71 5 28 65 18 14
43 18 38 5 3 2 39
31 60 55 2 74 40 20
53 34 27 17 62 29 28
25 54 10 4 25 56 54
12 25 46 60 2 53 24
23 45 28 17 62 29 17
61 17 5 59 2 58 55
21 3 70 63 12 67 9
17 62 29 34 67 3 26
5 3 2 74 34 17 34
13 65 19 48 32 31 35
25 54 10 6 10 49 58
45 15 39 49 11 9 30
7 72 25 56 38 26 34
57 46 17 0 43 21 5
27 9 11 61 17 5 10
34 67 3 72 1 74 96
67 59 12 14 39 23 22
2 74 40 45 15 39 59
6 10 49 48 32 31 28
12 25 46 46 31 46 6
69 45 31 0 43 21 10
74 34 17 32 74 43 47
23 45 28 46 31 46 22
58 8 17 37 59 44 57
44 64 25 45 15 39 50
27 9 11 18 51 72 74
11 38 40 74 34 17 23
65 74 23 61 17 5 59
18 51 72 69 45 31 41
22 10 59 24 29 61 19
69 45 31 41 53 39 11
3 36 32 56 38 26 6
68 56 37 46 31 46 26
11 38 40 35 26 24 20
46 31 46 34 67 3 56
25 54 10 51 40 8 14
64 71 40 45 15 39 56
10 71 5 50 63 3 8
12 25 46 16 56 22 39
59 2 58 51 40 8 62
12 25 46 13 65 19 48
41 53 39 43 18 38 35
27 9 11 2 74 40 71
66 17 48 10 71 5 69
24 29 61 40 60 53 32
17 62 29 26 69 53 25
31 60 55 20 39 72 27
5 3 2 48 32 31 41
39 27 41 5 3 2 45
32 74 43 20 39 72 45
34 67 3 58 8 17 60
19 25 53 68 56 37 34
26 69 53 10 71 5 48
23 45 28 1 59 45 22
24 29 61 53 34 27 34
64 71 40 0 43 21 33
59 2 58 65 74 23 80
16 56 22 52 52 37 15
0 43 21 40 60 53 36
14 39 23 55 33 25 6
20 39 72 33 9 35 47
64 71 40 70 54 40 17
56 38 26 20 39 72 46
48 32 31 37 59 44 29
0 43 21 48 32 31 14
8 40 54 50 63 3 55
24 29 61 66 17 48 17
41 53 39 32 74 43 21
20 39 72 17 62 29 48
13 65 19 59 2 58 74
73 0 63 8 40 54 41
13 65 19 33 9 35 58
28 65 18 19 25 53 53
23 45 28 25 54 10 20
34 67 3 30 33 69 74
74 34 17 45 15 39 29
67 59 12 50 63 3 9
4 25 56 38 35 72 18
37 59 44 14 39 23 29
65 74 23 34 67 3 21
73 0 63 65 74 23 84
65 74 23 48 32 31 42
42 24 5 7 72 25 52
15 3 20 34 67 3 66
33 9 35 3 36 32 27
45 15 39 48 32 31 18
66 17 48 14 39 23 33
41 53 39 60 2 53 52
65 74 23 68 56 37 22
33 9 35 59 2 58 24
38 35 72 74 34 17 55
57 46 17 16 56 22 11
34 67 3 0 43 21 30
55 33 25 43 18 38 19
23 45 28 9 66 13 25
46 31 46 10 71 5 57
60 2 53 30 33 69 34
58 8 17 28 65 18 57
16 56 22 1 59 45 23
28 65 18 53 34 27 32
62 30 18 26 69 53 52
58 8 17 25 54 10 46
12 25 46 44 64 25 44
63 12 67 38 35 72 23
5 3 2 9 66 13 63
47 34 20 66 17 48 32
25 54 10 73 0 63 75
47 34 20 60 2 53 45
44 64 25 8 40 54 37
20 39 72 28 65 18 59
26 69 53 3 36 32 39
37 59 44 21 3 70 61
55 33 25 59 2 58 45
49 11 9 58 8 17 8
41 53 39 27 9 11 52
20 39 72 71 58 38 38
46 31 46 70 54 40 23
66 17 48 31 60 55 43
56 38 26 43 18 38 23
11 38 40 53 34 27 13
35 26 24 16 56 22 30
70 54 40 38 35 72 37
50 63 3 40 60 53 50
16 56 22 26 69 53 33
6 10 49 19 25 53 15
59 2 58 70 54 40 55
68 56 37 34 67 3 35
65 74 23 67 59 12 18
41 53 39 15 3 20 53
63 12 67 72 1 74 13
63 12 67 56 38 26 48
21 3 70 18 51 72 48
6 10 49 72 1 74 26
67 59 12 30 33 69 62
63 12 67 26 69 53 58
12 25 46 48 32 31 16
56 38 26 21 3 70 56
36 28 63 27 9 11 55
28 65 18 60 2 53 72
51 40 8 9 66 13 26
55 33 25 27 9 11 27
0 43 21 39 27 41 25
67 59 12 21 3 70 80
60 2 53 2 74 40 73
58 8 17 27 9 11 6
41 53 39 36 28 63 34
54 16 35 69 45 31 29
25 54 10 66 17 48 53
30 33 69 71 58 38 39
59 2 58 28 65 18 74
74 34 17 26 69 53 50
25 54 10 28 65 18 13
47 34 20 39 27 41 22
5 3 2 65 74 23 74
45 15 39 5 3 2 38
26 69 53 47 34 20 48
47 34 20 61 17 5 22
11 38 40 71 58 38 20
3 36 32 34 67 3 42
59 2 58 39 27 41 30
21 3 70 2 74 40 77
30 33 69 66 17 48 26
22 10 59 16 56 22 59
0 43 21 68 56 37 20
62 30 18 44 64 25 34
37 59 44 27 9 11 59
12 25 46 45 15 39 12
49 11 9 39 27 41 35
15 3 20 60 2 53 33
47 34 20 20 39 72 52
54 16 35 47 34 20 23
18 51 72 12 25 46 36
2 74 40 25 54 10 36
35 26 24 45 15 39 18
31 60 55 65 74 23 34
41 53 39 39 27 41 26
45 15 39 66 17 48 9
36 28 63 52 52 37 35
70 54 40 10 71 5 38
35 26 24 49 11 9 21
20 39 72 65 74 23 60
16 56 22 45 15 39 44
30 33 69 4 25 56 15
54 16 35 60 2 53 22
74 34 17 1 59 45 37
52 52 37 2 74 40 22
29 43 39 45 15 39 28
33 9 35 24 29 61 32
30 33 69 17 62 29 49
32 74 43 29 43 39 31
52 52 37 33 9 35 43
38 35 72 67 59 12 64
45 15 39 14 39 23 28
33 9 35 56 38 26 30
57 46 17 50 63 3 22
57 46 17 15 3 20 43
63 12 67 4 25 56 17
13 65 19 19 25 53 52
2 74 40 19 25 53 50
15 3 20 48 32 31 31
42 24 5 34 67 3 43
74 34 17 40 60 53 44
56 38 26 65 74 23 36
59 2 58 19 25 53 23
21 3 70 64 71 40 74
13 65 19 18 51 72 54
20 39 72 16 56 22 52
60 2 53 37 59 44 57
44 64 25 36 28 63 52
40 60 53 29 43 39 22
13 65 19 44 64 25 6
21 3 70 39 27 41 37
15 3 20 36 28 63 49
58 8 17 35 26 24 19
5 3 2 30 33 69 73
25 54 10 71 58 38 28
65 74 23 17 62 29 13
66 17 48 15 3 20 31
19 25 53 18 51 72 32
1 59 45 59 2 58 58
29 43 39 39 27 41 16
11 38 40 19 25 53 18
43 18 38 14 39 23 25
44 64 25 65 74 23 10
43 18 38 46 31 46 15
41 53 39 57 46 17 23
47 34 20 34 67 3 37
44 64 25 34 67 3 22
3 36 32 1 59 45 26
3 36 32 72 1 74 54
36 28 63 60 2 53 27
65 74 23 51 40 8 37
16 56 22 63 12 67 62
6 10 49 0 43 21 43
34 67 3 11 38 40 47
69 45 31 66 17 48 32
2 74 40 58 8 17 69
33 9 35 49 11 9 26
63 12 67 60 2 53 17
67 59 12 25 54 10 5
58 8 17 70 54 40 51
61 17 5 9 66 13 49
22 10 59 3 36 32 37
40 60 53 7 72 25 30
48 32 31 19 25 53 23
49 11 9 53 34 27 29
0 43 21 65 74 23 31
44 64 25 2 74 40 18
16 56 22 73 0 63 69
62 30 18 68 56 37 32
6 10 49 37 59 44 49
0 43 21 47 34 20 9
72 1 74 68 56 37 66
70 54 40 6 10 49 44
48 32 31 36 28 63 32
10 71 5 73 0 63 91
8 40 54 36 28 63 15
25 54 10 43 18 38 45
32 74 43 57 46 17 38
29 43 39 62 30 18 24
49 11 9 11 38 40 41
72 1 74 38 35 72 34
70 54 40 15 3 20 54
4 25 56 40 60 53 35
13 65 19 51 40 8 27
16 56 22 55 33 25 23
40 60 53 37 59 44 9
24 29 61 44 64 25 50
45 15 39 69 45 31 31
64 71 40 73 0 63 74
49 11 9 42 24 5 13
40 60 53 55 33 25 38
57 46 17 63 12 67 60
61 17 5 13 65 19 50
71 58 38 50 63 3 35
31 60 55 57 46 17 40
65 74 23 36 28 63 60
58 8 17 11 38 40 37
1 59 45 19 25 53 34
72 1 74 19 25 53 31
66 17 48 51 40 8 46
53 34 27 0 43 21 10
34 67 3 73 0 63 89
25 54 10 16 56 22 12
33 9 35 6 10 49 14
39 27 41 13 65 19 43
74 34 17 9 66 13 32
55 33 25 56 38 26 5
38 35 72 2 74 40 50
1 59 45 46 31 46 28
22 10 59 1 59 45 50
18 51 72 63 12 67 39
33 9 35 51 40 8 41
2 74 40 66 17 48 57
19 25 53 69 45 31 29
29 43 39 51 40 8 31
28 65 18 40 60 53 35
33 9 35 29 43 39 34
22 10 59 38 35 72 28
3 36 32 53 34 27 5
28 65 18 8 40 54 43
54 16 35 46 31 46 18
18 51 72 47 34 20 54
10 71 5 64 71 40 35
73 0 63 69 45 31 55
31 60 55 69 45 31 28
17 62 29 18 51 72 44
33 9 35 10 71 5 68
56 38 26 4 25 56 32
67 59 12 36 28 63 59
61 17 5 12 25 46 41
38 35 72 54 16 35 41
53 34 27 61 17 5 27
68 56 37 29 43 39 13
54 16 35 66 17 48 13
20 39 72 3 36 32 40
57 46 17 68 56 37 22
41 53 39 7 72 25 23
15 3 20 19 25 53 39
44 64 25 43 18 38 47
56 38 26 5 3 2 42
32 74 43 72 1 74 79
49 11 9 50 63 3 52
19 25 53 14 39 23 33
48 32 31 26 69 53 43
9 66 13 1 59 45 32
14 39 23 35 26 24 13
15 3 20 8 40 54 50
31 60 55 34 67 3 52
66 17 48 16 56 22 46
41 53 39 54 16 35 37
64 71 40 20 39 72 45
19 25 53 47 34 20 34
72 1 74 25 54 10 83
69 45 31 16 56 22 14
61 17 5 69 45 31 38
6 10 49 60 2 53 8
50 63 3 22 10 59 77
12 25 46 43 18 38 10
36 28 63 33 9 35 33
52 52 37 31 60 55 19
40 60 53 67 59 12 41
7 72 25 66 17 48 59
18 51 72 11 38 40 34
18 51 72 22 10 59 43
53 34 27 5 3 2 39
58 8 17 51 40 8 33
72 1 74 66 17 48 30
21 3 70 46 31 46 36
9 66 13 16 56 22 13
15 3 20 43 18 38 23
66 17 48 46 31 46 14
58 8 17 30 33 69 57
9 66 13 41 53 39 29
64 71 40 47 34 20 42
53 34 27 36 28 63 36
68 56 37 27 9 11 53
61 17 5 73 0 63 60
23 45 28 0 43 21 7
20 39 72 63 12 67 27
43 18 38 1 59 45 41
67 59 12 23 45 28 21
39 27 41 7 72 25 47
18 51 72 54 16 35 50
12 25 46 2 74 40 49
36 28 63 68 56 37 38
16 56 22 30 33 69 52
12 25 46 49 11 9 39
72 1 74 7 72 25 86
41 53 39 16 56 22 17
11 38 40 31 60 55 26
54 16 35 34 67 3 60
42 24 5 23 45 28 31
33 9 35 55 33 25 26
50 63 3 34 67 3 4
33 9 35 16 56 22 48
54 16 35 73 0 63 32
60 2 53 8 40 54 38
17 62 29 50 63 3 26
65 74 23 18 51 72 54
1 59 45 12 25 46 34
49 11 9 56 38 26 31
16 56 22 62 30 18 26
10 71 5 38 35 72 76
3 36 32 37 59 44 25
62 30 18 64 71 40 46
22 10 59 29 43 39 38
39 27 41 73 0 63 34
22 10 59 34 67 3 79
39 27 41 4 25 56 15
33 9 35 68 56 37 47
47 34 20 67 59 12 26
32 74 43 9 66 13 31
36 28 63 63 12 67 16
33 9 35 37 59 44 50
6 10 49 4 25 56 16
32 74 43 36 28 63 50
61 17 5 1 59 45 58
63 12 67 68 56 37 53
57 46 17 12 25 46 35
49 11 9 48 32 31 30
62 30 18 43 18 38 23
73 0 63 48 32 31 45
17 62 29 44 64 25 4
0 43 21 73 0 63 60
57 46 17 70 54 40 24
17 62 29 38 35 72 50
41 53 39 20 39 72 35
57 46 17 26 69 53 42
70 54 40 51 40 8 34
31 60 55 26 69 53 9
19 25 53 23 45 28 32
28 65 18 54 16 35 51
0 43 21 18 51 72 51
25 54 10 46 31 46 42
18 51 72 7 72 25 51
31 60 55 42 24 5 61
26 69 53 29 43 39 29
35 26 24 7 72 25 46
36 28 63 57 46 17 49
18 51 72 23 45 28 44
35 26 24 6 10 49 29
21 3 70 44 64 25 75
37 59 44 71 58 38 6
65 74 23 28 65 18 10
30 33 69 43 18 38 34
21 3 70 65 74 23 85
60 2 53 32 74 43 72
14 39 23 10 71 5 36
53 34 27 45 15 39 22
44 64 25 50 63 3 22
43 18 38 11 38 40 20
27 9 11 40 60 53 66
4 25 56 24 29 61 6
61 17 5 36 28 63 59
30 33 69 31 60 55 30
56 38 26 2 74 40 38
47 34 20 73 0 63 54
51 40 8 23 45 28 20
24 29 61 73 0 63 29
36 28 63 55 33 25 38
67 59 12 72 1 74 84
1 59 45 64 71 40 13
20 39 72 9 66 13 64
32 74 43 12 25 46 49
9 66 13 24 29 61 60
42 24 5 48 32 31 27
22 10 59 48 32 31 35
35 26 24 27 9 11 21
24 29 61 16 56 22 47
69 45 31 58 8 17 39
54 16 35 57 46 17 34
20 39 72 68 56 37 38
0 43 21 60 2 53 52
44 64 25 5 3 2 65
74 34 17 49 11 9 24
73 0 63 32 74 43 76
38 35 72 61 17 5 69
33 9 35 53 34 27 26
61 17 5 29 43 39 42
58 8 17 67 59 12 51
53 34 27 12 25 46 21
55 33 25 51 40 8 18
3 36 32 70 54 40 19
52 52 37 61 17 5 47
9 66 13 10 71 5 9
3 36 32 67 59 12 30
47 34 20 24 29 61 41
6 10 49 68 56 37 47
8 40 54 55 33 25 29
71 58 38 42 24 5 47
53 34 27 35 26 24 8
40 60 53 48 32 31 35
47 34 20 14 39 23 5
9 66 13 50 63 3 10
35 26 24 65 74 23 48
70 54 40 16 56 22 18
6 10 49 11 38 40 29
65 74 23 60 2 53 78
23 45 28 12 25 46 26
57 46 17 73 0 63 65
46 31 46 62 30 18 28
56 38 26 53 34 27 4
58 8 17 62 30 18 22
9 66 13 37 59 44 31
74 34 17 30 33 69 52
51 40 8 0 43 21 13
35 26 24 38 35 72 48
37 59 44 25 54 10 34
70 54 40 34 67 3 39
59 2 58 71 58 38 59
44 64 25 26 69 53 28
72 1 74 62 30 18 63
65 74 23 47 34 20 40
49 11 9 1 59 45 60
58 8 17 14 39 23 31
43 18 38 50 63 3 57
51 40 8 41 53 39 33
25 54 10 38 35 72 64
31 60 55 73 0 63 60
49 11 9 71 58 38 55
72 1 74 1 59 45 64
12 25 46 25 54 10 46
65 74 23 3 36 32 39
65 74 23 63 12 67 76
8 40 54 61 17 5 54
50 63 3 28 65 18 15
62 30 18 20 39 72 54
24 29 61 29 43 39 26
57 46 17 65 74 23 28
8 40 54 47 34 20 34
57 46 17 61 17 5 31
18 51 72 43 18 38 47
54 16 35 26 69 53 55
26 69 53 43 18 38 53
24 29 61 43 18 38 25
59 2 58 30 33 69 32
37 59 44 30 33 69 36
26 69 53 71 58 38 18
69 45 31 35 26 24 20
39 27 41 50 63 3 52
43 18 38 57 46 17 35
28 65 18 13 65 19 1
51 40 8 7 72 25 36
21 3 70 42 24 5 68
58 8 17 12 25 46 33
63 12 67 53 34 27 45
33 9 35 39 27 41 18
54 16 35 71 58 38 42
8 40 54 72 1 74 43
46 31 46 65 74 23 48
61 17 5 25 54 10 37
14 39 23 0 43 21 4
58 8 17 6 10 49 32
65 74 23 4 25 56 59
27 9 11 39 27 41 34
8 40 54 0 43 21 33
14 39 23 52 52 37 19
0 43 21 3 36 32 13
59 2 58 27 9 11 47
39 27 41 52 52 37 25
50 63 3 35 26 24 42
31 60 55 54 16 35 48
54 16 35 5 3 2 35
34 67 3 55 33 25 40
11 38 40 8 40 54 14
16 56 22 10 71 5 22
10 71 5 13 65 19 15
33 9 35 57 46 17 41
64 71 40 7 72 25 15
59 2 58 52 52 37 54
41 53 39 30 33 69 36
1 59 45 14 39 23 29
42 24 5 28 65 18 43
58 8 17 66 17 48 32
53 34 27 54 16 35 19
50 63 3 13 65 19 16
49 11 9 38 35 72 67
66 17 48 41 53 39 37
4 25 56 70 54 40 33
68 56 37 10 71 5 35
5 3 2 12 25 46 49
27 9 11 4 25 56 47
66 17 48 61 17 5 43
4 25 56 7 72 25 56
45 15 39 31 60 55 47
0 43 21 15 3 20 40
17 62 29 31 60 55 26
70 54 40 22 10 59 47
67 59 12 2 74 40 31
32 74 43 33 9 35 65
74 34 17 4 25 56 40
26 69 53 6 10 49 59
9 66 13 53 34 27 34
64 71 40 63 12 67 64
55 33 25 23 45 28 12
64 71 40 34 67 3 37
35 26 24 30 33 69 45
30 33 69 15 3 20 57
5 3 2 4 25 56 58
27 9 11 48 32 31 30
38 35 72 41 53 39 37
49 11 9 10 71 5 60
46 31 46 57 46 17 32
30 33 69 62 30 18 51
6 10 49 14 39 23 38
74 34 17 39 27 41 25
23 45 28 49 11 9 38
49 11 9 18 51 72 74
32 74 43 27 9 11 72
42 24 5 9 66 13 42
45 15 39 37 59 44 44
25 54 10 69 45 31 22
59 2 58 49 11 9 49
57 46 17 52 52 37 20
34 67 3 52 52 37 37
15 3 20 35 26 24 23
41 53 39 50 63 3 37
39 27 41 63 12 67 30
22 10 59 71 58 38 52
21 3 70 23 45 28 59
16 56 22 48 32 31 25
26 69 53 24 29 61 40
15 3 20 1 59 45 61
54 16 35 1 59 45 44
52 52 37 24 29 61 33
28 65 18 0 43 21 22
49 11 9 41 53 39 51
64 71 40 18 51 72 37
49 11 9 54 16 35 26
54 16 35 52 52 37 36
30 33 69 39 27 41 28
27 9 11 0 43 21 35
5 3 2 6 10 49 47
48 32 31 38 35 72 41
0 43 21 49 11 9 34
2 74 40 24 29 61 49
68 56 37 67 59 12 25
39 27 41 61 17 5 37
42 24 5 63 12 67 63
45 15 39 55 33 25 22
29 43 39 65 74 23 34
63 12 67 24 29 61 18
58 8 17 43 18 38 23
55 33 25 62 30 18 7
8 40 54 43 18 38 27
38 35 72 53 34 27 45
35 26 24 5 3 2 31
54 16 35 19 25 53 20
48 32 31 7 72 25 40
66 17 48 33 9 35 15
44 64 25 37 59 44 19
74 34 17 13 65 19 31
11 38 40 25 54 10 34
68 56 37 15 3 20 55
40 60 53 49 11 9 65
73 0 63 67 59 12 77
51 40 8 27 9 11 31
56 38 26 64 71 40 35
69 45 31 50 63 3 33
0 43 21 24 29 61 42
17 62 29 3 36 32 26
64 71 40 66 17 48 54
31 60 55 36 28 63 32
25 54 10 35 26 24 31
43 18 38 49 11 9 29
65 74 23 70 54 40 26
13 65 19 29 43 39 29
4 25 56 23 45 28 34
8 40 54 27 9 11 53
25 54 10 30 33 69 62
3 36 32 54 16 35 20
32 74 43 18 51 72 37
22 10 59 69 45 31 44
31 60 55 53 34 27 38
4 25 56 35 26 24 32
22 10 59 68 56 37 50
11 38 40 24 29 61 22
3 36 32 30 33 69 37
1 59 45 53 34 27 30
29 43 39 38 35 72 33
63 12 67 25 54 10 70
50 63 3 14 39 23 31
71 58 38 33 9 35 49
0 43 21 22 10 59 50
58 8 17 3 36 32 31
62 30 18 3 36 32 15
45 15 39 39 27 41 12
31 60 55 43 18 38 45
12 25 46 40 60 53 35
39 27 41 69 45 31 20
31 60 55 35 26 24 46
60 2 53 42 24 5 52
46 31 46 38 35 72 26
49 11 9 24 29 61 55
19 25 53 62 30 18 35
37 59 44 13 65 19 25
55 33 25 30 33 69 44
30 33 69 51 40 8 61
18 51 72 71 58 38 34
29 43 39 46 31 46 13
41 53 39 47 34 20 26
47 34 20 36 28 63 43
28 65 18 47 34 20 31
17 62 29 32 74 43 18
44 64 25 4 25 56 49
60 2 53 52 52 37 52
12 25 46 15 3 20 34
67 59 12 10 71 5 13
74 34 17 72 1 74 65
8 40 54 12 25 46 17
52 52 37 13 65 19 22
42 24 5 39 27 41 36
57 46 17 74 34 17 12
70 54 40 47 34 20 28
55 33 25 1 59 45 32
71 58 38 62 30 18 34
50 63 3 74 34 17 32
35 26 24 72 1 74 55
46 31 46 4 25 56 11
33 9 35 61 17 5 31
52 52 37 67 59 12 25
8 40 54 33 9 35 36
46 31 46 9 66 13 48
9 66 13 14 39 23 28
33 9 35 41 53 39 44
40 60 53 31 60 55 2
71 58 38 66 17 48 42
43 18 38 72 1 74 39
7 72 25 63 12 67 73
13 65 19 14 39 23 26
8 40 54 71 58 38 24
63 12 67 51 40 8 65
68 56 37 70 54 40 3
57 46 17 69 45 31 14
69 45 31 14 39 23 10
29 43 39 57 46 17 22
31 60 55 12 25 46 36
17 62 29 8 40 54 33
22 10 59 26 69 53 59
68 56 37 52 52 37 4
65 74 23 38 35 72 62
5 3 2 26 69 53 83
61 17 5 15 3 20 20
53 34 27 10 71 5 43
25 54 10 39 27 41 41
19 25 53 30 33 69 17
55 33 25 54 16 35 19
62 30 18 57 46 17 16
70 54 40 66 17 48 37
40 60 53 32 74 43 17
14 39 23 51 40 8 15
28 65 18 72 1 74 85
7 72 25 61 17 5 58
7 72 25 55 33 25 39
62 30 18 38 35 72 54
59 2 58 64 71 40 71
64 71 40 27 9 11 68
2 74 40 39 27 41 47
3 36 32 46 31 46 14
56 38 26 51 40 8 18
51 40 8 47 34 20 13
22 10 59 49 11 9 50
13 65 19 56 38 26 27
48 32 31 55 33 25 6
55 33 25 72 1 74 58
66 17 48 6 10 49 7
10 71 5 60 2 53 84
60 2 53 29 43 39 43
46 31 46 50 63 3 53
4 25 56 32 74 43 50
13 65 19 16 56 22 9
34 67 3 26 69 53 50
13 65 19 64 71 40 21
46 31 46 41 53 39 23
27 9 11 19 25 53 44
14 39 23 54 16 35 25
73 0 63 7 72 25 81
9 66 13 22 10 59 72
61 17 5 64 71 40 64
48 32 31 64 71 40 40
39 27 41 24 29 61 20
60 2 53 51 40 8 58
71 58 38 39 27 41 31
27 9 11 52 52 37 50
0 43 21 36 28 63 44
47 34 20 68 56 37 27
41 53 39 37 59 44 7
17 62 29 58 8 17 55
11 38 40 68 56 37 18
12 25 46 20 39 72 29
55 33 25 50 63 3 37
57 46 17 17 62 29 20
65 74 23 69 45 31 30
10 71 5 41 53 39 38
58 8 17 20 39 72 63
8 40 54 1 59 45 21
50 63 3 2 74 40 38
59 2 58 57 46 17 60
43 18 38 23 45 28 28
1 59 45 24 29 61 34
5 3 2 36 28 63 65
19 25 53 24 29 61 8
62 30 18 5 3 2 31
39 27 41 46 31 46 6
24 29 61 36 28 63 2
27 9 11 67 59 12 50
5 3 2 25 54 10 51
53 34 27 62 30 18 9
26 69 53 60 2 53 67
2 74 40 40 60 53 19
39 27 41 8 40 54 18
10 71 5 22 10 59 81
48 32 31 4 25 56 25
56 38 26 54 16 35 23
6 10 49 67 59 12 61
68 56 37 45 15 39 41
36 28 63 20 39 72 14
44 64 25 1 59 45 20
6 10 49 22 10 59 10
22 10 59 17 62 29 60
52 52 37 25 54 10 27
46 31 46 7 72 25 46
18 51 72 34 67 3 70
5 3 2 2 74 40 80
59 2 58 63 12 67 13
6 10 49 59 2 58 12
35 26 24 63 12 67 45
44 64 25 73 0 63 74
29 43 39 2 74 40 31
28 65 18 74 34 17 31
22 10 59 12 25 46 19
0 43 21 43 18 38 30
73 0 63 20 39 72 40
37 59 44 51 40 8 40
9 66 13 54 16 35 54
73 0 63 66 17 48 22
58 8 17 24 29 61 48
71 58 38 19 25 53 36
64 71 40 36 28 63 48
38 35 72 45 15 39 38
42 24 5 36 28 63 58
53 34 27 7 72 25 38
6 10 49 52 52 37 43
38 35 72 1 59 45 36
66 17 48 55 33 25 28
34 67 3 39 27 41 55
63 12 67 55 33 25 46
28 65 18 31 60 55 37
3 36 32 61 17 5 33
25 54 10 7 72 25 23
9 66 13 26 69 53 40
12 25 46 33 9 35 19
64 71 40 58 8 17 67
70 54 40 44 64 25 18
25 54 10 29 43 39 31
1 59 45 34 67 3 42
72 1 74 40 60 53 62
65 74 23 23 45 28 29
35 26 24 61 17 5 21
44 64 25 56 38 26 26
16 56 22 67 59 12 10
71 58 38 57 46 17 24
0 43 21 21 3 70 63
31 60 55 18 51 72 19
22 10 59 63 12 67 8
9 66 13 29 43 39 34
63 12 67 49 11 9 58
17 62 29 5 3 2 64
18 51 72 4 25 56 30
29 43 39 54 16 35 27
64 71 40 8 40 54 34
61 17 5 54 16 35 30
68 56 37 55 33 25 25
21 3 70 58 8 17 53
37 59 44 22 10 59 51
50 63 3 68 56 37 34
68 56 37 13 65 19 20
49 11 9 47 34 20 25
5 3 2 32 74 43 81
13 65 19 54 16 35 51
20 39 72 67 59 12 63
58 8 17 73 0 63 46
39 27 41 51 40 8 35
55 33 25 3 36 32 7
2 74 40 63 12 67 67
6 10 49 8 40 54 30
50 63 3 20 39 72 73
30 33 69 13 65 19 59
36 28 63 2 74 40 51
7 72 25 38 35 72 59
24 29 61 20 39 72 14
48 32 31 70 54 40 23
47 34 20 63 12 67 51
38 35 72 69 45 31 42
26 69 53 66 17 48 52
22 10 59 41 53 39 47
0 43 21 52 52 37 18
6 10 49 27 9 11 38
0 43 21 12 25 46 30
64 71 40 17 62 29 14
53 34 27 6 10 49 32
39 27 41 15 3 20 31
35 26 24 73 0 63 46
68 56 37 58 8 17 52
13 65 19 15 3 20 62
3 36 32 43 18 38 18
62 30 18 21 3 70 58
27 9 11 57 46 17 37
34 67 3 7 72 25 22
30 33 69 56 38 26 43
34 67 3 60 2 53 82
48 32 31 71 58 38 26
59 2 58 74 34 17 52
44 64 25 68 56 37 14
23 45 28 27 9 11 39
50 63 3 11 38 40 44
12 25 46 37 59 44 34
45 15 39 30 33 69 34
4 25 56 68 56 37 36
45 15 39 20 39 72 40
11 38 40 70 54 40 16
37 59 44 64 71 40 12
68 56 37 14 39 23 22
66 17 48 5 3 2 48
64 71 40 50 63 3 37
72 1 74 13 65 19 84
46 31 46 51 40 8 39
67 59 12 19 25 53 53
42 24 5 12 25 46 41
38 35 72 42 24 5 67
56 38 26 74 34 17 9
71 58 38 16 56 22 16
15 3 20 29 43 39 44
52 52 37 74 34 17 26
26 69 53 27 9 11 73
12 25 46 65 74 23 54
26 69 53 40 60 53 9
47 34 20 11 38 40 20
3 36 32 11 38 40 8
9 66 13 2 74 40 28
14 39 23 53 34 27 6
21 3 70 19 25 53 27
64 71 40 52 52 37 19
59 2 58 37 59 44 58
61 17 5 51 40 8 23
40 60 53 18 51 72 21
2 74 40 1 59 45 15
71 58 38 21 3 70 63
16 56 22 54 16 35 42
72 1 74 5 3 2 72
6 10 49 62 30 18 36
52 52 37 21 3 70 59
8 40 54 21 3 70 40
66 17 48 65 74 23 62
19 25 53 37 59 44 35
4 25 56 71 58 38 37
44 64 25 35 26 24 38
27 9 11 49 11 9 2
35 26 24 59 2 58 41
1 59 45 47 34 20 35
57 46 17 2 74 40 36
17 62 29 43 18 38 44
14 39 23 62 30 18 10
52 52 37 15 3 20 51
7 72 25 16 56 22 16
7 72 25 47 34 20 38
9 66 13 7 72 25 13
39 27 41 17 62 29 37
50 63 3 5 3 2 60
42 24 5 64 71 40 58
40 60 53 64 71 40 17
50 63 3 51 40 8 23
14 39 23 18 51 72 50
45 15 39 0 43 21 33
33 9 35 9 66 13 61
5 3 2 58 8 17 15
49 11 9 16 56 22 46
66 17 48 39 27 41 12
47 34 20 55 33 25 5
56 38 26 35 26 24 12
60 2 53 27 9 11 42
5 3 2 7 72 25 72
48 32 31 14 39 23 10
28 65 18 23 45 28 22
73 0 63 38 35 72 36
11 38 40 69 45 31 11
49 11 9 15 3 20 13
26 69 53 72 1 74 71
7 72 25 2 74 40 15
32 74 43 49 11 9 71
54 16 35 11 38 40 22
68 56 37 37 59 44 7
69 45 31 49 11 9 40
56 38 26 70 54 40 21
23 45 28 29 43 39 11
8 40 54 32 74 43 35
35 26 24 23 45 28 19
73 0 63 11 38 40 44
8 40 54 59 2 58 38
36 28 63 1 59 45 35
71 58 38 13 65 19 20
4 25 56 72 1 74 30
11 38 40 30 33 69 29
56 38 26 50 63 3 33
70 54 40 39 27 41 27
71 58 38 40 60 53 15
9 66 13 34 67 3 10
43 18 38 53 34 27 19
45 15 39 71 58 38 43
43 18 38 28 65 18 51
21 3 70 50 63 3 89
31 60 55 8 40 54 20
62 30 18 23 45 28 18
34 67 3 10 71 5 4
61 17 5 50 63 3 46
67 59 12 1 59 45 33
57 46 17 13 65 19 19
42 24 5 62 30 18 14
33 9 35 58 8 17 18
22 10 59 53 34 27 40
37 59 44 43 18 38 41
4 25 56 19 25 53 3
59 2 58 69 45 31 50
26 69 53 4 25 56 44
14 39 23 40 60 53 36
18 51 72 2 74 40 39
28 65 18 68 56 37 21
60 2 53 45 15 39 19
7 72 25 43 18 38 55
70 54 40 71 58 38 4
72 1 74 12 25 46 36
49 11 9 67 59 12 48
54 16 35 15 3 20 19
54 16 35 68 56 37 40
14 39 23 7 72 25 33
70 54 40 37 59 44 6
26 69 53 55 33 25 45
47 34 20 29 43 39 21
60 2 53 33 9 35 19
11 38 40 41 53 39 15
63 12 67 19 25 53 19
2 74 40 22 10 59 66
53 34 27 59 2 58 44
40 60 53 70 54 40 14
54 16 35 67 59 12 48
19 25 53 52 52 37 31
74 34 17 7 72 25 38
41 53 39 13 65 19 23
16 56 22 39 27 41 34
5 3 2 42 24 5 21
38 35 72 51 40 8 64
64 71 40 43 18 38 53
61 17 5 46 31 46 43
2 74 40 4 25 56 51
45 15 39 23 45 28 31
70 54 40 13 65 19 23
38 35 72 59 2 58 35
0 43 21 41 53 39 20
54 16 35 22 10 59 24
40 60 53 58 8 17 63
55 33 25 49 11 9 27
10 71 5 19 25 53 66
70 54 40 14 39 23 22
67 59 12 61 17 5 42
74 34 17 27 9 11 25
17 62 29 16 56 22 9
20 39 72 61 17 5 70
8 40 54 3 36 32 22
33 9 35 18 51 72 55
65 74 23 62 30 18 44
68 56 37 7 72 25 20
20 39 72 40 60 53 28
35 26 24 24 29 61 37
23 45 28 32 74 43 32
74 34 17 43 18 38 26
18 51 72 30 33 69 18
46 31 46 55 33 25 21
73 0 63 51 40 8 68
68 56 37 69 45 31 12
40 60 53 68 56 37 16
68 56 37 74 34 17 29
10 71 5 25 54 10 17
0 43 21 35 26 24 17
72 1 74 22 10 59 17
36 28 63 26 69 53 42
60 2 53 22 10 59 10
25 54 10 56 38 26 22
35 26 24 68 56 37 32
12 25 46 41 53 39 28
69 45 31 67 59 12 23
74 34 17 10 71 5 38
49 11 9 62 30 18 21
2 74 40 70 54 40 20
3 36 32 25 54 10 28
8 40 54 34 67 3 57
30 33 69 1 59 45 35
43 18 38 21 3 70 35
17 62 29 59 2 58 66
59 2 58 34 67 3 85
45 15 39 4 25 56 19
44 64 25 71 58 38 14
73 0 63 74 34 17 57
53 34 27 37 59 44 30
2 74 40 30 33 69 50
51 40 8 54 16 35 36
62 30 18 60 2 53 44
59 2 58 21 3 70 12
16 56 22 5 3 2 56
32 74 43 43 18 38 56
46 31 46 22 10 59 24
55 33 25 12 25 46 22
25 54 10 27 9 11 45
13 65 19 42 24 5 43
40 60 53 1 59 45 8
65 74 23 74 34 17 40
30 33 69 0 43 21 49
58 8 17 1 59 45 58
7 72 25 71 58 38 19
57 46 17 60 2 53 56
10 71 5 59 2 58 87
22 10 59 28 65 18 68
6 10 49 61 17 5 44
66 17 48 59 2 58 18
17 62 29 25 54 10 20
34 67 3 19 25 53 65
16 56 22 32 74 43 27
71 58 38 27 9 11 55
43 18 38 13 65 19 50
13 65 19 9 66 13 6
30 33 69 8 40 54 16
62 30 18 15 3 20 27
44 64 25 53 34 27 30
57 46 17 67 59 12 13
73 0 63 59 2 58 5
65 74 23 72 1 74 89
9 66 13 73 0 63 82
33 9 35 73 0 63 29
22 10 59 61 17 5 54
63 12 67 52 52 37 50
55 33 25 35 26 24 7
33 9 35 70 54 40 45
63 12 67 44 64 25 66
3 36 32 40 60 53 31
32 74 43 52 52 37 22
69 45 31 20 39 72 41
23 45 28 26 69 53 34
29 43 39 8 40 54 15
41 53 39 26 69 53 21
63 12 67 15 3 20 47
41 53 39 23 45 28 13
35 26 24 43 18 38 16
0 43 21 61 17 5 30
38 35 72 21 3 70 32
6 10 49 50 63 3 70
45 15 39 28 65 18 54
48 32 31 24 29 61 30
29 43 39 59 2 58 45
44 64 25 59 2 58 70
7 72 25 70 54 40 23
46 31 46 6 10 49 21
67 59 12 71 58 38 26
3 36 32 35 26 24 12
32 74 43 59 2 58 73
6 10 49 73 0 63 17
67 59 12 44 64 25 13
31 60 55 0 43 21 38
36 28 63 7 72 25 58
74 34 17 6 10 49 40
39 27 41 62 30 18 23
42 24 5 68 56 37 45
19 25 53 45 15 39 17
3 36 32 5 3 2 44
13 65 19 46 31 46 43
19 25 53 66 17 48 9
50 63 3 30 33 69 72
46 31 46 67 59 12 44
17 62 29 27 9 11 55
25 54 10 33 9 35 51
57 46 17 4 25 56 44
47 34 20 9 66 13 32
9 66 13 45 15 39 57
57 46 17 21 3 70 68
8 40 54 69 45 31 23
29 43 39 0 43 21 18
38 35 72 19 25 53 21
37 59 44 35 26 24 38
54 16 35 20 39 72 43
2 74 40 53 34 27 42
3 36 32 49 11 9 33
15 3 20 28 65 18 62
61 17 5 70 54 40 50
39 27 41 28 65 18 44
58 8 17 56 38 26 31
10 71 5 39 27 41 56
63 12 67 48 32 31 41
36 28 63 54 16 35 30
56 38 26 60 2 53 45
69 45 31 15 3 20 43
62 30 18 13 65 19 35
21 3 70 14 39 23 59
28 65 18 67 59 12 8
11 38 40 9 66 13 38
74 34 17 0 43 21 9
48 32 31 30 33 69 38
52 52 37 71 58 38 6
28 65 18 14 39 23 26
57 46 17 42 24 5 25
0 43 21 13 65 19 22
74 34 17 64 71 40 43
36 28 63 46 31 46 17
39 27 41 1 59 45 32
61 17 5 37 59 44 57
45 15 39 67 59 12 51
26 69 53 64 71 40 13
46 31 46 72 1 74 41
50 63 3 38 35 72 74
52 52 37 12 25 46 28
74 34 17 15 3 20 31
42 24 5 6 10 49 46
38 35 72 68 56 37 40
7 72 25 69 45 31 27
72 1 74 45 15 39 37
49 11 9 9 66 13 55
12 25 46 27 9 11 38
24 29 61 60 2 53 28
54 16 35 12 25 46 14
1 59 45 27 9 11 60
39 27 41 53 34 27 15
28 65 18 1 59 45 27
22 10 59 56 38 26 43
74 34 17 25 54 10 21
17 62 29 42 24 5 44
24 29 61 69 45 31 34
15 3 20 5 3 2 18
28 65 18 16 56 22 9
39 27 41 40 60 53 35
15 3 20 16 56 22 53
69 45 31 37 59 44 19
8 40 54 22 10 59 30
67 59 12 11 38 40 35
46 31 46 35 26 24 22
72 1 74 50 63 3 94
45 15 39 52 52 37 37
24 29 61 65 74 23 58
51 40 8 22 10 59 59
41 53 39 24 29 61 32
47 34 20 56 38 26 7
61 17 5 2 74 40 66
44 64 25 20 39 72 53
57 46 17 5 3 2 45
15 3 20 72 1 74 54
63 12 67 54 16 35 32
24 29 61 6 10 49 22
15 3 20 18 51 72 70
58 8 17 23 45 28 38
55 33 25 17 62 29 29
64 71 40 19 25 53 47
74 34 17 12 25 46 30
69 45 31 71 58 38 14
27 9 11 33 9 35 24
38 35 72 64 71 40 48
32 74 43 45 15 39 59
31 60 55 19 25 53 35
26 69 53 19 25 53 44
42 24 5 73 0 63 62
29 43 39 64 71 40 28
26 69 53 51 40 8 53
67 59 12 64 71 40 30
39 27 41 12 25 46 5
46 31 46 45 15 39 17
39 27 41 64 71 40 44
21 3 70 5 3 2 68
74 34 17 3 36 32 15
50 63 3 32 74 43 41
62 30 18 27 9 11 22
50 63 3 15 3 20 62
15 3 20 71 58 38 57
31 60 55 32 74 43 18
1 59 45 21 3 70 61
4 25 56 67 59 12 55
55 33 25 24 29 61 36
52 52 37 40 60 53 17
51 40 8 68 56 37 33
61 17 5 60 2 53 50
44 64 25 31 60 55 30
32 74 43 44 64 25 20
73 0 63 3 36 32 47
21 3 70 9 66 13 84
61 17 5 34 67 3 50
55 33 25 11 38 40 15
17 62 29 73 0 63 70
29 43 39 27 9 11 44
2 74 40 34 67 3 37
18 51 72 3 36 32 42
59 2 58 24 29 61 27
37 59 44 73 0 63 61
61 17 5 72 1 74 70
47 34 20 3 36 32 12
68 56 37 31 60 55 18
56 38 26 29 43 39 13
32 74 43 42 24 5 62
3 36 32 4 25 56 26
71 58 38 3 36 32 22
37 59 44 42 24 5 52
1 59 45 26 69 53 12
37 59 44 10 71 5 40
46 31 46 37 59 44 28
52 52 37 35 26 24 29
56 38 26 42 24 5 25
6 10 49 63 12 67 18
39 27 41 60 2 53 27
44 64 25 18 51 72 48
53 34 27 8 40 54 27
63 12 67 50 63 3 81
48 32 31 57 46 17 19
27 9 11 72 1 74 63
35 26 24 29 43 39 22
34 67 3 33 9 35 66
64 71 40 30 33 69 47
2 74 40 73 0 63 77
28 65 18 4 25 56 55
66 17 48 12 25 46 8
4 25 56 51 40 8 50
43 18 38 42 24 5 33
56 38 26 31 60 55 36
20 39 72 72 1 74 38
16 56 22 37 59 44 22
60 2 53 25 54 10 67
44 64 25 47 34 20 30
4 25 56 22 10 59 15
52 52 37 46 31 46 22
12 25 46 63 12 67 24
49 11 9 46 31 46 42
23 45 28 57 46 17 11
35 26 24 9 66 13 41
4 25 56 52 52 37 33
2 74 40 55 33 25 43
25 54 10 53 34 27 26
33 9 35 38 35 72 45
6 10 49 71 58 38 49
35 26 24 48 32 31 9
59 2 58 5 3 2 56
33 9 35 7 72 25 63
58 8 17 45 15 39 23
48 32 31 28 65 18 35
30 33 69 70 54 40 35
49 11 9 5 3 2 10
1 59 45 65 74 23 26
20 39 72 7 72 25 57
67 59 12 12 25 46 48
19 25 53 16 56 22 43
22 10 59 59 2 58 8
44 64 25 40 60 53 28
10 71 5 17 62 29 25
12 25 46 14 39 23 26
22 10 59 73 0 63 10
67 59 12 37 59 44 32
27 9 11 16 56 22 48
2 74 40 49 11 9 70
36 28 63 13 65 19 57
47 34 20 52 52 37 24
34 67 3 23 45 28 33
58 8 17 7 72 25 64
10 71 5 54 16 35 62
31 60 55 5 3 2 77
10 71 5 40 60 53 49
59 2 58 40 60 53 58
36 28 63 19 25 53 10
53 34 27 67 59 12 29
56 38 26 62 30 18 11
15 3 20 40 60 53 65
55 33 25 18 51 72 50
55 33 25 6 10 49 33
74 34 17 46 31 46 29
20 39 72 23 45 28 44
33 9 35 30 33 69 41
30 33 69 46 31 46 23
48 32 31 44 64 25 32
21 3 70 16 56 22 71
8 40 54 2 74 40 36
13 65 19 17 62 29 10
66 17 48 35 26 24 25
25 54 10 26 69 53 45
61 17 5 17 62 29 51
40 60 53 56 38 26 34
45 15 39 62 30 18 25
73 0 63 26 69 53 69
59 2 58 45 15 39 23
18 51 72 70 54 40 32
24 29 61 56 38 26 36
18 51 72 59 2 58 50
62 30 18 69 45 31 19
4 25 56 36 28 63 7
61 17 5 68 56 37 50
52 52 37 65 74 23 26
61 17 5 4 25 56 51
29 43 39 18 51 72 33
31 60 55 46 31 46 30
50 63 3 27 9 11 54
36 28 63 16 56 22 49
22 10 59 39 27 41 24
53 34 27 21 3 70 53
53 34 27 74 34 17 10
43 18 38 2 74 40 56
46 31 46 47 34 20 26
20 39 72 37 59 44 34
9 66 13 4 25 56 59
41 53 39 5 3 2 62
62 30 18 22 10 59 45
72 1 74 44 64 25 79
42 24 5 30 33 69 64
5 3 2 71 58 38 65
31 60 55 37 59 44 11
34 67 3 14 39 23 34
14 39 23 36 28 63 41
72 1 74 52 52 37 63
64 71 40 69 45 31 27
29 43 39 41 53 39 10
35 26 24 57 46 17 21
43 18 38 4 25 56 19
0 43 21 59 2 58 55
62 30 18 66 17 48 32
5 3 2 55 33 25 37
49 11 9 26 69 53 72
34 67 3 67 59 12 12
7 72 25 30 33 69 58
3 36 32 6 10 49 31
42 24 5 2 74 40 61
50 63 3 29 43 39 41
66 17 48 32 74 43 57
9 66 13 65 74 23 12
48 32 31 56 38 26 7
7 72 25 1 59 45 23
53 34 27 71 58 38 26
52 52 37 22 10 59 47
65 74 23 71 58 38 21
43 18 38 20 39 72 39
40 60 53 5 3 2 76
3 36 32 42 24 5 29
13 65 19 38 35 72 60
26 69 53 2 74 40 13
42 24 5 19 25 53 48
9 66 13 68 56 37 26
41 53 39 59 2 58 54
0 43 21 42 24 5 24
7 72 25 67 59 12 18
13 65 19 49 11 9 54
58 8 17 53 34 27 27
55 33 25 21 3 70 54
4 25 56 64 71 40 48
69 45 31 27 9 11 41
41 53 39 44 64 25 17
69 45 31 44 64 25 19
27 9 11 3 36 32 34
13 65 19 63 12 67 71
4 25 56 69 45 31 32
12 25 46 36 28 63 17
28 65 18 17 62 29 11
51 40 8 42 24 5 16
66 17 48 3 36 32 24
26 69 53 8 40 54 29
42 24 5 70 54 40 46
14 39 23 11 38 40 17
46 31 46 48 32 31 15
7 72 25 11 38 40 37
37 59 44 39 27 41 32
45 15 39 56 38 26 26
53 34 27 47 34 20 7
19 25 53 0 43 21 36
50 63 3 24 29 61 67
5 3 2 63 12 67 65
19 25 53 73 0 63 26
47 34 20 50 63 3 33
62 30 18 37 59 44 38
32 74 43 28 65 18 26
17 62 29 68 56 37 10
18 51 72 52 52 37 35
16 56 22 29 43 39 21
51 40 8 24 29 61 54
4 25 56 0 43 21 39
74 34 17 41 53 39 29
34 67 3 63 12 67 84
57 46 17 8 40 54 37
52 52 37 70 54 40 3
73 0 63 14 39 23 55
23 45 28 38 35 72 45
28 65 18 51 40 8 26
31 60 55 29 43 39 23
39 27 41 38 35 72 32
32 74 43 30 33 69 48
36 28 63 70 54 40 34
40 60 53 13 65 19 34
18 51 72 42 24 5 72
10 71 5 29 43 39 44
15 3 20 31 60 55 66
38 35 72 27 9 11 66
65 74 23 30 33 69 61
45 15 39 1 59 45 44
38 35 72 26 69 53 38
72 1 74 36 28 63 29
31 60 55 50 63 3 52
24 29 61 54 16 35 29
12 25 46 17 62 29 40
53 34 27 73 0 63 49
4 25 56 12 25 46 10
1 59 45 0 43 21 28
8 40 54 5 3 2 63
6 10 49 45 15 39 11
52 52 37 73 0 63 58
43 18 38 65 74 23 57
43 18 38 71 58 38 40
1 59 45 52 52 37 10
70 54 40 73 0 63 58
65 74 23 55 33 25 41
74 34 17 63 12 67 54
70 54 40 41 53 39 1
23 45 28 6 10 49 40
24 29 61 18 51 72 24
54 16 35 43 18 38 3
71 58 38 35 26 24 34
40 60 53 41 53 39 15
4 25 56 34 67 3 67
6 10 49 38 35 72 33
50 63 3 26 69 53 50
41 53 39 1 59 45 8
72 1 74 53 34 27 57
20 39 72 10 71 5 74
26 69 53 21 3 70 68
22 10 59 45 15 39 20
1 59 45 35 26 24 39
20 39 72 34 67 3 74
60 2 53 43 18 38 21
70 54 40 74 34 17 30
74 34 17 55 33 25 8
9 66 13 6 10 49 66
44 64 25 14 39 23 25
47 34 20 69 45 31 15
31 60 55 63 12 67 49
46 31 46 19 25 53 9
59 2 58 56 38 26 48
60 2 53 3 36 32 39
64 71 40 49 11 9 67
69 45 31 21 3 70 57
51 40 8 2 74 40 46
20 39 72 0 43 21 51
27 9 11 7 72 25 64
54 16 35 23 45 28 29
6 10 49 69 45 31 39
74 34 17 54 16 35 25
44 64 25 19 25 53 48
33 9 35 31 60 55 54
11 38 40 38 35 72 32
28 65 18 62 30 18 35
74 34 17 31 60 55 46
59 2 58 26 69 53 67
61 17 5 24 29 61 57
48 32 31 59 2 58 40
53 34 27 69 45 31 11
34 67 3 16 56 22 21
39 27 41 55 33 25 17
3 36 32 2 74 40 38
52 52 37 28 65 18 23
63 12 67 62 30 18 52
50 63 3 0 43 21 26
59 2 58 31 60 55 58
72 1 74 64 71 40 77
3 36 32 63 12 67 42
55 33 25 52 52 37 22
54 16 35 30 33 69 38
56 38 26 18 51 72 47
64 71 40 12 25 46 46
10 71 5 23 45 28 34
46 31 46 69 45 31 20
33 9 35 54 16 35 7
8 40 54 49 11 9 53
1 59 45 4 25 56 35
36 28 63 25 54 10 59
43 18 38 67 59 12 48
74 34 17 58 8 17 26
42 24 5 54 16 35 31
21 3 70 28 65 18 80
48 32 31 53 34 27 4
41 53 39 68 56 37 3
67 59 12 24 29 61 57
22 10 59 19 25 53 16
66 17 48 13 65 19 56
35 26 24 51 40 8 21
19 25 53 3 36 32 23
6 10 49 64 71 40 61
9 66 13 71 58 38 26
30 33 69 63 12 67 21
52 52 37 8 40 54 20
64 71 40 71 58 38 13
50 63 3 45 15 39 60
2 74 40 68 56 37 18
38 35 72 56 38 26 46
24 29 61 45 15 39 26
58 8 17 26 69 53 70
31 60 55 60 2 53 58
28 65 18 69 45 31 23
2 74 40 65 74 23 17
61 17 5 58 8 17 15
73 0 63 40 60 53 60
30 33 69 47 34 20 49
29 43 39 44 64 25 25
42 24 5 4 25 56 51
4 25 56 62 30 18 38
33 9 35 21 3 70 35
56 38 26 9 66 13 30
72 1 74 47 34 20 63
36 28 63 39 27 41 22
24 29 61 8 40 54 13
54 16 35 21 3 70 37
0 43 21 67 59 12 18
60 2 53 73 0 63 10
6 10 49 40 60 53 50
11 38 40 61 17 5 40
34 67 3 56 38 26 37
36 28 63 49 11 9 56
36 28 63 66 17 48 18
45 15 39 73 0 63 28
8 40 54 13 65 19 43
48 32 31 29 43 39 13
73 0 63 23 45 28 57
21 3 70 41 53 39 58
3 36 32 23 45 28 9
23 45 28 31 60 55 30
50 63 3 3 36 32 39
29 43 39 73 0 63 49
45 15 39 61 17 5 34
72 1 74 71 58 38 67
25 54 10 45 15 39 48
32 74 43 48 32 31 43
7 72 25 31 60 55 32
10 71 5 42 24 5 47
7 72 25 37 59 44 23
61 17 5 26 69 53 70
34 67 3 62 30 18 39
49 11 9 73 0 63 55
73 0 63 27 9 11 52
63 12 67 11 38 40 37
2 74 40 64 71 40 3
58 8 17 15 3 20 5
12 25 46 59 2 58 25
2 74 40 54 16 35 58
41 53 39 56 38 26 19
46 31 46 33 9 35 24
73 0 63 18 51 72 51
20 39 72 52 52 37 37
7 72 25 65 74 23 2
64 71 40 35 26 24 47
11 38 40 42 24 5 37
42 24 5 1 59 45 53
40 60 53 46 31 46 29
9 66 13 30 33 69 65
62 30 18 0 43 21 13
70 54 40 27 9 11 53
42 24 5 24 29 61 56
23 45 28 70 54 40 15
38 35 72 12 25 46 27
71 58 38 68 56 37 2
16 56 22 11 38 40 25
33 9 35 2 74 40 65
36 28 63 10 71 5 72
16 56 22 46 31 46 34
49 11 9 25 54 10 43
11 38 40 44 64 25 30
74 34 17 71 58 38 31
42 24 5 20 39 72 68
55 33 25 58 8 17 26
60 2 53 40 60 53 58
10 71 5 18 51 72 69
28 65 18 34 67 3 15
10 71 5 6 10 49 75
6 10 49 57 46 17 48
63 12 67 73 0 63 12
31 60 55 61 17 5 65
74 34 17 20 39 72 55
70 54 40 35 26 24 32
51 40 8 52 52 37 31
3 36 32 21 3 70 50
52 52 37 53 34 27 20
22 10 59 32 74 43 65
40 60 53 33 9 35 54
20 39 72 22 10 59 31
54 16 35 50 63 3 56
51 40 8 15 3 20 38
66 17 48 27 9 11 37
28 65 18 33 9 35 58
59 2 58 60 2 53 5
59 2 58 2 74 40 74
48 32 31 9 66 13 38
18 51 72 67 59 12 60
48 32 31 1 59 45 30
58 8 17 39 27 41 30
55 33 25 38 35 72 47
17 62 29 74 34 17 30
63 12 67 40 60 53 50
64 71 40 55 33 25 40
17 62 29 70 54 40 13
19 25 53 20 39 72 23
40 60 53 61 17 5 64
26 69 53 15 3 20 73
27 9 11 13 65 19 56
8 40 54 35 26 24 33
67 59 12 39 27 41 43
59 2 58 16 56 22 64
35 26 24 22 10 59 38
53 34 27 26 69 53 43
29 43 39 14 39 23 16
55 33 25 25 54 10 25
57 46 17 55 33 25 15
52 52 37 3 36 32 16
3 36 32 7 72 25 36
73 0 63 46 31 46 35
38 35 72 57 46 17 56
18 51 72 35 26 24 54
14 39 23 2 74 40 38
14 39 23 5 3 2 41
13 65 19 47 34 20 31
42 24 5 52 52 37 42
33 9 35 64 71 40 62
45 15 39 43 18 38 3
41 53 39 63 12 67 49
33 9 35 5 3 2 33
62 30 18 59 2 58 48
0 43 21 7 72 25 29
67 59 12 41 53 39 27
21 3 70 17 62 29 71
5 3 2 69 45 31 51
37 59 44 50 63 3 41
35 26 24 32 74 43 51
0 43 21 56 38 26 7
24 29 61 10 71 5 70
21 3 70 10 71 5 94
4 25 56 13 65 19 54
70 54 40 21 3 70 59
36 28 63 51 40 8 56
61 17 5 32 74 43 68
30 33 69 57 46 17 53
54 16 35 32 74 43 58
13 65 19 53 34 27 32
45 15 39 15 3 20 22
58 8 17 41 53 39 50
6 10 49 17 62 29 55
71 58 38 51 40 8 34
30 33 69 52 52 37 37
15 3 20 22 10 59 39
26 69 53 12 25 46 44
3 36 32 59 2 58 42
21 3 70 61 17 5 66
56 38 26 71 58 38 23
52 52 37 50 63 3 35
44 64 25 3 36 32 28
55 33 25 20 39 72 47
11 38 40 46 31 46 9
62 30 18 17 62 29 33
18 51 72 51 40 8 64
19 25 53 35 26 24 29
58 8 17 9 66 13 58
29 43 39 43 18 38 25
62 30 18 54 16 35 22
38 35 72 30 33 69 3
36 28 63 69 45 31 36
70 54 40 29 43 39 11
74 34 17 35 26 24 10
38 35 72 20 39 72 4
62 30 18 18 51 72 57
18 51 72 20 39 72 12
33 9 35 35 26 24 20
21 3 70 47 34 20 58
22 10 59 13 65 19 68
13 65 19 1 59 45 26
50 63 3 25 54 10 11
19 25 53 5 3 2 55
27 9 11 24 29 61 53
74 34 17 62 30 18 4
63 12 67 27 9 11 56
29 43 39 63 12 67 41
67 59 12 31 60 55 43
59 2 58 23 45 28 52
50 63 3 33 9 35 62
10 71 5 58 8 17 64
37 59 44 38 35 72 36
25 54 10 9 66 13 12
22 10 59 66 17 48 13
54 16 35 39 27 41 12
70 54 40 24 29 61 32
52 52 37 23 45 28 11
24 29 61 14 39 23 39
21 3 70 25 54 10 78
33 9 35 15 3 20 16
59 2 58 50 63 3 82
28 65 18 55 33 25 32
47 34 20 25 54 10 22
32 74 43 13 65 19 25
8 40 54 42 24 5 51
39 27 41 26 69 53 43
1 59 45 25 54 10 35
63 12 67 70 54 40 49
64 71 40 41 53 39 18
15 3 20 17 62 29 59
9 66 13 15 3 20 63
53 34 27 46 31 46 19
59 2 58 15 3 20 38
27 9 11 65 74 23 66
28 65 18 5 3 2 64
44 64 25 64 71 40 16
17 62 29 54 16 35 46
21 3 70 6 10 49 22
2 74 40 35 26 24 50
57 46 17 10 71 5 27
29 43 39 17 62 29 21
48 32 31 39 27 41 11
57 46 17 58 8 17 38
63 12 67 8 40 54 30
21 3 70 29 43 39 50
73 0 63 30 33 69 33
16 56 22 53 34 27 22
26 69 53 69 45 31 32
8 40 54 18 51 72 21
56 38 26 72 1 74 60
47 34 20 31 60 55 43
46 31 46 27 9 11 41
4 25 56 37 59 44 36
73 0 63 50 63 3 87
40 60 53 69 45 31 26
7 72 25 8 40 54 43
6 10 49 41 53 39 44
63 12 67 33 9 35 32
0 43 21 11 38 40 19
51 40 8 57 46 17 10
44 64 25 25 54 10 18
58 8 17 19 25 53 39
24 29 61 30 33 69 8
26 69 53 52 52 37 23
45 15 39 13 65 19 53
16 56 22 23 45 28 12
57 46 17 11 38 40 24
27 9 11 53 34 27 29
14 39 23 3 36 32 9
12 25 46 50 63 3 57
25 54 10 15 3 20 51
45 15 39 26 69 53 55
29 43 39 71 58 38 15
60 2 53 74 34 17 48
26 69 53 18 51 72 26
6 10 49 31 60 55 50
24 29 61 7 72 25 56
2 74 40 46 31 46 43
46 31 46 26 69 53 38
14 39 23 71 58 38 24
14 39 23 72 1 74 63
57 46 17 25 54 10 10
2 74 40 11 38 40 36
38 35 72 16 56 22 54
23 45 28 66 17 48 34
47 34 20 33 9 35 29
47 34 20 59 2 58 49
29 43 39 28 65 18 30
61 17 5 62 30 18 18
35 26 24 10 71 5 48
22 10 59 57 46 17 55
3 36 32 51 40 8 24
25 54 10 41 53 39 29
41 53 39 14 39 23 21
43 18 38 66 17 48 10
72 1 74 2 74 40 80
5 3 2 64 71 40 77
37 59 44 47 34 20 34
30 33 69 6 10 49 30
23 45 28 13 65 19 21
33 9 35 69 45 31 36
10 71 5 71 58 38 35
54 16 35 35 26 24 14
72 1 74 39 27 41 42
1 59 45 37 59 44 1
12 25 46 30 33 69 24
21 3 70 40 60 53 59
52 52 37 62 30 18 29
38 35 72 47 34 20 52
39 27 41 56 38 26 18
5 3 2 68 56 37 63
41 53 39 45 15 39 38
8 40 54 51 40 8 46
30 33 69 68 56 37 39
48 32 31 47 34 20 11
55 33 25 41 53 39 24
37 59 44 28 65 18 26
61 17 5 30 33 69 65
32 74 43 34 67 3 40
3 36 32 28 65 18 32
43 18 38 73 0 63 30
65 74 23 37 59 44 25
31 60 55 4 25 56 35
8 40 54 46 31 46 12
71 58 38 61 17 5 52
72 1 74 60 2 53 21
45 15 39 54 16 35 4
11 38 40 15 3 20 40
20 39 72 57 46 17 55
15 3 20 47 34 20 31
44 64 25 46 31 46 39
17 62 29 48 32 31 30
15 3 20 32 74 43 74
72 1 74 37 59 44 65
35 26 24 42 24 5 19
39 27 41 11 38 40 11
3 36 32 24 29 61 29
38 35 72 60 2 53 38
38 35 72 34 67 3 76
16 56 22 42 24 5 36
67 59 12 51 40 8 19
68 56 37 49 11 9 53
13 65 19 73 0 63 78
46 31 46 63 12 67 28
45 15 39 51 40 8 39
43 18 38 27 9 11 28
47 34 20 5 3 2 35
33 9 35 4 25 56 26
4 25 56 10 71 5 68
26 69 53 7 72 25 28
47 34 20 23 45 28 13
67 59 12 59 2 58 73
60 2 53 69 45 31 48
8 40 54 54 16 35 30
66 17 48 34 67 3 67
22 10 59 5 3 2 57
62 30 18 67 59 12 29
65 74 23 26 69 53 30
30 33 69 21 3 70 30
69 45 31 63 12 67 48
38 35 72 18 51 72 16
29 43 39 12 25 46 19
54 16 35 70 54 40 38
26 69 53 33 9 35 62
26 69 53 56 38 26 41
45 15 39 65 74 23 61
57 46 17 72 1 74 72
58 8 17 32 74 43 70
17 62 29 72 1 74 75
45 15 39 10 71 5 65
58 8 17 60 2 53 36
22 10 59 31 60 55 50
66 17 48 53 34 27 27