64 2016
56 0 19 26 3 27 8
26 3 27 37 46 35 43
57 54 48 34 49 49 5
0 40 11 50 54 43 34
0 40 11 12 40 30 19
39 26 21 55 4 23 22
63 10 14 10 30 52 42
23 58 45 59 47 20 27
50 54 43 21 31 12 38
4 28 48 51 19 47 9
8 32 61 56 0 19 52
7 44 27 20 49 61 34
1 59 34 46 5 15 57
39 26 21 41 33 4 18
18 2 15 5 35 24 34
23 58 45 50 54 43 4
29 50 33 12 40 30 10
4 28 48 42 53 38 26
27 29 3 47 7 62 62
18 2 15 19 35 40 41
55 4 23 21 31 12 29
17 27 25 49 12 40 21
15 22 0 56 0 19 29
29 50 33 23 58 45 14
48 0 27 46 5 15 13
1 59 34 57 54 48 14
37 46 35 31 62 43 17
19 35 40 17 27 25 17
57 54 48 45 51 19 29
25 8 21 33 14 3 18
21 31 12 23 58 45 42
9 23 58 7 44 27 37
41 33 4 26 3 27 37
44 52 35 45 51 19 16
45 51 19 6 27 11 25
41 33 4 33 14 3 19
31 62 43 6 27 11 47
1 59 34 38 5 57 58
4 28 48 3 51 28 30
33 14 3 42 53 38 52
3 51 28 12 40 30 11
0 40 11 45 51 19 13
15 22 0 41 33 4 11
46 5 15 35 33 18 28
24 1 47 11 1 19 28
2 57 20 17 27 25 30
52 16 21 56 0 19 16
28 56 34 59 47 20 16
52 16 21 35 33 18 17
10 30 52 35 33 18 34
23 58 45 34 49 49 9
54 56 55 34 49 49 9
34 49 49 11 1 19 56
55 4 23 19 35 40 35
13 44 21 41 33 4 20
24 1 47 44 52 35 52
21 31 12 46 5 15 26
60 48 37 29 50 33 4
0 40 11 56 0 19 40
33 14 3 12 40 30 37
5 35 24 10 30 52 28
47 7 62 36 0 59 7
43 41 46 45 51 19 28
56 0 19 3 51 28 51
52 16 21 7 44 27 28
37 46 35 35 33 18 21
62 29 34 16 51 9 33
15 22 0 25 8 21 25
18 2 15 39 26 21 24
23 58 45 18 2 15 63
21 31 12 36 0 59 56
49 12 40 46 5 15 25
35 33 18 49 12 40 30
1 59 34 62 29 34 30
24 1 47 46 5 15 32
42 53 38 57 54 48 10
58 34 22 19 35 40 18
63 10 14 24 1 47 34
46 5 15 60 48 37 48
18 2 15 42 53 38 55
30 39 36 40 38 53 17
49 12 40 13 44 21 37
60 48 37 54 56 55 19
43 41 46 14 3 17 47
61 52 33 50 54 43 10
52 16 21 10 30 52 34
42 53 38 41 33 4 39
60 48 37 6 27 11 33
49 12 40 29 50 33 38
43 41 46 30 39 36 10
17 27 25 30 39 36 16
37 46 35 42 53 38 7
3 51 28 57 54 48 20
39 26 21 12 40 30 16
62 29 34 32 34 17 17
15 22 0 7 44 27 34
54 56 55 38 5 57 51
56 0 19 41 33 4 36
36 0 59 42 53 38 57
1 59 34 20 49 61 28
50 54 43 7 44 27 18
42 53 38 6 27 11 37
51 19 47 26 3 27 25
25 8 21 52 16 21 8
4 28 48 44 52 35 27
19 35 40 47 7 62 35
40 38 53 17 27 25 30
16 51 9 22 8 5 43
28 56 34 51 19 47 39
25 8 21 37 46 35 40
24 1 47 29 50 33 50
19 35 40 63 10 14 36
50 54 43 13 44 21 24
54 56 55 62 29 34 34
54 56 55 10 30 52 26
4 28 48 47 7 62 25
38 5 57 24 1 47 10
7 44 27 34 49 49 22
48 0 27 55 4 23 5
53 9 17 20 49 61 59
60 48 37 21 31 12 30
15 22 0 54 56 55 64
11 1 19 22 8 5 15
29 50 33 48 0 27 50
10 30 52 58 34 22 30
30 39 36 25 8 21 34
45 51 19 37 46 35 16
3 51 28 45 51 19 9
35 33 18 32 34 17 1
57 54 48 51 19 47 35
36 0 59 19 35 40 39
34 49 49 16 51 9 40
3 51 28 16 51 9 19
42 53 38 46 5 15 53
9 23 58 56 0 19 45
37 46 35 50 54 43 11
31 62 43 46 5 15 63
51 19 47 48 0 27 27
32 34 17 55 4 23 30
55 4 23 44 52 35 49
38 5 57 34 49 49 44
5 35 24 0 40 11 13
20 49 61 45 51 19 42
56 0 19 57 54 48 61
3 51 28 30 39 36 14
52 16 21 38 5 57 37
28 56 34 14 3 17 55
60 48 37 13 44 21 16
33 14 3 29 50 33 46
16 51 9 54 56 55 46
18 2 15 22 8 5 11
45 51 19 56 0 19 51
34 49 49 50 54 43 7
58 34 22 20 49 61 41
36 0 59 24 1 47 12
31 62 43 26 3 27 61
15 22 0 14 3 17 25
61 52 33 34 49 49 16
57 54 48 5 35 24 30
27 29 3 13 44 21 23
15 22 0 1 59 34 50
9 23 58 51 19 47 11
33 14 3 60 48 37 48
53 9 17 62 29 34 26
54 56 55 49 12 40 46
40 38 53 42 53 38 21
45 51 19 28 56 34 15
34 49 49 49 12 40 38
41 33 4 7 44 27 25
3 51 28 11 1 19 50
12 40 30 8 32 61 32
39 26 21 4 28 48 27
33 14 3 58 34 22 27
43 41 46 59 47 20 26
3 51 28 44 52 35 7
56 0 19 47 7 62 43
21 31 12 18 2 15 29
6 27 11 1 59 34 39
3 51 28 21 31 12 25
33 14 3 20 49 61 67
10 30 52 30 39 36 18
50 54 43 28 56 34 9
8 32 61 48 0 27 46
38 5 57 4 28 48 24
31 62 43 57 54 48 9
16 51 9 32 34 17 18
38 5 57 44 52 35 51
56 0 19 43 41 46 49
52 16 21 34 49 49 43
36 0 59 22 8 5 54
38 5 57 23 58 45 54
43 41 46 22 8 5 52
24 1 47 12 40 30 42
18 2 15 0 40 11 38
37 46 35 39 26 21 24
35 33 18 9 23 58 41
4 28 48 49 12 40 17
48 0 27 58 34 22 34
18 2 15 46 5 15 3
21 31 12 6 27 11 4
17 27 25 25 8 21 19
24 1 47 15 22 0 51
18 2 15 37 46 35 48
1 59 34 53 9 17 52
22 8 5 58 34 22 31
10 30 52 20 49 61 21
48 0 27 57 54 48 57
31 62 43 2 57 20 23
56 0 19 31 62 43 66
31 62 43 19 35 40 27
39 26 21 22 8 5 24
53 9 17 35 33 18 24
41 33 4 18 2 15 32
42 53 38 45 51 19 19
28 56 34 57 54 48 14
8 32 61 23 58 45 30
59 47 20 51 19 47 38
34 49 49 59 47 20 29
27 29 3 15 22 0 7
44 52 35 12 40 30 13
28 56 34 7 44 27 13
54 56 55 25 8 21 58
37 46 35 47 7 62 47
24 1 47 32 34 17 44
59 47 20 0 40 11 11
40 38 53 45 51 19 36
13 44 21 32 34 17 10
4 28 48 7 44 27 26
55 4 23 30 39 36 37
30 39 36 49 12 40 27
28 56 34 27 29 3 41
11 1 19 36 0 59 40
21 31 12 38 5 57 51
37 46 35 60 48 37 2
63 10 14 51 19 47 34
38 5 57 29 50 33 51
51 19 47 15 22 0 47
34 49 49 18 2 15 58
11 1 19 18 2 15 4
47 7 62 8 32 61 25
20 49 61 37 46 35 26
5 35 24 28 56 34 23
6 27 11 25 8 21 21
21 31 12 53 9 17 22
16 51 9 57 54 48 39
36 0 59 5 35 24 49
4 28 48 30 39 36 16
18 2 15 10 30 52 46
63 10 14 30 39 36 36
6 27 11 38 5 57 50
26 3 27 57 54 48 55
2 57 20 40 38 53 38
43 41 46 19 35 40 8
56 0 19 11 1 19 1
9 23 58 43 41 46 21
17 27 25 26 3 27 24
50 54 43 8 32 61 28
18 2 15 20 49 61 65
16 51 9 19 35 40 34
63 10 14 42 53 38 49
30 39 36 37 46 35 7
10 30 52 19 35 40 13
60 48 37 45 51 19 18
26 3 27 18 2 15 12
5 35 24 50 54 43 26
42 53 38 3 51 28 10
0 40 11 63 10 14 30
26 3 27 10 30 52 36
44 52 35 9 23 58 37
41 33 4 9 23 58 54
14 3 17 13 44 21 41
33 14 3 19 35 40 42
5 35 24 42 53 38 22
25 8 21 38 5 57 36
53 9 17 63 10 14 3
54 56 55 14 3 17 65
50 54 43 10 30 52 25
27 29 3 41 33 4 4
47 7 62 31 62 43 58
22 8 5 27 29 3 21
11 1 19 0 40 11 39
38 5 57 33 14 3 54
63 10 14 37 46 35 41
17 27 25 62 29 34 9
59 47 20 50 54 43 24
39 26 21 34 49 49 36
6 27 11 10 30 52 41
11 1 19 16 51 9 50
37 46 35 22 8 5 48
36 0 59 63 10 14 46
24 1 47 61 52 33 52
44 52 35 33 14 3 49
27 29 3 38 5 57 59
62 29 34 12 40 30 11
6 27 11 48 0 27 31
5 35 24 34 49 49 28
62 29 34 13 44 21 19
59 47 20 58 34 22 13
41 33 4 16 51 9 18
3 51 28 26 3 27 48
30 39 36 24 1 47 39
13 44 21 61 52 33 14
19 35 40 24 1 47 34
8 32 61 18 2 15 54
0 40 11 27 29 3 13
20 49 61 38 5 57 44
40 38 53 19 35 40 13
29 50 33 47 7 62 51
61 52 33 6 27 11 33
19 35 40 37 46 35 12
31 62 43 50 54 43 8
56 0 19 13 44 21 44
39 26 21 33 14 3 21
2 57 20 45 51 19 6
0 40 11 17 27 25 19
33 14 3 30 39 36 41
18 2 15 61 52 33 53
43 41 46 11 1 19 48
24 1 47 45 51 19 57
9 23 58 13 44 21 42
61 52 33 0 40 11 25
8 32 61 58 34 22 39
59 47 20 21 31 12 17
15 22 0 12 40 30 34
16 51 9 29 50 33 24
8 32 61 40 38 53 10
45 51 19 36 0 59 64
32 34 17 49 12 40 31
58 34 22 0 40 11 12
40 38 53 27 29 3 50
11 1 19 30 39 36 41
4 28 48 18 2 15 42
47 7 62 57 54 48 49
34 49 49 13 44 21 28
55 4 23 36 0 59 36
35 33 18 15 22 0 21
50 54 43 14 3 17 57
3 51 28 62 29 34 22
0 40 11 4 28 48 38
15 22 0 11 1 19 28
60 48 37 40 38 53 18
54 56 55 28 56 34 21
1 59 34 60 48 37 11
53 9 17 36 0 59 42
9 23 58 12 40 30 32
63 10 14 62 29 34 27
63 10 14 55 4 23 10
1 59 34 2 57 20 14
15 22 0 59 47 20 32
28 56 34 60 48 37 8
34 49 49 36 0 59 50
43 41 46 44 52 35 15
50 54 43 49 12 40 42
46 5 15 22 8 5 10
26 3 27 32 34 17 32
13 44 21 38 5 57 53
38 5 57 12 40 30 44
6 27 11 4 28 48 37
5 35 24 32 34 17 7
20 49 61 52 16 21 51
62 29 34 0 40 11 25
22 8 5 48 0 27 23
40 38 53 18 2 15 52
57 54 48 50 54 43 5
2 57 20 57 54 48 28
10 30 52 33 14 3 51
36 0 59 23 58 45 59
32 34 17 27 29 3 14
36 0 59 15 22 0 62
39 26 21 63 10 14 17
33 14 3 7 44 27 38
21 31 12 32 34 17 5
45 51 19 7 44 27 10
56 0 19 24 1 47 28
7 44 27 37 46 35 8
58 34 22 14 3 17 31
58 34 22 25 8 21 26
28 56 34 25 8 21 49
29 50 33 11 1 19 50
26 3 27 47 7 62 35
45 51 19 18 2 15 49
37 46 35 62 29 34 17
32 34 17 52 16 21 18
17 27 25 27 29 3 22
0 40 11 31 62 43 38
45 51 19 23 58 45 26
21 31 12 12 40 30 20
53 9 17 45 51 19 42
2 57 20 54 56 55 35
3 51 28 33 14 3 44
43 41 46 13 44 21 25
28 56 34 39 26 21 32
19 35 40 48 0 27 37
14 3 17 48 0 27 10
58 34 22 47 7 62 48
41 33 4 8 32 61 57
26 3 27 1 59 34 56
51 19 47 43 41 46 22
3 51 28 61 52 33 5
62 29 34 48 0 27 29
61 52 33 54 56 55 22
5 35 24 22 8 5 33
26 3 27 24 1 47 20
10 30 52 24 1 47 29
59 47 20 40 38 53 34
47 7 62 5 35 24 47
11 1 19 21 31 12 30
16 51 9 50 54 43 34
25 8 21 61 52 33 45
4 28 48 9 23 58 11
41 33 4 45 51 19 23
20 49 61 23 58 45 18
63 10 14 46 5 15 5
57 54 48 9 23 58 32
23 58 45 13 44 21 27
58 34 22 63 10 14 25
46 5 15 47 7 62 47
60 48 37 31 62 43 15
17 27 25 50 54 43 32
37 46 35 6 27 11 30
7 44 27 21 31 12 19
8 32 61 54 56 55 24
14 3 17 62 29 34 31
18 2 15 47 7 62 47
24 1 47 39 26 21 36
13 44 21 26 3 27 41
40 38 53 62 29 34 21
7 44 27 46 5 15 40
49 12 40 14 3 17 24
30 39 36 19 35 40 5
50 54 43 43 41 46 13
23 58 45 39 26 21 40
29 50 33 34 49 49 16
29 50 33 20 49 61 28
44 52 35 56 0 19 54
29 50 33 6 27 11 31
58 34 22 6 27 11 13
46 5 15 29 50 33 48
19 35 40 39 26 21 21
1 59 34 42 53 38 7
34 49 49 40 38 53 11
55 4 23 61 52 33 49
2 57 20 10 30 52 41
21 31 12 16 51 9 20
31 62 43 29 50 33 15
28 56 34 29 50 33 6
63 10 14 21 31 12 21
45 51 19 46 5 15 46
26 3 27 45 51 19 48
53 9 17 43 41 46 43
49 12 40 10 30 52 21
60 48 37 57 54 48 12
11 1 19 7 44 27 43
9 23 58 49 12 40 21
27 29 3 48 0 27 37
43 41 46 40 38 53 7
51 19 47 49 12 40 9
33 14 3 57 54 48 60
47 7 62 11 1 19 43
33 14 3 14 3 17 17
14 3 17 22 8 5 13
25 8 21 39 26 21 18
3 51 28 22 8 5 48
62 29 34 24 1 47 30
9 23 58 15 22 0 58
31 62 43 12 40 30 25
61 52 33 9 23 58 38
57 54 48 29 50 33 15
62 29 34 56 0 19 32
60 48 37 22 8 5 51
17 27 25 23 58 45 36
35 33 18 12 40 30 13
60 48 37 7 44 27 10
43 41 46 12 40 30 16
4 28 48 46 5 15 40
50 54 43 1 59 34 10
30 39 36 48 0 27 40
61 52 33 15 22 0 44
2 57 20 18 2 15 55
14 3 17 37 46 35 46
55 4 23 62 29 34 27
19 35 40 49 12 40 23
22 8 5 25 8 21 16
51 19 47 16 51 9 49
25 8 21 45 51 19 43
30 39 36 61 52 33 13
55 4 23 11 1 19 5
60 48 37 42 53 38 5
47 7 62 53 9 17 45
6 27 11 44 52 35 34
16 51 9 15 22 0 30
33 14 3 34 49 49 57
26 3 27 49 12 40 15
16 51 9 38 5 57 66
6 27 11 3 51 28 29
2 57 20 23 58 45 25
43 41 46 5 35 24 22
0 40 11 51 19 47 41
45 51 19 1 59 34 17
32 34 17 46 5 15 29
61 52 33 31 62 43 14
13 44 21 3 51 28 9
19 35 40 54 56 55 25
40 38 53 35 33 18 35
45 51 19 15 22 0 34
51 19 47 11 1 19 33
11 1 19 58 34 22 33
53 9 17 25 8 21 4
59 47 20 48 0 27 47
9 23 58 52 16 21 37
0 40 11 16 51 9 11
6 27 11 11 1 19 27
10 30 52 1 59 34 34
10 30 52 41 33 4 48
33 14 3 53 9 17 14
37 46 35 51 19 47 29
30 39 36 29 50 33 11
13 44 21 57 54 48 28
19 35 40 9 23 58 21
61 52 33 22 8 5 52
62 29 34 61 52 33 23
61 52 33 56 0 19 53
1 59 34 48 0 27 59
38 5 57 49 12 40 18
55 4 23 33 14 3 22
17 27 25 39 26 21 4
0 40 11 3 51 28 20
63 10 14 1 59 34 52
2 57 20 47 7 62 65
23 58 45 35 33 18 36
27 29 3 31 62 43 51
32 34 17 61 52 33 24
63 10 14 23 58 45 57
62 29 34 39 26 21 13
8 32 61 27 29 3 58
11 1 19 54 56 55 65
10 30 52 55 4 23 38
46 5 15 6 27 11 22
53 9 17 61 52 33 45
10 30 52 34 49 49 19
40 38 53 20 49 61 13
43 41 46 62 29 34 16
25 8 21 36 0 59 38
11 1 19 42 53 38 55
16 51 9 39 26 21 27
38 5 57 10 30 52 25
1 59 34 55 4 23 56
51 19 47 40 38 53 19
21 31 12 61 52 33 29
0 40 11 37 46 35 24
17 27 25 41 33 4 21
12 40 30 5 35 24 7
58 34 22 31 62 43 35
42 53 38 54 56 55 17
30 39 36 44 52 35 13
35 33 18 38 5 57 48
8 32 61 3 51 28 38
2 57 20 24 1 47 62
17 27 25 11 1 19 26
21 31 12 1 59 34 35
20 49 61 36 0 59 49
38 5 57 47 7 62 5
22 8 5 15 22 0 14
17 27 25 14 3 17 25
41 33 4 43 41 46 42
23 58 45 5 35 24 31
63 10 14 7 44 27 36
30 39 36 28 56 34 17
61 52 33 2 57 20 13
29 50 33 13 44 21 13
7 44 27 36 0 59 54
40 38 53 52 16 21 38
57 54 48 8 32 61 25
1 59 34 28 56 34 3
30 39 36 26 3 27 37
55 4 23 35 33 18 29
35 33 18 27 29 3 15
45 51 19 49 12 40 44
29 50 33 53 9 17 44
39 26 21 47 7 62 45
7 44 27 43 41 46 19
3 51 28 60 48 37 9
16 51 9 42 53 38 29
0 40 11 54 56 55 46
10 30 52 40 38 53 8
3 51 28 17 27 25 24
35 33 18 20 49 61 45
8 32 61 37 46 35 29
45 51 19 50 54 43 24
13 44 21 35 33 18 11
46 5 15 34 49 49 55
50 54 43 9 23 58 34
21 31 12 34 49 49 41
15 22 0 57 54 48 57
58 34 22 4 28 48 26
44 52 35 49 12 40 40
47 7 62 59 47 20 58
8 32 61 11 1 19 52
39 26 21 30 39 36 19
37 46 35 61 52 33 6
11 1 19 23 58 45 62
58 34 22 49 12 40 28
54 56 55 35 33 18 43
53 9 17 56 0 19 9
22 8 5 47 7 62 57
48 0 27 5 35 24 35
40 38 53 48 0 27 46
50 54 43 15 22 0 53
54 56 55 40 38 53 18
19 35 40 6 27 11 30
54 56 55 18 2 15 67
36 0 59 51 19 47 22
24 1 47 28 56 34 56
11 1 19 61 52 33 52
34 49 49 3 51 28 21
25 8 21 56 0 19 8
55 4 23 18 2 15 8
27 29 3 29 50 33 36
63 10 14 43 41 46 44
50 54 43 63 10 14 52
32 34 17 25 8 21 26
62 29 34 57 54 48 28
46 5 15 0 40 11 35
36 0 59 32 34 17 54
34 49 49 24 1 47 48
12 40 30 4 28 48 21
41 33 4 28 56 34 37
38 5 57 61 52 33 52
1 59 34 22 8 5 58
41 33 4 44 52 35 36
49 12 40 55 4 23 18
3 51 28 28 56 34 7
17 27 25 63 10 14 20
14 3 17 3 51 28 49
27 29 3 60 48 37 38
36 0 59 37 46 35 51
61 52 33 36 0 59 58
37 46 35 58 34 22 17
58 34 22 45 51 19 17
7 44 27 31 62 43 24
12 40 30 7 44 27 5
8 32 61 34 49 49 20
20 49 61 51 19 47 33
5 35 24 2 57 20 22
14 3 17 31 62 43 64
2 57 20 52 16 21 41
51 19 47 62 29 34 16
21 31 12 37 46 35 27
10 30 52 16 51 9 47
49 12 40 5 35 24 28
5 35 24 46 5 15 31
18 2 15 9 23 58 47
20 49 61 46 5 15 63
13 44 21 12 40 30 9
49 12 40 41 33 4 41
20 49 61 63 10 14 61
29 50 33 63 10 14 44
58 34 22 57 54 48 32
38 5 57 42 53 38 51
28 56 34 37 46 35 10
41 33 4 14 3 17 32
51 19 47 47 7 62 19
14 3 17 56 0 19 3
10 30 52 29 50 33 27
5 35 24 3 51 28 16
48 0 27 18 2 15 12
3 51 28 59 47 20 8
26 3 27 12 40 30 37
1 59 34 25 8 21 52
63 10 14 14 3 17 7
26 3 27 52 16 21 14
52 16 21 27 29 3 22
7 44 27 6 27 11 23
18 2 15 35 33 18 31
42 53 38 61 52 33 5
14 3 17 51 19 47 34
63 10 14 44 52 35 46
61 52 33 4 28 48 28
33 14 3 21 31 12 19
48 0 27 2 57 20 57
47 7 62 35 33 18 51
55 4 23 28 56 34 53
59 47 20 11 1 19 46
58 34 22 3 51 28 18
51 19 47 34 49 49 30
2 57 20 28 56 34 14
6 27 11 15 22 0 12
56 0 19 55 4 23 5
63 10 14 45 51 19 41
52 16 21 45 51 19 35
58 34 22 24 1 47 41
52 16 21 51 19 47 26
11 1 19 45 51 19 50
12 40 30 41 33 4 26
51 19 47 29 50 33 34
37 46 35 48 0 27 46
40 38 53 41 33 4 49
40 38 53 7 44 27 26
9 23 58 48 0 27 38
10 30 52 39 26 21 31
44 52 35 22 8 5 53
33 14 3 31 62 43 62
32 34 17 45 51 19 17
49 12 40 6 27 11 32
50 54 43 12 40 30 19
19 35 40 14 3 17 39
42 53 38 19 35 40 18
42 53 38 9 23 58 36
4 28 48 56 0 19 40
30 39 36 18 2 15 42
23 58 45 41 33 4 48
36 0 59 2 57 20 69
6 27 11 30 39 36 27
10 30 52 48 0 27 39
2 57 20 53 9 17 48
25 8 21 29 50 33 43
27 29 3 12 40 30 29
38 5 57 45 51 19 59
53 9 17 8 32 61 49
31 62 43 51 19 47 43
9 23 58 63 10 14 45
49 12 40 11 1 19 23
11 1 19 12 40 30 40
8 32 61 30 39 36 25
5 35 24 9 23 58 36
10 30 52 37 46 35 23
15 22 0 18 2 15 25
35 33 18 24 1 47 43
63 10 14 3 51 28 43
18 2 15 52 16 21 15
11 1 19 5 35 24 34
5 35 24 4 28 48 25
13 44 21 37 46 35 14
44 52 35 51 19 47 35
54 56 55 45 51 19 36
40 38 53 63 10 14 48
61 52 33 19 35 40 18
63 10 14 32 34 17 24
29 50 33 39 26 21 26
57 54 48 20 49 61 13
17 27 25 24 1 47 34
15 22 0 49 12 40 41
52 16 21 6 27 11 14
9 23 58 60 48 37 32
22 8 5 62 29 34 35
46 5 15 37 46 35 45
59 47 20 63 10 14 37
31 62 43 8 32 61 34
35 33 18 33 14 3 24
31 62 43 18 2 15 66
6 27 11 59 47 20 21
36 0 59 38 5 57 5
34 49 49 28 56 34 16
21 31 12 10 30 52 40
55 4 23 17 27 25 23
22 8 5 57 54 48 62
28 56 34 46 5 15 54
45 51 19 39 26 21 25
2 57 20 49 12 40 49
49 12 40 52 16 21 19
54 56 55 48 0 27 62
45 51 19 48 0 27 51
63 10 14 22 8 5 9
19 35 40 1 59 34 24
52 16 21 54 56 55 52
5 35 24 60 48 37 18
49 12 40 28 56 34 44
22 8 5 26 3 27 22
53 9 17 60 48 37 43
13 44 21 55 4 23 40
55 4 23 14 3 17 6
23 58 45 14 3 17 61
30 39 36 21 31 12 25
36 0 59 39 26 21 46
7 44 27 32 34 17 14
57 54 48 12 40 30 22
22 8 5 17 27 25 27
59 47 20 26 3 27 44
32 34 17 59 47 20 13
4 28 48 25 8 21 33
2 57 20 59 47 20 10
13 44 21 36 0 59 58
7 44 27 56 0 19 44
9 23 58 34 49 49 27
59 47 20 62 29 34 22
63 10 14 34 49 49 52
41 33 4 24 1 47 53
31 62 43 42 53 38 10
26 3 27 9 23 58 36
4 28 48 15 22 0 48
12 40 30 23 58 45 23
32 34 17 57 54 48 36
14 3 17 47 7 62 45
56 0 19 16 51 9 51
45 51 19 30 39 36 20
46 5 15 52 16 21 12
33 14 3 52 16 21 18
47 7 62 43 41 46 37
27 29 3 10 30 52 49
48 0 27 25 8 21 10
53 9 17 15 22 0 21
53 9 17 37 46 35 41
33 14 3 62 29 34 34
20 49 61 24 1 47 50
43 41 46 17 27 25 25
56 0 19 37 46 35 48
4 28 48 37 46 35 22
36 0 59 4 28 48 30
53 9 17 28 56 34 49
29 50 33 61 52 33 2
55 4 23 22 8 5 18
19 35 40 44 52 35 17
35 33 18 56 0 19 33
27 29 3 24 1 47 52
1 59 34 44 52 35 7
9 23 58 28 56 34 40
57 54 48 53 9 17 54
38 5 57 5 35 24 44
37 46 35 32 34 17 21
34 49 49 4 28 48 21
40 38 53 16 51 9 45
51 19 47 50 54 43 35
43 41 46 35 33 18 29
6 27 11 53 9 17 18
62 29 34 25 8 21 24
9 23 58 37 46 35 32
7 44 27 49 12 40 34
4 28 48 11 1 19 39
34 49 49 0 40 11 39
4 28 48 2 57 20 40
21 31 12 22 8 5 24
3 51 28 46 5 15 47
11 1 19 20 49 61 63
19 35 40 22 8 5 44
19 35 40 32 34 17 23
62 29 34 35 33 18 16
6 27 11 5 35 24 15
9 23 58 36 0 59 23
58 34 22 30 39 36 14
47 7 62 6 27 11 54
20 49 61 13 44 21 40
4 28 48 40 38 53 11
52 16 21 5 35 24 19
58 34 22 53 9 17 25
50 54 43 58 34 22 29
26 3 27 63 10 14 14
5 35 24 45 51 19 16
35 33 18 50 54 43 32
27 29 3 21 31 12 9
46 5 15 55 4 23 8
16 51 9 30 39 36 29
60 48 37 52 16 21 35
20 49 61 6 27 11 54
17 27 25 33 14 3 25
51 19 47 18 2 15 36
20 49 61 26 3 27 57
29 50 33 8 32 61 33
16 51 9 31 62 43 35
36 0 59 33 14 3 57
17 27 25 46 5 15 24
35 33 18 5 35 24 6
59 47 20 35 33 18 14
55 4 23 45 51 19 47
28 56 34 43 41 46 19
28 56 34 21 31 12 33
40 38 53 14 3 17 50
47 7 62 21 31 12 55
53 9 17 16 51 9 42
15 22 0 58 34 22 25
59 47 20 52 16 21 31
60 48 37 2 57 20 19
25 8 21 24 1 47 26
48 0 27 7 44 27 44
0 40 11 33 14 3 27
25 8 21 59 47 20 39
33 14 3 59 47 20 37
34 49 49 55 4 23 51
26 3 27 44 52 35 49
12 40 30 6 27 11 23
6 27 11 57 54 48 45
33 14 3 51 19 47 44
44 52 35 23 58 45 11
54 56 55 46 5 15 64
34 49 49 41 33 4 47
55 4 23 24 1 47 24
17 27 25 9 23 58 33
11 1 19 28 56 34 57
10 30 52 47 7 62 25
31 62 43 21 31 12 43
23 58 45 43 41 46 17
21 31 12 0 40 11 9
52 16 21 36 0 59 41
56 0 19 39 26 21 26
26 3 27 15 22 0 33
42 53 38 15 22 0 49
48 0 27 0 40 11 43
52 16 21 44 52 35 38
25 8 21 41 33 4 30
20 49 61 48 0 27 59
29 50 33 0 40 11 24
42 53 38 10 30 52 26
52 16 21 30 39 36 27
55 4 23 57 54 48 55
41 33 4 35 33 18 14
51 19 47 25 8 21 28
60 48 37 44 52 35 4
38 5 57 18 2 15 42
21 31 12 29 50 33 28
56 0 19 60 48 37 51
50 54 43 6 27 11 41
40 38 53 39 26 21 34
54 56 55 13 44 21 36
4 28 48 35 33 18 30
4 28 48 57 54 48 26
42 53 38 25 8 21 48
42 53 38 52 16 21 40
23 58 45 42 53 38 8
41 33 4 55 4 23 34
38 5 57 56 0 19 38
16 51 9 47 7 62 68
60 48 37 51 19 47 30
34 49 49 32 34 17 35
2 57 20 0 40 11 19
54 56 55 27 29 3 58
34 49 49 56 0 19 57
3 51 28 9 23 58 41
30 39 36 38 5 57 39
38 5 57 2 57 20 63
9 23 58 32 34 17 42
47 7 62 3 51 28 55
12 40 30 19 35 40 11
13 44 21 59 47 20 3
27 29 3 16 51 9 22
50 54 43 53 9 17 51
35 33 18 0 40 11 9
10 30 52 57 54 48 24
38 5 57 32 34 17 49
8 32 61 63 10 14 51
14 3 17 11 1 19 2
39 26 21 15 22 0 21
40 38 53 23 58 45 21
14 3 17 1 59 34 58
27 29 3 59 47 20 24
47 7 62 60 48 37 48
15 22 0 29 50 33 43
31 62 43 28 56 34 10
35 33 18 51 19 47 32
0 40 11 28 56 34 28
46 5 15 19 35 40 39
24 1 47 40 38 53 37
58 34 22 29 50 33 19
42 53 38 14 3 17 54
32 34 17 17 27 25 10
47 7 62 0 40 11 60
11 1 19 38 5 57 38
17 27 25 28 56 34 30
9 23 58 11 1 19 44
19 35 40 20 49 61 25
6 27 11 33 14 3 15
4 28 48 32 34 17 31
22 8 5 54 56 55 69
62 29 34 49 12 40 18
30 39 36 41 33 4 32
14 3 17 20 49 61 63
35 33 18 25 8 21 25
48 0 27 38 5 57 30
12 40 30 63 10 14 34
8 32 61 28 56 34 36
9 23 58 59 47 20 44
60 48 37 20 49 61 24
41 33 4 11 1 19 35
17 27 25 54 56 55 41
44 52 35 5 35 24 20
32 34 17 11 1 19 33
28 56 34 13 44 21 17
32 34 17 42 53 38 28
8 32 61 24 1 47 34
26 3 27 14 3 17 10
7 44 27 3 51 28 7
26 3 27 62 29 34 26
40 38 53 29 50 33 23
17 27 25 31 62 43 39
10 30 52 53 9 17 40
23 58 45 56 0 19 63
38 5 57 62 29 34 33
62 29 34 7 44 27 16
11 1 19 19 35 40 39
6 27 11 26 3 27 28
38 5 57 3 51 28 54
63 10 14 56 0 19 11
34 49 49 48 0 27 53
13 44 21 11 1 19 43
17 27 25 8 32 61 36
6 27 11 24 1 47 44
48 0 27 49 12 40 17
58 34 22 43 41 46 25
62 29 34 19 35 40 8
38 5 57 22 8 5 52
26 3 27 21 31 12 31
62 29 34 11 1 19 31
21 31 12 35 33 18 6
59 47 20 31 62 43 27
2 57 20 14 3 17 54
47 7 62 9 23 58 16
27 29 3 4 28 48 45
8 32 61 59 47 20 43
44 52 35 28 56 34 4
20 49 61 32 34 17 46
44 52 35 21 31 12 31
3 51 28 32 34 17 20
38 5 57 46 5 15 42
46 5 15 62 29 34 30
44 52 35 62 29 34 23
8 32 61 15 22 0 61
46 5 15 33 14 3 15
23 58 45 19 35 40 23
29 50 33 59 47 20 13
15 22 0 46 5 15 22
11 1 19 35 33 18 32
36 0 59 44 52 35 57
10 30 52 12 40 30 24
26 3 27 39 26 21 23
42 53 38 34 49 49 11
31 62 43 4 28 48 34
39 26 21 2 57 20 31
6 27 11 41 33 4 9
39 26 21 21 31 12 10
8 32 61 36 0 59 32
53 9 17 31 62 43 59
25 8 21 46 5 15 6
13 44 21 21 31 12 15
32 34 17 56 0 19 34
53 9 17 24 1 47 31
37 46 35 34 49 49 14
27 29 3 5 35 24 21
12 40 30 46 5 15 38
26 3 27 8 32 61 44
34 49 49 31 62 43 14
25 8 21 21 31 12 24
44 52 35 53 9 17 46
30 39 36 62 29 34 10
17 27 25 18 2 15 26
44 52 35 46 5 15 51
48 0 27 47 7 62 35
9 23 58 25 8 21 39
15 22 0 32 34 17 20
30 39 36 56 0 19 42
0 40 11 55 4 23 37
17 27 25 7 44 27 17
19 35 40 41 33 4 36
25 8 21 3 51 28 43
30 39 36 12 40 30 6
8 32 61 55 4 23 47
45 51 19 4 28 48 37
5 35 24 63 10 14 26
22 8 5 6 27 11 19
13 44 21 46 5 15 39
34 49 49 12 40 30 21
61 52 33 58 34 22 21
19 35 40 56 0 19 40
39 26 21 14 3 17 23
5 35 24 56 0 19 35
33 14 3 8 32 61 60
5 35 24 29 50 33 17
12 40 30 1 59 34 19
27 29 3 30 39 36 34
15 22 0 43 41 46 49
23 58 45 62 29 34 31
42 53 38 2 57 20 18
16 51 9 23 58 45 36
19 35 40 13 44 21 21
50 54 43 39 26 21 35
50 54 43 41 33 4 44
52 16 21 17 27 25 11
62 29 34 21 31 12 22
14 3 17 52 16 21 13
41 33 4 20 49 61 59
50 54 43 36 0 59 56
6 27 11 2 57 20 31
57 54 48 59 47 20 28
35 33 18 3 51 28 20
61 52 33 1 59 34 7
49 12 40 16 51 9 49
46 5 15 30 39 36 39
18 2 15 25 8 21 8
27 29 3 46 5 15 26
14 3 17 53 9 17 6
9 23 58 16 51 9 56
0 40 11 44 52 35 26
11 1 19 53 9 17 8
35 33 18 57 54 48 36
3 51 28 54 56 55 27
57 54 48 61 52 33 15
49 12 40 57 54 48 42
25 8 21 26 3 27 7
3 51 28 20 49 61 33
27 29 3 36 0 59 63
23 58 45 9 23 58 37
41 33 4 36 0 59 64
16 51 9 1 59 34 26
41 33 4 37 46 35 33
45 51 19 29 50 33 14
58 34 22 56 0 19 34
53 9 17 41 33 4 27
1 59 34 59 47 20 18
63 10 14 61 52 33 46
25 8 21 11 1 19 7
28 56 34 38 5 57 55
40 38 53 15 22 0 55
54 56 55 9 23 58 33
24 1 47 52 16 21 30
14 3 17 16 51 9 48
55 4 23 31 62 43 61
57 54 48 46 5 15 59
16 51 9 24 1 47 62
14 3 17 5 35 24 32
60 48 37 23 58 45 12
8 32 61 45 51 19 46
11 1 19 1 59 34 59
1 59 34 24 1 47 59
16 51 9 28 56 34 25
50 54 43 54 56 55 12
57 54 48 36 0 59 55
24 1 47 22 8 5 42
6 27 11 63 10 14 17
52 16 21 62 29 34 18
49 12 40 25 8 21 19
14 3 17 34 49 49 56
49 12 40 23 58 45 46
43 41 46 36 0 59 43
5 35 24 21 31 12 12
38 5 57 59 47 20 55
60 48 37 12 40 30 10
23 58 45 54 56 55 10
28 56 34 33 14 3 52
0 40 11 30 39 36 25
22 8 5 28 56 34 56
34 49 49 35 33 18 34
59 47 20 44 52 35 15
8 32 61 60 48 37 28
11 1 19 39 26 21 25
38 5 57 19 35 40 34
20 49 61 15 22 0 66
43 41 46 60 48 37 11
48 0 27 60 48 37 49
46 5 15 26 3 27 12
53 9 17 39 26 21 17
48 0 27 56 0 19 8
7 44 27 18 2 15 43
35 33 18 2 57 20 24
58 34 22 26 3 27 31
36 0 59 35 33 18 52
15 22 0 17 27 25 25
33 14 3 15 22 0 8
33 14 3 43 41 46 50
49 12 40 53 9 17 23
57 54 48 54 56 55 7
51 19 47 1 59 34 42
51 19 47 42 53 38 35
9 23 58 27 29 3 55
52 16 21 41 33 4 24
38 5 57 51 19 47 17
21 31 12 48 0 27 34
23 58 45 55 4 23 58
39 26 21 3 51 28 25
38 5 57 15 22 0 59
53 9 17 18 2 15 7
2 57 20 22 8 5 51
33 14 3 23 58 45 60
23 58 45 58 34 22 33
40 38 53 26 3 27 43
48 0 27 24 1 47 20
50 54 43 32 34 17 32
44 52 35 37 46 35 6
44 52 35 31 62 43 12
49 12 40 12 40 30 29
16 51 9 36 0 59 71
53 9 17 32 34 17 25
11 1 19 26 3 27 8
56 0 19 33 14 3 21
46 5 15 61 52 33 50
12 40 30 42 53 38 15
7 44 27 14 3 17 42
40 38 53 38 5 57 33
59 47 20 45 51 19 4
43 41 46 29 50 33 15
36 0 59 58 34 22 50
51 19 47 39 26 21 26
13 44 21 8 32 61 41
6 27 11 9 23 58 47
29 50 33 9 23 58 36
55 4 23 38 5 57 34
6 27 11 54 56 55 52
45 51 19 47 7 62 61
34 49 49 45 51 19 30
1 59 34 39 26 21 35
36 0 59 17 27 25 43
40 38 53 0 40 11 42
11 1 19 10 30 52 43
50 54 43 20 49 61 18
63 10 14 15 22 0 18
18 2 15 27 29 3 29
10 30 52 14 3 17 44
27 29 3 7 44 27 28
22 8 5 50 54 43 59
59 47 20 30 39 36 17
45 51 19 19 35 40 26
20 49 61 47 7 62 42
58 34 22 28 56 34 25
59 47 20 49 12 40 40
16 51 9 8 32 61 55
51 19 47 30 39 36 22
51 19 47 10 30 52 12
4 28 48 8 32 61 13
18 2 15 56 0 19 4
20 49 61 17 27 25 42
21 31 12 14 3 17 28
2 57 20 9 23 58 50
37 46 35 15 22 0 42
63 10 14 47 7 62 48
57 54 48 7 44 27 23
59 47 20 20 49 61 41
32 34 17 54 56 55 43
41 33 4 48 0 27 40
55 4 23 42 53 38 51
10 30 52 3 51 28 31
34 49 49 25 8 21 49
63 10 14 35 33 18 23
23 58 45 25 8 21 55
20 49 61 43 41 46 17
54 56 55 7 44 27 30
50 54 43 25 8 21 50
0 40 11 23 58 45 38
55 4 23 51 19 47 28
50 54 43 29 50 33 10
29 50 33 32 34 17 22
53 9 17 40 38 53 46
22 8 5 59 47 20 41
16 51 9 26 3 27 51
48 0 27 13 44 21 44
9 23 58 21 31 12 46
50 54 43 40 38 53 18
1 59 34 4 28 48 34
14 3 17 0 40 11 37
52 16 21 47 7 62 41
26 3 27 54 56 55 59
43 41 46 6 27 11 37
4 28 48 10 30 52 4
49 12 40 56 0 19 24
15 22 0 60 48 37 45
14 3 17 45 51 19 48
0 40 11 25 8 21 33
4 28 48 19 35 40 10
61 52 33 47 7 62 53
53 9 17 52 16 21 8
33 14 3 11 1 19 20
24 1 47 7 44 27 47
60 48 37 61 52 33 5
5 35 24 41 33 4 20
21 31 12 45 51 19 21
28 56 34 56 0 19 57
7 44 27 16 51 9 19
44 52 35 35 33 18 25
33 14 3 9 23 58 55
43 41 46 24 1 47 40
54 56 55 44 52 35 20
29 50 33 22 8 5 50
4 28 48 29 50 33 26
48 0 27 28 56 34 56
49 12 40 27 29 3 40
21 31 12 49 12 40 33
0 40 11 8 32 61 50
23 58 45 52 16 21 48
7 44 27 1 59 34 16
1 59 34 41 33 4 39
41 33 4 4 28 48 44
43 41 46 42 53 38 14
2 57 20 20 49 61 41
44 52 35 42 53 38 3
20 49 61 9 23 58 26
25 8 21 43 41 46 41
38 5 57 41 33 4 59
60 48 37 11 1 19 50
58 34 22 54 56 55 39
7 44 27 22 8 5 42
54 56 55 53 9 17 60
6 27 11 32 34 17 9
37 46 35 17 27 25 21
30 39 36 50 54 43 16
36 0 59 54 56 55 56
9 23 58 38 5 57 18
34 49 49 47 7 62 43
21 31 12 54 56 55 49
61 52 33 27 29 3 37
13 44 21 31 62 43 28
44 52 35 32 34 17 25
16 51 9 6 27 11 24
55 4 23 29 50 33 47
5 35 24 55 4 23 31
42 53 38 30 39 36 14
27 29 3 19 35 40 37
31 62 43 23 58 45 4
20 49 61 28 56 34 27
43 41 46 55 4 23 43
13 44 21 40 38 53 32
61 52 33 26 3 27 49
19 35 40 0 40 11 29
10 30 52 60 48 37 23
60 48 37 25 8 21 43
0 40 11 60 48 37 27
26 3 27 23 58 45 57
46 5 15 16 51 9 46
44 52 35 27 29 3 39
5 35 24 61 52 33 19
37 46 35 57 54 48 15
36 0 59 56 0 19 40
2 57 20 12 40 30 19
20 49 61 12 40 30 32
41 33 4 46 5 15 30
9 23 58 31 62 43 41
30 39 36 54 56 55 25
52 16 21 61 52 33 37
5 35 24 26 3 27 32
46 5 15 59 47 20 42
9 23 58 10 30 52 9
45 51 19 17 27 25 24
36 0 59 12 40 30 49
0 40 11 36 0 59 62
47 7 62 25 8 21 41
25 8 21 55 4 23 4
17 27 25 60 48 37 24
13 44 21 0 40 11 10
20 49 61 34 49 49 12
16 51 9 61 52 33 24
19 35 40 5 35 24 16
33 14 3 18 2 15 16
53 9 17 51 19 47 31
52 16 21 8 32 61 43
20 49 61 22 8 5 69
31 62 43 40 38 53 26
57 54 48 63 10 14 55
23 58 45 48 0 27 60
1 59 34 49 12 40 47
63 10 14 16 51 9 41
26 3 27 29 50 33 47
0 40 11 10 30 52 42
17 27 25 35 33 18 9
59 47 20 4 28 48 33
61 52 33 28 56 34 4
24 1 47 37 46 35 46
6 27 11 34 49 49 43
35 33 18 14 3 17 30
4 28 48 17 27 25 23
47 7 62 13 44 21 55
43 41 46 52 16 21 35
26 3 27 55 4 23 4
51 19 47 61 52 33 35
37 46 35 43 41 46 12
59 47 20 36 0 59 61
62 29 34 60 48 37 19
44 52 35 50 54 43 8
24 1 47 42 53 38 52
49 12 40 43 41 46 29
34 49 49 44 52 35 14
51 19 47 58 34 22 29
18 2 15 6 27 11 25
19 35 40 2 57 20 29
54 56 55 41 33 4 55
40 38 53 44 52 35 22
34 49 49 26 3 27 50
29 50 33 3 51 28 5
60 48 37 26 3 27 46
26 3 27 36 0 59 32
7 44 27 51 19 47 32
7 44 27 8 32 61 36
11 1 19 63 10 14 10
43 41 46 0 40 11 35
63 10 14 18 2 15 8
35 33 18 45 51 19 18
53 9 17 23 58 45 56
22 8 5 4 28 48 47
4 28 48 13 44 21 31
7 44 27 13 44 21 6
15 22 0 44 52 35 46
6 27 11 14 3 17 24
4 28 48 53 9 17 36
28 56 34 26 3 27 53
4 28 48 52 16 21 29
3 51 28 23 58 45 18
42 53 38 58 34 22 24
62 29 34 42 53 38 24
27 29 3 2 57 20 32
50 54 43 4 28 48 26
28 56 34 40 38 53 26
30 39 36 1 59 34 20
20 49 61 49 12 40 42
17 27 25 51 19 47 23
2 57 20 44 52 35 15
35 33 18 22 8 5 28
50 54 43 19 35 40 19
11 1 19 27 29 3 32
44 52 35 10 30 52 27
21 31 12 57 54 48 42
32 34 17 43 41 46 29
44 52 35 13 44 21 16
33 14 3 45 51 19 40
41 33 4 3 51 28 30
10 30 52 25 8 21 38
46 5 15 14 3 17 2
47 7 62 30 39 36 41
5 35 24 1 59 34 26
59 47 20 24 1 47 53
25 8 21 44 52 35 46
17 27 25 42 53 38 29
52 16 21 39 26 21 10
24 1 47 54 56 55 55
44 52 35 11 1 19 53
53 9 17 26 3 27 11
41 33 4 59 47 20 21
31 62 43 38 5 57 58
30 39 36 23 58 45 21
40 38 53 12 40 30 23
21 31 12 4 28 48 36
0 40 11 7 44 27 16
55 4 23 54 56 55 61
55 4 23 59 47 20 43
28 56 34 15 22 0 48
50 54 43 11 1 19 58
32 34 17 51 19 47 33
31 62 43 32 34 17 38
13 44 21 39 26 21 18
56 0 19 2 57 20 57
44 52 35 20 49 61 26
38 5 57 50 54 43 50
58 34 22 34 49 49 30
25 8 21 12 40 30 33
0 40 11 53 9 17 31
3 51 28 55 4 23 47
17 27 25 53 9 17 19
1 59 34 23 58 45 11
26 3 27 48 0 27 3
21 31 12 41 33 4 8
47 7 62 17 27 25 42
13 44 21 24 1 47 50
31 62 43 41 33 4 48
43 41 46 27 29 3 44
48 0 27 44 52 35 52
33 14 3 26 3 27 26
46 5 15 43 41 46 47
56 0 19 27 29 3 33
45 51 19 31 62 43 26
63 10 14 2 57 20 47
31 62 43 11 1 19 65
15 22 0 19 35 40 42
38 5 57 0 40 11 57
47 7 62 7 44 27 50
36 0 59 40 38 53 38
30 39 36 57 54 48 19
32 34 17 60 48 37 24
21 31 12 40 38 53 41
12 40 30 28 56 34 16
7 44 27 2 57 20 14
54 56 55 31 62 43 13
34 49 49 1 59 34 18
53 9 17 55 4 23 7
61 52 33 20 49 61 28
47 7 62 44 52 35 52
14 3 17 9 23 58 45
60 48 37 49 12 40 36
24 1 47 3 51 28 53
8 32 61 46 5 15 53
15 22 0 5 35 24 27
19 35 40 53 9 17 34
7 44 27 44 52 35 11
35 33 18 8 32 61 43
10 30 52 17 27 25 27
49 12 40 39 26 21 23
53 9 17 12 40 30 33
47 7 62 41 33 4 63
44 52 35 8 32 61 32
44 52 35 58 34 22 22
60 48 37 35 33 18 24
32 34 17 48 0 27 35
63 10 14 52 16 21 9
16 51 9 17 27 25 28
53 9 17 59 47 20 38
8 32 61 43 41 46 17
23 58 45 22 8 5 64
53 9 17 38 5 57 40
35 33 18 42 53 38 28
21 31 12 19 35 40 28
48 0 27 36 0 59 32
29 50 33 14 3 17 49
35 33 18 58 34 22 4
54 56 55 1 59 34 21
16 51 9 43 41 46 38
20 49 61 55 4 23 58
43 41 46 10 30 52 12
54 56 55 59 47 20 36
60 48 37 30 39 36 9
18 2 15 59 47 20 45
37 46 35 40 38 53 19
31 62 43 48 0 27 64
42 53 38 0 40 11 29
22 8 5 32 34 17 28
35 33 18 1 59 34 30
27 29 3 23 58 45 51
53 9 17 3 51 28 43
39 26 21 57 54 48 38
43 41 46 2 57 20 30
50 54 43 2 57 20 23
2 57 20 37 46 35 18
22 8 5 41 33 4 25
7 44 27 55 4 23 40
53 9 17 46 5 15 4
25 8 21 16 51 9 44
45 51 19 22 8 5 45
13 44 21 18 2 15 42
56 0 19 59 47 20 47
23 58 45 32 34 17 36
61 52 33 14 3 17 51
62 29 34 15 22 0 34
7 44 27 29 50 33 8
18 2 15 50 54 43 59
24 1 47 4 28 48 27
2 57 20 16 51 9 12
62 29 34 10 30 52 18
2 57 20 15 22 0 40
23 58 45 37 46 35 15
33 14 3 32 34 17 24
27 29 3 63 10 14 21
47 7 62 15 22 0 63
40 38 53 49 12 40 29
33 14 3 50 54 43 56
52 16 21 57 54 48 46
62 29 34 4 28 48 14
53 9 17 13 44 21 35
6 27 11 27 29 3 8
58 34 22 13 44 21 10
62 29 34 27 29 3 31
12 40 30 59 47 20 12
42 53 38 39 26 21 31
21 31 12 17 27 25 13
61 52 33 49 12 40 40
50 54 43 56 0 19 59
15 22 0 48 0 27 34
59 47 20 39 26 21 21
21 31 12 43 41 46 35
35 33 18 48 0 27 34
50 54 43 42 53 38 5
5 35 24 8 32 61 37
24 1 47 31 62 43 61
56 0 19 21 31 12 31
22 8 5 42 53 38 55
54 56 55 20 49 61 9
43 41 46 34 49 49 8
4 28 48 28 56 34 31
28 56 34 47 7 62 56
39 26 21 60 48 37 27
38 5 57 58 34 22 45
25 8 21 40 38 53 43
42 53 38 53 9 17 48
45 51 19 61 52 33 14
45 51 19 27 29 3 27
38 5 57 17 27 25 38
49 12 40 3 51 28 40
62 29 34 34 49 49 25
23 58 45 6 27 11 46
27 29 3 34 49 49 50
29 50 33 36 0 59 56
22 8 5 10 30 52 51
10 30 52 56 0 19 44
11 1 19 46 5 15 5
28 56 34 35 33 18 28
61 52 33 39 26 21 28
22 8 5 52 16 21 17
39 26 21 9 23 58 37
17 27 25 59 47 20 20
40 38 53 32 34 17 36
40 38 53 61 52 33 24
33 14 3 22 8 5 6
9 23 58 58 34 22 37
0 40 11 26 3 27 40
34 49 49 19 35 40 16
7 44 27 53 9 17 36
63 10 14 13 44 21 34
42 53 38 7 44 27 14
11 1 19 52 16 21 15
33 14 3 4 28 48 47
38 5 57 43 41 46 37
17 27 25 1 59 34 33
27 29 3 55 4 23 32
22 8 5 40 38 53 56
6 27 11 0 40 11 13
16 51 9 48 0 27 54
53 9 17 27 29 3 24
19 35 40 51 19 47 17
4 28 48 63 10 14 38
25 8 21 7 44 27 36
41 33 4 32 34 17 13
55 4 23 9 23 58 39
28 56 34 32 34 17 27
59 47 20 16 51 9 11
31 62 43 52 16 21 50
46 5 15 56 0 19 6
2 57 20 21 31 12 27
18 2 15 44 52 35 53
11 1 19 37 46 35 47
54 56 55 51 19 47 37
39 26 21 31 62 43 42
35 33 18 7 44 27 14
9 23 58 0 40 11 49
7 44 27 39 26 21 18
27 29 3 33 14 3 15
36 0 59 14 3 17 42
18 2 15 28 56 34 57
14 3 17 4 28 48 39
60 48 37 58 34 22 20
22 8 5 12 40 30 40
6 27 11 28 56 34 37
14 3 17 57 54 48 59
12 40 30 55 4 23 36
55 4 23 16 51 9 49
20 49 61 4 28 48 24
6 27 11 55 4 23 25
2 57 20 46 5 15 52
56 0 19 22 8 5 16
4 28 48 54 56 55 28
48 0 27 42 53 38 54
8 32 61 10 30 52 9
14 3 17 60 48 37 49
30 39 36 35 33 18 18
53 9 17 9 23 58 43
28 56 34 62 29 34 27
53 9 17 30 39 36 35
29 50 33 42 53 38 5
8 32 61 14 3 17 52
43 41 46 48 0 27 45
17 27 25 58 34 22 7
46 5 15 10 30 52 44
24 1 47 33 14 3 45
43 41 46 61 52 33 17
32 34 17 0 40 11 8
47 7 62 62 29 34 35
9 23 58 30 39 36 27
28 56 34 42 53 38 5
20 49 61 39 26 21 46
55 4 23 40 38 53 45
0 40 11 41 33 4 9
15 22 0 13 44 21 30
13 44 21 30 39 36 15
27 29 3 14 3 17 29
11 1 19 57 54 48 60
56 0 19 17 27 25 27
38 5 57 37 46 35 46
52 16 21 16 51 9 37
45 51 19 13 44 21 7
42 53 38 13 44 21 19
62 29 34 29 50 33 21
31 62 43 20 49 61 22
5 35 24 16 51 9 21
50 54 43 27 29 3 47
27 29 3 58 34 22 19
23 58 45 28 56 34 11
30 39 36 15 22 0 39
57 54 48 0 40 11 39
57 54 48 17 27 25 35
3 51 28 43 41 46 20
3 51 28 37 46 35 8
3 51 28 19 35 40 20
54 56 55 47 7 62 49
19 35 40 52 16 21 26
46 5 15 36 0 59 44
55 4 23 2 57 20 53
8 32 61 2 57 20 48
18 2 15 62 29 34 33
13 44 21 51 19 47 36
6 27 11 36 0 59 55
4 28 48 60 48 37 22
40 38 53 46 5 15 50
29 50 33 52 16 21 36
20 49 61 21 31 12 52
36 0 59 31 62 43 64
3 51 28 31 62 43 18
21 31 12 24 1 47 46
25 8 21 31 62 43 58
39 26 21 58 34 22 8
5 35 24 24 1 47 41
31 62 43 10 30 52 33
59 47 20 61 52 33 13
14 3 17 30 39 36 40
21 31 12 58 34 22 10
0 40 11 15 22 0 21
12 40 30 48 0 27 40
38 5 57 7 44 27 49
1 59 34 52 16 21 44
8 32 61 61 52 33 34
15 22 0 10 30 52 52
4 28 48 23 58 45 30
12 40 30 45 51 19 15
32 34 17 18 2 15 32
14 3 17 12 40 30 39
38 5 57 14 3 17 40
1 59 34 36 0 59 64
27 29 3 3 51 28 33
54 56 55 5 35 24 37
22 8 5 30 39 36 43
31 62 43 35 33 18 38
61 52 33 12 40 30 12
12 40 30 18 2 15 40
12 40 30 51 19 47 27
41 33 4 61 52 33 34
5 35 24 17 27 25 8
26 3 27 4 28 48 32
41 33 4 2 57 20 28
40 38 53 11 1 19 50
19 35 40 26 3 27 34
18 2 15 36 0 59 44
56 0 19 6 27 11 28
12 40 30 32 34 17 14
12 40 30 47 7 62 45
16 51 9 35 33 18 20
53 9 17 22 8 5 12
58 34 22 7 44 27 11
5 35 24 13 44 21 9
8 32 61 19 35 40 21
58 34 22 16 51 9 21
46 5 15 23 58 45 60
37 46 35 29 50 33 4
35 33 18 26 3 27 31
40 38 53 33 14 3 55
21 31 12 42 53 38 34
26 3 27 43 41 46 42
63 10 14 41 33 4 25
2 57 20 32 34 17 23
37 46 35 55 4 23 43
18 2 15 1 59 34 60
39 26 21 0 40 11 17
40 38 53 58 34 22 31
2 57 20 25 8 21 49
33 14 3 48 0 27 27
63 10 14 60 48 37 44
33 14 3 5 35 24 29
38 5 57 39 26 21 41
29 50 33 35 33 18 22
9 23 58 62 29 34 24
18 2 15 3 51 28 50
5 35 24 30 39 36 12
58 34 22 5 35 24 2
8 32 61 9 23 58 9
57 54 48 38 5 57 49
50 54 43 24 1 47 53
37 46 35 52 16 21 33
40 38 53 57 54 48 16
50 54 43 26 3 27 53
17 27 25 6 27 11 14
20 49 61 25 8 21 57
54 56 55 43 41 46 17
22 8 5 8 32 61 60
48 0 27 39 26 21 26
32 34 17 39 26 21 8
38 5 57 8 32 61 27
62 29 34 20 49 61 33
41 33 4 57 54 48 48
32 34 17 58 34 22 5
51 19 47 41 33 4 45
8 32 61 1 59 34 38
27 29 3 37 46 35 36
19 35 40 57 54 48 20
42 53 38 56 0 19 56
61 52 33 10 30 52 29
10 30 52 45 51 19 39
39 26 21 35 33 18 7
54 56 55 12 40 30 29
21 31 12 8 32 61 49
29 50 33 54 56 55 22
33 14 3 2 57 20 46
28 56 34 63 10 14 50
31 62 43 49 12 40 50
22 8 5 0 40 11 32
49 12 40 63 10 14 26
24 1 47 57 54 48 53
4 28 48 55 4 23 34
1 59 34 37 46 35 13
6 27 11 39 26 21 10
7 44 27 59 47 20 7
8 32 61 42 53 38 31
52 16 21 55 4 23 12
54 56 55 39 26 21 45
0 40 11 20 49 61 50
57 54 48 18 2 15 61
0 40 11 49 12 40 40
32 34 17 8 32 61 44
57 54 48 44 52 35 13
12 40 30 37 46 35 7
1 59 34 3 51 28 10
58 34 22 62 29 34 13
24 1 47 47 7 62 16
1 59 34 33 14 3 54
18 2 15 49 12 40 26
5 35 24 39 26 21 9
18 2 15 24 1 47 32
32 34 17 10 30 52 35
46 5 15 51 19 47 34
30 39 36 36 0 59 45
22 8 5 31 62 43 66
29 50 33 19 35 40 16
47 7 62 42 53 38 51
42 53 38 20 49 61 23
49 12 40 22 8 5 35
19 35 40 35 33 18 22
56 0 19 1 59 34 60
19 35 40 59 47 20 23
24 1 47 23 58 45 57
62 29 34 31 62 43 34
51 19 47 45 51 19 42
14 3 17 18 2 15 2
63 10 14 25 8 21 7
34 49 49 15 22 0 55
26 3 27 2 57 20 54
40 38 53 47 7 62 32
5 35 24 7 44 27 9
17 27 25 34 49 49 32
10 30 52 28 56 34 31
25 8 21 57 54 48 53
27 29 3 39 26 21 18
52 16 21 12 40 30 25
31 62 43 15 22 0 58
20 49 61 30 39 36 26
15 22 0 3 51 28 40
43 41 46 57 54 48 13
27 29 3 1 59 34 43
39 26 21 43 41 46 29
60 48 37 50 54 43 8
23 58 45 61 52 33 13
39 26 21 44 52 35 29
16 51 9 18 2 15 49
3 51 28 50 54 43 15
13 44 21 10 30 52 34
0 40 11 1 59 34 29
24 1 47 14 3 17 30
25 8 21 14 3 17 6
46 5 15 39 26 21 21
47 7 62 49 12 40 22
59 47 20 10 30 52 36
6 27 11 62 29 34 23
16 51 9 4 28 48 45
43 41 46 31 62 43 21
60 48 37 34 49 49 12
51 19 47 56 0 19 33
29 50 33 18 2 15 51
14 3 17 44 52 35 52
58 34 22 55 4 23 30
2 57 20 34 49 49 30
60 48 37 59 47 20 17
26 3 27 7 44 27 41
12 40 30 56 0 19 41
8 32 61 20 49 61 17
45 51 19 9 23 58 48
47 7 62 33 14 3 59
60 48 37 55 4 23 46
17 27 25 13 44 21 17
51 19 47 21 31 12 37
43 41 46 18 2 15 49
56 0 19 29 50 33 51
40 38 53 9 23 58 15
34 49 49 22 8 5 60
45 51 19 62 29 34 26
20 49 61 27 29 3 61
1 59 34 32 34 17 30
35 33 18 6 27 11 9
45 51 19 16 51 9 10
41 33 4 29 50 33 33
52 16 21 15 22 0 21
2 57 20 29 50 33 14
46 5 15 50 54 43 56
50 54 43 52 16 21 43
46 5 15 58 34 22 29
51 19 47 5 35 24 28
26 3 27 42 53 38 51
48 0 27 50 54 43 56
17 27 25 12 40 30 13
3 51 28 52 16 21 35
44 52 35 16 51 9 26
25 8 21 19 35 40 33
56 0 19 54 56 55 66
39 26 21 8 32 61 40
60 48 37 18 2 15 50
24 1 47 51 19 47 18
52 16 21 21 31 12 17
58 34 22 1 59 34 27
59 47 20 42 53 38 18
6 27 11 8 32 61 50
60 48 37 38 5 57 47
10 30 52 36 0 59 30
56 0 19 20 49 61 64
8 32 61 62 29 34 27
8 32 61 51 19 47 19
54 56 55 37 46 35 22
32 34 17 14 3 17 31
58 34 22 2 57 20 23
27 29 3 25 8 21 27
20 49 61 16 51 9 52
48 0 27 63 10 14 16
57 54 48 23 58 45 5
15 22 0 23 58 45 57
53 9 17 34 49 49 51
28 56 34 19 35 40 21
23 58 45 10 30 52 28
6 27 11 51 19 47 36
2 57 20 13 44 21 13
25 8 21 13 44 21 36
3 51 28 2 57 20 10
2 57 20 11 1 19 56
25 8 21 8 32 61 46
36 0 59 28 56 34 61
33 14 3 63 10 14 11
55 4 23 47 7 62 39
5 35 24 62 29 34 11
49 12 40 37 46 35 34
51 19 47 27 29 3 45
2 57 20 62 29 34 31
22 8 5 13 44 21 39
51 19 47 22 8 5 43
1 59 34 40 38 53 28
41 33 4 58 34 22 18
60 48 37 19 35 40 13
29 50 33 44 52 35 2
33 14 3 61 52 33 48
26 3 27 27 29 3 35
61 52 33 48 0 27 52
27 29 3 57 54 48 51
37 46 35 5 35 24 15
3 51 28 40 38 53 28
29 50 33 17 27 25 24
6 27 11 40 38 53 43
17 27 25 61 52 33 26
59 47 20 14 3 17 44
9 23 58 24 1 47 24
1 59 34 31 62 43 9
24 1 47 60 48 37 48
1 59 34 29 50 33 9
36 0 59 3 51 28 59
49 12 40 24 1 47 13
40 38 53 5 35 24 29
33 14 3 16 51 9 37
18 2 15 58 34 22 32
13 44 21 52 16 21 28
63 10 14 54 56 55 61
54 56 55 33 14 3 66
44 52 35 17 27 25 26
23 58 45 51 19 47 39
0 40 11 52 16 21 26
9 23 58 1 59 34 43
43 41 46 4 28 48 13
7 44 27 61 52 33 10
50 54 43 62 29 34 26
7 44 27 23 58 45 22
7 44 27 19 35 40 15
33 14 3 13 44 21 34
3 51 28 48 0 27 51
16 51 9 12 40 30 23
48 0 27 52 16 21 17
46 5 15 9 23 58 46
51 19 47 3 51 28 37
47 7 62 23 58 45 53
37 46 35 59 47 20 15
31 62 43 30 39 36 24
60 48 37 36 0 59 52
28 56 34 52 16 21 42
34 49 49 30 39 36 16
38 5 57 26 3 27 30
42 53 38 27 29 3 42
37 46 35 16 51 9 26
22 8 5 9 23 58 55
55 4 23 50 54 43 53
13 44 21 6 27 11 19
58 34 22 12 40 30 10
15 22 0 55 4 23 29
35 33 18 61 52 33 24
44 52 35 61 52 33 2
47 7 62 1 59 34 59
33 14 3 49 12 40 37
47 7 62 50 54 43 50
30 39 36 2 57 20 24
48 0 27 11 1 19 8
16 51 9 13 44 21 13
43 41 46 1 59 34 21
0 40 11 24 1 47 53
30 39 36 7 44 27 10
37 46 35 33 14 3 45
5 35 24 20 49 61 39
30 39 36 32 34 17 19
25 8 21 5 35 24 27
49 12 40 36 0 59 22
7 44 27 10 30 52 28
31 62 43 63 10 14 59
51 19 47 2 57 20 46
47 7 62 32 34 17 52
49 12 40 8 32 61 29
49 12 40 42 53 38 41
31 62 43 5 35 24 33
59 47 20 5 35 24 12
40 38 53 56 0 19 50
17 27 25 48 0 27 27
36 0 59 62 29 34 38
53 9 17 5 35 24 26
48 0 27 53 9 17 13
4 28 48 48 0 27 35
38 5 57 63 10 14 43
60 48 37 41 33 4 36
52 16 21 58 34 22 18
15 22 0 21 31 12 15
1 59 34 13 44 21 19
60 48 37 16 51 9 28
62 29 34 41 33 4 30