49 1176
12 42 32 32 44 12 20
9 12 34 18 16 24 10
34 42 19 40 34 16 8
10 42 37 22 5 8 47
40 34 16 28 12 9 23
34 42 19 21 0 33 44
2 40 42 1 39 47 5
38 40 6 3 35 32 26
32 44 12 7 38 37 25
44 7 19 37 30 37 29
12 42 32 30 8 18 36
8 9 3 9 12 34 31
10 42 37 30 8 18 38
48 37 47 39 7 27 36
1 39 47 38 40 6 41
39 7 27 4 38 26 31
43 40 30 44 7 19 34
25 9 36 4 38 26 30
25 9 36 43 40 30 31
48 37 47 2 40 42 5
45 0 19 44 7 19 7
28 12 9 47 17 48 39
6 2 40 7 38 37 36
39 7 27 17 43 22 36
16 19 6 28 12 9 7
3 35 32 12 42 32 7
19 31 17 27 22 13 9
22 5 8 33 3 31 23
44 7 19 27 22 13 16
2 40 42 8 9 3 49
7 38 37 18 16 24 25
47 17 48 38 40 6 47
16 19 6 12 42 32 34
38 40 6 4 38 26 20
13 38 39 38 40 6 33
1 39 47 20 25 33 19
41 36 18 26 15 8 23
22 5 8 38 40 6 35
7 38 37 24 22 32 16
30 8 18 25 9 36 18
13 38 39 25 9 36 29
35 24 13 17 43 22 21
5 38 3 28 12 9 26
16 19 6 8 9 3 10
0 22 15 43 40 30 23
36 47 21 11 37 20 10
43 40 30 10 42 37 7
32 44 12 20 25 33 28
30 8 18 5 38 3 33
13 38 39 17 43 22 17
29 0 31 13 38 39 38
45 0 19 21 0 33 14
5 38 3 14 6 20 36
35 24 13 44 7 19 18
39 7 27 37 30 37 25
45 0 19 42 44 42 49
9 12 34 7 38 37 26
9 12 34 20 25 33 13
5 38 3 2 40 42 39
41 36 18 11 37 20 2
20 25 33 24 22 32 3
47 17 48 18 16 24 24
1 39 47 33 3 31 39
39 7 27 38 40 6 39
11 37 20 27 22 13 16
40 34 16 8 9 3 28
44 7 19 17 43 22 36
15 8 39 32 44 12 45
28 12 9 22 5 8 7
12 42 32 15 8 39 34
46 37 37 11 37 20 17
27 22 13 24 22 32 19
26 15 8 42 44 42 44
38 40 6 33 3 31 44
21 0 33 48 37 47 39
44 7 19 32 44 12 37
33 3 31 42 44 42 42
15 8 39 9 12 34 6
27 22 13 32 44 12 22
14 6 20 15 8 39 19
18 16 24 44 7 19 10
20 25 33 34 42 19 22
10 42 37 28 12 9 41
33 3 31 4 38 26 35
15 8 39 19 31 17 31
40 34 16 48 37 47 31
6 2 40 27 22 13 33
22 5 8 43 40 30 41
32 44 12 11 37 20 10
25 9 36 22 5 8 28
0 22 15 7 38 37 27
11 37 20 20 25 33 17
23 19 36 3 35 32 16
19 31 17 44 7 19 24
45 0 19 36 47 21 47
27 22 13 45 0 19 22
8 9 3 33 3 31 28
29 0 31 4 38 26 38
39 7 27 8 9 3 24
46 37 37 35 24 13 27
3 35 32 27 22 13 23
4 38 26 20 25 33 14
46 37 37 34 42 19 18
10 42 37 2 40 42 5
17 43 22 7 38 37 15
45 0 19 22 5 8 12
0 22 15 26 15 8 9
39 7 27 16 19 6 24
14 6 20 47 17 48 30
22 5 8 34 42 19 38
1 39 47 0 22 15 36
43 40 30 17 43 22 8
29 0 31 48 37 47 40
48 37 47 26 15 8 44
10 42 37 11 37 20 17
34 42 19 16 19 6 26
42 44 42 1 39 47 7
15 8 39 40 34 16 34
22 5 8 46 37 37 43
35 24 13 48 37 47 36
33 3 31 10 42 37 39
10 42 37 6 2 40 40
9 12 34 41 36 18 28
33 3 31 0 22 15 24
6 2 40 9 12 34 11
41 36 18 12 42 32 15
12 42 32 14 6 20 37
38 40 6 10 42 37 31
47 17 48 3 35 32 24
35 24 13 18 16 24 13
41 36 18 27 22 13 14
8 9 3 29 0 31 29
34 42 19 47 17 48 38
8 9 3 3 35 32 38
33 3 31 6 2 40 9
27 22 13 20 25 33 20
19 31 17 42 44 42 28
10 42 37 39 7 27 36
47 17 48 25 9 36 14
3 35 32 32 44 12 21
4 38 26 6 2 40 38
35 24 13 12 42 32 26
40 34 16 26 15 8 20
21 0 33 33 3 31 3
21 0 33 3 35 32 35
2 40 42 17 43 22 20
2 40 42 39 7 27 36
44 7 19 47 17 48 30
38 40 6 14 6 20 36
44 7 19 9 12 34 15
20 25 33 41 36 18 18
31 26 33 42 44 42 20
5 38 3 25 9 36 43
1 39 47 15 8 39 32
1 39 47 27 22 13 38
5 38 3 27 22 13 18
47 17 48 7 38 37 23
37 30 37 24 22 32 9
1 39 47 37 30 37 13
46 37 37 2 40 42 5
31 26 33 4 38 26 13
13 38 39 7 38 37 2
13 38 39 24 22 32 17
43 40 30 6 2 40 39
39 7 27 42 44 42 39
19 31 17 21 0 33 34
40 34 16 41 36 18 2
3 35 32 1 39 47 15
1 39 47 22 5 8 51
32 44 12 14 6 20 38
10 42 37 35 24 13 30
6 2 40 37 30 37 28
24 22 32 31 26 33 4
23 19 36 47 17 48 12
11 37 20 17 43 22 6
37 30 37 14 6 20 29
37 30 37 9 12 34 18
47 17 48 42 44 42 27
24 22 32 15 8 39 15
46 37 37 23 19 36 18
47 17 48 45 0 19 33
13 38 39 14 6 20 37
11 37 20 12 42 32 13
37 30 37 31 26 33 5
20 25 33 33 3 31 22
46 37 37 8 9 3 44
35 24 13 31 26 33 20
46 37 37 29 0 31 37
21 0 33 44 7 19 15
13 38 39 8 9 3 46
22 5 8 41 36 18 32
18 16 24 10 42 37 29
33 3 31 48 37 47 37
5 38 3 46 37 37 34
23 19 36 10 42 37 23
9 12 34 11 37 20 28
25 9 36 9 12 34 3
38 40 6 40 34 16 11
16 19 6 25 9 36 31
24 22 32 48 37 47 21
29 0 31 7 38 37 38
1 39 47 16 19 6 45
34 42 19 18 16 24 26
9 12 34 17 43 22 33
40 34 16 36 47 21 13
33 3 31 13 38 39 35
35 24 13 1 39 47 37
12 42 32 42 44 42 10
47 17 48 10 42 37 27
22 5 8 11 37 20 34
42 44 42 15 8 39 36
46 37 37 41 36 18 19
20 25 33 43 40 30 15
23 19 36 29 0 31 19
19 31 17 38 40 6 14
36 47 21 2 40 42 22
46 37 37 19 31 17 20
29 0 31 39 7 27 8
27 22 13 8 9 3 16
11 37 20 24 22 32 19
14 6 20 39 7 27 7
36 47 21 33 3 31 45
34 42 19 35 24 13 18
0 22 15 44 7 19 15
15 8 39 35 24 13 30
39 7 27 40 34 16 29
2 40 42 24 22 32 20
2 40 42 40 34 16 26
23 19 36 24 22 32 5
32 44 12 17 43 22 10
35 24 13 43 40 30 23
39 7 27 18 16 24 9
31 26 33 17 43 22 20
0 22 15 11 37 20 15
12 42 32 38 40 6 26
37 30 37 17 43 22 19
8 9 3 38 40 6 31
44 7 19 28 12 9 11
29 0 31 26 15 8 27
33 3 31 43 40 30 37
41 36 18 28 12 9 25
11 37 20 15 8 39 34
37 30 37 46 37 37 7
15 8 39 2 40 42 32
48 37 47 9 12 34 28
22 5 8 2 40 42 48
28 12 9 23 19 36 27
46 37 37 40 34 16 21
7 38 37 36 47 21 18
39 7 27 41 36 18 30
7 38 37 30 8 18 35
10 42 37 0 22 15 29
36 47 21 8 9 3 42
38 40 6 48 37 47 41
17 43 22 48 37 47 25
44 7 19 4 38 26 31
44 7 19 13 38 39 36
13 38 39 3 35 32 7
20 25 33 38 40 6 30
11 37 20 2 40 42 22
10 42 37 26 15 8 39
13 38 39 48 37 47 8
5 38 3 22 5 8 33
3 35 32 39 7 27 28
40 34 16 3 35 32 16
44 7 19 46 37 37 34
41 36 18 1 39 47 29
48 37 47 14 6 20 41
22 5 8 13 38 39 45
4 38 26 43 40 30 4
8 9 3 31 26 33 34
40 34 16 23 19 36 25
12 42 32 1 39 47 15
5 38 3 21 0 33 48
4 38 26 0 22 15 19
34 42 19 12 42 32 13
23 19 36 17 43 22 27
18 16 24 41 36 18 20
48 37 47 1 39 47 2
45 0 19 9 12 34 19
7 38 37 16 19 6 36
32 44 12 39 7 27 39
43 40 30 34 42 19 11
0 22 15 31 26 33 18
46 37 37 14 6 20 35
23 19 36 26 15 8 28
21 0 33 41 36 18 39
27 22 13 46 37 37 28
22 5 8 14 6 20 12
9 12 34 30 8 18 16
25 9 36 26 15 8 28
18 16 24 46 37 37 24
25 9 36 41 36 18 32
15 8 39 13 38 39 30
4 38 26 13 38 39 13
16 19 6 42 44 42 43
44 7 19 8 9 3 16
15 8 39 43 40 30 33
6 2 40 16 19 6 38
4 38 26 48 37 47 21
28 12 9 43 40 30 35
25 9 36 1 39 47 31
21 0 33 12 42 32 42
40 34 16 0 22 15 12
18 16 24 11 37 20 21
0 22 15 24 22 32 17
48 37 47 11 37 20 27
33 3 31 19 31 17 31
46 37 37 26 15 8 36
30 8 18 20 25 33 22
16 19 6 41 36 18 20
7 38 37 44 7 19 35
22 5 8 21 0 33 25
45 0 19 28 12 9 15
42 44 42 29 0 31 45
8 9 3 43 40 30 41
30 8 18 38 40 6 34
14 6 20 29 0 31 12
5 38 3 8 9 3 29
7 38 37 27 22 13 28
40 34 16 44 7 19 27
42 44 42 32 44 12 30
48 37 47 41 36 18 29
47 17 48 5 38 3 49
46 37 37 15 8 39 29
46 37 37 1 39 47 10
36 47 21 18 16 24 31
36 47 21 12 42 32 12
24 22 32 12 42 32 20
26 15 8 7 38 37 37
12 42 32 18 16 24 27
5 38 3 12 42 32 29
32 44 12 29 0 31 47
37 30 37 29 0 31 30
48 37 47 34 42 19 28
19 31 17 11 37 20 6
27 22 13 22 5 8 17
33 3 31 27 22 13 26
16 19 6 15 8 39 34
7 38 37 25 9 36 29
43 40 30 37 30 37 12
44 7 19 36 47 21 40
22 5 8 37 30 37 38
28 12 9 36 47 21 37
7 38 37 11 37 20 17
5 38 3 7 38 37 34
36 47 21 10 42 37 16
16 19 6 27 22 13 7
37 30 37 8 9 3 39
23 19 36 21 0 33 19
18 16 24 22 5 8 19
37 30 37 25 9 36 21
24 22 32 39 7 27 15
29 0 31 31 26 33 26
31 26 33 16 19 6 27
20 25 33 21 0 33 25
7 38 37 15 8 39 30
29 0 31 12 42 32 42
34 42 19 1 39 47 28
13 38 39 43 40 30 9
15 8 39 26 15 8 31
21 0 33 7 38 37 38
2 40 42 38 40 6 36
26 15 8 30 8 18 12
19 31 17 4 38 26 11
4 38 26 36 47 21 10
31 26 33 28 12 9 27
10 42 37 40 34 16 22
35 24 13 13 38 39 29
42 44 42 38 40 6 36
17 43 22 8 9 3 38
18 16 24 19 31 17 16
14 6 20 41 36 18 30
24 22 32 38 40 6 31
37 30 37 3 35 32 7
17 43 22 46 37 37 16
35 24 13 7 38 37 27
33 3 31 12 42 32 39
34 42 19 31 26 33 21
30 8 18 31 26 33 23
42 44 42 20 25 33 21
8 9 3 1 39 47 53
4 38 26 21 0 33 38
20 25 33 39 7 27 18
16 19 6 29 0 31 31
2 40 42 9 12 34 29
24 22 32 36 47 21 27
23 19 36 20 25 33 6
6 2 40 23 19 36 17
6 2 40 44 7 19 21
1 39 47 14 6 20 42
6 2 40 31 26 33 25
14 6 20 33 3 31 11
41 36 18 45 0 19 36
25 9 36 6 2 40 8
39 7 27 19 31 17 26
29 0 31 47 17 48 24
19 31 17 1 39 47 31
5 38 3 17 43 22 19
31 26 33 39 7 27 19
19 31 17 10 42 37 22
3 35 32 16 19 6 30
27 22 13 42 44 42 36
30 8 18 24 22 32 19
47 17 48 15 8 39 12
35 24 13 32 44 12 20
37 30 37 13 38 39 8
6 2 40 11 37 20 40
26 15 8 4 38 26 29
47 17 48 16 19 6 42
27 22 13 0 22 15 2
30 8 18 13 38 39 36
30 8 18 36 47 21 39
43 40 30 27 22 13 24
21 0 33 27 22 13 29
31 26 33 23 19 36 7
25 9 36 32 44 12 42
12 42 32 9 12 34 30
46 37 37 43 40 30 7
33 3 31 47 17 48 22
16 19 6 11 37 20 22
17 43 22 18 16 24 27
42 44 42 22 5 8 51
1 39 47 36 47 21 27
44 7 19 48 37 47 41
40 34 16 4 38 26 10
40 34 16 21 0 33 38
42 44 42 48 37 47 8
26 15 8 24 22 32 25
26 15 8 9 12 34 26
3 35 32 26 15 8 31
30 8 18 42 44 42 43
13 38 39 47 17 48 22
0 22 15 3 35 32 21
15 8 39 44 7 19 20
3 35 32 48 37 47 15
24 22 32 43 40 30 18
28 12 9 38 40 6 28
37 30 37 11 37 20 18
42 44 42 40 34 16 27
42 44 42 25 9 36 35
35 24 13 24 22 32 19
48 37 47 8 9 3 52
14 6 20 6 2 40 20
5 38 3 32 44 12 10
19 31 17 29 0 31 34
13 38 39 5 38 3 36
28 12 9 20 25 33 27
36 47 21 27 22 13 26
45 0 19 12 42 32 43
21 0 33 38 40 6 48
32 44 12 46 37 37 25
7 38 37 3 35 32 5
8 9 3 45 0 19 18
13 38 39 12 42 32 8
18 16 24 48 37 47 31
26 15 8 43 40 30 33
4 38 26 12 42 32 7
45 0 19 29 0 31 12
43 40 30 45 0 19 41
39 7 27 33 3 31 5
18 16 24 31 26 33 13
25 9 36 45 0 19 19
33 3 31 7 38 37 35
13 38 39 26 15 8 38
18 16 24 25 9 36 13
41 36 18 19 31 17 5
15 8 39 4 38 26 32
9 12 34 42 44 42 32
24 22 32 41 36 18 19
5 38 3 18 16 24 30
19 31 17 23 19 36 22
16 19 6 9 12 34 28
4 38 26 11 37 20 6
14 6 20 44 7 19 1
32 44 12 26 15 8 29
22 5 8 26 15 8 10
45 0 19 23 19 36 25
45 0 19 11 37 20 37
2 40 42 45 0 19 46
2 40 42 25 9 36 31
3 35 32 31 26 33 9
17 43 22 3 35 32 12
12 42 32 48 37 47 15
4 38 26 2 40 42 16
43 40 30 38 40 6 24
35 24 13 4 38 26 19
35 24 13 42 44 42 35
42 44 42 24 22 32 24
6 2 40 36 47 21 48
8 9 3 42 44 42 52
47 17 48 48 37 47 20
2 40 42 34 42 19 23
38 40 6 11 37 20 14
34 42 19 15 8 39 39
32 44 12 45 0 19 44
32 44 12 18 16 24 30
48 37 47 20 25 33 18
19 31 17 35 24 13 8
46 37 37 30 8 18 34
1 39 47 7 38 37 10
35 24 13 2 40 42 33
43 40 30 18 16 24 24
10 42 37 37 30 37 12
22 5 8 23 19 36 31
20 25 33 14 6 20 23
31 26 33 1 39 47 19
37 30 37 28 12 9 33
19 31 17 0 22 15 9
43 40 30 42 44 42 12
6 2 40 45 0 19 21
40 34 16 25 9 36 32
28 12 9 13 38 39 39
25 9 36 21 0 33 9
41 36 18 34 42 19 6
21 0 33 35 24 13 31
32 44 12 23 19 36 34
2 40 42 13 38 39 3
7 38 37 12 42 32 6
37 30 37 32 44 12 28
39 7 27 22 5 8 19
37 30 37 19 31 17 20
22 5 8 8 9 3 6
2 40 42 29 0 31 41
13 38 39 20 25 33 14
23 19 36 11 37 20 24
39 7 27 46 37 37 31
0 22 15 6 2 40 32
29 0 31 6 2 40 9
34 42 19 0 22 15 20
31 26 33 43 40 30 14
38 40 6 16 19 6 21
24 22 32 5 38 3 33
29 0 31 21 0 33 2
34 42 19 27 22 13 20
38 40 6 15 8 39 45
20 25 33 45 0 19 28
35 24 13 20 25 33 20
1 39 47 43 40 30 17
11 37 20 21 0 33 39
39 7 27 5 38 3 39
25 9 36 8 9 3 33
16 19 6 22 5 8 14
1 39 47 10 42 37 10
41 36 18 35 24 13 13
5 38 3 41 36 18 15
15 8 39 21 0 33 10
24 22 32 28 12 9 25
8 9 3 35 24 13 18
30 8 18 39 7 27 9
12 42 32 22 5 8 44
25 9 36 48 37 47 30
3 35 32 9 12 34 23
27 22 13 13 38 39 30
43 40 30 30 8 18 34
20 25 33 37 30 37 6
45 0 19 14 6 20 6
32 44 12 4 38 26 15
2 40 42 26 15 8 42
30 8 18 28 12 9 9
31 26 33 7 38 37 12
28 12 9 27 22 13 10
22 5 8 19 31 17 27
8 9 3 15 8 39 36
13 38 39 11 37 20 19
36 47 21 46 37 37 18
31 26 33 26 15 8 27
33 3 31 35 24 13 27
41 36 18 43 40 30 12
13 38 39 6 2 40 36
17 43 22 30 8 18 35
25 9 36 38 40 6 43
26 15 8 16 19 6 4
0 22 15 13 38 39 28
45 0 19 13 38 39 42
21 0 33 26 15 8 29
37 30 37 34 42 19 21
40 34 16 30 8 18 26
36 47 21 9 12 34 37
30 8 18 48 37 47 41
34 42 19 8 9 3 36
47 17 48 41 36 18 35
35 24 13 0 22 15 2
46 37 37 24 22 32 15
5 38 3 1 39 47 44
18 16 24 3 35 32 20
20 25 33 0 22 15 18
46 37 37 16 19 6 35
0 22 15 42 44 42 34
36 47 21 5 38 3 20
7 38 37 45 0 19 42
20 25 33 5 38 3 32
9 12 34 40 34 16 28
30 8 18 4 38 26 31
40 34 16 12 42 32 17
3 35 32 42 44 42 13
33 3 31 11 37 20 35
30 8 18 27 22 13 14
44 7 19 25 9 36 17
25 9 36 46 37 37 28
14 6 20 10 42 37 39
41 36 18 33 3 31 35
20 25 33 3 35 32 10
20 25 33 29 0 31 25
14 6 20 18 16 24 10
0 22 15 38 40 6 20
2 40 42 16 19 6 41
10 42 37 21 0 33 42
12 42 32 10 42 37 5
36 47 21 41 36 18 11
36 47 21 34 42 19 5
47 17 48 9 12 34 14
12 42 32 19 31 17 18
4 38 26 46 37 37 11
40 34 16 45 0 19 34
33 3 31 5 38 3 44
27 22 13 48 37 47 37
41 36 18 23 19 36 24
26 15 8 20 25 33 26
35 24 13 29 0 31 30
46 37 37 33 3 31 34
41 36 18 7 38 37 19
42 44 42 7 38 37 7
42 44 42 4 38 26 17
10 42 37 16 19 6 38
48 37 47 5 38 3 44
29 0 31 10 42 37 42
0 22 15 25 9 36 24
35 24 13 27 22 13 2
9 12 34 21 0 33 12
25 9 36 15 8 39 3
44 7 19 39 7 27 8
22 5 8 3 35 32 38
2 40 42 6 2 40 38
9 12 34 38 40 6 39
20 25 33 16 19 6 27
16 19 6 48 37 47 44
43 40 30 3 35 32 5
18 16 24 21 0 33 18
41 36 18 8 9 3 30
16 19 6 36 47 21 31
34 42 19 10 42 37 18
17 43 22 29 0 31 43
3 35 32 19 31 17 15
8 9 3 26 15 8 7
4 38 26 14 6 20 32
23 19 36 12 42 32 23
5 38 3 6 2 40 51
7 38 37 37 30 37 8
27 22 13 26 15 8 8
22 5 8 48 37 47 50
33 3 31 34 42 19 40
32 44 12 28 12 9 32
9 12 34 13 38 39 26
6 2 40 17 43 22 44
43 40 30 19 31 17 15
27 22 13 40 34 16 12
26 15 8 1 39 47 45
27 22 13 14 6 20 17
22 5 8 40 34 16 30
33 3 31 3 35 32 32
44 7 19 11 37 20 30
6 2 40 15 8 39 6
34 42 19 17 43 22 3
10 42 37 27 22 13 31
42 44 42 37 30 37 14
44 7 19 34 42 19 35
24 22 32 16 19 6 26
0 22 15 2 40 42 32
15 8 39 33 3 31 9
27 22 13 17 43 22 22
23 19 36 42 44 42 25
42 44 42 14 6 20 43
47 17 48 43 40 30 29
34 42 19 45 0 19 42
35 24 13 9 12 34 24
4 38 26 16 19 6 27
27 22 13 12 42 32 27
26 15 8 11 37 20 25
41 36 18 32 44 12 10
23 19 36 33 3 31 16
46 37 37 38 40 6 31
13 38 39 10 42 37 4
20 25 33 44 7 19 22
6 2 40 21 0 33 7
19 31 17 6 2 40 37
9 12 34 43 40 30 28
20 25 33 10 42 37 17
43 40 30 11 37 20 10
37 30 37 41 36 18 19
6 2 40 46 37 37 35
45 0 19 4 38 26 38
17 43 22 16 19 6 28
44 7 19 33 3 31 12
47 17 48 20 25 33 17
45 0 19 37 30 37 34
2 40 42 7 38 37 5
46 37 37 0 22 15 26
29 0 31 22 5 8 23
19 31 17 36 47 21 16
13 38 39 1 39 47 8
15 8 39 48 37 47 30
4 38 26 5 38 3 23
28 12 9 11 37 20 27
33 3 31 45 0 19 12
26 15 8 35 24 13 10
35 24 13 5 38 3 17
0 22 15 41 36 18 14
18 16 24 37 30 37 19
6 2 40 35 24 13 34
34 42 19 38 40 6 13
44 7 19 12 42 32 37
25 9 36 10 42 37 33
34 42 19 30 8 18 34
44 7 19 29 0 31 13
2 40 42 21 0 33 41
23 19 36 16 19 6 30
48 37 47 23 19 36 21
4 38 26 9 12 34 27
24 22 32 22 5 8 29
33 3 31 24 22 32 19
8 9 3 19 31 17 26
28 12 9 42 44 42 45
38 40 6 37 30 37 32
36 47 21 43 40 30 11
7 38 37 34 42 19 18
7 38 37 20 25 33 13
47 17 48 40 34 16 36
18 16 24 33 3 31 14
4 38 26 47 17 48 30
17 43 22 41 36 18 8
33 3 31 37 30 37 27
32 44 12 10 42 37 25
27 22 13 29 0 31 28
11 37 20 5 38 3 17
6 2 40 8 9 3 37
46 37 37 10 42 37 5
27 22 13 47 17 48 35
25 9 36 20 25 33 16
21 0 33 30 8 18 17
33 3 31 32 44 12 45
10 42 37 24 22 32 20
28 12 9 34 42 19 31
39 7 27 34 42 19 35
2 40 42 30 8 18 40
19 31 17 24 22 32 17
6 2 40 28 12 9 32
34 42 19 5 38 3 16
20 25 33 17 43 22 21
39 7 27 7 38 37 32
14 6 20 25 9 36 16
12 42 32 0 22 15 26
19 31 17 25 9 36 29
12 42 32 39 7 27 35
34 42 19 42 44 42 23
3 35 32 14 6 20 31
38 40 6 23 19 36 36
7 38 37 43 40 30 7
31 26 33 25 9 36 17
22 5 8 9 12 34 26
47 17 48 30 8 18 31
16 19 6 45 0 19 23
23 19 36 39 7 27 15
39 7 27 36 47 21 40
7 38 37 40 34 16 21
37 30 37 26 15 8 32
25 9 36 28 12 9 27
41 36 18 38 40 6 12
30 8 18 23 19 36 21
18 16 24 4 38 26 22
17 43 22 19 31 17 13
48 37 47 10 42 37 11
0 22 15 16 19 6 9
11 37 20 3 35 32 12
14 6 20 31 26 33 23
16 19 6 14 6 20 19
7 38 37 46 37 37 1
15 8 39 5 38 3 46
6 2 40 48 37 47 35
30 8 18 35 24 13 16
39 7 27 28 12 9 18
27 22 13 15 8 39 29
3 35 32 44 7 19 30
46 37 37 45 0 19 41
0 22 15 8 9 3 17
18 16 24 20 25 33 12
15 8 39 37 30 37 22
9 12 34 27 22 13 23
10 42 37 3 35 32 8
44 7 19 30 8 18 1
24 22 32 47 17 48 16
36 47 21 25 9 36 40
38 40 6 31 26 33 30
28 12 9 3 35 32 32
18 16 24 29 0 31 17
34 42 19 11 37 20 5
5 38 3 38 40 6 3
9 12 34 46 37 37 25
11 37 20 30 8 18 29
8 9 3 11 37 20 32
2 40 42 42 44 42 4
6 2 40 38 40 6 50
26 15 8 28 12 9 3
28 12 9 2 40 42 43
34 42 19 6 2 40 45
38 40 6 7 38 37 31
43 40 30 16 19 6 31
31 26 33 12 42 32 16
40 34 16 5 38 3 13
40 34 16 17 43 22 10
31 26 33 27 22 13 20
25 9 36 12 42 32 33
32 44 12 38 40 6 7
31 26 33 45 0 19 29
0 22 15 28 12 9 11
12 42 32 20 25 33 17
48 37 47 28 12 9 45
19 31 17 28 12 9 20
23 19 36 36 47 21 31
13 38 39 42 44 42 6
33 3 31 28 12 9 23
10 42 37 44 7 19 39
31 26 33 22 5 8 32
37 30 37 12 42 32 13
3 35 32 29 0 31 35
14 6 20 21 0 33 14
15 8 39 31 26 33 18
47 17 48 39 7 27 23
32 44 12 43 40 30 18
17 43 22 1 39 47 25
19 31 17 20 25 33 17
20 25 33 22 5 8 32
13 38 39 36 47 21 20
3 35 32 5 38 3 29
33 3 31 2 40 42 38
30 8 18 14 6 20 2
26 15 8 6 2 40 34
42 44 42 21 0 33 44
18 16 24 40 34 16 19
46 37 37 31 26 33 11
28 12 9 29 0 31 25
4 38 26 3 35 32 6
15 8 39 22 5 8 31
6 2 40 47 17 48 17
41 36 18 3 35 32 14
19 31 17 48 37 47 30
34 42 19 32 44 12 7
1 39 47 18 16 24 32
44 7 19 22 5 8 11
42 44 42 18 16 24 33
32 44 12 1 39 47 35
23 19 36 4 38 26 21
48 37 47 31 26 33 17
19 31 17 2 40 42 26
35 24 13 3 35 32 21
5 38 3 9 12 34 40
12 42 32 47 17 48 29
10 42 37 31 26 33 16
29 0 31 33 3 31 3
33 3 31 31 26 33 23
11 37 20 14 6 20 31
35 24 13 40 34 16 10
48 37 47 37 30 37 12
16 19 6 33 3 31 29
14 6 20 2 40 42 40
0 22 15 29 0 31 27
23 19 36 44 7 19 20
39 7 27 15 8 39 12
6 2 40 22 5 8 32
13 38 39 19 31 17 23
21 0 33 0 22 15 28
22 5 8 30 8 18 10
15 8 39 30 8 18 21
22 5 8 47 17 48 41
14 6 20 23 19 36 20
17 43 22 47 17 48 36
41 36 18 4 38 26 8
13 38 39 16 19 6 38
30 8 18 45 0 19 8
40 34 16 14 6 20 28
16 19 6 40 34 16 18
31 26 33 9 12 34 14
18 16 24 13 38 39 26
36 47 21 0 22 15 25
47 17 48 32 44 12 45
20 25 33 6 2 40 24
38 40 6 26 15 8 25
26 15 8 44 7 19 13
23 19 36 8 9 3 34
19 31 17 14 6 20 25
41 36 18 44 7 19 29
21 0 33 36 47 21 48
39 7 27 26 15 8 20
0 22 15 14 6 20 16
5 38 3 23 19 36 38
12 42 32 8 9 3 43
45 0 19 26 15 8 18
15 8 39 36 47 21 42
8 9 3 18 16 24 22
7 38 37 23 19 36 19
30 8 18 16 19 6 16
1 39 47 45 0 19 48
14 6 20 8 9 3 17
15 8 39 18 16 24 17
6 2 40 1 39 47 37
44 7 19 31 26 33 23
36 47 21 20 25 33 25
45 0 19 19 31 17 31
21 0 33 13 38 39 38
3 35 32 25 9 36 26
31 26 33 20 25 33 1
32 44 12 2 40 42 30
13 38 39 41 36 18 21
10 42 37 41 36 18 19
36 47 21 48 37 47 27
35 24 13 47 17 48 35
23 19 36 9 12 34 7
31 26 33 41 36 18 18
21 0 33 37 30 37 30
19 31 17 9 12 34 25
29 0 31 25 9 36 10
36 47 21 42 44 42 21
7 38 37 10 42 37 4
17 43 22 45 0 19 43
0 22 15 23 19 36 21
47 17 48 8 9 3 45
11 37 20 1 39 47 27
25 9 36 35 24 13 27
10 42 37 15 8 39 34
30 8 18 41 36 18 28
19 31 17 40 34 16 3
7 38 37 8 9 3 44
20 25 33 2 40 42 17
9 12 34 14 6 20 15
40 34 16 24 22 32 20
34 42 19 3 35 32 14
22 5 8 4 38 26 37
30 8 18 29 0 31 15
6 2 40 32 44 12 50
5 38 3 43 40 30 27
40 34 16 33 3 31 34
23 19 36 2 40 42 21
6 2 40 42 44 42 42
17 43 22 38 40 6 16
37 30 37 47 17 48 17
36 47 21 26 15 8 34
38 40 6 29 0 31 47
3 35 32 24 22 32 13
4 38 26 34 42 19 8
15 8 39 28 12 9 30
19 31 17 7 38 37 21
36 47 21 32 44 12 9
21 0 33 31 26 33 26
1 39 47 30 8 18 42
10 42 37 42 44 42 5
36 47 21 29 0 31 48
9 12 34 29 0 31 12
47 17 48 2 40 42 23
37 30 37 4 38 26 13
33 3 31 17 43 22 41
27 22 13 25 9 36 26
23 19 36 37 30 37 11
32 44 12 21 0 33 48
21 0 33 1 39 47 41
0 22 15 47 17 48 33
1 39 47 29 0 31 42
42 44 42 11 37 20 23
29 0 31 41 36 18 38
25 9 36 34 42 19 37
17 43 22 14 6 20 37
27 22 13 23 19 36 23
24 22 32 29 0 31 22
20 25 33 8 9 3 34
39 7 27 9 12 34 8
42 44 42 5 38 3 39
11 37 20 31 26 33 17
3 35 32 30 8 18 30
12 42 32 2 40 42 10
40 34 16 29 0 31 37
11 37 20 40 34 16 5
45 0 19 3 35 32 37
21 0 33 47 17 48 22
8 9 3 32 44 12 36
4 38 26 7 38 37 11
47 17 48 31 26 33 17
2 40 42 18 16 24 30
25 9 36 39 7 27 9
17 43 22 4 38 26 6
24 22 32 4 38 26 17
5 38 3 45 0 19 41
47 17 48 26 15 8 40
0 22 15 48 37 47 35
23 19 36 34 42 19 28
46 37 37 3 35 32 5
34 42 19 19 31 17 11
46 37 37 42 44 42 8
35 24 13 38 40 6 17
48 37 47 43 40 30 17
18 16 24 0 22 15 10
31 26 33 5 38 3 32
23 19 36 1 39 47 22
7 38 37 22 5 8 43
1 39 47 24 22 32 22
46 37 37 28 12 9 37
37 30 37 36 47 21 23
23 19 36 35 24 13 23
34 42 19 26 15 8 29
43 40 30 39 7 27 33
18 16 24 45 0 19 16
5 38 3 0 22 15 20
26 15 8 17 43 22 31
29 0 31 11 37 20 38
1 39 47 9 12 34 29
15 8 39 29 0 31 11
18 16 24 23 19 36 12
18 16 24 6 2 40 21
27 22 13 2 40 42 34
45 0 19 38 40 6 42
32 44 12 24 22 32 29
10 42 37 17 43 22 15
12 42 32 17 43 22 10
6 2 40 39 7 27 13
35 24 13 11 37 20 14
25 9 36 23 19 36 10
40 34 16 20 25 33 19
5 38 3 26 15 8 23
9 12 34 0 22 15 21
37 30 37 30 8 18 29
41 36 18 6 2 40 40
27 22 13 4 38 26 20
26 15 8 12 42 32 36
36 47 21 14 6 20 41
35 24 13 22 5 8 19
41 36 18 2 40 42 24
33 3 31 26 15 8 25
35 24 13 45 0 19 24
31 26 33 2 40 42 16
24 22 32 9 12 34 10
13 38 39 31 26 33 13
17 43 22 42 44 42 20
0 22 15 17 43 22 22
36 47 21 31 26 33 24
40 34 16 31 26 33 18
9 12 34 28 12 9 25
7 38 37 48 37 47 10
18 16 24 30 8 18 10
21 0 33 8 9 3 31
16 19 6 32 44 12 25
0 22 15 39 7 27 19
21 0 33 39 7 27 9
43 40 30 23 19 36 21
31 26 33 32 44 12 27
18 16 24 24 22 32 10
2 40 42 37 30 37 11
3 35 32 36 47 21 16
44 7 19 5 38 3 34
26 15 8 19 31 17 18
36 47 21 47 17 48 40
5 38 3 29 0 31 47
21 0 33 24 22 32 22
22 5 8 17 43 22 40
44 7 19 1 39 47 42
33 3 31 25 9 36 7
14 6 20 43 40 30 35
47 17 48 19 31 17 34
34 42 19 13 38 39 20
17 43 22 21 0 33 44
45 0 19 39 7 27 10
19 31 17 32 44 12 13
25 9 36 24 22 32 13
9 12 34 33 3 31 9
16 19 6 35 24 13 8
13 38 39 23 19 36 19
45 0 19 24 22 32 25
30 8 18 8 9 3 15
4 38 26 8 9 3 37
11 37 20 39 7 27 30
26 15 8 14 6 20 15
11 37 20 47 17 48 34
0 22 15 30 8 18 14
16 19 6 18 16 24 18
47 17 48 1 39 47 22
43 40 30 40 34 16 15
30 8 18 32 44 12 36
40 34 16 37 30 37 21
2 40 42 43 40 30 12
12 42 32 28 12 9 37
3 35 32 6 2 40 33
22 5 8 0 22 15 18
17 43 22 36 47 21 4
14 6 20 35 24 13 19
0 22 15 37 30 37 23
19 31 17 16 19 6 16
27 22 13 38 40 6 19
39 7 27 13 38 39 33
48 37 47 46 37 37 10
0 22 15 32 44 12 22
32 44 12 40 34 16 10
29 0 31 43 40 30 40
46 37 37 21 0 33 37
25 9 36 17 43 22 36
10 42 37 4 38 26 11
19 31 17 5 38 3 15
36 47 21 22 5 8 43
46 37 37 47 17 48 22
24 22 32 6 2 40 21
41 36 18 42 44 42 25
13 38 39 46 37 37 2
18 16 24 28 12 9 15
24 22 32 34 42 19 23
38 40 6 18 16 24 30
9 12 34 32 44 12 38
1 39 47 40 34 16 31
1 39 47 28 12 9 46
20 25 33 46 37 37 12
2 40 42 44 7 19 40
39 7 27 27 22 13 20
15 8 39 45 0 19 21
48 37 47 45 0 19 46
13 38 39 40 34 16 23
28 12 9 14 6 20 12
12 42 32 6 2 40 40
41 36 18 15 8 39 35
34 42 19 14 6 20 36
19 31 17 30 8 18 23
27 22 13 18 16 24 12
11 37 20 25 9 36 32
32 44 12 48 37 47 35
37 30 37 16 19 6 32
31 26 33 19 31 17 16
14 6 20 24 22 32 20
10 42 37 45 0 19 45
28 12 9 7 38 37 38
10 42 37 9 12 34 30
1 39 47 39 7 27 37
2 40 42 3 35 32 11
44 7 19 16 19 6 17
36 47 21 35 24 13 24
35 24 13 39 7 27 22
40 34 16 6 2 40 40
5 38 3 16 19 6 19
14 6 20 7 38 37 36
24 22 32 8 9 3 31
12 42 32 43 40 30 2
10 42 37 5 38 3 34
43 40 30 21 0 33 40
12 42 32 46 37 37 7
34 42 19 9 12 34 33
30 8 18 6 2 40 22
13 38 39 32 44 12 27
17 43 22 15 8 39 38
37 30 37 5 38 3 34
27 22 13 37 30 37 25
23 19 36 15 8 39 11
34 42 19 29 0 31 43
28 12 9 35 24 13 12
28 12 9 17 43 22 33
37 30 37 35 24 13 24
38 40 6 36 47 21 16
44 7 19 42 44 42 43
45 0 19 0 22 15 22
17 43 22 24 22 32 23
15 8 39 20 25 33 18
4 38 26 28 12 9 31
8 9 3 28 12 9 6
44 7 19 24 22 32 19
15 8 39 0 22 15 27
16 19 6 21 0 33 33
30 8 18 33 3 31 13
38 40 6 44 7 19 35
15 8 39 3 35 32 27
18 16 24 26 15 8 16
22 5 8 32 44 12 39
10 42 37 8 9 3 47
1 39 47 4 38 26 21
28 12 9 21 0 33 26