34 561
24 7 27 7 32 8 31
8 27 31 30 17 30 10
18 12 10 2 5 1 11
6 20 31 12 18 26 5
21 19 4 27 5 19 20
23 11 0 22 26 21 25
32 31 17 12 18 26 15
9 0 5 17 2 29 24
7 32 8 30 17 30 26
10 9 22 21 19 4 20
27 5 19 29 5 33 14
3 30 16 29 5 33 30
33 27 21 24 7 27 20
13 30 8 25 28 21 13
32 31 17 7 32 8 9
28 5 1 0 21 14 20
13 30 8 23 11 0 20
10 9 22 24 7 27 5
1 0 3 22 26 21 31
8 27 31 17 2 29 25
26 12 21 33 27 21 15
20 3 32 3 30 16 31
27 5 19 6 20 31 19
32 31 17 13 30 8 9
6 20 31 20 3 32 17
3 30 16 9 0 5 31
29 5 33 21 19 4 32
3 30 16 5 2 24 29
26 12 21 29 5 33 13
14 6 17 16 13 27 12
4 22 7 14 6 17 18
26 12 21 0 21 14 11
12 18 26 19 0 3 29
22 26 21 26 12 21 14
25 28 21 31 31 18 4
9 0 5 29 5 33 28
2 5 1 28 5 1 0
3 30 16 26 12 21 18
3 30 16 7 32 8 8
30 17 30 14 6 17 17
10 9 22 32 31 17 22
32 31 17 5 2 24 29
0 21 14 16 13 27 15
25 28 21 4 22 7 15
28 5 1 15 8 2 3
2 5 1 13 30 8 25
18 12 10 9 0 5 13
14 6 17 28 5 1 16
21 19 4 30 17 30 26
16 13 27 4 22 7 21
23 11 0 32 31 17 26
3 30 16 6 20 31 18
13 30 8 9 0 5 30
30 17 30 23 11 0 30
15 8 2 25 28 21 27
0 21 14 29 5 33 24
2 5 1 4 22 7 18
30 17 30 3 30 16 19
12 18 26 22 26 21 9
26 12 21 30 17 30 10
9 0 5 12 18 26 27
13 30 8 27 5 19 27
23 11 0 12 18 26 26
0 21 14 10 9 22 14
1 0 3 16 13 27 27
32 31 17 31 31 18 1
4 22 7 17 2 29 29
17 2 29 30 17 30 15
15 8 2 0 21 14 17
2 5 1 11 18 5 13
14 6 17 13 30 8 25
21 19 4 2 5 1 14
25 28 21 1 0 3 33
16 13 27 6 20 31 8
26 12 21 12 18 26 7
0 21 14 3 30 16 9
26 12 21 27 5 19 7
16 13 27 27 5 19 11
2 5 1 14 6 17 16
27 5 19 10 9 22 5
4 22 7 33 27 21 14
25 28 21 16 13 27 16
25 28 21 5 2 24 26
28 5 1 26 12 21 21
22 26 21 11 18 5 17
19 0 3 32 31 17 34
32 31 17 25 28 21 5
15 8 2 6 20 31 31
4 22 7 7 32 8 10
23 11 0 21 19 4 8
29 5 33 22 26 21 24
28 5 1 29 5 33 32
11 18 5 19 0 3 18
22 26 21 3 30 16 6
20 3 32 28 5 1 31
26 12 21 11 18 5 17
20 3 32 22 26 21 25
15 8 2 23 11 0 3
6 20 31 10 9 22 14
2 5 1 31 31 18 31
7 32 8 5 2 24 34
17 2 29 23 11 0 30
10 9 22 12 18 26 9
12 18 26 2 5 1 28
17 2 29 24 7 27 5
33 27 21 25 28 21 1
18 12 10 33 27 21 18
31 31 18 12 18 26 15
8 27 31 25 28 21 10
6 20 31 24 7 27 13
18 12 10 0 21 14 9
10 9 22 33 27 21 18
26 12 21 2 5 1 21
29 5 33 12 18 26 14
10 9 22 25 28 21 19
2 5 1 23 11 0 6
13 30 8 15 8 2 22
1 0 3 11 18 5 18
12 18 26 24 7 27 11
24 7 27 22 26 21 19
22 26 21 28 5 1 29
15 8 2 18 12 10 8
17 2 29 29 5 33 5
12 18 26 3 30 16 15
20 3 32 19 0 3 29
13 30 8 12 18 26 21
15 8 2 2 5 1 3
19 0 3 14 6 17 15
31 31 18 11 18 5 18
21 19 4 33 27 21 18
8 27 31 21 19 4 28
25 28 21 19 0 3 33
7 32 8 18 12 10 20
14 6 17 9 0 5 13
27 5 19 9 0 5 14
2 5 1 7 32 8 27
16 13 27 24 7 27 6
29 5 33 14 6 17 16
22 26 21 25 28 21 2
24 7 27 28 5 1 26
20 3 32 23 11 0 32
8 27 31 24 7 27 20
11 18 5 9 0 5 18
11 18 5 4 22 7 4
20 3 32 17 2 29 3
32 31 17 14 6 17 25
29 5 33 13 30 8 35
13 30 8 22 26 21 13
10 9 22 23 11 0 22
14 6 17 31 31 18 25
8 27 31 9 0 5 37
22 26 21 4 22 7 14
30 17 30 10 9 22 11
28 5 1 30 17 30 31
24 7 27 27 5 19 8
33 27 21 11 18 5 18
5 2 24 30 17 30 16
2 5 1 8 27 31 37
32 31 17 33 27 21 5
31 31 18 28 5 1 31
28 5 1 13 30 8 25
11 18 5 15 8 2 10
17 2 29 7 32 8 36
33 27 21 7 32 8 13
1 0 3 14 6 17 15
29 5 33 19 0 3 30
12 18 26 8 27 31 10
13 30 8 7 32 8 2
14 6 17 25 28 21 22
6 20 31 13 30 8 25
26 12 21 18 12 10 11
13 30 8 30 17 30 25
8 27 31 31 31 18 13
33 27 21 17 2 29 26
6 20 31 29 5 33 15
25 28 21 11 18 5 18
28 5 1 19 0 3 5
18 12 10 17 2 29 21
20 3 32 12 18 26 16
21 19 4 16 13 27 23
4 22 7 8 27 31 24
18 12 10 1 0 3 13
31 31 18 17 2 29 31
30 17 30 2 5 1 31
18 12 10 5 2 24 17
22 26 21 32 31 17 6
3 30 16 21 19 4 16
3 30 16 25 28 21 5
32 31 17 29 5 33 30
16 13 27 31 31 18 20
14 6 17 3 30 16 24
21 19 4 26 12 21 18
31 31 18 5 2 24 29
25 28 21 17 2 29 27
4 22 7 12 18 26 19
14 6 17 24 7 27 10
23 11 0 7 32 8 22
2 5 1 20 3 32 31
5 2 24 17 2 29 5
9 0 5 16 13 27 25
2 5 1 0 21 14 20
4 22 7 6 20 31 24
27 5 19 3 30 16 25
20 3 32 32 31 17 31
19 0 3 4 22 7 22
4 22 7 10 9 22 19
13 30 8 5 2 24 32
11 18 5 27 5 19 19
32 31 17 1 0 3 34
17 2 29 2 5 1 28
4 22 7 26 12 21 17
22 26 21 18 12 10 17
8 27 31 22 26 21 10
24 7 27 29 5 33 6
14 6 17 10 9 22 5
4 22 7 3 30 16 12
3 30 16 2 5 1 29
8 27 31 6 20 31 7
7 32 8 10 9 22 26
22 26 21 15 8 2 26
21 19 4 1 0 3 19
19 0 3 6 20 31 34
9 0 5 28 5 1 6
27 5 19 32 31 17 26
15 8 2 20 3 32 30
0 21 14 27 5 19 16
19 0 3 15 8 2 8
7 32 8 8 27 31 23
17 2 29 11 18 5 28
23 11 0 18 12 10 10
31 31 18 13 30 8 10
25 28 21 29 5 33 25
11 18 5 18 12 10 7
18 12 10 28 5 1 11
15 8 2 1 0 3 8
27 5 19 4 22 7 20
18 12 10 24 7 27 17
16 13 27 10 9 22 6
13 30 8 16 13 27 25
19 0 3 7 32 8 32
24 7 27 32 31 17 26
7 32 8 29 5 33 36
28 5 1 4 22 7 18
25 28 21 26 12 21 16
3 30 16 15 8 2 26
2 5 1 19 0 3 5
28 5 1 25 28 21 30
22 26 21 33 27 21 1
33 27 21 15 8 2 26
22 26 21 7 32 8 14
15 8 2 4 22 7 14
27 5 19 18 12 10 11
5 2 24 9 0 5 19
13 30 8 21 19 4 11
33 27 21 9 0 5 31
32 31 17 17 2 29 31
11 18 5 8 27 31 27
1 0 3 13 30 8 30
14 6 17 21 19 4 18
32 31 17 0 21 14 10
2 5 1 24 7 27 26
6 20 31 1 0 3 34
14 6 17 20 3 32 15
5 2 24 33 27 21 25
22 26 21 30 17 30 12
10 9 22 22 26 21 17
24 7 27 19 0 3 25
25 28 21 6 20 31 12
33 27 21 20 3 32 26
3 30 16 13 30 8 8
0 21 14 11 18 5 9
10 9 22 20 3 32 11
23 11 0 31 31 18 26
23 11 0 1 0 3 11
6 20 31 0 21 14 17
16 13 27 7 32 8 26
18 12 10 13 30 8 18
5 2 24 21 19 4 26
9 0 5 7 32 8 32
31 31 18 26 12 21 19
33 27 21 0 21 14 9
1 0 3 5 2 24 21
8 27 31 14 6 17 25
4 22 7 5 2 24 26
26 12 21 9 0 5 20
23 11 0 9 0 5 12
31 31 18 4 22 7 14
9 0 5 25 28 21 32
1 0 3 7 32 8 32
29 5 33 10 9 22 11
33 27 21 2 5 1 29
18 12 10 25 28 21 19
13 30 8 20 3 32 36
16 13 27 5 2 24 11
7 32 8 11 18 5 14
19 0 3 5 2 24 21
20 3 32 21 19 4 32
9 0 5 1 0 3 2
33 27 21 12 18 26 10
18 12 10 12 18 26 17
31 31 18 9 0 5 33
15 8 2 10 9 22 20
8 27 31 16 13 27 14
27 5 19 14 6 17 2
31 31 18 19 0 3 34
23 11 0 33 27 21 26
3 30 16 28 5 1 29
31 31 18 21 19 4 18
30 17 30 0 21 14 16
17 2 29 22 26 21 25
4 22 7 23 11 0 13
19 0 3 0 21 14 23
27 5 19 12 18 26 14
10 9 22 1 0 3 21
16 13 27 3 30 16 20
17 2 29 15 8 2 27
3 30 16 32 31 17 1
22 26 21 2 5 1 29
8 27 31 23 11 0 34
5 2 24 29 5 33 9
13 30 8 33 27 21 13
24 7 27 3 30 16 25
7 32 8 0 21 14 12
7 32 8 14 6 17 27
6 20 31 17 2 29 18
3 30 16 8 27 31 15
3 30 16 11 18 5 16
26 12 21 16 13 27 6
23 11 0 25 28 21 27
7 32 8 6 20 31 25
22 26 21 21 19 4 18
4 22 7 13 30 8 8
27 5 19 23 11 0 19
12 18 26 14 6 17 15
14 6 17 33 27 21 21
18 12 10 10 9 22 12
13 30 8 26 12 21 22
32 31 17 21 19 4 17
26 12 21 5 2 24 10
3 30 16 31 31 18 2
6 20 31 33 27 21 12
11 18 5 20 3 32 30
2 5 1 6 20 31 33
9 0 5 19 0 3 2
24 7 27 11 18 5 24
8 27 31 28 5 1 37
0 21 14 1 0 3 23
25 28 21 30 17 30 14
4 22 7 29 5 33 31
7 32 8 27 5 19 29
15 8 2 5 2 24 22
9 0 5 22 26 21 30
29 5 33 15 8 2 31
24 7 27 0 21 14 19
17 2 29 0 21 14 24
29 5 33 2 5 1 32
10 9 22 17 2 29 9
32 31 17 8 27 31 14
11 18 5 23 11 0 8
25 28 21 7 32 8 13
30 17 30 18 12 10 20
26 12 21 8 27 31 18
23 11 0 26 12 21 21
27 5 19 8 27 31 25
8 27 31 15 8 2 34
7 32 8 26 12 21 23
28 5 1 1 0 3 5
5 2 24 11 18 5 24
14 6 17 22 26 21 20
11 18 5 6 20 31 26
26 12 21 32 31 17 19
16 13 27 11 18 5 22
8 27 31 5 2 24 25
30 17 30 9 0 5 30
7 32 8 31 31 18 10
3 30 16 18 12 10 18
10 9 22 2 5 1 21
27 5 19 33 27 21 22
1 0 3 19 0 3 0
8 27 31 13 30 8 23
14 6 17 26 12 21 7
27 5 19 15 8 2 17
12 18 26 30 17 30 4
24 7 27 5 2 24 5
0 21 14 20 3 32 25
17 2 29 27 5 19 10
6 20 31 30 17 30 3
28 5 1 6 20 31 33
9 0 5 4 22 7 22
5 2 24 20 3 32 8
20 3 32 30 17 30 14
19 0 3 18 12 10 13
20 3 32 29 5 33 2
9 0 5 0 21 14 22
24 7 27 20 3 32 6
27 5 19 5 2 24 5
17 2 29 12 18 26 16
12 18 26 1 0 3 29
28 5 1 21 19 4 14
29 5 33 33 27 21 25
16 13 27 29 5 33 10
30 17 30 33 27 21 13
10 9 22 13 30 8 25
12 18 26 21 19 4 22
20 3 32 25 28 21 27
4 22 7 21 19 4 4
31 31 18 27 5 19 26
13 30 8 17 2 29 35
16 13 27 32 31 17 20
20 3 32 4 22 7 31
23 11 0 16 13 27 27
23 11 0 5 2 24 25
27 5 19 30 17 30 16
25 28 21 12 18 26 11
23 11 0 19 0 3 11
32 31 17 18 12 10 20
10 9 22 31 31 18 22
8 27 31 33 27 21 10
19 0 3 33 27 21 32
3 30 16 19 0 3 32
18 12 10 16 13 27 17
6 20 31 18 12 10 22
0 21 14 8 27 31 18
2 5 1 32 31 17 30
30 17 30 32 31 17 19
12 18 26 7 32 8 22
0 21 14 23 11 0 17
28 5 1 33 27 21 29
32 31 17 6 20 31 17
30 17 30 29 5 33 12
17 2 29 14 6 17 12
2 5 1 5 2 24 23
23 11 0 24 7 27 27
5 2 24 28 5 1 23
5 2 24 12 18 26 16
19 0 3 26 12 21 21
23 11 0 28 5 1 6
0 21 14 13 30 8 10
4 22 7 30 17 30 23
26 12 21 17 2 29 12
24 7 27 4 22 7 25
0 21 14 12 18 26 12
31 31 18 29 5 33 30
8 27 31 19 0 3 38
0 21 14 31 31 18 10
6 20 31 31 31 18 17
21 19 4 17 2 29 30
30 17 30 11 18 5 25
26 12 21 10 9 22 3
1 0 3 4 22 7 22
18 12 10 14 6 17 9
31 31 18 24 7 27 25
0 21 14 5 2 24 21
1 0 3 2 5 1 5
0 21 14 4 22 7 7
18 12 10 20 3 32 23
21 19 4 11 18 5 1
27 5 19 2 5 1 18
10 9 22 9 0 5 19
3 30 16 10 9 22 21
12 18 26 28 5 1 28
11 18 5 29 5 33 30
4 22 7 32 31 17 13
30 17 30 24 7 27 10
31 31 18 15 8 2 28
27 5 19 28 5 1 18
26 12 21 15 8 2 19
1 0 3 24 7 27 25
32 31 17 9 0 5 33
10 9 22 8 27 31 20
21 19 4 6 20 31 27
16 13 27 33 27 21 15
10 9 22 5 2 24 7
28 5 1 32 31 17 30
21 19 4 25 28 21 19
27 5 19 19 0 3 16
16 13 27 17 2 29 11
31 31 18 18 12 10 20
9 0 5 2 5 1 6
16 13 27 22 26 21 14
33 27 21 1 0 3 32
15 8 2 14 6 17 15
27 5 19 22 26 21 21
30 17 30 15 8 2 29
2 5 1 25 28 21 30
16 13 27 2 5 1 27
18 12 10 29 5 33 24
15 8 2 12 18 26 26
0 21 14 14 6 17 15
14 6 17 11 18 5 16
22 26 21 31 31 18 5
30 17 30 16 13 27 5
16 13 27 12 18 26 5
9 0 5 15 8 2 8
11 18 5 28 5 1 13
7 32 8 21 19 4 13
26 12 21 20 3 32 14
21 19 4 18 12 10 9
21 19 4 15 8 2 11
32 31 17 11 18 5 17
18 12 10 8 27 31 25
15 8 2 16 13 27 25
9 0 5 24 7 27 23
19 0 3 30 17 30 31
8 27 31 1 0 3 38
24 7 27 13 30 8 29
23 11 0 29 5 33 33
1 0 3 17 2 29 26
26 12 21 6 20 31 12
20 3 32 16 13 27 11
27 5 19 1 0 3 16
1 0 3 20 3 32 29
21 19 4 9 0 5 19
23 11 0 3 30 16 24
18 12 10 4 22 7 10
10 9 22 19 0 3 21
6 20 31 5 2 24 19
11 18 5 10 9 22 19
3 30 16 33 27 21 5
20 3 32 31 31 18 31
10 9 22 28 5 1 21
6 20 31 22 26 21 11
20 3 32 8 27 31 24
24 7 27 26 12 21 7
23 11 0 14 6 17 17
8 27 31 29 5 33 22
3 30 16 17 2 29 30
6 20 31 14 6 17 19
9 0 5 20 3 32 27
6 20 31 9 0 5 32
20 3 32 27 5 19 13
19 0 3 13 30 8 30
15 8 2 32 31 17 27
1 0 3 26 12 21 21
25 28 21 0 21 14 9
25 28 21 27 5 19 23
29 5 33 1 0 3 30
22 26 21 5 2 24 24
7 32 8 20 3 32 37
23 11 0 6 20 31 32
1 0 3 3 30 16 32
19 0 3 17 2 29 26
12 18 26 11 18 5 21
19 0 3 22 26 21 31
17 2 29 28 5 1 28
24 7 27 25 28 21 21
31 31 18 33 27 21 5
31 31 18 30 17 30 18
1 0 3 30 17 30 31
15 8 2 7 32 8 24
5 2 24 14 6 17 8
31 31 18 1 0 3 34
0 21 14 21 19 4 10
24 7 27 15 8 2 25
19 0 3 16 13 27 27
22 26 21 0 21 14 8
16 13 27 28 5 1 27
21 19 4 24 7 27 25
7 32 8 28 5 1 27
19 0 3 21 19 4 19
11 18 5 13 30 8 12