15 105
6 5 8 7 3 10 2
7 3 10 4 1 14 4
4 1 14 11 11 8 11
12 5 8 2 10 12 6
8 1 4 9 13 14 15
3 0 7 8 1 4 3
10 6 12 3 0 7 7
5 10 7 6 5 8 5
0 13 4 3 0 7 13
11 11 8 3 0 7 11
2 10 12 1 5 3 10
5 10 7 11 11 8 1
3 0 7 1 5 3 6
9 13 14 3 0 7 14
5 10 7 8 1 4 9
2 10 12 14 9 11 1
14 9 11 12 5 8 5
5 10 7 12 5 8 5
0 13 4 13 7 4 6
2 10 12 5 10 7 5
7 3 10 14 9 11 6
4 1 14 12 5 8 7
1 5 3 14 9 11 8
13 7 4 6 5 8 4
6 5 8 4 1 14 7
11 11 8 6 5 8 6
1 5 3 6 5 8 5
6 5 8 0 13 4 8
1 5 3 11 11 8 7
0 13 4 4 1 14 15
7 3 10 3 0 7 4
9 13 14 2 10 12 3
5 10 7 1 5 3 6
0 13 4 12 5 8 8
0 13 4 2 10 12 8
2 10 12 13 7 4 8
13 7 4 11 11 8 5
9 13 14 0 13 4 10
4 1 14 1 5 3 11
8 1 4 14 9 11 10
8 1 4 12 5 8 5
14 9 11 4 1 14 8
4 1 14 10 6 12 5
2 10 12 6 5 8 6
7 3 10 8 1 4 6
14 9 11 3 0 7 9
8 1 4 13 7 4 6
14 9 11 10 6 12 3
6 5 8 14 9 11 5
8 1 4 11 11 8 10
7 3 10 1 5 3 7
1 5 3 13 7 4 2
10 6 12 13 7 4 8
5 10 7 4 1 14 11
1 5 3 0 13 4 8
2 10 12 8 1 4 12
10 6 12 11 11 8 6
12 5 8 9 13 14 10
7 3 10 5 10 7 7
13 7 4 14 9 11 7
3 0 7 13 7 4 7
9 13 14 14 9 11 5
3 0 7 12 5 8 5
2 10 12 4 1 14 9
10 6 12 5 10 7 6
1 5 3 8 1 4 4
7 3 10 9 13 14 10
2 10 12 7 3 10 7
10 6 12 9 13 14 7
3 0 7 4 1 14 7
7 3 10 10 6 12 3
10 6 12 8 1 4 9
3 0 7 6 5 8 5
6 5 8 12 5 8 0
14 9 11 5 10 7 4
4 1 14 13 7 4 11
9 13 14 11 11 8 6
10 6 12 6 5 8 4
0 13 4 5 10 7 4
3 0 7 5 10 7 10
13 7 4 5 10 7 4
0 13 4 10 6 12 10
7 3 10 12 5 8 2
9 13 14 1 5 3 13
2 10 12 11 11 8 4
11 11 8 0 13 4 4
1 5 3 10 6 12 9
12 5 8 10 6 12 4
7 3 10 0 13 4 11
9 13 14 13 7 4 11
3 0 7 2 10 12 11
14 9 11 0 13 4 8
11 11 8 12 5 8 6
12 5 8 13 7 4 4
11 11 8 14 9 11 3
9 13 14 6 5 8 10
12 5 8 1 5 3 5
7 3 10 11 11 8 8
8 1 4 6 5 8 5
9 13 14 5 10 7 7
4 1 14 8 1 4 10
13 7 4 7 3 10 7
0 13 4 8 1 4 12
9 13 14 4 1 14 12
2 10 12 10 6 12 4