42 861
35 14 15 34 33 38 29
21 26 1 34 33 38 37
10 41 38 28 32 17 22
9 16 20 12 7 30 13
22 5 5 39 17 13 14
3 39 23 27 8 29 31
2 14 0 1 5 19 21
13 38 10 33 4 40 45
8 1 11 40 29 23 30
3 39 23 28 32 17 9
13 38 10 4 33 13 5
23 11 14 29 26 24 18
2 14 0 11 20 38 38
21 26 1 32 7 14 23
4 33 13 26 12 35 30
31 29 41 34 33 38 5
28 32 17 9 16 20 16
27 8 29 7 12 15 14
17 1 0 41 16 12 19
18 25 32 25 15 40 12
17 1 0 27 8 29 29
36 41 6 23 11 14 31
20 31 7 11 20 38 32
40 29 23 13 38 10 15
14 29 9 32 7 14 22
0 28 27 18 25 32 5
3 39 23 17 1 0 44
20 31 7 41 16 12 15
7 12 15 21 26 1 19
30 40 22 14 29 9 17
9 16 20 2 14 0 20
27 8 29 38 4 41 12
33 4 40 22 5 5 35
27 8 29 22 5 5 24
38 4 41 17 1 0 41
34 33 38 18 25 32 10
40 29 23 29 26 24 3
7 12 15 15 13 30 15
20 31 7 30 40 22 17
20 31 7 5 9 34 34
2 14 0 13 38 10 26
21 26 1 10 41 38 39
5 9 34 0 28 27 20
35 14 15 12 7 30 16
28 32 17 32 7 14 25
3 39 23 23 11 14 29
34 33 38 25 15 40 18
4 33 13 36 41 6 10
10 41 38 23 11 14 38
2 14 0 8 1 11 17
22 5 5 29 26 24 28
5 9 34 25 15 40 8
16 10 33 24 22 34 12
16 10 33 25 15 40 8
30 40 22 5 9 34 33
35 14 15 17 1 0 19
18 25 32 26 12 35 13
20 31 7 25 15 40 36
34 33 38 15 13 30 21
39 17 13 9 16 20 7
39 17 13 34 33 38 29
4 33 13 21 26 1 13
6 17 28 26 12 35 8
19 11 11 40 29 23 21
12 7 30 18 25 32 18
9 16 20 23 11 14 7
18 25 32 8 1 11 31
40 29 23 9 16 20 13
19 11 11 35 14 15 5
0 28 27 20 31 7 20
12 7 30 25 15 40 12
21 26 1 38 4 41 45
40 29 23 4 33 13 10
8 1 11 3 39 23 39
27 8 29 33 4 40 11
5 9 34 31 29 41 21
25 15 40 15 13 30 10
25 15 40 0 28 27 18
19 11 11 38 4 41 30
39 17 13 1 5 19 13
5 9 34 40 29 23 22
30 40 22 31 29 41 21
29 26 24 1 5 19 21
7 12 15 23 11 14 1
7 12 15 3 39 23 28
30 40 22 33 4 40 40
12 7 30 31 29 41 24
9 16 20 4 33 13 18
19 11 11 13 38 10 27
19 11 11 18 25 32 25
20 31 7 10 41 38 32
17 1 0 32 7 14 15
2 14 0 22 5 5 10
12 7 30 23 11 14 16
5 9 34 28 32 17 28
34 33 38 27 8 29 26
24 22 34 26 12 35 10
37 32 23 9 16 20 16
10 41 38 27 8 29 34
32 7 14 2 14 0 15
27 8 29 28 32 17 26
37 32 23 38 4 41 33
3 39 23 6 17 28 22
31 29 41 6 17 28 17
5 9 34 17 1 0 34
17 1 0 10 41 38 55
29 26 24 33 4 40 27
23 11 14 33 4 40 26
28 32 17 39 17 13 15
2 14 0 41 16 12 12
20 31 7 39 17 13 15
21 26 1 41 16 12 14
36 41 6 19 11 11 30
23 11 14 41 16 12 5
40 29 23 17 1 0 36
9 16 20 33 4 40 23
6 17 28 5 9 34 10
2 14 0 19 11 11 11
19 11 11 10 41 38 40
13 38 10 32 7 14 31
7 12 15 34 33 38 31
36 41 6 1 5 19 38
32 7 14 31 29 41 34
41 16 12 29 26 24 15
41 16 12 34 33 38 31
10 41 38 36 41 6 32
5 9 34 2 14 0 34
32 7 14 12 7 30 16
41 16 12 4 33 13 17
19 11 11 21 26 1 18
31 29 41 8 1 11 41
1 5 19 26 12 35 17
36 41 6 38 4 41 50
6 17 28 34 33 38 18
29 26 24 18 25 32 8
38 4 41 25 15 40 11
12 7 30 38 4 41 11
12 7 30 11 20 38 15
13 38 10 26 12 35 36
37 32 23 21 26 1 22
26 12 35 8 1 11 26
23 11 14 19 11 11 3
34 33 38 1 5 19 33
39 17 13 7 12 15 5
34 33 38 29 26 24 15
24 22 34 34 33 38 11
11 20 38 39 17 13 25
6 17 28 16 10 33 8
10 41 38 41 16 12 36
22 5 5 36 41 6 36
21 26 1 12 7 30 34
24 22 34 37 32 23 14
40 29 23 26 12 35 20
25 15 40 27 8 29 13
14 29 9 39 17 13 12
0 28 27 24 22 34 9
32 7 14 7 12 15 5
0 28 27 7 12 15 20
35 14 15 11 20 38 23
26 12 35 32 7 14 21
20 31 7 21 26 1 7
15 13 30 18 25 32 12
6 17 28 38 4 41 18
40 29 23 25 15 40 22
14 29 9 27 8 29 29
11 20 38 5 9 34 11
38 4 41 31 29 41 25
3 39 23 40 29 23 10
4 33 13 10 41 38 26
41 16 12 24 22 34 22
22 5 5 7 12 15 12
8 1 11 39 17 13 16
9 16 20 0 28 27 13
19 11 11 14 29 9 18
1 5 19 13 38 10 34
20 31 7 31 29 41 34
36 41 6 40 29 23 20
27 8 29 36 41 6 40
15 13 30 21 26 1 31
40 29 23 14 29 9 14
15 13 30 16 10 33 4
7 12 15 26 12 35 20
31 29 41 21 26 1 40
23 11 14 34 33 38 32
32 7 14 34 33 38 35
30 40 22 1 5 19 35
8 1 11 12 7 30 19
4 33 13 1 5 19 28
15 13 30 9 16 20 10
23 11 14 32 7 14 4
4 33 13 19 11 11 22
18 25 32 28 32 17 16
22 5 5 8 1 11 7
38 4 41 32 7 14 27
38 4 41 4 33 13 40
14 29 9 35 14 15 16
14 29 9 36 41 6 12
10 41 38 35 14 15 35
38 4 41 8 1 11 30
31 29 41 9 16 20 24
16 10 33 30 40 22 31
37 32 23 17 1 0 38
19 11 11 29 26 24 19
39 17 13 38 4 41 30
15 13 30 28 32 17 23
13 38 10 36 41 6 5
6 17 28 8 1 11 23
28 32 17 23 11 14 21
10 41 38 18 25 32 17
27 8 29 29 26 24 18
5 9 34 7 12 15 19
35 14 15 16 10 33 18
15 13 30 0 28 27 15
13 38 10 34 33 38 28
28 32 17 12 7 30 28
21 26 1 23 11 14 19
33 4 40 14 29 9 39
8 1 11 29 26 24 28
40 29 23 11 20 38 17
0 28 27 14 29 9 18
8 1 11 5 9 34 24
27 8 29 23 11 14 15
25 15 40 35 14 15 25
34 33 38 36 41 6 32
33 4 40 10 41 38 37
38 4 41 10 41 38 37
16 10 33 11 20 38 11
5 9 34 29 26 24 19
21 26 1 9 16 20 21
31 29 41 0 28 27 14
35 14 15 20 31 7 18
29 26 24 2 14 0 26
32 7 14 29 26 24 21
25 15 40 11 20 38 5
8 1 11 16 10 33 23
5 9 34 21 26 1 37
3 39 23 22 5 5 38
21 26 1 27 8 29 33
40 29 23 35 14 15 17
7 12 15 6 17 28 13
19 11 11 3 39 23 30
27 8 29 19 11 11 18
23 11 14 8 1 11 10
1 5 19 20 31 7 28
35 14 15 0 28 27 18
1 5 19 31 29 41 32
29 26 24 38 4 41 27
41 16 12 7 12 15 5
16 10 33 22 5 5 28
18 25 32 32 7 14 25
41 16 12 15 13 30 18
27 8 29 31 29 41 24
29 26 24 37 32 23 6
7 12 15 38 4 41 27
39 17 13 26 12 35 22
20 31 7 28 32 17 10
35 14 15 28 32 17 18
13 38 10 15 13 30 32
2 14 0 40 29 23 27
10 41 38 25 15 40 26
6 17 28 2 14 0 28
24 22 34 28 32 17 19
40 29 23 21 26 1 22
11 20 38 22 5 5 36
25 15 40 29 26 24 19
28 32 17 22 5 5 29
17 1 0 39 17 13 20
28 32 17 26 12 35 26
15 13 30 3 39 23 26
37 32 23 16 10 33 24
13 38 10 39 17 13 21
9 16 20 7 12 15 6
34 33 38 20 31 7 31
33 4 40 4 33 13 39
35 14 15 37 32 23 19
33 4 40 39 17 13 29
32 7 14 25 15 40 27
9 16 20 16 10 33 14
11 20 38 28 32 17 24
16 10 33 39 17 13 21
10 41 38 14 29 9 31
16 10 33 38 4 41 10
1 5 19 15 13 30 13
18 25 32 1 5 19 23
40 29 23 37 32 23 3
18 25 32 33 4 40 22
31 29 41 3 39 23 20
10 41 38 5 9 34 32
19 11 11 25 15 40 29
3 39 23 20 31 7 17
9 16 20 32 7 14 10
36 41 6 16 10 33 41
10 41 38 0 28 27 17
25 15 40 7 12 15 25
25 15 40 14 29 9 34
24 22 34 20 31 7 28
1 5 19 38 4 41 22
5 9 34 26 12 35 3
11 20 38 36 41 6 38
7 12 15 40 29 23 18
26 12 35 30 40 22 30
18 25 32 2 14 0 33
20 31 7 17 1 0 30
36 41 6 9 16 20 28
0 28 27 13 38 10 19
24 22 34 23 11 14 22
0 28 27 2 14 0 30
32 7 14 37 32 23 26
32 7 14 19 11 11 5
22 5 5 26 12 35 30
28 32 17 0 28 27 10
31 29 41 22 5 5 43
27 8 29 24 22 34 14
7 12 15 10 41 38 37
24 22 34 31 29 41 9
41 16 12 39 17 13 1
5 9 34 3 39 23 31
17 1 0 14 29 9 29
32 7 14 36 41 6 34
22 5 5 34 33 38 43
29 26 24 20 31 7 17
20 31 7 6 17 28 25
3 39 23 38 4 41 39
2 14 0 31 29 41 43
11 20 38 30 40 22 25
17 1 0 24 22 34 39
30 40 22 21 26 1 25
11 20 38 6 17 28 10
30 40 22 39 17 13 24
11 20 38 33 4 40 16
21 26 1 36 41 6 15
22 5 5 21 26 1 21
3 39 23 33 4 40 38
6 17 28 29 26 24 9
35 14 15 9 16 20 5
23 11 14 5 9 34 20
39 17 13 19 11 11 6
2 14 0 33 4 40 41
19 11 11 24 22 34 25
33 4 40 35 14 15 26
35 14 15 41 16 12 3
29 26 24 16 10 33 18
2 14 0 17 1 0 13
27 8 29 13 38 10 35
7 12 15 24 22 34 21
12 7 30 37 32 23 25
16 10 33 26 12 35 2
12 7 30 5 9 34 4
7 12 15 4 33 13 21
21 26 1 0 28 27 26
33 4 40 28 32 17 36
38 4 41 28 32 17 36
11 20 38 1 5 19 24
26 12 35 2 14 0 35
17 1 0 6 17 28 32
1 5 19 28 32 17 27
17 1 0 12 7 30 30
25 15 40 9 16 20 20
36 41 6 25 15 40 42
16 10 33 2 14 0 33
13 38 10 23 11 14 27
20 31 7 18 25 32 25
15 13 30 29 26 24 14
10 41 38 2 14 0 46
21 26 1 24 22 34 33
13 38 10 35 14 15 24
26 12 35 38 4 41 10
28 32 17 34 33 38 21
2 14 0 25 15 40 40
41 16 12 38 4 41 31
1 5 19 3 39 23 34
4 33 13 30 40 22 11
33 4 40 5 9 34 7
7 12 15 20 31 7 20
0 28 27 19 11 11 23
4 33 13 29 26 24 13
23 11 14 30 40 22 30
8 1 11 11 20 38 33
10 41 38 15 13 30 29
39 17 13 10 41 38 34
2 14 0 4 33 13 23
38 4 41 9 16 20 24
25 15 40 30 40 22 30
37 32 23 4 33 13 10
10 41 38 26 12 35 29
19 11 11 11 20 38 28
34 33 38 4 33 13 25
35 14 15 21 26 1 18
18 25 32 4 33 13 20
14 29 9 21 26 1 8
17 1 0 13 38 10 38
11 20 38 17 1 0 42
41 16 12 18 25 32 21
33 4 40 41 16 12 30
38 4 41 15 13 30 14
10 41 38 1 5 19 40
18 25 32 13 38 10 25
12 7 30 4 33 13 31
23 11 14 35 14 15 3
37 32 23 18 25 32 11
15 13 30 8 1 11 22
21 26 1 28 32 17 17
5 9 34 16 10 33 1
11 20 38 32 7 14 27
0 28 27 16 10 33 18
10 41 38 11 20 38 21
0 28 27 1 5 19 24
9 16 20 27 8 29 12
5 9 34 22 5 5 29
7 12 15 11 20 38 24
16 10 33 31 29 41 20
41 16 12 26 12 35 23
39 17 13 27 8 29 18
17 1 0 4 33 13 34
7 12 15 37 32 23 21
13 38 10 20 31 7 7
27 8 29 18 25 32 17
0 28 27 6 17 28 11
3 39 23 14 29 9 17
39 17 13 35 14 15 3
37 32 23 27 8 29 24
26 12 35 17 1 0 36
33 4 40 17 1 0 40
10 41 38 32 7 14 41
18 25 32 30 40 22 18
36 41 6 33 4 40 50
7 12 15 35 14 15 2
7 12 15 30 40 22 28
18 25 32 9 16 20 15
38 4 41 24 22 34 19
17 1 0 16 10 33 34
31 29 41 17 1 0 49
17 1 0 18 25 32 40
17 1 0 9 16 20 25
37 32 23 22 5 5 32
31 29 41 37 32 23 18
0 28 27 12 7 30 21
13 38 10 37 32 23 14
34 33 38 2 14 0 42
25 15 40 37 32 23 24
17 1 0 7 12 15 18
27 8 29 20 31 7 31
37 32 23 11 20 38 19
0 28 27 3 39 23 11
40 29 23 39 17 13 15
31 29 41 7 12 15 31
37 32 23 36 41 6 19
40 29 23 10 41 38 19
26 12 35 19 11 11 24
13 38 10 31 29 41 32
15 13 30 26 12 35 5
7 12 15 28 32 17 20
27 8 29 8 1 11 19
18 25 32 36 41 6 30
26 12 35 3 39 23 29
3 39 23 39 17 13 24
31 29 41 33 4 40 25
16 10 33 18 25 32 15
1 5 19 22 5 5 14
35 14 15 6 17 28 13
41 16 12 13 38 10 22
9 16 20 5 9 34 15
21 26 1 2 14 0 12
22 5 5 12 7 30 25
4 33 13 24 22 34 23
5 9 34 34 33 38 24
4 33 13 5 9 34 31
24 22 34 3 39 23 20
23 11 14 16 10 33 19
41 16 12 6 17 28 16
6 17 28 37 32 23 15
8 1 11 9 16 20 17
35 14 15 3 39 23 26
41 16 12 32 7 14 9
39 17 13 25 15 40 27
5 9 34 24 22 34 13
24 22 34 1 5 19 22
25 15 40 33 4 40 11
28 32 17 14 29 9 8
24 22 34 39 17 13 21
31 29 41 23 11 14 32
33 4 40 38 4 41 1
18 25 32 11 20 38 7
27 8 29 32 7 14 15
14 29 9 12 7 30 30
17 1 0 21 26 1 25
18 25 32 3 39 23 16
35 14 15 38 4 41 27
32 7 14 0 28 27 24
22 5 5 10 41 38 48
18 25 32 14 29 9 23
39 17 13 0 28 27 17
20 31 7 15 13 30 29
17 1 0 22 5 5 6
6 17 28 27 8 29 9
37 32 23 33 4 40 32
28 32 17 37 32 23 6
41 16 12 11 20 38 26
6 17 28 19 11 11 18
34 33 38 12 7 30 27
29 26 24 35 14 15 15
28 32 17 29 26 24 9
39 17 13 32 7 14 10
15 13 30 6 17 28 4
22 5 5 6 17 28 25
10 41 38 37 32 23 17
9 16 20 10 41 38 30
11 20 38 9 16 20 18
13 38 10 38 4 41 46
24 22 34 18 25 32 3
5 9 34 18 25 32 16
33 4 40 34 33 38 29
33 4 40 8 1 11 29
8 1 11 21 26 1 26
24 22 34 35 14 15 20
11 20 38 27 8 29 15
30 40 22 29 26 24 14
8 1 11 1 5 19 8
35 14 15 18 25 32 20
26 12 35 21 26 1 36
13 38 10 5 9 34 37
34 33 38 11 20 38 13
27 8 29 4 33 13 29
1 5 19 37 32 23 27
14 29 9 20 31 7 2
26 12 35 37 32 23 23
34 33 38 8 1 11 41
23 11 14 18 25 32 22
25 15 40 6 17 28 12
10 41 38 34 33 38 8
15 13 30 37 32 23 20
38 4 41 34 33 38 29
30 40 22 34 33 38 17
32 7 14 20 31 7 25
4 33 13 28 32 17 4
38 4 41 2 14 0 42
5 9 34 39 17 13 22
23 11 14 22 5 5 10
24 22 34 13 38 10 28
18 25 32 39 17 13 20
38 4 41 23 11 14 27
12 7 30 10 41 38 34
32 7 14 24 22 34 25
25 15 40 21 26 1 40
2 14 0 27 8 29 29
9 16 20 30 40 22 24
11 20 38 14 29 9 30
10 41 38 24 22 34 19
29 26 24 10 41 38 20
26 12 35 20 31 7 33
41 16 12 8 1 11 15
20 31 7 37 32 23 16
12 7 30 33 4 40 10
32 7 14 33 4 40 26
14 29 9 9 16 20 17
11 20 38 13 38 10 33
20 31 7 22 5 5 26
23 11 14 4 33 13 22
41 16 12 27 8 29 18
22 5 5 14 29 9 24
40 29 23 38 4 41 30
28 32 17 36 41 6 14
15 13 30 22 5 5 26
25 15 40 31 29 41 14
37 32 23 30 40 22 8
19 11 11 31 29 41 34
36 41 6 5 9 34 42
0 28 27 34 33 38 12
15 13 30 17 1 0 32
21 26 1 11 20 38 37
29 26 24 31 29 41 17
14 29 9 15 13 30 26
16 10 33 28 32 17 27
26 12 35 29 26 24 17
16 10 33 7 12 15 18
13 38 10 7 12 15 26
16 10 33 41 16 12 21
0 28 27 8 1 11 31
31 29 41 10 41 38 12
13 38 10 3 39 23 13
9 16 20 13 38 10 24
9 16 20 22 5 5 18
25 15 40 23 11 14 26
19 11 11 17 1 0 14
25 15 40 4 33 13 32
37 32 23 14 29 9 14
36 41 6 8 1 11 40
20 31 7 38 4 41 43
21 26 1 1 5 19 27
12 7 30 19 11 11 19
20 31 7 33 4 40 42
12 7 30 1 5 19 11
28 32 17 13 38 10 9
20 31 7 4 33 13 6
31 29 41 26 12 35 18
15 13 30 40 29 23 17
41 16 12 25 15 40 28
23 11 14 26 12 35 21
25 15 40 24 22 34 9
7 12 15 1 5 19 8
5 9 34 32 7 14 20
2 14 0 23 11 14 14
21 26 1 39 17 13 15
32 7 14 1 5 19 5
6 17 28 33 4 40 17
0 28 27 27 8 29 20
12 7 30 6 17 28 10
2 14 0 39 17 13 13
11 20 38 4 33 13 28
22 5 5 35 14 15 13
6 17 28 24 22 34 7
27 8 29 30 40 22 32
4 33 13 6 17 28 21
14 29 9 26 12 35 31
30 40 22 22 5 5 38
28 32 17 19 11 11 21
14 29 9 29 26 24 15
21 26 1 29 26 24 23
1 5 19 35 14 15 9
41 16 12 12 7 30 20
31 29 41 15 13 30 19
21 26 1 33 4 40 44
11 20 38 29 26 24 15
32 7 14 4 33 13 26
19 11 11 34 33 38 34
19 11 11 5 9 34 23
11 20 38 15 13 30 10
1 5 19 33 4 40 21
7 12 15 14 29 9 18
6 17 28 13 38 10 27
29 26 24 7 12 15 16
38 4 41 18 25 32 22
10 41 38 16 10 33 31
6 17 28 9 16 20 8
32 7 14 6 17 28 17
17 1 0 30 40 22 44
18 25 32 6 17 28 8
15 13 30 19 11 11 19
0 28 27 37 32 23 5
22 5 5 0 28 27 31
25 15 40 8 1 11 32
38 4 41 11 20 38 16
30 40 22 13 38 10 12
12 7 30 2 14 0 30
25 15 40 22 5 5 36
4 33 13 15 13 30 26
30 40 22 12 7 30 33
9 16 20 26 12 35 15
15 13 30 12 7 30 6
12 7 30 13 38 10 36
3 39 23 29 26 24 13
34 33 38 3 39 23 16
36 41 6 35 14 15 28
30 40 22 19 11 11 31
3 39 23 37 32 23 7
24 22 34 12 7 30 15
2 14 0 24 22 34 34
41 16 12 19 11 11 5
15 13 30 2 14 0 30
10 41 38 13 38 10 28
38 4 41 0 28 27 27
41 16 12 30 40 22 26
23 11 14 6 17 28 15
31 29 41 39 17 13 30
30 40 22 3 39 23 1
29 26 24 36 41 6 23
1 5 19 16 10 33 14
4 33 13 16 10 33 30
40 29 23 28 32 17 6
15 13 30 33 4 40 13
12 7 30 7 12 15 15
40 29 23 18 25 32 9
3 39 23 11 20 38 24
16 10 33 12 7 30 4
13 38 10 25 15 40 37
26 12 35 36 41 6 41
36 41 6 39 17 13 25
7 12 15 8 1 11 11
34 33 38 17 1 0 49
27 8 29 35 14 15 15
19 11 11 1 5 19 10
37 32 23 23 11 14 22
22 5 5 38 4 41 36
19 11 11 9 16 20 10
6 17 28 21 26 1 28
19 11 11 33 4 40 29
1 5 19 25 15 40 23
15 13 30 39 17 13 17
40 29 23 32 7 14 23
34 33 38 16 10 33 23
24 22 34 22 5 5 33
23 11 14 20 31 7 21
15 13 30 30 40 22 28
8 1 11 32 7 14 6
26 12 35 35 14 15 20
15 13 30 23 11 14 16
30 40 22 0 28 27 13
11 20 38 26 12 35 8
21 26 1 3 39 23 25
8 1 11 35 14 15 13
5 9 34 35 14 15 19
14 29 9 31 29 41 32
13 38 10 21 26 1 15
40 29 23 24 22 34 13
27 8 29 5 9 34 5
32 7 14 30 40 22 33
23 11 14 1 5 19 7
6 17 28 30 40 22 23
21 26 1 16 10 33 35
41 16 12 36 41 6 25
16 10 33 20 31 7 33
9 16 20 29 26 24 10
17 1 0 29 26 24 34
22 5 5 41 16 12 13
29 26 24 12 7 30 19
40 29 23 16 10 33 21
35 14 15 31 29 41 30
33 4 40 26 12 35 9
9 16 20 1 5 19 11
18 25 32 21 26 1 31
27 8 29 12 7 30 1
1 5 19 14 29 9 26
31 29 41 40 29 23 18
40 29 23 0 28 27 4
26 12 35 0 28 27 17
14 29 9 6 17 28 22
10 41 38 3 39 23 15
36 41 6 3 39 23 17
34 33 38 37 32 23 15
41 16 12 28 32 17 16
38 4 41 14 29 9 40
14 29 9 4 33 13 5
2 14 0 35 14 15 15
40 29 23 30 40 22 11
7 12 15 18 25 32 21
33 4 40 0 28 27 27
2 14 0 30 40 22 34
23 11 14 14 29 9 18
40 29 23 22 5 5 30
40 29 23 20 31 7 16
13 38 10 22 5 5 33
41 16 12 1 5 19 13
15 13 30 27 8 29 5
36 41 6 0 28 27 24
14 29 9 2 14 0 17
40 29 23 33 4 40 30
17 1 0 23 11 14 17
24 22 34 8 1 11 31
32 7 14 15 13 30 17
2 14 0 28 32 17 24
25 15 40 3 39 23 29
19 11 11 37 32 23 24
35 14 15 15 13 30 15
40 29 23 34 33 38 15
2 14 0 37 32 23 29
33 4 40 24 22 34 18
8 1 11 13 38 10 37
8 1 11 10 41 38 48
34 33 38 9 16 20 24
24 22 34 9 16 20 15
14 29 9 8 1 11 28
20 31 7 12 7 30 33
40 29 23 27 8 29 21
30 40 22 38 4 41 40
26 12 35 34 33 38 21
9 16 20 20 31 7 19
2 14 0 3 39 23 33
37 32 23 8 1 11 33
6 17 28 40 29 23 13
13 38 10 14 29 9 9
24 22 34 30 40 22 21
16 10 33 3 39 23 30
3 39 23 41 16 12 25
0 28 27 17 1 0 38
29 26 24 0 28 27 3
36 41 6 17 1 0 40
3 39 23 4 33 13 11
19 11 11 22 5 5 8
2 14 0 20 31 7 18
35 14 15 30 40 22 26
26 12 35 27 8 29 7
30 40 22 36 41 6 16
6 17 28 1 5 19 15
6 17 28 36 41 6 32
5 9 34 14 29 9 32
24 22 34 15 13 30 9
40 29 23 1 5 19 24
22 5 5 18 25 32 33
31 29 41 18 25 32 9
6 17 28 28 32 17 18
37 32 23 41 16 12 19
36 41 6 7 12 15 30
1 5 19 5 9 34 15
29 26 24 39 17 13 14
9 16 20 41 16 12 8
39 17 13 12 7 30 19
4 33 13 39 17 13 16
31 29 41 28 32 17 24
22 5 5 4 33 13 29
5 9 34 41 16 12 23
41 16 12 0 28 27 19
2 14 0 7 12 15 15
2 14 0 36 41 6 27
39 17 13 37 32 23 18
19 11 11 7 12 15 4
36 41 6 31 29 41 37
5 9 34 37 32 23 25
28 32 17 30 40 22 9
12 7 30 26 12 35 7
28 32 17 17 1 0 35
14 29 9 16 10 33 30
19 11 11 20 31 7 20
11 20 38 0 28 27 13
4 33 13 0 28 27 14
19 11 11 16 10 33 22
8 1 11 17 1 0 11
11 20 38 23 11 14 25
27 8 29 1 5 19 10
34 33 38 14 29 9 29
9 16 20 3 39 23 23
10 41 38 30 40 22 16
32 7 14 35 14 15 7
36 41 6 12 7 30 41
26 12 35 25 15 40 5
25 15 40 28 32 17 28
14 29 9 24 22 34 25
36 41 6 15 13 30 36
7 12 15 33 4 40 26
40 29 23 41 16 12 17
40 29 23 23 11 14 20
23 11 14 39 17 13 6
19 11 11 8 1 11 10
16 10 33 33 4 40 9
12 7 30 3 39 23 32
32 7 14 22 5 5 9
1 5 19 17 1 0 19
10 41 38 6 17 28 26
13 38 10 29 26 24 18
4 33 13 31 29 41 28
28 32 17 8 1 11 31
13 38 10 16 10 33 36
24 22 34 11 20 38 4
11 20 38 31 29 41 9
12 7 30 40 29 23 23
5 9 34 38 4 41 8
24 22 34 36 41 6 33
8 1 11 4 33 13 32
39 17 13 6 17 28 15
14 29 9 41 16 12 13
20 31 7 8 1 11 30
30 40 22 8 1 11 40
29 26 24 24 22 34 10
15 13 30 5 9 34 5
23 11 14 0 28 27 21
35 14 15 4 33 13 19
3 39 23 32 7 14 33
16 10 33 27 8 29 4
41 16 12 31 29 41 31
25 15 40 17 1 0 42
20 31 7 36 41 6 10
32 7 14 16 10 33 19