70 2415
15 30 30 54 60 15 33
36 57 14 37 55 53 39
7 19 11 29 60 24 43
50 49 22 67 33 62 43
40 63 3 11 0 30 68
64 5 6 62 44 65 70
27 30 10 68 9 47 42
28 21 21 62 44 65 49
69 2 27 65 35 0 42
6 17 53 34 16 46 7
11 0 30 30 2 52 22
25 15 36 67 33 62 31
3 62 50 40 63 3 47
7 19 11 55 40 61 54
26 58 0 18 54 69 69
52 64 8 4 0 52 77
24 35 13 62 44 65 52
21 4 20 61 11 56 36
43 28 69 11 0 30 48
23 50 29 10 39 1 30
51 23 36 58 34 0 37
41 4 14 69 2 27 13
36 57 14 7 19 11 38
29 60 24 63 7 45 57
27 30 10 26 58 0 29
12 45 63 21 4 20 59
13 11 32 39 52 1 51
61 11 56 23 50 29 47
61 11 56 34 16 46 11
44 65 9 52 64 8 1
13 11 32 43 28 69 40
35 36 30 19 26 29 10
55 40 61 6 17 53 24
27 30 10 50 49 22 22
21 4 20 40 63 3 61
26 58 0 22 65 58 58
60 2 4 16 33 12 32
65 35 0 42 27 41 41
61 11 56 24 35 13 49
37 55 53 48 41 5 50
58 34 0 38 38 63 63
8 47 39 41 4 14 49
49 12 67 41 4 14 53
53 17 24 50 49 22 32
55 40 61 61 11 56 29
40 63 3 22 65 58 55
21 4 20 4 0 52 32
31 26 3 10 39 1 13
14 12 60 10 39 1 64
62 44 65 8 47 39 26
65 35 0 67 33 62 62
33 52 19 19 26 29 27
51 23 36 26 58 0 50
42 27 41 8 47 39 20
61 11 56 29 60 24 58
50 49 22 66 43 45 23
62 44 65 55 40 61 5
46 9 11 29 60 24 52
25 15 36 21 4 20 19
19 26 29 61 11 56 30
53 17 24 43 28 69 46
19 26 29 22 65 58 48
7 19 11 43 28 69 58
34 16 46 26 58 0 62
43 28 69 45 57 62 29
53 17 24 20 43 21 26
27 30 10 28 21 21 14
13 11 32 29 60 24 49
63 7 45 27 30 10 41
2 2 33 25 15 36 13
34 16 46 64 5 6 41
41 4 14 43 28 69 60
51 23 36 38 38 63 30
66 43 45 55 40 61 16
12 45 63 5 26 37 32
31 26 3 26 58 0 32
24 35 13 44 65 9 30
12 45 63 46 9 11 63
41 4 14 67 33 62 56
48 41 5 11 0 30 48
4 0 52 46 9 11 41
45 57 62 31 26 3 66
19 26 29 30 2 52 33
46 9 11 26 58 0 50
8 47 39 20 43 21 18
32 14 29 21 4 20 13
2 2 33 51 23 36 21
41 4 14 22 65 58 75
1 15 34 54 60 15 48
67 33 62 69 2 27 46
7 19 11 66 43 45 41
0 8 45 9 8 48 3
49 12 67 18 54 69 42
64 5 6 27 30 10 25
59 4 38 22 65 58 64
4 0 52 22 65 58 65
62 44 65 16 33 12 54
26 58 0 52 64 8 10
69 2 27 63 7 45 18
21 4 20 69 2 27 7
20 43 21 36 57 14 15
67 33 62 55 40 61 7
38 38 63 62 44 65 6
32 14 29 31 26 3 28
48 41 5 65 35 0 7
11 0 30 1 15 34 15
5 26 37 6 17 53 18
67 33 62 33 52 19 47
43 28 69 36 57 14 62
8 47 39 46 9 11 47
20 43 21 6 17 53 41
41 4 14 30 2 52 38
39 52 1 59 4 38 60
12 45 63 33 52 19 44
29 60 24 32 14 29 46
27 30 10 61 11 56 49
57 64 4 14 12 60 76
61 11 56 60 2 4 52
5 26 37 13 11 32 15
29 60 24 44 65 9 15
51 23 36 28 21 21 15
60 2 4 21 4 20 16
6 17 53 61 11 56 6
30 2 52 39 52 1 71
8 47 39 68 9 47 38
14 12 60 8 47 39 40
48 41 5 64 5 6 36
18 54 69 8 47 39 30
47 58 58 50 49 22 37
11 0 30 19 26 29 26
39 52 1 61 11 56 68
4 0 52 34 16 46 17
28 21 21 3 62 50 50
37 55 53 56 37 54 18
69 2 27 9 8 48 21
40 63 3 23 50 29 29
18 54 69 48 41 5 65
43 28 69 59 4 38 39
33 52 19 28 21 21 31
11 0 30 28 21 21 22
34 16 46 13 11 32 14
10 39 1 24 35 13 12
43 28 69 54 60 15 62
22 65 58 9 8 48 57
55 40 61 51 23 36 30
34 16 46 29 60 24 49
25 15 36 48 41 5 40
4 0 52 38 38 63 39
56 37 54 60 2 4 61
48 41 5 30 2 52 61
42 27 41 29 60 24 37
10 39 1 50 49 22 23
18 54 69 16 33 12 60
7 19 11 59 4 38 30
28 21 21 21 4 20 17
14 12 60 27 30 10 53
28 21 21 30 2 52 36
1 15 34 61 11 56 22
17 26 10 4 0 52 49
47 58 58 2 2 33 61
7 19 11 56 37 54 46
6 17 53 2 2 33 25
66 43 45 68 9 47 34
48 41 5 63 7 45 52
29 60 24 43 28 69 55
10 39 1 49 12 67 71
22 65 58 68 9 47 57
14 12 60 52 64 8 73
18 54 69 28 21 21 58
52 64 8 49 12 67 78
7 19 11 0 8 45 35
55 40 61 17 26 10 52
27 30 10 18 54 69 63
22 65 58 20 43 21 43
41 4 14 54 60 15 56
13 11 32 23 50 29 39
37 55 53 45 57 62 9
33 52 19 0 8 45 51
63 7 45 17 26 10 39
34 16 46 17 26 10 37
19 26 29 20 43 21 18
2 2 33 20 43 21 42
29 60 24 53 17 24 43
46 9 11 6 17 53 42
3 62 50 26 58 0 50
62 44 65 13 11 32 46
6 17 53 39 52 1 62
4 0 52 67 33 62 34
26 58 0 53 17 24 47
37 55 53 57 64 4 49
48 41 5 16 33 12 10
2 2 33 34 16 46 19
4 0 52 66 43 45 43
28 21 21 6 17 53 32
53 17 24 25 15 36 12
62 44 65 30 2 52 43
5 26 37 58 34 0 37
11 0 30 8 47 39 47
10 39 1 58 34 0 5
13 11 32 55 40 61 41
8 47 39 23 50 29 10
14 12 60 42 27 41 24
31 26 3 53 17 24 22
12 45 63 62 44 65 2
13 11 32 67 33 62 37
38 38 63 33 52 19 46
28 21 21 68 9 47 28
16 33 12 56 37 54 42
51 23 36 4 0 52 28
41 4 14 25 15 36 24
48 41 5 59 4 38 49
26 58 0 64 5 6 53
25 15 36 3 62 50 49
57 64 4 25 15 36 58
35 36 30 11 0 30 36
46 9 11 43 28 69 61
17 26 10 64 5 6 21
49 12 67 63 7 45 22
11 0 30 64 5 6 24
15 30 30 31 26 3 27
51 23 36 11 0 30 23
48 41 5 0 8 45 51
50 49 22 65 35 0 26
65 35 0 44 65 9 31
26 58 0 50 49 22 23
49 12 67 53 17 24 43
44 65 9 34 16 46 61
65 35 0 6 17 53 55
34 16 46 60 2 4 44
0 8 45 21 4 20 25
8 47 39 13 11 32 36
5 26 37 54 60 15 40
21 4 20 58 34 0 36
64 5 6 31 26 3 21
47 58 58 59 4 38 57
49 12 67 1 15 34 33
58 34 0 18 54 69 71
40 63 3 53 17 24 50
5 26 37 0 8 45 19
2 2 33 59 4 38 5
36 57 14 48 41 5 18
69 2 27 18 54 69 66
68 9 47 60 2 4 43
14 12 60 56 37 54 25
47 58 58 57 64 4 54
29 60 24 59 4 38 57
28 21 21 59 4 38 24
44 65 9 63 7 45 68
49 12 67 39 52 1 77
33 52 19 55 40 61 43
46 9 11 55 40 61 58
47 58 58 35 36 30 35
29 60 24 47 58 58 34
67 33 62 11 0 30 45
26 58 0 61 11 56 73
35 36 30 27 30 10 20
61 11 56 11 0 30 28
65 35 0 47 58 58 62
65 35 0 52 64 8 30
39 52 1 14 12 60 71
44 65 9 36 57 14 9
16 33 12 36 57 14 24
3 62 50 22 65 58 8
56 37 54 19 26 29 27
41 4 14 31 26 3 24
0 8 45 51 23 36 17
69 2 27 30 2 52 25
10 39 1 18 54 69 69
65 35 0 28 21 21 25
44 65 9 11 0 30 68
8 47 39 65 35 0 40
57 64 4 39 52 1 12
34 16 46 50 49 22 40
15 30 30 42 27 41 11
40 63 3 44 65 9 6
12 45 63 38 38 63 7
21 4 20 57 64 4 62
29 60 24 21 4 20 56
35 36 30 51 23 36 14
9 8 48 42 27 41 20
58 34 0 48 41 5 8
50 49 22 48 41 5 18
33 52 19 50 49 22 4
23 50 29 39 52 1 28
58 34 0 33 52 19 26
66 43 45 51 23 36 21
15 30 30 22 65 58 44
47 58 58 5 26 37 38
32 14 29 15 30 30 16
0 8 45 29 60 24 56
17 26 10 35 36 30 22
54 60 15 49 12 67 70
51 23 36 49 12 67 32
0 8 45 17 26 10 39
12 45 63 69 2 27 56
39 52 1 51 23 36 45
14 12 60 65 35 0 64
65 35 0 57 64 4 29
59 4 38 68 9 47 10
32 14 29 47 58 58 52
35 36 30 42 27 41 14
4 0 52 23 50 29 55
20 43 21 55 40 61 40
34 16 46 39 52 1 57
34 16 46 31 26 3 44
34 16 46 18 54 69 44
32 14 29 37 55 53 47
29 60 24 14 12 60 60
57 64 4 58 34 0 30
59 4 38 5 26 37 22
24 35 13 33 52 19 18
0 8 45 18 54 69 51
63 7 45 31 26 3 46
57 64 4 2 2 33 68
33 52 19 62 44 65 46
33 52 19 49 12 67 62
9 8 48 33 52 19 52
58 34 0 55 40 61 61
6 17 53 12 45 63 29
10 39 1 16 33 12 12
31 26 3 42 27 41 38
66 43 45 53 17 24 33
41 4 14 20 43 21 39
35 36 30 45 57 62 38
57 64 4 35 36 30 38
32 14 29 40 63 3 55
38 38 63 53 17 24 44
45 57 62 6 17 53 41
55 40 61 30 2 52 39
17 26 10 29 60 24 36
40 63 3 64 5 6 58
22 65 58 34 16 46 50
10 39 1 61 11 56 61
51 23 36 67 33 62 27
17 26 10 57 64 4 38
53 17 24 4 0 52 32
53 17 24 9 8 48 25
15 30 30 40 63 3 42
66 43 45 10 39 1 44
50 49 22 59 4 38 47
57 64 4 16 33 12 32
53 17 24 0 8 45 22
2 2 33 60 2 4 29
45 57 62 64 5 6 76
52 64 8 48 41 5 23
54 60 15 13 11 32 51
59 4 38 4 0 52 14
17 26 10 52 64 8 38
44 65 9 10 39 1 27
37 55 53 6 17 53 38
24 35 13 26 58 0 26
46 9 11 59 4 38 27
47 58 58 20 43 21 39
22 65 58 10 39 1 62
44 65 9 43 28 69 70
4 0 52 29 60 24 66
12 45 63 65 35 0 63
29 60 24 6 17 53 51
8 47 39 31 26 3 41
47 58 58 25 15 36 48
12 45 63 25 15 36 40
36 57 14 0 8 45 57
28 21 21 10 39 1 26
43 28 69 3 62 50 38
57 64 4 40 63 3 1
4 0 52 65 35 0 62
16 33 12 55 40 61 49
41 4 14 28 21 21 18
49 12 67 4 0 52 19
45 57 62 38 38 63 19
23 50 29 37 55 53 24
17 26 10 43 28 69 59
5 26 37 51 23 36 3
9 8 48 49 12 67 19
49 12 67 66 43 45 38
54 60 15 20 43 21 18
66 43 45 12 45 63 18
17 26 10 5 26 37 27
62 44 65 25 15 36 41
6 17 53 17 26 10 43
7 19 11 45 57 62 63
50 49 22 51 23 36 29
9 8 48 52 64 8 68
17 26 10 7 19 11 7
36 57 14 12 45 63 50
1 15 34 26 58 0 54
37 55 53 53 17 24 47
66 43 45 47 58 58 19
3 62 50 18 54 69 20
2 2 33 48 41 5 48
44 65 9 18 54 69 61
67 33 62 32 14 29 38
31 26 3 46 9 11 18
15 30 30 56 37 54 25
51 23 36 45 57 62 42
58 34 0 34 16 46 49
11 0 30 4 0 52 22
9 8 48 28 21 21 29
8 47 39 15 30 30 19
5 26 37 34 16 46 13
27 30 10 9 8 48 43
55 40 61 4 0 52 41
0 8 45 67 33 62 30
10 39 1 5 26 37 38
17 26 10 22 65 58 61
15 30 30 66 43 45 19
42 27 41 67 33 62 21
54 60 15 3 62 50 35
69 2 27 28 21 21 19
61 11 56 42 27 41 21
46 9 11 0 8 45 34
19 26 29 27 30 10 19
27 30 10 41 4 14 26
29 60 24 22 65 58 34
24 35 13 2 2 33 38
60 2 4 39 52 1 50
34 16 46 23 50 29 38
54 60 15 62 44 65 52
23 50 29 35 36 30 14
8 47 39 63 7 45 40
26 58 0 60 2 4 56
35 36 30 33 52 19 19
51 23 36 34 16 46 12
38 38 63 37 55 53 19
41 4 14 61 11 56 42
62 44 65 51 23 36 35
0 8 45 45 57 62 51
17 26 10 45 57 62 60
31 26 3 66 43 45 45
37 55 53 16 33 12 46
40 63 3 6 17 53 67
67 33 62 39 52 1 63
31 26 3 27 30 10 8
14 12 60 18 54 69 42
48 41 5 41 4 14 38
33 52 19 48 41 5 17
35 36 30 64 5 6 39
25 15 36 45 57 62 49
29 60 24 50 49 22 11
64 5 6 49 12 67 61
27 30 10 20 43 21 17
22 65 58 61 11 56 54
1 15 34 46 9 11 23
52 64 8 3 62 50 42
40 63 3 17 26 10 37
41 4 14 18 54 69 74
17 26 10 38 38 63 54
18 54 69 57 64 4 65
6 17 53 24 35 13 43
23 50 29 21 4 20 46
10 39 1 6 17 53 56
51 23 36 48 41 5 35
13 11 32 60 2 4 29
46 9 11 62 44 65 64
7 19 11 3 62 50 58
54 60 15 50 49 22 13
69 2 27 6 17 53 30
27 30 10 42 27 41 31
0 8 45 54 60 15 60
65 35 0 55 40 61 61
43 28 69 48 41 5 65
36 57 14 4 0 52 68
53 17 24 32 14 29 5
46 9 11 21 4 20 10
5 26 37 11 0 30 26
66 43 45 46 9 11 48
19 26 29 37 55 53 37
33 52 19 36 57 14 7
62 44 65 47 58 58 15
43 28 69 52 64 8 70
12 45 63 3 62 50 21
67 33 62 46 9 11 56
10 39 1 38 38 63 62
18 54 69 50 49 22 47
61 11 56 31 26 3 55
32 14 29 64 5 6 24
45 57 62 14 12 60 45
6 17 53 14 12 60 8
34 16 46 47 58 58 43
14 12 60 11 0 30 32
24 35 13 52 64 8 29
27 30 10 1 15 34 28
47 58 58 6 17 53 41
64 5 6 13 11 32 26
58 34 0 26 58 0 24
65 35 0 41 4 14 34
45 57 62 8 47 39 25
32 14 29 50 49 22 35
58 34 0 53 17 24 29
24 35 13 12 45 63 50
32 14 29 68 9 47 18
43 28 69 65 35 0 69
4 0 52 13 11 32 22
43 28 69 9 8 48 29
29 60 24 5 26 37 36
4 0 52 69 2 27 25
27 30 10 34 16 46 38
3 62 50 45 57 62 13
56 37 54 9 8 48 29
41 4 14 66 43 45 49
27 30 10 57 64 4 34
13 11 32 68 9 47 15
3 62 50 44 65 9 41
24 35 13 47 58 58 50
52 64 8 38 38 63 60
25 15 36 5 26 37 11
20 43 21 4 0 52 53
69 2 27 55 40 61 50
68 9 47 9 8 48 1
66 43 45 2 2 33 42
42 27 41 62 44 65 29
18 54 69 46 9 11 73
27 30 10 40 63 3 33
22 65 58 18 54 69 15
29 60 24 31 26 3 39
20 43 21 64 5 6 40
40 63 3 25 15 36 58
51 23 36 43 28 69 33
38 38 63 67 33 62 5
35 36 30 63 7 45 32
65 35 0 22 65 58 65
65 35 0 5 26 37 38
44 65 9 31 26 3 39
55 40 61 52 64 8 58
37 55 53 24 35 13 44
3 62 50 48 41 5 49
52 64 8 50 49 22 20
27 30 10 55 40 61 51
48 41 5 6 17 53 53
49 12 67 15 30 30 41
47 58 58 58 34 0 62
9 8 48 61 11 56 8
20 43 21 35 36 30 11
26 58 0 17 26 10 33
15 30 30 39 52 1 36
39 52 1 10 39 1 13
55 40 61 53 17 24 43
68 9 47 42 27 41 18
60 2 4 37 55 53 72
22 65 58 54 60 15 43
33 52 19 43 28 69 55
44 65 9 17 26 10 39
4 0 52 18 54 69 56
10 39 1 15 30 30 30
37 55 53 9 8 48 47
51 23 36 20 43 21 25
57 64 4 53 17 24 51
16 33 12 8 47 39 30
53 17 24 18 54 69 58
46 9 11 33 52 19 43
37 55 53 25 15 36 43
1 15 34 29 60 24 46
18 54 69 66 43 45 26
44 65 9 22 65 58 49
41 4 14 32 14 29 18
0 8 45 41 4 14 31
41 4 14 19 26 29 26
68 9 47 37 55 53 46
29 60 24 41 4 14 56
12 45 63 39 52 1 62
12 45 63 43 28 69 18
51 23 36 52 64 8 49
15 30 30 30 2 52 35
24 35 13 32 14 29 26
0 8 45 31 26 3 45
24 35 13 51 23 36 25
8 47 39 56 37 54 18
22 65 58 56 37 54 28
44 65 9 0 8 45 67
51 23 36 42 27 41 6
60 2 4 11 0 30 26
63 7 45 56 37 54 31
17 26 10 54 60 15 34
41 4 14 7 19 11 15
25 15 36 56 37 54 28
65 35 0 30 2 52 61
26 58 0 48 41 5 17
1 15 34 63 7 45 13
43 28 69 50 49 22 51
25 15 36 23 50 29 35
7 19 11 50 49 22 31
52 64 8 61 11 56 71
38 38 63 21 4 20 54
4 0 52 30 2 52 2
2 2 33 46 9 11 23
29 60 24 56 37 54 37
25 15 36 26 58 0 56
7 19 11 2 2 33 27
62 44 65 35 36 30 35
34 16 46 15 30 30 21
58 34 0 12 45 63 63
57 64 4 28 21 21 46
5 26 37 43 28 69 32
31 26 3 48 41 5 15
50 49 22 61 11 56 50
39 52 1 58 34 0 18
11 0 30 63 7 45 16
22 65 58 69 2 27 70
15 30 30 68 9 47 27
16 33 12 12 45 63 52
18 54 69 56 37 54 22
61 11 56 16 33 12 49
37 55 53 43 28 69 31
62 44 65 4 0 52 45
63 7 45 58 34 0 52
44 65 9 37 55 53 45
34 16 46 57 64 4 63
50 49 22 12 45 63 41
15 30 30 58 34 0 30
35 36 30 8 47 39 14
58 34 0 30 2 52 61
21 4 20 14 12 60 40
54 60 15 53 17 24 43
41 4 14 2 2 33 19
65 35 0 34 16 46 49
45 57 62 23 50 29 33
13 11 32 19 26 29 15
19 26 29 7 19 11 19
31 26 3 39 52 1 26
10 39 1 32 14 29 37
1 15 34 7 19 11 23
18 54 69 32 14 29 56
28 21 21 22 65 58 57
36 57 14 45 57 62 48
42 27 41 10 39 1 41
23 50 29 68 9 47 44
63 7 45 2 2 33 13
52 64 8 2 2 33 66
28 21 21 2 2 33 22
59 4 38 66 43 45 39
56 37 54 57 64 4 56
27 30 10 37 55 53 49
48 41 5 62 44 65 60
13 11 32 52 64 8 58
38 38 63 65 35 0 63
30 2 52 59 4 38 14
11 0 30 23 50 29 50
15 30 30 50 49 22 20
22 65 58 36 57 14 44
52 64 8 67 33 62 62
6 17 53 60 2 4 51
17 26 10 28 21 21 12
29 60 24 54 60 15 9
8 47 39 10 39 1 38
36 57 14 19 26 29 34
51 23 36 19 26 29 7
3 62 50 39 52 1 50
52 64 8 42 27 41 49
62 44 65 26 58 0 66
32 14 29 44 65 9 54
56 37 54 26 58 0 57
47 58 58 55 40 61 18
12 45 63 22 65 58 20
28 21 21 39 52 1 36
41 4 14 46 9 11 5
66 43 45 16 33 12 34
7 19 11 42 27 41 31
50 49 22 2 2 33 48
47 58 58 19 26 29 43
11 0 30 58 34 0 45
23 50 29 44 65 9 25
44 65 9 28 21 21 45
69 2 27 66 43 45 44
18 54 69 24 35 13 59
44 65 9 55 40 61 57
26 58 0 9 8 48 69
35 36 30 36 57 14 26
42 27 41 34 16 46 12
19 26 29 24 35 13 18
31 26 3 23 50 29 35
35 36 30 30 2 52 40
62 44 65 53 17 24 49
59 4 38 13 11 32 9
45 57 62 18 54 69 7
35 36 30 43 28 69 39
45 57 62 53 17 24 55
12 45 63 29 60 24 41
12 45 63 54 60 15 50
60 2 4 43 28 69 70
69 2 27 3 62 50 64
37 55 53 64 5 6 68
53 17 24 17 26 10 16
52 64 8 36 57 14 9
31 26 3 7 19 11 10
53 17 24 59 4 38 19
51 23 36 8 47 39 24
64 5 6 12 45 63 69
55 40 61 21 4 20 54
67 33 62 22 65 58 32
51 23 36 40 63 3 51
46 9 11 53 17 24 15
35 36 30 31 26 3 28
44 65 9 61 11 56 71
26 58 0 16 33 12 27
3 62 50 32 14 29 52
18 54 69 36 57 14 55
51 23 36 65 35 0 37
54 60 15 27 30 10 30
30 2 52 34 16 46 15
17 26 10 3 62 50 53
57 64 4 67 33 62 65
32 14 29 13 11 32 4
7 19 11 10 39 1 22
50 49 22 11 0 30 49
11 0 30 69 2 27 3
22 65 58 57 64 4 54
57 64 4 46 9 11 55
46 9 11 20 43 21 35
38 38 63 56 37 54 9
35 36 30 12 45 63 34
54 60 15 14 12 60 65
23 50 29 50 49 22 7
12 45 63 37 55 53 14
60 2 4 10 39 1 37
30 2 52 23 50 29 53
67 33 62 10 39 1 61
68 9 47 40 63 3 69
33 52 19 69 2 27 50
20 43 21 10 39 1 20
24 35 13 68 9 47 42
66 43 45 22 65 58 25
11 0 30 29 60 24 60
59 4 38 9 8 48 10
26 58 0 7 19 11 40
29 60 24 20 43 21 17
40 63 3 33 52 19 19
63 7 45 53 17 24 23
10 39 1 54 60 15 25
30 2 52 49 12 67 18
25 15 36 33 52 19 40
2 2 33 19 26 29 24
54 60 15 23 50 29 17
25 15 36 9 8 48 13
26 58 0 10 39 1 19
63 7 45 16 33 12 42
42 27 41 1 15 34 13
0 8 45 13 11 32 13
40 63 3 61 11 56 74
14 12 60 37 55 53 43
57 64 4 38 38 63 64
31 26 3 55 40 61 59
59 4 38 55 40 61 42
1 15 34 40 63 3 57
9 8 48 30 2 52 7
54 60 15 66 43 45 34
9 8 48 13 11 32 16
24 35 13 54 60 15 25
24 35 13 63 7 45 42
56 37 54 53 17 24 36
41 4 14 62 44 65 64
38 38 63 68 9 47 33
58 34 0 49 12 67 70
44 65 9 49 12 67 78
35 36 30 6 17 53 29
11 0 30 24 35 13 38
13 11 32 10 39 1 41
9 8 48 34 16 46 8
2 2 33 12 45 63 52
34 16 46 19 26 29 19
16 33 12 46 9 11 24
55 40 61 43 28 69 14
9 8 48 24 35 13 44
39 52 1 42 27 41 47
69 2 27 52 64 8 64
8 47 39 29 60 24 19
52 64 8 33 52 19 16
26 58 0 19 26 29 43
43 28 69 42 27 41 28
1 15 34 55 40 61 36
2 2 33 29 60 24 58
42 27 41 33 52 19 33
15 30 30 26 58 0 41
58 34 0 45 57 62 66
53 17 24 67 33 62 41
37 55 53 41 4 14 64
7 19 11 60 2 4 18
47 58 58 51 23 36 41
41 4 14 10 39 1 37
2 2 33 21 4 20 13
20 43 21 52 64 8 24
50 49 22 69 2 27 47
54 60 15 48 41 5 21
66 43 45 24 35 13 32
5 26 37 68 9 47 19
43 28 69 21 4 20 54
61 11 56 13 11 32 24
5 26 37 64 5 6 37
65 35 0 60 2 4 33
28 21 21 35 36 30 17
10 39 1 17 26 10 15
5 26 37 23 50 29 25
59 4 38 12 45 63 48
55 40 61 37 55 53 17
14 12 60 25 15 36 24
39 52 1 41 4 14 49
35 36 30 48 41 5 25
60 2 4 12 45 63 73
24 35 13 49 12 67 58
62 44 65 36 57 14 52
57 64 4 0 8 45 69
67 33 62 43 28 69 8
10 39 1 25 15 36 42
20 43 21 11 0 30 43
40 63 3 29 60 24 21
16 33 12 14 12 60 52
57 64 4 55 40 61 61
28 21 21 58 34 0 24
47 58 58 54 60 15 43
58 34 0 4 0 52 62
57 64 4 33 52 19 19
60 2 4 58 34 0 32
68 9 47 48 41 5 52
11 0 30 37 55 53 59
35 36 30 14 12 60 38
29 60 24 15 30 30 30
65 35 0 45 57 62 65
63 7 45 15 30 30 27
37 55 53 67 33 62 23
50 49 22 25 15 36 36
1 15 34 34 16 46 12
8 47 39 32 14 29 34
27 30 10 56 37 54 44
36 57 14 49 12 67 69
0 8 45 12 45 63 41
40 63 3 26 58 0 5
11 0 30 18 54 69 66
61 11 56 33 52 19 55
68 9 47 7 19 11 37
25 15 36 20 43 21 31
37 55 53 40 63 3 50
62 44 65 66 43 45 20
58 34 0 56 37 54 54
5 26 37 56 37 54 20
40 63 3 41 4 14 60
56 37 54 68 9 47 28
64 5 6 16 33 12 28
43 28 69 34 16 46 25
11 0 30 36 57 14 59
23 50 29 42 27 41 25
23 50 29 59 4 38 46
22 65 58 7 19 11 65
1 15 34 64 5 6 29
5 26 37 24 35 13 25
35 36 30 29 60 24 24
66 43 45 63 7 45 36
37 55 53 33 52 19 34
3 62 50 30 2 52 60
63 7 45 21 4 20 25
14 12 60 23 50 29 49
55 40 61 49 12 67 28
63 7 45 37 55 53 48
9 8 48 47 58 58 50
18 54 69 7 19 11 67
12 45 63 67 33 62 12
52 64 8 60 2 4 62
5 26 37 49 12 67 33
19 26 29 6 17 53 25
64 5 6 65 35 0 30
1 15 34 23 50 29 35
27 30 10 10 39 1 12
57 64 4 48 41 5 23
17 26 10 31 26 3 7
31 26 3 60 2 4 24
20 43 21 13 11 32 33
66 43 45 6 17 53 27
41 4 14 9 8 48 34
20 43 21 5 26 37 23
65 35 0 24 35 13 13
21 4 20 68 9 47 27
63 7 45 41 4 14 31
13 11 32 35 36 30 25
39 52 1 11 0 30 59
61 11 56 30 2 52 9
19 26 29 3 62 50 41
59 4 38 6 17 53 19
2 2 33 26 58 0 65
66 43 45 44 65 9 42
6 17 53 21 4 20 35
47 58 58 15 30 30 39
59 4 38 57 64 4 68
43 28 69 39 52 1 72
46 9 11 49 12 67 56
23 50 29 58 34 0 33
4 0 52 8 47 39 48
20 43 21 31 26 3 24
33 52 19 34 16 46 45
7 19 11 23 50 29 35
45 57 62 2 2 33 62
6 17 53 11 0 30 28
4 0 52 44 65 9 77
50 49 22 16 33 12 18
65 35 0 68 9 47 53
33 52 19 64 5 6 48
36 57 14 9 8 48 59
16 33 12 28 21 21 15
10 39 1 33 52 19 22
8 47 39 6 17 53 33
37 55 53 58 34 0 57
47 58 58 16 33 12 52
37 55 53 54 60 15 38
18 54 69 1 15 34 52
12 45 63 63 7 45 42
62 44 65 2 2 33 52
55 40 61 2 2 33 47
58 34 0 64 5 6 29
37 55 53 30 2 52 53
63 7 45 20 43 21 43
8 47 39 7 19 11 39
11 0 30 53 17 24 18
32 14 29 2 2 33 12
54 60 15 40 63 3 12
50 49 22 14 12 60 53
55 40 61 35 36 30 31
6 17 53 43 28 69 19
19 26 29 62 44 65 40
26 58 0 11 0 30 65
52 64 8 54 60 15 8
15 30 30 48 41 5 27
10 39 1 59 4 38 50
35 36 30 67 33 62 32
16 33 12 6 17 53 44
2 2 33 43 28 69 44
36 57 14 50 49 22 11
60 2 4 30 2 52 48
5 26 37 16 33 12 25
17 26 10 21 4 20 24
3 62 50 27 30 10 51
39 52 1 9 8 48 64
31 26 3 22 65 58 67
21 4 20 33 52 19 48
30 2 52 42 27 41 27
62 44 65 9 8 48 39
37 55 53 46 9 11 62
42 27 41 11 0 30 29
61 11 56 43 28 69 21
30 2 52 10 39 1 63
38 38 63 7 19 11 55
24 35 13 28 21 21 16
33 52 19 8 47 39 20
24 35 13 7 19 11 16
55 40 61 8 47 39 23
60 2 4 50 49 22 50
20 43 21 9 8 48 44
60 2 4 49 12 67 63
50 49 22 45 57 62 40
39 52 1 16 33 12 21
60 2 4 41 4 14 10
33 52 19 4 0 52 61
7 19 11 39 52 1 34
38 38 63 2 2 33 46
53 17 24 39 52 1 41
52 64 8 32 14 29 54
18 54 69 62 44 65 10
55 40 61 56 37 54 7
57 64 4 45 57 62 58
46 9 11 5 26 37 31
3 62 50 37 55 53 7
69 2 27 19 26 29 24
9 8 48 65 35 0 55
41 4 14 47 58 58 69
5 26 37 38 38 63 28
54 60 15 11 0 30 61
9 8 48 7 19 11 38
33 52 19 3 62 50 32
10 39 1 43 28 69 68
45 57 62 19 26 29 45
62 44 65 52 64 8 60
20 43 21 40 63 3 26
55 40 61 19 26 29 34
20 43 21 28 21 21 22
40 63 3 62 44 65 64
36 57 14 17 26 10 31
45 57 62 1 15 34 50
47 58 58 45 57 62 4
30 2 52 50 49 22 55
20 43 21 69 2 27 41
55 40 61 22 65 58 25
3 62 50 34 16 46 46
22 65 58 64 5 6 79
16 33 12 33 52 19 20
35 36 30 40 63 3 38
2 2 33 3 62 50 62
1 15 34 37 55 53 44
1 15 34 14 12 60 26
1 15 34 56 37 54 29
42 27 41 17 26 10 31
36 57 14 54 60 15 3
21 4 20 24 35 13 31
11 0 30 68 9 47 19
48 41 5 66 43 45 40
36 57 14 30 2 52 66
24 35 13 29 60 24 27
0 8 45 56 37 54 30
15 30 30 35 36 30 6
34 16 46 66 43 45 27
0 8 45 10 39 1 53
53 17 24 1 15 34 10
47 58 58 49 12 67 46
6 17 53 42 27 41 15
67 33 62 30 2 52 32
3 62 50 11 0 30 65
44 65 9 21 4 20 61
47 58 58 18 54 69 11
11 0 30 45 57 62 65
14 12 60 0 8 45 15
4 0 52 1 15 34 23
49 12 67 19 26 29 40
15 30 30 21 4 20 27
18 54 69 25 15 36 51
49 12 67 23 50 29 53
22 65 58 37 55 53 11
1 15 34 16 33 12 28
65 35 0 13 11 32 40
36 57 14 46 9 11 48
64 5 6 56 37 54 57
32 14 29 7 19 11 18
3 62 50 35 36 30 32
44 65 9 5 26 37 48
29 60 24 36 57 14 10
19 26 29 10 39 1 30
41 4 14 36 57 14 53
32 14 29 35 36 30 22
19 26 29 48 41 5 28
9 8 48 12 45 63 39
48 41 5 8 47 39 34
60 2 4 28 21 21 25
14 12 60 68 9 47 13
21 4 20 30 2 52 32
1 15 34 22 65 58 55
21 4 20 65 35 0 36
25 15 36 8 47 39 32
37 55 53 5 26 37 33
19 26 29 5 26 37 8
35 36 30 54 60 15 28
16 33 12 58 34 0 12
24 35 13 36 57 14 22
38 38 63 26 58 0 66
66 43 45 65 35 0 45
44 65 9 26 58 0 11
7 19 11 48 41 5 22
37 55 53 28 21 21 46
31 26 3 4 0 52 55
15 30 30 33 52 19 24
62 44 65 0 8 45 41
66 43 45 57 64 4 46
4 0 52 50 49 22 57
40 63 3 36 57 14 12
63 7 45 3 62 50 55
48 41 5 27 30 10 12
42 27 41 59 4 38 23
4 0 52 5 26 37 30
50 49 22 68 9 47 47
39 52 1 2 2 33 59
1 15 34 66 43 45 30
42 27 41 63 7 45 20
35 36 30 9 8 48 33
21 4 20 48 41 5 39
55 40 61 54 60 15 50
43 28 69 26 58 0 75
56 37 54 3 62 50 25
30 2 52 25 15 36 20
46 9 11 13 11 32 21
28 21 21 15 30 30 12
33 52 19 63 7 45 51
24 35 13 16 33 12 2
59 4 38 41 4 14 24
53 17 24 42 27 41 19
1 15 34 48 41 5 38
1 15 34 19 26 29 12
34 16 46 53 17 24 22
16 33 12 25 15 36 30
21 4 20 49 12 67 47
36 57 14 53 17 24 41
8 47 39 44 65 9 34
13 11 32 50 49 22 39
38 38 63 0 8 45 34
66 43 45 38 38 63 18
61 11 56 15 30 30 32
38 38 63 54 60 15 52
47 58 58 12 45 63 13
49 12 67 57 64 4 81
56 37 54 34 16 46 22
10 39 1 11 0 30 48
67 33 62 2 2 33 42
64 5 6 66 43 45 54
28 21 21 54 60 15 39
57 64 4 51 23 36 52
61 11 56 68 9 47 9
68 9 47 16 33 12 42
63 7 45 28 21 21 27
13 11 32 51 23 36 12
47 58 58 69 2 27 64
31 26 3 67 33 62 59
40 63 3 52 64 8 5
11 0 30 13 11 32 11
18 54 69 68 9 47 50
63 7 45 5 26 37 20
60 2 4 29 60 24 61
27 30 10 17 26 10 4
17 26 10 11 0 30 32
24 35 13 43 28 69 56
40 63 3 13 11 32 59
35 36 30 58 34 0 30
58 34 0 61 11 56 60
16 33 12 19 26 29 18
15 30 30 9 8 48 28
66 43 45 17 26 10 38
24 35 13 55 40 61 48
68 9 47 0 8 45 2
52 64 8 27 30 10 34
67 33 62 56 37 54 8
4 0 52 39 52 1 72
38 38 63 22 65 58 27
42 27 41 25 15 36 13
61 11 56 20 43 21 47
62 44 65 57 64 4 64
34 16 46 41 4 14 34
50 49 22 64 5 6 46
66 43 45 35 36 30 16
56 37 54 45 57 62 21
15 30 30 64 5 6 34
63 7 45 40 63 3 70
17 26 10 65 35 0 13
57 64 4 50 49 22 23
3 62 50 6 17 53 45
53 17 24 51 23 36 13
18 54 69 17 26 10 65
48 41 5 5 26 37 35
15 30 30 41 4 14 30
18 54 69 12 45 63 10
57 64 4 19 26 29 45
23 50 29 22 65 58 32
42 27 41 50 49 22 29
44 65 9 45 57 62 53
42 27 41 36 57 14 40
28 21 21 53 17 24 5
63 7 45 51 23 36 18
54 60 15 16 33 12 27
45 57 62 40 63 3 59
35 36 30 53 17 24 19
47 58 58 10 39 1 60
9 8 48 46 9 11 37
13 11 32 56 37 54 34
3 62 50 1 15 34 49
63 7 45 34 16 46 9
59 4 38 31 26 3 41
40 63 3 46 9 11 54
55 40 61 36 57 14 49
59 4 38 0 8 45 8
36 57 14 64 5 6 52
21 4 20 39 52 1 51
60 2 4 33 52 19 52
2 2 33 10 39 1 48
16 33 12 11 0 30 37
67 33 62 60 2 4 65
68 9 47 12 45 63 39
68 9 47 6 17 53 10
25 15 36 15 30 30 16
49 12 67 16 33 12 58
13 11 32 1 15 34 4
37 55 53 66 43 45 14
43 28 69 57 64 4 74
64 5 6 61 11 56 50
12 45 63 23 50 29 34
30 2 52 31 26 3 54
50 49 22 40 63 3 23
7 19 11 62 44 65 59
0 8 45 43 28 69 31
31 26 3 3 62 50 59
46 9 11 34 16 46 35
69 2 27 27 30 10 32
15 30 30 62 44 65 37
66 43 45 29 60 24 27
41 4 14 44 65 9 61
57 64 4 69 2 27 66
38 38 63 6 17 53 23
58 34 0 14 12 60 63
11 0 30 57 64 4 69
52 64 8 47 58 58 50
43 28 69 23 50 29 45
47 58 58 53 17 24 53
32 14 29 51 23 36 11
52 64 8 58 34 0 31
34 16 46 28 21 21 25
16 33 12 4 0 52 51
60 2 4 27 30 10 28
47 58 58 48 41 5 55
32 14 29 59 4 38 13
52 64 8 7 19 11 45
5 26 37 1 15 34 11
17 26 10 32 14 29 22
57 64 4 15 30 30 42
68 9 47 44 65 9 67
7 19 11 4 0 52 45
31 26 3 21 4 20 27
60 2 4 0 8 45 41
31 26 3 24 35 13 13
34 16 46 25 15 36 10
21 4 20 52 64 8 61
4 0 52 64 5 6 46
19 26 29 64 5 6 31
58 34 0 2 2 33 45
4 0 52 25 15 36 21
11 0 30 33 52 19 53
1 15 34 36 57 14 46
3 62 50 20 43 21 34
4 0 52 61 11 56 11
62 44 65 63 7 45 42
42 27 41 58 34 0 41
4 0 52 35 36 30 42
68 9 47 10 39 1 54
60 2 4 18 54 69 83
27 30 10 65 35 0 11
25 15 36 31 26 3 34
65 35 0 32 14 29 35
60 2 4 35 36 30 42
41 4 14 33 52 19 48
34 16 46 35 36 30 25
8 47 39 9 8 48 40
6 17 53 56 37 54 20
5 26 37 45 57 62 39
26 58 0 12 45 63 64
16 33 12 29 60 24 29
13 11 32 12 45 63 46
51 23 36 61 11 56 23
58 34 0 3 62 50 57
9 8 48 60 2 4 44
15 30 30 43 28 69 39
7 19 11 49 12 67 56
28 21 21 7 19 11 10
13 11 32 37 55 53 48
63 7 45 23 50 29 45
15 30 30 52 64 8 40
12 45 63 48 41 5 58
30 2 52 16 33 12 50
69 2 27 35 36 30 34
17 26 10 30 2 52 48
45 57 62 67 33 62 24
34 16 46 45 57 62 44
36 57 14 47 58 58 44
60 2 4 59 4 38 34
15 30 30 55 40 61 32
16 33 12 15 30 30 18
42 27 41 12 45 63 28
18 54 69 61 11 56 44
4 0 52 45 57 62 57
62 44 65 1 15 34 42
48 41 5 17 26 10 15
29 60 24 65 35 0 34
1 15 34 57 64 4 57
42 27 41 0 8 45 19
64 5 6 25 15 36 31
33 52 19 2 2 33 51
4 0 52 68 9 47 10
63 7 45 14 12 60 15
16 33 12 59 4 38 38
9 8 48 17 26 10 42
68 9 47 55 40 61 34
57 64 4 52 64 8 4
14 12 60 24 35 13 52
46 9 11 45 57 62 70
5 26 37 15 30 30 8
30 2 52 8 47 39 46
35 36 30 16 33 12 18
18 54 69 21 4 20 70
35 36 30 52 64 8 35
52 64 8 1 15 34 55
3 62 50 59 4 38 59
60 2 4 55 40 61 68
54 60 15 64 5 6 55
0 8 45 40 63 3 69
60 2 4 45 57 62 79
0 8 45 28 21 21 27
40 63 3 16 33 12 31
58 34 0 32 14 29 35
31 26 3 40 63 3 37
31 26 3 56 37 54 52
32 14 29 11 0 30 14
26 58 0 37 55 53 53
29 60 24 38 38 63 44
42 27 41 24 35 13 29
28 21 21 46 9 11 15
28 21 21 40 63 3 45
67 33 62 18 54 69 22
23 50 29 38 38 63 36
41 4 14 24 35 13 31
12 45 63 44 65 9 57
63 7 45 6 17 53 12
17 26 10 51 23 36 26
44 65 9 48 41 5 24
4 0 52 42 27 41 29
67 33 62 20 43 21 42
64 5 6 55 40 61 65
28 21 21 47 58 58 52
55 40 61 9 8 48 34
11 0 30 2 2 33 3
24 35 13 27 30 10 5
60 2 4 51 23 36 38
33 52 19 17 26 10 27
63 7 45 0 8 45 1
19 26 29 67 33 62 33
4 0 52 40 63 3 79
58 34 0 67 33 62 62
47 58 58 63 7 45 52
46 9 11 14 12 60 49
61 11 56 62 44 65 34
46 9 11 7 19 11 10
60 2 4 5 26 37 40
45 57 62 30 2 52 55
30 2 52 24 35 13 51
13 11 32 63 7 45 13
61 11 56 25 15 36 20
54 60 15 63 7 45 60
34 16 46 36 57 14 52
56 37 54 30 2 52 35
9 8 48 32 14 29 19
49 12 67 38 38 63 26
26 58 0 68 9 47 67
49 12 67 35 36 30 44
14 12 60 55 40 61 28
46 9 11 22 65 58 73
27 30 10 6 17 53 44
12 45 63 45 57 62 12
5 26 37 39 52 1 44
59 4 38 38 38 63 42
16 33 12 41 4 14 29
60 2 4 8 47 39 57
1 15 34 9 8 48 15
69 2 27 26 58 0 62
30 2 52 57 64 4 78
17 26 10 49 12 67 58
35 36 30 41 4 14 35
6 17 53 25 15 36 17
24 35 13 58 34 0 13
31 26 3 9 8 48 48
16 33 12 21 4 20 30
23 50 29 47 58 58 30
62 44 65 60 2 4 74
43 28 69 38 38 63 11
15 30 30 65 35 0 30
67 33 62 26 58 0 66
21 4 20 11 0 30 10
4 0 52 37 55 53 55
53 17 24 24 35 13 21
35 36 30 25 15 36 21
65 35 0 61 11 56 60
4 0 52 10 39 1 64
29 60 24 69 2 27 58
1 15 34 12 45 63 41
69 2 27 15 30 30 28
23 50 29 27 30 10 27
43 28 69 16 33 12 57
9 8 48 67 33 62 28
30 2 52 7 19 11 44
22 65 58 11 0 30 70
14 12 60 22 65 58 53
31 26 3 11 0 30 37
43 28 69 58 34 0 69
44 65 9 67 33 62 61
8 47 39 19 26 29 23
21 4 20 47 58 58 66
55 40 61 23 50 29 33
66 43 45 11 0 30 45
38 38 63 48 41 5 58
0 8 45 66 43 45 35
4 0 52 60 2 4 48
62 44 65 39 52 1 64
16 33 12 53 17 24 20
11 0 30 9 8 48 19
21 4 20 53 17 24 13
62 44 65 34 16 46 33
33 52 19 18 54 69 50
6 17 53 57 64 4 67
14 12 60 69 2 27 34
67 33 62 40 63 3 66
22 65 58 30 2 52 63
69 2 27 32 14 29 12
61 11 56 56 37 54 26
24 35 13 40 63 3 29
39 52 1 33 52 19 18
11 0 30 59 4 38 8
10 39 1 45 57 62 63
28 21 21 49 12 67 46
60 2 4 24 35 13 34
54 60 15 21 4 20 56
32 14 29 42 27 41 17
1 15 34 68 9 47 14
21 4 20 42 27 41 31
15 30 30 0 8 45 26
43 28 69 56 37 54 17
40 63 3 66 43 45 46
55 40 61 29 60 24 42
60 2 4 25 15 36 34
42 27 41 54 60 15 42
5 26 37 8 47 39 21
49 12 67 43 28 69 16
19 26 29 39 52 1 38
44 65 9 27 30 10 35
24 35 13 45 57 62 53
7 19 11 67 33 62 52
24 35 13 4 0 52 52
26 58 0 41 4 14 55
16 33 12 51 23 36 26
4 0 52 43 28 69 32
18 54 69 40 63 3 66
18 54 69 13 11 32 56
57 64 4 64 5 6 59
2 2 33 1 15 34 13
26 58 0 39 52 1 6
24 35 13 59 4 38 39
65 35 0 11 0 30 46
52 64 8 68 9 47 67
20 43 21 14 12 60 49
62 44 65 49 12 67 32
41 4 14 3 62 50 68
50 49 22 17 26 10 25
23 50 29 29 60 24 11
62 44 65 29 60 24 44
19 26 29 38 38 63 36
37 55 53 34 16 46 39
65 35 0 37 55 53 56
14 12 60 67 33 62 21
50 49 22 8 47 39 17
28 21 21 43 28 69 48
21 4 20 56 37 54 47
61 11 56 69 2 27 30
18 54 69 29 60 24 45
5 26 37 2 2 33 24
53 17 24 61 11 56 32
6 17 53 53 17 24 29
58 34 0 6 17 53 55
46 9 11 51 23 36 28
10 39 1 48 41 5 4
58 34 0 46 9 11 27
13 11 32 49 12 67 35
56 37 54 35 36 30 24
51 23 36 10 39 1 38
1 15 34 21 4 20 17
48 41 5 55 40 61 56
64 5 6 29 60 24 57
4 0 52 0 8 45 10
14 12 60 64 5 6 54
59 4 38 8 47 39 43
36 57 14 10 39 1 22
45 57 62 16 33 12 55
67 33 62 64 5 6 62
58 34 0 19 26 29 30
69 2 27 45 57 62 65
36 57 14 67 33 62 53
38 38 63 36 57 14 52
50 49 22 41 4 14 45
49 12 67 3 62 50 52
17 26 10 60 2 4 24
5 26 37 18 54 69 42
45 57 62 52 64 8 54
15 30 30 3 62 50 37
5 26 37 9 8 48 21
49 12 67 34 16 46 21
61 11 56 0 8 45 11
62 44 65 17 26 10 57
40 63 3 34 16 46 63
46 9 11 60 2 4 9
44 65 9 64 5 6 60
52 64 8 19 26 29 43
25 15 36 27 30 10 30
38 38 63 46 9 11 59
53 17 24 12 45 63 48
47 58 58 61 11 56 47
37 55 53 17 26 10 51
13 11 32 25 15 36 5
56 37 54 44 65 9 53
18 54 69 55 40 61 16
19 26 29 28 21 21 9
43 28 69 22 65 58 38
60 2 4 3 62 50 75
15 30 30 12 45 63 36
21 4 20 37 55 53 60
58 34 0 36 57 14 26
38 38 63 8 47 39 25
39 52 1 24 35 13 20
59 4 38 45 57 62 58
55 40 61 63 7 45 36
16 33 12 3 62 50 47
2 2 33 0 8 45 13
49 12 67 42 27 41 30
31 26 3 33 52 19 30
51 23 36 1 15 34 8
61 11 56 2 2 33 24
29 60 24 68 9 47 55
49 12 67 29 60 24 64
14 12 60 5 26 37 26
38 38 63 39 52 1 63
58 34 0 54 60 15 30
30 2 52 43 28 69 31
19 26 29 17 26 10 19
40 63 3 14 12 60 76
50 49 22 9 8 48 48
25 15 36 28 21 21 16
0 8 45 30 2 52 9
30 2 52 51 23 36 26
8 47 39 53 17 24 33
25 15 36 69 2 27 15
0 8 45 3 62 50 54
7 19 11 16 33 12 14
13 11 32 24 35 13 30
54 60 15 25 15 36 49
9 8 48 54 60 15 61
21 4 20 5 26 37 27
20 43 21 44 65 9 25
59 4 38 36 57 14 58
26 58 0 0 8 45 67
56 37 54 48 41 5 49
63 7 45 22 65 58 59
37 55 53 50 49 22 31
2 2 33 30 2 52 19
40 63 3 47 58 58 55
40 63 3 43 28 69 74
55 40 61 34 16 46 28
46 9 11 42 27 41 34
26 58 0 54 60 15 15
59 4 38 69 2 27 11
44 65 9 38 38 63 60
47 58 58 26 58 0 58
5 26 37 41 4 14 31
31 26 3 68 9 47 47
2 2 33 40 63 3 67
4 0 52 26 58 0 77
59 4 38 49 12 67 30
23 50 29 0 8 45 44
3 62 50 53 17 24 51
40 63 3 7 19 11 44
29 60 24 9 8 48 57
3 62 50 47 58 58 8
0 8 45 39 52 1 62
23 50 29 60 2 4 54
20 43 21 45 57 62 43
6 17 53 33 52 19 48
32 14 29 62 44 65 46
21 4 20 7 19 11 17
27 30 10 7 19 11 11
43 28 69 19 26 29 40
26 58 0 35 36 30 37
58 34 0 22 65 58 65
38 38 63 1 15 34 37
7 19 11 65 35 0 19
36 57 14 21 4 20 53
17 26 10 15 30 30 20
64 5 6 39 52 1 47
27 30 10 21 4 20 27
28 21 21 13 11 32 14
35 36 30 37 55 53 29
47 58 58 43 28 69 31
1 15 34 15 30 30 15
28 21 21 1 15 34 14
49 12 67 22 65 58 53
68 9 47 64 5 6 41
59 4 38 44 65 9 67
65 35 0 10 39 1 4
26 58 0 21 4 20 57
33 52 19 23 50 29 10
6 17 53 13 11 32 21
43 28 69 64 5 6 67
12 45 63 31 26 3 62
4 0 52 54 60 15 70
38 38 63 60 2 4 69
28 21 21 56 37 54 36
9 8 48 51 23 36 19
41 4 14 57 64 4 60
23 50 29 20 43 21 10
15 30 30 7 19 11 21
43 28 69 8 47 39 35
44 65 9 1 15 34 55
69 2 27 58 34 0 41
52 64 8 64 5 6 59
28 21 21 42 27 41 20
24 35 13 8 47 39 28
62 44 65 5 26 37 33
52 64 8 59 4 38 67
63 7 45 52 64 8 67
46 9 11 48 41 5 32
56 37 54 41 4 14 51
28 21 21 55 40 61 44
62 44 65 23 50 29 36
33 52 19 53 17 24 35
8 47 39 1 15 34 32
13 11 32 33 52 19 43
41 4 14 52 64 8 60
41 4 14 6 17 53 41
56 37 54 62 44 65 13
32 14 29 57 64 4 55
53 17 24 30 2 52 31
59 4 38 27 30 10 38
40 63 3 5 26 37 50
54 60 15 18 54 69 54
61 11 56 63 7 45 11
65 35 0 16 33 12 12
3 62 50 46 9 11 65
66 43 45 5 26 37 18
33 52 19 45 57 62 43
52 64 8 39 52 1 13
52 64 8 30 2 52 76
41 4 14 64 5 6 8
31 26 3 13 11 32 32
59 4 38 61 11 56 19
55 40 61 25 15 36 35
30 2 52 6 17 53 15
55 40 61 40 63 3 62
68 9 47 54 60 15 60
57 64 4 61 11 56 74
38 38 63 13 11 32 41
45 57 62 29 60 24 38
51 23 36 7 19 11 25
6 17 53 62 44 65 29
24 35 13 50 49 22 16
30 2 52 38 38 63 37
27 30 10 13 11 32 29
1 15 34 35 36 30 21
48 41 5 14 12 60 62
59 4 38 58 34 0 48
18 54 69 2 2 33 63
45 57 62 61 11 56 46
22 65 58 25 15 36 54
57 64 4 7 19 11 45
31 26 3 37 55 53 57
39 52 1 69 2 27 56
44 65 9 69 2 27 65
16 33 12 17 26 10 7
47 58 58 13 11 32 53
22 65 58 60 2 4 82
33 52 19 68 9 47 51
9 8 48 4 0 52 8
40 63 3 12 45 63 62
15 30 30 11 0 30 30
7 19 11 44 65 9 46
57 64 4 20 43 21 27
27 30 10 15 30 30 20
3 62 50 5 26 37 38
61 11 56 12 45 63 34
10 39 1 55 40 61 60
28 21 21 52 64 8 44
21 4 20 8 47 39 47
41 4 14 13 11 32 19
3 62 50 67 33 62 31
29 60 24 58 34 0 35
57 64 4 5 26 37 50
24 35 13 67 33 62 49
49 12 67 20 43 21 55
14 12 60 17 26 10 51
23 50 29 69 2 27 48
18 54 69 20 43 21 49
22 65 58 47 58 58 7
45 57 62 42 27 41 36
34 16 46 0 8 45 8
2 2 33 64 5 6 27
35 36 30 5 26 37 12
46 9 11 50 49 22 41
68 9 47 30 2 52 8
57 64 4 24 35 13 30
20 43 21 59 4 38 42
39 52 1 17 26 10 27
5 26 37 30 2 52 28
54 60 15 67 33 62 54
15 30 30 13 11 32 19
56 37 54 65 35 0 54
18 54 69 64 5 6 79
44 65 9 16 33 12 32
63 7 45 39 52 1 62
23 50 29 67 33 62 37
32 14 29 33 52 19 39
41 4 14 21 4 20 6
18 54 69 38 38 63 17
40 63 3 58 34 0 29
40 63 3 69 2 27 65
32 14 29 6 17 53 24
7 19 11 69 2 27 23
45 57 62 41 4 14 71
32 14 29 63 7 45 17
58 34 0 9 8 48 54
63 7 45 19 26 29 24
27 30 10 29 60 24 33
39 52 1 37 55 53 52
58 34 0 7 19 11 18
61 11 56 38 38 63 27
48 41 5 40 63 3 22
48 41 5 45 57 62 59
14 12 60 41 4 14 46
29 60 24 51 23 36 38
4 0 52 63 7 45 9
44 65 9 54 60 15 7
66 43 45 30 2 52 41
32 14 29 5 26 37 14
2 2 33 68 9 47 15
15 30 30 14 12 60 34
39 52 1 47 58 58 57
54 60 15 32 14 29 48
29 60 24 57 64 4 20
46 9 11 30 2 52 41
50 49 22 21 4 20 45
50 49 22 0 8 45 47
58 34 0 13 11 32 39
41 4 14 38 38 63 59
63 7 45 45 57 62 52
44 65 9 25 15 36 56
37 55 53 2 2 33 56
11 0 30 55 40 61 50
69 2 27 24 35 13 35
29 60 24 3 62 50 26
4 0 52 3 62 50 62
46 9 11 68 9 47 36
1 15 34 20 43 21 30
53 17 24 68 9 47 24
36 57 14 66 43 45 34
29 60 24 37 55 53 29
42 27 41 13 11 32 18
62 44 65 67 33 62 11
0 8 45 49 12 67 22
49 12 67 8 47 39 44
12 45 63 49 12 67 33
64 5 6 46 9 11 6
31 26 3 51 23 36 33
57 64 4 23 50 29 28
42 27 41 22 65 58 41
31 26 3 18 54 69 71
27 30 10 62 44 65 56
2 2 33 54 60 15 60
33 52 19 27 30 10 23
0 8 45 55 40 61 35
49 12 67 25 15 36 31
47 58 58 8 47 39 21
46 9 11 56 37 54 51
1 15 34 10 39 1 40
20 43 21 26 58 0 25
19 26 29 50 49 22 24
13 11 32 53 17 24 10
22 65 58 48 41 5 58
4 0 52 32 14 29 26
63 7 45 36 57 14 58
31 26 3 6 17 53 50
21 4 20 13 11 32 13
33 52 19 26 58 0 19
48 41 5 53 17 24 30
62 44 65 45 57 62 13
31 26 3 43 28 69 66
27 30 10 43 28 69 59
20 43 21 7 19 11 26
22 65 58 32 14 29 58
54 60 15 19 26 29 36
32 14 29 55 40 61 41
63 7 45 30 2 52 8
5 26 37 50 49 22 27
10 39 1 69 2 27 45
24 35 13 38 38 63 50
20 43 21 50 49 22 6
68 9 47 34 16 46 7
34 16 46 59 4 38 14
21 4 20 35 36 30 33
36 57 14 69 2 27 56
49 12 67 48 41 5 68
62 44 65 10 39 1 64
0 8 45 1 15 34 13
19 26 29 68 9 47 24
35 36 30 18 54 69 42
65 35 0 62 44 65 65
31 26 3 36 57 14 32
25 15 36 29 60 24 46
69 2 27 54 60 15 59
19 26 29 15 30 30 4
12 45 63 55 40 61 5
28 21 21 14 12 60 40
48 41 5 69 2 27 44
27 30 10 11 0 30 36
25 15 36 46 9 11 25
56 37 54 10 39 1 53
24 35 13 48 41 5 10
64 5 6 6 17 53 48
16 33 12 67 33 62 50
59 4 38 19 26 29 23
55 40 61 50 49 22 40
60 2 4 44 65 9 63
3 62 50 36 57 14 36
18 54 69 65 35 0 71
14 12 60 33 52 19 57
4 0 52 15 30 30 37
43 28 69 14 12 60 18
10 39 1 29 60 24 31
57 64 4 4 0 52 80
25 15 36 66 43 45 29
39 52 1 20 43 21 21
50 49 22 31 26 3 29
49 12 67 68 9 47 20
6 17 53 50 49 22 44
31 26 3 58 34 0 8
17 26 10 47 58 58 57
30 2 52 12 45 63 44
16 33 12 34 16 46 38
67 33 62 63 7 45 31
5 26 37 22 65 58 44
37 55 53 18 54 69 16
6 17 53 54 60 15 57
32 14 29 20 43 21 30
68 9 47 25 15 36 12
58 34 0 44 65 9 32
25 15 36 7 19 11 25
69 2 27 17 26 10 29
56 37 54 11 0 30 44
45 57 62 13 11 32 54
45 57 62 27 30 10 58
19 26 29 40 63 3 45
69 2 27 53 17 24 15
32 14 29 1 15 34 5
3 62 50 61 11 56 51
45 57 62 15 30 30 41
14 12 60 47 58 58 46
0 8 45 24 35 13 41
64 5 6 8 47 39 53
54 60 15 46 9 11 51
47 58 58 42 27 41 35
50 49 22 1 15 34 36
13 11 32 7 19 11 22
54 60 15 31 26 3 36
25 15 36 38 38 63 35
8 47 39 28 21 21 31
52 64 8 46 9 11 55
28 21 21 61 11 56 36
27 30 10 0 8 45 41
11 0 30 38 38 63 50
3 62 50 66 43 45 19
4 0 52 19 26 29 34
28 21 21 32 14 29 10
11 0 30 0 8 45 17
35 36 30 7 19 11 25
23 50 29 9 8 48 46
38 38 63 35 36 30 33
64 5 6 42 27 41 41
2 2 33 36 57 14 58
69 2 27 42 27 41 28
22 65 58 27 30 10 59
63 7 45 38 38 63 35
38 38 63 14 12 60 26
37 55 53 10 39 1 54
46 9 11 35 36 30 33
44 65 9 30 2 52 76
5 26 37 53 17 24 15
14 12 60 9 8 48 12
36 57 14 25 15 36 47
65 35 0 0 8 45 52
26 58 0 65 35 0 23
11 0 30 47 58 58 64
42 27 41 16 33 12 29
31 26 3 52 64 8 38
12 45 63 28 21 21 48
52 64 8 8 47 39 35
20 43 21 66 43 45 24
39 52 1 29 60 24 24
15 30 30 67 33 62 32
32 14 29 48 41 5 36
46 9 11 19 26 29 24
49 12 67 67 33 62 21
31 26 3 2 2 33 38
24 35 13 17 26 10 9
66 43 45 21 4 20 46
25 15 36 59 4 38 11
53 17 24 23 50 29 33
23 50 29 36 57 14 16
57 64 4 68 9 47 69
21 4 20 9 8 48 28
46 9 11 27 30 10 21
19 26 29 29 60 24 34
12 45 63 17 26 10 56
12 45 63 27 30 10 55
56 37 54 33 52 19 38
61 11 56 46 9 11 45
24 35 13 22 65 58 54
2 2 33 49 12 67 35
1 15 34 30 2 52 22
37 55 53 62 44 65 16
20 43 21 15 30 30 15
2 2 33 53 17 24 17
36 57 14 8 47 39 26
67 33 62 68 9 47 28
20 43 21 12 45 63 42
50 49 22 58 34 0 26
56 37 54 20 43 21 33
26 58 0 36 57 14 14
47 58 58 56 37 54 21
59 4 38 33 52 19 51
49 12 67 61 11 56 11
36 57 14 6 17 53 55
45 57 62 66 43 45 22
31 26 3 49 12 67 65
64 5 6 21 4 20 14
23 50 29 46 9 11 44
22 65 58 52 64 8 50
8 47 39 57 64 4 38
66 43 45 27 30 10 37
7 19 11 63 7 45 36
23 50 29 15 30 30 20
48 41 5 34 16 46 48
14 12 60 36 57 14 64
63 7 45 9 8 48 3
44 65 9 47 58 58 49
60 2 4 54 60 15 59
41 4 14 11 0 30 16
5 26 37 26 58 0 48
59 4 38 14 12 60 23
44 65 9 46 9 11 56
3 62 50 64 5 6 72
68 9 47 51 23 36 17
48 41 5 13 11 32 40
21 4 20 59 4 38 18
50 49 22 63 7 45 47
16 33 12 52 64 8 31
18 54 69 39 52 1 68
35 36 30 24 35 13 17
12 45 63 11 0 30 55
65 35 0 40 63 3 28
20 43 21 60 2 4 44
39 52 1 32 14 29 47
69 2 27 56 37 54 44
60 2 4 1 15 34 32
42 27 41 44 65 9 49
28 21 21 29 60 24 39
3 62 50 9 8 48 54
34 16 46 54 60 15 53
18 54 69 6 17 53 40
15 30 30 36 57 14 31
60 2 4 42 27 41 44
66 43 45 39 52 1 44
6 17 53 1 15 34 19
33 52 19 29 60 24 9
48 41 5 39 52 1 11
44 65 9 13 11 32 58
61 11 56 8 47 39 39
24 35 13 34 16 46 38
46 9 11 11 0 30 21
59 4 38 56 37 54 36
69 2 27 1 15 34 14
30 2 52 14 12 60 12
41 4 14 58 34 0 33
63 7 45 65 35 0 53
3 62 50 62 44 65 23
40 63 3 38 38 63 65
3 62 50 23 50 29 24
34 16 46 8 47 39 31
54 60 15 7 19 11 41
56 37 54 23 50 29 28
62 44 65 69 2 27 56
59 4 38 63 7 45 7
14 12 60 26 58 0 75
66 43 45 43 28 69 28
42 27 41 2 2 33 26
32 14 29 38 38 63 41
14 12 60 31 26 3 58
8 47 39 3 62 50 18
32 14 29 16 33 12 25
65 35 0 25 15 36 41
0 8 45 6 17 53 12
65 35 0 2 2 33 46
9 8 48 48 41 5 54
53 17 24 22 65 58 58
3 62 50 14 12 60 50
33 52 19 30 2 52 59
62 44 65 43 28 69 16
41 4 14 17 26 10 22
28 21 21 31 26 3 18
16 33 12 22 65 58 56
56 37 54 42 27 41 16
49 12 67 45 57 62 45
12 45 63 57 64 4 61
27 30 10 51 23 36 26
54 60 15 45 57 62 47
36 57 14 5 26 37 38
15 30 30 37 55 53 33
34 16 46 21 4 20 28
20 43 21 58 34 0 22
3 62 50 55 40 61 24
45 57 62 28 21 21 54
24 35 13 25 15 36 30
2 2 33 8 47 39 45
35 36 30 2 2 33 34
21 4 20 10 39 1 39
42 27 41 37 55 53 30
62 44 65 59 4 38 48
52 64 8 34 16 46 61
69 2 27 64 5 6 21
47 58 58 27 30 10 55
66 43 45 52 64 8 42
60 2 4 63 7 45 41
32 14 29 43 28 69 42
27 30 10 58 34 0 10
28 21 21 5 26 37 16
66 43 45 60 2 4 57
14 12 60 12 45 63 33
34 16 46 20 43 21 36
50 49 22 35 36 30 15
31 26 3 5 26 37 34
17 26 10 61 11 56 48
10 39 1 63 7 45 54
25 15 36 0 8 45 11
9 8 48 45 57 62 50
44 65 9 14 12 60 73
42 27 41 38 38 63 24
32 14 29 66 43 45 33
1 15 34 59 4 38 11
30 2 52 27 30 10 50
9 8 48 19 26 29 26
65 35 0 20 43 21 22
21 4 20 45 57 62 67
67 33 62 48 41 5 57
12 45 63 52 64 8 58
64 5 6 63 7 45 39
25 15 36 51 23 36 8
64 5 6 28 21 21 21
8 47 39 39 52 1 38
47 58 58 67 33 62 25
21 4 20 22 65 58 71
12 45 63 34 16 46 33
12 45 63 56 37 54 12
7 19 11 33 52 19 33
67 33 62 27 30 10 52
23 50 29 19 26 29 24
42 27 41 20 43 21 25
68 9 47 47 58 58 50
59 4 38 17 26 10 35
23 50 29 65 35 0 32
64 5 6 7 19 11 14
46 9 11 65 35 0 28
36 57 14 68 9 47 58
38 38 63 31 26 3 61
22 65 58 35 36 30 40
41 4 14 4 0 52 38
42 27 41 66 43 45 16
45 57 62 55 40 61 17
15 30 30 18 54 69 45
47 58 58 4 0 52 58
36 57 14 27 30 10 27
64 5 6 23 50 29 50
58 34 0 62 44 65 65
38 38 63 15 30 30 33
3 62 50 21 4 20 65
67 33 62 59 4 38 37
33 52 19 66 43 45 27
66 43 45 56 37 54 10
67 33 62 61 11 56 22
39 52 1 44 65 9 15
19 26 29 65 35 0 30
63 7 45 68 9 47 2
37 55 53 20 43 21 34
38 38 63 3 62 50 27
52 64 8 6 17 53 65
0 8 45 20 43 21 42
16 33 12 23 50 29 24
65 35 0 58 34 0 1
9 8 48 18 54 69 50
19 26 29 66 43 45 23
1 15 34 67 33 62 33
17 26 10 56 37 54 45
44 65 9 19 26 29 43
69 2 27 46 9 11 17
11 0 30 7 19 11 26
17 26 10 13 11 32 26
68 9 47 45 57 62 50
7 19 11 37 55 53 55
8 47 39 22 65 58 26
27 30 10 2 2 33 36
12 45 63 10 39 1 62
33 52 19 44 65 9 16
69 2 27 37 55 53 59
32 14 29 14 12 60 31
51 23 36 56 37 54 22
64 5 6 51 23 36 34
54 60 15 30 2 52 68
37 55 53 51 23 36 36
37 55 53 52 64 8 45
64 5 6 47 58 58 74
47 58 58 31 26 3 63
69 2 27 49 12 67 41
11 0 30 34 16 46 22
10 39 1 40 63 3 24
40 63 3 49 12 67 81
39 52 1 65 35 0 17
5 26 37 67 33 62 25
69 2 27 68 9 47 21
24 35 13 23 50 29 21
69 2 27 8 47 39 46
30 2 52 18 54 69 54
19 26 29 21 4 20 23
29 60 24 26 58 0 24
63 7 45 43 28 69 31
36 57 14 28 21 21 36
16 33 12 27 30 10 3
4 0 52 12 45 63 46
59 4 38 15 30 30 27
47 58 58 37 55 53 5
40 63 3 39 52 1 11
4 0 52 48 41 5 62
44 65 9 53 17 24 50
30 2 52 47 58 58 56
16 33 12 38 38 63 51
65 35 0 49 12 67 70
51 23 36 54 60 15 42
25 15 36 1 15 34 2
27 30 10 8 47 39 33
30 2 52 32 14 29 25
69 2 27 13 11 32 10
58 34 0 68 9 47 53
33 52 19 1 15 34 39
61 11 56 32 14 29 27
30 2 52 13 11 32 21
43 28 69 68 9 47 29
3 62 50 51 23 36 41
56 37 54 49 12 67 28
40 63 3 56 37 54 57
43 28 69 1 15 34 37
20 43 21 62 44 65 44
54 60 15 8 47 39 27
61 11 56 14 12 60 4
33 52 19 51 23 36 33
49 12 67 27 30 10 59
57 64 4 26 58 0 7
20 43 21 24 35 13 11
18 54 69 42 27 41 38
45 57 62 39 52 1 61
24 35 13 64 5 6 30
18 54 69 43 28 69 26
68 9 47 41 4 14 33
14 12 60 4 0 52 14
54 60 15 59 4 38 60
15 30 30 51 23 36 9
3 62 50 68 9 47 53
68 9 47 62 44 65 39
0 8 45 64 5 6 39
34 16 46 67 33 62 23
0 8 45 58 34 0 51
15 30 30 24 35 13 17
45 57 62 26 58 0 62
35 36 30 44 65 9 35
53 17 24 14 12 60 36
29 60 24 30 2 52 64
12 45 63 32 14 29 46
0 8 45 32 14 29 17
69 2 27 31 26 3 33
10 39 1 57 64 4 25
10 39 1 9 8 48 56
2 2 33 44 65 9 67
31 26 3 57 64 4 38
63 7 45 25 15 36 12
23 50 29 66 43 45 17
27 30 10 39 52 1 23
28 21 21 66 43 45 32
38 38 63 28 21 21 45
15 30 30 6 17 53 26
8 47 39 40 63 3 39
50 49 22 39 52 1 21
20 43 21 38 38 63 42
16 33 12 69 2 27 34
15 30 30 44 65 9 40
10 39 1 35 36 30 29
62 44 65 50 49 22 43
32 14 29 34 16 46 17
23 50 29 41 4 14 48
47 58 58 7 19 11 61
22 65 58 62 44 65 22
27 30 10 4 0 52 51
64 5 6 30 2 52 46
8 47 39 26 58 0 40
50 49 22 28 21 21 28
59 4 38 65 35 0 49
59 4 38 64 5 6 32
20 43 21 17 26 10 20
30 2 52 40 63 3 78
10 39 1 53 17 24 31
27 30 10 5 26 37 27
35 36 30 61 11 56 36
3 62 50 10 39 1 54
14 12 60 2 2 33 28
41 4 14 51 23 36 29
68 9 47 20 43 21 42
38 38 63 34 16 46 27
56 37 54 39 52 1 55
51 23 36 14 12 60 26
17 26 10 2 2 33 33
6 17 53 7 19 11 42
47 58 58 60 2 4 77
11 0 30 49 12 67 38
60 2 4 36 57 14 55
39 52 1 46 9 11 44
59 4 38 37 55 53 53
53 17 24 41 4 14 16
65 35 0 53 17 24 30
3 62 50 13 11 32 54
52 64 8 10 39 1 25
54 60 15 61 11 56 63
63 7 45 18 54 69 52
60 2 4 40 63 3 61
6 17 53 23 50 29 40
13 11 32 36 57 14 49
6 17 53 26 58 0 67
36 57 14 61 11 56 62
39 52 1 36 57 14 13
13 11 32 16 33 12 29
48 41 5 61 11 56 59
2 2 33 9 8 48 16
22 65 58 2 2 33 67
5 26 37 61 11 56 24
20 43 21 48 41 5 16
8 47 39 67 33 62 26
60 2 4 57 64 4 62
0 8 45 35 36 30 31
29 60 24 67 33 62 46
26 58 0 23 50 29 30
56 37 54 24 35 13 41
35 36 30 68 9 47 31
24 35 13 46 9 11 26
53 17 24 27 30 10 19
64 5 6 60 2 4 3
42 27 41 57 64 4 52
1 15 34 41 4 14 22
69 2 27 43 28 69 49
60 2 4 53 17 24 25
36 57 14 57 64 4 12
23 50 29 17 26 10 30
0 8 45 8 47 39 39
9 8 48 66 43 45 35
3 62 50 42 27 41 36
3 62 50 57 64 4 46
58 34 0 17 26 10 12
39 52 1 55 40 61 61
5 26 37 33 52 19 31
50 49 22 56 37 54 34
59 4 38 18 54 69 58
36 57 14 65 35 0 26
25 15 36 52 64 8 56
50 49 22 38 38 63 42
2 2 33 4 0 52 19
44 65 9 50 49 22 20
21 4 20 67 33 62 51
19 26 29 60 2 4 34
23 50 29 32 14 29 36
65 35 0 33 52 19 25
49 12 67 14 12 60 7
14 12 60 62 44 65 32
60 2 4 15 30 30 38
56 37 54 36 57 14 44
34 16 46 14 12 60 14
13 11 32 26 58 0 56
11 0 30 62 44 65 56
14 12 60 60 2 4 56
22 65 58 33 52 19 41
57 64 4 54 60 15 11
9 8 48 64 5 6 42
9 8 48 16 33 12 43
40 63 3 9 8 48 71
31 26 3 1 15 34 32
47 58 58 38 38 63 20
59 4 38 51 23 36 19
69 2 27 34 16 46 23
33 52 19 47 58 58 39
20 43 21 33 52 19 9
37 55 53 61 11 56 44
64 5 6 10 39 1 34
69 2 27 0 8 45 18
46 9 11 32 14 29 18
66 43 45 67 33 62 19
65 35 0 3 62 50 56
24 35 13 1 15 34 29
20 43 21 43 28 69 50
29 60 24 52 64 8 16
6 17 53 44 65 9 65
20 43 21 16 33 12 13
13 11 32 2 2 33 9
23 50 29 48 41 5 25
66 43 45 26 58 0 47
48 41 5 42 27 41 38
58 34 0 8 47 39 41
8 47 39 17 26 10 35
26 58 0 55 40 61 63
0 8 45 22 65 58 58
7 19 11 12 45 63 58
17 26 10 25 15 36 28
65 35 0 54 60 15 29
5 26 37 55 40 61 27
57 64 4 63 7 45 70
28 21 21 48 41 5 25
60 2 4 69 2 27 23
32 14 29 27 30 10 24
59 4 38 35 36 30 32
61 11 56 7 19 11 45
57 64 4 13 11 32 59
16 33 12 0 8 45 41
40 63 3 42 27 41 52
33 52 19 54 60 15 8
11 0 30 25 15 36 16
54 60 15 56 37 54 45
5 26 37 42 27 41 4
22 65 58 51 23 36 47
14 12 60 66 43 45 34
0 8 45 19 26 29 24
31 26 3 16 33 12 11
66 43 45 58 34 0 45
63 7 45 46 9 11 34
23 50 29 51 23 36 27
68 9 47 17 26 10 40
4 0 52 6 17 53 17
22 65 58 39 52 1 58
44 65 9 51 23 36 49
23 50 29 18 54 69 40
59 4 38 26 58 0 66
46 9 11 47 58 58 67
3 62 50 24 35 13 45
12 45 63 19 26 29 38
4 0 52 28 21 21 37
25 15 36 19 26 29 13
45 57 62 32 14 29 54
38 38 63 27 30 10 53
26 58 0 63 7 45 68
44 65 9 9 8 48 69
60 2 4 48 41 5 39
21 4 20 51 23 36 24
6 17 53 9 8 48 10
44 65 9 62 44 65 59
52 64 8 53 17 24 49
39 52 1 35 36 30 33
32 14 29 60 2 4 27
1 15 34 65 35 0 39
10 39 1 34 16 46 50
7 19 11 5 26 37 26
58 34 0 1 15 34 38
62 44 65 21 4 20 60
7 19 11 14 12 60 49
45 57 62 22 65 58 8
47 58 58 1 15 34 49
38 38 63 69 2 27 50
26 58 0 42 27 41 51
19 26 29 32 14 29 12
5 26 37 52 64 8 47
23 50 29 2 2 33 48
56 37 54 32 14 29 33
67 33 62 6 17 53 18
32 14 29 25 15 36 7
53 17 24 7 19 11 13
37 55 53 0 8 45 47
52 64 8 0 8 45 67
52 64 8 18 54 69 61
58 34 0 25 15 36 40
25 15 36 39 52 1 50
53 17 24 15 30 30 14
1 15 34 39 52 1 49
8 47 39 66 43 45 7
49 12 67 26 58 0 81
51 23 36 69 2 27 22
12 45 63 41 4 14 63
17 26 10 67 33 62 52
61 11 56 66 43 45 33
68 9 47 39 52 1 62
69 2 27 5 26 37 26
12 45 63 8 47 39 24
2 2 33 15 30 30 28
25 15 36 43 28 69 35
31 26 3 62 44 65 64
7 19 11 34 16 46 35
19 26 29 14 12 60 34
56 37 54 2 2 33 40
8 47 39 37 55 53 16
64 5 6 53 17 24 21
38 38 63 9 8 48 33
16 33 12 2 2 33 37
31 26 3 19 26 29 26
26 58 0 30 2 52 76
23 50 29 52 64 8 25
36 57 14 51 23 36 40
26 58 0 32 14 29 52
28 21 21 67 33 62 42
6 17 53 22 65 58 48
46 9 11 10 39 1 31
51 23 36 18 54 69 45
1 15 34 17 26 10 26
15 30 30 46 9 11 28
19 26 29 18 54 69 48
11 0 30 52 64 8 67
4 0 52 56 37 54 37
13 11 32 14 12 60 28
9 8 48 57 64 4 71
48 41 5 29 60 24 26
50 49 22 3 62 50 30
65 35 0 31 26 3 9
13 11 32 22 65 58 59
41 4 14 42 27 41 35
38 38 63 64 5 6 65
2 2 33 69 2 27 6
55 40 61 41 4 14 59
57 64 4 44 65 9 5
32 14 29 36 57 14 45
49 12 67 50 49 22 58
56 37 54 52 64 8 53
50 49 22 22 65 58 39
26 58 0 28 21 21 42
49 12 67 6 17 53 14
54 60 15 39 52 1 16
66 43 45 13 11 32 34
49 12 67 32 14 29 38
17 26 10 46 9 11 17
40 63 3 59 4 38 68
19 26 29 53 17 24 10
42 27 41 19 26 29 12
47 58 58 0 8 45 51
6 17 53 51 23 36 18
55 40 61 38 38 63 2
28 21 21 23 50 29 30
30 2 52 20 43 21 51
35 36 30 65 35 0 30
51 23 36 12 45 63 34
49 12 67 37 55 53 45
20 43 21 21 4 20 39
55 40 61 42 27 41 23