99 4851
3 27 90 49 20 86 8
97 66 45 71 10 19 61
93 61 13 13 20 67 67
70 75 67 91 57 57 20
31 38 10 20 82 69 73
12 76 69 36 78 68 2
70 75 67 85 31 3 77
49 20 86 89 14 71 16
1 77 25 98 18 9 61
62 96 25 86 86 92 67
15 42 61 17 83 56 41
51 33 0 17 83 56 75
42 1 29 26 64 73 76
66 75 45 25 51 49 24
19 24 42 70 75 67 56
97 66 45 12 76 69 26
28 31 34 45 57 37 26
56 96 46 28 31 34 66
46 28 37 32 18 69 33
84 31 96 12 76 69 52
13 20 67 46 28 37 31
88 72 12 43 84 53 42
29 39 67 25 51 49 21
20 82 69 16 84 26 43
0 81 56 90 22 20 69
88 72 12 38 26 78 80
38 26 78 97 66 45 51
6 49 21 10 49 8 13
69 59 97 39 11 87 49
51 33 0 4 73 18 43
28 31 34 8 98 67 74
66 75 45 80 80 4 41
77 77 19 32 18 69 77
40 41 1 56 96 46 71
6 49 21 91 57 57 36
79 84 92 17 83 56 36
60 37 27 97 66 45 34
5 64 28 26 64 73 45
60 37 27 13 20 67 43
7 4 66 83 78 2 97
35 70 15 20 82 69 55
21 12 86 49 20 86 8
43 84 53 86 86 92 39
94 39 42 6 49 21 23
4 73 18 73 40 48 44
9 29 29 38 26 78 49
95 45 98 87 55 71 28
97 66 45 89 14 71 58
3 27 90 85 31 3 87
61 88 76 78 56 27 58
25 51 49 28 31 34 25
77 77 19 88 72 12 8
89 14 71 85 31 3 70
97 66 45 70 75 67 23
37 22 87 38 26 78 9
12 76 69 95 45 98 42
85 31 3 38 26 78 75
81 34 36 47 37 12 24
76 51 77 27 69 29 51
88 72 12 27 69 29 17
88 72 12 94 39 42 44
39 11 87 9 29 29 60
3 27 90 13 20 67 24
4 73 18 55 91 84 68
45 57 37 71 10 19 50
62 96 25 94 39 42 59
72 80 85 62 96 25 62
33 49 97 44 55 90 9
15 42 61 4 73 18 53
25 51 49 35 70 15 38
75 32 92 54 92 4 106
79 84 92 46 28 37 78
29 39 67 76 51 77 15
14 14 43 46 28 37 15
66 75 45 36 78 68 23
40 41 1 11 35 69 68
92 22 73 55 91 84 69
76 51 77 34 65 42 37
28 31 34 33 49 97 65
29 39 67 68 97 70 58
43 84 53 65 23 88 70
22 2 22 37 22 87 68
6 49 21 24 59 24 10
23 87 62 93 61 13 55
67 91 2 78 56 27 43
17 83 56 60 37 27 54
64 72 51 52 19 85 62
38 26 78 58 75 19 76
59 56 39 52 19 85 59
44 55 90 14 14 43 62
54 92 4 2 32 21 62
49 20 86 31 38 10 78
19 24 42 44 55 90 57
52 19 85 61 88 76 69
34 65 42 88 72 12 30
90 22 20 82 98 6 77
27 69 29 98 18 9 54
97 66 45 40 41 1 50
87 55 71 58 75 19 55
55 91 84 66 75 45 42
1 77 25 24 59 24 18
8 98 67 20 82 69 16
74 84 82 4 73 18 64
69 59 97 80 80 4 95
53 62 72 23 87 62 26
83 78 2 54 92 4 14
97 66 45 91 57 57 15
14 14 43 43 84 53 70
84 31 96 26 64 73 40
79 84 92 27 69 29 64
31 38 10 97 66 45 44
48 49 44 24 59 24 22
23 87 62 30 71 11 53
17 83 56 75 32 92 62
44 55 90 46 28 37 59
48 49 44 50 83 73 44
23 87 62 10 49 8 66
29 39 67 91 57 57 20
20 82 69 9 29 29 66
55 91 84 11 35 69 57
62 96 25 58 75 19 21
96 45 0 83 78 2 33
53 62 72 47 37 12 65
32 18 69 64 72 51 56
54 92 4 45 57 37 48
42 1 29 71 10 19 13
45 57 37 74 84 82 52
75 32 92 15 42 61 32
24 59 24 36 78 68 47
70 75 67 42 1 29 83
81 34 36 89 14 71 40
92 22 73 12 76 69 54
36 78 68 25 51 49 33
62 96 25 50 83 73 49
30 71 11 72 80 85 74
60 37 27 96 45 0 28
13 20 67 34 65 42 51
36 78 68 78 56 27 46
67 91 2 88 72 12 21
0 81 56 97 66 45 18
33 49 97 13 20 67 41
19 24 42 54 92 4 77
55 91 84 53 62 72 31
62 96 25 68 97 70 45
6 49 21 27 69 29 21
79 84 92 56 96 46 47
2 32 21 64 72 51 50
68 97 70 53 62 72 35
34 65 42 94 39 42 26
74 84 82 67 91 2 80
81 34 36 44 55 90 57
54 92 4 91 57 57 63
30 71 11 6 49 21 24
16 84 26 0 81 56 30
49 20 86 64 72 51 62
61 88 76 83 78 2 74
85 31 3 28 31 34 31
29 39 67 93 61 13 58
30 71 11 15 42 61 57
71 10 19 46 28 37 25
57 19 68 25 51 49 37
57 19 68 97 66 45 52
82 98 6 60 37 27 64
56 96 46 1 77 25 28
88 72 12 63 62 18 11
95 45 98 14 14 43 63
92 22 73 96 45 0 76
34 65 42 16 84 26 24
38 26 78 44 55 90 31
53 62 72 96 45 0 73
85 31 3 47 37 12 10
91 57 57 65 23 88 46
83 78 2 51 33 0 45
30 71 11 14 14 43 65
82 98 6 53 62 72 75
80 80 4 24 59 24 29
49 20 86 30 71 11 90
85 31 3 59 56 39 43
70 75 67 16 84 26 41
69 59 97 78 56 27 70
56 96 46 81 34 36 62
45 57 37 9 29 29 29
98 18 9 16 84 26 68
62 96 25 5 64 28 32
8 98 67 94 39 42 64
55 91 84 8 98 67 18
34 65 42 80 80 4 40
9 29 29 98 18 9 22
52 19 85 65 23 88 5
32 18 69 38 26 78 12
67 91 2 50 83 73 71
88 72 12 58 75 19 7
96 45 0 21 12 86 92
47 37 12 33 49 97 85
46 28 37 63 62 18 38
45 57 37 65 23 88 61
81 34 36 67 91 2 66
90 22 20 46 28 37 18
68 97 70 20 82 69 15
75 32 92 77 77 19 85
87 55 71 23 87 62 33
42 1 29 89 14 71 43
72 80 85 29 39 67 44
2 32 21 67 91 2 61
25 51 49 73 40 48 11
24 59 24 66 75 45 26
12 76 69 38 26 78 50
84 31 96 89 14 71 30
7 4 66 59 56 39 58
84 31 96 39 11 87 21
79 84 92 81 34 36 75
74 84 82 73 40 48 55
47 37 12 54 92 4 55
29 39 67 59 56 39 32
94 39 42 29 39 67 25
10 49 8 69 59 97 89
0 81 56 10 49 8 57
41 43 7 72 80 85 86
75 32 92 1 77 25 80
61 88 76 90 22 20 86
31 38 10 90 22 20 18
13 20 67 90 22 20 47
12 76 69 53 62 72 14
53 62 72 74 84 82 24
3 27 90 51 33 0 90
84 31 96 51 33 0 96
7 4 66 3 27 90 33
37 22 87 27 69 29 74
85 31 3 10 49 8 18
48 49 44 9 29 29 25
33 49 97 18 88 72 46
21 12 86 77 77 19 93
41 43 7 7 4 66 70
81 34 36 25 51 49 21
92 22 73 85 31 3 70
47 37 12 36 78 68 69
38 26 78 70 75 67 50
31 38 10 69 59 97 89
76 51 77 95 45 98 21
45 57 37 82 98 6 51
41 43 7 24 59 24 23
78 56 27 71 10 19 46
28 31 34 9 29 29 5
36 78 68 43 84 53 16
43 84 53 48 49 44 36
29 39 67 23 87 62 48
55 91 84 43 84 53 31
48 49 44 13 20 67 37
58 75 19 57 19 68 74
8 98 67 52 19 85 81
76 51 77 10 49 8 69
96 45 0 76 51 77 77
85 31 3 34 65 42 51
50 83 73 74 84 82 9
96 45 0 25 51 49 49
91 57 57 24 59 24 33
48 49 44 64 72 51 24
89 14 71 65 23 88 19
9 29 29 66 75 45 48
1 77 25 30 71 11 15
98 18 9 20 82 69 87
95 45 98 19 24 42 59
55 91 84 74 84 82 7
89 14 71 69 59 97 51
13 20 67 86 86 92 70
44 55 90 65 23 88 32
55 91 84 27 69 29 59
47 37 12 39 11 87 79
60 37 27 51 33 0 27
70 75 67 94 39 42 43
27 69 29 28 31 34 38
51 33 0 92 22 73 73
72 80 85 45 57 37 53
58 75 19 59 56 39 27
49 20 86 28 31 34 53
30 71 11 66 75 45 34
94 39 42 26 64 73 39
49 20 86 37 22 87 2
25 51 49 21 12 86 53
60 37 27 32 18 69 46
67 91 2 12 76 69 68
10 49 8 27 69 29 29
81 34 36 49 20 86 51
56 96 46 14 14 43 82
31 38 10 14 14 43 40
88 72 12 41 43 7 29
50 83 73 15 42 61 42
72 80 85 77 77 19 66
54 92 4 81 34 36 66
41 43 7 74 84 82 85
94 39 42 16 84 26 47
23 87 62 58 75 19 44
21 12 86 47 37 12 78
69 59 97 21 12 86 48
86 86 92 70 75 67 27
84 31 96 60 37 27 69
40 41 1 41 43 7 6
89 14 71 55 91 84 78
7 4 66 10 49 8 73
29 39 67 57 19 68 20
54 92 4 69 59 97 98
93 61 13 25 51 49 37
63 62 18 21 12 86 84
2 32 21 44 55 90 72
14 14 43 42 1 29 19
63 62 18 47 37 12 25
2 32 21 16 84 26 52
35 70 15 18 88 72 59
26 64 73 34 65 42 31
33 49 97 94 39 42 55
53 62 72 5 64 28 44
11 35 69 66 75 45 46
25 51 49 47 37 12 39
4 73 18 85 31 3 44
60 37 27 85 31 3 24
63 62 18 23 87 62 50
1 77 25 49 20 86 83
61 88 76 57 19 68 69
24 59 24 4 73 18 15
24 59 24 71 10 19 49
39 11 87 33 49 97 39
67 91 2 82 98 6 8
49 20 86 76 51 77 32
28 31 34 90 22 20 16
82 98 6 64 72 51 51
50 83 73 55 91 84 13
57 19 68 68 97 70 78
91 57 57 19 24 42 36
37 22 87 55 91 84 69
50 83 73 79 84 92 19
96 45 0 46 28 37 40
50 83 73 80 80 4 69
27 69 29 90 22 20 47
81 34 36 92 22 73 38
10 49 8 95 45 98 90
79 84 92 59 56 39 59
52 19 85 2 32 21 65
71 10 19 14 14 43 24
46 28 37 18 88 72 69
97 66 45 23 87 62 27
5 64 28 68 97 70 53
19 24 42 65 23 88 46
8 98 67 90 22 20 89
34 65 42 64 72 51 11
41 43 7 51 33 0 12
29 39 67 90 22 20 49
49 20 86 2 32 21 66
17 83 56 35 70 15 43
13 20 67 5 64 28 58
83 78 2 22 2 22 78
56 96 46 16 84 26 23
81 34 36 42 1 29 33
49 20 86 46 28 37 49
20 82 69 76 51 77 32
95 45 98 68 97 70 59
30 71 11 74 84 82 72
33 49 97 59 56 39 58
14 14 43 84 31 96 55
79 84 92 48 49 44 59
4 73 18 86 86 92 75
83 78 2 45 57 37 40
17 83 56 31 38 10 64
52 19 85 60 37 27 60
89 14 71 92 22 73 8
89 14 71 54 92 4 102
71 10 19 7 4 66 47
94 39 42 60 37 27 15
27 69 29 44 55 90 62
5 64 28 61 88 76 53
31 38 10 36 78 68 70
75 32 92 41 43 7 85
92 22 73 6 49 21 58
24 59 24 22 2 22 57
36 78 68 57 19 68 59
92 22 73 33 49 97 36
90 22 20 42 1 29 22
90 22 20 81 34 36 20
40 41 1 69 59 97 97
1 77 25 29 39 67 56
57 19 68 76 51 77 33
72 80 85 47 37 12 84
53 62 72 30 71 11 61
15 42 61 51 33 0 61
57 19 68 3 27 90 23
20 82 69 69 59 97 36
7 4 66 20 82 69 78
32 18 69 65 23 88 19
13 20 67 14 14 43 24
5 64 28 51 33 0 41
71 10 19 13 20 67 49
85 31 3 43 84 53 72
3 27 90 69 59 97 32
62 96 25 57 19 68 88
29 39 67 5 64 28 46
78 56 27 68 97 70 59
35 70 15 6 49 21 21
42 1 29 74 84 82 98
29 39 67 84 31 96 30
84 31 96 87 55 71 34
85 31 3 25 51 49 50
81 34 36 19 24 42 11
54 92 4 38 26 78 99
10 49 8 77 77 19 30
93 61 13 79 84 92 82
80 80 4 46 28 37 61
69 59 97 50 83 73 33
67 91 2 19 24 42 78
18 88 72 86 86 92 20
25 51 49 6 49 21 28
43 84 53 37 22 87 70
23 87 62 6 49 21 55
49 20 86 82 98 6 111
69 59 97 42 1 29 89
70 75 67 14 14 43 65
79 84 92 53 62 72 29
2 32 21 84 31 96 75
44 55 90 62 96 25 76
19 24 42 97 66 45 42
33 49 97 24 59 24 73
58 75 19 0 81 56 37
86 86 92 42 1 29 105
16 84 26 47 37 12 49
51 33 0 77 77 19 47
1 77 25 90 22 20 55
88 72 12 96 45 0 29
63 62 18 45 57 37 19
74 84 82 28 31 34 71
46 28 37 28 31 34 4
53 62 72 2 32 21 59
31 38 10 7 4 66 65
3 27 90 33 49 97 23
24 59 24 13 20 67 58
11 35 69 62 96 25 75
32 18 69 23 87 62 69
50 83 73 66 75 45 29
31 38 10 58 75 19 38
64 72 51 47 37 12 52
92 22 73 88 72 12 78
64 72 51 66 75 45 6
29 39 67 28 31 34 33
98 18 9 8 98 67 98
54 92 4 36 78 68 65
22 2 22 11 35 69 57
56 96 46 67 91 2 44
83 78 2 19 24 42 67
91 57 57 76 51 77 20
52 19 85 66 75 45 68
56 96 46 97 66 45 30
91 57 57 0 81 56 24
47 37 12 37 22 87 76
19 24 42 26 64 73 50
47 37 12 35 70 15 33
30 71 11 3 27 90 90
42 1 29 23 87 62 92
39 11 87 37 22 87 11
28 31 34 13 20 67 34
65 23 88 87 55 71 36
89 14 71 34 65 42 58
14 14 43 39 11 87 44
0 81 56 14 14 43 68
42 1 29 38 26 78 55
79 84 92 89 14 71 73
52 19 85 98 18 9 76
10 49 8 51 33 0 17
80 80 4 7 4 66 98
34 65 42 32 18 69 54
18 88 72 28 31 34 68
27 69 29 77 77 19 12
38 26 78 91 57 57 37
23 87 62 0 81 56 8
20 82 69 47 37 12 72
43 84 53 50 83 73 20
37 22 87 91 57 57 46
62 96 25 38 26 78 87
93 61 13 2 32 21 30
87 55 71 63 62 18 53
56 96 46 15 42 61 56
63 62 18 38 26 78 69
83 78 2 63 62 18 22
56 96 46 3 27 90 81
33 49 97 32 18 69 41
92 22 73 38 26 78 6
28 31 34 20 82 69 61
39 11 87 81 34 36 55
80 80 4 32 18 69 89
77 77 19 85 31 3 48
64 72 51 90 22 20 58
79 84 92 84 31 96 53
7 4 66 89 14 71 11
73 40 48 50 83 73 49
16 84 26 79 84 92 66
28 31 34 53 62 72 49
20 82 69 4 73 18 51
17 83 56 86 86 92 36
46 28 37 38 26 78 41
49 20 86 59 56 39 59
83 78 2 59 56 39 43
66 75 45 93 61 13 34
64 72 51 84 31 96 60
36 78 68 58 75 19 49
37 22 87 92 22 73 14
11 35 69 81 34 36 33
90 22 20 63 62 18 40
35 70 15 15 42 61 53
6 49 21 34 65 42 26
33 49 97 21 12 86 38
72 80 85 56 96 46 42
91 57 57 98 18 9 61
84 31 96 20 82 69 57
92 22 73 47 37 12 62
34 65 42 5 64 28 14
98 18 9 15 42 61 57
22 2 22 19 24 42 29
52 19 85 74 84 82 65
34 65 42 42 1 29 65
54 92 4 58 75 19 22
55 91 84 60 37 27 78
61 88 76 93 61 13 68
7 4 66 93 61 13 77
96 45 0 23 87 62 74
16 84 26 57 19 68 77
39 11 87 34 65 42 70
71 10 19 40 41 1 35
55 91 84 32 18 69 74
50 83 73 40 41 1 83
67 91 2 58 75 19 23
55 91 84 18 88 72 12
31 38 10 8 98 67 82
37 22 87 10 49 8 83
27 69 29 11 35 69 52
54 92 4 44 55 90 93
68 97 70 88 72 12 63
96 45 0 57 19 68 72
74 84 82 79 84 92 10
90 22 20 33 49 97 81
83 78 2 11 35 69 79
19 24 42 7 4 66 31
12 76 69 26 64 73 12
62 96 25 15 42 61 64
0 81 56 29 39 67 43
43 84 53 93 61 13 46
16 84 26 88 72 12 18
95 45 98 83 78 2 101
12 76 69 73 40 48 41
33 49 97 75 32 92 17
37 22 87 64 72 51 61
41 43 7 52 19 85 81
25 51 49 77 77 19 39
60 37 27 53 62 72 51
43 84 53 18 88 72 19
61 88 76 40 41 1 88
65 23 88 14 14 43 45
15 42 61 59 56 39 26
39 11 87 63 62 18 85
24 59 24 2 32 21 27
4 73 18 16 84 26 13
92 22 73 79 84 92 64
14 14 43 9 29 29 20
66 75 45 3 27 90 65
33 49 97 93 61 13 84
98 18 9 84 31 96 87
40 41 1 21 12 86 89
68 97 70 50 83 73 14
63 62 18 35 70 15 8
14 14 43 19 24 42 10
7 4 66 30 71 11 86
17 83 56 34 65 42 22
5 64 28 45 57 37 11
83 78 2 30 71 11 11
73 40 48 7 4 66 40
61 88 76 3 27 90 62
48 49 44 89 14 71 44
51 33 0 75 32 92 92
77 77 19 82 98 6 24
39 11 87 3 27 90 16
77 77 19 1 77 25 6
81 34 36 71 10 19 29
22 2 22 79 84 92 107
87 55 71 29 39 67 16
39 11 87 67 91 2 116
74 84 82 44 55 90 30
30 71 11 21 12 86 95
41 43 7 22 2 22 43
21 12 86 37 22 87 10
45 57 37 49 20 86 61
54 92 4 76 51 77 83
78 56 27 27 69 29 13
48 49 44 86 86 92 60
42 1 29 51 33 0 43
76 51 77 7 4 66 48
83 78 2 77 77 19 17
52 19 85 79 84 92 65
87 55 71 2 32 21 55
66 75 45 95 45 98 60
88 72 12 20 82 69 57
19 24 42 15 42 61 26
86 86 92 33 49 97 37
2 32 21 68 97 70 81
74 84 82 2 32 21 80
52 19 85 91 57 57 47
91 57 57 1 77 25 37
13 20 67 54 92 4 95
16 84 26 68 97 70 45
94 39 42 22 2 22 42
95 45 98 9 29 29 70
71 10 19 53 62 72 74
25 51 49 10 49 8 41
59 56 39 34 65 42 9
94 39 42 89 14 71 38
24 59 24 15 42 61 40
5 64 28 72 80 85 59
42 1 29 55 91 84 105
72 80 85 84 31 96 50
69 59 97 67 91 2 100
2 32 21 7 4 66 53
26 64 73 10 49 8 66
28 31 34 59 56 39 25
36 78 68 98 18 9 84
80 80 4 62 96 25 26
48 49 44 90 22 20 36
47 37 12 29 39 67 55
58 75 19 84 31 96 88
46 28 37 27 69 29 41
58 75 19 81 34 36 44
9 29 29 51 33 0 29
53 62 72 49 20 86 44
97 66 45 35 70 15 30
91 57 57 13 20 67 38
89 14 71 37 22 87 17
68 97 70 25 51 49 50
63 62 18 94 39 42 33
35 70 15 40 41 1 32
26 64 73 0 81 56 24
41 43 7 66 75 45 49
98 18 9 18 88 72 94
54 92 4 84 31 96 110
89 14 71 24 59 24 65
9 29 29 97 66 45 40
63 62 18 77 77 19 15
57 19 68 34 65 42 52
34 65 42 54 92 4 46
60 37 27 68 97 70 73
22 2 22 61 88 76 101
15 42 61 14 14 43 33
7 4 66 63 62 18 75
55 91 84 78 56 27 66
43 84 53 56 96 46 13
87 55 71 12 76 69 21
27 69 29 66 75 45 17
9 29 29 54 92 4 67
53 62 72 91 57 57 15
91 57 57 89 14 71 45
72 80 85 60 37 27 72
72 80 85 51 33 0 97
76 51 77 0 81 56 36
21 12 86 78 56 27 73
23 87 62 80 80 4 58
90 22 20 3 27 90 70
89 14 71 72 80 85 67
19 24 42 8 98 67 78
64 72 51 40 41 1 58
20 82 69 66 75 45 25
63 62 18 82 98 6 37
97 66 45 64 72 51 8
7 4 66 51 33 0 72
95 45 98 30 71 11 90
46 28 37 58 75 19 50
78 56 27 80 80 4 33
88 72 12 40 41 1 32
27 69 29 60 37 27 32
67 91 2 49 20 86 109
21 12 86 85 31 3 85
13 20 67 16 84 26 76
11 35 69 96 45 0 69
33 49 97 14 14 43 64
6 49 21 43 84 53 47
1 77 25 82 98 6 28
74 84 82 72 80 85 5
25 51 49 45 57 37 13
15 42 61 20 82 69 40
43 84 53 39 11 87 80
48 49 44 56 96 46 47
53 62 72 80 80 4 70
62 96 25 0 81 56 34
34 65 42 49 20 86 62
18 88 72 83 78 2 70
29 39 67 80 80 4 75
15 42 61 46 28 37 27
63 62 18 9 29 29 34
88 72 12 39 11 87 96
46 28 37 57 19 68 32
16 84 26 18 88 72 46
52 19 85 32 18 69 16
92 22 73 56 96 46 78
1 77 25 0 81 56 31
35 70 15 77 77 19 8
66 75 45 13 20 67 59
15 42 61 81 34 36 26
50 83 73 16 84 26 47
2 32 21 76 51 77 59
32 18 69 79 84 92 69
68 97 70 77 77 19 54
69 59 97 29 39 67 36
98 18 9 62 96 25 79
61 88 76 77 77 19 58
24 59 24 72 80 85 64
59 56 39 46 28 37 28
77 77 19 47 37 12 40
95 45 98 35 70 15 86
34 65 42 81 34 36 31
93 61 13 85 31 3 31
56 96 46 85 31 3 77
25 51 49 18 88 72 43
53 62 72 44 55 90 19
66 75 45 26 64 73 30
40 41 1 59 56 39 40
28 31 34 78 56 27 25
70 75 67 10 49 8 64
72 80 85 50 83 73 12
15 42 61 23 87 62 45
82 98 6 13 20 67 99
30 71 11 22 2 22 69
45 57 37 7 4 66 60
22 2 22 62 96 25 94
89 14 71 31 38 10 65
36 78 68 20 82 69 4
78 56 27 13 20 67 53
47 37 12 56 96 46 68
1 77 25 69 59 97 74
37 22 87 26 64 73 44
18 88 72 97 66 45 34
43 84 53 28 31 34 56
19 24 42 21 12 86 45
56 96 46 68 97 70 24
53 62 72 11 35 69 27
33 49 97 36 78 68 41
23 87 62 69 59 97 44
16 84 26 71 10 19 74
39 11 87 20 82 69 73
49 20 86 80 80 4 101
59 56 39 2 32 21 30
79 84 92 78 56 27 70
42 1 29 73 40 48 43
64 72 51 19 24 42 48
41 43 7 61 88 76 82
13 20 67 68 97 70 77
63 62 18 91 57 57 39
38 26 78 84 31 96 18
47 37 12 31 38 10 2
47 37 12 65 23 88 77
35 70 15 64 72 51 36
83 78 2 81 34 36 55
79 84 92 71 10 19 103
6 49 21 73 40 48 28
60 37 27 49 20 86 61
15 42 61 60 37 27 34
45 57 37 91 57 57 20
1 77 25 6 49 21 28
80 80 4 64 72 51 47
53 62 72 41 43 7 67
45 57 37 76 51 77 40
86 86 92 96 45 0 100
46 28 37 41 43 7 33
26 64 73 77 77 19 55
82 98 6 66 75 45 45
60 37 27 95 45 98 71
25 51 49 46 28 37 25
80 80 4 15 42 61 68
48 49 44 10 49 8 36
93 61 13 47 37 12 24
62 96 25 27 69 29 27
9 29 29 67 91 2 67
87 55 71 47 37 12 61
79 84 92 69 59 97 25
86 86 92 45 57 37 62
18 88 72 73 40 48 53
23 87 62 31 38 10 71
7 4 66 48 49 44 50
31 38 10 13 20 67 59
18 88 72 40 41 1 85
42 1 29 9 29 29 28
89 14 71 21 12 86 15
68 97 70 94 39 42 64
44 55 90 48 49 44 46
4 73 18 56 96 46 36
44 55 90 75 32 92 23
41 43 7 32 18 69 66
81 34 36 24 59 24 27
81 34 36 53 62 72 45
12 76 69 18 88 72 12
5 64 28 47 37 12 31
23 87 62 64 72 51 18
71 10 19 92 22 73 55
35 70 15 70 75 67 52
15 42 61 77 77 19 54
9 29 29 71 10 19 21
22 2 22 98 18 9 20
38 26 78 71 10 19 61
78 56 27 44 55 90 63
73 40 48 62 96 25 60
11 35 69 43 84 53 51
1 77 25 18 88 72 48
67 91 2 86 86 92 90
85 31 3 88 72 12 41
12 76 69 55 91 84 21
92 22 73 10 49 8 70
24 59 24 88 72 12 17
84 31 96 13 20 67 31
7 4 66 38 26 78 25
54 92 4 50 83 73 69
88 72 12 76 51 77 68
33 49 97 87 55 71 26
88 72 12 55 91 84 74
1 77 25 34 65 42 20
19 24 42 36 78 68 59
33 49 97 15 42 61 36
66 75 45 79 84 92 47
42 1 29 61 88 76 98
2 32 21 95 45 98 78
45 57 37 24 59 24 13
96 45 0 59 56 39 40
1 77 25 64 72 51 26
22 2 22 31 38 10 37
88 72 12 87 55 71 61
44 55 90 40 41 1 90
86 86 92 21 12 86 74
62 96 25 36 78 68 46
84 31 96 76 51 77 27
70 75 67 69 59 97 34
7 4 66 25 51 49 49
30 71 11 27 69 29 18
47 37 12 1 77 25 42
12 76 69 91 57 57 22
53 62 72 8 98 67 36
54 92 4 42 1 29 94
25 51 49 37 22 87 47
98 18 9 0 81 56 78
63 62 18 16 84 26 23
44 55 90 24 59 24 66
98 18 9 75 32 92 84
38 26 78 64 72 51 53
2 32 21 8 98 67 80
91 57 57 30 71 11 48
92 22 73 60 37 27 48
45 57 37 16 84 26 29
24 59 24 50 83 73 54
96 45 0 78 56 27 29
15 42 61 41 43 7 54
61 88 76 45 57 37 49
26 64 73 47 37 12 66
37 22 87 56 96 46 84
95 45 98 74 84 82 42
66 75 45 28 31 34 45
55 91 84 64 72 51 38
17 83 56 11 35 69 49
76 51 77 69 59 97 21
95 45 98 89 14 71 41
72 80 85 12 76 69 16
81 34 36 12 76 69 53
51 33 0 66 75 45 61
11 35 69 93 61 13 61
89 14 71 60 37 27 49
54 92 4 92 22 73 98
26 64 73 64 72 51 23
30 71 11 71 10 19 61
16 84 26 8 98 67 43
16 84 26 21 12 86 93
46 28 37 30 71 11 50
24 59 24 7 4 66 69
12 76 69 8 98 67 22
53 62 72 64 72 51 23
19 24 42 40 41 1 44
51 33 0 97 66 45 55
10 49 8 34 65 42 37
83 78 2 86 86 92 90
49 20 86 27 69 29 75
92 22 73 53 62 72 40
20 82 69 96 45 0 78
50 83 73 45 57 37 44
56 96 46 0 81 56 18
19 24 42 47 37 12 32
57 19 68 74 84 82 66
23 87 62 92 22 73 65
76 51 77 51 33 0 79
39 11 87 54 92 4 115
28 31 34 69 59 97 68
40 41 1 80 80 4 39
39 11 87 7 4 66 22
98 18 9 44 55 90 89
9 29 29 65 23 88 59
42 1 29 85 31 3 39
26 64 73 93 61 13 60
93 61 13 31 38 10 23
81 34 36 32 18 69 36
68 97 70 22 2 22 106
54 92 4 56 96 46 42
43 84 53 76 51 77 40
56 96 46 2 32 21 68
29 39 67 3 27 90 25
49 20 86 43 84 53 72
47 37 12 79 84 92 92
83 78 2 53 62 72 71
41 43 7 8 98 67 81
93 61 13 41 43 7 18
22 2 22 88 72 12 70
53 62 72 39 11 87 53
29 39 67 40 41 1 66
60 37 27 71 10 19 28
46 28 37 42 1 29 28
97 66 45 62 96 25 36
34 65 42 44 55 90 49
67 91 2 16 84 26 25
94 39 42 85 31 3 39
96 45 0 85 31 3 14
81 34 36 96 45 0 37
40 41 1 7 4 66 74
34 65 42 58 75 19 25
42 1 29 88 72 12 73
65 23 88 85 31 3 85
9 29 29 84 31 96 67
46 28 37 50 83 73 65
32 18 69 83 78 2 89
77 77 19 34 65 42 25
90 22 20 21 12 86 66
70 75 67 52 19 85 58
14 14 43 55 91 84 87
0 81 56 47 37 12 62
73 40 48 38 26 78 33
94 39 42 44 55 90 50
56 96 46 74 84 82 37
6 49 21 14 14 43 41
54 92 4 40 41 1 51
40 41 1 51 33 0 8
84 31 96 50 83 73 56
59 56 39 13 20 67 45
96 45 0 52 19 85 88
88 72 12 90 22 20 50
86 86 92 46 28 37 79
1 77 25 54 92 4 25
85 31 3 90 22 20 19
85 31 3 8 98 67 92
12 76 69 45 57 37 37
0 81 56 12 76 69 13
40 41 1 76 51 77 76
16 84 26 91 57 57 41
24 59 24 79 84 92 72
51 33 0 71 10 19 29
75 32 92 76 51 77 24
16 84 26 59 56 39 30
67 91 2 53 62 72 75
13 20 67 29 39 67 19
6 49 21 84 31 96 77
51 33 0 62 96 25 67
92 22 73 86 86 92 66
31 38 10 80 80 4 42
81 34 36 20 82 69 58
61 88 76 95 45 98 48
28 31 34 89 14 71 40
89 14 71 46 28 37 36
90 22 20 76 51 77 63
72 80 85 70 75 67 18
50 83 73 49 20 86 64
80 80 4 48 49 44 50
76 51 77 89 14 71 37
9 29 29 10 49 8 29
86 86 92 93 61 13 82
60 37 27 70 75 67 55
20 82 69 21 12 86 72
73 40 48 22 2 22 46
59 56 39 91 57 57 18
85 31 3 46 28 37 34
6 49 21 5 64 28 16
91 57 57 3 27 90 44
0 81 56 37 22 87 66
0 81 56 83 78 2 54
70 75 67 54 92 4 65
52 19 85 88 72 12 90
62 96 25 63 62 18 34
67 91 2 4 73 18 24
69 59 97 73 40 48 52
87 55 71 49 20 86 38
35 70 15 48 49 44 35
43 84 53 79 84 92 39
91 57 57 2 32 21 43
53 62 72 72 80 85 22
69 59 97 97 66 45 52
63 62 18 1 77 25 16
57 19 68 10 49 8 67
5 64 28 79 84 92 67
14 14 43 28 31 34 19
88 72 12 64 72 51 39
84 31 96 93 61 13 88
42 1 29 77 77 19 76
84 31 96 30 71 11 93
8 98 67 0 81 56 20
66 75 45 62 96 25 29
12 76 69 44 55 90 29
54 92 4 64 72 51 51
22 2 22 3 27 90 72
22 2 22 29 39 67 58
63 62 18 11 35 69 57
62 96 25 81 34 36 62
30 71 11 94 39 42 44
65 23 88 38 26 78 10
94 39 42 55 91 84 66
81 34 36 51 33 0 36
91 57 57 8 98 67 42
96 45 0 77 77 19 37
29 39 67 73 40 48 19
84 31 96 96 45 0 97
13 20 67 58 75 19 73
60 37 27 33 49 97 71
23 87 62 14 14 43 75
82 98 6 47 37 12 61
17 83 56 85 31 3 74
63 62 18 93 61 13 5
27 69 29 26 64 73 44
4 73 18 68 97 70 57
75 32 92 58 75 19 84
39 11 87 2 32 21 69
39 11 87 58 75 19 93
67 91 2 64 72 51 52
14 14 43 38 26 78 37
51 33 0 89 14 71 73
92 22 73 80 80 4 90
20 82 69 94 39 42 50
32 18 69 13 20 67 2
85 31 3 26 64 73 77
22 2 22 75 32 92 76
3 27 90 60 37 27 63
60 37 27 75 32 92 65
38 26 78 5 64 28 62
30 71 11 97 66 45 34
10 49 8 59 56 39 31
40 41 1 39 11 87 91
49 20 86 55 91 84 71
66 75 45 77 77 19 26
4 73 18 1 77 25 8
65 23 88 73 40 48 43
27 69 29 15 42 61 41
74 84 82 90 22 20 87
39 11 87 60 37 27 65
81 34 36 65 23 88 53
24 59 24 62 96 25 37
63 62 18 26 64 73 55
14 14 43 45 57 37 43
27 69 29 23 87 62 37
36 78 68 72 80 85 17
13 20 67 76 51 77 32
14 14 43 89 14 71 28
96 45 0 66 75 45 54
16 84 26 86 86 92 66
59 56 39 82 98 6 53
45 57 37 64 72 51 20
87 55 71 6 49 21 50
91 57 57 94 39 42 23
67 91 2 77 77 19 22
40 41 1 67 91 2 50
96 45 0 72 80 85 91
2 32 21 19 24 42 22
68 97 70 89 14 71 83
82 98 6 97 66 45 50
68 97 70 67 91 2 68
72 80 85 21 12 86 68
3 27 90 96 45 0 91
85 31 3 31 38 10 9
11 35 69 84 31 96 27
78 56 27 11 35 69 46
47 37 12 3 27 90 78
2 32 21 38 26 78 57
79 84 92 64 72 51 42
37 22 87 29 39 67 26
43 84 53 64 72 51 12
58 75 19 89 14 71 80
36 78 68 50 83 73 7
74 84 82 71 10 19 97
36 78 68 94 39 42 46
55 91 84 26 64 73 29
44 55 90 80 80 4 89
72 80 85 15 42 61 44
42 1 29 6 49 21 48
19 24 42 90 22 20 22
41 43 7 38 26 78 73
57 19 68 47 37 12 58
36 78 68 55 91 84 20
16 84 26 83 78 2 24
66 75 45 32 18 69 61
12 76 69 34 65 42 29
13 20 67 50 83 73 63
85 31 3 84 31 96 93
71 10 19 96 45 0 39
90 22 20 49 20 86 66
70 75 67 5 64 28 40
51 33 0 34 65 42 52
89 14 71 96 45 0 77
52 19 85 12 76 69 59
55 91 84 67 91 2 82
95 45 98 34 65 42 59
3 27 90 43 84 53 67
2 32 21 57 19 68 48
39 11 87 95 45 98 35
65 23 88 92 22 73 15
73 40 48 17 83 56 43
22 2 22 23 87 62 93
24 59 24 90 22 20 37
66 75 45 56 96 46 21
26 64 73 50 83 73 19
68 97 70 97 66 45 39
33 49 97 69 59 97 10
67 91 2 61 88 76 74
68 97 70 36 78 68 19
78 56 27 0 81 56 38
35 70 15 32 18 69 74
0 81 56 86 86 92 36
78 56 27 37 22 87 68
31 38 10 88 72 12 34
34 65 42 18 88 72 37
49 20 86 7 4 66 25
89 14 71 23 87 62 73
60 37 27 59 56 39 22
87 55 71 59 56 39 32
38 26 78 89 14 71 13
3 27 90 97 66 45 59
14 14 43 80 80 4 76
38 26 78 23 87 62 63
68 97 70 42 1 29 104
37 22 87 44 55 90 33
51 33 0 88 72 12 40
86 86 92 65 23 88 63
27 69 29 39 11 87 82
79 84 92 10 49 8 91
22 2 22 65 23 88 69
20 82 69 82 98 6 65
36 78 68 88 72 12 56
23 87 62 3 27 90 66
53 62 72 54 92 4 74
66 75 45 49 20 86 68
69 59 97 81 34 36 65
42 1 29 64 72 51 74
89 14 71 1 77 25 78
55 91 84 90 22 20 94
14 14 43 48 49 44 35
36 78 68 44 55 90 31
42 1 29 28 31 34 30
84 31 96 36 78 68 54
7 4 66 50 83 73 79
72 80 85 8 98 67 25
85 31 3 87 55 71 72
11 35 69 59 56 39 36
49 20 86 93 61 13 83
36 78 68 0 81 56 12
15 42 61 38 26 78 23
91 57 57 35 70 15 43
2 32 21 43 84 53 61
20 82 69 41 43 7 73
73 40 48 75 32 92 44
97 66 45 59 56 39 11
30 71 11 89 14 71 82
84 31 96 21 12 86 21
89 14 71 16 84 26 83
21 12 86 8 98 67 88
75 32 92 86 86 92 54
55 91 84 24 59 24 68
61 88 76 59 56 39 48
17 83 56 82 98 6 52
41 43 7 33 49 97 90
1 77 25 71 10 19 67
41 43 7 39 11 87 86
2 32 21 55 91 84 86
83 78 2 17 83 56 54
32 18 69 50 83 73 65
93 61 13 20 82 69 59
6 49 21 90 22 20 27
30 71 11 96 45 0 28
18 88 72 5 64 28 50
2 32 21 70 75 67 62
83 78 2 13 20 67 87
11 35 69 7 4 66 31
25 51 49 4 73 18 38
94 39 42 21 12 86 51
55 91 84 1 77 25 60
98 18 9 76 51 77 75
48 49 44 85 31 3 44
23 87 62 43 84 53 9
5 64 28 83 78 2 29
47 37 12 76 51 77 66
96 45 0 54 92 4 47
64 72 51 73 40 48 32
91 57 57 14 14 43 45
62 96 25 64 72 51 35
60 37 27 80 80 4 48
74 84 82 80 80 4 78
56 96 46 12 76 69 30
9 29 29 1 77 25 48
45 57 37 67 91 2 48
55 91 84 9 29 29 82
14 14 43 4 73 18 64
43 84 53 82 98 6 49
57 19 68 41 43 7 65
54 92 4 5 64 28 36
4 73 18 54 92 4 23
32 18 69 94 39 42 34
65 23 88 50 83 73 61
35 70 15 14 14 43 62
17 83 56 55 91 84 29
12 76 69 59 56 39 36
13 20 67 1 77 25 70
81 34 36 43 84 53 52
6 49 21 75 32 92 73
84 31 96 34 65 42 63
72 80 85 97 66 45 42
90 22 20 7 4 66 49
37 22 87 93 61 13 83
68 97 70 31 38 10 84
69 59 97 62 96 25 80
55 91 84 21 12 86 79
64 72 51 89 14 71 61
57 19 68 21 12 86 19
77 77 19 74 84 82 63
30 71 11 68 97 70 64
40 41 1 16 84 26 49
5 64 28 78 56 27 8
66 75 45 59 56 39 19
60 37 27 21 12 86 64
38 26 78 28 31 34 44
1 77 25 74 84 82 57
23 87 62 18 88 72 10
65 23 88 53 62 72 42
20 82 69 83 78 2 67
83 78 2 6 49 21 34
28 31 34 4 73 18 44
72 80 85 18 88 72 15
10 49 8 33 49 97 89
72 80 85 34 65 42 45
98 18 9 57 19 68 59
82 98 6 23 87 62 57
38 26 78 29 39 67 17
61 88 76 74 84 82 7
14 14 43 62 96 25 83
31 38 10 70 75 67 67
44 55 90 25 51 49 41
75 32 92 23 87 62 62
31 38 10 4 73 18 35
37 22 87 7 4 66 27
88 72 12 81 34 36 44
71 10 19 76 51 77 71
86 86 92 55 91 84 9
41 43 7 77 77 19 36
5 64 28 23 87 62 41
3 27 90 19 24 42 48
91 57 57 87 55 71 14
11 35 69 42 1 29 52
77 77 19 24 59 24 18
77 77 19 92 22 73 77
53 62 72 58 75 19 54
89 14 71 6 49 21 61
90 22 20 92 22 73 53
50 83 73 5 64 28 48
31 38 10 81 34 36 26
66 75 45 7 4 66 74
9 29 29 34 65 42 38
74 84 82 20 82 69 13
28 31 34 48 49 44 20
81 34 36 30 71 11 44
80 80 4 70 75 67 63
41 43 7 94 39 42 35
94 39 42 2 32 21 22
76 51 77 23 87 62 39
89 14 71 45 57 37 54
67 91 2 85 31 3 60
84 31 96 15 42 61 36
98 18 9 10 49 8 31
57 19 68 23 87 62 68
68 97 70 73 40 48 61
70 75 67 89 14 71 61
88 72 12 73 40 48 48
16 84 26 44 55 90 70
95 45 98 29 39 67 31
66 75 45 60 37 27 42
94 39 42 46 28 37 12
63 62 18 19 24 42 44
98 18 9 41 43 7 25
18 88 72 64 72 51 26
52 19 85 97 66 45 61
31 38 10 46 28 37 28
89 14 71 74 84 82 70
69 59 97 12 76 69 32
92 22 73 24 59 24 61
51 33 0 53 62 72 77
35 70 15 86 86 92 78
83 78 2 38 26 78 92
30 71 11 70 75 67 56
2 32 21 30 71 11 40
0 81 56 40 41 1 68
12 76 69 58 75 19 50
84 31 96 53 62 72 39
2 32 21 50 83 73 72
82 98 6 22 2 22 97
98 18 9 49 20 86 77
50 83 73 82 98 6 68
43 84 53 38 26 78 63
55 91 84 6 49 21 75
62 96 25 79 84 92 68
90 22 20 77 77 19 55
97 66 45 86 86 92 51
43 84 53 62 96 25 30
96 45 0 4 73 18 33
62 96 25 33 49 97 85
57 19 68 92 22 73 5
27 69 29 32 18 69 64
51 33 0 46 28 37 37
30 71 11 24 59 24 17
82 98 6 32 18 69 101
77 77 19 31 38 10 40
2 32 21 61 88 76 78
21 12 86 3 27 90 15
27 69 29 18 88 72 47
38 26 78 4 73 18 76
90 22 20 23 87 62 77
36 78 68 82 98 6 65
26 64 73 95 45 98 31
67 91 2 31 38 10 53
32 18 69 47 37 12 60
23 87 62 46 28 37 64
67 91 2 65 23 88 109
94 39 42 82 98 6 69
57 19 68 78 56 27 55
59 56 39 5 64 28 13
23 87 62 67 91 2 60
53 62 72 50 83 73 21
23 87 62 61 88 76 14
46 28 37 66 75 45 47
1 77 25 53 62 72 49
73 40 48 77 77 19 47
23 87 62 33 49 97 51
14 14 43 96 45 0 53
79 84 92 4 73 18 74
70 75 67 8 98 67 23
70 75 67 79 84 92 26
64 72 51 85 31 3 63
14 14 43 32 18 69 26
59 56 39 19 24 42 32
98 18 9 67 91 2 73
16 84 26 30 71 11 19
41 43 7 89 14 71 70
11 35 69 0 81 56 47
49 20 86 75 32 92 13
38 26 78 74 84 82 58
66 75 45 5 64 28 20
0 81 56 50 83 73 17
8 98 67 46 28 37 76
81 34 36 26 64 73 47
49 20 86 70 75 67 58
88 72 12 97 66 45 33
53 62 72 25 51 49 25
71 10 19 82 98 6 88
67 91 2 32 18 69 99
55 91 84 69 59 97 34
92 22 73 34 65 42 53
52 19 85 17 83 56 70
28 31 34 79 84 92 78
24 59 24 47 37 12 25
40 41 1 2 32 21 21
50 83 73 10 49 8 73
1 77 25 36 78 68 43
5 64 28 60 37 27 27
76 51 77 3 27 90 27
13 20 67 6 49 21 54
62 96 25 26 64 73 57
17 83 56 98 18 9 80
1 77 25 76 51 77 58
57 19 68 42 1 29 42
51 33 0 49 20 86 86
36 78 68 3 27 90 55
40 41 1 24 59 24 29
92 22 73 61 88 76 66
6 49 21 47 37 12 15
24 59 24 19 24 42 39
45 57 37 32 18 69 50
70 75 67 87 55 71 20
59 56 39 71 10 19 50
43 84 53 53 62 72 29
92 22 73 40 41 1 74
77 77 19 97 66 45 28
18 88 72 90 22 20 84
80 80 4 3 27 90 101
50 83 73 78 56 27 53
96 45 0 29 39 67 67
60 37 27 74 84 82 72
84 31 96 56 96 46 82
58 75 19 32 18 69 75
96 45 0 37 22 87 89
31 38 10 50 83 73 77
24 59 24 52 19 85 72
2 32 21 12 76 69 65
59 56 39 48 49 44 8
19 24 42 11 35 69 29
26 64 73 80 80 4 70
25 51 49 95 45 98 49
12 76 69 31 38 10 70
36 78 68 71 10 19 83
73 40 48 2 32 21 28
94 39 42 47 37 12 30
3 27 90 28 31 34 56
8 98 67 11 35 69 63
45 57 37 2 32 21 29
17 83 56 32 18 69 66
22 2 22 74 84 82 101
43 84 53 32 18 69 67
11 35 69 26 64 73 29
22 2 22 63 62 18 60
44 55 90 23 87 62 42
44 55 90 63 62 18 72
63 62 18 71 10 19 52
33 49 97 7 4 66 54
79 84 92 68 97 70 25
43 84 53 8 98 67 19
21 12 86 51 33 0 88
92 22 73 36 78 68 56
42 1 29 13 20 67 42
50 83 73 64 72 51 24
13 20 67 25 51 49 35
83 78 2 1 77 25 23
53 62 72 22 2 22 78
95 45 98 69 59 97 14
82 98 6 25 51 49 63
37 22 87 3 27 90 5
35 70 15 42 1 29 70
12 76 69 71 10 19 82
77 77 19 89 14 71 81
8 98 67 24 59 24 58
39 11 87 68 97 70 87
57 19 68 43 84 53 66
54 92 4 62 96 25 21
4 73 18 88 72 12 6
56 96 46 82 98 6 40
3 27 90 35 70 15 86
57 19 68 37 22 87 19
30 71 11 82 98 6 27
42 1 29 95 45 98 81
19 24 42 61 88 76 72
9 29 29 72 80 85 75
77 77 19 49 20 86 87
60 37 27 16 84 26 47
9 29 29 43 84 53 60
44 55 90 21 12 86 43
90 22 20 9 29 29 11
92 22 73 48 49 44 39
55 91 84 13 20 67 73
98 18 9 31 38 10 20
73 40 48 84 31 96 48
39 11 87 28 31 34 56
71 10 19 52 19 85 66
44 55 90 1 77 25 68
10 49 8 45 57 37 30
29 39 67 35 70 15 60
16 84 26 62 96 25 12
58 75 19 43 84 53 35
71 10 19 87 55 71 68
23 87 62 12 76 69 13
57 19 68 27 69 29 63
91 57 57 9 29 29 39
87 55 71 42 1 29 68
20 82 69 72 80 85 16
56 96 46 22 2 22 97
2 32 21 21 12 86 68
53 62 72 29 39 67 23
89 14 71 25 51 49 43
87 55 71 57 19 68 36
69 59 97 51 33 0 100
4 73 18 11 35 69 63
32 18 69 15 42 61 25
45 57 37 75 32 92 60
66 75 45 0 81 56 12
13 20 67 20 82 69 62
83 78 2 39 11 87 108
52 19 85 20 82 69 65
77 77 19 8 98 67 52
42 1 29 16 84 26 83
45 57 37 37 22 87 61
5 64 28 15 42 61 39
83 78 2 98 18 9 60
67 91 2 3 27 90 108
26 64 73 68 97 70 33
50 83 73 42 1 29 93
31 38 10 35 70 15 32
7 4 66 70 75 67 71
65 23 88 69 59 97 37
30 71 11 9 29 29 45
66 75 45 71 10 19 70
43 84 53 70 75 67 16
3 27 90 68 97 70 72
76 51 77 79 84 92 36
41 43 7 44 55 90 83
86 86 92 98 18 9 107
90 22 20 32 18 69 49
27 69 29 2 32 21 37
55 91 84 73 40 48 62
8 98 67 95 45 98 61
16 84 26 12 76 69 43
4 73 18 21 12 86 91
16 84 26 1 77 25 7
37 22 87 81 34 36 52
36 78 68 79 84 92 24
49 20 86 63 62 18 79
61 88 76 8 98 67 13
2 32 21 75 32 92 71
88 72 12 13 20 67 75
93 61 13 40 41 1 23
59 56 39 35 70 15 27
59 56 39 43 84 53 31
90 22 20 43 84 53 70
79 84 92 82 98 6 87
10 49 8 66 75 45 45
94 39 42 90 22 20 27
36 78 68 13 20 67 58
9 29 29 53 62 72 54
69 59 97 94 39 42 58
80 80 4 42 1 29 82
31 38 10 11 35 69 59
74 84 82 96 45 0 90
6 49 21 29 39 67 47
92 22 73 94 39 42 35
54 92 4 60 37 27 59
9 29 29 77 77 19 49
68 97 70 55 91 84 15
14 14 43 86 86 92 87
60 37 27 34 65 42 31
77 77 19 79 84 92 73
9 29 29 75 32 92 63
30 71 11 13 20 67 75
79 84 92 1 77 25 67
3 27 90 41 43 7 84
29 39 67 77 77 19 61
82 98 6 18 88 72 66
95 45 98 91 57 57 42
84 31 96 24 59 24 77
0 81 56 65 23 88 66
61 88 76 31 38 10 82
34 65 42 2 32 21 39
24 59 24 32 18 69 60
73 40 48 66 75 45 35
19 24 42 98 18 9 33
17 83 56 45 57 37 32
37 22 87 94 39 42 48
88 72 12 60 37 27 38
93 61 13 3 27 90 84
1 77 25 78 56 27 21
27 69 29 4 73 18 11
96 45 0 34 65 42 46
37 22 87 60 37 27 61
34 65 42 40 41 1 47
88 72 12 25 51 49 42
84 31 96 41 43 7 89
22 2 22 87 55 71 72
49 20 86 68 97 70 78
67 91 2 72 80 85 83
91 57 57 28 31 34 34
17 83 56 8 98 67 18
30 71 11 33 49 97 88
29 39 67 52 19 85 26
29 39 67 27 69 29 48
17 83 56 65 23 88 68
43 84 53 94 39 42 46
31 38 10 95 45 98 88
68 97 70 87 55 71 42
11 35 69 18 88 72 53
57 19 68 52 19 85 17
79 84 92 37 22 87 62
70 75 67 53 62 72 13
95 45 98 46 28 37 63
92 22 73 74 84 82 62
7 4 66 82 98 6 111
80 80 4 81 34 36 56
79 84 92 0 81 56 36
7 4 66 32 18 69 14
73 40 48 98 18 9 44
37 22 87 16 84 26 86
31 38 10 37 22 87 78
69 59 97 17 83 56 47
7 4 66 68 97 70 93
2 32 21 18 88 72 75
26 64 73 32 18 69 46
26 64 73 54 92 4 74
50 83 73 21 12 86 72
97 66 45 65 23 88 60
65 23 88 18 88 72 66
66 75 45 38 26 78 59
54 92 4 8 98 67 63
94 39 42 78 56 27 22
38 26 78 61 88 76 62
30 71 11 39 11 87 96
83 78 2 52 19 85 101
32 18 69 78 56 27 56
10 49 8 74 84 82 81
5 64 28 33 49 97 70
97 66 45 98 18 9 60
12 76 69 50 83 73 8
62 96 25 40 41 1 60
5 64 28 67 91 2 37
31 38 10 53 62 72 66
5 64 28 28 31 34 33
52 19 85 43 84 53 72
53 62 72 6 49 21 52
39 11 87 32 18 69 19
13 20 67 2 32 21 47
95 45 98 6 49 21 77
87 55 71 72 80 85 28
9 29 29 33 49 97 70
5 64 28 17 83 56 33
47 37 12 60 37 27 15
90 22 20 41 43 7 24
89 14 71 73 40 48 34
91 57 57 4 73 18 42
71 10 19 18 88 72 94
52 19 85 48 49 44 50
37 22 87 6 49 21 71
59 56 39 14 14 43 42
19 24 42 13 20 67 25
69 59 97 11 35 69 36
45 57 37 1 77 25 23
83 78 2 9 29 29 55
15 42 61 55 91 84 54
32 18 69 19 24 42 27
79 84 92 38 26 78 59
52 19 85 58 75 19 86
60 37 27 18 88 72 68
15 42 61 53 62 72 22
5 64 28 69 59 97 69
29 39 67 36 78 68 39
92 22 73 31 38 10 65
13 20 67 49 20 86 19
40 41 1 20 82 69 79
22 2 22 67 91 2 91
11 35 69 74 84 82 50
37 22 87 18 88 72 67
61 88 76 91 57 57 36
74 84 82 0 81 56 26
75 32 92 7 4 66 38
58 75 19 35 70 15 6
86 86 92 61 88 76 16
57 19 68 84 31 96 30
7 4 66 6 49 21 63
31 38 10 74 84 82 85
34 65 42 22 2 22 66
24 59 24 27 69 29 11
92 22 73 26 64 73 42
42 1 29 60 37 27 36
82 98 6 51 33 0 65
42 1 29 82 98 6 99
14 14 43 37 22 87 44
86 86 92 11 35 69 55
14 14 43 52 19 85 42
63 62 18 50 83 73 58
25 51 49 3 27 90 47
32 18 69 1 77 25 73
52 19 85 55 91 84 72
29 39 67 92 22 73 18
88 72 12 33 49 97 88
35 70 15 90 22 20 48
65 23 88 29 39 67 26
61 88 76 63 62 18 63
86 86 92 3 27 90 59
48 49 44 60 37 27 20
44 55 90 83 78 2 90
34 65 42 87 55 71 30
83 78 2 58 75 19 17
68 97 70 85 31 3 94
68 97 70 6 49 21 68
14 14 43 76 51 77 50
33 49 97 19 24 42 60
72 80 85 95 45 98 37
34 65 42 66 75 45 10
33 49 97 97 66 45 54
25 51 49 15 42 61 15
15 42 61 70 75 67 33
3 27 90 50 83 73 58
70 75 67 81 34 36 51
66 75 45 14 14 43 61
25 51 49 86 86 92 55
45 57 37 80 80 4 40
67 91 2 57 19 68 97
51 33 0 28 31 34 34
23 87 62 98 18 9 87
91 57 57 64 72 51 16
25 51 49 20 82 69 36
2 32 21 26 64 73 61
81 34 36 4 73 18 42
11 35 69 57 19 68 16
87 55 71 44 55 90 19
5 64 28 49 20 86 72
11 35 69 35 70 15 64
76 51 77 92 22 73 29
54 92 4 98 18 9 74
62 96 25 55 91 84 59
23 87 62 4 73 18 46
67 91 2 46 28 37 72
93 61 13 6 49 21 14
91 57 57 66 75 45 21
86 86 92 12 76 69 25
33 49 97 50 83 73 41
94 39 42 72 80 85 59
41 43 7 65 23 88 83
25 51 49 24 59 24 26
64 72 51 33 49 97 51
83 78 2 47 37 12 42
69 59 97 85 31 3 98
91 57 57 84 31 96 46
84 31 96 37 22 87 12
80 80 4 54 92 4 12
32 18 69 51 33 0 70
8 98 67 68 97 70 3
83 78 2 93 61 13 20
32 18 69 73 40 48 30
77 77 19 44 55 90 74
10 49 8 61 88 76 78
81 34 36 10 49 8 31
71 10 19 61 88 76 96
88 72 12 79 84 92 80
15 42 61 7 4 66 38
52 19 85 68 97 70 79
55 91 84 82 98 6 78
41 43 7 9 29 29 26
67 91 2 6 49 21 46
4 73 18 19 24 42 54
50 83 73 86 86 92 19
78 56 27 46 28 37 29
76 51 77 94 39 42 37
76 51 77 32 18 69 33
2 32 21 31 38 10 12
64 72 51 16 84 26 27
59 56 39 69 59 97 58
5 64 28 20 82 69 44
22 2 22 46 28 37 30
56 96 46 32 18 69 81
33 49 97 27 69 29 70
93 61 13 57 19 68 69
40 41 1 8 98 67 87
74 84 82 16 84 26 56
81 34 36 75 32 92 56
5 64 28 39 11 87 79
19 24 42 0 81 56 58
45 57 37 26 64 73 36
12 76 69 27 69 29 40
45 57 37 40 41 1 39
18 88 72 15 42 61 47
92 22 73 69 59 97 44
40 41 1 15 42 61 60
74 84 82 51 33 0 96
44 55 90 93 61 13 77
34 65 42 19 24 42 41
82 98 6 73 40 48 71
11 35 69 34 65 42 40
44 55 90 61 88 76 35
66 75 45 16 84 26 21
83 78 2 42 1 29 81
29 39 67 44 55 90 28
87 55 71 32 18 69 37
58 75 19 1 77 25 6
42 1 29 56 96 46 96
2 32 21 10 49 8 21
13 20 67 61 88 76 68
75 32 92 29 39 67 25
98 18 9 24 59 24 43
93 61 13 64 72 51 39
94 39 42 42 1 29 40
40 41 1 83 78 2 37
97 66 45 21 12 86 67
21 12 86 46 28 37 51
91 57 57 67 91 2 64
89 14 71 88 72 12 82
87 55 71 77 77 19 56
97 66 45 43 84 53 19
79 84 92 13 20 67 68
53 62 72 20 82 69 20
28 31 34 0 81 56 54
85 31 3 98 18 9 14
26 64 73 3 27 90 40
34 65 42 83 78 2 42
17 83 56 59 56 39 31
23 87 62 2 32 21 68
32 18 69 84 31 96 29
95 45 98 4 73 18 84
80 80 4 90 22 20 60
26 64 73 51 33 0 79
61 88 76 32 18 69 70
86 86 92 66 75 45 48
64 72 51 69 59 97 47
1 77 25 59 56 39 25
98 18 9 80 80 4 62
29 39 67 49 20 86 26
47 37 12 71 10 19 27
63 62 18 18 88 72 59
81 34 36 0 81 56 51
42 1 29 58 75 19 74
30 71 11 92 22 73 79
26 64 73 70 75 67 12
69 59 97 63 62 18 79
56 96 46 70 75 67 29
82 98 6 88 72 12 26
33 49 97 49 20 86 31
90 22 20 91 57 57 50
7 4 66 29 39 67 35
75 32 92 12 76 69 49
86 86 92 53 62 72 31
42 1 29 17 83 56 86
81 34 36 3 27 90 54
92 22 73 52 19 85 12
35 70 15 79 84 92 78
25 51 49 60 37 27 26
51 33 0 44 55 90 92
21 12 86 92 22 73 16
12 76 69 33 49 97 38
90 22 20 71 10 19 12
66 75 45 29 39 67 42
24 59 24 64 72 51 29
32 18 69 75 32 92 26
38 26 78 48 49 44 41
63 62 18 84 31 96 83
43 84 53 40 41 1 67
3 27 90 10 49 8 84
43 84 53 21 12 86 79
85 31 3 75 32 92 89
27 69 29 86 86 92 65
47 37 12 89 14 71 63
96 45 0 27 69 29 37
6 49 21 58 75 19 26
32 18 69 18 88 72 70
37 22 87 50 83 73 62
39 11 87 98 18 9 78
21 12 86 0 81 56 75
17 83 56 26 64 73 25
33 49 97 48 49 44 53
27 69 29 43 84 53 28
19 24 42 52 19 85 43
67 91 2 26 64 73 75
13 20 67 18 88 72 68
65 23 88 70 75 67 56
35 70 15 85 31 3 40
21 12 86 45 57 37 66
15 42 61 57 19 68 24
35 70 15 69 59 97 82
78 56 27 23 87 62 46
93 61 13 55 91 84 77
57 19 68 89 14 71 5
3 27 90 59 56 39 58
53 62 72 56 96 46 42
30 71 11 76 51 77 68
0 81 56 45 57 37 30
5 64 28 7 4 66 71
89 14 71 78 56 27 60
40 41 1 31 38 10 9
56 96 46 78 56 27 44
5 64 28 81 34 36 31
60 37 27 73 40 48 21
1 77 25 23 87 62 38
22 2 22 92 22 73 54
85 31 3 16 84 26 57
17 83 56 6 49 21 48
11 35 69 70 75 67 40
87 55 71 97 66 45 28
61 88 76 29 39 67 49
73 40 48 35 70 15 44
35 70 15 82 98 6 29
84 31 96 40 41 1 95
0 81 56 75 32 92 60
97 66 45 76 51 77 35
37 22 87 62 96 25 96
30 71 11 85 31 3 40
29 39 67 89 14 71 25
14 14 43 27 69 29 56
10 49 8 53 62 72 65
11 35 69 92 22 73 13
18 88 72 45 57 37 46
77 77 19 30 71 11 10
4 73 18 8 98 67 55
49 20 86 12 76 69 58
39 11 87 87 55 71 46
61 88 76 66 75 45 33
66 75 45 33 49 97 58
42 1 29 66 75 45 75
27 69 29 73 40 48 34
43 84 53 24 59 24 38
6 49 21 44 55 90 69
32 18 69 37 22 87 18
4 73 18 5 64 28 13
70 75 67 73 40 48 39
16 84 26 80 80 4 22
6 49 21 18 88 72 64
98 18 9 96 45 0 28
0 81 56 63 62 18 42
98 18 9 28 31 34 28
85 31 3 41 43 7 12
69 59 97 72 80 85 24
52 19 85 80 80 4 101
2 32 21 90 22 20 10
39 11 87 80 80 4 107
78 56 27 33 49 97 70
66 75 45 98 18 9 67
1 77 25 10 49 8 32
65 23 88 10 49 8 84
11 35 69 67 91 2 87
80 80 4 0 81 56 52
64 72 51 39 11 87 70
34 65 42 63 62 18 24
57 19 68 85 31 3 66
78 56 27 84 31 96 73
83 78 2 2 32 21 49
77 77 19 48 49 44 37
23 87 62 66 75 45 20
10 49 8 78 56 27 20
81 34 36 40 41 1 35
7 4 66 4 73 18 84
50 83 73 83 78 2 71
52 19 85 23 87 62 71
21 12 86 82 98 6 117
81 34 36 7 4 66 42
30 71 11 45 57 37 29
94 39 42 57 19 68 32
73 40 48 5 64 28 31
13 20 67 17 83 56 63
21 12 86 28 31 34 55
49 20 86 62 96 25 97
38 26 78 25 51 49 38
56 96 46 17 83 56 16
80 80 4 18 88 72 68
78 56 27 12 76 69 46
96 45 0 19 24 42 46
52 19 85 9 29 29 56
6 49 21 71 10 19 39
73 40 48 28 31 34 16
78 56 27 85 31 3 34
95 45 98 67 91 2 106
11 35 69 71 10 19 55
72 80 85 19 24 42 70
44 55 90 9 29 29 66
71 10 19 8 98 67 100
15 42 61 52 19 85 33
59 56 39 77 77 19 29
63 62 18 64 72 51 34
88 72 12 57 19 68 77
72 80 85 7 4 66 78
8 98 67 74 84 82 20
26 64 73 43 84 53 28
48 49 44 26 64 73 32
85 31 3 55 91 84 100
67 91 2 52 19 85 109
42 1 29 98 18 9 26
49 20 86 44 55 90 35
39 11 87 90 22 20 67
81 34 36 74 84 82 67
28 31 34 83 78 2 56
7 4 66 22 2 22 44
45 57 37 55 91 84 58
71 10 19 89 14 71 52
86 86 92 15 42 61 53
16 84 26 84 31 96 87
40 41 1 96 45 0 4
72 80 85 78 56 27 62
14 14 43 82 98 6 91
51 33 0 64 72 51 64
51 33 0 43 84 53 73
34 65 42 71 10 19 59
98 18 9 43 84 53 79
75 32 92 27 69 29 73
65 23 88 6 49 21 71
65 23 88 23 87 62 69
54 92 4 23 87 62 58
47 37 12 48 49 44 34
94 39 42 14 14 43 25
54 92 4 35 70 15 24
45 57 37 48 49 44 10
1 77 25 88 72 12 13
58 75 19 11 35 69 64
20 82 69 24 59 24 50
84 31 96 66 75 45 67
54 92 4 72 80 85 81
46 28 37 61 88 76 71
63 62 18 8 98 67 60
91 57 57 43 84 53 27
2 32 21 62 96 25 64
90 22 20 4 73 18 51
94 39 42 13 20 67 31
96 45 0 80 80 4 35
30 71 11 62 96 25 28
95 45 98 81 34 36 62
49 20 86 79 84 92 64
73 40 48 95 45 98 50
74 84 82 85 31 3 95
63 62 18 36 78 68 52
41 43 7 2 32 21 17
35 70 15 21 12 86 91
86 86 92 31 38 10 95
84 31 96 95 45 98 14
77 77 19 84 31 96 89
20 82 69 3 27 90 58
26 64 73 29 39 67 25
37 22 87 33 49 97 28
25 51 49 71 10 19 50
16 84 26 95 45 98 81
64 72 51 4 73 18 33
22 2 22 5 64 28 62
18 88 72 50 83 73 5
11 35 69 12 76 69 41
83 78 2 12 76 69 67
53 62 72 97 66 45 27
81 34 36 38 26 78 42
66 75 45 83 78 2 43
52 19 85 94 39 42 47
24 59 24 21 12 86 77
49 20 86 20 82 69 64
14 14 43 85 31 3 43
43 84 53 30 71 11 43
55 91 84 38 26 78 65
39 11 87 36 78 68 69
95 45 98 85 31 3 96
88 72 12 9 29 29 46
73 40 48 24 59 24 30
28 31 34 30 71 11 46
41 43 7 0 81 56 62
75 32 92 5 64 28 71
0 81 56 70 75 67 12
85 31 3 29 39 67 64
26 64 73 97 66 45 28
97 66 45 10 49 8 40
58 75 19 10 49 8 28
63 62 18 75 32 92 79
20 82 69 51 33 0 84
76 51 77 70 75 67 26
83 78 2 67 91 2 13
95 45 98 23 87 62 55
15 42 61 2 32 21 41
86 86 92 30 71 11 82
52 19 85 50 83 73 65
57 19 68 72 80 85 63
0 81 56 69 59 97 46
59 56 39 20 82 69 39
40 41 1 25 51 49 49
70 75 67 29 39 67 36
58 75 19 30 71 11 8
41 43 7 4 73 18 31
77 77 19 76 51 77 63
60 37 27 44 55 90 65
4 73 18 58 75 19 2
68 97 70 86 86 92 24
96 45 0 94 39 42 42
39 11 87 46 28 37 52
39 11 87 44 55 90 44
49 20 86 61 88 76 68
52 19 85 51 33 0 86
87 55 71 8 98 67 43
68 97 70 70 75 67 22
62 96 25 78 56 27 40
93 61 13 38 26 78 73
70 75 67 57 19 68 56
41 43 7 18 88 72 79
37 22 87 23 87 62 69
31 38 10 26 64 73 68
93 61 13 60 37 27 27
92 22 73 8 98 67 76
16 84 26 14 14 43 72
46 28 37 77 77 19 52
68 97 70 90 22 20 90
74 84 82 46 28 37 71
46 28 37 37 22 87 50
20 82 69 80 80 4 65
58 75 19 26 64 73 55
96 45 0 8 98 67 85
41 43 7 16 84 26 45
80 80 4 83 78 2 2
61 88 76 76 51 77 37
43 84 53 1 77 25 28
69 59 97 75 32 92 27
45 57 37 22 2 22 57
27 69 29 45 57 37 14
41 43 7 92 22 73 69
95 45 98 55 91 84 48
54 92 4 12 76 69 66
87 55 71 21 12 86 45
58 75 19 94 39 42 42
7 4 66 43 84 53 81
0 81 56 96 45 0 66
50 83 73 92 22 73 61
34 65 42 55 91 84 49
15 42 61 54 92 4 75
87 55 71 30 71 11 62
59 56 39 64 72 51 20
78 56 27 14 14 43 44
74 84 82 97 66 45 41
46 28 37 65 23 88 51
65 23 88 31 38 10 79
53 62 72 32 18 69 44
51 33 0 91 57 57 61
26 64 73 78 56 27 46
76 51 77 81 34 36 44
64 72 51 31 38 10 53
3 27 90 79 84 92 57
97 66 45 4 73 18 27
62 96 25 12 76 69 48
23 87 62 55 91 84 22
14 14 43 72 80 85 78
19 24 42 42 1 29 26
42 1 29 37 22 87 61
95 45 98 75 32 92 14
92 22 73 66 75 45 59
59 56 39 68 97 70 51
33 49 97 56 96 46 69
53 62 72 59 56 39 33
3 27 90 75 32 92 5
16 84 26 96 45 0 46
58 75 19 61 88 76 58
32 18 69 10 49 8 68
1 77 25 14 14 43 65
82 98 6 41 43 7 55
82 98 6 19 24 42 82
54 92 4 71 10 19 83
41 43 7 34 65 42 41
46 28 37 54 92 4 72
13 20 67 63 62 18 64
75 32 92 91 57 57 43
12 76 69 42 1 29 85
91 57 57 47 37 12 49
29 39 67 11 35 69 4
81 34 36 18 88 72 64
35 70 15 46 28 37 47
35 70 15 10 49 8 22
51 33 0 38 26 78 78
73 40 48 61 88 76 55
72 80 85 31 38 10 85
69 59 97 93 61 13 84
35 70 15 9 29 29 43
87 55 71 56 96 46 48
24 59 24 61 88 76 59
68 97 70 18 88 72 9
65 23 88 24 59 24 73
92 22 73 59 56 39 48
83 78 2 48 49 44 51
36 78 68 70 75 67 3
35 70 15 0 81 56 42
47 37 12 67 91 2 54
89 14 71 8 98 67 84
90 22 20 60 37 27 16
7 4 66 52 19 85 24
88 72 12 69 59 97 85
29 39 67 31 38 10 57
28 31 34 77 77 19 48
11 35 69 10 49 8 62
28 31 34 11 35 69 35
54 92 4 67 91 2 2
81 34 36 82 98 6 70
35 70 15 36 78 68 53
28 31 34 15 42 61 29
20 82 69 89 14 71 68
76 51 77 78 56 27 50
17 83 56 92 22 73 63
13 20 67 7 4 66 16
78 56 27 63 62 18 10
1 77 25 61 88 76 52
18 88 72 26 64 73 24
87 55 71 46 28 37 43
16 84 26 38 26 78 77
2 32 21 79 84 92 88
57 19 68 4 73 18 73
15 42 61 87 55 71 16
46 28 37 83 78 2 61
9 29 29 40 41 1 30
30 71 11 32 18 69 78
0 81 56 72 80 85 29
87 55 71 90 22 20 60
15 42 61 58 75 19 53
59 56 39 50 83 73 43
88 72 12 47 37 12 35
51 33 0 13 20 67 68
39 11 87 75 32 92 21
95 45 98 49 20 86 27
98 18 9 95 45 98 93
55 91 84 58 75 19 66
98 18 9 55 91 84 104
49 20 86 15 42 61 33
18 88 72 21 12 86 77
10 49 8 15 42 61 53
64 72 51 65 23 88 61
11 35 69 61 88 76 53
20 82 69 75 32 92 55
9 29 29 23 87 62 66
56 96 46 38 26 78 76
35 70 15 4 73 18 4
52 19 85 5 64 28 72
47 37 12 68 97 70 83
73 40 48 15 42 61 13
82 98 6 98 18 9 80
14 14 43 26 64 73 58
2 32 21 86 86 92 89
48 49 44 82 98 6 62
29 39 67 43 84 53 47
44 55 90 47 37 12 80
70 75 67 28 31 34 55
63 62 18 51 33 0 34
47 37 12 55 91 84 90
10 49 8 94 39 42 35
82 98 6 75 32 92 108
57 19 68 8 98 67 79
61 88 76 54 92 4 72
18 88 72 57 19 68 69
97 66 45 5 64 28 17
83 78 2 21 12 86 106
68 97 70 28 31 34 75
47 37 12 17 83 56 63
59 56 39 55 91 84 57
78 56 27 43 84 53 38
64 72 51 94 39 42 34
63 62 18 68 97 70 62
83 78 2 29 39 67 75
98 18 9 68 97 70 99
27 69 29 89 14 71 69
17 83 56 44 55 90 44
63 62 18 98 18 9 44
26 64 73 24 59 24 49
85 31 3 51 33 0 3
45 57 37 43 84 53 31
63 62 18 10 49 8 16
2 32 21 11 35 69 48
10 49 8 55 91 84 86
77 77 19 81 34 36 46
13 20 67 97 66 45 50
37 22 87 67 91 2 109
76 51 77 21 12 86 40
3 27 90 42 1 29 66
27 69 29 34 65 42 13
86 86 92 24 59 24 73
65 23 88 62 96 25 96
6 49 21 39 11 87 76
15 42 61 3 27 90 32
68 97 70 66 75 45 33
75 32 92 62 96 25 92
44 55 90 30 71 11 80
66 75 45 31 38 10 50
73 40 48 76 51 77 31
20 82 69 48 49 44 41
69 59 97 30 71 11 86
7 4 66 44 55 90 56
19 24 42 74 84 82 72
76 51 77 46 28 37 46
95 45 98 33 49 97 4
34 65 42 70 75 67 26
83 78 2 89 14 71 94
50 83 73 57 19 68 64
39 11 87 55 91 84 80
48 49 44 53 62 72 30
10 49 8 39 11 87 87
45 57 37 87 55 71 34
29 39 67 24 59 24 47
21 12 86 15 42 61 39
8 98 67 32 18 69 80
47 37 12 38 26 78 66
15 42 61 11 35 69 10
8 98 67 14 14 43 87
58 75 19 40 41 1 38
32 18 69 72 80 85 64
46 28 37 72 80 85 70
32 18 69 25 51 49 38
13 20 67 73 40 48 27
57 19 68 38 26 78 12
11 35 69 1 77 25 60
81 34 36 97 66 45 33
88 72 12 3 27 90 90
44 55 90 72 80 85 25
68 97 70 54 92 4 66
93 61 13 35 70 15 9
35 70 15 41 43 7 28
31 38 10 96 45 0 12
13 20 67 98 18 9 58
12 76 69 25 51 49 32
5 64 28 9 29 29 35
30 71 11 61 88 76 67
20 82 69 79 84 92 23
58 75 19 97 66 45 27
26 64 73 72 80 85 20
43 84 53 67 91 2 51
88 72 12 32 18 69 78
82 98 6 68 97 70 64
82 98 6 3 27 90 109
35 70 15 23 87 62 49
36 78 68 74 84 82 15
51 33 0 12 76 69 81
82 98 6 61 88 76 70
5 64 28 21 12 86 77
26 64 73 65 23 88 43
57 19 68 63 62 18 65
84 31 96 43 84 53 68
58 75 19 45 57 37 25
31 38 10 79 84 92 94
44 55 90 8 98 67 48
91 57 57 82 98 6 65
8 98 67 34 65 42 41
75 32 92 68 97 70 68
67 91 2 34 65 42 47
11 35 69 13 20 67 15
13 20 67 67 91 2 96
66 75 45 37 22 87 67
65 23 88 3 27 90 4
54 92 4 17 83 56 52
64 72 51 98 18 9 68
4 73 18 46 28 37 48
54 92 4 52 19 85 109
3 27 90 27 69 29 74
88 72 12 75 32 92 89
29 39 67 64 72 51 36
63 62 18 20 82 69 54
22 2 22 13 20 67 48
49 20 86 24 59 24 73
33 49 97 45 57 37 60
33 49 97 71 10 19 87
76 51 77 12 76 69 26
95 45 98 78 56 27 71
98 18 9 4 73 18 55
35 70 15 71 10 19 60
40 41 1 68 97 70 88
43 84 53 47 37 12 62
2 32 21 58 75 19 43
90 22 20 50 83 73 80
43 84 53 77 77 19 34
93 61 13 16 84 26 26
88 72 12 12 76 69 57
48 49 44 98 18 9 46
27 69 29 19 24 42 46
48 49 44 25 51 49 5
9 29 29 19 24 42 13
10 49 8 19 24 42 42
8 98 67 45 57 37 50
37 22 87 15 42 61 32
98 18 9 33 49 97 93
0 81 56 22 2 22 86
14 14 43 36 78 68 68
90 22 20 84 31 96 76
92 22 73 32 18 69 5
17 83 56 29 39 67 45
73 40 48 11 35 69 21
33 49 97 29 39 67 31
31 38 10 78 56 27 24
97 66 45 42 1 29 66
26 64 73 56 96 46 41
48 49 44 81 34 36 17
3 27 90 4 73 18 85
21 12 86 1 77 25 89
48 49 44 17 83 56 36
96 45 0 17 83 56 67
72 80 85 71 10 19 96
2 32 21 9 29 29 8
77 77 19 33 49 97 82
51 33 0 80 80 4 47
60 37 27 67 91 2 59
27 69 29 61 88 76 50
37 22 87 83 78 2 101
78 56 27 90 22 20 34
10 49 8 4 73 18 26
78 56 27 88 72 12 21
49 20 86 32 18 69 17
25 51 49 64 72 51 21
43 84 53 92 22 73 65
97 66 45 20 82 69 28
68 97 70 37 22 87 76
78 56 27 20 82 69 49
96 45 0 45 57 37 38
45 57 37 6 49 21 17
71 10 19 2 32 21 22
91 57 57 39 11 87 54
49 20 86 88 72 12 90
44 55 90 56 96 46 60
42 1 29 21 12 86 58
65 23 88 78 56 27 69
1 77 25 93 61 13 20
62 96 25 90 22 20 74
45 57 37 15 42 61 28
54 92 4 85 31 3 61
38 26 78 95 45 98 27
73 40 48 86 86 92 63
5 64 28 10 49 8 25
52 19 85 34 65 42 62
46 28 37 81 34 36 6
81 34 36 85 31 3 33
78 56 27 93 61 13 14
84 31 96 0 81 56 64
23 87 62 88 72 12 52
1 77 25 86 86 92 67
16 84 26 29 39 67 60
89 14 71 52 19 85 14
60 37 27 35 70 15 35
35 70 15 83 78 2 15
22 2 22 21 12 86 64
3 27 90 48 49 44 50
44 55 90 31 38 10 81
0 81 56 17 83 56 2
76 51 77 65 23 88 30
93 61 13 71 10 19 51
3 27 90 8 98 67 74
20 82 69 73 40 48 46
40 41 1 22 2 22 44
84 31 96 52 19 85 16
10 49 8 44 55 90 82
42 1 29 92 22 73 48
9 29 29 81 34 36 8
97 66 45 45 57 37 12
15 42 61 1 77 25 50
61 88 76 50 83 73 5
39 11 87 8 98 67 89
53 62 72 14 14 43 56
82 98 6 9 29 29 72
64 72 51 96 45 0 57
45 57 37 34 65 42 9
59 56 39 42 1 29 55
90 22 20 16 84 26 62
84 31 96 45 57 37 64
22 2 22 72 80 85 100
69 59 97 24 59 24 73
60 37 27 12 76 69 57
77 77 19 19 24 42 57
44 55 90 91 57 57 33
86 86 92 39 11 87 75
78 56 27 58 75 19 20
79 84 92 58 75 19 73
73 40 48 23 87 62 49
71 10 19 49 20 86 67
49 20 86 18 88 72 69
54 92 4 33 49 97 102
45 57 37 31 38 10 33
89 14 71 86 86 92 75
49 20 86 58 75 19 86
63 62 18 52 19 85 79
80 80 4 87 55 71 71
63 62 18 2 32 21 30
3 27 90 44 55 90 28
55 91 84 79 84 92 10
93 61 13 67 91 2 31
8 98 67 69 59 97 49
75 32 92 61 88 76 58
3 27 90 5 64 28 72
6 49 21 9 29 29 21
39 11 87 29 39 67 34
29 39 67 45 57 37 34
30 71 11 29 39 67 64
77 77 19 93 61 13 17
71 10 19 41 43 7 35
7 4 66 47 37 12 63
30 71 11 80 80 4 11
17 83 56 77 77 19 37
48 49 44 65 23 88 51
2 32 21 36 78 68 65
19 24 42 89 14 71 30
94 39 42 45 57 37 18
80 80 4 5 64 28 28
72 80 85 39 11 87 69
1 77 25 66 75 45 20
32 18 69 85 31 3 67
42 1 29 63 62 18 61
33 49 97 57 19 68 41
51 33 0 14 14 43 47
35 70 15 98 18 9 52
63 62 18 70 75 67 50
85 31 3 18 88 72 89
62 96 25 87 55 71 61
9 29 29 29 39 67 39
54 92 4 93 61 13 32
34 65 42 35 70 15 27
9 29 29 58 75 19 47
43 84 53 25 51 49 33
12 76 69 29 39 67 37
46 28 37 10 49 8 35
2 32 21 20 82 69 69
76 51 77 82 98 6 85
51 33 0 22 2 22 38
22 2 22 49 20 86 66
28 31 34 94 39 42 11
55 91 84 76 51 77 40
77 77 19 56 96 46 33
44 55 90 73 40 48 44
24 59 24 28 31 34 29
51 33 0 68 97 70 94
53 62 72 95 45 98 31
28 31 34 88 72 12 46
14 14 43 24 59 24 48
57 19 68 12 76 69 57
15 42 61 64 72 51 31
4 73 18 13 20 67 72
61 88 76 9 29 29 75
21 12 86 52 19 85 7
28 31 34 65 23 88 54
95 45 98 63 62 18 81
0 81 56 18 88 72 17
42 1 29 18 88 72 97
13 20 67 69 59 97 49
53 62 72 7 4 66 58
49 20 86 40 41 1 87
51 33 0 36 78 68 81
82 98 6 0 81 56 52
95 45 98 21 12 86 35
15 42 61 95 45 98 37
5 64 28 42 1 29 63
57 19 68 32 18 69 1
62 96 25 46 28 37 69
66 75 45 54 92 4 44
14 14 43 29 39 67 34
73 40 48 52 19 85 42
97 66 45 80 80 4 43
63 62 18 28 31 34 34
81 34 36 64 72 51 40
49 20 86 35 70 15 86
46 28 37 93 61 13 40
77 77 19 40 41 1 40
93 61 13 91 57 57 44
46 28 37 45 57 37 29
58 75 19 56 96 46 34
60 37 27 62 96 25 59
87 55 71 54 92 4 76
29 39 67 34 65 42 36
96 45 0 62 96 25 56
90 22 20 30 71 11 49
0 81 56 33 49 97 52
14 14 43 74 84 82 80
63 62 18 48 49 44 29
63 62 18 54 92 4 33
39 11 87 12 76 69 67
37 22 87 52 19 85 3
13 20 67 62 96 25 86
9 29 29 73 40 48 21
60 37 27 4 73 18 37
92 22 73 68 97 70 75
17 83 56 71 10 19 81
75 32 92 24 59 24 73
58 75 19 47 37 12 38
37 22 87 40 41 1 88
91 57 57 74 84 82 36
18 88 72 66 75 45 29
26 64 73 20 82 69 18
5 64 28 35 70 15 14
81 34 36 28 31 34 3
76 51 77 41 43 7 70
34 65 42 36 78 68 29
45 57 37 78 56 27 10
23 87 62 49 20 86 71
81 34 36 29 39 67 31
61 88 76 62 96 25 51
12 76 69 1 77 25 44
84 31 96 27 69 29 77
1 77 25 17 83 56 31
89 14 71 13 20 67 7
61 88 76 25 51 49 45
5 64 28 37 22 87 72
34 65 42 31 38 10 41
23 87 62 81 34 36 59
19 24 42 55 91 84 79
53 62 72 38 26 78 36
31 38 10 75 32 92 82
1 77 25 27 69 29 8
18 88 72 3 27 90 63
54 92 4 88 72 12 21
80 80 4 55 91 84 80
83 78 2 90 22 20 58
64 72 51 36 78 68 18
85 31 3 33 49 97 95
65 23 88 80 80 4 101
50 83 73 89 14 71 69
16 84 26 75 32 92 84
89 14 71 67 91 2 103
77 77 19 6 49 21 28
0 81 56 3 27 90 63
97 66 45 48 49 44 17
73 40 48 0 81 56 41
83 78 2 57 19 68 88
17 83 56 36 78 68 13
56 96 46 20 82 69 26
71 10 19 69 59 97 92
36 78 68 28 31 34 58
25 51 49 97 66 45 15
0 81 56 20 82 69 13
65 23 88 95 45 98 24
35 70 15 80 80 4 14
76 51 77 83 78 2 79
85 31 3 71 10 19 26
75 32 92 96 45 0 92
8 98 67 33 49 97 57
65 23 88 79 84 92 61
87 55 71 27 69 29 44
26 64 73 57 19 68 45
16 84 26 69 59 97 75
36 78 68 89 14 71 64
27 69 29 83 78 2 28
76 51 77 63 62 18 60
97 66 45 15 42 61 28
43 84 53 0 81 56 4
72 80 85 23 87 62 24
37 22 87 34 65 42 62
3 27 90 58 75 19 85
88 72 12 95 45 98 90
52 19 85 11 35 69 22
7 4 66 96 45 0 77
57 19 68 60 37 27 44
42 1 29 22 2 22 7
36 78 68 73 40 48 42
52 19 85 4 73 18 86
93 61 13 14 14 43 55
58 75 19 96 45 0 35
58 75 19 29 39 67 60
20 82 69 44 55 90 34
85 31 3 52 19 85 82
97 66 45 46 28 37 38
25 51 49 50 83 73 40
1 77 25 65 23 88 82
58 75 19 8 98 67 53
12 76 69 94 39 42 45
18 88 72 58 75 19 54
8 98 67 13 20 67 78
15 42 61 66 75 45 36
48 49 44 58 75 19 36
11 35 69 82 98 6 89
63 62 18 55 91 84 72
39 11 87 71 10 19 68
65 23 88 72 80 85 57
69 59 97 47 37 12 87
65 23 88 94 39 42 48
98 18 9 25 51 49 51
50 83 73 35 70 15 59
8 98 67 66 75 45 31
81 34 36 6 49 21 21
78 56 27 30 71 11 21
42 1 29 67 91 2 93
5 64 28 16 84 26 20
20 82 69 18 88 72 6
40 41 1 72 80 85 92
97 66 45 8 98 67 38
25 51 49 41 43 7 42
71 10 19 98 18 9 12
40 41 1 6 49 21 21
72 80 85 83 78 2 83
43 84 53 34 65 42 21
9 29 29 13 20 67 39
11 35 69 30 71 11 68
4 73 18 44 55 90 74
62 96 25 34 65 42 35
40 41 1 38 26 78 78
27 69 29 85 31 3 46
56 96 46 36 78 68 28
55 91 84 44 55 90 36
30 71 11 0 81 56 46
75 32 92 47 37 12 80
36 78 68 77 77 19 49
3 27 90 2 32 21 69
50 83 73 96 45 0 82
69 59 97 48 49 44 53
45 57 37 19 24 42 33
92 22 73 91 57 57 38
39 11 87 1 77 25 90
72 80 85 25 51 49 46
85 31 3 13 20 67 64
51 33 0 56 96 46 78
10 49 8 90 22 20 29
25 51 49 92 22 73 37
58 75 19 20 82 69 50
19 24 42 29 39 67 29
58 75 19 95 45 98 84
50 83 73 60 37 27 65
93 61 13 50 83 73 63
66 75 45 22 2 22 76
18 88 72 96 45 0 83
12 76 69 3 27 90 53
70 75 67 71 10 19 80
81 34 36 27 69 29 35
27 69 29 97 66 45 16
36 78 68 37 22 87 59
45 57 37 42 1 29 56
74 84 82 76 51 77 33
87 55 71 4 73 18 55
33 49 97 2 32 21 77
2 32 21 0 81 56 60
18 88 72 4 73 18 56
74 84 82 58 75 19 63
3 27 90 14 14 43 48
5 64 28 0 81 56 32
24 59 24 0 81 56 38
77 77 19 54 92 4 21
25 51 49 33 49 97 48
29 39 67 51 33 0 67
85 31 3 36 78 68 80
27 69 29 16 84 26 15
41 43 7 69 59 97 91
76 51 77 93 61 13 64
24 59 24 76 51 77 53
2 32 21 89 14 71 53
87 55 71 98 18 9 72
20 82 69 12 76 69 6
34 65 42 28 31 34 34
11 35 69 77 77 19 65
74 84 82 37 22 87 62
29 39 67 8 98 67 59
49 20 86 11 35 69 22
25 51 49 5 64 28 24
72 80 85 61 88 76 12
86 86 92 79 84 92 2
27 69 29 67 91 2 34
47 37 12 73 40 48 36
91 57 57 5 64 28 29
33 49 97 17 83 56 53
18 88 72 61 88 76 4
94 39 42 49 20 86 47
74 84 82 48 49 44 51
95 45 98 97 66 45 57
52 19 85 22 2 22 65
86 86 92 87 55 71 37
90 22 20 96 45 0 30
8 98 67 50 83 73 16
90 22 20 17 83 56 70
76 51 77 52 19 85 32
89 14 71 12 76 69 62
88 72 12 15 42 61 57
42 1 29 36 78 68 86
52 19 85 13 20 67 18
86 86 92 20 82 69 23
32 18 69 28 31 34 37
51 33 0 65 23 88 88
97 66 45 90 22 20 50
29 39 67 48 49 44 25
5 64 28 19 24 42 42
67 91 2 79 84 92 90
45 57 37 36 78 68 37
72 80 85 76 51 77 30
24 59 24 95 45 98 75
25 51 49 69 59 97 48
46 28 37 47 37 12 26
43 84 53 96 45 0 65
17 83 56 43 84 53 3
35 70 15 68 97 70 61
62 96 25 41 43 7 55
82 98 6 78 56 27 46
86 86 92 37 22 87 64
32 18 69 11 35 69 17
39 11 87 13 20 67 21
16 84 26 48 49 44 39
43 84 53 19 24 42 61
90 22 20 36 78 68 73
83 78 2 8 98 67 68
14 14 43 50 83 73 75
38 26 78 80 80 4 91
25 51 49 27 69 29 26
64 72 51 77 77 19 32
78 56 27 91 57 57 30
55 91 84 96 45 0 95
89 14 71 90 22 20 51
6 49 21 78 56 27 9
32 18 69 71 10 19 50
80 80 4 59 56 39 42
19 24 42 71 10 19 26
15 42 61 43 84 53 42
14 14 43 97 66 45 52
86 86 92 69 59 97 27
70 75 67 66 75 45 22
94 39 42 80 80 4 55
91 57 57 69 59 97 40
20 82 69 90 22 20 77
24 59 24 3 27 90 73
26 64 73 4 73 18 55
6 49 21 98 18 9 33
53 62 72 40 41 1 74
18 88 72 8 98 67 11
16 84 26 58 75 19 11
40 41 1 91 57 57 58
56 96 46 69 59 97 63
12 76 69 48 49 44 36
49 20 86 38 26 78 10
51 33 0 47 37 12 12
81 34 36 2 32 21 15
27 69 29 21 12 86 80
4 73 18 42 1 29 72
92 22 73 75 32 92 21
13 20 67 87 55 71 35
48 49 44 67 91 2 59
39 11 87 92 22 73 17
94 39 42 95 45 98 56
16 84 26 36 78 68 42
56 96 46 98 18 9 86
55 91 84 87 55 71 38
0 81 56 32 18 69 64
86 86 92 52 19 85 67
13 20 67 44 55 90 41
14 14 43 47 37 12 38
85 31 3 72 80 85 95
51 33 0 33 49 97 98
9 29 29 64 72 51 48
49 20 86 8 98 67 80
62 96 25 9 29 29 67
67 91 2 66 75 45 45
86 86 92 90 22 20 96
14 14 43 58 75 19 65
8 98 67 81 34 36 71
17 83 56 89 14 71 70
76 51 77 85 31 3 76
39 11 87 23 87 62 80
19 24 42 80 80 4 67
83 78 2 62 96 25 29
36 78 68 59 56 39 36
51 33 0 87 55 71 74
97 66 45 2 32 21 41
51 33 0 79 84 92 105
93 61 13 90 22 20 39
12 76 69 6 49 21 55
81 34 36 73 40 48 13
75 32 92 30 71 11 89
22 2 22 58 75 19 73
9 29 29 11 35 69 40
24 59 24 42 1 29 58
60 37 27 65 23 88 62
85 31 3 19 24 42 39
4 73 18 78 56 27 19
51 33 0 90 22 20 22
37 22 87 95 45 98 25
32 18 69 12 76 69 58
62 96 25 92 22 73 88
12 76 69 77 77 19 50
80 80 4 86 86 92 88
58 75 19 66 75 45 26
54 92 4 18 88 72 68
5 64 28 24 59 24 6
41 43 7 19 24 42 39
15 42 61 69 59 97 39
0 81 56 95 45 98 55
6 49 21 96 45 0 21
54 92 4 57 19 68 97
43 84 53 61 88 76 23
27 69 29 13 20 67 62
27 69 29 47 37 12 36
66 75 45 12 76 69 24
39 11 87 74 84 82 73
94 39 42 81 34 36 7
60 37 27 43 84 53 53
17 83 56 41 43 7 63
87 55 71 93 61 13 58
73 40 48 67 91 2 68
16 84 26 82 98 6 24
76 51 77 16 84 26 60
56 96 46 94 39 42 57
96 45 0 91 57 57 58
72 80 85 17 83 56 29
48 49 44 15 42 61 18
37 22 87 30 71 11 90
62 96 25 89 14 71 94
96 45 0 68 97 70 87
35 70 15 33 49 97 84
76 51 77 42 1 29 69
98 18 9 51 33 0 17
66 75 45 44 55 90 49
54 92 4 14 14 43 87
5 64 28 74 84 82 57
33 49 97 81 34 36 62
41 43 7 64 72 51 52
26 64 73 8 98 67 34
23 87 62 24 59 24 47
77 77 19 45 57 37 26
94 39 42 19 24 42 15
92 22 73 18 88 72 66
75 32 92 34 65 42 59
46 28 37 12 76 69 57
75 32 92 28 31 34 58
85 31 3 62 96 25 68
95 45 98 17 83 56 56
45 57 37 3 27 90 60
22 2 22 32 18 69 49
69 59 97 38 26 78 38
20 82 69 62 96 25 46
38 26 78 96 45 0 80
98 18 9 93 61 13 43
59 56 39 30 71 11 31
47 37 12 23 87 62 70
63 62 18 89 14 71 71
13 20 67 77 77 19 74
3 27 90 46 28 37 53
4 73 18 77 77 19 4
19 24 42 58 75 19 55
37 22 87 35 70 15 86
79 84 92 54 92 4 88
49 20 86 78 56 27 69
27 69 29 20 82 69 42
11 35 69 25 51 49 25
36 78 68 48 49 44 37
4 73 18 2 32 21 41
70 75 67 18 88 72 13
91 57 57 41 43 7 51
6 49 21 31 38 10 15
46 28 37 91 57 57 35
14 14 43 34 65 42 51
84 31 96 23 87 62 65
86 86 92 38 26 78 61
63 62 18 25 51 49 32
83 78 2 70 75 67 65
60 37 27 19 24 42 19
49 20 86 42 1 29 60
73 40 48 3 27 90 43
81 34 36 14 14 43 21
86 86 92 82 98 6 86
74 84 82 9 29 29 76
8 98 67 5 64 28 51
43 84 53 75 32 92 65
50 83 73 47 37 12 76
24 59 24 60 37 27 22
6 49 21 66 75 45 35
45 57 37 93 61 13 24
68 97 70 74 84 82 17
40 41 1 60 37 27 26
5 64 28 96 45 0 33
41 43 7 56 96 46 65
15 42 61 93 61 13 51
73 40 48 56 96 46 56
7 4 66 12 76 69 72
46 28 37 70 75 67 55
45 57 37 62 96 25 40
10 49 8 68 97 70 78
2 32 21 14 14 43 28
97 66 45 41 43 7 44
43 84 53 22 2 22 87
78 56 27 16 84 26 28
45 57 37 92 22 73 50
49 20 86 41 43 7 82
97 66 45 24 59 24 22
6 49 21 33 49 97 76
26 64 73 73 40 48 34
8 98 67 86 86 92 27
44 55 90 64 72 51 42
73 40 48 31 38 10 38
70 75 67 41 43 7 68
76 51 77 25 51 49 28
45 57 37 88 72 12 29
93 61 13 72 80 85 74
25 51 49 17 83 56 32
6 49 21 54 92 4 46
50 83 73 71 10 19 90
23 87 62 7 4 66 83
30 71 11 51 33 0 39
74 84 82 65 23 88 61
84 31 96 83 78 2 105
43 84 53 74 84 82 29
40 41 1 89 14 71 75
69 59 97 26 64 73 24
77 77 19 57 19 68 75
36 78 68 11 35 69 43
54 92 4 27 69 29 33
12 76 69 4 73 18 51
53 62 72 94 39 42 37
19 24 42 25 51 49 27
88 72 12 6 49 21 24
42 1 29 79 84 92 104
16 84 26 52 19 85 87
55 91 84 91 57 57 43
17 83 56 81 34 36 52
60 37 27 41 43 7 20
70 75 67 1 77 25 42
73 40 48 63 62 18 37
31 38 10 28 31 34 25
8 98 67 80 80 4 65
55 91 84 84 31 96 61
47 37 12 95 45 98 86
73 40 48 43 84 53 44
96 45 0 2 32 21 24
59 56 39 21 12 86 64
40 41 1 70 75 67 74
26 64 73 61 88 76 24
54 92 4 94 39 42 65
19 24 42 86 86 92 79
75 32 92 56 96 46 78
98 18 9 78 56 27 42
72 80 85 73 40 48 54
19 24 42 53 62 72 48
34 65 42 25 51 49 15
47 37 12 49 20 86 75
54 92 4 29 39 67 82
35 70 15 38 26 78 76
9 29 29 70 75 67 59
74 84 82 13 20 67 65
26 64 73 30 71 11 62
40 41 1 55 91 84 96
84 31 96 4 73 18 88
42 1 29 75 32 92 70
6 49 21 38 26 78 61
45 57 37 39 11 87 67
79 84 92 85 31 3 103
1 77 25 37 22 87 82
56 96 46 46 28 37 68
11 35 69 65 23 88 22
38 26 78 45 57 37 51
30 71 11 38 26 78 80
68 97 70 41 43 7 82
72 80 85 38 26 78 54
19 24 42 16 84 26 62
72 80 85 6 49 21 71
12 76 69 5 64 28 42
30 71 11 19 24 42 56
1 77 25 62 96 25 19
67 91 2 30 71 11 21
16 84 26 87 55 71 53
63 62 18 17 83 56 43
82 98 6 34 65 42 48
88 72 12 65 23 88 90
62 96 25 3 27 90 94
0 81 56 61 88 76 21
68 97 70 64 72 51 31
81 34 36 45 57 37 23
70 75 67 98 18 9 81
56 96 46 71 10 19 90
68 97 70 9 29 29 79
70 75 67 48 49 44 34
79 84 92 87 55 71 35
27 69 29 72 80 85 57
11 35 69 85 31 3 66
50 83 73 70 75 67 10
97 66 45 47 37 12 43
70 75 67 13 20 67 55
4 73 18 39 11 87 92
34 65 42 73 40 48 25
94 39 42 48 49 44 10
18 88 72 17 83 56 16
91 57 57 56 96 46 40
71 10 19 0 81 56 80
13 20 67 15 42 61 22
63 62 18 33 49 97 80
52 19 85 0 81 56 68
36 78 68 6 49 21 55
67 91 2 75 32 92 107
10 49 8 64 72 51 48
81 34 36 91 57 57 31
39 11 87 31 38 10 81
89 14 71 0 81 56 68
24 59 24 68 97 70 59
92 22 73 20 82 69 60
71 10 19 37 22 87 69
53 62 72 24 59 24 48
94 39 42 86 86 92 68
26 64 73 71 10 19 76
64 72 51 78 56 27 28
79 84 92 19 24 42 78
3 27 90 78 56 27 69
59 56 39 25 51 49 11
77 77 19 80 80 4 15
51 33 0 86 86 92 106
96 45 0 42 1 29 52
69 59 97 61 88 76 35
39 11 87 22 2 22 65
57 19 68 56 96 46 80
94 39 42 77 77 19 44
7 4 66 61 88 76 84
31 38 10 0 81 56 62
97 66 45 36 78 68 25
43 84 53 5 64 28 32
61 88 76 68 97 70 10
82 98 6 46 28 37 76
34 65 42 61 88 76 41
5 64 28 57 19 68 60
27 69 29 41 43 7 34
44 55 90 50 83 73 32
29 39 67 63 62 18 54
85 31 3 6 49 21 25
85 31 3 22 2 22 34
19 24 42 37 22 87 45
37 22 87 70 75 67 56
54 92 4 86 86 92 88
92 22 73 72 80 85 59
77 77 19 78 56 27 22
35 70 15 13 20 67 72
16 84 26 35 70 15 17
1 77 25 52 19 85 83
9 29 29 22 2 22 27
40 41 1 17 83 56 69
90 22 20 58 75 19 53
72 80 85 86 86 92 9
73 40 48 90 22 20 33
17 83 56 9 29 29 60
3 27 90 16 84 26 85
93 61 13 9 29 29 35
4 73 18 92 22 73 75
1 77 25 95 45 98 79
9 29 29 31 38 10 21
76 51 77 11 35 69 17
83 78 2 41 43 7 35
72 80 85 11 35 69 47
74 84 82 18 88 72 10
1 77 25 85 31 3 50
20 82 69 33 49 97 43
27 69 29 65 23 88 74
1 77 25 19 24 42 55
96 45 0 1 77 25 40
70 75 67 25 51 49 30
73 40 48 10 49 8 41
33 49 97 52 19 85 32
44 55 90 26 64 73 19
17 83 56 20 82 69 13
87 55 71 74 84 82 31
56 96 46 86 86 92 47
76 51 77 19 24 42 44
61 88 76 98 18 9 96
95 45 98 45 57 37 62
20 82 69 55 91 84 17
62 96 25 77 77 19 19
65 23 88 56 96 46 84
4 73 18 37 22 87 85
84 31 96 86 86 92 55
42 1 29 52 19 85 58
3 27 90 38 26 78 12
52 19 85 46 28 37 48
35 70 15 92 22 73 75
56 96 46 18 88 72 27
62 96 25 18 88 72 47
86 86 92 64 72 51 43
31 38 10 60 37 27 17
53 62 72 26 64 73 2
79 84 92 39 11 87 73
12 76 69 47 37 12 69
78 56 27 70 75 67 44
16 84 26 65 23 88 86
5 64 28 86 86 92 67
33 49 97 46 28 37 63
28 31 34 2 32 21 13
87 55 71 60 37 27 47
39 11 87 11 35 69 30
61 88 76 14 14 43 81
91 57 57 18 88 72 34
0 81 56 93 61 13 47
29 39 67 10 49 8 59
16 84 26 97 66 45 26
39 11 87 61 88 76 77
80 80 4 17 83 56 52
94 39 42 7 4 66 42
62 96 25 6 49 21 47
26 64 73 89 14 71 50
94 39 42 98 18 9 39
9 29 29 92 22 73 44
51 33 0 61 88 76 93
35 70 15 74 84 82 68
17 83 56 4 73 18 39
97 66 45 11 35 69 39
41 43 7 45 57 37 33
22 2 22 59 56 39 56
46 28 37 75 32 92 55
70 75 67 74 84 82 17
1 77 25 26 64 73 49
81 34 36 52 19 85 51
72 80 85 59 56 39 51
10 49 8 18 88 72 74
91 57 57 85 31 3 59
1 77 25 60 37 27 40
59 56 39 57 19 68 47
40 41 1 52 19 85 86
52 19 85 69 59 97 41
87 55 71 67 91 2 77
21 12 86 31 38 10 80
58 75 19 77 77 19 2
62 96 25 7 4 66 100
58 75 19 86 86 92 73
30 71 11 56 96 46 43
95 45 98 71 10 19 86
73 40 48 87 55 71 27
49 20 86 86 86 92 66
61 88 76 15 42 61 48
33 49 97 76 51 77 20
22 2 22 27 69 29 67
8 98 67 48 49 44 54
70 75 67 82 98 6 65
64 72 51 7 4 66 69
27 69 29 40 41 1 39
1 77 25 67 91 2 26
31 38 10 33 49 97 87
67 91 2 90 22 20 71
55 91 84 22 2 22 108
60 37 27 38 26 78 52
46 28 37 53 62 72 48
65 23 88 13 20 67 21
26 64 73 28 31 34 51
32 18 69 97 66 45 53
22 2 22 12 76 69 87
36 78 68 80 80 4 64
84 31 96 71 10 19 79
87 55 71 75 32 92 31
59 56 39 37 22 87 58
23 87 62 36 78 68 10
75 32 92 74 84 82 52
33 49 97 72 80 85 33
22 2 22 77 77 19 75
63 62 18 27 69 29 13
71 10 19 15 42 61 52
33 49 97 73 40 48 49
87 55 71 11 35 69 20
44 55 90 43 84 53 47
28 31 34 64 72 51 44
28 31 34 22 2 22 31
33 49 97 68 97 70 55
94 39 42 97 66 45 27
23 87 62 21 12 86 78
93 61 13 19 24 42 47
95 45 98 79 84 92 39
40 41 1 65 23 88 88
86 86 92 71 10 19 105
64 72 51 75 32 92 57
34 65 42 47 37 12 41
26 64 73 96 45 0 75
12 76 69 9 29 29 61
54 92 4 51 33 0 59
23 87 62 40 41 1 76
70 75 67 61 88 76 15
4 73 18 61 88 76 59
39 11 87 25 51 49 55
85 31 3 66 75 45 60
54 92 4 22 2 22 91
54 92 4 32 18 69 98
76 51 77 66 75 45 40
29 39 67 98 18 9 61
73 40 48 49 20 86 42
28 31 34 37 22 87 53
57 19 68 48 49 44 38
48 49 44 6 49 21 23
65 23 88 4 73 18 86
73 40 48 83 78 2 59
4 73 18 9 29 29 45
60 37 27 26 64 73 53
92 22 73 73 40 48 30
8 98 67 30 71 11 62
82 98 6 26 64 73 75
62 96 25 25 51 49 51
60 37 27 36 78 68 57
38 26 78 13 20 67 12
96 45 0 9 29 29 33
22 2 22 36 78 68 88
32 18 69 98 18 9 60
48 49 44 27 69 29 25
64 72 51 92 22 73 54
84 31 96 35 70 15 89
8 98 67 1 77 25 46
1 77 25 84 31 96 84
71 10 19 48 49 44 46
18 88 72 14 14 43 79
31 38 10 15 42 61 51
68 97 70 65 23 88 76
77 77 19 71 10 19 67
72 80 85 48 49 44 51
28 31 34 35 70 15 43
91 57 57 25 51 49 10
73 40 48 53 62 72 32
78 56 27 87 55 71 44
52 19 85 10 49 8 82
9 29 29 87 55 71 49
39 11 87 26 64 73 54
31 38 10 38 26 78 69
9 29 29 8 98 67 78
25 51 49 84 31 96 51
49 20 86 85 31 3 83
73 40 48 14 14 43 26
29 39 67 67 91 2 83
17 83 56 68 97 70 19
2 32 21 22 2 22 30
52 19 85 39 11 87 8
61 88 76 16 84 26 50
80 80 4 82 98 6 18
76 51 77 60 37 27 51
27 69 29 70 75 67 38
57 19 68 80 80 4 88
33 49 97 34 65 42 57
65 23 88 98 18 9 79
95 45 98 3 27 90 19
2 32 21 35 70 15 38
53 62 72 88 72 12 60
77 77 19 70 75 67 48
6 49 21 41 43 7 15
97 66 45 28 31 34 36
61 88 76 89 14 71 74
91 57 57 42 1 29 62
7 4 66 84 31 96 40
40 41 1 46 28 37 38
82 98 6 62 96 25 19
27 69 29 80 80 4 27
58 75 19 69 59 97 79
88 72 12 80 80 4 11
0 81 56 48 49 44 34
50 83 73 51 33 0 88
65 23 88 59 56 39 59
40 41 1 95 45 98 97
86 86 92 23 87 62 30
85 31 3 97 66 45 54
25 51 49 80 80 4 53
80 80 4 71 10 19 71
34 65 42 3 27 90 61
37 22 87 76 51 77 30
90 22 20 12 76 69 72
74 84 82 54 92 4 78
75 32 92 79 84 92 52
37 22 87 90 22 20 67
55 91 84 83 78 2 83
83 78 2 36 78 68 66
46 28 37 48 49 44 22
29 39 67 55 91 84 54
52 19 85 18 88 72 70
15 42 61 94 39 42 19
60 37 27 69 59 97 73
84 31 96 61 88 76 60
27 69 29 91 57 57 30
64 72 51 5 64 28 24
91 57 57 34 65 42 17
91 57 57 11 35 69 25
67 91 2 7 4 66 108
21 12 86 81 34 36 54
85 31 3 5 64 28 41
28 31 34 72 80 85 70
4 73 18 47 37 12 36
24 59 24 37 22 87 73
28 31 34 93 61 13 36
54 92 4 95 45 98 105
44 55 90 67 91 2 95
1 77 25 72 80 85 60
47 37 12 59 56 39 33
50 83 73 87 55 71 28
47 37 12 28 31 34 22
79 84 92 25 51 49 54
54 92 4 10 49 8 43
24 59 24 70 75 67 45
83 78 2 68 97 70 70
31 38 10 62 96 25 59
5 64 28 63 62 18 10
52 19 85 78 56 27 68
5 64 28 11 35 69 50
98 18 9 2 32 21 18
10 49 8 62 96 25 49
84 31 96 62 96 25 96
86 86 92 44 55 90 31
80 80 4 73 40 48 59
94 39 42 0 81 56 44
13 20 67 96 45 0 71
73 40 48 93 61 13 40
95 45 98 80 80 4 100
1 77 25 41 43 7 38
27 69 29 56 96 46 31
48 49 44 4 73 18 35
92 22 73 87 55 71 33
73 40 48 30 71 11 48
45 57 37 23 87 62 39
85 31 3 37 22 87 84
31 38 10 5 64 28 31
75 32 92 55 91 84 59
85 31 3 9 29 29 26
42 1 29 78 56 27 55
63 62 18 79 84 92 77
23 87 62 17 83 56 7
64 72 51 60 37 27 42
69 59 97 66 75 45 54
25 51 49 83 78 2 54
83 78 2 49 20 86 102
35 70 15 66 75 45 30
93 61 13 48 49 44 33
24 59 24 18 88 72 56
72 80 85 16 84 26 59
47 37 12 52 19 85 75
74 84 82 17 83 56 26
56 96 46 10 49 8 60
35 70 15 72 80 85 70
17 83 56 16 84 26 30
22 2 22 90 22 20 20
83 78 2 97 66 45 44
83 78 2 79 84 92 90
43 84 53 68 97 70 21
86 86 92 32 18 69 71
66 75 45 72 80 85 40
75 32 92 78 56 27 69
1 77 25 35 70 15 12
11 35 69 54 92 4 86
46 28 37 1 77 25 50
20 82 69 61 88 76 9
14 14 43 92 22 73 31
63 62 18 67 91 2 33
91 57 57 88 72 12 47
12 76 69 37 22 87 56
41 43 7 10 49 8 6
93 61 13 70 75 67 55
2 32 21 1 77 25 45
42 1 29 10 49 8 52
87 55 71 82 98 6 77
55 91 84 61 88 76 8
45 57 37 44 55 90 53
16 84 26 54 92 4 23
47 37 12 18 88 72 78
4 73 18 53 62 72 55
71 10 19 44 55 90 84
63 62 18 86 86 92 77
34 65 42 15 42 61 29
77 77 19 91 57 57 42
51 33 0 23 87 62 82
34 65 42 97 66 45 3
29 39 67 50 83 73 44
98 18 9 77 77 19 59
60 37 27 8 98 67 72
25 51 49 75 32 92 47
45 57 37 51 33 0 44
31 38 10 24 59 24 25
64 72 51 27 69 29 22
63 62 18 59 56 39 21
65 23 88 83 78 2 102
80 80 4 67 91 2 11
73 40 48 39 11 87 48
35 70 15 52 19 85 86
30 71 11 65 23 88 90
5 64 28 82 98 6 40
17 83 56 57 19 68 65
18 88 72 88 72 12 62
72 80 85 91 57 57 36
74 84 82 29 39 67 47
19 24 42 12 76 69 58
84 31 96 67 91 2 111
80 80 4 85 31 3 49
74 84 82 21 12 86 72
74 84 82 15 42 61 46
77 77 19 23 87 62 44
39 11 87 38 26 78 17
94 39 42 50 83 73 53
91 57 57 10 49 8 49
49 20 86 54 92 4 109
53 62 72 89 14 71 48
45 57 37 68 97 70 51
58 75 19 27 69 29 11
40 41 1 79 84 92 100
20 82 69 43 84 53 16
33 49 97 74 84 82 38
92 22 73 19 24 42 31
50 83 73 76 51 77 32
45 57 37 70 75 67 34
84 31 96 47 37 12 84
44 55 90 35 70 15 76
62 96 25 39 11 87 105
86 86 92 59 56 39 60
87 55 71 76 51 77 7
81 34 36 93 61 13 35
7 4 66 79 84 92 84
84 31 96 75 32 92 4
35 70 15 78 56 27 18
16 84 26 43 84 53 27
0 81 56 7 4 66 77
65 23 88 21 12 86 11
63 62 18 30 71 11 11
80 80 4 41 43 7 37
11 35 69 56 96 46 65
66 75 45 63 62 18 29
15 42 61 42 1 29 52
33 49 97 53 62 72 28
63 62 18 3 27 90 80
26 64 73 25 51 49 27
14 14 43 25 51 49 37
14 14 43 64 72 51 58
91 57 57 58 75 19 42
61 88 76 88 72 12 65
31 38 10 82 98 6 60
75 32 92 94 39 42 50
42 1 29 43 84 53 86
33 49 97 1 77 25 77
10 49 8 43 84 53 57
9 29 29 57 19 68 40
69 59 97 43 84 53 50
11 35 69 48 49 44 28
54 92 4 30 71 11 22
67 91 2 33 49 97 103
64 72 51 72 80 85 34
56 96 46 50 83 73 29
62 96 25 56 96 46 21
23 87 62 83 78 2 60
85 31 3 23 87 62 81
39 11 87 49 20 86 9
44 55 90 79 84 92 29
6 49 21 82 98 6 51
78 56 27 60 37 27 19
82 98 6 10 49 8 49
79 84 92 45 57 37 61
13 20 67 40 41 1 69
35 70 15 61 88 76 63
13 20 67 26 64 73 44
41 43 7 55 91 84 90
51 33 0 31 38 10 11
64 72 51 8 98 67 30
86 86 92 29 39 67 53
66 75 45 21 12 86 75
80 80 4 2 32 21 50
49 20 86 56 96 46 85
1 77 25 81 34 36 44
47 37 12 80 80 4 43
57 19 68 82 98 6 100
44 55 90 0 81 56 42
55 91 84 51 33 0 102
70 75 67 88 72 12 55
25 51 49 54 92 4 60
62 96 25 21 12 86 103
30 71 11 18 88 72 63
46 28 37 43 84 53 58
24 59 24 82 98 6 42
75 32 92 10 49 8 85
0 81 56 67 91 2 54
90 22 20 98 18 9 11
95 45 98 86 86 92 41
60 37 27 81 34 36 9
58 75 19 80 80 4 15
39 11 87 94 39 42 53
64 72 51 57 19 68 55
19 24 42 56 96 46 72
26 64 73 36 78 68 14
32 18 69 31 38 10 62
47 37 12 40 41 1 11
40 41 1 57 19 68 70
44 55 90 90 22 20 77
55 91 84 16 84 26 58
32 18 69 4 73 18 75
57 19 68 1 77 25 72
94 39 42 59 56 39 17
75 32 92 93 61 13 84
78 56 27 7 4 66 65
21 12 86 56 96 46 93
6 49 21 52 19 85 70
78 56 27 18 88 72 55
20 82 69 38 26 78 56
93 61 13 17 83 56 48
43 84 53 35 70 15 40
50 83 73 20 82 69 4
64 72 51 46 28 37 46
3 27 90 87 55 71 33
60 37 27 86 86 92 81
41 43 7 59 56 39 34
22 2 22 1 77 25 75
84 31 96 19 24 42 54
83 78 2 91 57 57 58
91 57 57 86 86 92 45
21 12 86 98 18 9 77
4 73 18 49 20 86 86
82 98 6 28 31 34 72
83 78 2 82 98 6 20
20 82 69 77 77 19 50
82 98 6 92 22 73 101
23 87 62 34 65 42 29
15 42 61 26 64 73 25
24 59 24 57 19 68 59
36 78 68 75 32 92 51
94 39 42 5 64 28 28
51 33 0 94 39 42 42
87 55 71 20 82 69 27
22 2 22 4 73 18 71
82 98 6 65 23 88 111
82 98 6 85 31 3 67
24 59 24 87 55 71 47
34 65 42 98 18 9 57
68 97 70 32 18 69 79
26 64 73 83 78 2 72
49 20 86 10 49 8 83
65 23 88 84 31 96 11
78 56 27 38 26 78 59
2 32 21 32 18 69 50
58 75 19 17 83 56 37
15 42 61 82 98 6 78
97 66 45 6 49 21 29
1 77 25 28 31 34 46
57 19 68 31 38 10 61
38 26 78 77 77 19 77
56 96 46 55 91 84 38
61 88 76 53 62 72 26
90 22 20 72 80 85 87
10 49 8 88 72 12 23
98 18 9 60 37 27 26
22 2 22 60 37 27 35
52 19 85 82 98 6 111
8 98 67 65 23 88 77
16 84 26 22 2 22 82
42 1 29 2 32 21 32
15 42 61 65 23 88 33
28 31 34 55 91 84 78
70 75 67 21 12 86 65
15 42 61 39 11 87 40
30 71 11 4 73 18 7
85 31 3 20 82 69 83
7 4 66 26 64 73 60
14 14 43 68 97 70 87
66 75 45 39 11 87 76
6 49 21 15 42 61 40
90 22 20 79 84 92 95
16 84 26 10 49 8 39
60 37 27 61 88 76 70
33 49 97 40 41 1 96
16 84 26 73 40 48 49
83 78 2 87 55 71 72
76 51 77 86 86 92 38
47 37 12 9 29 29 18
28 31 34 54 92 4 67
89 14 71 39 11 87 16
64 72 51 87 55 71 26
59 56 39 56 96 46 40
19 24 42 62 96 25 73
57 19 68 13 20 67 1
92 22 73 15 42 61 23
6 49 21 3 27 90 72
48 49 44 55 91 84 58
36 78 68 93 61 13 57
95 45 98 32 18 69 39
84 31 96 5 64 28 75
35 70 15 19 24 42 53
88 72 12 66 75 45 33
13 20 67 43 84 53 65
71 10 19 62 96 25 86
38 26 78 1 77 25 73
45 57 37 20 82 69 40
47 37 12 45 57 37 32
59 56 39 93 61 13 26
0 81 56 25 51 49 30
37 22 87 41 43 7 82
6 49 21 21 12 86 74
9 29 29 80 80 4 56
69 59 97 37 22 87 38
9 29 29 37 22 87 58
35 70 15 96 45 0 29
24 59 24 16 84 26 25
51 33 0 35 70 15 39
23 87 62 56 96 46 18
38 26 78 59 56 39 49
10 49 8 83 78 2 29
81 34 36 87 55 71 40
48 49 44 88 72 12 39
62 96 25 53 62 72 58
28 31 34 23 87 62 62
26 64 73 88 72 12 61
40 41 1 26 64 73 75
73 40 48 37 22 87 42
48 49 44 78 56 27 18
68 97 70 76 51 77 46
60 37 27 91 57 57 36
36 78 68 81 34 36 54
58 75 19 72 80 85 66
46 28 37 73 40 48 16
24 59 24 17 83 56 40
79 84 92 60 37 27 80
30 71 11 31 38 10 33
51 33 0 8 98 67 93
63 62 18 96 45 0 24
37 22 87 77 77 19 87
75 32 92 72 80 85 48
35 70 15 39 11 87 93
90 22 20 57 19 68 48
53 62 72 98 18 9 76
77 77 19 86 86 92 73
3 27 90 70 75 67 53
74 84 82 88 72 12 71
36 78 68 7 4 66 74
65 23 88 39 11 87 12
93 61 13 5 64 28 15
48 49 44 49 20 86 51
88 72 12 5 64 28 17
53 62 72 52 19 85 44
74 84 82 47 37 12 84
35 70 15 12 76 69 54
68 97 70 34 65 42 42
52 19 85 72 80 85 61
90 22 20 52 19 85 65
63 62 18 43 84 53 41
63 62 18 72 80 85 69
6 49 21 26 64 73 54
50 83 73 6 49 21 62
94 39 42 87 55 71 33
93 61 13 88 72 12 11
65 23 88 58 75 19 86
2 32 21 29 39 67 46
45 57 37 52 19 85 61
69 59 97 68 97 70 46
74 84 82 83 78 2 80
50 83 73 88 72 12 61
97 66 45 39 11 87 69
11 35 69 45 57 37 38
16 84 26 31 38 10 48
26 64 73 79 84 92 27
67 91 2 76 51 77 85
48 49 44 40 41 1 43
88 72 12 86 86 92 81
67 91 2 94 39 42 65
58 75 19 63 62 18 13
40 41 1 36 78 68 76
96 45 0 61 88 76 87
14 14 43 49 20 86 43
11 35 69 3 27 90 22
55 91 84 5 64 28 62
62 96 25 91 57 57 50
58 75 19 60 37 27 38
98 18 9 72 80 85 98
45 57 37 69 59 97 60
48 49 44 34 65 42 16
21 12 86 14 14 43 43
96 45 0 51 33 0 12
28 31 34 62 96 25 65
47 37 12 11 35 69 57
11 35 69 95 45 98 30
6 49 21 32 18 69 57
54 92 4 41 43 7 49
77 77 19 39 11 87 94
42 1 29 65 23 88 62
92 22 73 98 18 9 64
95 45 98 5 64 28 72
19 24 42 39 11 87 46
83 78 2 92 22 73 90
96 45 0 97 66 45 49
41 43 7 73 40 48 41
65 23 88 77 77 19 87
45 57 37 60 37 27 22
49 20 86 69 59 97 40
41 43 7 28 31 34 29
88 72 12 2 32 21 41
61 88 76 97 66 45 38
44 55 90 11 35 69 29
93 61 13 12 76 69 57
70 75 67 96 45 0 73
27 69 29 59 56 39 16
53 62 72 85 31 3 75
16 84 26 7 4 66 89
37 22 87 2 32 21 66
35 70 15 55 91 84 72
82 98 6 39 11 87 118
57 19 68 0 81 56 63
45 57 37 85 31 3 42
89 14 71 80 80 4 94
71 10 19 91 57 57 60
24 59 24 59 56 39 15
30 71 11 48 49 44 39
51 33 0 67 91 2 58
13 20 67 47 37 12 57
80 80 4 79 84 92 88
53 62 72 17 83 56 26
0 81 56 60 37 27 52
55 91 84 71 10 19 103
56 96 46 5 64 28 36
15 42 61 16 84 26 54
46 28 37 36 78 68 58
3 27 90 94 39 42 49
39 11 87 50 83 73 73
79 84 92 18 88 72 20
54 92 4 31 38 10 54
16 84 26 51 33 0 57
23 87 62 41 43 7 70
59 56 39 8 98 67 50
9 29 29 94 39 42 16
88 72 12 30 71 11 1
63 62 18 65 23 88 80
14 14 43 57 19 68 25
86 86 92 41 43 7 95
48 49 44 73 40 48 9
54 92 4 3 27 90 107
40 41 1 63 62 18 27
40 41 1 10 49 8 10
60 37 27 14 14 43 28
61 88 76 56 96 46 31
34 65 42 93 61 13 29
89 14 71 56 96 46 85
33 49 97 91 57 57 40
10 49 8 36 78 68 66
37 22 87 87 55 71 36
69 59 97 4 73 18 80
32 18 69 20 82 69 64
59 56 39 75 32 92 58
64 72 51 71 10 19 69
87 55 71 69 59 97 26
17 83 56 66 75 45 13
16 84 26 32 18 69 78
80 80 4 75 32 92 100
75 32 92 97 66 45 58
51 33 0 6 49 21 26
48 49 44 21 12 86 55
72 80 85 79 84 92 8
69 59 97 44 55 90 8
26 64 73 90 22 20 67
9 29 29 79 84 92 83
58 75 19 93 61 13 15
76 51 77 9 29 29 52
9 29 29 32 18 69 41
45 57 37 59 56 39 2
91 57 57 23 87 62 30
94 39 42 71 10 19 37
78 56 27 81 34 36 23
62 96 25 23 87 62 38
67 91 2 92 22 73 99
89 14 71 18 88 72 74
63 62 18 31 38 10 25
88 72 12 14 14 43 65
36 78 68 67 91 2 67
82 98 6 37 22 87 111
96 45 0 73 40 48 48
6 49 21 60 37 27 13
58 75 19 21 12 86 91
75 32 92 14 14 43 52
19 24 42 88 72 12 56
12 76 69 80 80 4 65
81 34 36 63 62 18 33
41 43 7 87 55 71 65
7 4 66 65 23 88 29
20 82 69 46 28 37 62
26 64 73 76 51 77 13
32 18 69 91 57 57 40
53 62 72 87 55 71 7
20 82 69 14 14 43 72
0 81 56 59 56 39 30
59 56 39 26 64 73 34
40 41 1 42 1 29 48
80 80 4 68 97 70 68
91 57 57 21 12 86 53
75 32 92 48 49 44 50
44 55 90 96 45 0 90
5 64 28 41 43 7 29
53 62 72 18 88 72 26
25 51 49 78 56 27 22
14 14 43 67 91 2 87
56 96 46 25 51 49 45
92 22 73 70 75 67 53
60 37 27 28 31 34 9
0 81 56 4 73 18 38
98 18 9 89 14 71 62
82 98 6 96 45 0 53
10 49 8 24 59 24 18
22 2 22 64 72 51 75
1 77 25 5 64 28 13
58 75 19 25 51 49 38
58 75 19 68 97 70 55
46 28 37 9 29 29 8
37 22 87 88 72 12 90
90 22 20 34 65 42 48
94 39 42 1 77 25 41
35 70 15 45 57 37 25
27 69 29 31 38 10 36
72 80 85 37 22 87 58
90 22 20 54 92 4 71
56 96 46 13 20 67 78
64 72 51 0 81 56 10
56 96 46 80 80 4 44
19 24 42 57 19 68 26
94 39 42 23 87 62 52
30 71 11 25 51 49 42
88 72 12 72 80 85 73
29 39 67 4 73 18 59
73 40 48 91 57 57 19
37 22 87 17 83 56 68
39 11 87 57 19 68 20
12 76 69 13 20 67 56
82 98 6 38 26 78 101
93 61 13 74 84 82 72
21 12 86 67 91 2 115
87 55 71 19 24 42 42
68 97 70 71 10 19 100
69 59 97 34 65 42 55
96 45 0 87 55 71 71
17 83 56 38 26 78 61
60 37 27 83 78 2 48
37 22 87 63 62 18 79
97 66 45 22 2 22 68
20 82 69 64 72 51 20
19 24 42 75 32 92 50
43 84 53 66 75 45 12
5 64 28 89 14 71 65
65 23 88 49 20 86 3
67 91 2 28 31 34 68
83 78 2 31 38 10 40
55 91 84 97 66 45 46
25 51 49 16 84 26 40
24 59 24 74 84 82 63
24 59 24 54 92 4 38
59 56 39 51 33 0 45
28 31 34 12 76 69 57
7 4 66 56 96 46 94
1 77 25 31 38 10 41
87 55 71 5 64 28 43
0 81 56 68 97 70 21
50 83 73 85 31 3 87
8 98 67 78 56 27 58
46 28 37 2 32 21 16
80 80 4 93 61 13 21
98 18 9 11 35 69 62
57 19 68 49 20 86 18
82 98 6 8 98 67 61
68 97 70 91 57 57 42
89 14 71 87 55 71 41
56 96 46 52 19 85 86
42 1 29 84 31 96 73
90 22 20 47 37 12 17
18 88 72 36 78 68 10
14 14 43 41 43 7 46
94 39 42 66 75 45 36
69 59 97 27 69 29 68
75 32 92 38 26 78 15
89 14 71 43 84 53 72
46 28 37 0 81 56 56
34 65 42 46 28 37 37
52 19 85 27 69 29 75
23 87 62 74 84 82 20
77 77 19 14 14 43 67
23 87 62 26 64 73 25
27 69 29 51 33 0 46
18 88 72 77 77 19 54
4 73 18 89 14 71 79
34 65 42 4 73 18 25
56 96 46 29 39 67 60
35 70 15 62 96 25 27
58 75 19 71 10 19 65
55 91 84 65 23 88 68
53 62 72 3 27 90 39
79 84 92 23 87 62 30
38 26 78 8 98 67 72
68 97 70 19 24 42 78
92 22 73 44 55 90 37
76 51 77 44 55 90 13
58 75 19 28 31 34 46
12 76 69 79 84 92 24
95 45 98 70 75 67 43
94 39 42 83 78 2 55
56 96 46 45 57 37 40
48 49 44 32 18 69 39
62 96 25 76 51 77 68
94 39 42 38 26 78 38
34 65 42 50 83 73 35
43 84 53 71 10 19 81
22 2 22 91 57 57 65
89 14 71 66 75 45 66
30 71 11 79 84 92 82
35 70 15 65 23 88 86
41 43 7 21 12 86 84
44 55 90 59 56 39 51
87 55 71 66 75 45 32
38 26 78 24 59 24 63
12 76 69 98 18 9 83
17 83 56 21 12 86 77
8 98 67 36 78 68 20
49 20 86 52 19 85 1
50 83 73 81 34 36 61
22 2 22 86 86 92 109
5 64 28 36 78 68 42
57 19 68 95 45 98 39
41 43 7 29 39 67 60
11 35 69 46 28 37 32
10 49 8 71 10 19 40
0 81 56 15 42 61 39
71 10 19 31 38 10 29
38 26 78 67 91 2 100
7 4 66 87 55 71 51
67 91 2 8 98 67 65
36 78 68 65 23 88 58
75 32 92 83 78 2 101
66 75 45 57 19 68 60
22 2 22 48 49 44 51
74 84 82 63 62 18 67
73 40 48 1 77 25 43
13 20 67 37 22 87 20
28 31 34 10 49 8 31
25 51 49 74 84 82 46
44 55 90 15 42 61 31
79 84 92 34 65 42 53
12 76 69 74 84 82 15
70 75 67 55 91 84 23
39 11 87 18 88 72 78
57 19 68 53 62 72 43
34 65 42 0 81 56 21
87 55 71 28 31 34 44
12 76 69 10 49 8 66
64 72 51 3 27 90 59
63 62 18 32 18 69 67
36 78 68 9 29 29 62
25 51 49 55 91 84 53
42 1 29 25 51 49 53
30 71 11 42 1 29 72
74 84 82 34 65 42 44
87 55 71 0 81 56 30
9 29 29 26 64 73 56
3 27 90 32 18 69 22
79 84 92 21 12 86 72
64 72 51 83 78 2 49
71 10 19 21 12 86 67
53 62 72 63 62 18 54
73 40 48 8 98 67 61
30 71 11 57 19 68 77
7 4 66 88 72 12 86
17 83 56 28 31 34 56
56 96 46 8 98 67 21
51 33 0 2 32 21 21
98 18 9 37 22 87 78
19 24 42 78 56 27 35
11 35 69 90 22 20 50
92 22 73 58 75 19 75
70 75 67 4 73 18 49
15 42 61 91 57 57 15
36 78 68 95 45 98 44
40 41 1 85 31 3 10
35 70 15 26 64 73 58
8 98 67 22 2 22 106
39 11 87 76 51 77 41
59 56 39 67 91 2 50
28 31 34 95 45 98 65
84 31 96 80 80 4 104
89 14 71 22 2 22 50
57 19 68 35 70 15 73
27 69 29 17 83 56 30
13 20 67 45 57 37 47
0 81 56 85 31 3 72
98 18 9 69 59 97 97
56 96 46 83 78 2 47
84 31 96 10 49 8 89
98 18 9 3 27 90 81
79 84 92 73 40 48 62
56 96 46 93 61 13 48
6 49 21 64 72 51 37
61 88 76 17 83 56 20
24 59 24 51 33 0 35
21 12 86 73 40 48 47
70 75 67 62 96 25 46
38 26 78 90 22 20 58
8 98 67 84 31 96 73
25 51 49 90 22 20 41
30 71 11 20 82 69 59
35 70 15 88 72 12 3
62 96 25 88 72 12 27
17 83 56 10 49 8 58
86 86 92 7 4 66 86
77 77 19 3 27 90 86
18 88 72 75 32 92 59
29 39 67 42 1 29 53
98 18 9 7 4 66 58
98 18 9 14 14 43 34
26 64 73 38 26 78 38
71 10 19 3 27 90 73
48 49 44 76 51 77 33
81 34 36 98 18 9 31
29 39 67 21 12 86 33
40 41 1 74 84 82 91
37 22 87 97 66 45 60
81 34 36 55 91 84 74
93 61 13 95 45 98 86
81 34 36 86 86 92 76
48 49 44 2 32 21 28
68 97 70 15 42 61 55
85 31 3 2 32 21 18
41 43 7 63 62 18 21
22 2 22 33 49 97 88
56 96 46 96 45 0 68
16 84 26 49 20 86 87
70 75 67 67 91 2 66
16 84 26 28 31 34 53
34 65 42 24 59 24 18
8 98 67 37 22 87 78
54 92 4 37 22 87 108
75 32 92 35 70 15 85
16 84 26 23 87 62 36
26 64 73 46 28 37 50
90 22 20 40 41 1 26
22 2 22 57 19 68 49
18 88 72 7 4 66 84
65 23 88 61 88 76 66
76 51 77 53 62 72 12
80 80 4 10 49 8 31
26 64 73 98 18 9 78
0 81 56 54 92 4 53
76 51 77 15 42 61 18
46 28 37 92 22 73 36
47 37 12 61 88 76 81
98 18 9 5 64 28 49
93 61 13 24 59 24 11
62 96 25 8 98 67 42
93 61 13 89 14 71 74
36 78 68 76 51 77 28
50 83 73 19 24 42 66
61 88 76 80 80 4 72
19 24 42 23 87 62 66
10 49 8 20 82 69 69
7 4 66 9 29 29 44
22 2 22 35 70 15 68
87 55 71 26 64 73 9
28 31 34 6 49 21 22
38 26 78 21 12 86 16
59 56 39 31 38 10 34
89 14 71 33 49 97 43
21 12 86 53 62 72 51
11 35 69 80 80 4 79
19 24 42 48 49 44 25
16 84 26 46 28 37 57
41 43 7 42 1 29 47
70 75 67 20 82 69 7
64 72 51 70 75 67 16
14 14 43 79 84 92 85
34 65 42 21 12 86 68
55 91 84 54 92 4 80
76 51 77 18 88 72 37
50 83 73 22 2 22 95
60 37 27 77 77 19 40
17 83 56 91 57 57 26
67 91 2 41 43 7 48
10 49 8 60 37 27 22
48 49 44 95 45 98 54
6 49 21 4 73 18 24
75 32 92 4 73 18 84
21 12 86 9 29 29 59
49 20 86 6 49 21 71
50 83 73 38 26 78 57
54 92 4 78 56 27 42
1 77 25 50 83 73 48
77 77 19 95 45 98 85
17 83 56 67 91 2 54
61 88 76 21 12 86 76
71 10 19 5 64 28 54
8 98 67 93 61 13 65
68 97 70 72 80 85 22
86 86 92 78 56 27 71
51 33 0 11 35 69 69
71 10 19 29 39 67 56
34 65 42 7 4 66 65
70 75 67 58 75 19 48
4 73 18 40 41 1 36
84 31 96 69 59 97 28
7 4 66 35 70 15 83
59 56 39 9 29 29 28
97 66 45 50 83 73 32
87 55 71 35 70 15 57
5 64 28 27 69 29 5
20 82 69 65 23 88 61
23 87 62 60 37 27 61
8 98 67 6 49 21 67
61 88 76 48 49 44 50
21 12 86 54 92 4 114
36 78 68 96 45 0 75
22 2 22 96 45 0 48
37 22 87 20 82 69 62
19 24 42 46 28 37 6
88 72 12 71 10 19 62
31 38 10 55 91 84 91
47 37 12 2 32 21 10
40 41 1 94 39 42 41
72 80 85 49 20 86 60
36 78 68 32 18 69 60
3 27 90 40 41 1 90
9 29 29 16 84 26 55
28 31 34 71 10 19 25
17 83 56 39 11 87 78
98 18 9 88 72 12 54
61 88 76 36 78 68 12
9 29 29 86 86 92 84
29 39 67 82 98 6 84
36 78 68 87 55 71 23
75 32 92 89 14 71 27
71 10 19 4 73 18 63
3 27 90 84 31 96 7
10 49 8 14 14 43 49
55 91 84 3 27 90 64
65 23 88 66 75 45 67
1 77 25 68 97 70 49
27 69 29 71 10 19 59
70 75 67 47 37 12 66
80 80 4 1 77 25 21
83 78 2 71 10 19 70
90 22 20 53 62 72 65
73 40 48 85 31 3 45
54 92 4 82 98 6 6
63 62 18 24 59 24 6
65 23 88 93 61 13 84
38 26 78 18 88 72 62
21 12 86 93 61 13 87
59 56 39 98 18 9 48
37 22 87 11 35 69 22
42 1 29 0 81 56 84
9 29 29 25 51 49 29
82 98 6 89 14 71 106
34 65 42 86 86 92 54
5 64 28 30 71 11 18
84 31 96 49 20 86 14
93 61 13 4 73 18 13
67 91 2 71 10 19 82
60 37 27 7 4 66 51
90 22 20 66 75 45 58
8 98 67 47 37 12 82
52 19 85 31 38 10 77
24 59 24 78 56 27 4
41 43 7 11 35 69 62
61 88 76 12 76 69 13
48 49 44 5 64 28 21
98 18 9 45 57 37 48
24 59 24 35 70 15 14
46 28 37 24 59 24 33
7 4 66 42 1 29 37
2 32 21 65 23 88 67
23 87 62 25 51 49 38
2 32 21 66 75 45 49
41 43 7 96 45 0 7
64 72 51 17 83 56 12
22 2 22 6 49 21 47
97 66 45 66 75 45 9
65 23 88 71 10 19 70
39 11 87 78 56 27 75
13 20 67 0 81 56 61
0 81 56 88 72 12 44
84 31 96 48 49 44 55
69 59 97 77 77 19 80
21 12 86 32 18 69 18
28 31 34 7 4 66 41
47 37 12 10 49 8 12
87 55 71 43 84 53 34
32 18 69 89 14 71 4
68 97 70 93 61 13 67
41 43 7 43 84 53 61
84 31 96 22 2 22 79
78 56 27 22 2 22 54
79 84 92 41 43 7 94
92 22 73 7 4 66 19
79 84 92 29 39 67 51
49 20 86 97 66 45 61
18 88 72 93 61 13 64
78 56 27 74 84 82 61
24 59 24 9 29 29 30
54 92 4 65 23 88 108
52 19 85 30 71 11 90
21 12 86 26 64 73 53
49 20 86 96 45 0 89
51 33 0 70 75 67 79
46 28 37 68 97 70 76
30 71 11 41 43 7 28
8 98 67 76 51 77 48
90 22 20 95 45 98 81
74 84 82 27 69 29 55
44 55 90 84 31 96 24
22 2 22 26 64 73 80
59 56 39 78 56 27 12
32 18 69 5 64 28 61
97 66 45 63 62 18 27
43 84 53 80 80 4 49
67 91 2 25 51 49 61
24 59 24 85 31 3 35
38 26 78 27 69 29 65
41 43 7 78 56 27 23
5 64 28 77 77 19 15
88 72 12 11 35 69 67
72 80 85 42 1 29 96
90 22 20 15 42 61 45
10 49 8 72 80 85 83
51 33 0 73 40 48 48
63 62 18 4 73 18 11
64 72 51 13 20 67 54
82 98 6 44 55 90 94
12 76 69 40 41 1 76
21 12 86 39 11 87 1
34 65 42 38 26 78 53
96 45 0 28 31 34 36
89 14 71 15 42 61 29
80 80 4 4 73 18 15
84 31 96 68 97 70 70
28 31 34 40 41 1 34
50 83 73 11 35 69 48
19 24 42 18 88 72 70
25 51 49 65 23 88 48
45 57 37 66 75 45 19
64 72 51 11 35 69 41
82 98 6 33 49 97 103
7 4 66 85 31 3 68
53 62 72 75 32 92 36
24 59 24 12 76 69 48
56 96 46 88 72 12 41
65 23 88 96 45 0 90
64 72 51 58 75 19 32
35 70 15 53 62 72 57
97 66 45 1 77 25 22
74 84 82 98 18 9 98
52 19 85 28 31 34 52
58 75 19 73 40 48 45
92 22 73 49 20 86 13
7 4 66 14 14 43 25
50 83 73 77 77 19 54
7 4 66 95 45 98 52
43 84 53 95 45 98 59
58 75 19 82 98 6 26
17 83 56 76 51 77 38
49 20 86 19 24 42 44
59 56 39 81 34 36 22
0 81 56 92 22 73 61
25 51 49 2 32 21 33
11 35 69 14 14 43 33
19 24 42 66 75 45 51
6 49 21 11 35 69 50
27 69 29 94 39 42 32
8 98 67 7 4 66 94
10 49 8 22 2 22 49
33 49 97 55 91 84 43
24 59 24 94 39 42 26
63 62 18 6 49 21 13
44 55 90 68 97 70 46
66 75 45 75 32 92 63
3 27 90 83 78 2 101
61 88 76 6 49 21 67
36 78 68 27 69 29 40
69 59 97 32 18 69 49
85 31 3 61 88 76 92
41 43 7 95 45 98 91
29 39 67 60 37 27 40
28 31 34 86 86 92 79
17 83 56 97 66 45 20
41 43 7 58 75 19 34
63 62 18 14 14 43 54
78 56 27 53 62 72 45
97 66 45 93 61 13 32
6 49 21 19 24 42 32
30 71 11 35 70 15 4
12 76 69 70 75 67 2
42 1 29 20 82 69 90
70 75 67 22 2 22 85
38 26 78 87 55 71 29
58 75 19 24 59 24 16
80 80 4 21 12 86 106
53 62 72 34 65 42 30
46 28 37 84 31 96 59
59 56 39 6 49 21 19
1 77 25 48 49 44 33
56 96 46 76 51 77 54
53 62 72 16 84 26 50
15 42 61 22 2 22 55
12 76 69 68 97 70 21
66 75 45 40 41 1 55
18 88 72 29 39 67 49
67 91 2 62 96 25 23
22 2 22 38 26 78 60
48 49 44 23 87 62 42
53 62 72 0 81 56 24
2 32 21 77 77 19 45
60 37 27 20 82 69 61
73 40 48 78 56 27 26
75 32 92 40 41 1 91
69 59 97 6 49 21 76
29 39 67 97 66 45 34
75 32 92 37 22 87 11
75 32 92 57 19 68 27
7 4 66 57 19 68 15
40 41 1 98 18 9 24
47 37 12 15 42 61 49
53 62 72 45 57 37 35
36 78 68 41 43 7 70
78 56 27 97 66 45 20
95 45 98 82 98 6 106
58 75 19 51 33 0 46
95 45 98 44 55 90 12
76 51 77 80 80 4 78
96 45 0 12 76 69 75
4 73 18 66 75 45 27
7 4 66 58 75 19 85
88 72 12 17 83 56 45
18 88 72 87 55 71 33
56 96 46 95 45 98 72
28 31 34 50 83 73 65
93 61 13 39 11 87 89
84 31 96 92 22 73 24
48 49 44 62 96 25 50
3 27 90 1 77 25 82
74 84 82 59 56 39 51
44 55 90 97 66 45 46
33 49 97 43 84 53 56
8 98 67 23 87 62 12
70 75 67 32 18 69 57
59 56 39 89 14 71 52
20 82 69 11 35 69 47
36 78 68 53 62 72 16
35 70 15 76 51 77 64
95 45 98 22 2 22 87
98 18 9 30 71 11 53
47 37 12 41 43 7 7
61 88 76 87 55 71 33
68 97 70 38 26 78 71
15 42 61 9 29 29 34
96 45 0 93 61 13 20
47 37 12 86 86 92 93
61 88 76 81 34 36 67
62 96 25 32 18 69 89
69 59 97 14 14 43 70
81 34 36 72 80 85 67
20 82 69 54 92 4 65
30 71 11 17 83 56 46
91 57 57 50 83 73 30
95 45 98 51 33 0 98
30 71 11 36 78 68 57
5 64 28 58 75 19 14
88 72 12 46 28 37 50
8 98 67 79 84 92 28
43 84 53 31 38 10 62
67 91 2 10 49 8 42
90 22 20 14 14 43 24
64 72 51 56 96 46 24
63 62 18 80 80 4 22
36 78 68 38 26 78 52
64 72 51 74 84 82 33
35 70 15 67 91 2 24
44 55 90 5 64 28 62
65 23 88 33 49 97 27
86 86 92 74 84 82 10
10 49 8 87 55 71 63
13 20 67 10 49 8 65
18 88 72 31 38 10 79
56 96 46 35 70 15 40
87 55 71 48 49 44 27
89 14 71 10 49 8 72
93 61 13 92 22 73 71
65 23 88 37 22 87 1
80 80 4 37 22 87 101
83 78 2 88 72 12 11
90 22 20 69 59 97 85
20 82 69 34 65 42 31
62 96 25 4 73 18 24
92 22 73 1 77 25 73
17 83 56 70 75 67 13
59 56 39 84 31 96 62
61 88 76 37 22 87 66
18 88 72 69 59 97 38
57 19 68 20 82 69 63
57 19 68 44 55 90 42
91 57 57 80 80 4 57
95 45 98 92 22 73 33
15 42 61 96 45 0 61
47 37 12 42 1 29 39
24 59 24 39 11 87 79
79 84 92 33 49 97 35
39 11 87 16 84 26 95
65 23 88 57 19 68 20
33 49 97 4 73 18 82
27 69 29 50 83 73 46
50 83 73 23 87 62 11
86 86 92 26 64 73 29
86 86 92 10 49 8 91
52 19 85 62 96 25 97
89 14 71 3 27 90 23
96 45 0 79 84 92 99
8 98 67 10 49 8 76
80 80 4 13 20 67 87
33 49 97 38 26 78 29
56 96 46 63 62 18 44
27 69 29 0 81 56 29
71 10 19 23 87 62 88
37 22 87 51 33 0 87
60 37 27 46 28 37 13
30 71 11 93 61 13 10
31 38 10 91 57 57 50
98 18 9 79 84 92 106
59 56 39 70 75 67 33
28 31 34 84 31 96 62
26 64 73 16 84 26 51
91 57 57 20 82 69 27
50 83 73 4 73 18 55
67 91 2 20 82 69 67
41 43 7 12 76 69 70
61 88 76 64 72 51 29
31 38 10 19 24 42 34
76 51 77 22 2 22 73
35 70 15 27 69 29 14
36 78 68 69 59 97 34
13 20 67 21 12 86 20
13 20 67 41 43 7 64
70 75 67 90 22 20 70
62 96 25 59 56 39 42
70 75 67 44 55 90 30
2 32 21 92 22 73 52
41 43 7 48 49 44 37
24 59 24 96 45 0 27
58 75 19 85 31 3 46
55 91 84 77 77 19 66
40 41 1 14 14 43 49
15 42 61 8 98 67 56
12 76 69 64 72 51 18
54 92 4 59 56 39 50
90 22 20 5 64 28 42
33 49 97 83 78 2 99
6 49 21 0 81 56 47
80 80 4 6 49 21 35
7 4 66 69 59 97 63
53 62 72 69 59 97 25
75 32 92 13 20 67 27
81 34 36 41 43 7 30
21 12 86 11 35 69 28
10 49 8 93 61 13 13
17 83 56 2 32 21 61
10 49 8 31 38 10 11
36 78 68 49 20 86 60
34 65 42 30 71 11 31
52 19 85 77 77 19 87
84 31 96 94 39 42 54
83 78 2 14 14 43 76
17 83 56 84 31 96 65
12 76 69 85 31 3 79
92 22 73 16 84 26 77
9 29 29 3 27 90 61
39 11 87 96 45 0 93
87 55 71 40 41 1 71
31 38 10 87 55 71 63
60 37 27 63 62 18 26
48 49 44 51 33 0 46
27 69 29 7 4 66 74
6 49 21 86 86 92 80
82 98 6 4 73 18 27
35 70 15 89 14 71 79
57 19 68 79 84 92 69
6 49 21 74 84 82 70
49 20 86 0 81 56 67
21 12 86 88 72 12 95
81 34 36 84 31 96 60
95 45 98 20 82 69 47
18 88 72 22 2 22 99
79 84 92 15 42 61 52
65 23 88 75 32 92 9
74 84 82 32 18 69 67
43 84 53 4 73 18 36
76 51 77 4 73 18 62
81 34 36 35 70 15 41
31 38 10 94 39 42 32
68 97 70 21 12 86 86
53 62 72 37 22 87 42
28 31 34 61 88 76 70
43 84 53 54 92 4 49
53 62 72 42 1 29 74
21 12 86 64 72 51 69
7 4 66 74 84 82 81
32 18 69 29 39 67 21
60 37 27 9 29 29 8
57 19 68 91 57 57 39
18 88 72 67 91 2 70
48 49 44 42 1 29 50
47 37 12 22 2 22 36
31 38 10 41 43 7 5
83 78 2 4 73 18 16
58 75 19 98 18 9 57
9 29 29 0 81 56 58
4 73 18 94 39 42 41
38 26 78 19 24 42 36
33 49 97 42 1 29 83
39 11 87 56 96 46 94
33 49 97 11 35 69 31
10 49 8 96 45 0 8
98 18 9 46 28 37 29
87 55 71 17 83 56 31
93 61 13 22 2 22 59
5 64 28 65 23 88 72
78 56 27 9 29 29 27
27 69 29 93 61 13 17
92 22 73 78 56 27 57
48 49 44 96 45 0 44
81 34 36 68 97 70 71
13 20 67 81 34 36 34
72 80 85 13 20 67 62
14 14 43 12 76 69 67
27 69 29 95 45 98 73
44 55 90 18 88 72 37
66 75 45 47 37 12 50
12 76 69 65 23 88 56
35 70 15 94 39 42 41
36 78 68 86 86 92 25
79 84 92 97 66 45 50
62 96 25 93 61 13 37
38 26 78 52 19 85 9
33 49 97 70 75 67 39
88 72 12 29 39 67 64
2 32 21 82 98 6 67
22 2 22 17 83 56 87
46 28 37 69 59 97 67
49 20 86 26 64 73 45
70 75 67 84 31 96 52
22 2 22 80 80 4 80
66 75 45 53 62 72 29
90 22 20 65 23 88 68
62 96 25 74 84 82 58
30 71 11 10 49 8 22
59 56 39 88 72 12 31
62 96 25 42 1 29 95
11 35 69 38 26 78 12
48 49 44 18 88 72 48
17 83 56 49 20 86 69
38 26 78 76 51 77 25
15 42 61 29 39 67 6
31 38 10 84 31 96 86
75 32 92 21 12 86 20
3 27 90 74 84 82 57
57 19 68 73 40 48 29
56 96 46 90 22 20 78
27 69 29 8 98 67 47
12 76 69 30 71 11 58
63 62 18 85 31 3 34
2 32 21 72 80 85 80
40 41 1 5 64 28 35
82 98 6 74 84 82 77
40 41 1 78 56 27 30
92 22 73 13 20 67 6
77 77 19 0 81 56 37
48 49 44 54 92 4 58
87 55 71 52 19 85 38
57 19 68 86 86 92 71
19 24 42 73 40 48 17
89 14 71 44 55 90 45
44 55 90 32 18 69 42
17 83 56 19 24 42 60
59 56 39 18 88 72 45
53 62 72 77 77 19 55
72 80 85 3 27 90 53
76 51 77 31 38 10 68
49 20 86 25 51 49 48
32 18 69 59 56 39 48
17 83 56 12 76 69 14
4 73 18 59 56 39 27
37 22 87 48 49 44 50
65 23 88 34 65 42 62
97 66 45 84 31 96 61
16 84 26 11 35 69 65
75 32 92 90 22 20 72
4 73 18 45 57 37 24
72 80 85 82 98 6 81
39 11 87 51 33 0 89
52 19 85 26 64 73 46
8 98 67 25 51 49 50
31 38 10 56 96 46 68
16 84 26 6 49 21 35
64 72 51 95 45 98 54
75 32 92 26 64 73 37
6 49 21 46 28 37 26
79 84 92 6 49 21 79
20 82 69 23 87 62 8
74 84 82 69 59 97 29
62 96 25 47 37 12 60
10 49 8 21 12 86 86
64 72 51 30 71 11 40
38 26 78 0 81 56 59
27 69 29 92 22 73 64
78 56 27 15 42 61 36
7 4 66 77 77 19 86
49 20 86 74 84 82 64
38 26 78 98 18 9 69
27 69 29 42 1 29 68
33 49 97 16 84 26 79
39 11 87 42 1 29 58
78 56 27 66 75 45 26
75 32 92 70 75 67 49
23 87 62 70 75 67 13
8 98 67 75 32 92 70
52 19 85 93 61 13 83
2 32 21 78 56 27 24
15 42 61 85 31 3 59
57 19 68 55 91 84 73
32 18 69 93 61 13 70
20 82 69 1 77 25 44
32 18 69 40 41 1 71
45 57 37 73 40 48 20
51 33 0 0 81 56 73
25 51 49 1 77 25 35
76 51 77 28 31 34 47
94 39 42 74 84 82 60
52 19 85 75 32 92 14
91 57 57 49 20 86 47
91 57 57 48 49 44 15
70 75 67 39 11 87 67
78 56 27 83 78 2 33
83 78 2 85 31 3 47
46 28 37 55 91 84 78
18 88 72 51 33 0 90
20 82 69 6 49 21 58
81 34 36 66 75 45 41
42 1 29 1 77 25 76
7 4 66 46 28 37 37
25 51 49 87 55 71 22
36 78 68 91 57 57 23
92 22 73 5 64 28 61
9 29 29 27 69 29 40
44 55 90 52 19 85 36
94 39 42 18 88 72 57
45 57 37 90 22 20 38
57 19 68 45 57 37 49
6 49 21 70 75 67 52
4 73 18 36 78 68 50
62 96 25 95 45 98 89
59 56 39 76 51 77 38
57 19 68 81 34 36 35
43 84 53 12 76 69 17
86 86 92 40 41 1 101
80 80 4 33 49 97 98
62 96 25 29 39 67 70
63 62 18 15 42 61 47
67 91 2 24 59 24 38
91 57 57 79 84 92 44
44 55 90 58 75 19 73
83 78 2 24 59 24 29
85 31 3 86 86 92 104
7 4 66 97 66 45 65
55 91 84 0 81 56 29
42 1 29 8 98 67 104
74 84 82 66 75 45 38
11 35 69 68 97 70 62
20 82 69 22 2 22 92
36 78 68 21 12 86 68
73 40 48 59 56 39 18
94 39 42 79 84 92 67
53 62 72 13 20 67 42
52 19 85 36 78 68 61
74 84 82 84 31 96 54
17 83 56 7 4 66 79
48 49 44 39 11 87 57
69 59 97 83 78 2 96
18 88 72 84 31 96 61
40 41 1 30 71 11 31
85 31 3 44 55 90 90
50 83 73 41 43 7 77
22 2 22 14 14 43 24
72 80 85 55 91 84 11
1 77 25 40 41 1 43
93 61 13 94 39 42 36
83 78 2 15 42 61 69
11 35 69 60 37 27 42
96 45 0 95 45 98 98
52 19 85 25 51 49 48
33 49 97 84 31 96 18
43 84 53 72 80 85 32
57 19 68 69 59 97 49
19 24 42 51 33 0 42
61 88 76 33 49 97 44
15 42 61 67 91 2 76
93 61 13 82 98 6 37
21 12 86 7 4 66 21
84 31 96 88 72 12 93
6 49 21 56 96 46 53
5 64 28 2 32 21 32
22 2 22 44 55 90 86
91 57 57 7 4 66 53
68 97 70 27 69 29 49
17 83 56 3 27 90 65
11 35 69 24 59 24 51
7 4 66 1 77 25 83
11 35 69 23 87 62 52
89 14 71 11 35 69 21
51 33 0 93 61 13 30
73 40 48 94 39 42 6
31 38 10 42 1 29 41
48 49 44 31 38 10 35
20 82 69 71 10 19 87
15 42 61 12 76 69 34
67 91 2 97 66 45 49
39 11 87 85 31 3 86
33 49 97 58 75 19 82
88 72 12 8 98 67 60
11 35 69 79 84 92 54
50 83 73 75 32 92 54
12 76 69 82 98 6 66
47 37 12 96 45 0 14
56 96 46 34 65 42 31
59 56 39 23 87 62 38
84 31 96 82 98 6 112
43 84 53 83 78 2 51
57 19 68 6 49 21 55
56 96 46 60 37 27 61
30 71 11 55 91 84 75
9 29 29 69 59 97 74
71 10 19 75 32 92 76
78 56 27 17 83 56 39
17 83 56 62 96 25 33
22 2 22 71 10 19 8
3 27 90 31 38 10 80
96 45 0 67 91 2 46
96 45 0 33 49 97 97
48 49 44 66 75 45 26
44 55 90 88 72 12 79
82 98 6 27 69 29 37
98 18 9 47 37 12 19
38 26 78 10 49 8 73
5 64 28 14 14 43 52
94 39 42 25 51 49 13
19 24 42 69 59 97 65
68 97 70 23 87 62 12
60 37 27 2 32 21 7
57 19 68 51 33 0 69
5 64 28 76 51 77 50
35 70 15 8 98 67 59
31 38 10 25 51 49 41
78 56 27 51 33 0 35
50 83 73 17 83 56 17
81 34 36 22 2 22 34
51 33 0 25 51 49 52
40 41 1 82 98 6 57
71 10 19 57 19 68 49
26 64 73 91 57 57 17
63 62 18 12 76 69 52
6 49 21 76 51 77 56
72 80 85 4 73 18 67
59 56 39 95 45 98 60
53 62 72 93 61 13 59
28 31 34 57 19 68 36
69 59 97 96 45 0 98
53 62 72 27 69 29 43
0 81 56 39 11 87 76
87 55 71 1 77 25 50
61 88 76 79 84 92 16
78 56 27 47 37 12 24
46 28 37 5 64 28 37
40 41 1 73 40 48 47
9 29 29 18 88 72 73
58 75 19 37 22 87 86
32 18 69 42 1 29 43
95 45 98 52 19 85 29
9 29 29 50 83 73 69
21 12 86 12 76 69 66
54 92 4 97 66 45 48
54 92 4 73 40 48 68
61 88 76 94 39 42 59
47 37 12 30 71 11 34
42 1 29 44 55 90 81
33 49 97 26 64 73 28
95 45 98 50 83 73 45
30 71 11 60 37 27 37
81 34 36 16 84 26 50
69 59 97 82 98 6 99
29 39 67 78 56 27 43
26 64 73 41 43 7 69
11 35 69 94 39 42 27
28 31 34 80 80 4 57
30 71 11 50 83 73 63
13 20 67 23 87 62 67
87 55 71 14 14 43 49
28 31 34 92 22 73 40
16 84 26 77 77 19 9
15 42 61 36 78 68 36
1 77 25 51 33 0 50
14 14 43 17 83 56 70
92 22 73 97 66 45 52
94 39 42 17 83 56 46
9 29 29 56 96 46 69
28 31 34 19 24 42 10
75 32 92 11 35 69 23
98 18 9 50 83 73 91
29 39 67 20 82 69 43
19 24 42 20 82 69 63
52 19 85 3 27 90 9
7 4 66 55 91 84 88
95 45 98 13 20 67 39
76 51 77 58 75 19 62
68 97 70 48 49 44 54
2 32 21 69 59 97 80
49 20 86 9 29 29 57
29 39 67 46 28 37 31
24 59 24 56 96 46 43
72 80 85 80 80 4 81
73 40 48 97 66 45 26
96 45 0 32 18 69 74
63 62 18 92 22 73 68
54 92 4 7 4 66 107
26 64 73 74 84 82 21
6 49 21 2 32 21 17
22 2 22 69 59 97 94
50 83 73 58 75 19 54
42 1 29 93 61 13 62
76 51 77 64 72 51 33
46 28 37 17 83 56 58
44 55 90 28 31 34 60
3 27 90 92 22 73 17
78 56 27 34 65 42 17
89 14 71 9 29 29 44
22 2 22 25 51 49 55
59 56 39 39 11 87 65
95 45 98 18 88 72 50
90 22 20 59 56 39 38
73 40 48 71 10 19 41