43 903
30 22 38 42 19 37 3
4 15 5 35 38 26 31
33 40 16 29 15 28 27
1 23 2 19 24 41 39
26 1 28 9 29 20 29
9 29 20 5 34 6 14
0 25 1 4 15 5 10
4 15 5 20 5 0 11
0 25 1 11 25 8 7
14 8 32 16 1 19 14
33 40 16 35 38 26 10
16 1 19 5 34 6 35
28 17 13 40 16 33 20
18 41 14 39 34 8 9
30 22 38 23 31 39 9
42 19 37 25 34 40 15
7 11 6 33 40 16 30
17 30 26 14 8 32 22
38 35 25 6 18 30 17
9 29 20 18 41 14 13
1 23 2 37 29 41 39
13 25 27 3 17 3 25
22 35 28 34 33 37 9
12 21 13 30 22 38 25
12 21 13 31 37 42 33
7 11 6 39 34 8 23
13 25 27 29 15 28 10
20 5 0 13 25 27 33
31 37 42 22 35 28 14
32 25 36 34 33 37 8
14 8 32 7 11 6 26
38 35 25 40 16 33 20
6 18 30 5 34 6 28
33 40 16 22 35 28 13
35 38 26 9 29 20 10
25 34 40 35 38 26 14
31 37 42 2 4 8 47
30 22 38 1 23 2 36
23 31 39 10 3 23 32
16 1 19 26 1 28 9
13 25 27 9 29 20 8
10 3 23 16 1 19 4
32 25 36 16 1 19 29
18 41 14 31 37 42 28
0 25 1 40 16 33 33
26 1 28 2 4 8 20
32 25 36 35 38 26 16
19 24 41 22 35 28 17
22 35 28 38 35 25 3
24 0 17 40 16 33 22
7 11 6 1 23 2 12
5 34 6 29 15 28 29
34 33 37 24 0 17 38
22 35 28 23 31 39 11
13 25 27 21 29 16 11
17 30 26 6 18 30 12
32 25 36 3 17 3 33
27 37 21 13 25 27 13
28 17 13 30 22 38 25
2 4 8 37 29 41 41
16 1 19 12 21 13 20
33 40 16 40 16 33 29
42 19 37 31 37 42 18
24 0 17 18 41 14 41
30 22 38 3 17 3 35
29 15 28 20 5 0 29
33 40 16 42 19 37 29
25 34 40 24 0 17 41
25 34 40 34 33 37 3
25 34 40 4 15 5 39
29 15 28 12 21 13 16
3 17 3 28 17 13 10
2 4 8 0 25 1 22
38 35 25 19 24 41 19
15 38 34 11 25 8 29
31 37 42 36 25 42 12
23 31 39 21 29 16 23
21 29 16 39 34 8 9
16 1 19 42 19 37 25
11 25 8 35 38 26 22
9 29 20 24 0 17 29
16 1 19 0 25 1 30
30 22 38 18 41 14 30
11 25 8 33 40 16 17
5 34 6 31 37 42 36
7 11 6 25 34 40 41
4 15 5 34 33 37 36
23 31 39 17 30 26 13
36 25 42 2 4 8 39
5 34 6 15 38 34 28
27 37 21 10 3 23 34
13 25 27 33 40 16 18
9 29 20 7 11 6 22
22 35 28 41 22 34 14
28 17 13 0 25 1 14
24 0 17 14 8 32 17
19 24 41 42 19 37 6
8 41 42 9 29 20 25
0 25 1 23 31 39 38
12 21 13 33 40 16 19
38 35 25 23 31 39 14
14 8 32 2 4 8 24
19 24 41 16 1 19 31
37 29 41 11 25 8 33
7 11 6 17 30 26 27
14 8 32 39 34 8 35
21 29 16 34 33 37 21
17 30 26 11 25 8 18
26 1 28 20 5 0 28
36 25 42 27 37 21 24
35 38 26 34 33 37 12
37 29 41 40 16 33 15
17 30 26 34 33 37 11
22 35 28 24 0 17 36
6 18 30 3 17 3 27
30 22 38 4 15 5 33
4 15 5 7 11 6 4
6 18 30 14 8 32 10
2 4 8 33 40 16 36
6 18 30 41 22 34 5
36 25 42 11 25 8 34
9 29 20 41 22 34 15
24 0 17 29 15 28 18
12 21 13 26 1 28 25
30 22 38 40 16 33 7
1 23 2 42 19 37 35
28 17 13 8 41 42 37
17 30 26 38 35 25 5
14 8 32 8 41 42 34
32 25 36 39 34 8 29
31 37 42 4 15 5 43
28 17 13 38 35 25 21
19 24 41 8 41 42 17
29 15 28 21 29 16 18
13 25 27 18 41 14 20
9 29 20 17 30 26 6
20 5 0 36 25 42 46
2 4 8 5 34 6 30
19 24 41 34 33 37 9
16 1 19 27 37 21 36
5 34 6 13 25 27 22
17 30 26 16 1 19 29
31 37 42 41 22 34 17
10 3 23 33 40 16 37
6 18 30 26 1 28 17
28 17 13 41 22 34 21
1 23 2 5 34 6 11
36 25 42 32 25 36 6
42 19 37 28 17 13 24
0 25 1 29 15 28 28
29 15 28 40 16 33 5
0 25 1 10 3 23 31
32 25 36 23 31 39 6
30 22 38 33 40 16 28
13 25 27 39 34 8 21
23 31 39 28 17 13 29
6 18 30 33 40 16 26
39 34 8 33 40 16 10
26 1 28 11 25 8 31
33 40 16 18 41 14 2
33 40 16 15 38 34 18
33 40 16 1 23 2 22
11 25 8 42 19 37 29
37 29 41 16 1 19 35
7 11 6 31 37 42 44
28 17 13 36 25 42 30
5 34 6 24 0 17 35
2 4 8 23 31 39 41
12 21 13 25 34 40 29
15 38 34 1 23 2 35
18 41 14 14 8 32 37
13 25 27 14 8 32 17
42 19 37 3 17 3 34
34 33 37 33 40 16 22
1 23 2 39 34 8 12
18 41 14 20 5 0 38
33 40 16 37 29 41 27
39 34 8 41 22 34 28
10 3 23 6 18 30 16
1 23 2 29 15 28 27
32 25 36 13 25 27 9
28 17 13 20 5 0 17
19 24 41 32 25 36 5
34 33 37 31 37 42 6
40 16 33 18 41 14 31
32 25 36 40 16 33 9
24 0 17 26 1 28 11
20 5 0 39 34 8 30
18 41 14 8 41 42 28
35 38 26 15 38 34 8
11 25 8 27 37 21 17
15 38 34 22 35 28 6
8 41 42 41 22 34 20
28 17 13 11 25 8 9
35 38 26 24 0 17 39
3 17 3 40 16 33 30
34 33 37 36 25 42 9
3 17 3 9 29 20 20
39 34 8 29 15 28 27
7 11 6 38 35 25 30
16 1 19 36 25 42 33
21 29 16 15 38 34 20
32 25 36 33 40 16 25
0 25 1 1 23 2 2
26 1 28 19 24 41 26
40 16 33 35 38 26 23
27 37 21 22 35 28 7
34 33 37 30 22 38 11
19 24 41 6 18 30 12
20 5 0 0 25 1 20
10 3 23 11 25 8 26
28 17 13 27 37 21 21
1 23 2 23 31 39 37
28 17 13 5 34 6 18
2 4 8 4 15 5 11
38 35 25 39 34 8 17
13 25 27 22 35 28 10
42 19 37 9 29 20 19
37 29 41 18 41 14 29
4 15 5 42 19 37 32
40 16 33 10 3 23 16
26 1 28 32 25 36 25
32 25 36 25 34 40 9
25 34 40 18 41 14 26
36 25 42 23 31 39 6
29 15 28 9 29 20 16
26 1 28 25 34 40 35
19 24 41 15 38 34 15
31 37 42 32 25 36 13
30 22 38 11 25 8 30
2 4 8 10 3 23 15
26 1 28 0 25 1 36
5 34 6 10 3 23 35
3 17 3 36 25 42 39
7 11 6 23 31 39 38
30 22 38 24 0 17 30
29 15 28 16 1 19 16
9 29 20 33 40 16 11
10 3 23 7 11 6 18
19 24 41 12 21 13 28
41 22 34 35 38 26 17
15 38 34 30 22 38 16
40 16 33 14 8 32 8
13 25 27 7 11 6 25
35 38 26 37 29 41 17
28 17 13 29 15 28 15
34 33 37 10 3 23 33
40 16 33 17 30 26 15
14 8 32 35 38 26 30
17 30 26 37 29 41 15
36 25 42 7 11 6 38
5 34 6 35 38 26 20
40 16 33 6 18 30 3
25 34 40 14 8 32 27
23 31 39 4 15 5 37
15 38 34 36 25 42 15
12 21 13 1 23 2 11
42 19 37 24 0 17 27
12 21 13 11 25 8 6
26 1 28 34 33 37 33
23 31 39 24 0 17 38
20 5 0 27 37 21 38
27 37 21 1 23 2 23
39 34 8 6 18 30 27
21 29 16 40 16 33 21
3 17 3 2 4 8 13
36 25 42 4 15 5 38
40 16 33 39 34 8 30
7 11 6 27 37 21 30
8 41 42 31 37 42 4
0 25 1 13 25 27 26
28 17 13 21 29 16 12
35 38 26 28 17 13 24
7 11 6 21 29 16 20
34 33 37 0 25 1 36
19 24 41 2 4 8 38
1 23 2 14 8 32 33
5 34 6 18 41 14 10
37 29 41 14 8 32 22
10 3 23 1 23 2 29
8 41 42 23 31 39 10
33 40 16 20 5 0 38
24 0 17 36 25 42 35
26 1 28 4 15 5 26
37 29 41 4 15 5 38
19 24 41 27 37 21 23
19 24 41 11 25 8 33
20 5 0 1 23 2 18
5 34 6 26 1 28 39
25 34 40 1 23 2 39
4 15 5 17 30 26 25
38 35 25 21 29 16 10
8 41 42 30 22 38 19
11 25 8 29 15 28 22
14 8 32 32 25 36 17
32 25 36 1 23 2 34
41 22 34 26 1 28 21
9 29 20 22 35 28 10
25 34 40 10 3 23 35
17 30 26 13 25 27 5
3 17 3 14 8 32 30
17 30 26 0 25 1 25
8 41 42 37 29 41 12
4 15 5 12 21 13 10
23 31 39 14 8 32 24
36 25 42 33 40 16 30
38 35 25 14 8 32 27
32 25 36 28 17 13 24
31 37 42 29 15 28 26
16 1 19 38 35 25 34
23 31 39 9 29 20 19
17 30 26 25 34 40 14
27 37 21 39 34 8 13
27 37 21 21 29 16 9
23 31 39 5 34 6 33
31 37 42 37 29 41 8
13 25 27 2 4 8 28
19 24 41 14 8 32 18
18 41 14 17 30 26 16
30 22 38 6 18 30 8
11 25 8 3 17 3 9
28 17 13 34 33 37 28
8 41 42 12 21 13 35
5 34 6 34 33 37 31
30 22 38 16 1 19 28
42 19 37 39 34 8 32
38 35 25 31 37 42 17
14 8 32 5 34 6 36
38 35 25 1 23 2 25
17 30 26 20 5 0 36
22 35 28 4 15 5 30
10 3 23 41 22 34 21
33 40 16 5 34 6 11
27 37 21 42 19 37 24
23 31 39 34 33 37 2
8 41 42 38 35 25 18
34 33 37 42 19 37 14
13 25 27 25 34 40 15
17 30 26 1 23 2 25
26 1 28 38 35 25 34
27 37 21 30 22 38 22
39 34 8 10 3 23 34
27 37 21 8 41 42 21
37 29 41 25 34 40 5
21 29 16 1 23 2 15
6 18 30 7 11 6 25
22 35 28 40 16 33 19
42 19 37 18 41 14 31
21 29 16 6 18 30 17
7 11 6 32 25 36 33
17 30 26 5 34 6 20
16 1 19 11 25 8 26
41 22 34 20 5 0 38
38 35 25 37 29 41 17
5 34 6 42 19 37 34
8 41 42 22 35 28 15
15 38 34 14 8 32 30
32 25 36 30 22 38 3
28 17 13 33 40 16 23
27 37 21 23 31 39 18
25 34 40 9 29 20 20
30 22 38 39 34 8 32
36 25 42 17 30 26 16
37 29 41 26 1 28 30
14 8 32 31 37 42 30
25 34 40 11 25 8 33
28 17 13 37 29 41 30
25 34 40 19 24 41 10
28 17 13 6 18 30 17
38 35 25 33 40 16 10
6 18 30 34 33 37 16
2 4 8 1 23 2 19
32 25 36 10 3 23 25
12 21 13 7 11 6 12
27 37 21 14 8 32 31
36 25 42 40 16 33 12
32 25 36 42 19 37 6
27 37 21 25 34 40 19
5 34 6 41 22 34 30
0 25 1 42 19 37 36
22 35 28 39 34 8 20
12 21 13 10 3 23 20
1 23 2 18 41 14 21
14 8 32 4 15 5 27
9 29 20 1 23 2 18
35 38 26 29 15 28 23
29 15 28 22 35 28 20
39 34 8 11 25 8 9
8 41 42 7 11 6 46
42 19 37 36 25 42 7
32 25 36 8 41 42 17
33 40 16 8 41 42 26
17 30 26 41 22 34 11
4 15 5 33 40 16 27
37 29 41 42 19 37 10
24 0 17 32 25 36 31
42 19 37 2 4 8 32
31 37 42 30 22 38 15
7 11 6 2 4 8 7
6 18 30 13 25 27 7
13 25 27 30 22 38 11
27 37 21 17 30 26 8
16 1 19 31 37 42 42
33 40 16 25 34 40 24
4 15 5 24 0 17 19
25 34 40 3 17 3 40
32 25 36 17 30 26 11
17 30 26 28 17 13 18
37 29 41 39 34 8 33
19 24 41 0 25 1 40
38 35 25 18 41 14 12
2 4 8 22 35 28 36
19 24 41 37 29 41 5
32 25 36 6 18 30 9
23 31 39 37 29 41 2
18 41 14 27 37 21 8
16 1 19 40 16 33 20
30 22 38 19 24 41 3
20 5 0 9 29 20 31
3 17 3 7 11 6 6
25 34 40 31 37 42 3
27 37 21 6 18 30 21
20 5 0 11 25 8 21
1 23 2 26 1 28 34
14 8 32 0 25 1 35
35 38 26 30 22 38 20
3 17 3 19 24 41 38
12 21 13 0 25 1 12
17 30 26 35 38 26 8
13 25 27 19 24 41 14
36 25 42 8 41 42 16
12 21 13 40 16 33 20
15 38 34 31 37 42 8
33 40 16 23 31 39 24
20 5 0 7 11 6 8
7 11 6 16 1 19 16
40 16 33 34 33 37 17
23 31 39 15 38 34 8
41 22 34 24 0 17 27
24 0 17 37 29 41 37
10 3 23 9 29 20 26
38 35 25 0 25 1 26
6 18 30 42 19 37 7
31 37 42 19 24 41 13
41 22 34 42 19 37 4
10 3 23 8 41 42 42
14 8 32 30 22 38 15
33 40 16 21 29 16 11
20 5 0 37 29 41 47
20 5 0 40 16 33 34
16 1 19 22 35 28 35
38 35 25 34 33 37 12
18 41 14 11 25 8 17
15 38 34 39 34 8 26
42 19 37 15 38 34 19
41 22 34 25 34 40 13
39 34 8 36 25 42 35
8 41 42 1 23 2 43
11 25 8 6 18 30 23
3 17 3 37 29 41 39
0 25 1 41 22 34 33
27 37 21 33 40 16 5
33 40 16 0 25 1 21
40 16 33 2 4 8 27
17 30 26 26 1 28 29
42 19 37 7 11 6 32
36 25 42 1 23 2 40
21 29 16 16 1 19 28
6 18 30 23 31 39 15
8 41 42 4 15 5 45
5 34 6 37 29 41 35
25 34 40 2 4 8 43
21 29 16 5 34 6 11
40 16 33 19 24 41 11
20 5 0 5 34 6 29
32 25 36 20 5 0 41
17 30 26 12 21 13 15
29 15 28 34 33 37 20
9 29 20 28 17 13 13
14 8 32 34 33 37 25
23 31 39 35 38 26 14
9 29 20 40 16 33 18
39 34 8 23 31 39 31
29 15 28 3 17 3 25
25 34 40 0 25 1 40
25 34 40 29 15 28 22
22 35 28 36 25 42 17
18 41 14 12 21 13 20
7 11 6 35 38 26 33
36 25 42 0 25 1 41
24 0 17 19 24 41 33
3 17 3 21 29 16 17
42 19 37 26 1 28 20
13 25 27 34 33 37 12
21 29 16 9 29 20 4
16 1 19 34 33 37 36
26 1 28 27 37 21 36
24 0 17 1 23 2 27
29 15 28 36 25 42 17
27 37 21 32 25 36 19
18 41 14 28 17 13 24
14 8 32 29 15 28 8
22 35 28 32 25 36 12
18 41 14 4 15 5 27
24 0 17 31 37 42 44
25 34 40 38 35 25 15
34 33 37 9 29 20 17
11 25 8 41 22 34 26
18 41 14 3 17 3 26
27 37 21 29 15 28 23
15 38 34 16 1 19 39
8 41 42 39 34 8 34
38 35 25 15 38 34 9
24 0 17 38 35 25 35
41 22 34 21 29 16 19
1 23 2 22 35 28 28
14 8 32 33 40 16 35
20 5 0 34 33 37 46
26 1 28 28 17 13 21
9 29 20 2 4 8 27
16 1 19 4 15 5 19
26 1 28 36 25 42 27
6 18 30 18 41 14 28
38 35 25 35 38 26 3
2 4 8 27 37 21 35
18 41 14 29 15 28 29
41 22 34 13 25 27 7
6 18 30 25 34 40 18
6 18 30 31 37 42 22
7 11 6 22 35 28 32
0 25 1 32 25 36 35
31 37 42 1 23 2 42
0 25 1 7 11 6 14
11 25 8 38 35 25 19
10 3 23 31 37 42 38
2 4 8 16 1 19 11
12 21 13 20 5 0 20
26 1 28 15 38 34 37
35 38 26 22 35 28 3
38 35 25 30 22 38 18
22 35 28 14 8 32 27
38 35 25 41 22 34 15
15 38 34 17 30 26 11
18 41 14 23 31 39 26
20 5 0 38 35 25 39
31 37 42 35 38 26 16
42 19 37 14 8 32 12
15 38 34 27 37 21 13
4 15 5 15 38 34 37
6 18 30 9 29 20 14
10 3 23 15 38 34 36
19 24 41 4 15 5 37
42 19 37 23 31 39 12
35 38 26 39 34 8 18
38 35 25 42 19 37 20
16 1 19 1 23 2 27
15 38 34 37 29 41 11
9 29 20 30 22 38 19
1 23 2 35 38 26 28
36 25 42 21 29 16 26
18 41 14 16 1 19 40
4 15 5 27 37 21 27
41 22 34 4 15 5 29
35 38 26 36 25 42 20
20 5 0 21 29 16 28
4 15 5 21 29 16 17
12 21 13 38 35 25 18
35 38 26 10 3 23 35
16 1 19 41 22 34 25
31 37 42 26 1 28 38
2 4 8 12 21 13 17
23 31 39 41 22 34 10
0 25 1 3 17 3 8
36 25 42 9 29 20 22
3 17 3 27 37 21 26
15 38 34 2 4 8 42
21 29 16 24 0 17 29
21 29 16 30 22 38 23
26 1 28 14 8 32 8
3 17 3 41 22 34 31
15 38 34 34 33 37 5
6 18 30 4 15 5 25
5 34 6 0 25 1 10
20 5 0 24 0 17 17
30 22 38 0 25 1 37
11 25 8 24 0 17 26
40 16 33 27 37 21 24
9 29 20 12 21 13 10
22 35 28 30 22 38 16
27 37 21 37 29 41 21
19 24 41 33 40 16 29
11 25 8 13 25 27 19
28 17 13 19 24 41 28
2 4 8 35 38 26 38
12 21 13 21 29 16 8
7 11 6 24 0 17 15
35 38 26 42 19 37 21
34 33 37 39 34 8 29
11 25 8 34 33 37 30
42 19 37 12 21 13 24
17 30 26 24 0 17 31
30 22 38 17 30 26 14
26 1 28 8 41 42 42
12 21 13 27 37 21 17
18 41 14 26 1 28 42
3 17 3 31 37 42 43
26 1 28 3 17 3 29
21 29 16 22 35 28 13
0 25 1 21 29 16 15
41 22 34 2 4 8 31
21 29 16 42 19 37 23
26 1 28 23 31 39 31
2 4 8 6 18 30 26
19 24 41 35 38 26 20
5 34 6 19 24 41 36
40 16 33 4 15 5 28
34 33 37 12 21 13 26
22 35 28 37 29 41 14
1 23 2 34 33 37 36
20 5 0 16 1 19 19
36 25 42 37 29 41 4
42 19 37 29 15 28 9
3 17 3 10 3 23 24
38 35 25 36 25 42 19
8 41 42 11 25 8 37
17 30 26 8 41 42 19
0 25 1 9 29 20 19
34 33 37 41 22 34 11
6 18 30 12 21 13 17
3 17 3 23 31 39 38
23 31 39 12 21 13 27
30 22 38 2 4 8 34
29 15 28 10 3 23 13
1 23 2 28 17 13 12
25 34 40 5 34 6 34
31 37 42 40 16 33 22
5 34 6 39 34 8 2
19 24 41 21 29 16 25
40 16 33 15 38 34 22
30 22 38 29 15 28 12
37 29 41 34 33 37 5
20 5 0 30 22 38 41
24 0 17 13 25 27 26
39 34 8 12 21 13 13
36 25 42 14 8 32 19
7 11 6 40 16 33 27
20 5 0 3 17 3 12
7 11 6 11 25 8 14
21 29 16 18 41 14 12
21 29 16 10 3 23 26
35 38 26 20 5 0 42
18 41 14 0 25 1 20
0 25 1 6 18 30 29
24 0 17 2 4 8 9
9 29 20 39 34 8 13
11 25 8 32 25 36 28
20 5 0 14 8 32 32
10 3 23 26 1 28 5
38 35 25 13 25 27 10
0 25 1 8 41 42 44
39 34 8 28 17 13 17
24 0 17 33 40 16 40
22 35 28 18 41 14 15
15 38 34 9 29 20 16
3 17 3 38 35 25 28
25 34 40 40 16 33 19
31 37 42 28 17 13 35
18 41 14 15 38 34 20
29 15 28 2 4 8 22
0 25 1 22 35 28 28
10 3 23 37 29 41 31
20 5 0 25 34 40 49
1 23 2 6 18 30 28
1 23 2 41 22 34 32
34 33 37 2 4 8 41
27 37 21 9 29 20 8
5 34 6 12 21 13 14
24 0 17 10 3 23 6
4 15 5 38 35 25 28
13 25 27 31 37 42 19
28 17 13 22 35 28 23
18 41 14 10 3 23 39
22 35 28 6 18 30 17
12 21 13 22 35 28 20
31 37 42 9 29 20 23
28 17 13 2 4 8 13
24 0 17 6 18 30 22
24 0 17 15 38 34 41
40 16 33 1 23 2 31
28 17 13 24 0 17 17
22 35 28 20 5 0 41
23 31 39 19 24 41 7
11 25 8 21 29 16 8
11 25 8 40 16 33 26
6 18 30 35 38 26 20
15 38 34 7 11 6 38
35 38 26 27 37 21 5
15 38 34 3 17 3 37
8 41 42 34 33 37 9
7 11 6 5 34 6 23
42 19 37 10 3 23 21
16 1 19 25 34 40 39
30 22 38 7 11 6 33
23 31 39 11 25 8 31
27 37 21 38 35 25 4
42 19 37 8 41 42 22
35 38 26 3 17 3 31
3 17 3 12 21 13 10
41 22 34 27 37 21 19
5 34 6 32 25 36 31
19 24 41 18 41 14 31
10 3 23 28 17 13 17
30 22 38 5 34 6 34
40 16 33 41 22 34 6
42 19 37 13 25 27 11
19 24 41 29 15 28 15
25 34 40 15 38 34 7
12 21 13 28 17 13 4
14 8 32 12 21 13 23
23 31 39 13 25 27 13
38 35 25 32 25 36 14
28 17 13 14 8 32 21
26 1 28 30 22 38 23
4 15 5 29 15 28 23
40 16 33 5 34 6 32
18 41 14 41 22 34 27
17 30 26 39 34 8 18
26 1 28 13 25 27 24
40 16 33 13 25 27 10
9 29 20 14 8 32 24
15 38 34 0 25 1 35
37 29 41 12 21 13 29
29 15 28 38 35 25 20
11 25 8 4 15 5 10
35 38 26 8 41 42 16
14 8 32 21 29 16 26
11 25 8 22 35 28 22
5 34 6 4 15 5 19
19 24 41 7 11 6 37
21 29 16 25 34 40 24
21 29 16 17 30 26 10
11 25 8 14 8 32 29
41 22 34 36 25 42 8
0 25 1 37 29 41 40
37 29 41 9 29 20 21
21 29 16 31 37 42 27
37 29 41 7 11 6 39
8 41 42 21 29 16 28
17 30 26 42 19 37 15
18 41 14 7 11 6 31
18 41 14 32 25 36 27
28 17 13 4 15 5 8
37 29 41 41 22 34 9
3 17 3 22 35 28 30
32 25 36 2 4 8 35
36 25 42 30 22 38 5
11 25 8 9 29 20 12
29 15 28 23 31 39 19
5 34 6 27 37 21 15
35 38 26 16 1 19 37
1 23 2 4 15 5 8
37 29 41 29 15 28 19
3 17 3 16 1 19 22
3 17 3 34 33 37 37
34 33 37 7 11 6 38
41 22 34 15 38 34 16
29 15 28 17 30 26 15
35 38 26 18 41 14 12
20 5 0 8 41 42 55
16 1 19 24 0 17 2
2 4 8 11 25 8 21
25 34 40 8 41 42 7
4 15 5 39 34 8 19
19 24 41 20 5 0 45
8 41 42 6 18 30 25
19 24 41 41 22 34 7
15 38 34 28 17 13 29
32 25 36 37 29 41 6
4 15 5 9 29 20 20
36 25 42 5 34 6 37
27 37 21 24 0 17 37
13 25 27 1 23 2 25
3 17 3 5 34 6 17
17 30 26 22 35 28 5
16 1 19 33 40 16 39
10 3 23 22 35 28 32
15 38 34 6 18 30 20
33 40 16 26 1 28 40
29 15 28 7 11 6 22
21 29 16 32 25 36 20
20 5 0 10 3 23 23
26 1 28 29 15 28 14
38 35 25 10 3 23 32
15 38 34 20 5 0 47
42 19 37 20 5 0 39
26 1 28 39 34 8 38
26 1 28 7 11 6 24
8 41 42 29 15 28 29
27 37 21 31 37 42 21
3 17 3 4 15 5 2
9 29 20 19 24 41 21
14 8 32 10 3 23 10
16 1 19 23 31 39 36
7 11 6 28 17 13 9
20 5 0 31 37 42 52
2 4 8 8 41 42 50
10 3 23 36 25 42 29
25 34 40 28 17 13 31
36 25 42 12 21 13 29
35 38 26 0 25 1 28
17 30 26 31 37 42 17
16 1 19 13 25 27 25
9 29 20 38 35 25 7
28 17 13 16 1 19 17
34 33 37 27 37 21 16
32 25 36 29 15 28 12
33 40 16 31 37 42 26
40 16 33 42 19 37 5
17 30 26 2 4 8 31
8 41 42 24 0 17 48
4 15 5 32 25 36 32
39 34 8 24 0 17 35
19 24 41 17 30 26 16
25 34 40 36 25 42 9
39 34 8 31 37 42 34
16 1 19 6 18 30 20
14 8 32 41 22 34 14
18 41 14 36 25 42 32
25 34 40 22 35 28 12
26 1 28 35 38 26 37
39 34 8 19 24 41 34
17 30 26 33 40 16 14
3 17 3 24 0 17 22
39 34 8 16 1 19 34
15 38 34 32 25 36 13
21 29 16 37 29 41 25
9 29 20 16 1 19 28
35 38 26 13 25 27 13
31 37 42 23 31 39 6
29 15 28 6 18 30 3
19 24 41 10 3 23 27
10 3 23 17 30 26 27
36 25 42 6 18 30 13
5 34 6 38 35 25 19
30 22 38 25 34 40 12
3 17 3 1 23 2 6
2 4 8 21 29 16 26
3 17 3 8 41 42 45
13 25 27 36 25 42 15
18 41 14 2 4 8 37
23 31 39 40 16 33 16
37 29 41 6 18 30 15
0 25 1 31 37 42 42
3 17 3 17 30 26 26
6 18 30 20 5 0 32
41 22 34 12 21 13 21
26 1 28 22 35 28 34
8 41 42 16 1 19 46
29 15 28 41 22 34 9
0 25 1 24 0 17 29
5 34 6 11 25 8 9
33 40 16 41 22 34 25
11 25 8 31 37 42 36
8 41 42 13 25 27 21
8 41 42 5 34 6 36
4 15 5 10 3 23 21
13 25 27 15 38 34 14
30 22 38 10 3 23 24
15 38 34 8 41 42 8
15 38 34 29 15 28 23
10 3 23 13 25 27 22
28 17 13 13 25 27 16
30 22 38 41 22 34 4
32 25 36 9 29 20 16
2 4 8 39 34 8 30
26 1 28 40 16 33 15
20 5 0 23 31 39 46
42 19 37 22 35 28 18
41 22 34 7 11 6 30
12 21 13 24 0 17 21
39 34 8 0 25 1 11
13 25 27 4 15 5 24
37 29 41 13 25 27 14
8 41 42 40 16 33 26
3 17 3 33 40 16 26
41 22 34 32 25 36 3
2 4 8 38 35 25 35
22 35 28 5 34 6 22
23 31 39 25 34 40 3
25 34 40 39 34 8 32
12 21 13 15 38 34 27
1 23 2 11 25 8 6
30 22 38 37 29 41 7
18 41 14 34 33 37 24
21 29 16 35 38 26 13
12 21 13 32 25 36 23
20 5 0 2 4 8 8
27 37 21 0 25 1 23
12 21 13 13 25 27 14
3 17 3 39 34 8 17
12 21 13 35 38 26 21
26 1 28 21 29 16 30
19 24 41 36 25 42 1