87 3741
76 1 60 41 32 76 34
43 43 51 57 77 61 35
81 68 76 38 67 36 40
42 51 65 16 42 28 38
79 11 17 81 68 76 82
3 21 16 62 12 21 10
37 23 62 80 41 36 31
31 11 10 12 63 38 59
19 21 86 61 80 16 91
8 85 50 66 41 20 53
81 68 76 14 38 54 37
26 18 22 85 31 61 41
29 86 70 40 28 16 79
37 23 62 62 12 21 42
66 41 20 84 44 12 8
34 61 84 73 54 34 50
5 72 20 22 10 20 62
71 20 8 22 10 20 15
25 37 38 70 30 20 19
77 29 68 30 79 81 51
22 10 20 70 30 20 20
51 54 9 11 66 51 43
25 37 38 35 32 76 38
61 80 16 14 38 54 56
76 1 60 37 23 62 22
63 5 49 43 43 51 38
54 61 65 63 5 49 58
18 40 41 83 33 13 28
62 12 21 58 2 78 57
18 40 41 69 47 50 11
80 41 36 79 11 17 35
32 48 56 7 51 48 8
8 85 50 31 11 10 84
60 20 13 2 43 18 23
27 0 57 72 8 2 55
35 32 76 48 29 83 7
16 42 28 43 43 51 23
29 86 70 24 13 82 73
22 10 20 20 36 19 26
63 5 49 34 61 84 66
23 25 26 29 86 70 75
70 30 20 4 23 9 13
22 10 20 76 1 60 41
40 28 16 51 54 9 26
53 56 12 36 70 10 14
83 33 13 34 61 84 76
38 67 36 83 33 13 41
85 31 61 65 46 69 17
63 5 49 44 16 23 28
32 48 56 33 56 80 25
38 67 36 30 79 81 46
46 45 3 4 23 9 22
82 34 54 26 18 22 35
56 30 79 50 18 21 59
39 83 23 67 37 71 66
68 42 69 23 25 26 46
20 36 19 85 31 61 42
84 44 12 50 18 21 27
17 52 23 58 2 78 74
9 73 80 60 20 13 85
11 66 51 36 70 10 41
6 28 78 40 28 16 62
54 61 65 78 24 47 41
54 61 65 56 30 79 34
17 52 23 47 21 86 70
7 51 48 45 68 53 17
84 44 12 31 11 10 33
7 51 48 23 25 26 34
48 29 83 64 8 22 64
35 32 76 36 70 10 76
71 20 8 57 77 61 77
78 24 47 52 23 71 24
77 29 68 41 32 76 8
57 77 61 34 61 84 28
37 23 62 84 44 12 54
24 13 82 2 43 18 70
72 8 2 20 36 19 32
24 13 82 0 12 2 80
0 12 2 48 29 83 82
35 32 76 76 1 60 34
19 21 86 53 56 12 81
17 52 23 60 20 13 33
20 36 19 80 41 36 17
75 37 79 36 70 10 76
58 2 78 50 18 21 59
80 41 36 30 79 81 58
75 37 79 28 7 30 57
60 20 13 12 63 38 49
48 29 83 6 28 78 5
21 44 67 5 72 20 54
11 66 51 0 12 2 72
10 15 15 25 37 38 31
33 56 80 71 20 8 80
2 43 18 69 47 50 32
13 44 76 32 48 56 20
24 13 82 80 41 36 53
41 32 76 14 38 54 22
66 41 20 28 7 30 35
84 44 12 74 47 23 11
23 25 26 26 18 22 8
26 18 22 33 56 80 69
27 0 57 56 30 79 37
59 6 42 74 47 23 45
71 20 8 14 38 54 49
70 30 20 73 54 34 27
0 12 2 23 25 26 27
61 80 16 42 51 65 56
56 30 79 12 63 38 52
69 47 50 16 42 28 22
71 20 8 66 41 20 24
75 37 79 2 43 18 61
58 2 78 37 23 62 26
44 16 23 35 32 76 55
67 37 71 3 21 16 57
16 42 28 77 29 68 42
77 29 68 75 37 79 13
29 86 70 61 80 16 54
77 29 68 58 2 78 28
38 67 36 3 21 16 50
50 18 21 29 86 70 83
48 29 83 28 7 30 57
0 12 2 20 36 19 29
10 15 15 38 67 36 56
82 34 54 39 83 23 57
35 32 76 17 52 23 56
29 86 70 46 45 3 78
72 8 2 26 18 22 22
5 72 20 56 30 79 72
77 29 68 47 21 86 19
47 21 86 58 2 78 20
63 5 49 0 12 2 47
46 45 3 5 72 20 31
78 24 47 67 37 71 27
16 42 28 27 0 57 51
65 46 69 4 23 9 64
67 37 71 80 41 36 35
81 68 76 22 10 20 80
77 29 68 81 68 76 39
41 32 76 66 41 20 56
73 54 34 15 34 26 21
22 10 20 44 16 23 6
7 51 48 6 28 78 37
0 12 2 35 32 76 76
17 52 23 7 51 48 25
53 56 12 57 77 61 53
50 18 21 73 54 34 38
64 8 22 9 73 80 87
36 70 10 83 33 13 37
21 44 67 9 73 80 31
0 12 2 38 67 36 64
8 85 50 67 37 71 52
36 70 10 19 21 86 90
2 43 18 86 41 40 22
0 12 2 80 41 36 44
10 15 15 42 51 65 61
23 25 26 49 77 42 54
70 30 20 85 31 61 41
72 8 2 24 13 82 80
3 21 16 58 2 78 64
52 23 71 59 6 42 33
55 45 22 28 7 30 38
8 85 50 17 52 23 42
24 13 82 71 20 8 74
80 41 36 64 8 22 35
15 34 26 68 42 69 43
59 6 42 67 37 71 42
61 80 16 80 41 36 43
83 33 13 56 30 79 66
77 29 68 33 56 80 29
18 40 41 61 80 16 47
69 47 50 33 56 80 31
11 66 51 53 56 12 40
27 0 57 32 48 56 48
56 30 79 72 8 2 80
33 56 80 12 63 38 42
71 20 8 77 29 68 60
57 77 61 47 21 86 61
56 30 79 32 48 56 29
78 24 47 34 61 84 52
42 51 65 69 47 50 15
54 61 65 51 54 9 56
47 21 86 73 54 34 61
29 86 70 63 5 49 83
74 47 23 0 12 2 40
9 73 80 55 45 22 64
50 18 21 42 51 65 55
31 11 10 2 43 18 32
25 37 38 81 68 76 49
31 11 10 16 42 28 35
3 21 16 2 43 18 22
72 8 2 75 37 79 82
23 25 26 60 20 13 13
6 28 78 33 56 80 28
60 20 13 70 30 20 12
44 16 23 77 29 68 46
18 40 41 34 61 84 47
12 63 38 23 25 26 39
2 43 18 62 12 21 31
6 28 78 10 15 15 64
16 42 28 34 61 84 59
12 63 38 40 28 16 41
72 8 2 85 31 61 63
6 28 78 37 23 62 16
20 36 19 50 18 21 18
50 18 21 4 23 9 13
7 51 48 75 37 79 34
82 34 54 75 37 79 25
6 28 78 58 2 78 26
49 77 42 20 36 19 47
10 15 15 3 21 16 6
24 13 82 26 18 22 60
73 54 34 56 30 79 51
38 67 36 2 43 18 30
31 11 10 9 73 80 93
50 18 21 40 28 16 11
36 70 10 64 8 22 63
19 21 86 18 40 41 48
59 6 42 14 38 54 34
20 36 19 1 31 49 30
30 79 81 53 56 12 72
72 8 2 1 31 49 52
35 32 76 58 2 78 30
5 72 20 70 30 20 42
61 80 16 38 67 36 23
26 18 22 28 7 30 13
32 48 56 72 8 2 67
82 34 54 14 38 54 4
41 32 76 67 37 71 7
10 15 15 32 48 56 52
41 32 76 48 29 83 7
50 18 21 43 43 51 39
19 21 86 27 0 57 35
34 61 84 77 29 68 35
17 52 23 81 68 76 55
73 54 34 33 56 80 46
54 61 65 32 48 56 15
45 68 53 80 41 36 31
44 16 23 8 85 50 74
83 33 13 44 16 23 19
0 12 2 5 72 20 62
15 34 26 71 20 8 22
74 47 23 73 54 34 13
55 45 22 11 66 51 35
74 47 23 26 18 22 29
81 68 76 83 33 13 72
25 37 38 40 28 16 23
5 72 20 27 0 57 80
28 7 30 82 34 54 36
43 43 51 20 36 19 32
73 54 34 40 28 16 31
58 2 78 34 61 84 59
58 2 78 9 73 80 71
9 73 80 75 37 79 36
54 61 65 69 47 50 20
46 45 3 28 7 30 46
58 2 78 42 51 65 50
27 0 57 30 79 81 82
6 28 78 23 25 26 52
50 18 21 1 31 49 30
27 0 57 49 77 42 78
22 10 20 23 25 26 16
17 52 23 72 8 2 48
78 24 47 58 2 78 38
81 68 76 75 37 79 31
62 12 21 23 25 26 13
25 37 38 7 51 48 17
66 41 20 54 61 65 49
78 24 47 70 30 20 27
36 70 10 82 34 54 56
34 61 84 49 77 42 44
25 37 38 21 44 67 29
34 61 84 5 72 20 64
36 70 10 13 44 76 70
74 47 23 9 73 80 62
59 6 42 30 79 81 82
31 11 10 55 45 22 36
49 77 42 62 12 21 68
38 67 36 46 45 3 39
17 52 23 37 23 62 48
22 10 20 63 5 49 29
31 11 10 80 41 36 39
33 56 80 10 15 15 76
8 85 50 30 79 81 31
26 18 22 80 41 36 26
71 20 8 63 5 49 43
39 83 23 76 1 60 89
10 15 15 59 6 42 28
62 12 21 9 73 80 84
9 73 80 42 51 65 26
71 20 8 76 1 60 55
16 42 28 59 6 42 38
35 32 76 78 24 47 30
56 30 79 57 77 61 50
62 12 21 14 38 54 42
55 45 22 59 6 42 43
22 10 20 75 37 79 64
55 45 22 32 48 56 34
55 45 22 8 85 50 48
48 29 83 43 43 51 34
24 13 82 55 45 22 68
59 6 42 5 72 20 69
36 70 10 63 5 49 75
45 68 53 74 47 23 36
53 56 12 43 43 51 41
30 79 81 9 73 80 6
0 12 2 77 29 68 68
35 32 76 19 21 86 14
27 0 57 85 31 61 31
29 86 70 10 15 15 89
43 43 51 28 7 30 41
39 83 23 24 13 82 91
35 32 76 15 34 26 50
84 44 12 41 32 76 65
1 31 49 43 43 51 12
18 40 41 24 13 82 49
24 13 82 57 77 61 67
86 41 40 7 51 48 12
13 44 76 30 79 81 35
61 80 16 72 8 2 73
1 31 49 16 42 28 23
26 18 22 6 28 78 56
20 36 19 78 24 47 30
66 41 20 37 23 62 45
37 23 62 21 44 67 21
19 21 86 86 41 40 50
42 51 65 35 32 76 21
40 28 16 30 79 81 82
84 44 12 26 18 22 27
52 23 71 62 12 21 51
73 54 34 60 20 13 39
71 20 8 49 77 42 66
14 38 54 34 61 84 37
21 44 67 46 45 3 64
19 21 86 39 83 23 88
9 73 80 5 72 20 60
50 18 21 70 30 20 12
13 44 76 15 34 26 50
82 34 54 7 51 48 18
38 67 36 31 11 10 61
70 30 20 68 42 69 50
80 41 36 33 56 80 46
0 12 2 65 46 69 75
82 34 54 46 45 3 52
3 21 16 43 43 51 41
53 56 12 8 85 50 47
47 21 86 40 28 16 70
64 8 22 7 51 48 50
24 13 82 59 6 42 40
30 79 81 76 1 60 80
72 8 2 39 83 23 77
42 51 65 49 77 42 34
82 34 54 60 20 13 43
80 41 36 8 85 50 46
86 41 40 48 29 83 44
53 56 12 23 25 26 34
27 0 57 47 21 86 35
25 37 38 78 24 47 15
50 18 21 44 16 23 2
47 21 86 43 43 51 41
37 23 62 46 45 3 62
79 11 17 53 56 12 45
52 23 71 64 8 22 51
18 40 41 32 48 56 17
54 61 65 74 47 23 44
62 12 21 34 61 84 79
48 29 83 58 2 78 27
33 56 80 62 12 21 73
86 41 40 38 67 36 26
77 29 68 37 23 62 8
32 48 56 20 36 19 38
25 37 38 9 73 80 55
30 79 81 43 43 51 46
7 51 48 38 67 36 20
52 23 71 22 10 20 52
76 1 60 12 63 38 65
66 41 20 77 29 68 49
26 18 22 37 23 62 40
66 41 20 23 25 26 17
78 24 47 43 43 51 19
57 77 61 32 48 56 29
66 41 20 86 41 40 20
66 41 20 67 37 71 51
14 38 54 37 23 62 17
46 45 3 45 68 53 55
66 41 20 6 28 78 59
42 51 65 26 18 22 54
66 41 20 17 52 23 11
82 34 54 23 25 26 29
75 37 79 58 2 78 35
42 51 65 7 51 48 17
34 61 84 26 18 22 75
35 32 76 64 8 22 59
57 77 61 63 5 49 72
85 31 61 5 72 20 57
28 7 30 40 28 16 25
83 33 13 27 0 57 55
57 77 61 80 41 36 43
50 18 21 80 41 36 27
18 40 41 52 23 71 34
6 28 78 18 40 41 38
67 37 71 71 20 8 65
51 54 9 49 77 42 40
67 37 71 68 42 69 5
64 8 22 1 31 49 35
38 67 36 11 66 51 15
21 44 67 57 77 61 33
35 32 76 16 42 28 49
37 23 62 72 8 2 61
19 21 86 21 44 67 29
65 46 69 25 37 38 32
52 23 71 63 5 49 28
17 52 23 41 32 76 56
63 5 49 66 41 20 46
35 32 76 55 45 22 55
45 68 53 13 44 76 33
84 44 12 63 5 49 53
45 68 53 11 66 51 2
35 32 76 18 40 41 35
1 31 49 84 44 12 39
44 16 23 16 42 28 26
13 44 76 14 38 54 22
86 41 40 18 40 41 1
30 79 81 63 5 49 80
65 46 69 36 70 10 63
81 68 76 24 13 82 55
41 32 76 31 11 10 69
68 42 69 49 77 42 44
31 11 10 69 47 50 53
80 41 36 11 66 51 29
46 45 3 62 12 21 37
27 0 57 2 43 18 58
55 45 22 18 40 41 19
26 18 22 71 20 8 14
27 0 57 41 32 76 37
29 86 70 86 41 40 54
5 72 20 57 77 61 41
70 30 20 12 63 38 37
28 7 30 51 54 9 51
77 29 68 11 66 51 40
1 31 49 49 77 42 46
47 21 86 63 5 49 40
38 67 36 79 11 17 59
80 41 36 15 34 26 12
35 32 76 62 12 21 58
78 24 47 9 73 80 59
9 73 80 68 42 69 32
77 29 68 70 30 20 48
26 18 22 65 46 69 54
27 0 57 29 86 70 86
41 32 76 42 51 65 21
65 46 69 40 28 16 55
20 36 19 36 70 10 35
63 5 49 27 0 57 9
9 73 80 80 41 36 54
69 47 50 59 6 42 41
72 8 2 82 34 54 58
40 28 16 35 32 76 60
25 37 38 47 21 86 50
64 8 22 55 45 22 37
25 37 38 1 31 49 12
21 44 67 23 25 26 45
80 41 36 16 42 28 8
36 70 10 85 31 61 64
13 44 76 7 51 48 28
3 21 16 48 29 83 67
3 21 16 32 48 56 48
28 7 30 27 0 57 27
21 44 67 34 61 84 24
13 44 76 22 10 20 65
18 40 41 29 86 70 54
61 80 16 47 21 86 91
86 41 40 78 24 47 18
35 32 76 61 80 16 76
25 37 38 64 8 22 33
10 15 15 46 45 3 32
73 54 34 3 21 16 37
55 45 22 79 11 17 34
32 48 56 8 85 50 37
26 18 22 21 44 67 51
73 54 34 14 38 54 25
24 13 82 54 61 65 50
24 13 82 86 41 40 50
2 43 18 80 41 36 18
0 12 2 29 86 70 100
23 25 26 51 54 9 33
81 68 76 71 20 8 83
25 37 38 4 23 9 32
65 46 69 5 72 20 55
28 7 30 61 80 16 74
42 51 65 53 56 12 53
84 44 12 12 63 38 32
59 6 42 31 11 10 32
4 23 9 0 12 2 13
65 46 69 43 43 51 18
51 54 9 52 23 71 69
73 54 34 85 31 61 35
33 56 80 82 34 54 34
19 21 86 8 85 50 73
59 6 42 64 8 22 20
59 6 42 80 41 36 35
49 77 42 81 68 76 35
23 25 26 57 77 61 62
26 18 22 39 83 23 65
43 43 51 60 20 13 44
42 51 65 52 23 71 28
23 25 26 55 45 22 20
78 24 47 16 42 28 26
85 31 61 13 44 76 19
22 10 20 36 70 10 60
23 25 26 47 21 86 60
66 41 20 49 77 42 42
76 1 60 47 21 86 32
85 31 61 77 29 68 7
63 5 49 6 28 78 37
78 24 47 42 51 65 32
82 34 54 63 5 49 29
81 68 76 42 51 65 20
84 44 12 72 8 2 37
37 23 62 81 68 76 47
29 86 70 44 16 23 84
81 68 76 84 44 12 68
65 46 69 79 11 17 62
80 41 36 63 5 49 38
44 16 23 23 25 26 9
37 23 62 61 80 16 73
15 34 26 24 13 82 59
55 45 22 84 44 12 10
82 34 54 48 29 83 29
24 13 82 5 72 20 85
84 44 12 51 54 9 10
50 18 21 76 1 60 42
43 43 51 21 44 67 16
39 83 23 15 34 26 49
52 23 71 1 31 49 23
4 23 9 27 0 57 53
19 21 86 4 23 9 77
65 46 69 48 29 83 22
24 13 82 13 44 76 31
34 61 84 50 18 21 76
37 23 62 55 45 22 45
12 63 38 5 72 20 20
53 56 12 55 45 22 14
61 80 16 3 21 16 59
33 56 80 35 32 76 24
41 32 76 53 56 12 68
79 11 17 84 44 12 33
15 34 26 41 32 76 50
40 28 16 9 73 80 78
72 8 2 57 77 61 90
9 73 80 39 83 23 57
21 44 67 36 70 10 62
24 13 82 62 12 21 61
32 48 56 5 72 20 43
20 36 19 17 52 23 16
57 77 61 37 23 62 54
61 80 16 58 2 78 99
54 61 65 77 29 68 32
46 45 3 19 21 86 86
70 30 20 9 73 80 73
44 16 23 24 13 82 59
10 15 15 86 41 40 36
47 21 86 42 51 65 36
22 10 20 32 48 56 52
77 29 68 8 85 50 58
69 47 50 51 54 9 41
32 48 56 52 23 71 29
69 47 50 49 77 42 31
84 44 12 76 1 60 64
48 29 83 76 1 60 36
27 0 57 75 37 79 43
13 44 76 0 12 2 80
22 10 20 79 11 17 3
36 70 10 51 54 9 16
83 33 13 59 6 42 39
73 54 34 78 24 47 32
53 56 12 26 18 22 39
16 42 28 33 56 80 53
40 28 16 21 44 67 53
74 47 23 30 79 81 66
67 37 71 79 11 17 59
40 28 16 57 77 61 66
32 48 56 42 51 65 9
3 21 16 47 21 86 70
11 66 51 79 11 17 64
6 28 78 19 21 86 10
70 30 20 82 34 54 34
28 7 30 35 32 76 52
31 11 10 7 51 48 55
81 68 76 18 40 41 44
16 42 28 49 77 42 37
64 8 22 32 48 56 52
30 79 81 24 13 82 66
32 48 56 9 73 80 34
33 56 80 27 0 57 60
53 56 12 81 68 76 65
13 44 76 52 23 71 21
42 51 65 23 25 26 46
77 29 68 64 8 22 50
64 8 22 12 63 38 57
42 51 65 60 20 13 60
43 43 51 40 28 16 38
84 44 12 32 48 56 44
1 31 49 10 15 15 37
2 43 18 11 66 51 40
12 63 38 3 21 16 47
84 44 12 30 79 81 77
15 34 26 27 0 57 46
76 1 60 8 85 50 84
26 18 22 46 45 3 33
58 2 78 51 54 9 86
58 2 78 44 16 23 56
66 41 20 43 43 51 31
68 42 69 35 32 76 12
9 73 80 63 5 49 74
54 61 65 45 68 53 13
64 8 22 58 2 78 56
46 45 3 79 11 17 36
60 20 13 18 40 41 34
37 23 62 51 54 9 61
47 21 86 1 31 49 38
66 41 20 74 47 23 6
36 70 10 34 61 84 74
42 51 65 13 44 76 13
81 68 76 64 8 22 80
80 41 36 35 32 76 41
3 21 16 84 44 12 23
0 12 2 32 48 56 64
27 0 57 34 61 84 66
76 1 60 4 23 9 55
47 21 86 49 77 42 71
75 37 79 46 45 3 76
14 38 54 77 29 68 16
3 21 16 1 31 49 34
30 79 81 79 11 17 93
36 70 10 1 31 49 55
4 23 9 85 31 61 52
24 13 82 65 46 69 35
54 61 65 38 67 36 29
53 56 12 56 30 79 71
53 56 12 20 36 19 21
60 20 13 55 45 22 26
3 21 16 34 61 84 78
48 29 83 11 66 51 48
11 66 51 3 21 16 57
62 12 21 81 68 76 78
53 56 12 37 23 62 59
16 42 28 28 7 30 35
7 51 48 80 41 36 15
67 37 71 4 23 9 63
84 44 12 48 29 83 72
15 34 26 37 23 62 37
0 12 2 60 20 13 13
71 20 8 20 36 19 19
37 23 62 64 8 22 42
15 34 26 74 47 23 13
0 12 2 79 11 17 15
58 2 78 68 42 69 41
78 24 47 64 8 22 29
43 43 51 17 52 23 29
37 23 62 16 42 28 38
50 18 21 23 25 26 8
68 42 69 3 21 16 57
29 86 70 17 52 23 58
3 21 16 25 37 38 27
68 42 69 25 37 38 31
14 38 54 85 31 61 9
43 43 51 64 8 22 45
21 44 67 63 5 49 42
0 12 2 54 61 65 79
76 1 60 14 38 54 37
70 30 20 19 21 86 66
65 46 69 68 42 69 4
86 41 40 57 77 61 41
82 34 54 37 23 62 13
28 7 30 38 67 36 60
66 41 20 82 34 54 34
86 41 40 28 7 30 35
12 63 38 0 12 2 62
41 32 76 13 44 76 12
1 31 49 24 13 82 37
42 51 65 51 54 9 56
2 43 18 54 61 65 50
84 44 12 64 8 22 37
60 20 13 68 42 69 60
67 37 71 26 18 22 52
19 21 86 67 37 71 21
46 45 3 66 41 20 17
16 42 28 81 68 76 54
40 28 16 68 42 69 54
50 18 21 60 20 13 8
60 20 13 16 42 28 26
31 11 10 78 24 47 39
83 33 13 54 61 65 59
38 67 36 47 21 86 67
33 56 80 63 5 49 59
70 30 20 46 45 3 22
64 8 22 61 80 16 72
80 41 36 46 45 3 33
2 43 18 18 40 41 23
75 37 79 20 36 19 60
77 29 68 80 41 36 34
10 15 15 77 29 68 54
71 20 8 68 42 69 64
75 37 79 24 13 82 24
49 77 42 30 79 81 39
29 86 70 81 68 76 18
13 44 76 77 29 68 17
73 54 34 22 10 20 46
3 21 16 75 37 79 65
43 43 51 23 25 26 30
50 18 21 47 21 86 65
42 51 65 56 30 79 25
83 33 13 82 34 54 41
68 42 69 52 23 71 19
21 44 67 20 36 19 48
28 7 30 8 85 50 80
25 37 38 58 2 78 53
27 0 57 39 83 23 89
24 13 82 78 24 47 36
0 12 2 17 52 23 45
72 8 2 86 41 40 50
17 52 23 78 24 47 36
5 72 20 41 32 76 68
9 73 80 65 46 69 29
4 23 9 11 66 51 60
63 5 49 78 24 47 19
61 80 16 17 52 23 28
36 70 10 29 86 70 62
43 43 51 6 28 78 30
61 80 16 48 29 83 84
65 46 69 83 33 13 57
70 30 20 47 21 86 66
17 52 23 74 47 23 5
45 68 53 60 20 13 62
26 18 22 69 47 50 40
28 7 30 57 77 61 76
19 21 86 68 42 69 27
31 11 10 60 20 13 9
25 37 38 62 12 21 30
34 61 84 45 68 53 31
23 25 26 71 20 8 18
24 13 82 79 11 17 65
81 68 76 34 61 84 10
10 15 15 8 85 50 78
63 5 49 5 72 20 73
67 37 71 63 5 49 38
66 41 20 30 79 81 71
45 68 53 64 8 22 67
49 77 42 79 11 17 70
51 54 9 68 42 69 61
68 42 69 33 56 80 17
60 20 13 40 28 16 8
46 45 3 13 44 76 73
75 37 79 80 41 36 43
82 34 54 29 86 70 54
82 34 54 81 68 76 40
22 10 20 78 24 47 30
35 32 76 75 37 79 5
34 61 84 51 54 9 75
53 56 12 47 21 86 81
46 45 3 7 51 48 45
38 67 36 49 77 42 11
4 23 9 8 85 50 74
83 33 13 79 11 17 22
19 21 86 1 31 49 38
39 83 23 32 48 56 48
70 30 20 62 12 21 18
41 32 76 54 61 65 31
1 31 49 46 45 3 48
59 6 42 39 83 23 79
31 11 10 70 30 20 21
39 83 23 75 37 79 72
7 51 48 20 36 19 32
17 52 23 51 54 9 14
63 5 49 55 45 22 48
77 29 68 78 24 47 21
67 37 71 6 28 78 11
85 31 61 15 34 26 35
70 30 20 44 16 23 14
51 54 9 78 24 47 48
57 77 61 44 16 23 71
71 20 8 6 28 78 70
8 85 50 46 45 3 61
19 21 86 13 44 76 25
54 61 65 27 0 57 61
16 42 28 8 85 50 48
69 47 50 48 29 83 37
2 43 18 33 56 80 63
70 30 20 43 43 51 33
41 32 76 51 54 9 70
23 25 26 11 66 51 48
68 42 69 79 11 17 60
3 21 16 42 51 65 57
79 11 17 50 18 21 8
72 8 2 58 2 78 76
73 54 34 0 12 2 52
10 15 15 2 43 18 28
49 77 42 22 10 20 70
32 48 56 65 46 69 13
82 34 54 15 34 26 28
57 77 61 66 41 20 54
23 25 26 83 33 13 15
47 21 86 5 72 20 83
57 77 61 0 12 2 87
9 73 80 38 67 36 44
76 1 60 54 61 65 60
69 47 50 85 31 61 19
70 30 20 57 77 61 62
26 18 22 75 37 79 60
77 29 68 86 41 40 30
54 61 65 35 32 76 31
48 29 83 37 23 62 21
32 48 56 23 25 26 37
36 70 10 37 23 62 70
68 42 69 26 18 22 52
65 46 69 2 43 18 51
19 21 86 62 12 21 65
63 5 49 81 68 76 68
38 67 36 39 83 23 20
81 68 76 28 7 30 76
48 29 83 54 61 65 36
47 21 86 6 28 78 10
32 48 56 67 37 71 18
48 29 83 60 20 13 70
17 52 23 38 67 36 19
1 31 49 83 33 13 36
39 83 23 13 44 76 65
55 45 22 45 68 53 38
16 42 28 12 63 38 23
21 44 67 70 30 20 49
70 30 20 2 43 18 13
14 38 54 65 46 69 17
6 28 78 44 16 23 56
69 47 50 11 66 51 19
55 45 22 1 31 49 30
75 37 79 85 31 61 18
51 54 9 27 0 57 72
66 41 20 59 6 42 41
84 44 12 60 20 13 24
55 45 22 38 67 36 26
85 31 61 84 44 12 50
31 11 10 62 12 21 11
51 54 9 53 56 12 3
30 79 81 86 41 40 55
12 63 38 83 33 13 39
46 45 3 76 1 60 72
62 12 21 40 28 16 16
44 16 23 30 79 81 85
10 15 15 65 46 69 62
7 51 48 24 13 82 50
72 8 2 6 28 78 78
61 80 16 46 45 3 37
29 86 70 20 36 19 71
78 24 47 55 45 22 32
51 54 9 4 23 9 31
69 47 50 9 73 80 39
79 11 17 77 29 68 54
57 77 61 85 31 61 46
25 37 38 0 12 2 43
73 54 34 68 42 69 37
13 44 76 55 45 22 54
53 56 12 24 13 82 82
62 12 21 6 28 78 59
74 47 23 20 36 19 11
61 80 16 78 24 47 64
6 28 78 83 33 13 65
54 61 65 8 85 50 28
9 73 80 79 11 17 88
63 5 49 45 68 53 63
39 83 23 58 2 78 97
81 68 76 47 21 86 48
50 18 21 68 42 69 53
21 44 67 83 33 13 55
56 30 79 18 40 41 39
58 2 78 80 41 36 57
22 10 20 30 79 81 92
85 31 61 64 8 22 45
21 44 67 52 23 71 21
19 21 86 37 23 62 24
82 34 54 52 23 71 20
8 85 50 75 37 79 56
65 46 69 16 42 28 41
47 21 86 22 10 20 66
46 45 3 41 32 76 74
78 24 47 84 44 12 40
82 34 54 19 21 86 34
53 56 12 27 0 57 71
18 40 41 13 44 76 35
20 36 19 11 66 51 43
58 2 78 46 45 3 86
75 37 79 69 47 50 30
4 23 9 68 42 69 62
65 46 69 52 23 71 23
37 23 62 34 61 84 43
8 85 50 49 77 42 11
14 38 54 25 37 38 16
35 32 76 6 28 78 4
46 45 3 86 41 40 37
9 73 80 72 8 2 101
56 30 79 37 23 62 18
27 0 57 78 24 47 26
20 36 19 64 8 22 28
70 30 20 40 28 16 4
78 24 47 1 31 49 7
33 56 80 44 16 23 69
74 47 23 11 66 51 33
10 15 15 68 42 69 60
67 37 71 13 44 76 8
4 23 9 23 25 26 17
26 18 22 7 51 48 42
6 28 78 53 56 12 71
75 37 79 84 44 12 67
76 1 60 49 77 42 78
21 44 67 74 47 23 44
23 25 26 17 52 23 27
21 44 67 78 24 47 28
83 33 13 71 20 8 13
71 20 8 55 45 22 28
63 5 49 10 15 15 35
83 33 13 30 79 81 82
44 16 23 68 42 69 52
72 8 2 41 32 76 77
43 43 51 81 68 76 35
0 12 2 61 80 16 69
63 5 49 65 46 69 45
3 21 16 81 68 76 76
83 33 13 62 12 21 22
68 42 69 38 67 36 41
7 51 48 43 43 51 8
24 13 82 10 15 15 67
38 67 36 80 41 36 26
36 70 10 39 83 23 18
17 52 23 39 83 23 31
10 15 15 81 68 76 80
58 2 78 73 54 34 68
2 43 18 12 63 38 28
0 12 2 68 42 69 73
67 37 71 42 51 65 15
29 86 70 22 10 20 90
66 41 20 58 2 78 69
16 42 28 30 79 81 64
40 28 16 74 47 23 20
84 44 12 71 20 8 24
55 45 22 62 12 21 33
79 11 17 66 41 20 30
7 51 48 47 21 86 48
31 11 10 29 86 70 96
17 52 23 73 54 34 11
48 29 83 79 11 17 68
81 68 76 23 25 26 65
45 68 53 25 37 38 34
49 77 42 41 32 76 56
6 28 78 32 48 56 29
74 47 23 23 25 26 22
43 43 51 83 33 13 39
49 77 42 3 21 16 61
86 41 40 34 61 84 48
86 41 40 49 77 42 36
32 48 56 78 24 47 25
71 20 8 56 30 79 71
9 73 80 54 61 65 19
79 11 17 70 30 20 19
46 45 3 16 42 28 25
80 41 36 36 70 10 38
72 8 2 5 72 20 66
54 61 65 42 51 65 10
9 73 80 73 54 34 49
63 5 49 48 29 83 41
68 42 69 81 68 76 26
6 28 78 38 67 36 57
16 42 28 6 28 78 51
26 18 22 62 12 21 6
59 6 42 47 21 86 46
43 43 51 34 61 84 37
18 40 41 46 45 3 38
58 2 78 54 61 65 60
73 54 34 83 33 13 29
12 63 38 78 24 47 40
81 68 76 74 47 23 57
78 24 47 28 7 30 24
72 8 2 79 11 17 15
38 67 36 53 56 12 26
2 43 18 8 85 50 52
24 13 82 20 36 19 67
75 37 79 70 30 20 59
11 66 51 12 63 38 13
31 11 10 33 56 80 83
62 12 21 10 15 15 6
62 12 21 77 29 68 49
27 0 57 3 21 16 46
72 8 2 18 40 41 50
1 31 49 48 29 83 34
19 21 86 51 54 9 83
9 73 80 86 41 40 51
41 32 76 55 45 22 55
60 20 13 63 5 49 39
52 23 71 31 11 10 62
35 32 76 65 46 69 15
30 79 81 35 32 76 47
0 12 2 47 21 86 84
62 12 21 51 54 9 43
2 43 18 44 16 23 27
25 37 38 30 79 81 60
36 70 10 68 42 69 65
64 8 22 82 34 54 41
5 72 20 52 23 71 70
58 2 78 74 47 23 71
14 38 54 46 45 3 51
40 28 16 42 51 65 54
69 47 50 70 30 20 34
19 21 86 44 16 23 63
79 11 17 69 47 50 48
64 8 22 15 34 26 26
36 70 10 73 54 34 28
35 32 76 26 18 22 55
62 12 21 84 44 12 33
22 10 20 84 44 12 34
79 11 17 33 56 80 77
27 0 57 26 18 22 39
80 41 36 70 30 20 19
18 40 41 75 37 79 38
44 16 23 62 12 21 4
25 37 38 23 25 26 16
52 23 71 7 51 48 36
24 13 82 82 34 54 35
77 29 68 23 25 26 42
43 43 51 73 54 34 20
72 8 2 42 51 65 76
47 21 86 2 43 18 71
63 5 49 2 43 18 49
46 45 3 25 37 38 35
78 24 47 8 85 50 61
68 42 69 42 51 65 9
18 40 41 43 43 51 10
64 8 22 47 21 86 65
78 24 47 57 77 61 54
84 44 12 82 34 54 43
25 37 38 82 34 54 16
7 51 48 63 5 49 46
54 61 65 18 40 41 31
15 34 26 16 42 28 8
31 11 10 5 72 20 61
43 43 51 61 80 16 50
45 68 53 44 16 23 60
73 54 34 16 42 28 13
51 54 9 29 86 70 68
11 66 51 25 37 38 31
33 56 80 23 25 26 62
68 42 69 7 51 48 22
85 31 61 8 85 50 55
18 40 41 10 15 15 36
85 31 61 9 73 80 46
46 45 3 54 61 65 64
57 77 61 67 37 71 41
61 80 16 85 31 61 66
60 20 13 46 45 3 26
65 46 69 21 44 67 2
51 54 9 7 51 48 39
2 43 18 36 70 10 28
1 31 49 76 1 60 31
39 83 23 63 5 49 82
28 7 30 77 29 68 43
84 44 12 58 2 78 78
85 31 61 63 5 49 28
14 38 54 6 28 78 26
24 13 82 43 43 51 43
79 11 17 4 23 9 14
20 36 19 59 6 42 37
45 68 53 67 37 71 35
31 11 10 64 8 22 12
23 25 26 85 31 61 35
81 68 76 85 31 61 39
0 12 2 7 51 48 60
12 63 38 62 12 21 53
5 72 20 40 28 16 44
43 43 51 51 54 9 43
16 42 28 68 42 69 41
85 31 61 22 10 20 46
47 21 86 4 23 9 77
38 67 36 85 31 61 43
71 20 8 64 8 22 18
29 86 70 34 61 84 28
2 43 18 42 51 65 47
55 45 22 44 16 23 29
71 20 8 40 28 16 11
57 77 61 11 66 51 14
40 28 16 3 21 16 7
32 48 56 25 37 38 21
23 25 26 30 79 81 77
7 51 48 16 42 28 21
63 5 49 68 42 69 42
56 30 79 49 77 42 59
58 2 78 27 0 57 21
31 11 10 46 45 3 34
5 72 20 75 37 79 68
85 31 61 18 40 41 21
12 63 38 32 48 56 23
68 42 69 34 61 84 24
26 18 22 45 68 53 58
53 56 12 83 33 13 23
11 66 51 67 37 71 35
74 47 23 14 38 54 32
76 1 60 9 73 80 74
42 51 65 28 7 30 56
63 5 49 4 23 9 43
14 38 54 0 12 2 58
4 23 9 77 29 68 59
75 37 79 32 48 56 25
61 80 16 26 18 22 62
58 2 78 31 11 10 68
1 31 49 58 2 78 41
41 32 76 80 41 36 41
26 18 22 14 38 54 37
17 52 23 27 0 57 62
42 51 65 38 67 36 33
7 51 48 35 32 76 33
71 20 8 45 68 53 65
34 61 84 72 8 2 97
45 68 53 33 56 80 29
58 2 78 18 40 41 53
46 45 3 68 42 69 66
38 67 36 21 44 67 38
7 51 48 83 33 13 39
51 54 9 75 37 79 72
8 85 50 37 23 62 63
32 48 56 76 1 60 47
85 31 61 35 32 76 15
49 77 42 18 40 41 37
79 11 17 14 38 54 45
73 54 34 27 0 57 58
75 37 79 61 80 16 76
11 66 51 5 72 20 31
41 32 76 11 66 51 42
21 44 67 28 7 30 52
13 44 76 31 11 10 73
27 0 57 36 70 10 84
6 28 78 15 34 26 52
45 68 53 27 0 57 68
3 21 16 53 56 12 35
50 18 21 49 77 42 62
4 23 9 7 51 48 48
21 44 67 82 34 54 16
30 79 81 18 40 41 55
5 72 20 50 18 21 54
19 21 86 30 79 81 58
28 7 30 13 44 76 59
55 45 22 26 18 22 27
35 32 76 23 25 26 50
69 47 50 7 51 48 4
57 77 61 27 0 57 77
39 83 23 18 40 41 46
65 46 69 60 20 13 61
8 85 50 86 41 40 45
20 36 19 73 54 34 23
21 44 67 55 45 22 45
52 23 71 20 36 19 53
55 45 22 73 54 34 15
74 47 23 72 8 2 44
3 21 16 86 41 40 31
24 13 82 74 47 23 68
59 6 42 25 37 38 31
23 25 26 13 44 76 53
58 2 78 71 20 8 72
42 51 65 14 38 54 17
7 51 48 30 79 81 43
58 2 78 85 31 61 33
68 42 69 83 33 13 56
78 24 47 26 18 22 25
14 38 54 47 21 86 36
52 23 71 85 31 61 12
31 11 10 30 79 81 98
0 12 2 72 8 2 4
2 43 18 81 68 76 63
54 61 65 7 51 48 19
69 47 50 83 33 13 39
16 42 28 62 12 21 30
57 77 61 14 38 54 39
37 23 62 44 16 23 39
3 21 16 80 41 36 28
38 67 36 76 1 60 70
15 34 26 7 51 48 27
14 38 54 29 86 70 50
1 31 49 11 66 51 35
53 56 12 75 37 79 69
4 23 9 2 43 18 21
53 56 12 45 68 53 42
8 85 50 61 80 16 34
11 66 51 50 18 21 56
75 37 79 63 5 49 43
82 34 54 44 16 23 35
28 7 30 37 23 62 35
83 33 13 29 86 70 77
65 46 69 86 41 40 29
72 8 2 64 8 22 20
41 32 76 10 15 15 63
67 37 71 64 8 22 56
9 73 80 56 30 79 43
77 29 68 40 28 16 52
17 52 23 26 18 22 34
71 20 8 13 44 76 72
21 44 67 12 63 38 34
30 79 81 73 54 34 53
51 54 9 76 1 60 73
71 20 8 31 11 10 9
11 66 51 66 41 20 39
84 44 12 53 56 12 12
81 68 76 55 45 22 58
38 67 36 13 44 76 46
19 21 86 17 52 23 70
9 73 80 14 38 54 43
80 41 36 69 47 50 15
14 38 54 54 61 65 25
29 86 70 42 51 65 35
58 2 78 20 36 19 68
7 51 48 11 66 51 15
52 23 71 45 68 53 48
46 45 3 42 51 65 62
44 16 23 34 61 84 75
4 23 9 12 63 38 49
57 77 61 83 33 13 65
54 61 65 64 8 22 68
59 6 42 2 43 18 44
36 70 10 33 56 80 71
36 70 10 84 44 12 26
49 77 42 46 45 3 50
70 30 20 17 52 23 22
76 1 60 29 86 70 85
30 79 81 58 2 78 77
77 29 68 48 29 83 15
32 48 56 19 21 86 40
49 77 42 54 61 65 28
5 72 20 37 23 62 64
14 38 54 21 44 67 14
36 70 10 30 79 81 71
46 45 3 63 5 49 60
52 23 71 2 43 18 56
57 77 61 69 47 50 31
55 45 22 39 83 23 38
40 28 16 78 24 47 31
68 42 69 80 41 36 33
32 48 56 85 31 61 17
53 56 12 60 20 13 36
61 80 16 33 56 80 68
10 15 15 21 44 67 59
7 51 48 5 72 20 35
19 21 86 83 33 13 73
66 41 20 61 80 16 39
34 61 84 1 31 49 46
4 23 9 36 70 10 47
46 45 3 20 36 19 18
51 54 9 55 45 22 15
65 46 69 39 83 23 59
17 52 23 45 68 53 34
1 31 49 17 52 23 33
44 16 23 65 46 69 54
10 15 15 40 28 16 13
30 79 81 46 45 3 85
48 29 83 12 63 38 56
85 31 61 19 21 86 26
58 2 78 86 41 40 54
28 7 30 45 68 53 65
62 12 21 8 85 50 78
58 2 78 67 37 71 35
64 8 22 10 15 15 9
46 45 3 12 63 38 39
35 32 76 46 45 3 74
75 37 79 66 41 20 59
35 32 76 81 68 76 36
0 12 2 69 47 50 59
32 48 56 73 54 34 22
52 23 71 25 37 38 35
14 38 54 50 18 21 38
35 32 76 41 32 76 0
73 54 34 8 85 50 34
17 52 23 32 48 56 33
45 68 53 70 30 20 50
47 21 86 78 24 47 39
35 32 76 79 11 17 62
1 31 49 29 86 70 58
71 20 8 72 8 2 13
59 6 42 44 16 23 21
52 23 71 71 20 8 63
13 44 76 56 30 79 14
28 7 30 3 21 16 19
55 45 22 25 37 38 17
58 2 78 5 72 20 90
48 29 83 10 15 15 69
6 28 78 31 11 10 70
30 79 81 50 18 21 85
33 56 80 48 29 83 27
70 30 20 61 80 16 50
4 23 9 82 34 54 46
30 79 81 47 21 86 58
57 77 61 59 6 42 73
21 44 67 44 16 23 52
45 68 53 10 15 15 65
24 13 82 34 61 84 48
85 31 61 80 41 36 26
49 77 42 73 54 34 24
4 23 9 80 41 36 32
31 11 10 36 70 10 59
13 44 76 50 18 21 60
54 61 65 12 63 38 27
38 67 36 5 72 20 16
35 32 76 43 43 51 27
23 25 26 67 37 71 46
59 6 42 76 1 60 18
40 28 16 39 83 23 55
81 68 76 57 77 61 17
7 51 48 39 83 23 40
35 32 76 2 43 18 59
38 67 36 77 29 68 49
78 24 47 48 29 83 36
20 36 19 37 23 62 44
24 13 82 12 63 38 66
22 10 20 62 12 21 2
71 20 8 38 67 36 54
4 23 9 35 32 76 67
15 34 26 57 77 61 55
10 15 15 27 0 57 44
15 34 26 76 1 60 47
6 28 78 1 31 49 29
56 30 79 40 28 16 63
47 21 86 46 45 3 86
49 77 42 25 37 38 40
5 72 20 30 79 81 61
29 86 70 8 85 50 20
39 83 23 64 8 22 75
12 63 38 61 80 16 27
70 30 20 27 0 57 47
37 23 62 60 20 13 49
69 47 50 13 44 76 26
27 0 57 65 46 69 47
64 8 22 70 30 20 22
25 37 38 16 42 28 11
47 21 86 10 15 15 71
84 44 12 47 21 86 77
21 44 67 69 47 50 17
77 29 68 17 52 23 50
84 44 12 67 37 71 59
30 79 81 85 31 61 52
35 32 76 45 68 53 42
0 12 2 37 23 62 61
68 42 69 69 47 50 19
4 23 9 1 31 49 40
39 83 23 69 47 50 45
44 16 23 12 63 38 49
8 85 50 56 30 79 62
31 11 10 83 33 13 22
32 48 56 26 18 22 45
36 70 10 58 2 78 96
1 31 49 13 44 76 29
61 80 16 21 44 67 62
53 56 12 73 54 34 22
79 11 17 13 44 76 67
24 13 82 19 21 86 8
59 6 42 46 45 3 55
62 12 21 32 48 56 50
15 34 26 43 43 51 26
69 47 50 77 29 68 25
52 23 71 39 83 23 76
34 61 84 31 11 10 89
76 1 60 52 23 71 24
41 32 76 12 63 38 49
84 44 12 65 46 69 57
58 2 78 8 85 50 87
72 8 2 67 37 71 74
73 54 34 84 44 12 24
58 2 78 33 56 80 54
76 1 60 36 70 10 85
31 11 10 43 43 51 52
83 33 13 77 29 68 55
6 28 78 12 63 38 53
54 61 65 71 20 8 70
29 86 70 41 32 76 54
51 54 9 80 41 36 29
51 54 9 74 47 23 15
37 23 62 45 68 53 45
66 41 20 16 42 28 8
74 47 23 86 41 40 18
4 23 9 26 18 22 13
53 56 12 82 34 54 47
74 47 23 77 29 68 48
82 34 54 51 54 9 49
78 24 47 53 56 12 47
61 80 16 63 5 49 81
18 40 41 48 29 83 43
25 37 38 42 51 65 30
58 2 78 19 21 86 20
50 18 21 19 21 86 65
36 70 10 7 51 48 42
23 25 26 48 29 83 57
28 7 30 76 1 60 30
74 47 23 52 23 71 53
43 43 51 39 83 23 48
29 86 70 59 6 42 84
16 42 28 29 86 70 60
75 37 79 64 8 22 63
55 45 22 30 79 81 68
62 12 21 13 44 76 63
15 34 26 40 28 16 11
22 10 20 24 13 82 62
12 63 38 20 36 19 33
51 54 9 31 11 10 43
45 68 53 16 42 28 36
47 21 86 32 48 56 40
14 38 54 63 5 49 33
33 56 80 56 30 79 26
44 16 23 71 20 8 15
72 8 2 25 37 38 46
7 51 48 67 37 71 26
69 47 50 67 37 71 23
34 61 84 19 21 86 40
36 70 10 46 45 3 25
49 77 42 29 86 70 29
28 7 30 52 23 71 44
20 36 19 61 80 16 44
30 79 81 12 63 38 45
0 12 2 30 79 81 103
41 32 76 61 80 16 76
29 86 70 25 37 38 58
27 0 57 14 38 54 38
44 16 23 11 66 51 57
41 32 76 25 37 38 38
50 18 21 74 47 23 29
71 20 8 21 44 67 63
32 48 56 48 29 83 33
31 11 10 32 48 56 59
76 1 60 58 2 78 18
56 30 79 23 25 26 53
45 68 53 23 25 26 50
54 61 65 52 23 71 38
77 29 68 61 80 16 72
84 44 12 86 41 40 28
70 30 20 48 29 83 63
56 30 79 70 30 20 59
9 73 80 34 61 84 12
16 42 28 19 21 86 61
33 56 80 60 20 13 76
12 63 38 57 77 61 26
56 30 79 4 23 9 70
3 21 16 31 11 10 11
72 8 2 10 15 15 14
69 47 50 23 25 26 32
15 34 26 72 8 2 35
52 23 71 57 77 61 54
8 85 50 26 18 22 72
66 41 20 3 21 16 20
13 44 76 10 15 15 67
2 43 18 68 42 69 51
21 44 67 77 29 68 15
56 30 79 64 8 22 61
78 24 47 60 20 13 34
67 37 71 0 12 2 73
74 47 23 71 20 8 30
77 29 68 5 72 20 64
86 41 40 82 34 54 15
0 12 2 64 8 22 20
25 37 38 17 52 23 21
40 28 16 16 42 28 18
1 31 49 69 47 50 16
43 43 51 67 37 71 20
61 80 16 60 20 13 60
26 18 22 58 2 78 58
42 51 65 19 21 86 36
28 7 30 24 13 82 52
74 47 23 16 42 28 7
9 73 80 48 29 83 44
33 56 80 9 73 80 17
52 23 71 3 21 16 55
85 31 61 66 41 20 42
26 18 22 3 21 16 6
73 54 34 12 63 38 9
37 23 62 85 31 61 8
81 68 76 50 18 21 74
0 12 2 84 44 12 33
22 10 20 17 52 23 42
78 24 47 37 23 62 15
66 41 20 13 44 76 56
41 32 76 82 34 54 22
23 25 26 40 28 16 10
4 23 9 72 8 2 16
15 34 26 26 18 22 16
15 34 26 22 10 20 24
8 85 50 41 32 76 59
27 0 57 9 73 80 76
38 67 36 40 28 16 43
56 30 79 47 21 86 11
36 70 10 74 47 23 26
53 56 12 35 32 76 68
32 48 56 38 67 36 27
40 28 16 61 80 16 52
35 32 76 77 29 68 8
32 48 56 66 41 20 36
18 40 41 3 21 16 31
18 40 41 47 21 86 48
2 43 18 20 36 19 7
6 28 78 5 72 20 72
81 68 76 58 2 78 66
26 18 22 52 23 71 49
45 68 53 65 46 69 27
6 28 78 57 77 61 51
59 6 42 70 30 20 32
10 15 15 53 56 12 41
4 23 9 40 28 16 8
3 21 16 41 32 76 61
31 11 10 65 46 69 68
85 31 61 48 29 83 22
82 34 54 47 21 86 34
82 34 54 67 37 71 17
12 63 38 45 68 53 15
33 56 80 24 13 82 43
28 7 30 23 25 26 18
5 72 20 67 37 71 61
40 28 16 83 33 13 5
29 86 70 69 47 50 43
60 20 13 34 61 84 81
19 21 86 41 32 76 14
67 37 71 65 46 69 9
58 2 78 60 20 13 67
58 2 78 79 11 17 61
9 73 80 19 21 86 52
53 56 12 39 83 23 29
28 7 30 70 30 20 25
31 11 10 53 56 12 45
22 10 20 43 43 51 45
13 44 76 49 77 42 47
68 42 69 48 29 83 19
20 36 19 60 20 13 17
59 6 42 75 37 79 48
32 48 56 51 54 9 47
81 68 76 69 47 50 33
4 23 9 15 34 26 20
41 32 76 28 7 30 52
83 33 13 55 45 22 15
30 79 81 28 7 30 88
53 56 12 62 12 21 44
42 51 65 6 28 78 26
26 18 22 18 40 41 29
22 10 20 80 41 36 34
81 68 76 33 56 80 12
48 29 83 20 36 19 64
42 51 65 83 33 13 55
58 2 78 0 12 2 76
5 72 20 35 32 76 68
39 83 23 45 68 53 33
79 11 17 40 28 16 17
62 12 21 72 8 2 19
78 24 47 81 68 76 52
59 6 42 7 51 48 45
33 56 80 39 83 23 63
38 67 36 84 44 12 33
76 1 60 83 33 13 56
45 68 53 30 79 81 30
76 1 60 73 54 34 59
45 68 53 24 13 82 62
39 83 23 21 44 67 58
16 42 28 14 38 54 26
71 20 8 30 79 81 93
4 23 9 54 61 65 67
23 25 26 79 11 17 16
7 51 48 76 1 60 51
79 11 17 25 37 38 33
8 85 50 34 61 84 41
35 32 76 67 37 71 7
44 16 23 72 8 2 22
45 68 53 84 44 12 47
62 12 21 0 12 2 19
74 47 23 13 44 76 53
52 23 71 8 85 50 65
61 80 16 34 61 84 70
50 18 21 6 28 78 57
18 40 41 21 44 67 26
44 16 23 7 51 48 43
53 56 12 54 61 65 53
52 23 71 41 32 76 10
83 33 13 78 24 47 35
63 5 49 70 30 20 38
8 85 50 69 47 50 38
55 45 22 74 47 23 2
47 21 86 67 37 71 21
3 21 16 6 28 78 62
14 38 54 69 47 50 9
66 41 20 36 70 10 30
12 63 38 52 23 71 51
44 16 23 51 54 9 40
7 51 48 56 30 79 37
57 77 61 35 32 76 47
9 73 80 4 23 9 86
86 41 40 17 52 23 20
2 43 18 6 28 78 61
55 45 22 17 52 23 7
81 68 76 73 54 34 44
12 63 38 34 61 84 46
29 86 70 30 79 81 13
72 8 2 81 68 76 95
7 51 48 40 28 16 39
48 29 83 74 47 23 62
53 56 12 22 10 20 46
58 2 78 45 68 53 70
53 56 12 52 23 71 67
12 63 38 77 29 68 45
19 21 86 80 41 36 53
38 67 36 20 36 19 35
34 61 84 74 47 23 62
0 12 2 26 18 22 20
75 37 79 31 11 10 73
66 41 20 25 37 38 18
52 23 71 49 77 42 61
70 30 20 84 44 12 16
67 37 71 76 1 60 37
79 11 17 27 0 57 41
54 61 65 75 37 79 27
4 23 9 43 43 51 46
35 32 76 71 20 8 69
57 77 61 75 37 79 43
40 28 16 54 61 65 59
60 20 13 4 23 9 5
39 83 23 42 51 65 52
71 20 8 28 7 30 25
68 42 69 86 41 40 29
21 44 67 59 6 42 45
14 38 54 40 28 16 39
28 7 30 62 12 21 10
3 21 16 79 11 17 10
67 37 71 81 68 76 31
0 12 2 39 83 23 74
31 11 10 66 41 20 31
3 21 16 45 68 53 59
34 61 84 39 83 23 64
43 43 51 68 42 69 18
52 23 71 61 80 16 79
66 41 20 5 72 20 31
43 43 51 56 30 79 30
58 2 78 12 63 38 72
62 12 21 76 1 60 40
11 66 51 61 80 16 37
66 41 20 48 29 83 64
4 23 9 44 16 23 15
36 70 10 86 41 40 41
11 66 51 14 38 54 28
10 15 15 37 23 62 47
29 86 70 15 34 26 68
0 12 2 18 40 41 48
70 30 20 20 36 19 6
72 8 2 52 23 71 70
53 56 12 9 73 80 70
47 21 86 8 85 50 73
73 54 34 4 23 9 39
85 31 61 71 20 8 54
51 54 9 30 79 81 76
54 61 65 26 18 22 60
2 43 18 73 54 34 19
63 5 49 24 13 82 33
42 51 65 0 12 2 74
26 18 22 25 37 38 24
12 63 38 43 43 51 23
13 44 76 9 73 80 29
66 41 20 69 47 50 30
6 28 78 55 45 22 58
59 6 42 18 40 41 34
81 68 76 5 72 20 56
47 21 86 9 73 80 52
61 80 16 6 28 78 80
6 28 78 69 47 50 33
13 44 76 26 18 22 59
86 41 40 60 20 13 34
54 61 65 67 37 71 24
53 56 12 34 61 84 72
45 68 53 40 28 16 54
34 61 84 35 32 76 30
46 45 3 39 83 23 42
49 77 42 59 6 42 71
72 8 2 48 29 83 83
55 45 22 33 56 80 59
78 24 47 19 21 86 39
77 29 68 36 70 10 71
42 51 65 57 77 61 26
8 85 50 5 72 20 32
48 29 83 59 6 42 47
41 32 76 39 83 23 73
14 38 54 86 41 40 14
84 44 12 57 77 61 59
58 2 78 53 56 12 85
38 67 36 33 56 80 45
45 68 53 86 41 40 29
51 54 9 65 46 69 60
24 13 82 51 54 9 83
68 42 69 85 31 61 13
78 24 47 11 66 51 42
23 25 26 63 5 49 30
4 23 9 57 77 61 74
66 41 20 9 73 80 68
29 86 70 73 54 34 48
54 61 65 20 36 19 52
3 21 16 37 23 62 46
18 40 41 12 63 38 23
61 80 16 2 43 18 37
82 34 54 3 21 16 40
21 44 67 48 29 83 21
44 16 23 43 43 51 38
61 80 16 76 1 60 90
59 6 42 62 12 21 21
50 18 21 82 34 54 36
51 54 9 79 11 17 43
33 56 80 3 21 16 72
52 23 71 79 11 17 55
7 51 48 14 38 54 14
3 21 16 22 10 20 11
79 11 17 56 30 79 64
43 43 51 85 31 61 15
34 61 84 30 79 81 18
85 31 61 0 12 2 61
62 12 21 68 42 69 56
10 15 15 36 70 10 55
21 44 67 58 2 78 43
0 12 2 33 56 80 89
21 44 67 1 31 49 22
74 47 23 76 1 60 59
68 42 69 66 41 20 49
56 30 79 3 21 16 63
8 85 50 83 33 13 63
55 45 22 52 23 71 53
17 52 23 40 28 16 25
62 12 21 18 40 41 34
34 61 84 65 46 69 21
53 56 12 14 38 54 45
75 37 79 41 32 76 5
25 37 38 54 61 65 36
71 20 8 86 41 40 38
45 68 53 8 85 50 17
2 43 18 15 34 26 12
10 15 15 26 18 22 7
44 16 23 20 36 19 20
19 21 86 28 7 30 57
75 37 79 56 30 79 7
0 12 2 49 77 42 76
33 56 80 76 1 60 58
34 61 84 42 51 65 21
51 54 9 39 83 23 32
18 40 41 67 37 71 30
76 1 60 68 42 69 41
34 61 84 10 15 15 82
21 44 67 84 44 12 55
53 56 12 44 16 23 41
0 12 2 2 43 18 34
17 52 23 11 66 51 31
0 12 2 46 45 3 33
67 37 71 73 54 34 40
4 23 9 34 61 84 84
45 68 53 66 41 20 42
40 28 16 69 47 50 38
11 66 51 10 15 15 62
79 11 17 86 41 40 37
56 30 79 52 23 71 10
14 38 54 12 63 38 29
3 21 16 0 12 2 16
37 23 62 42 51 65 28
71 20 8 19 21 86 78
40 28 16 76 1 60 51
3 21 16 8 85 50 72
40 28 16 36 70 10 42
12 63 38 29 86 70 39
78 24 47 7 51 48 27
60 20 13 27 0 57 48
24 13 82 25 37 38 50
16 42 28 61 80 16 39
66 41 20 52 23 71 54
8 85 50 68 42 69 47
39 83 23 25 37 38 48
6 28 78 49 77 42 60
26 18 22 38 67 36 50
23 25 26 64 8 22 17
74 47 23 33 56 80 57
51 54 9 57 77 61 56
1 31 49 27 0 57 32
45 68 53 9 73 80 27
86 41 40 85 31 61 23
35 32 76 51 54 9 70
66 41 20 29 86 70 67
70 30 20 8 85 50 62
50 18 21 16 42 28 25
40 28 16 64 8 22 20
26 18 22 9 73 80 79
39 83 23 83 33 13 50
86 41 40 33 56 80 42
61 80 16 25 37 38 48
65 46 69 6 28 78 20
0 12 2 52 23 71 69
49 77 42 61 80 16 26
22 10 20 64 8 22 2
37 23 62 13 44 76 25
18 40 41 79 11 17 37
35 32 76 11 66 51 42
57 77 61 3 21 16 71
27 0 57 37 23 62 23
29 86 70 52 23 71 63
1 31 49 73 54 34 27
82 34 54 58 2 78 40
50 18 21 22 10 20 8
50 18 21 35 32 76 56
56 30 79 39 83 23 77
18 40 41 73 54 34 15
50 18 21 46 45 3 32
60 20 13 83 33 13 13
84 44 12 6 28 78 67
62 12 21 61 80 16 68
31 11 10 15 34 26 28
12 63 38 7 51 48 15
0 12 2 34 61 84 95
36 70 10 14 38 54 54
69 47 50 15 34 26 27
84 44 12 59 6 42 48
39 83 23 10 15 15 68
52 23 71 24 13 82 14
13 44 76 70 30 20 57
11 66 51 22 10 20 64
25 37 38 51 54 9 33
47 21 86 13 44 76 25
29 86 70 62 12 21 88
17 52 23 12 63 38 18
35 32 76 12 63 38 49
1 31 49 40 28 16 33
6 28 78 9 73 80 45
55 45 22 4 23 9 25
14 38 54 67 37 71 17
63 5 49 40 28 16 40
27 0 57 25 37 38 41
27 0 57 55 45 22 57
72 8 2 45 68 53 78
71 20 8 75 37 79 73
73 54 34 44 16 23 39
20 36 19 45 68 53 46
34 61 84 71 20 8 86
67 37 71 24 13 82 26
59 6 42 63 5 49 7
7 51 48 10 15 15 48
34 61 84 80 41 36 52
64 8 22 57 77 61 79
45 68 53 42 51 65 20
71 20 8 1 31 49 42
70 30 20 39 83 23 53
57 77 61 13 44 76 36
26 18 22 20 36 19 18
2 43 18 74 47 23 6
53 56 12 76 1 60 73
58 2 78 29 86 70 84
2 43 18 17 52 23 10
71 20 8 27 0 57 52
45 68 53 51 54 9 46
63 5 49 25 37 38 33
51 54 9 26 18 22 38
10 15 15 71 20 8 8
47 21 86 45 68 53 57
84 44 12 49 77 42 44
35 32 76 37 23 62 16
62 12 21 65 46 69 58
16 42 28 56 30 79 52
64 8 22 60 20 13 15
73 54 34 26 18 22 37
2 43 18 67 37 71 53
78 24 47 76 1 60 26
65 46 69 20 36 19 50
4 23 9 39 83 23 61
22 10 20 0 12 2 18
49 77 42 26 18 22 62
22 10 20 57 77 61 78
6 28 78 36 70 10 79
55 45 22 19 21 86 68
34 61 84 47 21 86 40
40 28 16 13 44 76 62
43 43 51 0 12 2 57
64 8 22 21 44 67 57
49 77 42 57 77 61 19
30 79 81 69 47 50 44
25 37 38 22 10 20 32
59 6 42 53 56 12 58
4 23 9 78 24 47 38
15 34 26 36 70 10 39
59 6 42 72 8 2 40
36 70 10 59 6 42 71
15 34 26 3 21 16 16
30 79 81 57 77 61 20
3 21 16 70 30 20 9
69 47 50 5 72 20 39
64 8 22 73 54 34 47
72 8 2 47 21 86 85
28 7 30 50 18 21 14
50 18 21 10 15 15 6
8 85 50 6 28 78 63
61 80 16 45 68 53 38
62 12 21 48 29 83 64
28 7 30 69 47 50 44
58 2 78 63 5 49 29
71 20 8 79 11 17 12
27 0 57 21 44 67 45
11 66 51 52 23 71 47
24 13 82 14 38 54 37
74 47 23 3 21 16 26
20 36 19 42 51 65 48
22 10 20 41 32 76 60
16 42 28 86 41 40 12
81 68 76 31 11 10 87
76 1 60 69 47 50 47
70 30 20 41 32 76 56
17 52 23 54 61 65 42
28 7 30 1 31 49 30
41 32 76 38 67 36 53
38 67 36 66 41 20 30
64 8 22 5 72 20 64
36 70 10 25 37 38 43
56 30 79 26 18 22 58
32 48 56 46 45 3 53
61 80 16 24 13 82 94
33 56 80 43 43 51 31
65 46 69 76 1 60 45
18 40 41 82 34 54 14
67 37 71 53 56 12 61
10 15 15 14 38 54 45
84 44 12 20 36 19 10
48 29 83 8 85 50 65
60 20 13 35 32 76 64
19 21 86 69 47 50 44
63 5 49 41 32 76 38
14 38 54 33 56 80 31
39 83 23 74 47 23 36
28 7 30 65 46 69 55
80 41 36 52 23 71 39
63 5 49 79 11 17 32
2 43 18 21 44 67 49
13 44 76 59 6 42 50
31 11 10 82 34 54 49
33 56 80 49 77 42 43
60 20 13 28 7 30 21
36 70 10 62 12 21 59
49 77 42 72 8 2 79
49 77 42 74 47 23 35
62 12 21 75 37 79 63
72 8 2 76 1 60 58
32 48 56 35 32 76 25
50 18 21 15 34 26 16
16 42 28 11 66 51 33
65 46 69 54 61 65 15
67 37 71 60 20 13 60
74 47 23 61 80 16 33
48 29 83 73 54 34 55
41 32 76 20 36 19 57
36 70 10 45 68 53 43
32 48 56 82 34 54 14
77 29 68 18 40 41 29
0 12 2 55 45 22 38
17 52 23 10 15 15 37
30 79 81 75 37 79 42
46 45 3 40 28 16 21
83 33 13 17 52 23 21
39 83 23 78 24 47 63
2 43 18 48 29 83 66
67 37 71 51 54 9 64
83 33 13 4 23 9 10
49 77 42 55 45 22 37
69 47 50 84 44 12 38
56 30 79 14 38 54 26
37 23 62 7 51 48 31
72 8 2 80 41 36 47
28 7 30 20 36 19 31
60 20 13 32 48 56 51
18 40 41 66 41 20 21
59 6 42 79 11 17 25
14 38 54 30 79 81 49
24 13 82 32 48 56 43
9 73 80 17 52 23 60
86 41 40 37 23 62 28
86 41 40 76 1 60 44
19 21 86 15 34 26 61
29 86 70 45 68 53 24
1 31 49 54 61 65 34
16 42 28 13 44 76 48
24 13 82 58 2 78 11
65 46 69 73 54 34 35
77 29 68 76 1 60 29
56 30 79 45 68 53 46
50 18 21 21 44 67 52
33 56 80 7 51 48 32
13 44 76 76 1 60 45
73 54 34 82 34 54 28
3 21 16 36 70 10 49
26 18 22 44 16 23 2
2 43 18 56 30 79 62
12 63 38 15 34 26 31
42 51 65 66 41 20 46
38 67 36 22 10 20 59
50 18 21 71 20 8 13
58 2 78 13 44 76 42
31 11 10 57 77 61 83
81 68 76 52 23 71 45
27 0 57 35 32 76 37
34 61 84 38 67 36 48
31 11 10 39 83 23 73
22 10 20 45 68 53 66
56 30 79 76 1 60 34
3 21 16 21 44 67 55
78 24 47 46 45 3 48
41 32 76 81 68 76 36
9 73 80 57 77 61 19
43 43 51 38 67 36 28
40 28 16 2 43 18 15
14 38 54 31 11 10 51
50 18 21 59 6 42 24
24 13 82 23 25 26 57
22 10 20 27 0 57 38
15 34 26 25 37 38 12
30 79 81 26 18 22 84
74 47 23 62 12 21 35
67 37 71 49 77 42 49
18 40 41 23 25 26 21
76 1 60 57 77 61 76
56 30 79 80 41 36 44
4 23 9 17 52 23 32
82 34 54 30 79 81 52
60 20 13 7 51 48 46
8 85 50 74 47 23 46
76 1 60 27 0 57 3
83 33 13 2 43 18 11
70 30 20 23 25 26 7
39 83 23 50 18 21 65
17 52 23 59 6 42 49
3 21 16 55 45 22 24
4 23 9 64 8 22 19
60 20 13 51 54 9 34
8 85 50 14 38 54 47
31 11 10 54 61 65 74
46 45 3 71 20 8 25
13 44 76 83 33 13 63
57 77 61 74 47 23 48
33 56 80 57 77 61 28
10 15 15 60 20 13 5
66 41 20 53 56 12 17
8 85 50 38 67 36 22
25 37 38 75 37 79 41
40 28 16 34 61 84 75
24 13 82 66 41 20 68
79 11 17 31 11 10 7
57 77 61 79 11 17 79
72 8 2 35 32 76 77
82 34 54 9 73 80 46
41 32 76 59 6 42 42
21 44 67 15 34 26 42
3 21 16 60 20 13 3
1 31 49 62 12 21 33
4 23 9 42 51 65 62
75 37 79 78 24 47 34
56 30 79 51 54 9 74
40 28 16 44 16 23 13
4 23 9 74 47 23 27
66 41 20 39 83 23 42
86 41 40 27 0 57 44
68 42 69 5 72 20 57
1 31 49 2 43 18 33
46 45 3 43 43 51 48
50 18 21 37 23 62 41
83 33 13 64 8 22 26
73 54 34 19 21 86 61
21 44 67 54 61 65 17
29 86 70 7 51 48 41
48 29 83 14 38 54 30
69 47 50 32 48 56 6
59 6 42 54 61 65 59
0 12 2 50 18 21 19
47 21 86 74 47 23 68
15 34 26 28 7 30 27
15 34 26 42 51 65 42
7 51 48 1 31 49 20
81 68 76 65 46 69 23
44 16 23 32 48 56 45
3 21 16 17 52 23 31
13 44 76 8 85 50 48
71 20 8 17 52 23 35
10 15 15 20 36 19 21
74 47 23 1 31 49 30
41 32 76 58 2 78 30
42 51 65 8 85 50 37
70 30 20 37 23 62 42
65 46 69 18 40 41 28
80 41 36 60 20 13 31
23 25 26 61 80 16 55
74 47 23 64 8 22 39
11 66 51 75 37 79 40
78 24 47 41 32 76 30
2 43 18 46 45 3 15
43 43 51 14 38 54 5
61 80 16 10 15 15 65
84 44 12 8 85 50 55
76 1 60 75 37 79 40
23 25 26 72 8 2 29
13 44 76 78 24 47 35
59 6 42 32 48 56 44
75 37 79 43 43 51 28
42 51 65 82 34 54 20
77 29 68 51 54 9 64
61 80 16 54 61 65 52
69 47 50 74 47 23 27
16 42 28 82 34 54 27
18 40 41 68 42 69 28
38 67 36 59 6 42 61
54 61 65 85 31 61 30
86 41 40 59 6 42 35
18 40 41 17 52 23 21
65 46 69 47 21 86 30
15 34 26 59 6 42 32
84 44 12 61 80 16 36
85 31 61 45 68 53 37
34 61 84 41 32 76 30
70 30 20 7 51 48 35
28 7 30 80 41 36 34
13 44 76 3 21 16 64
9 73 80 35 32 76 41
19 21 86 43 43 51 41
60 20 13 1 31 49 37
67 37 71 52 23 71 14
20 36 19 33 56 80 64
58 2 78 49 77 42 83
33 56 80 28 7 30 70
82 34 54 40 28 16 38
46 45 3 11 66 51 52
55 45 22 47 21 86 68
21 44 67 73 54 34 34
11 66 51 60 20 13 59
17 52 23 67 37 71 50
40 28 16 48 29 83 67
83 33 13 61 80 16 47
71 20 8 62 12 21 15
20 36 19 55 45 22 9
38 67 36 75 37 79 52
55 45 22 56 30 79 58
55 45 22 72 8 2 42
15 34 26 49 77 42 45
75 37 79 10 15 15 67
4 23 9 41 32 76 67
39 83 23 57 77 61 38
4 23 9 33 56 80 78
19 21 86 2 43 18 71
22 10 20 40 28 16 18
80 41 36 62 12 21 32
6 28 78 85 31 61 17
82 34 54 69 47 50 13
3 21 16 77 29 68 52
1 31 49 51 54 9 46
63 5 49 1 31 49 26
72 8 2 83 33 13 27
25 37 38 18 40 41 4
3 21 16 9 73 80 82
84 44 12 10 15 15 29
79 11 17 44 16 23 7
23 25 26 37 23 62 36
7 51 48 8 85 50 34
21 44 67 62 12 21 56
53 56 12 46 45 3 14
24 13 82 38 67 36 70
18 40 41 9 73 80 51
47 21 86 31 11 10 76
80 41 36 39 83 23 43
42 51 65 18 40 41 26
22 10 20 35 32 76 60
67 37 71 56 30 79 10
85 31 61 42 51 65 20
11 66 51 49 77 42 14
0 12 2 59 6 42 40
38 67 36 65 46 69 39
76 1 60 3 21 16 48
61 80 16 36 70 10 11
33 56 80 8 85 50 41
30 79 81 4 23 9 91
27 0 57 82 34 54 34
1 31 49 5 72 20 50
82 34 54 17 52 23 35
13 44 76 84 44 12 64
69 47 50 3 21 16 42
3 21 16 51 54 9 33
55 45 22 80 41 36 14
59 6 42 11 66 51 60
54 61 65 19 21 86 45
52 23 71 36 70 10 77
57 77 61 45 68 53 12
53 56 12 29 86 70 65
50 18 21 75 37 79 61
68 42 69 27 0 57 43
84 44 12 28 7 30 41
85 31 61 44 16 23 40
60 20 13 52 23 71 58
18 40 41 44 16 23 30
12 63 38 50 18 21 48
17 52 23 48 29 83 64
36 70 10 24 13 82 91
58 2 78 14 38 54 43
50 18 21 32 48 56 46
19 21 86 64 8 22 65
23 25 26 36 70 10 47
48 29 83 25 37 38 45
84 44 12 23 25 26 23
35 32 76 47 21 86 14
39 83 23 48 29 83 80
38 67 36 64 8 22 60
31 11 10 85 31 61 54
72 8 2 63 5 49 47
34 61 84 84 44 12 73
53 56 12 48 29 83 75
81 68 76 20 36 19 65
6 28 78 73 54 34 51
6 28 78 64 8 22 59
30 79 81 48 29 83 50
40 28 16 52 23 71 55
59 6 42 68 42 69 45
24 13 82 64 8 22 60
42 51 65 63 5 49 48
20 36 19 31 11 10 26
54 61 65 15 34 26 47
86 41 40 63 5 49 37
35 32 76 84 44 12 65
67 37 71 75 37 79 8
38 67 36 12 63 38 4
13 44 76 20 36 19 57
10 15 15 57 77 61 77
11 66 51 33 56 80 30
6 28 78 59 6 42 42
56 30 79 85 31 61 18
8 85 50 36 70 10 42
74 47 23 6 28 78 58
4 23 9 18 40 41 36
76 1 60 55 45 22 58
39 83 23 68 42 69 61
70 30 20 53 56 12 27
47 21 86 29 86 70 66
24 13 82 42 51 65 41
18 40 41 70 30 20 23
79 11 17 61 80 16 69
44 16 23 15 34 26 18
7 51 48 73 54 34 14
71 20 8 36 70 10 50
85 31 61 46 45 3 59
52 23 71 19 21 86 15
22 10 20 66 41 20 31
70 30 20 86 41 40 22
61 80 16 67 37 71 69
25 37 38 86 41 40 4
33 56 80 18 40 41 42
41 32 76 37 23 62 16
46 45 3 15 34 26 25
29 86 70 26 18 22 83
17 52 23 85 31 61 43
65 46 69 19 21 86 30
6 28 78 52 23 71 8
4 23 9 84 44 12 21
23 25 26 3 21 16 10
79 11 17 64 8 22 5
33 56 80 25 37 38 46
25 37 38 69 47 50 15
11 66 51 37 23 62 44
33 56 80 64 8 22 75
67 37 71 74 47 23 49
28 7 30 17 52 23 45
55 45 22 14 38 54 32
1 31 49 77 29 68 19
80 41 36 13 44 76 40
4 23 9 3 21 16 7
78 24 47 29 86 70 66
83 33 13 49 77 42 52
33 56 80 75 37 79 19
47 21 86 11 66 51 57
82 34 54 79 11 17 43
1 31 49 41 32 76 27
15 34 26 10 15 15 21
37 23 62 73 54 34 41
42 51 65 73 54 34 31
32 48 56 21 44 67 11
79 11 17 62 12 21 4
25 37 38 37 23 62 27
26 18 22 43 43 51 38
28 7 30 32 48 56 48
6 28 78 4 23 9 69
86 41 40 0 12 2 47
2 43 18 79 11 17 32
23 25 26 1 31 49 23
16 42 28 17 52 23 11
66 41 20 81 68 76 62
57 77 61 38 67 36 26
74 47 23 37 23 62 45
62 12 21 45 68 53 64
29 86 70 71 20 8 90
72 8 2 19 21 86 85
76 1 60 70 30 20 49
67 37 71 33 56 80 21
77 29 68 60 20 13 55
11 66 51 13 44 76 33
34 61 84 28 7 30 76
2 43 18 13 44 76 58
15 34 26 8 85 50 56
9 73 80 59 6 42 77
0 12 2 9 73 80 99
43 43 51 59 6 42 38
31 11 10 76 1 60 50
67 37 71 30 79 81 43
23 25 26 5 72 20 47
59 6 42 22 10 20 22
39 83 23 16 42 28 41
43 43 51 80 41 36 15
72 8 2 70 30 20 28
67 37 71 1 31 49 22
72 8 2 38 67 36 68
46 45 3 69 47 50 47
23 25 26 2 43 18 19
24 13 82 73 54 34 63
2 43 18 72 8 2 38
59 6 42 19 21 86 46
74 47 23 32 48 56 33
24 13 82 56 30 79 17
10 15 15 56 30 79 65
38 67 36 25 37 38 30
69 47 50 55 45 22 28
85 31 61 79 11 17 48
57 77 61 55 45 22 50
13 44 76 17 52 23 53
66 41 20 40 28 16 13
74 47 23 18 40 41 19
80 41 36 42 51 65 30
7 51 48 57 77 61 29
82 34 54 78 24 47 12
66 41 20 80 41 36 16
78 24 47 66 41 20 31
3 21 16 85 31 61 46
74 47 23 70 30 20 17
51 54 9 64 8 22 47
62 12 21 66 41 20 29
35 32 76 70 30 20 56
20 36 19 76 1 60 53
67 37 71 25 37 38 33
39 83 23 30 79 81 58
25 37 38 80 41 36 4
58 2 78 4 23 9 72
60 20 13 59 6 42 32
57 77 61 50 18 21 71
19 21 86 84 44 12 77
37 23 62 43 43 51 22
15 34 26 53 56 12 26
38 67 36 51 54 9 29
5 72 20 48 29 83 76
33 56 80 22 10 20 75
63 5 49 50 18 21 30
33 56 80 13 44 76 12
38 67 36 1 31 49 38
78 24 47 79 11 17 32
14 38 54 3 21 16 41
24 13 82 41 32 76 19
74 47 23 80 41 36 14
52 23 71 9 73 80 50
25 37 38 2 43 18 20
17 52 23 31 11 10 43
44 16 23 64 8 22 8
79 11 17 43 43 51 46
50 18 21 61 80 16 62
58 2 78 55 45 22 70
0 12 2 16 42 28 39
65 46 69 17 52 23 46
27 0 57 46 45 3 70
22 10 20 58 2 78 58
69 47 50 22 10 20 47
29 86 70 43 43 51 47
1 31 49 61 80 16 59
35 32 76 59 6 42 42
27 0 57 7 51 48 51
44 16 23 36 70 10 55
66 41 20 51 54 9 17
9 73 80 20 36 19 71
18 40 41 84 44 12 29
73 54 34 80 41 36 13
16 42 28 3 21 16 24
80 41 36 84 44 12 24
8 85 50 1 31 49 54
70 30 20 71 20 8 15
61 80 16 30 79 81 65
76 1 60 17 52 23 63
61 80 16 15 34 26 47
15 34 26 18 40 41 16
7 51 48 61 80 16 43
41 32 76 83 33 13 63
3 21 16 54 61 65 63
10 15 15 83 33 13 18
1 31 49 45 68 53 37
82 34 54 56 30 79 25
53 56 12 17 52 23 11
21 44 67 85 31 61 14
71 20 8 59 6 42 36
73 54 34 10 15 15 43
65 46 69 23 25 26 47
5 72 20 79 11 17 61
22 10 20 14 38 54 44
74 47 23 82 34 54 33
74 47 23 68 42 69 46
9 73 80 7 51 48 38
4 23 9 69 47 50 47
11 66 51 54 61 65 14
19 21 86 5 72 20 83
37 23 62 32 48 56 25
56 30 79 60 20 13 66
71 20 8 25 37 38 34
41 32 76 33 56 80 24
74 47 23 63 5 49 49
51 54 9 14 38 54 47
21 44 67 6 28 78 19
57 77 61 26 18 22 70
47 21 86 86 41 40 50
20 36 19 27 0 57 52
29 86 70 85 31 61 55
19 21 86 11 66 51 57
64 8 22 69 47 50 48
29 86 70 3 21 16 84
23 25 26 86 41 40 21
83 33 13 85 31 61 48
32 48 56 4 23 9 53
72 8 2 65 46 69 77
80 41 36 82 34 54 19
8 85 50 57 77 61 13
22 10 20 16 42 28 32
52 23 71 73 54 34 48
62 12 21 38 67 36 57
49 77 42 36 70 10 32
55 45 22 42 51 65 43
80 41 36 48 29 83 48
49 77 42 21 44 67 41
39 83 23 12 63 38 25
23 25 26 9 73 80 72
36 70 10 57 77 61 51
56 30 79 31 11 10 71
69 47 50 45 68 53 21
25 37 38 8 85 50 49
37 23 62 2 43 18 48
77 29 68 32 48 56 22
31 11 10 44 16 23 13
17 52 23 46 45 3 21
31 11 10 49 77 42 73
9 73 80 12 63 38 43
40 28 16 18 40 41 27
6 28 78 78 24 47 31
36 70 10 9 73 80 70
86 41 40 81 68 76 45
67 37 71 9 73 80 37
32 48 56 80 41 36 21
52 23 71 38 67 36 56
6 28 78 81 68 76 40
34 61 84 54 61 65 19
24 13 82 85 31 61 27
56 30 79 69 47 50 33
77 29 68 72 8 2 69
64 8 22 68 42 69 58
12 63 38 74 47 23 21
31 11 10 23 25 26 21
24 13 82 21 44 67 34
79 11 17 21 44 67 59
5 72 20 86 41 40 36
83 33 13 0 12 2 23
28 7 30 0 12 2 28
7 51 48 2 43 18 31
5 72 20 2 43 18 29
5 72 20 82 34 54 50
26 18 22 5 72 20 54
74 47 23 29 86 70 61
31 11 10 73 54 34 49
74 47 23 41 32 76 55
26 18 22 41 32 76 55
11 66 51 6 28 78 46
35 32 76 38 67 36 53
46 45 3 51 54 9 10
21 44 67 72 8 2 74
79 11 17 47 21 86 69
8 85 50 50 18 21 73
40 28 16 49 77 42 55
15 34 26 63 5 49 37
84 44 12 25 37 38 26
9 73 80 43 43 51 41
77 29 68 42 51 65 22
59 6 42 77 29 68 34
10 15 15 16 42 28 29
86 41 40 43 43 51 11
58 2 78 56 30 79 28
21 44 67 56 30 79 18
8 85 50 81 68 76 31
49 77 42 19 21 86 71
62 12 21 17 52 23 40
13 44 76 43 43 51 25
1 31 49 14 38 54 8
76 1 60 34 61 84 64
74 47 23 65 46 69 46
44 16 23 1 31 49 30
16 42 28 67 37 71 43
42 51 65 22 10 20 60
6 28 78 51 54 9 73
6 28 78 27 0 57 35
42 51 65 59 6 42 50
22 10 20 39 83 23 73
34 61 84 48 29 83 32
5 72 20 73 54 34 22
25 37 38 76 1 60 42
48 29 83 42 51 65 28
61 80 16 55 45 22 35
45 68 53 4 23 9 62
76 1 60 80 41 36 46
59 6 42 23 25 26 24
12 63 38 22 10 20 55
86 41 40 73 54 34 14
5 72 20 18 40 41 38
46 45 3 24 13 82 85
77 29 68 43 43 51 22
48 29 83 47 21 86 8
59 6 42 65 46 69 48
58 2 78 52 23 71 22
9 73 80 77 29 68 45
64 8 22 86 41 40 37
48 29 83 55 45 22 63
43 43 51 76 1 60 42
57 77 61 62 12 21 76
32 48 56 61 80 16 51
20 36 19 6 28 78 59
25 37 38 77 29 68 31
44 16 23 84 44 12 30
66 41 20 56 30 79 60
54 61 65 80 41 36 35
41 32 76 43 43 51 27
77 29 68 45 68 53 41
49 77 42 80 41 36 36
49 77 42 77 29 68 54
62 12 21 39 83 23 71
86 41 40 22 10 20 36
16 42 28 55 45 22 6
76 1 60 5 72 20 81
15 34 26 23 25 26 9
82 34 54 57 77 61 43
22 10 20 31 11 10 10
83 33 13 58 2 78 72
4 23 9 61 80 16 57
15 34 26 11 66 51 40
38 67 36 58 2 78 77
47 21 86 39 83 23 88
37 23 62 63 5 49 22
76 1 60 44 16 23 39
37 23 62 69 47 50 26
29 86 70 6 28 78 58
0 12 2 71 20 8 10
20 36 19 47 21 86 68
67 37 71 46 45 3 68
7 51 48 81 68 76 32
48 29 83 83 33 13 70
63 5 49 62 12 21 28
35 32 76 14 38 54 22
1 31 49 12 63 38 33
82 34 54 59 6 42 30
18 40 41 78 24 47 17
79 11 17 20 36 19 25
40 28 16 0 12 2 21
39 83 23 23 25 26 58
5 72 20 25 37 38 39
31 11 10 68 42 69 66
63 5 49 83 33 13 45
45 68 53 18 40 41 30
54 61 65 29 86 70 25
5 72 20 13 44 76 62
17 52 23 30 79 81 63
27 0 57 48 29 83 38
82 34 54 1 31 49 5
6 28 78 54 61 65 35
83 33 13 20 36 19 6
4 23 9 24 13 82 73
60 20 13 22 10 20 12
86 41 40 41 32 76 37
39 83 23 84 44 12 40
50 18 21 48 29 83 62
22 10 20 6 28 78 60
26 18 22 1 31 49 29
7 51 48 58 2 78 57
81 68 76 4 23 9 80
62 12 21 30 79 81 89
52 23 71 75 37 79 16
7 51 48 21 44 67 20
18 40 41 16 42 28 13
45 68 53 68 42 69 30
46 45 3 73 54 34 32
43 43 51 72 8 2 60
30 79 81 37 23 62 59
82 34 54 12 63 38 33
31 11 10 0 12 2 8
12 63 38 55 45 22 24
29 86 70 67 37 71 49
64 8 22 65 46 69 60
69 47 50 24 13 82 46
30 79 81 10 15 15 91
55 45 22 22 10 20 35
77 29 68 52 23 71 6
38 67 36 69 47 50 24
44 16 23 60 20 13 10
53 56 12 7 51 48 36
35 32 76 8 85 50 59
11 66 51 32 48 56 18
58 2 78 15 34 26 61
12 63 38 25 37 38 26
4 23 9 10 15 15 10
84 44 12 68 42 69 57
48 29 83 56 30 79 4
23 25 26 73 54 34 30
26 18 22 22 10 20 8
4 23 9 13 44 76 70
30 79 81 41 32 76 47
43 43 51 69 47 50 4
30 79 81 6 28 78 51
25 37 38 20 36 19 19
45 68 53 5 72 20 33
22 10 20 7 51 48 49
56 30 79 11 66 51 45
16 42 28 24 13 82 61
13 44 76 21 44 67 9
30 79 81 68 42 69 38
83 33 13 75 37 79 66
25 37 38 28 7 30 31
17 52 23 80 41 36 17
29 86 70 37 23 62 63
74 47 23 38 67 36 23
55 45 22 10 15 15 30
83 33 13 37 23 62 50
73 54 34 61 80 16 31
14 38 54 75 37 79 25
48 29 83 22 10 20 65
24 13 82 48 29 83 16
35 32 76 31 11 10 69
56 30 79 19 21 86 11
69 47 50 20 36 19 32
66 41 20 27 0 57 55
76 1 60 79 11 17 44
21 44 67 30 79 81 37
60 20 13 54 61 65 66
78 24 47 2 43 18 34
28 7 30 18 40 41 34
47 21 86 52 23 71 15
53 56 12 1 31 49 44
76 1 60 21 44 67 43
58 2 78 65 46 69 44
71 20 8 41 32 76 69
65 46 69 42 51 65 6
16 42 28 85 31 61 34
34 61 84 59 6 42 69
51 54 9 47 21 86 83
11 66 51 63 5 49 61
56 30 79 81 68 76 38
78 24 47 50 18 21 26
16 42 28 79 11 17 32
46 45 3 74 47 23 20
55 45 22 46 45 3 19
55 45 22 86 41 40 18
14 38 54 2 43 18 36
53 56 12 71 20 8 36
15 34 26 5 72 20 38
15 34 26 51 54 9 26
15 34 26 47 21 86 61
30 79 81 56 30 79 49
1 31 49 31 11 10 43
75 37 79 15 34 26 53
50 18 21 85 31 61 42
11 66 51 68 42 69 30
14 38 54 19 21 86 36
0 12 2 53 56 12 45
21 44 67 35 32 76 15
41 32 76 47 21 86 14
6 28 78 17 52 23 60
57 77 61 29 86 70 12
28 7 30 68 42 69 52
79 11 17 15 34 26 24
85 31 61 28 7 30 39
31 11 10 86 41 40 42
26 18 22 40 28 16 11
48 29 83 46 45 3 81
74 47 23 31 11 10 38
26 18 22 64 8 22 10
66 41 20 26 18 22 23
56 30 79 22 10 20 62
30 79 81 42 51 65 32
34 61 84 69 47 50 36
27 0 57 43 43 51 43
44 16 23 10 15 15 8
11 66 51 43 43 51 23
16 42 28 5 72 20 31
13 44 76 61 80 16 69
54 61 65 33 56 80 15
12 63 38 80 41 36 22
17 52 23 68 42 69 47
8 85 50 65 46 69 43
4 23 9 16 42 28 26
16 42 28 36 70 10 33
19 21 86 74 47 23 68
47 21 86 75 37 79 17
24 13 82 3 21 16 66
9 73 80 29 86 70 16
20 36 19 39 83 23 47
64 8 22 28 7 30 8
59 6 42 40 28 16 34
40 28 16 53 56 12 28
12 63 38 51 54 9 30
29 86 70 60 20 13 87
60 20 13 6 28 78 65
42 51 65 74 47 23 42
80 41 36 86 41 40 4
37 23 62 40 28 16 46
83 33 13 70 30 20 7
79 11 17 42 51 65 62
23 25 26 78 24 47 21
16 42 28 70 30 20 14
53 56 12 2 43 18 14
6 28 78 39 83 23 77
22 10 20 37 23 62 43
80 41 36 10 15 15 33
15 34 26 77 29 68 42
32 48 56 49 77 42 32
26 18 22 12 63 38 47
27 0 57 52 23 71 26
44 16 23 46 45 3 35
34 61 84 79 11 17 83
33 56 80 59 6 42 62
77 29 68 53 56 12 62
18 40 41 37 23 62 27
50 18 21 18 40 41 29
36 70 10 41 32 76 76
16 42 28 71 20 8 29
1 31 49 70 30 20 29
36 70 10 55 45 22 27
68 42 69 72 8 2 75
45 68 53 73 54 34 23
41 32 76 65 46 69 15
62 12 21 47 21 86 65
81 68 76 30 79 81 12
16 42 28 21 44 67 39
43 43 51 42 51 65 16
20 36 19 5 72 20 36
43 43 51 8 85 50 42
83 33 13 45 68 53 53
1 31 49 86 41 40 13
31 11 10 40 28 16 18
22 10 20 21 44 67 58
44 16 23 3 21 16 8
20 36 19 18 40 41 22
48 29 83 26 18 22 61
81 68 76 70 30 20 67
28 7 30 2 43 18 37
47 21 86 69 47 50 44
45 68 53 2 43 18 43
74 47 23 27 0 57 58
30 79 81 32 48 56 39
70 30 20 10 15 15 15
60 20 13 41 32 76 64
9 73 80 15 34 26 66
32 48 56 16 42 28 28
16 42 28 83 33 13 17
73 54 34 51 54 9 25
18 40 41 57 77 61 42
48 29 83 52 23 71 13
6 28 78 56 30 79 2
57 77 61 19 21 86 61
14 38 54 52 23 71 22
2 43 18 39 83 23 40
77 29 68 26 18 22 47
34 61 84 17 52 23 61
15 34 26 70 30 20 7
6 28 78 24 13 82 15
1 31 49 37 23 62 15
82 34 54 68 42 69 17
48 29 83 36 70 10 83
73 54 34 59 6 42 48
71 20 8 2 43 18 25
75 37 79 79 11 17 67
42 51 65 33 56 80 15
18 40 41 64 8 22 37
69 47 50 27 0 57 47
42 51 65 31 11 10 68
2 43 18 22 10 20 33
49 77 42 45 68 53 14
32 48 56 34 61 84 30
86 41 40 52 23 71 35
55 45 22 67 37 71 49
48 29 83 45 68 53 49
86 41 40 83 33 13 28
2 43 18 84 44 12 6
25 37 38 31 11 10 38
63 5 49 20 36 19 43
6 28 78 13 44 76 16
40 28 16 80 41 36 23
79 11 17 74 47 23 36
9 73 80 46 45 3 81
45 68 53 78 24 47 44
55 45 22 34 61 84 64
27 0 57 59 6 42 16
41 32 76 62 12 21 58
80 41 36 53 56 12 28
64 8 22 3 21 16 14
58 2 78 28 7 30 48
41 32 76 2 43 18 59
36 70 10 18 40 41 43
2 43 18 82 34 54 37
85 31 61 7 51 48 23
36 70 10 81 68 76 66
16 42 28 48 29 83 56
44 16 23 47 21 86 63
25 37 38 50 18 21 25
40 28 16 24 13 82 67
19 21 86 40 28 16 70
58 2 78 32 48 56 50
82 34 54 62 12 21 39
52 23 71 50 18 21 50
14 38 54 64 8 22 43
58 2 78 70 30 20 64
22 10 20 72 8 2 18
73 54 34 72 8 2 56
15 34 26 55 45 22 11
9 73 80 22 10 20 87
22 10 20 54 61 65 68
74 47 23 85 31 61 41
13 44 76 75 37 79 7
49 77 42 53 56 12 36
71 20 8 69 47 50 49
50 18 21 54 61 65 61
71 20 8 32 48 56 55
28 7 30 83 33 13 31
45 68 53 50 18 21 59
79 11 17 29 86 70 91
38 67 36 27 0 57 70
21 44 67 31 11 10 65
75 37 79 16 42 28 51
65 46 69 29 86 70 40
28 7 30 7 51 48 47
13 44 76 68 42 69 7
38 67 36 63 5 49 63
18 40 41 63 5 49 35
44 16 23 0 12 2 21
11 66 51 65 46 69 26
85 31 61 25 37 38 23
26 18 22 86 41 40 29
66 41 20 19 21 86 68
31 11 10 61 80 16 69
8 85 50 23 25 26 64
38 67 36 56 30 79 56
74 47 23 78 24 47 33
5 72 20 84 44 12 29
0 12 2 41 32 76 76
12 63 38 63 5 49 59
57 77 61 68 42 69 35
37 23 62 49 77 42 57
34 61 84 33 56 80 6
62 12 21 4 23 9 16
52 23 71 34 61 84 40
64 8 22 27 0 57 35
78 24 47 0 12 2 46
14 38 54 18 40 41 13
38 67 36 50 18 21 51
84 44 12 46 45 3 9
60 20 13 71 20 8 5
60 20 13 19 21 86 73
5 72 20 3 21 16 51
34 61 84 64 8 22 81
31 11 10 10 15 15 6
86 41 40 61 80 16 45
10 15 15 85 31 61 48
28 7 30 44 16 23 11
71 20 8 11 66 51 62
2 43 18 51 54 9 14
8 85 50 24 13 82 78
69 47 50 65 46 69 19
62 12 21 85 31 61 44
60 20 13 74 47 23 28
14 38 54 84 44 12 42
23 25 26 41 32 76 50
9 73 80 71 20 8 89
54 61 65 73 54 34 31
56 30 79 34 61 84 31
17 52 23 69 47 50 27
70 30 20 66 41 20 11
28 7 30 39 83 23 76
49 77 42 48 29 83 63
23 25 26 34 61 84 68
55 45 22 2 43 18 4
70 30 20 67 37 71 51
76 1 60 26 18 22 41
21 44 67 33 56 80 17
73 54 34 69 47 50 17
19 21 86 7 51 48 48
11 66 51 83 33 13 50
77 29 68 6 28 78 10
11 66 51 84 44 12 44
80 41 36 65 46 69 33
25 37 38 53 56 12 32
43 43 51 52 23 71 28
15 34 26 34 61 84 63
31 11 10 28 7 30 20
62 12 21 27 0 57 37
0 12 2 21 44 67 72
78 24 47 56 30 79 32
35 32 76 52 23 71 10
75 37 79 37 23 62 22
34 61 84 7 51 48 37
26 18 22 11 66 51 56
65 46 69 57 77 61 32
70 30 20 65 46 69 51
18 40 41 53 56 12 33
17 52 23 50 18 21 34
70 30 20 0 12 2 25
26 18 22 50 18 21 1
76 1 60 60 20 13 50
65 46 69 1 31 49 25
8 85 50 60 20 13 74
32 48 56 68 42 69 14
72 8 2 60 20 13 16
86 41 40 6 28 78 40
29 86 70 28 7 30 88
75 37 79 34 61 84 24
0 12 2 10 15 15 13
31 11 10 50 18 21 13
41 32 76 7 51 48 33
75 37 79 40 28 16 63
62 12 21 69 47 50 45
24 13 82 68 42 69 31
65 46 69 3 21 16 58
82 34 54 35 32 76 22
8 85 50 27 0 57 85
10 15 15 67 37 71 60
84 44 12 17 52 23 13
6 28 78 28 7 30 52
12 63 38 67 37 71 42
78 24 47 44 16 23 25
31 11 10 19 21 86 76
73 54 34 63 5 49 51
75 37 79 65 46 69 13
58 2 78 16 42 28 64
65 46 69 78 24 47 31
41 32 76 79 11 17 62
13 44 76 51 54 9 67
83 33 13 15 34 26 13
49 77 42 5 72 20 22
22 10 20 82 34 54 41
76 1 60 45 68 53 67
56 30 79 20 36 19 60
76 1 60 18 40 41 43
30 79 81 20 36 19 75
19 21 86 26 18 22 64
65 46 69 56 30 79 18
63 5 49 19 21 86 40
10 15 15 51 54 9 39
29 86 70 35 32 76 54
53 56 12 68 42 69 58
20 36 19 34 61 84 69
86 41 40 39 83 23 45
85 31 61 34 61 84 37
10 15 15 9 73 80 87
19 21 86 33 56 80 35
23 25 26 14 38 54 30
3 21 16 50 18 21 5
35 32 76 56 30 79 3
72 8 2 11 66 51 75
1 31 49 35 32 76 27
66 41 20 15 34 26 9
6 28 78 80 41 36 43
79 11 17 45 68 53 67
53 56 12 72 8 2 49
43 43 51 32 48 56 7
77 29 68 65 46 69 17
44 16 23 38 67 36 52
7 51 48 49 77 42 26
65 46 69 50 18 21 55
59 6 42 3 21 16 30
76 1 60 10 15 15 47
5 72 20 28 7 30 65
65 46 69 12 63 38 35
26 18 22 70 30 20 12
64 8 22 2 43 18 35
60 20 13 47 21 86 73
66 41 20 21 44 67 47
19 21 86 29 86 70 66
51 54 9 72 8 2 46
52 23 71 69 47 50 31
79 11 17 26 18 22 8
4 23 9 31 11 10 12
31 11 10 37 23 62 53
13 44 76 25 37 38 38
5 72 20 51 54 9 21
64 8 22 63 5 49 27
86 41 40 20 36 19 21
53 56 12 64 8 22 49
62 12 21 78 24 47 28
69 47 50 12 63 38 20
68 42 69 54 61 65 19
86 41 40 51 54 9 33
56 30 79 86 41 40 40
36 70 10 60 20 13 50
85 31 61 2 43 18 44
7 51 48 71 20 8 50
30 79 81 3 21 16 87
32 48 56 45 68 53 20
11 66 51 64 8 22 64
83 33 13 24 13 82 71
61 80 16 68 42 69 65
56 30 79 62 12 21 60
17 52 23 56 30 79 60
65 46 69 13 44 76 7
67 37 71 36 70 10 69
75 37 79 55 45 22 57
20 36 19 67 37 71 52
74 47 23 44 16 23 31
82 34 54 71 20 8 48
33 56 80 47 21 86 35
48 29 83 4 23 9 74
41 32 76 21 44 67 15
37 23 62 12 63 38 46
85 31 61 49 77 42 49
14 38 54 5 72 20 48
6 28 78 41 32 76 4
36 70 10 78 24 47 59
82 34 54 43 43 51 9
11 66 51 21 44 67 27
62 12 21 86 41 40 34
54 61 65 39 83 23 47
1 31 49 30 79 81 57
43 43 51 36 70 10 49
26 18 22 63 5 49 29
54 61 65 57 77 61 16
22 10 20 68 42 69 58
78 24 47 85 31 61 15
80 41 36 81 68 76 48
42 51 65 27 0 57 51
47 21 86 85 31 61 26
71 20 8 37 23 62 54
27 0 57 84 44 12 62
66 41 20 72 8 2 37
58 2 78 10 15 15 64
86 41 40 4 23 9 35
83 33 13 46 45 3 15
63 5 49 51 54 9 63
5 72 20 17 52 23 20
18 40 41 38 67 36 27
14 38 54 70 30 20 34
8 85 50 22 10 20 80
61 80 16 69 47 50 47
16 42 28 64 8 22 34
84 44 12 24 13 82 76
9 73 80 16 42 28 60
25 37 38 44 16 23 25
9 73 80 1 31 49 52
53 56 12 85 31 61 55
40 28 16 27 0 57 49
70 30 20 51 54 9 26
50 18 21 27 0 57 40
70 30 20 36 70 10 41
50 18 21 83 33 13 17
67 37 71 85 31 61 11
28 7 30 10 15 15 17
45 68 53 41 32 76 42
44 16 23 13 44 76 59
13 44 76 35 32 76 12
72 8 2 28 7 30 28
51 54 9 0 12 2 42
67 37 71 37 23 62 16
27 0 57 81 68 76 70
74 47 23 25 37 38 18
52 23 71 84 44 12 62
7 51 48 74 47 23 25
42 51 65 17 52 23 42
11 66 51 28 7 30 62
23 25 26 52 23 71 45
6 28 78 45 68 53 47
61 80 16 9 73 80 64
8 85 50 12 63 38 25
57 77 61 58 2 78 76
11 66 51 30 79 81 32
24 13 82 9 73 80 60
32 48 56 86 41 40 17
44 16 23 66 41 20 25
68 42 69 55 45 22 47
85 31 61 59 6 42 31
19 21 86 12 63 38 63
57 77 61 48 29 83 52
70 30 20 32 48 56 40
20 36 19 62 12 21 24
22 10 20 83 33 13 24
56 30 79 84 44 12 68
80 41 36 27 0 57 46
46 45 3 22 10 20 38
11 66 51 31 11 10 68
69 47 50 35 32 76 30
80 41 36 21 44 67 31
23 25 26 54 61 65 53
26 18 22 16 42 28 24
25 37 38 73 54 34 17
75 37 79 19 21 86 17
2 43 18 34 61 84 68
41 32 76 32 48 56 25
29 86 70 75 37 79 49
17 52 23 75 37 79 57
31 11 10 24 13 82 72
42 51 65 84 44 12 53
64 8 22 76 1 60 38
36 70 10 72 8 2 62
62 12 21 64 8 22 4
43 43 51 25 37 38 14
56 30 79 44 16 23 57
15 34 26 48 29 83 57
33 56 80 52 23 71 34
59 6 42 78 24 47 18
80 41 36 5 72 20 34
80 41 36 29 86 70 56
77 29 68 63 5 49 30
42 51 65 62 12 21 58
78 24 47 10 15 15 33
63 5 49 17 52 23 53
81 68 76 46 45 3 76
49 77 42 65 46 69 41
75 37 79 60 20 13 68
44 16 23 69 47 50 41
85 31 61 12 63 38 39
45 68 53 75 37 79 40
63 5 49 49 77 42 72
42 51 65 5 72 20 49
81 68 76 76 1 60 68
29 86 70 5 72 20 51
82 34 54 0 12 2 56
9 73 80 83 33 13 78
30 79 81 60 20 13 90
68 42 69 1 31 49 22
10 15 15 54 61 65 67
66 41 20 47 21 86 68
12 63 38 81 68 76 38
61 80 16 39 83 23 7
23 25 26 58 2 78 56
20 36 19 4 23 9 16
67 37 71 86 41 40 31
24 13 82 27 0 57 28
34 61 84 46 45 3 82
47 21 86 68 42 69 27
20 36 19 35 32 76 57
59 6 42 26 18 22 23
71 20 8 42 51 65 64
43 43 51 58 2 78 49
47 21 86 36 70 10 90
2 43 18 76 1 60 59
70 30 20 6 28 78 58
50 18 21 69 47 50 41
50 18 21 67 37 71 53
59 6 42 58 2 78 36
32 48 56 63 5 49 43
52 23 71 70 30 20 51
39 83 23 29 86 70 47
43 43 51 45 68 53 25
3 21 16 39 83 23 62
6 28 78 79 11 17 63
33 56 80 50 18 21 70
20 36 19 82 34 54 35
42 51 65 12 63 38 29
12 63 38 49 77 42 14
20 36 19 51 54 9 20
54 61 65 16 42 28 41
80 41 36 18 40 41 5
49 77 42 24 13 82 75
84 44 12 40 28 16 16
20 36 19 19 21 86 68
38 67 36 67 37 71 46
65 46 69 15 34 26 44
34 61 84 25 37 38 51
75 37 79 44 16 23 59
34 61 84 22 10 20 81
44 16 23 52 23 71 48
23 25 26 76 1 60 41
15 34 26 84 44 12 17
25 37 38 6 28 78 41
67 37 71 77 29 68 8
10 15 15 82 34 54 43
73 54 34 13 44 76 43
29 86 70 11 66 51 27
66 41 20 2 43 18 2
86 41 40 50 18 21 29
60 20 13 24 13 82 69
71 20 8 48 29 83 75
6 28 78 34 61 84 33
11 66 51 39 83 23 32
75 37 79 48 29 83 8
45 68 53 15 34 26 43
7 51 48 48 29 83 41
35 32 76 63 5 49 38
19 21 86 0 12 2 84
82 34 54 55 45 22 33
4 23 9 38 67 36 51
31 11 10 45 68 53 71
10 15 15 49 77 42 67
62 12 21 15 34 26 22
10 15 15 22 10 20 7
33 56 80 30 79 81 23
12 63 38 79 11 17 56
64 8 22 42 51 65 60
16 42 28 57 77 61 48
4 23 9 22 10 20 17
13 44 76 63 5 49 47
82 34 54 49 77 42 44
23 25 26 46 45 3 30
50 18 21 53 56 12 39
2 43 18 30 79 81 72
70 30 20 49 77 42 51
62 12 21 67 37 71 55
21 44 67 51 54 9 58
69 47 50 86 41 40 11
44 16 23 48 29 83 61
63 5 49 56 30 79 39
82 34 54 34 61 84 40
50 18 21 62 12 21 6
57 77 61 17 52 23 45
45 68 53 81 68 76 23
53 56 12 65 46 69 57
42 51 65 75 37 79 19
75 37 79 74 47 23 56
25 37 38 83 33 13 25
45 68 53 19 21 86 57
3 21 16 7 51 48 43
42 51 65 70 30 20 49
49 77 42 39 83 23 19
44 16 23 42 51 65 54
81 68 76 48 29 83 39
61 80 16 65 46 69 62
81 68 76 40 28 16 72
29 86 70 56 30 79 56
44 16 23 39 83 23 67
3 21 16 35 32 76 61
24 13 82 70 30 20 64
9 73 80 44 16 23 80
40 28 16 67 37 71 55
83 33 13 67 37 71 58
77 29 68 82 34 54 14
10 15 15 74 47 23 32
25 37 38 60 20 13 30
75 37 79 86 41 40 39
16 42 28 23 25 26 17
45 68 53 0 12 2 75
86 41 40 42 51 65 26
33 56 80 17 52 23 57
53 56 12 13 44 76 65
73 54 34 71 20 8 42
42 51 65 11 66 51 20
30 79 81 70 30 20 78
78 24 47 49 77 42 53
36 70 10 38 67 36 26
14 38 54 45 68 53 30
61 80 16 53 56 12 24
54 61 65 13 44 76 20
60 20 13 69 47 50 45
86 41 40 11 66 51 27
71 20 8 43 43 51 48
8 85 50 40 28 16 66
50 18 21 64 8 22 10
29 86 70 70 30 20 75
11 66 51 8 85 50 19
61 80 16 59 6 42 78
28 7 30 47 21 86 57
3 21 16 46 45 3 27
26 18 22 47 21 86 64
76 1 60 24 13 82 25
24 13 82 50 18 21 61
14 38 54 66 41 20 34
72 8 2 78 24 47 47
20 36 19 68 42 69 50
16 42 28 51 54 9 22
40 28 16 41 32 76 60
43 43 51 10 15 15 45
59 6 42 51 54 9 58
17 52 23 21 44 67 44
59 6 42 56 30 79 44
85 31 61 1 31 49 12
16 42 28 84 44 12 16
49 77 42 4 23 9 63
77 29 68 24 13 82 21
50 18 21 9 73 80 80
78 24 47 15 34 26 23
60 20 13 14 38 54 44
56 30 79 36 70 10 79
58 2 78 2 43 18 72
16 42 28 72 8 2 42
5 72 20 62 12 21 60
49 77 42 75 37 79 54
52 23 71 46 45 3 71
1 31 49 57 77 61 47
64 8 22 29 86 70 91
15 34 26 81 68 76 60
72 8 2 31 11 10 8
55 45 22 50 18 21 27
20 36 19 40 28 16 8
8 85 50 0 12 2 87
85 31 61 51 54 9 56
56 30 79 77 29 68 11
65 46 69 71 20 8 66
54 61 65 81 68 76 13
75 37 79 0 12 2 80
43 43 51 54 61 65 22
32 48 56 29 86 70 40
73 54 34 28 7 30 47
41 32 76 85 31 61 15
34 61 84 67 37 71 27
43 43 51 55 45 22 29
47 21 86 37 23 62 24
38 67 36 82 34 54 37
38 67 36 15 34 26 34
10 15 15 23 25 26 14
11 66 51 85 31 61 36
36 70 10 54 61 65 55
78 24 47 30 79 81 64
3 21 16 20 36 19 15
21 44 67 81 68 76 25
64 8 22 41 32 76 59
67 37 71 48 29 83 14
74 47 23 56 30 79 58
21 44 67 86 41 40 27
64 8 22 46 45 3 41
47 21 86 16 42 28 61
72 8 2 3 21 16 19
2 43 18 49 77 42 41
48 29 83 51 54 9 78
1 31 49 59 6 42 25
27 0 57 31 11 10 48
50 18 21 2 43 18 25
28 7 30 54 61 65 64
8 85 50 9 73 80 32
48 29 83 29 86 70 58
23 25 26 27 0 57 39
28 7 30 56 30 79 54
33 56 80 72 8 2 91
17 52 23 49 77 42 31
43 43 51 5 72 20 42
16 42 28 52 23 71 47
62 12 21 7 51 48 47
18 40 41 71 20 8 38
20 36 19 23 25 26 13
65 46 69 66 41 20 49
5 72 20 61 80 16 8
71 20 8 12 63 38 52
83 33 13 35 32 76 63
21 44 67 47 21 86 29
80 41 36 47 21 86 53
21 44 67 8 85 50 44
11 66 51 81 68 76 25
54 61 65 55 45 22 45
9 73 80 11 66 51 29
29 86 70 13 44 76 42
7 51 48 79 11 17 50
16 42 28 76 1 60 52
54 61 65 70 30 20 54
69 47 50 10 15 15 47
73 54 34 38 67 36 13
37 23 62 39 83 23 71
83 33 13 14 38 54 41
23 25 26 80 41 36 18
10 15 15 52 23 71 56
84 44 12 7 51 48 36
77 29 68 31 11 10 60
44 16 23 41 32 76 55
37 23 62 38 67 36 51
36 70 10 17 52 23 22
77 29 68 7 51 48 29
17 52 23 52 23 71 56
27 0 57 11 66 51 66
78 24 47 14 38 54 15
63 5 49 16 42 28 42
28 7 30 12 63 38 56
66 41 20 60 20 13 22
50 18 21 66 41 20 23
14 38 54 68 42 69 15
29 86 70 55 45 22 63
15 34 26 60 20 13 19
81 68 76 32 48 56 28
68 42 69 21 44 67 2
66 41 20 10 15 15 26
63 5 49 53 56 12 63
15 34 26 30 79 81 71
42 51 65 1 31 49 25
83 33 13 26 18 22 17
4 23 9 75 37 79 71
26 18 22 36 70 10 53
56 30 79 25 37 38 41
8 85 50 71 20 8 77
4 23 9 21 44 67 61
69 47 50 41 32 76 30
58 2 78 40 28 16 67
0 12 2 1 31 49 50
5 72 20 74 47 23 25
83 33 13 5 72 20 39
77 29 68 46 45 3 66
62 12 21 73 54 34 43
65 46 69 82 34 54 19
29 86 70 2 43 18 67
15 34 26 20 36 19 7
81 68 76 0 12 2 92
22 10 20 19 21 86 66
66 41 20 0 12 2 34
46 45 3 57 77 61 66
19 21 86 38 67 36 67
68 42 69 29 86 70 44
32 48 56 2 43 18 38
13 44 76 12 63 38 42
4 23 9 52 23 71 62
55 45 22 65 46 69 47
53 56 12 74 47 23 14
6 28 78 82 34 54 24
37 23 62 59 6 42 26
27 0 57 0 12 2 56
28 7 30 53 56 12 52
33 56 80 1 31 49 39
76 1 60 85 31 61 30
7 51 48 55 45 22 26
33 56 80 66 41 20 61
77 29 68 50 18 21 48
18 40 41 7 51 48 13
70 30 20 38 67 36 40
77 29 68 20 36 19 49
66 41 20 64 8 22 33
13 44 76 64 8 22 64
56 30 79 0 12 2 79
14 38 54 15 34 26 28
68 42 69 41 32 76 12
42 51 65 76 1 60 50
53 56 12 69 47 50 39
24 13 82 37 23 62 22
13 44 76 34 61 84 18
19 21 86 10 15 15 71
1 31 49 18 40 41 12
84 44 12 9 73 80 73
67 37 71 22 10 20 57
59 6 42 4 23 9 37
48 29 83 38 67 36 60
24 13 82 35 32 76 19
3 21 16 78 24 47 31
37 23 62 9 73 80 53
47 21 86 12 63 38 63
26 18 22 81 68 76 73
83 33 13 51 54 9 21
35 32 76 74 47 23 55
49 77 42 43 43 51 35
1 31 49 75 37 79 30
74 47 23 22 10 20 37
79 11 17 60 20 13 9
70 30 20 55 45 22 15
66 41 20 55 45 22 4
78 24 47 5 72 20 55
15 34 26 0 12 2 32
5 72 20 55 45 22 27
27 0 57 13 44 76 47
41 32 76 56 30 79 3
70 30 20 11 66 51 47
14 38 54 28 7 30 39
66 41 20 7 51 48 29
65 46 69 33 56 80 14
72 8 2 54 61 65 82
46 45 3 33 56 80 77
59 6 42 8 85 50 79
33 56 80 84 44 12 69
40 28 16 72 8 2 24
15 34 26 33 56 80 58
62 12 21 60 20 13 11
17 52 23 14 38 54 34
44 16 23 54 61 65 61
44 16 23 5 72 20 56
51 54 9 50 18 21 37
66 41 20 83 33 13 10
48 29 83 13 44 76 16
39 83 23 81 68 76 55
31 11 10 67 37 71 66
56 30 79 61 80 16 80
27 0 57 61 80 16 89
20 36 19 57 77 61 58
72 8 2 14 38 54 60
12 63 38 72 8 2 65
18 40 41 31 11 10 42
32 48 56 40 28 16 44
14 38 54 49 77 42 40
30 79 81 52 23 71 56
54 61 65 79 11 17 69
40 28 16 86 41 40 27
28 7 30 59 6 42 12
48 29 83 31 11 10 75
39 83 23 1 31 49 58
69 47 50 36 70 10 46
18 40 41 22 10 20 36
15 34 26 67 37 71 45
0 12 2 36 70 10 58
9 73 80 28 7 30 82
27 0 57 18 40 41 43
39 83 23 60 20 13 63
3 21 16 63 5 49 36
39 83 23 85 31 61 64
49 77 42 9 73 80 38
1 31 49 15 34 26 23
65 46 69 46 45 3 66
54 61 65 82 34 54 29
57 77 61 61 80 16 45
47 21 86 54 61 65 45
7 51 48 65 46 69 21
72 8 2 50 18 21 21
3 21 16 83 33 13 12
6 28 78 75 37 79 9
71 20 8 47 21 86 78
21 44 67 45 68 53 27
12 63 38 53 56 12 26
8 85 50 82 34 54 51
76 1 60 66 41 20 56
84 44 12 29 86 70 71
66 41 20 20 36 19 5
6 28 78 76 1 60 32
72 8 2 29 86 70 103
38 67 36 60 20 13 52
43 43 51 84 44 12 39
57 77 61 77 29 68 48
2 43 18 26 18 22 25
33 56 80 70 30 20 65
65 46 69 37 23 62 24
36 70 10 79 11 17 59
40 28 16 85 31 61 45
61 80 16 22 10 20 70
8 85 50 63 5 49 80
34 61 84 70 30 20 71
37 23 62 33 56 80 37
1 31 49 32 48 56 18
15 34 26 86 41 40 15
8 85 50 39 83 23 27
62 12 21 54 61 65 65
37 23 62 54 61 65 38
79 11 17 32 48 56 53
33 56 80 53 56 12 68
79 11 17 37 23 62 46
68 42 69 37 23 62 20
73 54 34 39 83 23 31
27 0 57 44 16 23 37
68 42 69 12 63 38 37
45 68 53 59 6 42 62
17 52 23 79 11 17 41
2 43 18 77 29 68 51
79 11 17 8 85 50 81
33 56 80 83 33 13 70
8 85 50 20 36 19 57
46 45 3 6 28 78 76
75 37 79 12 63 38 48
5 72 20 4 23 9 50
80 41 36 83 33 13 24
9 73 80 81 68 76 6
46 45 3 56 30 79 77
81 68 76 60 20 13 79
78 24 47 68 42 69 28
69 47 50 78 24 47 23
35 32 76 86 41 40 37
68 42 69 75 37 79 11
11 66 51 24 13 82 61
63 5 49 31 11 10 39
43 43 51 62 12 21 43
49 77 42 64 8 22 71
5 72 20 36 70 10 10
57 77 61 25 37 38 46
20 36 19 16 42 28 10
28 7 30 63 5 49 19
29 86 70 21 44 67 42
53 56 12 16 42 28 21
27 0 57 77 29 68 31
60 20 13 57 77 61 74
36 70 10 12 63 38 28
12 63 38 86 41 40 22
67 37 71 21 44 67 8
82 34 54 13 44 76 24
32 48 56 15 34 26 33
14 38 54 80 41 36 18
25 37 38 19 21 86 50
12 63 38 59 6 42 57
13 44 76 86 41 40 36
2 43 18 9 73 80 68
62 12 21 11 66 51 61
69 47 50 72 8 2 61
41 32 76 50 18 21 56
67 37 71 44 16 23 52
38 67 36 14 38 54 34
34 61 84 66 41 20 67
57 77 61 2 43 18 54
61 80 16 82 34 54 59
20 36 19 14 38 54 35
18 40 41 11 66 51 27
60 20 13 49 77 42 63
39 83 23 79 11 17 72
51 54 9 61 80 16 26
8 85 50 64 8 22 81
82 34 54 45 68 53 34
35 32 76 66 41 20 56
33 56 80 78 24 47 45
29 86 70 4 23 9 87
65 46 69 30 79 81 35
80 41 36 44 16 23 28
83 33 13 47 21 86 73
85 31 61 55 45 22 41
30 79 81 64 8 22 92
19 21 86 81 68 76 48
14 38 54 32 48 56 10
33 56 80 5 72 20 62
81 68 76 61 80 16 61
79 11 17 73 54 34 46
78 24 47 71 20 8 39
67 37 71 27 0 57 39
56 30 79 68 42 69 15
71 20 8 5 72 20 53
52 23 71 37 23 62 9
66 41 20 4 23 9 21
57 77 61 73 54 34 35
32 48 56 83 33 13 45
77 29 68 39 83 23 70
61 80 16 44 16 23 64
1 31 49 79 11 17 37
4 23 9 37 23 62 53
4 23 9 71 20 8 3
19 21 86 3 21 16 70
26 18 22 31 11 10 13
6 28 78 0 12 2 77
22 10 20 51 54 9 45
12 63 38 27 0 57 65
53 56 12 5 72 20 17
8 85 50 51 54 9 51
28 7 30 49 77 42 71
52 23 71 15 34 26 46
57 77 61 41 32 76 47
51 54 9 33 56 80 71
60 20 13 5 72 20 52
52 23 71 83 33 13 58
78 24 47 38 67 36 44
11 66 51 82 34 54 32
72 8 2 8 85 50 90
81 68 76 44 16 23 74
4 23 9 14 38 54 47
11 66 51 58 2 78 69
7 51 48 72 8 2 62
63 5 49 69 47 50 42
33 56 80 40 28 16 69
39 83 23 14 38 54 54
9 73 80 41 32 76 41
29 86 70 38 67 36 38
5 72 20 10 15 15 57
47 21 86 24 13 82 8
1 31 49 80 41 36 16
16 42 28 2 43 18 10
29 86 70 33 56 80 31
44 16 23 49 77 42 63
5 72 20 54 61 65 46
63 5 49 76 1 60 11
71 20 8 51 54 9 34
66 41 20 73 54 34 19
51 54 9 18 40 41 34
33 56 80 85 31 61 31
45 68 53 38 67 36 17
47 21 86 19 21 86 0
61 80 16 71 20 8 60
21 44 67 75 37 79 13
22 10 20 77 29 68 51
18 40 41 8 85 50 45
69 47 50 58 2 78 53
29 86 70 77 29 68 57
39 83 23 35 32 76 73
49 77 42 35 32 76 56
39 83 23 5 72 20 11
79 11 17 19 21 86 69
50 18 21 36 70 10 53
16 42 28 38 67 36 26
19 21 86 76 1 60 32
36 70 10 32 48 56 50
44 16 23 14 38 54 38
35 32 76 73 54 34 47
17 52 23 24 13 82 70
4 23 9 28 7 30 26
54 61 65 84 44 12 55
51 54 9 81 68 76 68
75 37 79 23 25 26 54
74 47 23 43 43 51 28
75 37 79 73 54 34 48
19 21 86 23 25 26 60
13 44 76 60 20 13 67
44 16 23 17 52 23 36
1 31 49 22 10 20 35
82 34 54 76 1 60 33
83 33 13 74 47 23 17
41 32 76 73 54 34 47
82 34 54 85 31 61 7
18 40 41 41 32 76 35
80 41 36 71 20 8 35
68 42 69 77 29 68 13
66 41 20 1 31 49 30
56 30 79 1 31 49 30
59 6 42 81 68 76 70
36 70 10 42 51 65 58
79 11 17 28 7 30 13
81 68 76 1 31 49 45
12 63 38 10 15 15 53
30 79 81 72 8 2 106
86 41 40 53 56 12 31
64 8 22 17 52 23 44
32 48 56 53 56 12 44
3 21 16 71 20 8 8
15 34 26 56 30 79 53
21 44 67 60 20 13 59
11 66 51 34 61 84 33
40 28 16 55 45 22 18
65 46 69 22 10 20 60
36 70 10 28 7 30 66
83 33 13 84 44 12 11
7 51 48 50 18 21 42
51 54 9 9 73 80 73
21 44 67 42 51 65 7
11 66 51 73 54 34 20
23 25 26 38 67 36 43
76 1 60 0 12 2 59
77 29 68 84 44 12 57
40 28 16 11 66 51 51
19 21 86 48 29 83 8
6 28 78 68 42 69 16
77 29 68 73 54 34 42
86 41 40 44 16 23 30
46 45 3 72 8 2 37
35 32 76 10 15 15 63
39 83 23 71 20 8 64
79 11 17 10 15 15 4
30 79 81 54 61 65 24
12 63 38 66 41 20 28
60 20 13 85 31 61 49
53 56 12 21 44 67 56
41 32 76 16 42 28 49
17 52 23 15 34 26 18
77 29 68 19 21 86 19
4 23 9 53 56 12 33
28 7 30 74 47 23 40
80 41 36 78 24 47 20
28 7 30 22 10 20 10
13 44 76 81 68 76 24
55 45 22 77 29 68 48
43 43 51 2 43 18 33
28 7 30 67 37 71 50
11 66 51 76 1 60 65
60 20 13 26 18 22 9
54 61 65 86 41 40 32
72 8 2 13 44 76 82