18 153
17 3 8 9 15 9 12
15 14 5 13 0 11 15
10 14 13 15 14 5 8
4 1 11 17 3 8 3
7 5 1 12 14 2 9
4 1 11 3 9 5 10
1 9 4 3 9 5 1
8 3 3 9 15 9 13
5 6 3 0 10 13 10
4 1 11 14 7 6 7
3 9 5 13 0 11 10
8 3 3 4 1 11 8
15 14 5 5 6 3 8
11 3 15 8 3 3 12
16 2 17 13 0 11 6
13 0 11 8 3 3 8
17 3 8 13 0 11 4
12 14 2 17 3 8 12
2 5 0 15 14 5 10
10 14 13 17 3 8 12
0 10 13 14 7 6 7
4 1 11 15 14 5 14
17 3 8 11 3 15 7
5 6 3 17 3 8 5
14 7 6 15 14 5 7
2 5 0 9 15 9 13
5 6 3 11 3 15 12
8 3 3 1 9 4 6
7 5 1 3 9 5 5
14 7 6 2 5 0 6
5 6 3 1 9 4 3
1 9 4 10 14 13 10
3 9 5 10 14 13 9
2 5 0 13 0 11 12
0 10 13 3 9 5 8
6 8 0 5 6 3 3
13 0 11 1 9 4 11
12 14 2 8 3 3 11
1 9 4 0 10 13 9
9 15 9 1 9 4 7
1 9 4 17 3 8 7
16 2 17 5 6 3 14
4 1 11 13 0 11 1
7 5 1 17 3 8 7
6 8 0 13 0 11 13
0 10 13 2 5 0 13
9 15 9 13 0 11 15
15 14 5 6 8 0 7
11 3 15 2 5 0 15
2 5 0 12 14 2 9
7 5 1 16 2 17 16
7 5 1 2 5 0 1
12 14 2 10 14 13 11
2 5 0 8 3 3 3
6 8 0 8 3 3 5
6 8 0 10 14 13 14
1 9 4 16 2 17 14
1 9 4 7 5 1 5
13 0 11 10 14 13 14
12 14 2 13 0 11 16
8 3 3 0 10 13 12
7 5 1 9 15 9 12
9 15 9 11 3 15 13
14 7 6 7 5 1 5
12 14 2 15 14 5 3
8 3 3 5 6 3 3
14 7 6 10 14 13 9
4 1 11 2 5 0 11
4 1 11 5 6 3 9
9 15 9 10 14 13 4
6 8 0 16 2 17 18
0 10 13 16 2 17 8
5 6 3 3 9 5 3
5 6 3 2 5 0 3
0 10 13 12 14 2 11
3 9 5 11 3 15 11
0 10 13 10 14 13 4
14 7 6 13 0 11 8
9 15 9 16 2 17 15
17 3 8 14 7 6 4
13 0 11 11 3 15 5
16 2 17 4 1 11 6
10 14 13 11 3 15 11
1 9 4 12 14 2 5
8 3 3 16 2 17 14
15 14 5 16 2 17 16
2 5 0 17 3 8 8
2 5 0 10 14 13 15
11 3 15 16 2 17 2
17 3 8 3 9 5 6
7 5 1 5 6 3 2
11 3 15 15 14 5 14
9 15 9 4 1 11 14
14 7 6 9 15 9 8
14 7 6 1 9 4 2
10 14 13 8 3 3 14
14 7 6 6 8 0 6
10 14 13 4 1 11 13
10 14 13 16 2 17 12
13 0 11 0 10 13 10
12 14 2 16 2 17 19
10 14 13 5 6 3 12
0 10 13 4 1 11 9
9 15 9 0 10 13 6
12 14 2 14 7 6 8
8 3 3 3 9 5 6
12 14 2 4 1 11 15
8 3 3 15 14 5 11
0 10 13 7 5 1 13
5 6 3 13 0 11 10
9 15 9 3 9 5 7
4 1 11 11 3 15 4
0 10 13 6 8 0 13
2 5 0 6 8 0 3
14 7 6 5 6 3 3
6 8 0 4 1 11 13
17 3 8 16 2 17 9
3 9 5 12 14 2 5
4 1 11 1 9 4 10
6 8 0 1 9 4 4
7 5 1 10 14 13 15
7 5 1 6 8 0 3
3 9 5 6 8 0 5
17 3 8 15 14 5 11
17 3 8 0 10 13 8
0 10 13 15 14 5 8
11 3 15 7 5 1 14
9 15 9 15 14 5 4
12 14 2 5 6 3 8
3 9 5 15 14 5 5
15 14 5 7 5 1 9
14 7 6 3 9 5 2
13 0 11 7 5 1 11
2 5 0 16 2 17 17
2 5 0 1 9 4 5
12 14 2 6 8 0 6
4 1 11 7 5 1 10
9 15 9 12 14 2 7
11 3 15 1 9 4 12
17 3 8 8 3 3 5
16 2 17 14 7 6 12
1 9 4 15 14 5 5
11 3 15 12 14 2 17
0 10 13 11 3 15 7
3 9 5 2 5 0 6
5 6 3 9 15 9 10
8 3 3 14 7 6 5
16 2 17 3 9 5 13
6 8 0 11 3 15 15
14 7 6 11 3 15 9
9 15 9 6 8 0 11
7 5 1 8 3 3 2
6 8 0 17 3 8 9