55 1485
6 25 28 19 6 52 30
3 1 45 52 8 8 37
29 6 29 47 28 15 26
3 1 45 16 33 30 35
3 1 45 5 28 29 31
23 47 38 0 30 25 21
4 11 26 30 43 25 32
52 8 8 32 16 24 17
11 38 27 7 0 12 40
53 30 28 5 28 29 2
38 45 48 45 3 1 63
53 30 28 45 3 1 38
37 11 40 15 14 27 13
28 2 50 46 53 34 53
39 7 2 29 6 29 27
52 8 8 24 54 22 48
30 43 25 53 30 28 13
41 37 52 7 0 12 54
53 30 28 8 17 44 20
33 13 46 37 11 40 6
43 50 4 12 15 22 39
49 54 6 20 40 4 14
44 4 35 23 47 38 43
26 28 53 54 49 6 51
52 8 8 36 0 14 10
3 1 45 38 45 48 44
54 49 6 10 40 20 16
12 15 22 42 44 9 31
10 40 20 37 11 40 35
21 36 40 54 49 6 36
51 16 34 14 5 27 13
23 47 38 53 30 28 19
0 30 25 12 15 22 15
33 13 46 50 23 17 30
37 11 40 25 24 9 33
27 31 32 30 43 25 13
49 54 6 41 37 52 49
45 3 1 35 27 49 53
20 40 4 3 1 45 56
21 36 40 5 28 29 13
44 4 35 7 0 12 23
14 5 27 26 28 53 34
17 4 39 50 23 17 29
10 40 20 23 47 38 19
37 11 40 6 25 28 18
38 45 48 9 32 34 19
29 6 29 51 16 34 11
35 27 49 13 37 47 10
34 24 34 4 11 26 15
28 2 50 8 17 44 16
23 47 38 48 4 27 44
32 16 24 48 4 27 12
22 44 11 18 17 19 28
27 31 32 44 4 35 27
10 40 20 49 54 6 19
42 44 9 3 1 45 56
25 24 9 51 16 34 26
34 24 34 5 28 29 6
42 44 9 19 6 52 57
46 53 34 53 30 28 23
16 33 30 40 2 49 36
9 32 34 2 8 26 25
16 33 30 2 8 26 25
16 33 30 30 43 25 11
28 2 50 20 40 4 59
18 17 19 31 28 13 12
4 11 26 50 23 17 15
15 14 27 3 1 45 22
21 36 40 25 24 9 33
0 30 25 35 27 49 24
47 28 15 52 8 8 21
27 31 32 11 38 27 8
1 29 38 28 2 50 29
21 36 40 7 0 12 45
54 49 6 19 6 52 62
14 5 27 19 6 52 25
1 29 38 41 37 52 16
26 28 53 45 3 1 57
36 0 14 40 2 49 35
52 8 8 41 37 52 52
2 8 26 28 2 50 24
14 5 27 18 17 19 14
21 36 40 50 23 17 26
20 40 4 51 16 34 38
42 44 9 7 0 12 44
28 2 50 31 28 13 45
54 49 6 22 44 11 7
10 40 20 12 15 22 25
6 25 28 5 28 29 3
16 33 30 17 4 39 30
8 17 44 24 54 22 43
2 8 26 8 17 44 20
15 14 27 0 30 25 16
11 38 27 54 49 6 23
29 6 29 27 31 32 25
6 25 28 15 14 27 11
21 36 40 53 30 28 13
31 28 13 32 16 24 16
11 38 27 8 17 44 27
44 4 35 49 54 6 57
24 54 22 1 29 38 29
48 4 27 13 37 47 38
29 6 29 33 13 46 18
17 4 39 47 28 15 33
48 4 27 51 16 34 13
15 14 27 52 8 8 19
53 30 28 16 33 30 3
22 44 11 52 8 8 36
54 49 6 0 30 25 26
14 5 27 5 28 29 23
12 15 22 47 28 15 14
17 4 39 51 16 34 13
45 3 1 29 6 29 28
33 13 46 9 32 34 22
44 4 35 18 17 19 20
17 4 39 41 37 52 35
6 25 28 4 11 26 14
24 54 22 3 1 45 57
33 13 46 18 17 19 27
31 28 13 3 1 45 41
47 28 15 49 54 6 27
9 32 34 17 4 39 28
26 28 53 7 0 12 49
21 36 40 23 47 38 11
29 6 29 34 24 34 18
27 31 32 24 54 22 25
32 16 24 8 17 44 20
37 11 40 9 32 34 21
29 6 29 49 54 6 53
5 28 29 29 6 29 22
35 27 49 12 15 22 29
24 54 22 43 50 4 18
37 11 40 49 54 6 54
17 4 39 36 0 14 25
39 7 2 18 17 19 19
21 36 40 11 38 27 13
9 32 34 4 11 26 22
22 44 11 0 30 25 19
33 13 46 45 3 1 46
36 0 14 26 28 53 48
32 16 24 28 2 50 29
34 24 34 46 53 34 29
44 4 35 17 4 39 4
42 44 9 31 28 13 16
37 11 40 30 43 25 35
14 5 27 12 15 22 11
41 37 52 26 28 53 9
17 4 39 20 40 4 50
50 23 17 29 6 29 20
25 24 9 28 2 50 46
52 8 8 37 11 40 32
11 38 27 23 47 38 14
51 16 34 19 6 52 20
29 6 29 6 25 28 19
24 54 22 41 37 52 34
27 31 32 3 1 45 32
14 5 27 39 7 2 25
9 32 34 29 6 29 26
27 31 32 31 28 13 19
27 31 32 47 28 15 17
41 37 52 34 24 34 22
7 0 12 49 54 6 54
37 11 40 44 4 35 8
40 2 49 38 45 48 43
46 53 34 42 44 9 26
19 6 52 20 40 4 58
48 4 27 41 37 52 41
32 16 24 25 24 9 17
44 4 35 28 2 50 15
27 31 32 43 50 4 33
51 16 34 42 44 9 37
10 40 20 5 28 29 15
21 36 40 27 31 32 9
25 24 9 50 23 17 8
11 38 27 2 8 26 30
7 0 12 13 37 47 50
46 53 34 5 28 29 25
40 2 49 32 16 24 28
37 11 40 27 31 32 21
42 44 9 48 4 27 43
10 40 20 31 28 13 13
41 37 52 14 5 27 40
0 30 25 19 6 52 36
24 54 22 50 23 17 31
7 0 12 22 44 11 44
25 24 9 53 30 28 19
27 31 32 38 45 48 21
34 24 34 33 13 46 16
42 44 9 18 17 19 28
4 11 26 16 33 30 22
53 30 28 38 45 48 25
12 15 22 2 8 26 8
40 2 49 1 29 38 29
44 4 35 2 8 26 9
51 16 34 10 40 20 27
43 50 4 33 13 46 55
42 44 9 0 30 25 21
20 40 4 12 15 22 30
45 3 1 28 2 50 49
8 17 44 50 23 17 27
25 24 9 12 15 22 15
23 47 38 9 32 34 15
16 33 30 10 40 20 12
53 30 28 1 29 38 10
53 30 28 14 5 27 25
12 15 22 33 13 46 24
8 17 44 42 44 9 44
46 53 34 10 40 20 19
15 14 27 33 13 46 19
30 43 25 34 24 34 21
21 36 40 41 37 52 12
46 53 34 15 14 27 39
3 1 45 21 36 40 35
33 13 46 24 54 22 47
9 32 34 40 2 49 33
45 3 1 21 36 40 51
35 27 49 52 8 8 45
25 24 9 30 43 25 24
3 1 45 23 47 38 46
38 45 48 0 30 25 27
17 4 39 8 17 44 13
0 30 25 45 3 1 36
28 2 50 48 4 27 23
18 17 19 45 3 1 22
22 44 11 32 16 24 30
52 8 8 4 11 26 18
49 54 6 24 54 22 16
19 6 52 11 38 27 40
0 30 25 1 29 38 13
21 36 40 38 45 48 12
26 28 53 46 53 34 31
26 28 53 20 40 4 50
37 11 40 11 38 27 29
8 17 44 27 31 32 18
42 44 9 27 31 32 26
30 43 25 0 30 25 13
16 33 30 46 53 34 20
47 28 15 28 2 50 43
18 17 19 30 43 25 26
18 17 19 17 4 39 23
48 4 27 10 40 20 36
9 32 34 50 23 17 19
50 23 17 19 6 52 38
11 38 27 52 8 8 35
47 28 15 16 33 30 15
6 25 28 40 2 49 31
32 16 24 47 28 15 15
52 8 8 19 6 52 44
9 32 34 51 16 34 16
7 0 12 27 31 32 36
22 44 11 49 54 6 11
29 6 29 1 29 38 24
6 25 28 26 28 53 25
20 40 4 45 3 1 37
12 15 22 37 11 40 18
4 11 26 28 2 50 25
35 27 49 47 28 15 34
21 36 40 22 44 11 30
35 27 49 18 17 19 31
12 15 22 18 17 19 3
0 30 25 25 24 9 17
46 53 34 11 38 27 16
30 43 25 40 2 49 47
15 14 27 50 23 17 13
18 17 19 6 25 28 12
43 50 4 39 7 2 43
17 4 39 43 50 4 57
11 38 27 38 45 48 22
7 0 12 53 30 28 34
32 16 24 51 16 34 10
36 0 14 0 30 25 31
5 28 29 22 44 11 24
13 37 47 21 36 40 7
41 37 52 32 16 24 35
27 31 32 6 25 28 7
7 0 12 35 27 49 45
2 8 26 52 8 8 18
10 40 20 47 28 15 13
31 28 13 25 24 9 5
40 2 49 5 28 29 32
9 32 34 12 15 22 20
14 5 27 6 25 28 20
32 16 24 1 29 38 19
50 23 17 32 16 24 9
40 2 49 25 24 9 45
17 4 39 4 11 26 14
14 5 27 8 17 44 20
1 29 38 16 33 30 8
36 0 14 31 28 13 28
14 5 27 23 47 38 43
38 45 48 2 8 26 43
42 44 9 36 0 14 44
20 40 4 7 0 12 40
33 13 46 36 0 14 34
17 4 39 14 5 27 12
6 25 28 47 28 15 13
32 16 24 20 40 4 31
1 29 38 7 0 12 38
24 54 22 37 11 40 46
48 4 27 30 43 25 39
19 6 52 28 2 50 4
47 28 15 14 5 27 25
27 31 32 28 2 50 34
6 25 28 25 24 9 19
9 32 34 35 27 49 15
0 30 25 28 2 50 37
33 13 46 13 37 47 24
44 4 35 48 4 27 8
52 8 8 54 49 6 41
41 37 52 13 37 47 5
48 4 27 52 8 8 19
14 5 27 9 32 34 27
23 47 38 36 0 14 52
13 37 47 44 4 35 35
8 17 44 44 4 35 15
50 23 17 16 33 30 16
8 17 44 29 6 29 18
33 13 46 5 28 29 22
49 54 6 30 43 25 21
19 6 52 16 33 30 34
6 25 28 28 2 50 31
41 37 52 27 31 32 20
34 24 34 19 6 52 25
16 33 30 38 45 48 21
13 37 47 10 40 20 27
16 33 30 49 54 6 31
11 38 27 28 2 50 42
47 28 15 20 40 4 16
21 36 40 36 0 14 44
6 25 28 3 1 45 29
34 24 34 39 7 2 36
4 11 26 22 44 11 36
0 30 25 27 31 32 7
8 17 44 34 24 34 12
1 29 38 2 8 26 24
29 6 29 14 5 27 2
4 11 26 18 17 19 9
35 27 49 48 4 27 31
53 30 28 15 14 27 16
26 28 53 16 33 30 23
12 15 22 45 3 1 24
2 8 26 53 30 28 22
0 30 25 21 36 40 16
2 8 26 3 1 45 20
44 4 35 46 53 34 49
3 1 45 28 2 50 5
39 7 2 22 44 11 38
19 6 52 36 0 14 38
12 15 22 53 30 28 16
23 47 38 38 45 48 10
10 40 20 32 16 24 24
12 15 22 29 6 29 11
34 24 34 27 31 32 7
3 1 45 49 54 6 65
43 50 4 26 28 53 53
14 5 27 20 40 4 41
28 2 50 54 49 6 64
16 33 30 35 27 49 19
28 2 50 26 28 53 26
42 44 9 33 13 46 48
7 0 12 6 25 28 29
6 25 28 17 4 39 23
7 0 12 31 28 13 28
18 17 19 46 53 34 39
26 28 53 53 30 28 25
17 4 39 21 36 40 32
26 28 53 13 37 47 10
40 2 49 47 28 15 42
21 36 40 31 28 13 28
48 4 27 4 11 26 7
37 11 40 0 30 25 24
11 38 27 26 28 53 27
50 23 17 27 31 32 17
14 5 27 28 2 50 23
26 28 53 32 16 24 31
49 54 6 23 47 38 32
8 17 44 12 15 22 22
13 37 47 27 31 32 16
39 7 2 25 24 9 18
16 33 30 36 0 14 36
54 49 6 50 23 17 28
18 17 19 53 30 28 15
10 40 20 2 8 26 32
15 14 27 28 2 50 25
26 28 53 8 17 44 14
32 16 24 54 49 6 37
8 17 44 21 36 40 19
0 30 25 52 8 8 27
31 28 13 47 28 15 2
48 4 27 18 17 19 15
34 24 34 35 27 49 15
48 4 27 26 28 53 35
23 47 38 12 15 22 35
41 37 52 16 33 30 22
48 4 27 2 8 26 4
21 36 40 1 29 38 7
54 49 6 25 24 9 25
44 4 35 0 30 25 27
27 31 32 12 15 22 18
26 28 53 38 45 48 17
21 36 40 37 11 40 25
10 40 20 3 1 45 46
43 50 4 18 17 19 36
6 25 28 54 49 6 32
50 23 17 41 37 52 37
19 6 52 41 37 52 31
20 40 4 41 37 52 48
50 23 17 22 44 11 21
2 8 26 34 24 34 17
9 32 34 41 37 52 18
38 45 48 47 28 15 37
20 40 4 1 29 38 35
51 16 34 54 49 6 43
20 40 4 36 0 14 41
36 0 14 27 31 32 35
2 8 26 27 31 32 23
20 40 4 2 8 26 38
37 11 40 2 8 26 14
20 40 4 34 24 34 34
0 30 25 20 40 4 23
34 24 34 53 30 28 8
47 28 15 0 30 25 10
38 45 48 7 0 12 57
27 31 32 18 17 19 19
24 54 22 7 0 12 54
32 16 24 39 7 2 23
16 33 30 11 38 27 5
16 33 30 24 54 22 22
26 28 53 31 28 13 40
11 38 27 14 5 27 33
6 25 28 46 53 34 28
15 14 27 29 6 29 8
24 54 22 23 47 38 17
46 53 34 30 43 25 13
48 4 27 50 23 17 21
3 1 45 48 4 27 18
18 17 19 29 6 29 14
28 2 50 36 0 14 36
4 11 26 12 15 22 5
23 47 38 28 2 50 46
6 25 28 22 44 11 25
23 47 38 19 6 52 43
30 43 25 36 0 14 44
6 25 28 24 54 22 29
19 6 52 22 44 11 55
48 4 27 24 54 22 50
54 49 6 9 32 34 32
52 8 8 16 33 30 33
16 33 30 25 24 9 22
30 43 25 6 25 28 18
26 28 53 40 2 49 26
48 4 27 49 54 6 54
10 40 20 30 43 25 5
29 6 29 40 2 49 20
54 49 6 29 6 29 48
43 50 4 32 16 24 39
19 6 52 39 7 2 50
46 53 34 22 44 11 24
30 43 25 32 16 24 27
13 37 47 32 16 24 31
35 27 49 15 14 27 25
15 14 27 38 45 48 37
31 28 13 16 33 30 17
27 31 32 5 28 29 4
6 25 28 42 44 9 26
36 0 14 6 25 28 28
32 16 24 45 3 1 26
17 4 39 46 53 34 49
9 32 34 31 28 13 21
4 11 26 42 44 9 37
18 17 19 32 16 24 5
24 54 22 51 16 34 39
35 27 49 37 11 40 18
32 16 24 27 31 32 17
48 4 27 22 44 11 43
50 23 17 2 8 26 17
23 47 38 42 44 9 29
4 11 26 11 38 27 27
52 8 8 5 28 29 29
49 54 6 1 29 38 40
44 4 35 34 24 34 20
15 14 27 2 8 26 6
54 49 6 23 47 38 32
45 3 1 2 8 26 25
27 31 32 9 32 34 2
9 32 34 15 14 27 19
9 32 34 36 0 14 37
5 28 29 4 11 26 17
51 16 34 50 23 17 18
10 40 20 26 28 53 35
16 33 30 20 40 4 26
1 29 38 14 5 27 26
20 40 4 48 4 27 42
19 6 52 4 11 26 26
42 44 9 16 33 30 23
17 4 39 33 13 46 11
23 47 38 40 2 49 46
37 11 40 41 37 52 28
41 37 52 28 2 50 35
43 50 4 29 6 29 50
35 27 49 44 4 35 26
17 4 39 27 31 32 27
13 37 47 24 54 22 30
24 54 22 9 32 34 25
10 40 20 7 0 12 40
40 2 49 15 14 27 25
52 8 8 29 6 29 21
47 28 15 24 54 22 26
18 17 19 23 47 38 35
47 28 15 45 3 1 28
4 11 26 20 40 4 36
41 37 52 35 27 49 10
10 40 20 34 24 34 21
35 27 49 6 25 28 21
46 53 34 1 29 38 24
38 45 48 50 23 17 38
11 38 27 6 25 28 13
38 45 48 19 6 52 39
8 17 44 52 8 8 37
29 6 29 24 54 22 48
15 14 27 18 17 19 8
42 44 9 20 40 4 6
8 17 44 9 32 34 18
36 0 14 43 50 4 50
5 28 29 24 54 22 26
5 28 29 19 6 52 31
41 37 52 12 15 22 37
4 11 26 36 0 14 16
16 33 30 13 37 47 17
22 44 11 11 38 27 17
47 28 15 3 1 45 40
4 11 26 13 37 47 33
0 30 25 14 5 27 25
28 2 50 18 17 19 34
19 6 52 33 13 46 9
29 6 29 48 4 27 2
35 27 49 20 40 4 46
40 2 49 42 44 9 58
24 54 22 11 38 27 16
27 31 32 39 7 2 38
42 44 9 10 40 20 11
53 30 28 19 6 52 33
36 0 14 8 17 44 34
37 11 40 28 2 50 13
8 17 44 23 47 38 30
8 17 44 46 53 34 37
52 8 8 14 5 27 19
25 24 9 18 17 19 12
50 23 17 39 7 2 21
31 28 13 29 6 29 27
27 31 32 10 40 20 15
54 49 6 38 45 48 42
31 28 13 11 38 27 17
16 33 30 29 6 29 27
47 28 15 26 28 53 38
6 25 28 41 37 52 26
29 6 29 7 0 12 18
33 13 46 8 17 44 4
3 1 45 40 2 49 4
20 40 4 38 45 48 44
54 49 6 47 28 15 22
6 25 28 34 24 34 6
12 15 22 11 38 27 23
39 7 2 15 14 27 25
50 23 17 35 27 49 32
49 54 6 52 8 8 46
44 4 35 3 1 45 10
36 0 14 18 17 19 17
52 8 8 43 50 4 42
36 0 14 34 24 34 31
47 28 15 5 28 29 14
44 4 35 4 11 26 11
43 50 4 46 53 34 30
24 54 22 20 40 4 22
11 38 27 42 44 9 18
18 17 19 24 54 22 37
20 40 4 52 8 8 32
43 50 4 49 54 6 4
45 3 1 39 7 2 4
54 49 6 12 15 22 37
44 4 35 54 49 6 53
16 33 30 39 7 2 38
43 50 4 25 24 9 26
21 36 40 29 6 29 31
19 6 52 9 32 34 31
1 29 38 51 16 34 13
25 24 9 34 24 34 25
2 8 26 39 7 2 24
52 8 8 44 4 35 27
39 7 2 51 16 34 33
53 30 28 35 27 49 21
22 44 11 37 11 40 43
17 4 39 1 29 38 25
21 36 40 28 2 50 35
36 0 14 48 4 27 13
26 28 53 50 23 17 36
33 13 46 38 45 48 32
8 17 44 45 3 1 45
48 4 27 6 25 28 21
15 14 27 11 38 27 24
35 27 49 8 17 44 11
47 28 15 19 6 52 43
27 31 32 35 27 49 17
14 5 27 36 0 14 13
19 6 52 10 40 20 46
45 3 1 5 28 29 37
9 32 34 53 30 28 6
6 25 28 12 15 22 11
26 28 53 12 15 22 33
1 29 38 25 24 9 29
37 11 40 42 44 9 45
3 1 45 30 43 25 46
51 16 34 46 53 34 37
36 0 14 24 54 22 54
26 28 53 42 44 9 46
14 5 27 34 24 34 20
13 37 47 45 3 1 57
19 6 52 40 2 49 5
51 16 34 2 8 26 11
48 4 27 33 13 46 21
15 14 27 25 24 9 20
53 30 28 29 6 29 24
12 15 22 51 16 34 12
45 3 1 43 50 4 47
53 30 28 50 23 17 13
39 7 2 7 0 12 12
10 40 20 8 17 44 33
26 28 53 23 47 38 24
39 7 2 36 0 14 13
25 24 9 20 40 4 16
36 0 14 54 49 6 49
8 17 44 37 11 40 7
40 2 49 27 31 32 33
1 29 38 6 25 28 10
16 33 30 48 4 27 29
10 40 20 15 14 27 26
40 2 49 22 44 11 56
26 28 53 2 8 26 33
52 8 8 13 37 47 48
2 8 26 42 44 9 39
25 24 9 9 32 34 26
49 54 6 46 53 34 28
9 32 34 34 24 34 8
32 16 24 21 36 40 25
19 6 52 21 36 40 32
51 16 34 35 27 49 18
0 30 25 2 8 26 22
3 1 45 35 27 49 26
12 15 22 34 24 34 15
32 16 24 42 44 9 31
49 54 6 36 0 14 54
33 13 46 47 28 15 34
24 54 22 14 5 27 49
5 28 29 30 43 25 15
42 44 9 52 8 8 36
47 28 15 36 0 14 28
18 17 19 34 24 34 16
32 16 24 23 47 38 34
2 8 26 49 54 6 50
45 3 1 1 29 38 45
30 43 25 9 32 34 14
22 44 11 47 28 15 16
38 45 48 30 43 25 23
43 50 4 3 1 45 63
15 14 27 20 40 4 34
24 54 22 42 44 9 16
52 8 8 33 13 46 38
33 13 46 4 11 26 20
10 40 20 44 4 35 39
53 30 28 6 25 28 5
26 28 53 52 8 8 49
53 30 28 49 54 6 32
35 27 49 17 4 39 25
53 30 28 48 4 27 26
25 24 9 10 40 20 19
38 45 48 24 54 22 27
22 44 11 41 37 52 41
35 27 49 10 40 20 31
12 15 22 15 14 27 5
14 5 27 40 2 49 22
47 28 15 51 16 34 22
25 24 9 47 28 15 7
41 37 52 11 38 27 25
18 17 19 11 38 27 22
12 15 22 17 4 39 20
40 2 49 7 0 12 37
53 30 28 4 11 26 19
52 8 8 31 28 13 20
1 29 38 36 0 14 37
30 43 25 26 28 53 31
51 16 34 13 37 47 24
34 24 34 0 30 25 10
3 1 45 12 15 22 26
50 23 17 43 50 4 29
38 45 48 43 50 4 44
18 17 19 5 28 29 14
36 0 14 32 16 24 18
46 53 34 24 54 22 12
0 30 25 43 50 4 29
12 15 22 39 7 2 21
30 43 25 29 6 29 37
15 14 27 1 29 38 18
16 33 30 7 0 12 37
50 23 17 5 28 29 13
38 45 48 5 28 29 25
49 54 6 31 28 13 26
40 2 49 35 27 49 25
12 15 22 52 8 8 15
39 7 2 26 28 53 55
30 43 25 43 50 4 22
39 7 2 52 8 8 6
8 17 44 47 28 15 31
8 17 44 13 37 47 20
46 53 34 52 8 8 51
31 28 13 23 47 38 31
39 7 2 38 45 48 59
39 7 2 20 40 4 33
31 28 13 35 27 49 36
19 6 52 31 28 13 44
45 3 1 30 43 25 46
9 32 34 3 1 45 32
47 28 15 53 30 28 13
15 14 27 47 28 15 18
7 0 12 5 28 29 32
15 14 27 45 3 1 28
1 29 38 23 47 38 18
26 28 53 49 54 6 53
25 24 9 7 0 12 24
37 11 40 45 3 1 39
35 27 49 26 28 53 4
18 17 19 54 49 6 34
9 32 34 20 40 4 31
53 30 28 0 30 25 3
15 14 27 16 33 30 19
38 45 48 29 6 29 43
13 37 47 19 6 52 31
34 24 34 52 8 8 30
47 28 15 50 23 17 5
13 37 47 1 29 38 12
43 50 4 28 2 50 66
31 28 13 41 37 52 40
9 32 34 52 8 8 35
16 33 30 28 2 50 36
22 44 11 24 54 22 14
30 43 25 17 4 39 41
44 4 35 19 6 52 17
0 30 25 4 11 26 19
33 13 46 23 47 38 34
44 4 35 26 28 53 30
24 54 22 44 4 35 51
51 16 34 52 8 8 27
22 44 11 31 28 13 16
46 53 34 47 28 15 31
24 54 22 17 4 39 52
32 16 24 35 27 49 27
54 49 6 33 13 46 53
36 0 14 2 8 26 14
54 49 6 14 5 27 48
21 36 40 46 53 34 18
46 53 34 32 16 24 38
25 24 9 3 1 45 42
29 6 29 25 24 9 26
44 4 35 42 44 9 47
1 29 38 3 1 45 28
8 17 44 4 11 26 18
30 43 25 21 36 40 16
13 37 47 14 5 27 37
47 28 15 39 7 2 24
1 29 38 9 32 34 5
24 54 22 35 27 49 38
38 45 48 22 44 11 37
25 24 9 42 44 9 20
20 40 4 27 31 32 29
2 8 26 54 49 6 45
3 1 45 46 53 34 53
4 11 26 1 29 38 21
34 24 34 32 16 24 12
40 2 49 49 54 6 67
29 6 29 36 0 14 16
49 54 6 51 16 34 47
37 11 40 32 16 24 16
29 6 29 22 44 11 42
16 33 30 21 36 40 10
10 40 20 24 54 22 14
49 54 6 33 13 46 57
33 13 46 1 29 38 17
10 40 20 22 44 11 9
42 44 9 41 37 52 43
17 4 39 15 14 27 15
40 2 49 54 49 6 63
42 44 9 47 28 15 17
0 30 25 26 28 53 28
50 23 17 12 15 22 9
33 13 46 2 8 26 20
46 53 34 25 24 9 38
28 2 50 33 13 46 11
15 14 27 8 17 44 17
42 44 9 21 36 40 32
5 28 29 1 29 38 9
1 29 38 10 40 20 21
41 37 52 46 53 34 24
29 6 29 44 4 35 6
46 53 34 33 13 46 41
52 8 8 30 43 25 38
11 38 27 32 16 24 22
46 53 34 35 27 49 30
0 30 25 18 17 19 14
48 4 27 39 7 2 25
2 8 26 24 54 22 46
0 30 25 10 40 20 11
14 5 27 27 31 32 26
40 2 49 37 11 40 12
38 45 48 52 8 8 54
28 2 50 7 0 12 38
48 4 27 45 3 1 26
39 7 2 40 2 49 47
22 44 11 33 13 46 46
17 4 39 53 30 28 28
40 2 49 12 15 22 29
3 1 45 34 24 34 25
3 1 45 32 16 24 25
22 44 11 42 44 9 2
44 4 35 12 15 22 17
50 23 17 34 24 34 17
44 4 35 45 3 1 34
17 4 39 3 1 45 6
15 14 27 22 44 11 34
31 28 13 12 15 22 15
14 5 27 33 13 46 20
36 0 14 41 37 52 53
50 23 17 40 2 49 38
31 28 13 53 30 28 15
47 28 15 30 43 25 18
11 38 27 51 16 34 23
42 44 9 35 27 49 43
46 53 34 13 37 47 20
38 45 48 41 37 52 8
23 47 38 15 14 27 34
34 24 34 48 4 27 21
12 15 22 13 37 47 33
6 25 28 8 17 44 17
11 38 27 30 43 25 5
48 4 27 5 28 29 24
17 4 39 40 2 49 10
15 14 27 41 37 52 33
8 17 44 25 24 9 35
51 16 34 23 47 38 31
42 44 9 39 7 2 37
46 53 34 40 2 49 53
27 31 32 26 28 53 21
23 47 38 34 24 34 23
15 14 27 42 44 9 34
31 28 13 45 3 1 27
3 1 45 50 23 17 35
23 47 38 13 37 47 13
42 44 9 54 49 6 5
42 44 9 43 50 4 7
50 23 17 18 17 19 6
1 29 38 44 4 35 25
44 4 35 41 37 52 37
16 33 30 33 13 46 25
49 54 6 18 17 19 39
28 2 50 5 28 29 33
32 16 24 33 13 46 22
30 43 25 39 7 2 42
49 54 6 38 45 48 42
14 5 27 31 28 13 26
0 30 25 32 16 24 14
18 17 19 1 29 38 22
36 0 14 50 23 17 23
16 33 30 14 5 27 28
51 16 34 4 11 26 9
29 6 29 0 30 25 24
34 24 34 49 54 6 41
5 28 29 49 54 6 34
49 54 6 4 11 26 47
25 24 9 33 13 46 38
42 44 9 17 4 39 50
37 11 40 26 28 53 21
18 17 19 41 37 52 38
18 17 19 20 40 4 27
4 11 26 10 40 20 29
49 54 6 13 37 47 44
6 25 28 52 8 8 26
37 11 40 43 50 4 53
8 17 44 1 29 38 13
9 32 34 46 53 34 21
33 13 46 0 30 25 27
45 3 1 25 24 9 22
11 38 27 1 29 38 14
40 2 49 48 4 27 22
44 4 35 50 23 17 26
44 4 35 20 40 4 47
39 7 2 5 28 29 34
44 4 35 14 5 27 8
27 31 32 19 6 52 32
19 6 52 29 6 29 23
38 45 48 51 16 34 32
34 24 34 31 28 13 21
21 36 40 6 25 28 16
8 17 44 31 28 13 32
28 2 50 42 44 9 58
49 54 6 27 31 32 34
49 54 6 35 27 49 50
34 24 34 13 37 47 18
13 37 47 31 28 13 35
16 33 30 22 44 11 21
26 28 53 34 24 34 19
41 37 52 8 17 44 21
45 3 1 27 31 32 41
15 14 27 21 36 40 25
45 3 1 22 44 11 42
12 15 22 22 44 11 31
39 7 2 0 30 25 32
21 36 40 34 24 34 13
36 0 14 38 45 48 56
28 2 50 35 27 49 25
5 28 29 9 32 34 6
17 4 39 22 44 11 48
48 4 27 54 49 6 49
35 27 49 29 6 29 29
29 6 29 4 11 26 5
44 4 35 25 24 9 32
8 17 44 39 7 2 43
5 28 29 15 14 27 14
54 49 6 31 28 13 22
38 45 48 13 37 47 8
43 50 4 47 28 15 24
43 50 4 54 49 6 2
7 0 12 12 15 22 18
33 13 46 20 40 4 49
36 0 14 25 24 9 24
40 2 49 8 17 44 15
7 0 12 9 32 34 38
0 30 25 50 23 17 10
53 30 28 20 40 4 26
14 5 27 38 45 48 45
54 49 6 35 27 49 48
43 50 4 14 5 27 50
36 0 14 11 38 27 40
5 28 29 32 16 24 13
53 30 28 37 11 40 22
50 23 17 28 2 50 39
36 0 14 44 4 35 21
45 3 1 14 5 27 26
12 15 22 16 33 30 19
2 8 26 25 24 9 23
14 5 27 7 0 12 15
18 17 19 9 32 34 21
48 4 27 21 36 40 34
47 28 15 21 36 40 26
6 25 28 10 40 20 17
33 13 46 51 16 34 12
38 45 48 25 24 9 44
5 28 29 51 16 34 13
54 49 6 49 54 6 5
30 43 25 42 44 9 16
27 31 32 4 11 26 20
20 40 4 43 50 4 10
38 45 48 31 28 13 38
45 3 1 19 6 52 51
18 17 19 16 33 30 19
45 3 1 41 37 52 61
23 47 38 4 11 26 37
0 30 25 13 37 47 23
16 33 30 5 28 29 5
7 0 12 23 47 38 53
24 54 22 26 28 53 40
50 23 17 31 28 13 6
17 4 39 34 24 34 20
29 6 29 11 38 27 32
20 40 4 8 17 44 46
11 38 27 45 3 1 43
32 16 24 16 33 30 18
28 2 50 51 16 34 21
34 24 34 24 54 22 32
33 13 46 30 43 25 36
53 30 28 33 13 46 24
44 4 35 47 28 15 31
38 45 48 17 4 39 41
30 43 25 12 15 22 28
46 53 34 54 49 6 28
28 2 50 22 44 11 57
43 50 4 15 14 27 42
13 37 47 6 25 28 22
28 2 50 40 2 49 1
5 28 29 41 37 52 24
49 54 6 15 14 27 45
18 17 19 21 36 40 28
11 38 27 33 13 46 31
30 43 25 31 28 13 19
0 30 25 5 28 29 4
49 54 6 8 17 44 53
39 7 2 21 36 40 47
2 8 26 29 6 29 3
51 16 34 16 33 30 17
4 11 26 26 28 53 31
13 37 47 17 4 39 33
48 4 27 37 11 40 14
22 44 11 25 24 9 20
9 32 34 16 33 30 4
51 16 34 43 50 4 45
11 38 27 25 24 9 22
37 11 40 47 28 15 30
39 7 2 49 54 6 47
22 44 11 9 32 34 25
54 49 6 17 4 39 55
33 13 46 40 2 49 11
1 29 38 19 6 52 26
3 1 45 51 16 34 18
51 16 34 7 0 12 27
51 16 34 40 2 49 20
30 43 25 54 49 6 19
31 28 13 6 25 28 15
14 5 27 42 44 9 42
37 11 40 18 17 19 21
31 28 13 5 28 29 16
54 49 6 20 40 4 9
32 16 24 19 6 52 29
35 27 49 1 29 38 11
32 16 24 38 45 48 37
17 4 39 52 8 8 31
24 54 22 54 49 6 16
37 11 40 23 47 38 36
5 28 29 2 8 26 20
2 8 26 31 28 13 23
5 28 29 26 28 53 24
35 27 49 4 11 26 28
22 44 11 34 24 34 30
25 24 9 19 6 52 46
3 1 45 13 37 47 36
53 30 28 52 8 8 29
2 8 26 43 50 4 47
2 8 26 30 43 25 35
11 38 27 5 28 29 10
17 4 39 2 8 26 13
4 11 26 39 7 2 24
50 23 17 37 11 40 25
29 6 29 3 1 45 16
6 25 28 49 54 6 36
44 4 35 11 38 27 34
40 2 49 43 50 4 65
28 2 50 9 32 34 34
23 47 38 43 50 4 34
27 31 32 22 44 11 24
14 5 27 35 27 49 31
19 6 52 46 53 34 50
41 37 52 0 30 25 27
34 24 34 54 49 6 37
41 37 52 23 47 38 17
4 11 26 25 24 9 21
52 8 8 40 2 49 41
45 3 1 40 2 49 48
51 16 34 6 25 28 10
51 16 34 41 37 52 27
8 17 44 48 4 27 21
15 14 27 13 37 47 30
15 14 27 31 28 13 19
20 40 4 11 38 27 23
50 23 17 1 29 38 21
13 37 47 39 7 2 54
34 24 34 37 11 40 14
29 6 29 10 40 20 35
38 45 48 8 17 44 28
44 4 35 22 44 11 46
38 45 48 34 24 34 25
27 31 32 33 13 46 22
53 30 28 13 37 47 20
16 33 30 23 47 38 16
10 40 20 38 45 48 28
8 17 44 3 1 45 16
3 1 45 0 30 25 35
13 37 47 20 40 4 43
16 33 30 54 49 6 28
42 44 9 45 3 1 41
29 6 29 23 47 38 41
40 2 49 20 40 4 58
51 16 34 53 30 28 15
14 5 27 50 23 17 20
40 2 49 31 28 13 44
24 54 22 25 24 9 32
31 28 13 39 7 2 23
48 4 27 1 29 38 27
43 50 4 22 44 11 9
25 24 9 26 28 53 44
42 44 9 53 30 28 23
46 53 34 0 30 25 24
32 16 24 49 54 6 42
24 54 22 39 7 2 51
32 16 24 15 14 27 3
8 17 44 51 16 34 10
23 47 38 22 44 11 27
33 13 46 31 28 13 36
31 28 13 4 11 26 21
54 49 6 13 37 47 42
25 24 9 5 28 29 20
49 54 6 45 3 1 51
10 40 20 43 50 4 18
7 0 12 3 1 45 33
51 16 34 0 30 25 16
20 40 4 22 44 11 8
46 53 34 2 8 26 45
10 40 20 18 17 19 23
38 45 48 35 27 49 18
10 40 20 14 5 27 35
17 4 39 0 30 25 29
7 0 12 48 4 27 15
15 14 27 36 0 14 19
38 45 48 46 53 34 16
11 38 27 53 30 28 8
27 31 32 53 30 28 4
44 4 35 6 25 28 22
53 30 28 54 49 6 29
17 4 39 48 4 27 12
7 0 12 34 24 34 32
9 32 34 48 4 27 28
23 47 38 30 43 25 13
21 36 40 26 28 53 15
29 6 29 26 28 53 32
3 1 45 33 13 46 12
47 28 15 4 11 26 20
32 16 24 2 8 26 8
44 4 35 16 33 30 29
41 37 52 10 40 20 32
13 37 47 36 0 14 49
35 27 49 21 36 40 12
9 32 34 6 25 28 9
35 27 49 36 0 14 44
5 28 29 13 37 47 20
7 0 12 19 6 52 40
16 33 30 27 31 32 2
8 17 44 0 30 25 23
29 6 29 13 37 47 35
7 0 12 15 14 27 20
19 6 52 48 4 27 25
34 24 34 47 28 15 19
30 43 25 19 6 52 45
51 16 34 37 11 40 7
43 50 4 21 36 40 38
4 11 26 24 54 22 43
27 31 32 52 8 8 33
45 3 1 51 16 34 35
21 36 40 14 5 27 33
6 25 28 23 47 38 24
36 0 14 10 40 20 40
7 0 12 8 17 44 36
3 1 45 26 28 53 28
22 44 11 2 8 26 39
1 29 38 12 15 22 21
37 11 40 13 37 47 26
21 36 40 10 40 20 20
5 28 29 37 11 40 20
2 8 26 7 0 12 16
54 49 6 41 37 52 47
6 25 28 32 16 24 9
39 7 2 23 47 38 53
18 17 19 3 1 45 30
39 7 2 1 29 38 42
43 50 4 16 33 30 31
14 5 27 15 14 27 9
53 30 28 41 37 52 25
30 43 25 7 0 12 44
13 37 47 18 17 19 34
3 1 45 39 7 2 43
53 30 28 43 50 4 31
33 13 46 21 36 40 23
53 30 28 28 2 50 35
51 16 34 34 24 34 8
0 30 25 9 32 34 9
13 37 47 50 23 17 33
31 28 13 1 29 38 25
1 29 38 22 44 11 30
26 28 53 15 14 27 29
39 7 2 9 32 34 40
3 1 45 54 49 6 61
37 11 40 14 5 27 14
3 1 45 36 0 14 31
17 4 39 31 28 13 35
19 6 52 49 54 6 66
11 38 27 39 7 2 39
1 29 38 30 43 25 19
49 54 6 9 32 34 35
11 38 27 40 2 49 42
11 38 27 34 24 34 15
15 14 27 27 31 32 17
41 37 52 29 6 29 38
42 44 9 50 23 17 22
30 43 25 8 17 44 32
43 50 4 9 32 34 34
46 53 34 12 15 22 39
5 28 29 20 40 4 27
36 0 14 45 3 1 13
21 36 40 44 4 35 32
11 38 27 13 37 47 20
11 38 27 49 54 6 26
53 30 28 22 44 11 22
3 1 45 41 37 52 36
53 30 28 36 0 14 33
35 27 49 11 38 27 24
38 45 48 37 11 40 34
49 54 6 12 15 22 42
1 29 38 52 8 8 36
42 44 9 29 6 29 42
5 28 29 35 27 49 20
32 16 24 29 6 29 11
21 36 40 9 32 34 7
42 44 9 13 37 47 38
50 23 17 49 54 6 32
14 5 27 49 54 6 53
12 15 22 32 16 24 2
52 8 8 23 47 38 49
12 15 22 5 28 29 14
40 2 49 10 40 20 47
16 33 30 6 25 28 8
11 38 27 3 1 45 41
16 33 30 45 3 1 41
51 16 34 15 14 27 7
36 0 14 12 15 22 17
46 53 34 37 11 40 42
50 23 17 30 43 25 21
5 28 29 42 44 9 25
9 32 34 26 28 53 19
13 37 47 40 2 49 35
54 49 6 37 11 40 50
36 0 14 22 44 11 44
20 40 4 50 23 17 21
50 23 17 7 0 12 23
52 8 8 7 0 12 8
4 11 26 7 0 12 17
28 2 50 10 40 20 48
50 23 17 23 47 38 31
37 11 40 1 29 38 18
19 6 52 2 8 26 26
39 7 2 37 11 40 38
25 24 9 48 4 27 26
39 7 2 10 40 20 37
14 5 27 32 16 24 11
37 11 40 7 0 12 30
31 28 13 24 54 22 27
7 0 12 54 49 6 49
17 4 39 25 24 9 36
11 38 27 50 23 17 18
30 43 25 20 40 4 21
27 31 32 23 47 38 17
45 3 1 54 49 6 46
20 40 4 37 11 40 46
32 16 24 7 0 12 20
49 54 6 17 4 39 59
30 43 25 13 37 47 22
8 17 44 18 17 19 25
45 3 1 23 47 38 57
40 2 49 44 4 35 14
44 4 35 53 30 28 26
4 11 26 37 11 40 14
10 40 20 20 40 4 16
1 29 38 42 44 9 32
0 30 25 16 33 30 5
43 50 4 11 38 27 25
24 54 22 12 15 22 39
6 25 28 45 3 1 34
42 44 9 34 24 34 32
10 40 20 9 32 34 16
36 0 14 37 11 40 28
9 32 34 44 4 35 28
49 54 6 42 44 9 10
44 4 35 31 28 13 32
10 40 20 50 23 17 17
16 33 30 34 24 34 9
54 49 6 5 28 29 31
33 13 46 6 25 28 21
47 28 15 2 8 26 22
51 16 34 31 28 13 24
21 36 40 51 16 34 20
43 50 4 5 28 29 33
45 3 1 52 8 8 8
30 43 25 22 44 11 14
4 11 26 46 53 34 42
7 0 12 43 50 4 50
8 17 44 19 6 52 13
52 8 8 18 17 19 14
53 30 28 40 2 49 35
34 24 34 1 29 38 6
0 30 25 11 38 27 8
6 25 28 20 40 4 28
43 50 4 19 6 52 65
47 28 15 1 29 38 23
28 2 50 29 6 29 21
40 2 49 4 11 26 24
2 8 26 40 2 49 23
11 38 27 17 4 39 36
53 30 28 24 54 22 24
9 32 34 42 44 9 27
11 38 27 47 28 15 15
47 28 15 23 47 38 29
1 29 38 54 49 6 37
26 28 53 19 6 52 22
50 23 17 45 3 1 25
7 0 12 17 4 39 27
12 15 22 21 36 40 27
14 5 27 3 1 45 18
27 31 32 48 4 27 27
52 8 8 25 24 9 16
22 44 11 51 16 34 36
8 17 44 22 44 11 42
26 28 53 1 29 38 15
40 2 49 18 17 19 33
15 14 27 4 11 26 3
3 1 45 4 11 26 21
40 2 49 34 24 34 26
46 53 34 50 23 17 34
0 30 25 7 0 12 32
31 28 13 20 40 4 15
41 37 52 30 43 25 27
5 28 29 17 4 39 26
25 24 9 23 47 38 37
54 49 6 15 14 27 40
16 33 30 8 17 44 21
1 29 38 27 31 32 6
38 45 48 12 15 22 39
35 27 49 25 24 9 40
51 16 34 18 17 19 15
43 50 4 13 37 47 44
36 0 14 46 53 34 56
5 28 29 36 0 14 31
41 37 52 43 50 4 49
13 37 47 2 8 26 35
10 40 20 53 30 28 12
20 40 4 46 53 34 32
30 43 25 44 4 35 40
50 23 17 6 25 28 11
49 54 6 25 24 9 30
13 37 47 47 28 15 33
38 45 48 28 2 50 43
26 28 53 33 13 46 16
24 54 22 32 16 24 38
7 0 12 46 53 34 57
42 44 9 38 45 48 39
33 13 46 10 40 20 37
19 6 52 15 14 27 26
8 17 44 43 50 4 51
28 2 50 24 54 22 59
37 11 40 29 6 29 12
51 16 34 26 28 53 22
23 47 38 46 53 34 7
36 0 14 7 0 12 2
39 7 2 54 49 6 42
52 8 8 50 23 17 17
44 4 35 5 28 29 24
22 44 11 14 5 27 42
53 30 28 32 16 24 14
24 54 22 45 3 1 55
38 45 48 1 29 38 18
16 33 30 37 11 40 24
21 36 40 20 40 4 36
34 24 34 15 14 27 12
44 4 35 32 16 24 16
11 38 27 9 32 34 9
20 40 4 23 47 38 34
54 49 6 27 31 32 31
44 4 35 38 45 48 43
8 17 44 54 49 6 49
4 11 26 38 45 48 40
49 54 6 0 30 25 30
28 2 50 34 24 34 27
38 45 48 18 17 19 40
52 8 8 28 2 50 42
39 7 2 35 27 49 51
4 11 26 54 49 6 42
5 28 29 8 17 44 18
52 8 8 21 36 40 42
36 0 14 51 16 34 25
47 28 15 9 32 34 19
3 1 45 37 11 40 11
24 54 22 0 30 25 24
39 7 2 46 53 34 56
31 28 13 37 11 40 31
38 45 48 6 25 28 28
40 2 49 0 30 25 36
6 25 28 43 50 4 34
7 0 12 45 3 1 11
2 8 26 41 37 52 38
45 3 1 46 53 34 59
2 8 26 23 47 38 40
40 2 49 41 37 52 35
44 4 35 43 50 4 55
34 24 34 45 3 1 39
45 3 1 10 40 20 41
26 28 53 22 44 11 44
37 11 40 19 6 52 13
24 54 22 30 43 25 11
39 7 2 53 30 28 34
40 2 49 24 54 22 58
33 13 46 35 27 49 14
30 43 25 35 27 49 28
7 0 12 33 13 46 36
4 11 26 14 5 27 6
51 16 34 44 4 35 12
3 1 45 53 30 28 33
24 54 22 21 36 40 25
19 6 52 18 17 19 34
15 14 27 44 4 35 12
25 24 9 14 5 27 26
28 2 50 30 43 25 48
22 44 11 13 37 47 36
31 28 13 48 4 27 27
9 32 34 45 3 1 43
7 0 12 47 28 15 28
23 47 38 17 4 39 43
15 14 27 24 54 22 40
17 4 39 19 6 52 13
18 17 19 47 28 15 11
31 28 13 43 50 4 23
3 1 45 22 44 11 54
19 6 52 35 27 49 21
25 24 9 41 37 52 44
14 5 27 30 43 25 38
39 7 2 33 13 46 44
1 29 38 43 50 4 39
48 4 27 46 53 34 49
6 25 28 39 7 2 31
6 25 28 2 8 26 17
17 4 39 29 6 29 10
43 50 4 4 11 26 44
12 15 22 28 2 50 30
23 47 38 5 28 29 21
48 4 27 12 15 22 12
0 30 25 31 28 13 12
4 11 26 41 37 52 36
18 17 19 26 28 53 35
28 2 50 13 37 47 35
14 5 27 46 53 34 48
48 4 27 43 50 4 51
0 30 25 6 25 28 5
25 24 9 13 37 47 40
27 31 32 51 16 34 15
43 50 4 35 27 49 50
46 53 34 31 28 13 32
43 50 4 34 24 34 39
46 53 34 29 6 29 47
4 11 26 32 16 24 5
10 40 20 17 4 39 40
48 4 27 11 38 27 34
48 4 27 0 30 25 26
2 8 26 4 11 26 3
39 7 2 44 4 35 33
17 4 39 28 2 50 11
48 4 27 15 14 27 10
19 6 52 12 15 22 31
45 3 1 3 1 45 44
26 28 53 17 4 39 27
35 27 49 23 47 38 22
38 45 48 48 4 27 46
21 36 40 2 8 26 31
33 13 46 41 37 52 24
41 37 52 39 7 2 58
7 0 12 18 17 19 18
45 3 1 4 11 26 26
14 5 27 48 4 27 1
17 4 39 37 11 40 7
22 44 11 35 27 49 41
9 32 34 13 37 47 13
29 6 29 20 40 4 42
49 54 6 28 2 50 68
18 17 19 2 8 26 11
47 28 15 41 37 52 38
51 16 34 30 43 25 28
4 11 26 21 36 40 28
21 36 40 49 54 6 38
48 4 27 47 28 15 26
11 38 27 10 40 20 7
52 8 8 10 40 20 34
25 24 9 27 31 32 24
14 5 27 2 8 26 3
17 4 39 39 7 2 37
21 36 40 40 2 49 35
35 27 49 2 8 26 29
3 1 45 19 6 52 8
19 6 52 24 54 22 56
27 31 32 46 53 34 22
44 4 35 33 13 46 14
15 14 27 30 43 25 29
32 16 24 9 32 34 18
17 4 39 45 3 1 38
32 16 24 17 4 39 19
39 7 2 28 2 50 48