41 820
28 27 10 10 10 5 17
4 26 12 39 16 38 27
11 25 24 26 8 4 26
26 8 4 9 8 8 4
4 26 12 16 30 14 4
12 25 3 37 19 36 33
24 9 21 21 35 31 27
23 20 15 26 8 4 16
29 10 39 20 24 18 25
31 9 37 17 34 33 25
9 8 8 23 20 15 13
35 7 13 1 33 0 29
33 31 2 1 33 0 2
5 40 8 4 26 12 14
29 10 39 33 31 2 42
7 35 29 34 1 22 34
24 9 21 8 30 7 25
30 18 11 6 34 36 29
8 30 7 9 8 8 22
8 30 7 23 20 15 12
30 18 11 3 26 30 20
35 7 13 16 30 14 23
28 27 10 0 4 6 23
33 31 2 15 8 30 36
24 9 21 11 25 24 16
17 34 33 15 8 30 26
36 4 15 16 30 14 26
32 18 12 5 40 8 22
39 16 38 21 35 31 20
3 26 30 6 34 36 10
14 18 37 11 25 24 14
40 2 12 19 34 21 33
10 10 5 40 2 12 10
35 7 13 27 25 1 21
13 32 2 4 26 12 11
38 32 7 40 2 12 30
20 24 18 21 35 31 17
40 2 12 13 32 2 31
25 30 35 0 4 6 38
22 25 3 10 10 5 15
5 40 8 28 27 10 13
30 18 11 33 31 2 15
31 9 37 0 4 6 31
0 4 6 40 2 12 6
21 35 31 9 8 8 35
32 18 12 8 30 7 13
2 30 33 26 8 4 36
4 26 12 18 14 23 16
40 2 12 2 30 33 35
24 9 21 37 19 36 18
24 9 21 26 8 4 17
16 30 14 18 14 23 18
9 8 8 4 26 12 18
4 26 12 8 30 7 6
29 10 39 3 26 30 18
33 31 2 3 26 30 28
36 4 15 23 20 15 16
18 14 23 26 8 4 19
14 18 37 39 16 38 2
24 9 21 14 18 37 18
23 20 15 31 9 37 24
4 26 12 33 31 2 11
32 18 12 4 26 12 8
16 30 14 6 34 36 22
8 30 7 20 24 18 12
12 25 3 24 9 21 24
3 26 30 34 1 22 26
28 27 10 26 8 4 19
25 30 35 20 24 18 18
18 14 23 14 18 37 14
29 10 39 22 25 3 39
6 34 36 13 32 2 34
27 25 1 5 40 8 16
37 19 36 26 8 4 33
29 10 39 13 32 2 43
29 10 39 28 27 10 33
3 26 30 0 4 6 32
31 9 37 29 10 39 2
22 25 3 35 7 13 20
0 4 6 35 7 13 7
12 25 3 5 40 8 15
6 34 36 28 27 10 26
0 4 6 9 8 8 4
15 8 30 14 18 37 12
32 18 12 35 7 13 11
23 20 15 12 25 3 13
21 35 31 3 26 30 9
21 35 31 17 34 33 2
21 35 31 1 33 0 31
11 25 24 31 9 37 20
6 34 36 24 9 21 29
21 35 31 5 40 8 23
9 8 8 38 32 7 24
20 24 18 13 32 2 17
20 24 18 33 31 2 17
33 31 2 14 18 37 37
26 8 4 35 7 13 9
38 32 7 14 18 37 33
22 25 3 32 18 12 11
13 32 2 23 20 15 17
28 27 10 1 33 0 11
2 30 33 1 33 0 33
18 14 23 33 31 2 27
25 30 35 14 18 37 12
11 25 24 7 35 29 11
2 30 33 23 20 15 20
6 34 36 22 25 3 34
8 30 7 18 14 23 22
1 33 0 24 9 21 31
6 34 36 33 31 2 34
23 20 15 25 30 35 22
40 2 12 22 25 3 24
30 18 11 29 10 39 29
38 32 7 7 35 29 22
30 18 11 14 18 37 26
20 24 18 26 8 4 21
28 27 10 12 25 3 7
12 25 3 34 1 22 30
7 35 29 17 34 33 4
23 20 15 40 2 12 18
14 18 37 16 30 14 25
37 19 36 10 10 5 32
10 10 5 30 18 11 10
38 32 7 2 30 33 26
30 18 11 27 25 1 12
31 9 37 36 4 15 22
38 32 7 4 26 12 7
11 25 24 23 20 15 10
17 34 33 24 9 21 27
20 24 18 24 9 21 15
25 30 35 40 2 12 36
4 26 12 15 8 30 25
18 14 23 6 34 36 23
19 34 21 33 31 2 19
36 4 15 4 26 12 22
38 32 7 18 14 23 24
7 35 29 40 2 12 37
13 32 2 32 18 12 17
6 34 36 4 26 12 25
31 9 37 12 25 3 37
29 10 39 1 33 0 45
30 18 11 31 9 37 27
40 2 12 21 35 31 38
31 9 37 1 33 0 44
12 25 3 22 25 3 0
23 20 15 3 26 30 16
37 19 36 11 25 24 13
1 33 0 3 26 30 30
7 35 29 24 9 21 27
36 4 15 10 10 5 11
22 25 3 25 30 35 32
12 25 3 32 18 12 11
3 26 30 36 4 15 26
29 10 39 24 9 21 18
11 25 24 40 2 12 25
15 8 30 6 34 36 26
36 4 15 8 30 7 27
38 32 7 36 4 15 29
20 24 18 3 26 30 12
27 25 1 23 20 15 14
37 19 36 39 16 38 3
11 25 24 8 30 7 17
3 26 30 14 18 37 10
35 7 13 6 34 36 35
3 26 30 18 14 23 13
21 35 31 26 8 4 38
30 18 11 11 25 24 14
14 18 37 9 8 8 30
25 30 35 4 26 12 23
13 32 2 36 4 15 30
36 4 15 6 34 36 36
1 33 0 13 32 2 2
29 10 39 5 40 8 43
7 35 29 13 32 2 27
19 34 21 18 14 23 20
12 25 3 11 25 24 21
25 30 35 9 8 8 34
22 25 3 7 35 29 27
2 30 33 36 4 15 31
34 1 22 35 7 13 10
18 14 23 15 8 30 9
8 30 7 15 8 30 31
40 2 12 33 31 2 30
36 4 15 7 35 29 34
24 9 21 23 20 15 12
23 20 15 15 8 30 19
8 30 7 2 30 33 26
38 32 7 34 1 22 34
36 4 15 17 34 33 34
6 34 36 26 8 4 41
26 8 4 30 18 11 12
27 25 1 25 30 35 34
34 1 22 11 25 24 24
21 35 31 12 25 3 29
22 25 3 15 8 30 31
25 30 35 19 34 21 14
27 25 1 31 9 37 39
19 34 21 32 18 12 18
4 26 12 23 20 15 6
40 2 12 35 7 13 5
10 10 5 11 25 24 24
34 1 22 31 9 37 17
28 27 10 7 35 29 20
35 7 13 23 20 15 13
33 31 2 35 7 13 26
3 26 30 2 30 33 5
38 32 7 39 16 38 34
18 14 23 7 35 29 21
37 19 36 18 14 23 13
6 34 36 1 33 0 36
24 9 21 38 32 7 26
35 7 13 21 35 31 33
34 1 22 40 2 12 10
3 26 30 5 40 8 26
21 35 31 32 18 12 25
5 40 8 2 30 33 26
23 20 15 34 1 22 20
38 32 7 17 34 33 26
33 31 2 21 35 31 29
27 25 1 29 10 39 40
7 35 29 9 8 8 34
25 30 35 37 19 36 11
13 32 2 0 4 6 28
7 35 29 37 19 36 17
2 30 33 16 30 14 19
24 9 21 5 40 8 33
7 35 29 19 34 21 8
40 2 12 36 4 15 3
5 40 8 40 2 12 38
25 30 35 2 30 33 2
3 26 30 37 19 36 9
33 31 2 17 34 33 31
16 30 14 30 18 11 12
11 25 24 15 8 30 18
6 34 36 27 25 1 36
7 35 29 33 31 2 27
28 27 10 30 18 11 9
15 8 30 34 1 22 10
7 35 29 35 7 13 32
30 18 11 18 14 23 12
9 8 8 33 31 2 23
23 20 15 29 10 39 26
25 30 35 36 4 15 32
8 30 7 37 19 36 31
23 20 15 17 34 33 22
35 7 13 19 34 21 28
40 2 12 1 33 0 33
33 31 2 23 20 15 17
14 18 37 40 2 12 29
32 18 12 18 14 23 11
5 40 8 18 14 23 30
9 8 8 13 32 2 24
34 1 22 5 40 8 41
8 30 7 19 34 21 14
40 2 12 32 18 12 16
20 24 18 15 8 30 20
24 9 21 36 4 15 7
16 30 14 40 2 12 28
31 9 37 5 40 8 42
30 18 11 23 20 15 4
1 33 0 30 18 11 18
2 30 33 21 35 31 5
2 30 33 4 26 12 21
32 18 12 0 4 6 15
24 9 21 22 25 3 24
12 25 3 26 8 4 17
19 34 21 24 9 21 25
20 24 18 9 8 8 18
17 34 33 8 30 7 26
18 14 23 12 25 3 22
33 31 2 24 9 21 29
7 35 29 21 35 31 2
2 30 33 9 8 8 33
10 10 5 31 9 37 32
31 9 37 3 26 30 18
8 30 7 22 25 3 6
10 10 5 24 9 21 16
14 18 37 1 33 0 39
28 27 10 37 19 36 27
31 9 37 13 32 2 41
23 20 15 39 16 38 23
35 7 13 29 10 39 26
33 31 2 11 25 24 22
18 14 23 21 35 31 22
12 25 3 17 34 33 31
15 8 30 36 4 15 15
28 27 10 40 2 12 25
3 26 30 13 32 2 28
2 30 33 12 25 3 30
23 20 15 22 25 3 13
13 32 2 2 30 33 31
7 35 29 12 25 3 27
17 34 33 32 18 12 26
20 24 18 17 34 33 18
2 30 33 6 34 36 5
15 8 30 19 34 21 27
27 25 1 9 8 8 18
14 18 37 36 4 15 26
19 34 21 22 25 3 20
13 32 2 22 25 3 7
29 10 39 34 1 22 19
19 34 21 39 16 38 24
35 7 13 14 18 37 26
40 2 12 37 19 36 29
29 10 39 40 2 12 28
22 25 3 14 18 37 34
1 33 0 32 18 12 19
11 25 24 29 10 39 21
12 25 3 13 32 2 7
12 25 3 40 2 12 24
17 34 33 35 7 13 33
9 8 8 6 34 36 38
29 10 39 26 8 4 35
37 19 36 29 10 39 9
29 10 39 18 14 23 16
20 24 18 10 10 5 19
34 1 22 13 32 2 36
0 4 6 10 10 5 6
33 31 2 38 32 7 5
11 25 24 6 34 36 15
16 30 14 24 9 21 22
37 19 36 33 31 2 36
12 25 3 25 30 35 32
32 18 12 23 20 15 3
31 9 37 6 34 36 25
36 4 15 29 10 39 24
21 35 31 29 10 39 26
15 8 30 21 35 31 27
14 18 37 20 24 18 19
33 31 2 8 30 7 5
27 25 1 28 27 10 9
37 19 36 13 32 2 36
8 30 7 16 30 14 7
0 4 6 37 19 36 33
32 18 12 7 35 29 24
10 10 5 7 35 29 34
20 24 18 22 25 3 15
28 27 10 18 14 23 18
8 30 7 25 30 35 28
15 8 30 13 32 2 36
27 25 1 11 25 24 23
33 31 2 26 8 4 23
39 16 38 20 24 18 21
23 20 15 16 30 14 10
6 34 36 34 1 22 35
17 34 33 13 32 2 31
28 27 10 38 32 7 5
37 19 36 35 7 13 25
37 19 36 4 26 12 25
39 16 38 36 4 15 25
23 20 15 7 35 29 20
26 8 4 31 9 37 33
5 40 8 16 30 14 11
29 10 39 7 35 29 26
14 18 37 10 10 5 32
0 4 6 6 34 36 42
20 24 18 5 40 8 18
13 32 2 24 9 21 29
34 1 22 33 31 2 36
34 1 22 14 18 37 22
34 1 22 22 25 3 30
21 35 31 13 32 2 29
30 18 11 2 30 33 25
15 8 30 12 25 3 31
33 31 2 10 10 5 21
7 35 29 25 30 35 7
11 25 24 9 8 8 23
10 10 5 35 7 13 8
8 30 7 29 10 39 37
9 8 8 18 14 23 16
29 10 39 2 30 33 20
27 25 1 13 32 2 7
0 4 6 14 18 37 34
27 25 1 24 9 21 25
5 40 8 6 34 36 28
12 25 3 3 26 30 27
19 34 21 29 10 39 30
19 34 21 16 30 14 8
22 25 3 28 27 10 7
15 8 30 31 9 37 7
7 35 29 1 33 0 29
9 8 8 30 18 11 10
4 26 12 1 33 0 13
0 4 6 39 16 38 34
0 4 6 2 30 33 37
12 25 3 27 25 1 2
34 1 22 2 30 33 31
31 9 37 37 19 36 10
26 8 4 8 30 7 22
9 8 8 34 1 22 15
12 25 3 10 10 5 15
19 34 21 2 30 33 12
29 10 39 0 4 6 33
11 25 24 35 7 13 21
27 25 1 17 34 33 33
17 34 33 30 18 11 27
30 18 11 8 30 7 12
38 32 7 27 25 1 9
20 24 18 36 4 15 20
7 35 29 3 26 30 9
25 30 35 11 25 24 12
23 20 15 38 32 7 14
18 14 23 11 25 24 11
19 34 21 6 34 36 15
5 40 8 9 8 8 32
13 32 2 5 40 8 10
17 34 33 1 33 0 33
14 18 37 27 25 1 36
27 25 1 10 10 5 15
20 24 18 34 1 22 23
40 2 12 27 25 1 25
29 10 39 14 18 37 8
23 20 15 19 34 21 15
9 8 8 12 25 3 17
39 16 38 22 25 3 36
26 8 4 19 34 21 31
20 24 18 16 30 14 7
26 8 4 27 25 1 17
10 10 5 21 35 31 36
15 8 30 30 18 11 21
7 35 29 30 18 11 24
22 25 3 0 4 6 21
11 25 24 21 35 31 12
38 32 7 29 10 39 38
19 34 21 5 40 8 14
9 8 8 35 7 13 5
37 19 36 9 8 8 30
31 9 37 39 16 38 7
2 30 33 31 9 37 21
14 18 37 28 27 10 28
37 19 36 36 4 15 25
1 33 0 15 8 30 39
25 30 35 34 1 22 31
1 33 0 10 10 5 23
19 34 21 10 10 5 28
22 25 3 36 4 15 24
15 8 30 35 7 13 17
36 4 15 19 34 21 30
34 1 22 4 26 12 26
20 24 18 40 2 12 22
27 25 1 33 31 2 6
36 4 15 32 18 12 14
1 33 0 11 25 24 25
30 18 11 25 30 35 26
26 8 4 15 8 30 26
40 2 12 31 9 37 25
37 19 36 38 32 7 31
6 34 36 32 18 12 28
0 4 6 1 33 0 29
0 4 6 15 8 30 24
1 33 0 5 40 8 10
37 19 36 22 25 3 33
20 24 18 19 34 21 10
13 32 2 8 30 7 5
10 10 5 18 14 23 18
3 26 30 26 8 4 31
25 30 35 31 9 37 21
16 30 14 17 34 33 19
2 30 33 17 34 33 4
12 25 3 19 34 21 20
18 14 23 24 9 21 5
21 35 31 31 9 37 26
11 25 24 3 26 30 6
18 14 23 17 34 33 22
39 16 38 10 10 5 33
6 34 36 20 24 18 20
7 35 29 0 4 6 38
8 30 7 35 7 13 23
36 4 15 21 35 31 34
17 34 33 22 25 3 31
4 26 12 40 2 12 24
34 1 22 8 30 7 32
5 40 8 25 30 35 28
11 25 24 32 18 12 13
12 25 3 1 33 0 8
5 40 8 17 34 33 25
0 4 6 38 32 7 28
21 35 31 14 18 37 18
20 24 18 30 18 11 9
24 9 21 28 27 10 21
30 18 11 12 25 3 10
29 10 39 32 18 12 28
33 31 2 28 27 10 8
27 25 1 19 34 21 21
29 10 39 25 30 35 20
32 18 12 38 32 7 14
24 9 21 3 26 30 19
16 30 14 3 26 30 16
28 27 10 35 7 13 20
17 34 33 25 30 35 4
5 40 8 26 8 4 32
5 40 8 7 35 29 21
11 25 24 38 32 7 18
6 34 36 10 10 5 39
28 27 10 3 26 30 20
4 26 12 7 35 29 19
5 40 8 36 4 15 36
21 35 31 23 20 15 21
17 34 33 4 26 12 22
9 8 8 29 10 39 31
36 4 15 30 18 11 14
25 30 35 10 10 5 36
7 35 29 39 16 38 21
34 1 22 30 18 11 20
24 9 21 32 18 12 12
7 35 29 15 8 30 27
4 26 12 19 34 21 12
35 7 13 36 4 15 3
0 4 6 11 25 24 27
28 27 10 13 32 2 9
11 25 24 13 32 2 23
39 16 38 28 27 10 30
38 32 7 12 25 3 8
10 10 5 4 26 12 17
9 8 8 10 10 5 3
17 34 33 0 4 6 40
20 24 18 32 18 12 8
27 25 1 34 1 22 31
28 27 10 21 35 31 22
28 27 10 25 30 35 25
6 34 36 25 30 35 4
5 40 8 23 20 15 21
6 34 36 7 35 29 7
39 16 38 26 8 4 34
35 7 13 24 9 21 8
20 24 18 38 32 7 13
38 32 7 3 26 30 23
26 8 4 13 32 2 24
25 30 35 15 8 30 22
17 34 33 40 2 12 38
33 31 2 16 30 14 12
39 16 38 1 33 0 41
28 27 10 8 30 7 4
34 1 22 28 27 10 28
18 14 23 20 24 18 11
14 18 37 17 34 33 16
12 25 3 39 16 38 36
27 25 1 8 30 7 7
2 30 33 22 25 3 30
38 32 7 5 40 8 8
16 30 14 34 1 22 30
39 16 38 24 9 21 18
21 35 31 22 25 3 29
38 32 7 6 34 36 29
31 9 37 38 32 7 37
37 19 36 2 30 33 11
18 14 23 0 4 6 19
35 7 13 20 24 18 17
16 30 14 10 10 5 21
36 4 15 28 27 10 23
21 35 31 4 26 12 21
20 24 18 12 25 3 15
37 19 36 5 40 8 35
14 18 37 4 26 12 26
28 27 10 31 9 37 32
13 32 2 39 16 38 39
18 14 23 23 20 15 10
27 25 1 32 18 12 13
36 4 15 12 25 3 24
9 8 8 15 8 30 22
4 26 12 11 25 24 12
35 7 13 2 30 33 30
9 8 8 1 33 0 26
38 32 7 35 7 13 25
20 24 18 23 20 15 5
38 32 7 16 30 14 7
33 31 2 12 25 3 6
36 4 15 9 8 8 8
18 14 23 13 32 2 27
37 19 36 27 25 1 35
29 10 39 15 8 30 9
33 31 2 31 9 37 41
13 32 2 14 18 37 37
18 14 23 34 1 22 13
11 25 24 19 34 21 9
2 30 33 14 18 37 12
24 9 21 40 2 12 11
16 30 14 32 18 12 12
5 40 8 10 10 5 30
15 8 30 2 30 33 22
40 2 12 18 14 23 16
7 35 29 26 8 4 36
39 16 38 29 10 39 6
39 16 38 18 14 23 15
36 4 15 11 25 24 22
4 26 12 20 24 18 6
8 30 7 10 10 5 20
34 1 22 24 9 21 8
19 34 21 1 33 0 21
4 26 12 22 25 3 9
33 31 2 22 25 3 6
25 30 35 13 32 2 33
35 7 13 39 16 38 26
32 18 12 28 27 10 9
3 26 30 39 16 38 12
20 24 18 37 19 36 18
35 7 13 18 14 23 12
32 18 12 26 8 4 12
22 25 3 9 8 8 17
25 30 35 35 7 13 31
1 33 0 18 14 23 29
2 30 33 24 9 21 24
18 14 23 27 25 1 24
39 16 38 30 18 11 27
17 34 33 28 27 10 24
9 8 8 31 9 37 29
5 40 8 11 25 24 21
34 1 22 19 34 21 33
13 32 2 35 7 13 27
9 8 8 32 18 12 10
6 34 36 8 30 7 29
32 18 12 3 26 30 19
6 34 36 23 20 15 25
37 19 36 30 18 11 25
27 25 1 4 26 12 11
23 20 15 37 19 36 21
25 30 35 32 18 12 25
12 25 3 29 10 39 39
32 18 12 2 30 33 24
4 26 12 30 18 11 8
5 40 8 14 18 37 36
17 34 33 11 25 24 12
27 25 1 15 8 30 33
22 25 3 3 26 30 27
37 19 36 1 33 0 38
16 30 14 25 30 35 21
39 16 38 8 30 7 34
22 25 3 30 18 11 10
23 20 15 14 18 37 22
37 19 36 17 34 33 15
30 18 11 38 32 7 14
31 9 37 7 35 29 27
7 35 29 8 30 7 22
28 27 10 11 25 24 14
37 19 36 6 34 36 15
5 40 8 39 16 38 38
4 26 12 26 8 4 19
9 8 8 3 26 30 28
5 40 8 33 31 2 10
0 4 6 12 25 3 21
6 34 36 12 25 3 34
17 34 33 6 34 36 3
7 35 29 27 25 1 29
25 30 35 18 14 23 20
16 30 14 27 25 1 13
25 30 35 1 33 0 35
32 18 12 39 16 38 26
20 24 18 31 9 37 24
1 33 0 36 4 15 32
37 19 36 34 1 22 22
17 34 33 3 26 30 8
2 30 33 33 31 2 31
34 1 22 10 10 5 19
14 18 37 31 9 37 9
12 25 3 16 30 14 12
21 35 31 38 32 7 24
15 8 30 40 2 12 18
0 4 6 8 30 7 26
21 35 31 30 18 11 26
2 30 33 10 10 5 34
15 8 30 32 18 12 20
34 1 22 36 4 15 7
27 25 1 2 30 33 32
27 25 1 20 24 18 17
0 4 6 34 1 22 16
12 25 3 14 18 37 34
16 30 14 31 9 37 31
39 16 38 40 2 12 29
9 8 8 17 34 33 36
1 33 0 38 32 7 7
22 25 3 26 8 4 17
39 16 38 17 34 33 18
31 9 37 8 30 7 36
39 16 38 27 25 1 38
32 18 12 31 9 37 26
13 32 2 19 34 21 19
30 18 11 19 34 21 18
8 30 7 21 35 31 24
26 8 4 10 10 5 2
26 8 4 17 34 33 38
39 16 38 15 8 30 11
22 25 3 38 32 7 8
4 26 12 12 25 3 9
16 30 14 15 8 30 27
19 34 21 17 34 33 12
21 35 31 0 4 6 39
7 35 29 16 30 14 15
34 1 22 1 33 0 38
0 4 6 23 20 15 18
14 18 37 37 19 36 1
30 18 11 35 7 13 11
33 31 2 25 30 35 33
5 40 8 22 25 3 15
24 9 21 15 8 30 9
2 30 33 11 25 24 10
26 8 4 0 4 6 4
32 18 12 10 10 5 10
6 34 36 39 16 38 18
0 4 6 27 25 1 21
22 25 3 18 14 23 22
34 1 22 39 16 38 21
28 27 10 16 30 14 5
33 31 2 32 18 12 16
19 34 21 21 35 31 10
4 26 12 31 9 37 30
20 24 18 0 4 6 23
0 4 6 16 30 14 27
16 30 14 37 19 36 24
4 26 12 29 10 39 31
13 32 2 33 31 2 1
40 2 12 9 8 8 7
26 8 4 25 30 35 38
3 26 30 8 30 7 23
27 25 1 1 33 0 8
6 34 36 40 2 12 40
15 8 30 38 32 7 33
22 25 3 11 25 24 21
31 9 37 19 34 21 29
4 26 12 24 9 21 19
23 20 15 10 10 5 14
1 33 0 26 8 4 25
2 30 33 39 16 38 14
3 26 30 35 7 13 25
20 24 18 1 33 0 20
25 30 35 24 9 21 25
13 32 2 30 18 11 16
2 30 33 28 27 10 23
12 25 3 35 7 13 20
39 16 38 33 31 2 39
19 34 21 37 19 36 21
26 8 4 38 32 7 24
19 34 21 28 27 10 13
15 8 30 28 27 10 27
0 4 6 36 4 15 9
20 24 18 2 30 33 16
0 4 6 5 40 8 36
24 9 21 9 8 8 13
4 26 12 3 26 30 18
10 10 5 15 8 30 25
14 18 37 8 30 7 32
31 9 37 24 9 21 16
3 26 30 27 25 1 29
21 35 31 16 30 14 17
28 27 10 23 20 15 8
19 34 21 14 18 37 22
16 30 14 1 33 0 14
8 30 7 38 32 7 2
16 30 14 26 8 4 24
3 26 30 25 30 35 6
18 14 23 36 4 15 12
31 9 37 18 14 23 14
7 35 29 20 24 18 15
27 25 1 21 35 31 31
25 30 35 21 35 31 6
8 30 7 12 25 3 6
9 8 8 19 34 21 29
1 33 0 22 25 3 8
7 35 29 14 18 37 18
32 18 12 14 18 37 25
39 16 38 11 25 24 16
6 34 36 14 18 37 16
2 30 33 7 35 29 6
0 4 6 24 9 21 15
38 32 7 10 10 5 22
39 16 38 9 8 8 31
13 32 2 10 10 5 22
10 10 5 17 34 33 36
19 34 21 0 4 6 33
34 1 22 32 18 12 19
25 30 35 38 32 7 28
39 16 38 25 30 35 14
17 34 33 34 1 22 34
34 1 22 26 8 4 19
11 25 24 20 24 18 6
9 8 8 16 30 14 22
31 9 37 35 7 13 24
6 34 36 21 35 31 5
29 10 39 16 30 14 32
27 25 1 22 25 3 2
35 7 13 5 40 8 33
1 33 0 8 30 7 7
28 27 10 20 24 18 8
38 32 7 19 34 21 14
30 18 11 40 2 12 16
16 30 14 39 16 38 27
2 30 33 18 14 23 18
33 31 2 36 4 15 29
34 1 22 21 35 31 35
13 32 2 16 30 14 12
15 8 30 5 40 8 38
4 26 12 0 4 6 22
29 10 39 17 34 33 24
5 40 8 8 30 7 10
30 18 11 5 40 8 22
40 2 12 8 30 7 28
30 18 11 24 9 21 13
3 26 30 15 8 30 18
26 8 4 40 2 12 10
3 26 30 40 2 12 30
16 30 14 22 25 3 12
19 34 21 3 26 30 12
15 8 30 37 19 36 12
33 31 2 0 4 6 27
26 8 4 36 4 15 11
11 25 24 16 30 14 11
32 18 12 30 18 11 1
28 27 10 4 26 12 2
3 26 30 10 10 5 29
29 10 39 6 34 36 24
23 20 15 1 33 0 19
37 19 36 21 35 31 16
35 7 13 4 26 12 19
30 18 11 0 4 6 14
10 10 5 29 10 39 34
14 18 37 26 8 4 34
31 9 37 22 25 3 37
32 18 12 37 19 36 24
13 32 2 38 32 7 5
36 4 15 27 25 1 25
9 8 8 28 27 10 19