24 276
22 21 20 4 20 3 17
21 2 4 11 20 16 21
10 22 8 23 16 1 9
16 13 9 21 2 4 12
11 20 16 12 23 4 12
0 14 18 10 22 8 12
12 23 4 4 20 3 3
2 6 23 5 6 22 1
15 12 18 19 17 7 12
5 6 22 12 23 4 24
11 20 16 7 16 15 4
16 13 9 5 6 22 14
4 20 3 19 17 7 5
13 5 21 11 20 16 15
22 21 20 23 16 1 19
17 6 23 16 13 9 15
20 11 1 11 20 16 17
16 13 9 11 20 16 9
5 6 22 7 16 15 12
13 5 21 12 23 4 24
1 14 20 9 16 14 6
17 6 23 9 16 14 13
8 2 16 17 6 23 8
7 16 15 15 12 18 5
0 14 18 3 22 7 13
3 22 7 13 5 21 22
15 12 18 13 5 21 7
12 23 4 9 16 14 12
22 21 20 1 14 20 7
9 16 14 19 17 7 7
15 12 18 0 14 18 2
6 13 15 19 17 7 8
3 22 7 11 20 16 9
2 6 23 16 13 9 15
11 20 16 4 20 3 13
4 20 3 13 5 21 23
18 8 11 13 5 21 10
4 20 3 18 8 11 14
6 13 15 12 23 4 14
12 23 4 18 8 11 16
15 12 18 23 16 1 17
10 22 8 6 13 15 11
22 21 20 14 2 19 19
17 6 23 22 21 20 15
18 8 11 15 12 18 8
20 11 1 16 13 9 8
8 2 16 4 20 3 22
17 6 23 13 5 21 2
11 20 16 8 2 16 18
6 13 15 22 21 20 9
2 6 23 10 22 8 21
23 16 1 4 20 3 4
4 20 3 14 2 19 24
21 2 4 14 2 19 15
6 13 15 7 16 15 3
2 6 23 19 17 7 19
10 22 8 14 2 19 22
4 20 3 0 14 18 16
3 22 7 16 13 9 9
7 16 15 0 14 18 3
22 21 20 18 8 11 15
3 22 7 15 12 18 14
11 20 16 5 6 22 15
7 16 15 22 21 20 7
9 16 14 11 20 16 4
20 11 1 21 2 4 9
20 11 1 23 16 1 5
16 13 9 9 16 14 5
13 5 21 20 11 1 20
17 6 23 15 12 18 7
15 12 18 22 21 20 9
21 2 4 13 5 21 17
0 14 18 21 2 4 18
19 17 7 12 23 4 6
7 16 15 14 2 19 14
2 6 23 1 14 20 8
0 14 18 14 2 19 12
19 17 7 11 20 16 9
6 13 15 21 2 4 15
15 12 18 14 2 19 10
9 16 14 0 14 18 4
13 5 21 1 14 20 9
18 8 11 0 14 18 9
2 6 23 6 13 15 10
7 16 15 4 20 3 12
13 5 21 2 6 23 2
20 11 1 17 6 23 22
16 13 9 8 2 16 13
2 6 23 20 11 1 22
19 17 7 5 6 22 18
5 6 22 20 11 1 21
5 6 22 1 14 20 8
13 5 21 7 16 15 12
4 20 3 17 6 23 24
21 2 4 8 2 16 12
10 22 8 5 6 22 21
15 12 18 20 11 1 17
22 21 20 13 5 21 16
1 14 20 11 20 16 7
1 14 20 18 8 11 10
14 2 19 9 16 14 14
18 8 11 21 2 4 9
9 16 14 21 2 4 17
11 20 16 18 8 11 13
5 6 22 0 14 18 8
9 16 14 6 13 15 3
16 13 9 10 22 8 9
4 20 3 5 6 22 23
5 6 22 13 5 21 1
9 16 14 18 8 11 8
6 13 15 16 13 9 6
8 2 16 2 6 23 8
12 23 4 2 6 23 25
3 22 7 5 6 22 21
9 16 14 23 16 1 13
14 2 19 6 13 15 11
17 6 23 23 16 1 24
12 23 4 15 12 18 17
0 14 18 11 20 16 6
7 16 15 3 22 7 10
0 14 18 23 16 1 17
2 6 23 9 16 14 13
0 14 18 20 11 1 17
8 2 16 5 6 22 7
17 6 23 11 20 16 15
5 6 22 15 12 18 7
2 6 23 3 22 7 22
8 2 16 22 21 20 19
6 13 15 15 12 18 3
18 8 11 10 22 8 14
3 22 7 20 11 1 12
21 2 4 1 14 20 20
13 5 21 6 13 15 10
10 22 8 22 21 20 12
8 2 16 13 5 21 5
8 2 16 0 14 18 12
12 23 4 22 21 20 16
10 22 8 20 11 1 13
19 17 7 0 14 18 11
12 23 4 23 16 1 7
19 17 7 13 5 21 18
10 22 8 15 12 18 14
8 2 16 20 11 1 17
14 2 19 20 11 1 20
20 11 1 12 23 4 12
1 14 20 14 2 19 12
4 20 3 2 6 23 24
13 5 21 10 22 8 21
4 20 3 10 22 8 5
18 8 11 17 6 23 12
10 22 8 3 22 7 1
17 6 23 14 2 19 5
2 6 23 7 16 15 12
1 14 20 23 16 1 19
1 14 20 19 17 7 13
4 20 3 15 12 18 17
13 5 21 14 2 19 3
1 14 20 20 11 1 19
8 2 16 9 16 14 14
6 13 15 17 6 23 10
1 14 20 12 23 4 18
7 16 15 12 23 4 13
23 16 1 8 2 16 20
16 13 9 18 8 11 5
22 21 20 0 14 18 7
21 2 4 2 6 23 19
8 2 16 10 22 8 21
18 8 11 7 16 15 8
22 21 20 9 16 14 7
0 14 18 1 14 20 2
23 16 1 5 6 22 23
6 13 15 20 11 1 14
11 20 16 2 6 23 15
18 8 11 3 22 7 14
23 16 1 21 2 4 14
9 16 14 3 22 7 9
16 13 9 1 14 20 11
6 13 15 8 2 16 11
9 16 14 13 5 21 13
9 16 14 15 12 18 5
10 22 8 12 23 4 4
5 6 22 6 13 15 9
8 2 16 18 8 11 7
9 16 14 7 16 15 1
10 22 8 21 2 4 20
7 16 15 1 14 20 5
11 20 16 14 2 19 18
13 5 21 0 14 18 9
9 16 14 20 11 1 13
14 2 19 5 6 22 5
7 16 15 16 13 9 6
1 14 20 6 13 15 5
23 16 1 19 17 7 6
20 11 1 7 16 15 14
17 6 23 19 17 7 19
3 22 7 21 2 4 20
6 13 15 4 20 3 13
16 13 9 15 12 18 9
15 12 18 2 6 23 7
19 17 7 10 22 8 5
10 22 8 1 14 20 14
6 13 15 18 8 11 6
8 2 16 1 14 20 12
3 22 7 23 16 1 8
23 16 1 6 13 15 14
14 2 19 3 22 7 23
18 8 11 19 17 7 9
17 6 23 1 14 20 8
3 22 7 4 20 3 4
21 2 4 22 21 20 24
4 20 3 21 2 4 18
17 6 23 21 2 4 19
8 2 16 15 12 18 10
20 11 1 4 20 3 9
22 21 20 20 11 1 21
19 17 7 22 21 20 13
8 2 16 3 22 7 21
3 22 7 6 13 15 12
23 16 1 16 13 9 8
7 16 15 8 2 16 14
7 16 15 10 22 8 9
21 2 4 5 6 22 18
2 6 23 14 2 19 5
6 13 15 0 14 18 3
2 6 23 17 6 23 0
5 6 22 22 21 20 15
18 8 11 5 6 22 11
12 23 4 8 2 16 24
14 2 19 16 13 9 14
4 20 3 16 13 9 9
3 22 7 12 23 4 3
19 17 7 8 2 16 17
14 2 19 8 2 16 3
19 17 7 20 11 1 8
13 5 21 16 13 9 14
3 22 7 22 21 20 13
15 12 18 11 20 16 8
12 23 4 0 14 18 16
0 14 18 16 13 9 9
6 13 15 11 20 16 7
10 22 8 9 16 14 8
16 13 9 19 17 7 4
22 21 20 11 20 16 4
17 6 23 0 14 18 9
12 23 4 14 2 19 25
12 23 4 17 6 23 25
1 14 20 3 22 7 15
7 16 15 17 6 23 12
12 23 4 16 13 9 11
7 16 15 21 2 4 17
10 22 8 17 6 23 21
9 16 14 4 20 3 11
7 16 15 23 16 1 14
21 2 4 12 23 4 21
18 8 11 20 11 1 10
19 17 7 7 16 15 8
23 16 1 13 5 21 22
1 14 20 15 12 18 2
23 16 1 11 20 16 15
17 6 23 5 6 22 1
4 20 3 1 14 20 18
21 2 4 19 17 7 15
19 17 7 14 2 19 19
0 14 18 2 6 23 9
18 8 11 23 16 1 12
5 6 22 9 16 14 12
2 6 23 22 21 20 15
18 8 11 14 2 19 10
23 16 1 14 2 19 22
18 8 11 2 6 23 12
10 22 8 11 20 16 8
15 12 18 21 2 4 17
3 22 7 17 6 23 22
22 21 20 16 13 9 13
23 16 1 2 6 23 24
19 17 7 3 22 7 5