91 4095
48 36 9 33 2 3 34
23 29 29 55 73 32 44
87 43 8 62 57 87 80
73 60 56 68 88 51 28
68 88 51 6 68 19 37
90 78 36 26 58 47 22
73 60 56 69 68 71 17
73 60 56 62 57 87 31
26 58 47 28 79 13 39
10 37 68 7 80 81 44
33 2 3 37 70 45 79
81 77 59 63 51 62 26
71 10 50 58 84 30 76
3 10 57 14 56 50 46
18 39 19 50 29 21 10
5 57 44 75 79 68 32
7 80 81 50 29 21 78
57 37 43 83 34 37 6
40 58 73 10 37 68 21
18 39 19 15 59 85 68
64 22 30 74 3 35 19
18 39 19 5 57 44 30
19 72 3 55 73 32 29
37 70 45 69 68 71 26
47 46 19 71 10 50 47
73 60 56 55 73 32 27
80 27 38 74 3 35 24
78 57 11 16 42 73 63
58 84 30 42 76 68 38
67 1 3 21 80 56 95
87 43 8 70 26 29 27
8 17 87 21 80 56 70
74 3 35 14 56 50 55
36 85 3 30 80 69 66
27 5 54 24 8 5 49
68 88 51 15 59 85 44
3 10 57 53 40 32 39
65 81 46 49 49 33 34
63 51 62 32 76 37 35
9 16 67 46 46 61 30
60 23 84 63 51 62 35
5 57 44 59 72 51 16
83 34 37 40 58 73 43
39 25 84 41 84 42 72
26 58 47 32 76 37 20
39 25 84 45 6 87 19
38 12 78 63 51 62 42
36 85 3 9 16 67 94
16 42 73 44 46 15 58
65 81 46 59 72 51 10
16 42 73 76 73 3 76
64 22 30 69 68 71 61
25 61 30 46 46 61 34
76 73 3 74 3 35 76
60 23 84 19 72 3 94
86 74 30 71 10 50 67
1 8 17 45 6 87 70
51 12 53 31 86 20 81
40 58 73 67 1 3 90
90 78 36 12 55 23 26
46 46 61 44 46 15 46
61 43 21 15 59 85 65
76 73 3 52 57 1 16
53 40 32 71 10 50 34
21 80 56 0 6 76 76
83 34 37 53 40 32 7
62 57 87 53 40 32 57
86 74 30 65 81 46 17
7 80 81 56 29 55 57
62 57 87 39 25 84 32
72 24 39 16 42 73 38
70 26 29 69 68 71 59
80 27 38 46 46 61 29
65 81 46 77 0 84 89
51 12 53 40 58 73 50
1 8 17 14 56 50 58
28 79 13 80 27 38 57
5 57 44 63 51 62 18
52 57 1 62 57 87 86
75 79 68 22 36 74 43
68 88 51 31 86 20 31
40 58 73 34 54 20 53
55 73 32 12 55 23 20
54 41 9 43 11 46 47
70 26 29 8 17 87 58
44 46 15 21 80 56 53
53 40 32 84 80 52 44
26 58 47 13 69 56 14
76 73 3 87 43 8 30
44 46 15 59 72 51 44
40 58 73 50 29 21 59
3 10 57 49 49 33 45
71 10 50 56 29 55 19
30 80 69 75 79 68 1
39 25 84 49 49 33 56
14 56 50 57 37 43 20
25 61 30 20 4 12 59
20 4 12 90 78 36 77
6 68 19 4 33 79 69
69 68 71 41 84 42 33
29 65 27 22 36 74 55
28 79 13 64 22 30 59
12 55 23 44 46 15 12
22 36 74 65 81 46 53
76 73 3 25 61 30 29
46 46 61 43 11 46 38
55 73 32 70 26 29 47
59 72 51 57 37 43 35
15 59 85 84 80 52 39
82 42 15 73 60 56 44
59 72 51 68 88 51 16
59 72 51 9 16 67 58
13 69 56 78 57 11 46
86 74 30 9 16 67 68
19 72 3 66 27 54 68
81 77 59 79 36 85 48
64 22 30 23 29 29 7
85 26 36 60 23 84 48
51 12 53 71 10 50 3
20 4 12 87 43 8 39
34 54 20 71 10 50 53
64 22 30 10 37 68 40
19 72 3 21 80 56 53
73 60 56 83 34 37 32
11 19 82 35 87 2 104
72 24 39 54 41 9 34
9 16 67 41 84 42 72
28 79 13 29 65 27 19
63 51 62 49 49 33 29
52 57 1 48 36 9 22
69 68 71 61 43 21 55
22 36 74 7 80 81 44
70 26 29 63 51 62 41
9 16 67 43 11 46 21
57 37 43 86 74 30 39
65 81 46 88 80 74 28
86 74 30 41 84 42 15
1 8 17 0 6 76 59
83 34 37 17 4 40 30
64 22 30 39 25 84 54
26 58 47 1 8 17 58
4 33 79 82 42 15 64
39 25 84 71 10 50 37
16 42 73 25 61 30 47
73 60 56 20 4 12 71
90 78 36 88 80 74 38
45 6 87 66 27 54 39
55 73 32 79 36 85 64
64 22 30 58 84 30 62
23 29 29 3 10 57 33
44 46 15 71 10 50 50
42 76 68 20 4 12 91
50 29 21 71 10 50 34
48 36 9 90 78 36 49
15 59 85 13 69 56 30
73 60 56 28 79 13 47
36 85 3 6 68 19 23
76 73 3 5 57 44 44
66 27 54 40 58 73 36
29 65 27 59 72 51 25
37 70 45 77 0 84 80
87 43 8 16 42 73 65
5 57 44 79 36 85 46
48 36 9 16 42 73 64
16 42 73 59 72 51 37
85 26 36 66 27 54 18
37 70 45 13 69 56 11
24 8 5 72 24 39 37
32 76 37 39 25 84 69
70 26 29 56 29 55 26
30 80 69 45 6 87 76
47 46 19 79 36 85 66
15 59 85 34 54 20 65
45 6 87 48 36 9 83
53 40 32 32 76 37 36
4 33 79 62 57 87 25
32 76 37 88 80 74 37
39 25 84 52 57 1 88
64 22 30 35 87 2 70
57 37 43 6 68 19 39
89 65 53 43 11 46 54
35 87 2 73 60 56 60
11 19 82 27 5 54 31
62 57 87 29 65 27 60
83 34 37 76 73 3 51
41 84 42 83 34 37 50
39 25 84 59 72 51 57
78 57 11 55 73 32 26
66 27 54 69 68 71 44
81 77 59 37 70 45 15
78 57 11 28 79 13 22
9 16 67 35 87 2 96
45 6 87 68 88 51 89
37 70 45 48 36 9 49
52 57 1 54 41 9 17
47 46 19 18 39 19 7
42 76 68 30 80 69 4
57 37 43 5 57 44 20
57 37 43 77 0 84 55
70 26 29 32 76 37 50
10 37 68 45 6 87 36
56 29 55 27 5 54 24
6 68 19 26 58 47 29
3 10 57 88 80 74 72
29 65 27 24 8 5 61
63 51 62 56 29 55 23
72 24 39 78 57 11 43
10 37 68 4 33 79 11
40 58 73 77 0 84 59
38 12 78 50 29 21 59
90 78 36 69 68 71 36
29 65 27 70 26 29 39
87 43 8 0 6 76 77
19 72 3 56 29 55 67
35 87 2 69 68 71 71
49 49 33 37 70 45 24
2 66 17 53 40 32 30
60 23 84 83 34 37 48
62 57 87 76 73 3 85
13 69 56 50 29 21 53
44 46 15 67 1 3 46
3 10 57 52 57 1 73
85 26 36 30 80 69 63
84 80 52 49 49 33 36
61 43 21 38 12 78 64
3 10 57 25 61 30 57
21 80 56 15 59 85 35
85 26 36 33 2 3 40
70 26 29 66 27 54 25
87 43 8 81 77 59 61
1 8 17 24 8 5 12
54 41 9 31 86 20 46
2 66 17 77 0 84 94
65 81 46 16 42 73 47
64 22 30 12 55 23 33
9 16 67 40 58 73 42
71 10 50 29 65 27 59
86 74 30 27 5 54 73
11 19 82 89 65 53 54
17 4 40 11 19 82 44
54 41 9 46 46 61 52
11 19 82 14 56 50 48
21 80 56 65 81 46 10
5 57 44 44 46 15 31
87 43 8 51 12 53 54
0 6 76 25 61 30 71
43 11 46 33 2 3 43
89 65 53 45 6 87 68
81 77 59 11 19 82 62
66 27 54 76 73 3 68
81 77 59 30 80 69 10
27 5 54 72 24 39 24
24 8 5 56 29 55 54
83 34 37 33 2 3 46
24 8 5 30 80 69 96
60 23 84 6 68 19 79
3 10 57 32 76 37 68
24 8 5 71 10 50 45
40 58 73 7 80 81 23
73 60 56 10 37 68 25
81 77 59 35 87 2 57
12 55 23 54 41 9 19
55 73 32 75 79 68 36
61 43 21 55 73 32 31
60 23 84 30 80 69 58
88 80 74 83 34 37 59
16 42 73 60 23 84 21
81 77 59 8 17 87 66
86 74 30 39 25 84 72
67 1 3 7 80 81 111
56 29 55 4 33 79 24
19 72 3 35 87 2 15
40 58 73 6 68 19 54
70 26 29 2 66 17 41
87 43 8 17 4 40 50
89 65 53 20 4 12 73
66 27 54 16 42 73 24
40 58 73 85 26 36 48
40 58 73 60 23 84 36
41 84 42 23 29 29 56
63 51 62 24 8 5 71
64 22 30 66 27 54 24
71 10 50 85 26 36 21
61 43 21 11 19 82 65
36 85 3 20 4 12 81
67 1 3 3 10 57 54
76 73 3 23 29 29 51
59 72 51 49 49 33 29
14 56 50 32 76 37 23
3 10 57 11 19 82 26
8 17 87 56 29 55 34
5 57 44 19 72 3 43
9 16 67 61 43 21 53
23 29 29 6 68 19 40
13 69 56 41 84 42 20
3 10 57 45 6 87 30
81 77 59 48 36 9 64
40 58 73 72 24 39 48
41 84 42 62 57 87 52
33 2 3 39 25 84 84
17 4 40 39 25 84 48
39 25 84 5 57 44 51
25 61 30 34 54 20 12
47 46 19 38 12 78 68
13 69 56 68 88 51 19
41 84 42 16 42 73 52
24 8 5 13 69 56 79
36 85 3 86 74 30 29
63 51 62 11 19 82 37
12 55 23 23 29 29 26
35 87 2 59 72 51 51
25 61 30 18 39 19 24
47 46 19 85 26 36 26
58 84 30 16 42 73 60
62 57 87 14 56 50 37
45 6 87 33 2 3 84
86 74 30 66 27 54 52
4 33 79 21 80 56 52
66 27 54 87 43 8 48
47 46 19 86 74 30 30
18 39 19 58 84 30 46
34 54 20 44 46 15 9
69 68 71 57 37 43 41
82 42 15 69 68 71 61
80 27 38 12 55 23 31
40 58 73 0 6 76 52
30 80 69 65 81 46 23
77 0 84 32 76 37 89
70 26 29 4 33 79 50
10 37 68 35 87 2 82
9 16 67 5 57 44 47
44 46 15 28 79 13 33
56 29 55 47 46 19 39
25 61 30 71 10 50 54
34 54 20 26 58 47 27
19 72 3 33 2 3 70
47 46 19 15 59 85 67
38 12 78 86 74 30 78
26 58 47 75 79 68 29
90 78 36 46 46 61 40
46 46 61 5 57 44 20
1 8 17 84 80 52 80
70 26 29 12 55 23 29
16 42 73 54 41 9 64
78 57 11 34 54 20 9
15 59 85 62 57 87 2
87 43 8 58 84 30 46
86 74 30 30 80 69 39
23 29 29 77 0 84 62
77 0 84 84 80 52 86
29 65 27 76 73 3 25
41 84 42 82 42 15 49
0 6 76 3 10 57 19
59 72 51 84 80 52 8
36 85 3 41 84 42 39
54 41 9 21 80 56 61
76 73 3 12 55 23 26
86 74 30 46 46 61 41
77 0 84 45 6 87 6
50 29 21 32 76 37 49
3 10 57 4 33 79 31
87 43 8 24 8 5 35
35 87 2 42 76 68 66
60 23 84 55 73 32 72
18 39 19 44 46 15 8
26 58 47 77 0 84 68
62 57 87 49 49 33 54
32 76 37 45 6 87 86
33 2 3 57 37 43 53
86 74 30 7 80 81 51
74 3 35 52 57 1 63
71 10 50 30 80 69 72
11 19 82 50 29 21 61
42 76 68 64 22 30 66
19 72 3 82 42 15 32
18 39 19 1 8 17 31
48 36 9 66 27 54 45
85 26 36 28 79 13 57
76 73 3 84 80 52 49
26 58 47 59 72 51 14
21 80 56 82 42 15 55
2 66 17 5 57 44 28
46 46 61 60 23 84 32
26 58 47 62 57 87 40
51 12 53 78 57 11 61
24 8 5 81 77 59 87
62 57 87 46 46 61 28
38 12 78 13 69 56 61
35 87 2 5 57 44 51
38 12 78 11 19 82 8
83 34 37 77 0 84 58
54 41 9 89 65 53 50
81 77 59 53 40 32 45
44 46 15 49 49 33 18
20 4 12 69 68 71 87
15 59 85 33 2 3 99
57 37 43 48 36 9 34
41 84 42 90 78 36 8
66 27 54 79 36 85 32
60 23 84 39 25 84 2
15 59 85 73 60 56 29
73 60 56 48 36 9 52
63 51 62 73 60 56 10
75 79 68 68 88 51 19
28 79 13 75 79 68 55
25 61 30 59 72 51 23
61 43 21 39 25 84 65
51 12 53 47 46 19 48
89 65 53 73 60 56 5
45 6 87 25 61 30 79
50 29 21 82 42 15 14
90 78 36 32 76 37 2
32 76 37 48 36 9 48
80 27 38 49 49 33 22
27 5 54 73 60 56 55
38 12 78 42 76 68 64
46 46 61 26 58 47 18
40 58 73 4 33 79 25
88 80 74 80 27 38 64
47 46 19 70 26 29 22
20 4 12 68 88 51 92
44 46 15 19 72 3 28
60 23 84 35 87 2 104
31 86 20 71 10 50 81
46 46 61 16 42 73 12
80 27 38 76 73 3 57
45 6 87 72 24 39 51
11 19 82 9 16 67 15
77 0 84 12 55 23 82
21 80 56 47 46 19 50
77 0 84 51 12 53 33
11 19 82 69 68 71 50
76 73 3 36 85 3 12
18 39 19 43 11 46 38
4 33 79 72 24 39 41
28 79 13 89 65 53 42
9 16 67 68 88 51 73
34 54 20 82 42 15 13
87 43 8 80 27 38 34
35 87 2 22 36 74 88
26 58 47 68 88 51 30
17 4 40 67 1 3 37
1 8 17 6 68 19 60
53 40 32 8 17 87 59
18 39 19 87 43 8 11
56 29 55 54 41 9 47
1 8 17 88 80 74 91
65 81 46 26 58 47 23
11 19 82 32 76 37 72
34 54 20 11 19 82 71
75 79 68 69 68 71 11
22 36 74 37 70 45 44
38 12 78 76 73 3 96
81 77 59 19 72 3 56
89 65 53 30 80 69 21
41 84 42 18 39 19 50
61 43 21 75 79 68 59
61 43 21 86 74 30 32
15 59 85 60 23 84 36
8 17 87 41 84 42 80
20 4 12 59 72 51 78
68 88 51 82 42 15 58
62 57 87 11 19 82 38
71 10 50 76 73 3 78
30 80 69 67 1 3 102
81 77 59 80 27 38 54
6 68 19 64 22 30 47
2 66 17 6 68 19 2
64 22 30 32 76 37 54
71 10 50 22 36 74 35
74 3 35 40 58 73 66
21 80 56 35 87 2 54
90 78 36 9 16 67 69
21 80 56 29 65 27 32
49 49 33 32 76 37 27
75 79 68 40 58 73 21
62 57 87 33 2 3 100
6 68 19 84 80 52 35
33 2 3 26 58 47 71
13 69 56 88 80 74 21
21 80 56 85 26 36 57
51 12 53 4 33 79 33
9 16 67 23 29 29 40
54 41 9 63 51 62 53
42 76 68 81 77 59 9
69 68 71 53 40 32 48
35 87 2 8 17 87 110
41 84 42 25 61 30 25
38 12 78 88 80 74 68
88 80 74 26 58 47 34
23 29 29 50 29 21 8
88 80 74 52 57 1 76
88 80 74 89 65 53 25
22 36 74 20 4 12 69
13 69 56 74 3 35 69
52 57 1 11 19 82 89
5 57 44 34 54 20 24
58 84 30 20 4 12 82
89 65 53 68 88 51 23
21 80 56 83 34 37 49
19 72 3 49 49 33 37
16 42 73 70 26 29 46
88 80 74 67 1 3 106
69 68 71 2 66 17 54
73 60 56 37 70 45 14
83 34 37 23 29 29 9
24 8 5 4 33 79 78
25 61 30 9 16 67 58
73 60 56 9 16 67 45
29 65 27 18 39 19 27
11 19 82 85 26 36 46
26 58 47 58 84 30 31
21 80 56 41 84 42 14
85 26 36 41 84 42 58
6 68 19 21 80 56 38
39 25 84 31 86 20 88
68 88 51 50 29 21 66
27 5 54 64 22 30 29
11 19 82 84 80 52 67
87 43 8 88 80 74 75
46 46 61 58 84 30 49
8 17 87 18 39 19 71
20 4 12 81 77 59 86
30 80 69 33 2 3 102
20 4 12 47 46 19 42
34 54 20 73 60 56 36
36 85 3 29 65 27 31
48 36 9 55 73 32 43
14 56 50 60 23 84 47
54 41 9 8 17 87 81
53 40 32 22 36 74 42
77 0 84 82 42 15 80
79 36 85 7 80 81 44
74 3 35 28 79 13 79
29 65 27 2 66 17 10
82 42 15 71 10 50 47
83 34 37 87 43 8 30
8 17 87 55 73 32 78
81 77 59 62 57 87 34
28 79 13 43 11 46 75
70 26 29 30 80 69 67
49 49 33 36 85 3 46
36 85 3 78 57 11 29
48 36 9 22 36 74 65
63 51 62 35 87 2 69
48 36 9 72 24 39 32
56 29 55 21 80 56 51
31 86 20 10 37 68 68
62 57 87 6 68 19 68
89 65 53 59 72 51 7
0 6 76 10 37 68 32
71 10 50 84 80 52 70
84 80 52 81 77 59 7
49 49 33 68 88 51 42
41 84 42 60 23 84 74
54 41 9 15 59 85 78
40 58 73 76 73 3 71
82 42 15 46 46 61 46
86 74 30 49 49 33 25
42 76 68 78 57 11 60
51 12 53 52 57 1 68
83 34 37 30 80 69 56
42 76 68 66 27 54 50
35 87 2 46 46 61 71
38 12 78 74 3 35 43
0 6 76 54 41 9 75
47 46 19 8 17 87 73
5 57 44 53 40 32 20
60 23 84 37 70 45 61
38 12 78 70 26 29 50
24 8 5 36 85 3 77
82 42 15 66 27 54 41
8 17 87 16 42 73 28
32 76 37 72 24 39 52
39 25 84 79 36 85 11
82 42 15 65 81 46 49
7 80 81 85 26 36 70
12 55 23 49 49 33 11
10 37 68 51 12 53 29
86 74 30 56 29 55 51
54 41 9 55 73 32 39
55 73 32 20 4 12 71
43 11 46 17 4 40 9
28 79 13 22 36 74 74
39 25 84 48 36 9 75
13 69 56 60 23 84 53
76 73 3 26 58 47 46
25 61 30 88 80 74 47
90 78 36 84 80 52 16
49 49 33 13 69 56 30
13 69 56 77 0 84 74
69 68 71 74 3 35 74
80 27 38 70 26 29 9
47 46 19 23 29 29 19
64 22 30 33 2 3 33
23 29 29 85 26 36 7
29 65 27 41 84 42 24
69 68 71 86 74 30 41
23 29 29 84 80 52 55
41 84 42 6 68 19 28
31 86 20 35 87 2 18
86 74 30 89 65 53 24
76 73 3 67 1 3 72
14 56 50 0 6 76 56
74 3 35 59 72 51 70
49 49 33 67 1 3 56
80 27 38 84 80 52 54
32 76 37 33 2 3 81
23 29 29 4 33 79 50
45 6 87 29 65 27 84
66 27 54 5 57 44 31
13 69 56 43 11 46 58
32 76 37 6 68 19 19
61 43 21 67 1 3 45
22 36 74 47 46 19 55
13 69 56 29 65 27 29
76 73 3 14 56 50 49
30 80 69 62 57 87 29
54 41 9 26 58 47 41
49 49 33 90 78 36 29
48 36 9 41 84 42 58
59 72 51 27 5 54 67
32 76 37 37 70 45 10
43 11 46 30 80 69 72
43 11 46 11 19 82 36
33 2 3 38 12 78 75
2 66 17 61 43 21 23
21 80 56 52 57 1 59
36 85 3 13 69 56 55
50 29 21 48 36 9 13
78 57 11 25 61 30 19
71 10 50 16 42 73 39
60 23 84 24 8 5 80
90 78 36 31 86 20 17
2 66 17 84 80 52 37
70 26 29 58 84 30 58
19 72 3 76 73 3 1
53 40 32 28 79 13 43
63 51 62 46 46 61 5
71 10 50 7 80 81 76
81 77 59 10 37 68 41
60 23 84 12 55 23 68
89 65 53 46 46 61 20
11 19 82 2 66 17 80
49 49 33 8 17 87 62
55 73 32 22 36 74 55
80 27 38 61 43 21 23
32 76 37 86 74 30 7
53 40 32 4 33 79 47
18 39 19 22 36 74 55
15 59 85 88 80 74 23
76 73 3 50 29 21 47
85 26 36 42 76 68 59
34 54 20 28 79 13 25
30 80 69 66 27 54 55
15 59 85 8 17 87 42
58 84 30 43 11 46 74
23 29 29 0 6 76 52
7 80 81 21 80 56 25
65 81 46 48 36 9 58
30 80 69 11 19 82 62
58 84 30 21 80 56 26
49 49 33 72 24 39 25
60 23 84 10 37 68 21
30 80 69 7 80 81 12
42 76 68 2 66 17 51
67 1 3 22 36 74 79
82 42 15 20 4 12 38
67 1 3 39 25 84 84
41 84 42 14 56 50 29
71 10 50 57 37 43 27
32 76 37 55 73 32 5
6 68 19 76 73 3 16
12 55 23 57 37 43 26
46 46 61 74 3 35 50
61 43 21 76 73 3 34
39 25 84 38 12 78 14
83 34 37 36 85 3 61
16 42 73 73 60 56 24
79 36 85 51 12 53 40
42 76 68 48 36 9 71
15 59 85 16 42 73 20
13 69 56 8 17 87 60
84 80 52 7 80 81 29
17 4 40 6 68 19 67
11 19 82 25 61 30 66
60 23 84 11 19 82 4
29 65 27 40 58 73 46
0 6 76 13 69 56 66
1 8 17 35 87 2 80
38 12 78 32 76 37 76
13 69 56 75 79 68 15
22 36 74 69 68 71 32
5 57 44 16 42 73 32
2 66 17 32 76 37 22
43 11 46 16 42 73 41
40 58 73 37 70 45 30
63 51 62 67 1 3 77
24 8 5 11 19 82 77
55 73 32 64 22 30 51
59 72 51 83 34 37 40
78 57 11 2 66 17 10
72 24 39 51 12 53 18
89 65 53 78 57 11 42
27 5 54 18 39 19 48
82 42 15 12 55 23 15
53 40 32 29 65 27 25
79 36 85 31 86 20 82
62 57 87 90 78 36 55
13 69 56 51 12 53 57
8 17 87 1 8 17 70
76 73 3 45 6 87 107
80 27 38 83 34 37 7
12 55 23 5 57 44 21
11 19 82 57 37 43 42
15 59 85 1 8 17 85
34 54 20 37 70 45 29
36 85 3 60 23 84 102
20 4 12 39 25 84 75
31 86 20 86 74 30 15
87 43 8 3 10 57 59
6 68 19 10 37 68 57
0 6 76 59 72 51 70
50 29 21 51 12 53 36
73 60 56 60 23 84 46
37 70 45 75 79 68 24
57 37 43 34 54 20 28
39 25 84 77 0 84 25
72 24 39 34 54 20 35
1 8 17 68 88 51 86
36 85 3 69 68 71 70
56 29 55 74 3 35 32
76 73 3 64 22 30 57
43 11 46 26 58 47 47
70 26 29 10 37 68 40
2 66 17 51 12 53 64
26 58 47 16 42 73 30
87 43 8 73 60 56 50
42 76 68 12 55 23 49
12 55 23 8 17 87 74
41 84 42 34 54 20 37
11 19 82 46 46 61 34
83 34 37 8 17 87 52
29 65 27 6 68 19 8
37 70 45 4 33 79 50
33 2 3 73 60 56 78
55 73 32 86 74 30 2
24 8 5 77 0 84 79
80 27 38 1 8 17 28
24 8 5 90 78 36 76
34 54 20 80 27 38 32
61 43 21 89 65 53 38
25 61 30 73 60 56 26
18 39 19 78 57 11 19
46 46 61 73 60 56 14
29 65 27 1 8 17 57
76 73 3 42 76 68 65
76 73 3 35 87 2 14
43 11 46 61 43 21 40
7 80 81 68 88 51 31
68 88 51 39 25 84 71
10 37 68 88 80 74 43
61 43 21 68 88 51 54
48 36 9 54 41 9 5
60 23 84 61 43 21 66
21 80 56 46 46 61 34
5 57 44 6 68 19 27
30 80 69 80 27 38 61
70 26 29 85 26 36 7
18 39 19 42 76 68 61
62 57 87 16 42 73 20
74 3 35 57 37 43 34
14 56 50 48 36 9 45
28 79 13 2 66 17 13
45 6 87 41 84 42 90
80 27 38 9 16 67 31
83 34 37 50 29 21 16
52 57 1 56 29 55 60
1 8 17 22 36 74 63
31 86 20 70 26 29 60
23 29 29 28 79 13 52
10 37 68 61 43 21 47
86 74 30 43 11 46 65
51 12 53 12 55 23 52
3 10 57 5 57 44 48
63 51 62 4 33 79 24
69 68 71 52 57 1 70
45 6 87 59 72 51 75
72 24 39 76 73 3 60
27 5 54 34 54 20 59
61 43 21 48 36 9 13
38 12 78 37 70 45 66
20 4 12 52 57 1 54
49 49 33 41 84 42 36
60 23 84 86 74 30 74
0 6 76 49 49 33 60
22 36 74 13 69 56 37
54 41 9 51 12 53 52
7 80 81 37 70 45 37
7 80 81 13 69 56 27
25 61 30 65 81 46 25
32 76 37 40 58 73 40
13 69 56 84 80 52 11
87 43 8 8 17 87 83
8 17 87 34 54 20 76
10 37 68 28 79 13 69
62 57 87 70 26 29 65
85 26 36 69 68 71 54
0 6 76 42 76 68 70
22 36 74 52 57 1 75
73 60 56 31 86 20 44
78 57 11 56 29 55 52
85 26 36 57 37 43 13
20 4 12 51 12 53 41
16 42 73 56 29 55 22
54 41 9 35 87 2 46
37 70 45 42 76 68 23
8 17 87 28 79 13 96
37 70 45 0 6 76 71
62 57 87 64 22 30 66
0 6 76 79 36 85 31
80 27 38 13 69 56 45
26 58 47 78 57 11 36
82 42 15 84 80 52 53
25 61 30 57 37 43 27
23 29 29 80 27 38 9
20 4 12 40 58 73 81
64 22 30 46 46 61 39
48 36 9 62 57 87 80
71 10 50 90 78 36 69
90 78 36 64 22 30 56
2 66 17 15 59 85 68
70 26 29 43 11 46 22
21 80 56 45 6 87 80
55 73 32 71 10 50 65
49 49 33 78 57 11 23
54 41 9 28 79 13 38
85 26 36 38 12 78 44
19 72 3 48 36 9 36
9 16 67 56 29 55 17
24 8 5 16 42 73 76
75 79 68 90 78 36 32
85 26 36 26 58 47 33
47 46 19 72 24 39 29
13 69 56 57 37 43 34
5 57 44 24 8 5 62
3 10 57 8 17 87 30
62 57 87 0 6 76 52
39 25 84 82 42 15 71
11 19 82 82 42 15 70
0 6 76 24 8 5 71
57 37 43 4 33 79 36
66 27 54 63 51 62 25
52 57 1 78 57 11 10
74 3 35 45 6 87 52
7 80 81 28 79 13 68
22 36 74 74 3 35 51
34 54 20 2 66 17 12
47 46 19 31 86 20 40
33 2 3 17 4 40 37
34 54 20 16 42 73 54
80 27 38 29 65 27 39
11 19 82 41 84 42 76
9 16 67 77 0 84 23
78 57 11 4 33 79 72
84 80 52 32 76 37 15
79 36 85 67 1 3 89
27 5 54 89 65 53 60
60 23 84 90 78 36 73
12 55 23 30 80 69 52
81 77 59 90 78 36 23
85 26 36 12 55 23 31
17 4 40 23 29 29 27
37 70 45 65 81 46 11
13 69 56 20 4 12 78
82 42 15 56 29 55 42
12 55 23 11 19 82 69
74 3 35 73 60 56 60
43 11 46 42 76 68 68
38 12 78 77 0 84 13
39 25 84 36 85 3 100
56 29 55 84 80 52 51
31 86 20 62 57 87 73
68 88 51 55 73 32 24
23 29 29 18 39 19 14
38 12 78 48 36 9 73
0 6 76 27 5 54 22
78 57 11 77 0 84 92
77 0 84 64 22 30 58
77 0 84 89 65 53 72
44 46 15 77 0 84 82
46 46 61 50 29 21 43
23 29 29 60 23 84 55
13 69 56 59 72 51 5
4 33 79 90 78 36 62
44 46 15 63 51 62 47
0 6 76 15 59 85 53
9 16 67 0 6 76 13
49 49 33 31 86 20 39
85 26 36 75 79 68 61
55 73 32 25 61 30 12
9 16 67 14 56 50 43
17 4 40 38 12 78 38
81 77 59 26 58 47 22
90 78 36 29 65 27 15
88 80 74 69 68 71 12
86 74 30 62 57 87 59
27 5 54 23 29 29 34
28 79 13 45 6 87 103
80 27 38 52 57 1 47
30 80 69 14 56 50 30
16 42 73 47 46 19 54
44 46 15 85 26 36 29
42 76 68 68 88 51 20
60 23 84 5 57 44 52
8 17 87 2 66 17 85
41 84 42 28 79 13 29
34 54 20 31 86 20 32
51 12 53 44 46 15 50
78 57 11 87 43 8 14
42 76 68 71 10 50 68
50 29 21 60 23 84 63
83 34 37 34 54 20 26
24 8 5 3 10 57 52
44 46 15 55 73 32 31
67 1 3 59 72 51 85
19 72 3 67 1 3 71
4 33 79 49 49 33 48
8 17 87 64 22 30 57
32 76 37 78 57 11 32
85 26 36 58 84 30 58
54 41 9 29 65 27 30
71 10 50 4 33 79 37
7 80 81 43 11 46 77
17 4 40 5 57 44 53
33 2 3 13 69 56 85
65 81 46 15 59 85 44
79 36 85 44 46 15 70
56 29 55 50 29 21 34
40 58 73 88 80 74 22
70 26 29 79 36 85 56
76 73 3 13 69 56 53
11 19 82 71 10 50 33
67 1 3 80 27 38 43
72 24 39 67 1 3 42
6 68 19 77 0 84 94
22 36 74 88 80 74 44
85 26 36 62 57 87 59
23 29 29 7 80 81 72
1 8 17 89 65 53 67
69 68 71 23 29 29 57
30 80 69 57 37 43 50
28 79 13 21 80 56 43
11 19 82 45 6 87 13
74 3 35 51 12 53 20
6 68 19 70 26 29 43
7 80 81 32 76 37 44
64 22 30 83 34 37 13
75 79 68 2 66 17 52
8 17 87 58 84 30 87
76 73 3 58 84 30 29
28 79 13 19 72 3 12
46 46 61 57 37 43 20
47 46 19 5 57 44 27
65 81 46 56 29 55 52
10 37 68 38 12 78 26
14 56 50 23 29 29 34
42 76 68 13 69 56 13
82 42 15 32 76 37 40
21 80 56 79 36 85 52
87 43 8 27 5 54 59
64 22 30 30 80 69 69
31 86 20 38 12 78 94
27 5 54 47 46 19 53
41 84 42 73 60 56 27
47 46 19 90 78 36 36
9 16 67 87 43 8 64
36 85 3 51 12 53 88
55 73 32 56 29 55 49
23 29 29 15 59 85 63
80 27 38 16 42 73 38
79 36 85 42 76 68 43
5 57 44 32 76 37 20
80 27 38 37 70 45 43
27 5 54 5 57 44 52
49 49 33 64 22 30 27
37 70 45 28 79 13 33
41 84 42 89 65 53 21
19 72 3 63 51 62 62
39 25 84 27 5 54 36
72 24 39 2 66 17 47
52 57 1 81 77 59 61
63 51 62 22 36 74 19
28 79 13 76 73 3 11
55 73 32 36 85 3 31
28 79 13 38 12 78 93
30 80 69 20 4 12 95
25 61 30 43 11 46 52
40 58 73 43 11 46 54
18 39 19 20 4 12 35
9 16 67 47 46 19 56
24 8 5 42 76 68 92
31 86 20 20 4 12 82
33 2 3 54 41 9 39
84 80 52 0 6 76 77
87 43 8 36 85 3 42
11 19 82 10 37 68 22
89 65 53 50 29 21 48
76 73 3 2 66 17 15
9 16 67 21 80 56 64
78 57 11 75 79 68 61
87 43 8 50 29 21 19
7 80 81 19 72 3 78
72 24 39 57 37 43 13
29 65 27 75 79 68 43
62 57 87 42 76 68 26
10 37 68 30 80 69 43
4 33 79 38 12 78 21
18 39 19 38 12 78 64
17 4 40 66 27 54 26
77 0 84 90 78 36 91
64 22 30 25 61 30 39
0 6 76 80 27 38 43
29 65 27 15 59 85 58
12 55 23 56 29 55 41
75 79 68 17 4 40 80
78 57 11 60 23 84 80
79 36 85 72 24 39 47
64 22 30 17 4 40 20
90 78 36 11 19 82 74
58 84 30 14 56 50 34
30 80 69 6 68 19 51
61 43 21 63 51 62 41
52 57 1 60 23 84 89
14 56 50 15 59 85 35
89 65 53 48 36 9 52
68 88 51 77 0 84 93
42 76 68 11 19 82 58
27 5 54 19 72 3 84
35 87 2 4 33 79 94
69 68 71 3 10 57 59
70 26 29 7 80 81 74
5 57 44 31 86 20 37
69 68 71 15 59 85 16
69 68 71 4 33 79 35
76 73 3 79 36 85 89
0 6 76 34 54 20 73
59 72 51 41 84 42 15
58 84 30 83 34 37 50
67 1 3 28 79 13 78
31 86 20 58 84 30 10
88 80 74 71 10 50 74
51 12 53 76 73 3 78
34 54 20 75 79 68 54
81 77 59 32 76 37 22
37 70 45 54 41 9 46
86 74 30 44 46 15 31
4 33 79 12 55 23 60
50 29 21 84 80 52 59
81 77 59 51 12 53 65
57 37 43 87 43 8 35
34 54 20 47 46 19 8
11 19 82 49 49 33 57
70 26 29 88 80 74 70
33 2 3 86 74 30 76
33 2 3 65 81 46 89
16 42 73 88 80 74 38
41 84 42 61 43 21 46
36 85 3 71 10 50 88
41 84 42 64 22 30 63
2 66 17 30 80 69 53
48 36 9 30 80 69 74
16 42 73 32 76 37 49
17 4 40 2 66 17 66
8 17 87 45 6 87 11
69 68 71 16 42 73 26
46 46 61 59 72 51 27
41 84 42 52 57 1 49
78 57 11 31 86 20 30
63 51 62 80 27 38 33
40 58 73 13 69 56 20
50 29 21 26 58 47 38
64 22 30 36 85 3 68
59 72 51 23 29 29 48
35 87 2 43 11 46 87
21 80 56 20 4 12 87
16 42 73 45 6 87 38
75 79 68 79 36 85 46
27 5 54 50 29 21 40
22 36 74 32 76 37 54
33 2 3 89 65 53 80
88 80 74 24 8 5 99
18 39 19 11 19 82 66
41 84 42 24 8 5 84
20 4 12 29 65 27 62
67 1 3 37 70 45 80
28 79 13 17 4 40 79
40 58 73 64 22 30 56
6 68 19 47 46 19 22
21 80 56 84 80 52 4
79 36 85 24 8 5 84
53 40 32 67 1 3 48
84 80 52 41 84 42 10
4 33 79 16 42 73 10
47 46 19 58 84 30 39
75 79 68 54 41 9 70
29 65 27 37 70 45 18
80 27 38 22 36 74 37
14 56 50 24 8 5 65
20 4 12 62 57 87 91
66 27 54 8 17 87 34
55 73 32 41 84 42 14
8 17 87 33 2 3 85
19 72 3 32 76 37 34
72 24 39 83 34 37 10
30 80 69 0 6 76 74
77 0 84 47 46 19 79
61 43 21 83 34 37 18
59 72 51 14 56 50 16
11 19 82 87 43 8 77
59 72 51 81 77 59 9
40 58 73 19 72 3 71
19 72 3 1 8 17 65
44 46 15 74 3 35 47
3 10 57 30 80 69 71
10 37 68 15 59 85 27
54 41 9 49 49 33 25
85 26 36 25 61 30 35
74 3 35 0 6 76 41
62 57 87 37 70 45 43
54 41 9 1 8 17 33
35 87 2 67 1 3 86
19 72 3 87 43 8 29
35 87 2 65 81 46 44
71 10 50 41 84 42 74
37 70 45 31 86 20 29
89 65 53 13 69 56 5
17 4 40 36 85 3 89
65 81 46 80 27 38 54
34 54 20 84 80 52 41
57 37 43 0 6 76 45
15 59 85 86 74 30 57
59 72 51 4 33 79 48
11 19 82 86 74 30 75
86 74 30 84 80 52 22
14 56 50 34 54 20 30
20 4 12 0 6 76 64
55 73 32 52 57 1 34
81 77 59 68 88 51 13
44 46 15 45 6 87 82
78 57 11 66 27 54 52
12 55 23 18 39 19 16
12 55 23 73 60 56 33
23 29 29 25 61 30 32
62 57 87 67 1 3 100
59 72 51 51 12 53 60
46 46 61 53 40 32 29
39 25 84 1 8 17 69
1 8 17 57 37 43 38
77 0 84 86 74 30 91
41 84 42 79 36 85 64
28 79 13 51 12 53 78
20 4 12 86 74 30 72
4 33 79 54 41 9 70
49 49 33 42 76 68 44
61 43 21 79 36 85 64
72 24 39 7 80 81 70
53 40 32 9 16 67 42
21 80 56 74 3 35 79
89 65 53 69 68 71 18
47 46 19 73 60 56 39
12 55 23 40 58 73 50
48 36 9 2 66 17 31
12 55 23 22 36 74 54
36 85 3 73 60 56 58
88 80 74 37 70 45 30
65 81 46 60 23 84 69
40 58 73 24 8 5 84
29 65 27 77 0 84 86
20 4 12 48 36 9 32
12 55 23 67 1 3 57
57 37 43 65 81 46 44
55 73 32 17 4 40 69
66 27 54 56 29 55 2
8 17 87 37 70 45 67
26 58 47 51 12 53 46
17 4 40 48 36 9 44
89 65 53 71 10 50 55
61 43 21 23 29 29 16
63 51 62 41 84 42 38
69 68 71 32 76 37 34
23 29 29 29 65 27 36
75 79 68 41 84 42 26
45 6 87 67 1 3 84
17 4 40 45 6 87 47
47 46 19 30 80 69 60
88 80 74 12 55 23 56
11 19 82 75 79 68 61
57 37 43 89 65 53 29
61 43 21 53 40 32 11
22 36 74 76 73 3 80
67 1 3 31 86 20 86
50 29 21 59 72 51 52
10 37 68 49 49 33 37
32 76 37 1 8 17 70
57 37 43 18 39 19 24
67 1 3 65 81 46 90
35 87 2 30 80 69 67
62 57 87 3 10 57 55
74 3 35 24 8 5 30
72 24 39 77 0 84 51
64 22 30 13 69 56 53
43 11 46 74 3 35 13
74 3 35 3 10 57 23
21 80 56 87 43 8 60
31 86 20 21 80 56 36
57 37 43 21 80 56 44
14 56 50 10 37 68 26
29 65 27 65 81 46 24
32 76 37 17 4 40 72
1 8 17 42 76 68 85
24 8 5 83 34 37 41
67 1 3 18 39 19 41
57 37 43 80 27 38 11
58 84 30 51 12 53 75
54 41 9 69 68 71 67
67 1 3 20 4 12 9
25 61 30 42 76 68 40
48 36 9 11 19 82 74
81 77 59 38 12 78 67
82 42 15 49 49 33 19
67 1 3 69 68 71 95
78 57 11 1 8 17 49
59 72 51 12 55 23 32
66 27 54 21 80 56 53
75 79 68 86 74 30 38
73 60 56 79 36 85 37
2 66 17 40 58 73 56
23 29 29 89 65 53 43
63 51 62 3 10 57 41
90 78 36 37 70 45 12
22 36 74 27 5 54 36
59 72 51 36 85 3 49
69 68 71 80 27 38 52
34 54 20 61 43 21 11
25 61 30 53 40 32 21
50 29 21 78 57 11 29
53 40 32 48 36 9 23
51 12 53 16 42 73 36
63 51 62 15 59 85 24
62 57 87 38 12 78 45
89 65 53 22 36 74 35
15 59 85 57 37 43 47
41 84 42 74 3 35 81
22 36 74 46 46 61 16
6 68 19 89 65 53 34
71 10 50 64 22 30 23
19 72 3 42 76 68 65
33 2 3 72 24 39 42
30 80 69 26 58 47 31
45 6 87 46 46 61 47
77 0 84 70 26 29 60
86 74 30 22 36 74 58
66 27 54 55 73 32 50
78 57 11 65 81 46 42
31 86 20 12 55 23 31
58 84 30 29 65 27 19
87 43 8 54 41 9 2
80 27 38 68 88 51 62
74 3 35 12 55 23 53
9 16 67 26 58 47 46
1 8 17 9 16 67 50
33 2 3 69 68 71 94
44 46 15 83 34 37 25
7 80 81 27 5 54 79
49 49 33 21 80 56 38
5 57 44 72 24 39 33
53 40 32 6 68 19 30
45 6 87 58 84 30 96
83 34 37 79 36 85 48
76 73 3 81 77 59 56
72 24 39 25 61 30 38
88 80 74 34 54 20 59
86 74 30 68 88 51 25
57 37 43 54 41 9 34
51 12 53 0 6 76 23
3 10 57 26 58 47 49
34 54 20 18 39 19 15
45 6 87 37 70 45 76
35 87 2 23 29 29 63
9 16 67 74 3 35 34
62 57 87 7 80 81 23
40 58 73 31 86 20 59
4 33 79 34 54 20 62
84 80 52 45 6 87 81
64 22 30 11 19 82 52
60 23 84 57 37 43 43
83 34 37 69 68 71 48
45 6 87 5 57 44 66
12 55 23 53 40 32 17
83 34 37 55 73 32 39
72 24 39 62 57 87 58
31 86 20 87 43 8 44
45 6 87 60 23 84 17
14 56 50 31 86 20 42
14 56 50 87 43 8 43
43 11 46 60 23 84 39
77 0 84 10 37 68 40
25 61 30 1 8 17 54
87 43 8 2 66 17 24
67 1 3 9 16 67 65
66 27 54 38 12 78 28
31 86 20 65 81 46 26
35 87 2 14 56 50 57
80 27 38 42 76 68 57
41 84 42 2 66 17 30
16 42 73 39 25 84 20
50 29 21 8 17 87 67
21 80 56 22 36 74 47
13 69 56 83 34 37 39
71 10 50 61 43 21 43
20 4 12 10 37 68 65
13 69 56 72 24 39 48
77 0 84 25 61 30 81
81 77 59 47 46 19 50
82 42 15 25 61 30 24
70 26 29 28 79 13 55
20 4 12 57 37 43 45
4 33 79 86 74 30 63
4 33 79 77 0 84 33
10 37 68 34 54 20 50
38 12 78 78 57 11 80
82 42 15 16 42 73 58
9 16 67 37 70 45 58
35 87 2 20 4 12 83
28 79 13 55 73 32 19
49 49 33 74 3 35 46
33 2 3 20 4 12 9
78 57 11 84 80 52 47
78 57 11 23 29 29 33
16 42 73 83 34 37 36
77 0 84 35 87 2 119
11 19 82 21 80 56 66
10 37 68 58 84 30 60
69 68 71 19 72 3 68
75 79 68 67 1 3 101
11 19 82 70 26 29 53
4 33 79 29 65 27 61
16 42 73 74 3 35 54
13 69 56 4 33 79 42
10 37 68 68 88 51 53
78 57 11 24 8 5 49
59 72 51 30 80 69 19
10 37 68 41 84 42 53
6 68 19 73 60 56 37
12 55 23 78 57 11 12
2 66 17 25 61 30 13
38 12 78 0 6 76 6
43 11 46 84 80 52 69
50 29 21 53 40 32 15
90 78 36 5 57 44 22
73 60 56 7 80 81 32
17 4 40 13 69 56 66
81 77 59 70 26 29 59
65 81 46 9 16 67 68
34 54 20 19 72 3 24
38 12 78 58 84 30 86
79 36 85 71 10 50 43
54 41 9 9 16 67 63
33 2 3 84 80 52 92
22 36 74 6 68 19 63
22 36 74 51 12 53 31
16 42 73 37 70 45 39
65 81 46 39 25 84 67
14 56 50 84 80 52 24
85 26 36 2 66 17 44
25 61 30 28 79 13 24
6 68 19 74 3 35 66
62 57 87 1 8 17 85
2 66 17 14 56 50 34
58 84 30 22 36 74 65
26 58 47 36 85 3 51
29 65 27 38 12 78 73
68 88 51 64 22 30 69
17 4 40 10 37 68 43
82 42 15 59 72 51 46
48 36 9 46 46 61 52
35 87 2 78 57 11 31
88 80 74 75 79 68 6
78 57 11 27 5 54 67
72 24 39 19 72 3 60
1 8 17 70 26 29 21
58 84 30 0 6 76 90
0 6 76 7 80 81 74
85 26 36 50 29 21 15
73 60 56 88 80 74 26
76 73 3 89 65 53 50
38 12 78 71 10 50 28
75 79 68 77 0 84 80
54 41 9 64 22 30 28
29 65 27 49 49 33 17
8 17 87 39 25 84 8
46 46 61 70 26 29 37
37 70 45 39 25 84 59
9 16 67 33 2 3 65
45 6 87 71 10 50 37
36 85 3 50 29 21 58
70 26 29 15 59 85 65
78 57 11 80 27 38 40
46 46 61 83 34 37 26
51 12 53 25 61 30 54
31 86 20 17 4 40 84
84 80 52 48 36 9 61
38 12 78 90 78 36 78
80 27 38 2 66 17 44
27 5 54 12 55 23 58
0 6 76 31 86 20 97
44 46 15 13 69 56 47
6 68 19 88 80 74 56
79 36 85 26 58 47 43
82 42 15 75 79 68 64
69 68 71 81 77 59 15
42 76 68 86 74 30 38
3 10 57 81 77 59 67
50 29 21 63 51 62 46
30 80 69 38 12 78 68
10 37 68 50 29 21 47
83 34 37 78 57 11 34
82 42 15 54 41 9 6
43 11 46 81 77 59 67
45 6 87 52 57 1 99
62 57 87 77 0 84 57
42 76 68 33 2 3 98
25 61 30 89 65 53 23
84 80 52 3 10 57 70
43 11 46 45 6 87 41
55 73 32 26 58 47 21
57 37 43 67 1 3 53
43 11 46 87 43 8 49
53 40 32 18 39 19 13
27 5 54 83 34 37 33
77 0 84 8 17 87 17
8 17 87 71 10 50 37
79 36 85 88 80 74 45
43 11 46 53 40 32 32
28 79 13 39 25 84 89
58 84 30 17 4 40 80
19 72 3 80 27 38 57
46 46 61 77 0 84 51
85 26 36 88 80 74 66
29 65 27 16 42 73 51
38 12 78 25 61 30 68
62 57 87 24 8 5 95
88 80 74 28 79 13 61
20 4 12 3 10 57 45
7 80 81 83 34 37 63
34 54 20 50 29 21 25
9 16 67 2 66 17 70
7 80 81 24 8 5 104
6 68 19 67 1 3 68
71 10 50 3 10 57 7
81 77 59 61 43 21 50
1 8 17 64 22 30 19
24 8 5 61 43 21 38
78 57 11 11 19 82 80
31 86 20 63 51 62 54
33 2 3 22 36 74 78
47 46 19 28 79 13 33
80 27 38 53 40 32 14
72 24 39 41 84 42 60
25 61 30 12 55 23 9
10 37 68 65 81 46 49
22 36 74 4 33 79 5
17 4 40 22 36 74 46
5 57 44 73 60 56 12
51 12 53 43 11 46 7
47 46 19 46 46 61 42
66 27 54 6 68 19 53
23 29 29 1 8 17 24
75 79 68 9 16 67 63
2 66 17 54 41 9 26
48 36 9 28 79 13 43
7 80 81 44 46 15 74
42 76 68 89 65 53 18
72 24 39 38 12 78 40
30 80 69 63 51 62 29
16 42 73 77 0 84 43
8 17 87 32 76 37 77
66 27 54 0 6 76 30
86 74 30 80 27 38 47
20 4 12 75 79 68 93
30 80 69 76 73 3 66
71 10 50 35 87 2 90
52 57 1 58 84 30 39
17 4 40 19 72 3 77
25 61 30 70 26 29 35
53 40 32 59 72 51 37
60 23 84 17 4 40 47
9 16 67 24 8 5 62
79 36 85 69 68 71 34
7 80 81 51 12 53 73
46 46 61 69 68 71 24
12 55 23 16 42 73 51
40 58 73 87 43 8 66
78 57 11 9 16 67 69
19 72 3 31 86 20 22
73 60 56 38 12 78 52
44 46 15 81 77 59 53
69 68 71 84 80 52 22
79 36 85 86 74 30 66
32 76 37 25 61 30 16
57 37 43 61 43 21 22
20 4 12 1 8 17 6
38 12 78 49 49 33 58
43 11 46 5 57 44 46
66 27 54 77 0 84 40
37 70 45 56 29 55 42
45 6 87 24 8 5 82
21 80 56 37 70 45 14
11 19 82 13 69 56 56
79 36 85 58 84 30 73
87 43 8 15 59 85 78
0 6 76 46 46 61 42
76 73 3 53 40 32 43
82 42 15 48 36 9 8
21 80 56 26 58 47 23
89 65 53 87 43 8 50
11 19 82 67 1 3 81
90 78 36 15 59 85 52
48 36 9 69 68 71 69
75 79 68 25 61 30 42
37 70 45 2 66 17 28
48 36 9 31 86 20 51
70 26 29 82 42 15 21
90 78 36 85 26 36 52
90 78 36 42 76 68 32
86 74 30 85 26 36 48
48 36 9 4 33 79 70
72 24 39 56 29 55 16
5 57 44 54 41 9 38
66 27 54 89 65 53 38
73 60 56 57 37 43 26
75 79 68 84 80 52 16
73 60 56 42 76 68 20
14 56 50 16 42 73 26
69 68 71 27 5 54 65
21 80 56 77 0 84 84
36 85 3 62 57 87 88
30 80 69 53 40 32 54
80 27 38 33 2 3 43
71 10 50 6 68 19 65
87 43 8 46 46 61 53
30 80 69 74 3 35 84
67 1 3 55 73 32 77
27 5 54 60 23 84 34
80 27 38 3 10 57 25
74 3 35 58 84 30 81
58 84 30 49 49 33 35
89 65 53 15 59 85 32
82 42 15 90 78 36 41
76 73 3 59 72 51 48
87 43 8 77 0 84 87
4 33 79 84 80 52 54
77 0 84 73 60 56 66
32 76 37 34 54 20 27
82 42 15 2 66 17 24
58 84 30 50 29 21 55
16 42 73 21 80 56 41
85 26 36 39 25 84 48
1 8 17 53 40 32 35
2 66 17 39 25 84 78
44 46 15 26 58 47 34
2 66 17 7 80 81 65
51 12 53 5 57 44 45
62 57 87 19 72 3 85
29 65 27 34 54 20 13
70 26 29 40 58 73 54
44 46 15 41 84 42 46
33 2 3 46 46 61 72
59 72 51 90 78 36 16
49 49 33 53 40 32 9
33 2 3 81 77 59 93
23 29 29 81 77 59 56
68 88 51 11 19 82 75
10 37 68 87 43 8 60
81 77 59 65 81 46 13
37 70 45 1 8 17 68
66 27 54 74 3 35 30
33 2 3 66 27 54 56
11 19 82 76 73 3 95
6 68 19 7 80 81 63
60 23 84 48 36 9 76
62 57 87 17 4 40 70
52 57 1 90 78 36 40
55 73 32 82 42 15 35
87 43 8 32 76 37 43
23 29 29 34 54 20 26
68 88 51 22 36 74 56
23 29 29 2 66 17 38
43 11 46 37 70 45 59
6 68 19 81 77 59 41
41 84 42 81 77 59 18
28 79 13 0 6 76 96
32 76 37 60 23 84 70
13 69 56 27 5 54 64
34 54 20 76 73 3 25
14 56 50 40 58 73 23
87 43 8 44 46 15 7
73 60 56 24 8 5 72
25 61 30 80 27 38 34
33 2 3 4 33 79 82
42 76 68 55 73 32 36
75 79 68 31 86 20 48
62 57 87 83 34 37 55
51 12 53 21 80 56 68
16 42 73 79 36 85 13
85 26 36 20 4 12 32
60 23 84 87 43 8 78
54 41 9 44 46 15 7
30 80 69 61 43 21 60
62 57 87 74 3 35 74
45 6 87 9 16 67 22
10 37 68 90 78 36 52
67 1 3 23 29 29 38
32 76 37 47 46 19 34
89 65 53 53 40 32 32
17 4 40 56 29 55 29
33 2 3 58 84 30 86
55 73 32 9 16 67 66
23 29 29 56 29 55 26
87 43 8 25 61 30 28
41 84 42 15 59 85 49
58 84 30 40 58 73 50
47 46 19 41 84 42 44
78 57 11 88 80 74 67
15 59 85 64 22 30 66
27 5 54 75 79 68 75
75 79 68 81 77 59 9
25 61 30 90 78 36 18
3 10 57 37 70 45 61
68 88 51 76 73 3 50
28 79 13 57 37 43 51
6 68 19 79 36 85 73
16 42 73 57 37 43 30
9 16 67 62 57 87 45
22 36 74 59 72 51 42
74 3 35 5 57 44 54
26 58 47 23 29 29 34
70 26 29 65 81 46 57
15 59 85 48 36 9 79
26 58 47 69 68 71 26
31 86 20 36 85 3 17
2 66 17 35 87 2 25
82 42 15 78 57 11 15
5 57 44 4 33 79 42
29 65 27 63 51 62 37
14 56 50 75 79 68 29
28 79 13 82 42 15 37
52 57 1 38 12 78 89
22 36 74 61 43 21 53
54 41 9 59 72 51 52
40 58 73 26 58 47 26
24 8 5 18 39 19 34
12 55 23 81 77 59 42
40 58 73 71 10 50 53
52 57 1 26 58 47 46
67 1 3 10 37 68 74
34 54 20 89 65 53 34
44 46 15 9 16 67 60
18 39 19 49 49 33 17
65 81 46 40 58 73 35
28 79 13 40 58 73 63
10 37 68 43 11 46 34
80 27 38 4 33 79 41
30 80 69 44 46 15 63
68 88 51 57 37 43 51
78 57 11 37 70 45 36
44 46 15 10 37 68 53
8 17 87 48 36 9 80
15 59 85 81 77 59 31
62 57 87 32 76 37 53
35 87 2 41 84 42 40
24 8 5 86 74 30 70
56 29 55 81 77 59 48
27 5 54 21 80 56 75
34 54 20 49 49 33 13
43 11 46 63 51 62 43
59 72 51 21 80 56 9
33 2 3 1 8 17 15
5 57 44 65 81 46 24
11 19 82 36 85 3 102
85 26 36 80 27 38 2
50 29 21 2 66 17 37
12 55 23 75 79 68 51
47 46 19 43 11 46 44
73 60 56 70 26 29 43
81 77 59 40 58 73 23
31 86 20 76 73 3 21
65 81 46 38 12 78 76
1 8 17 73 60 56 65
72 24 39 1 8 17 27
26 58 47 4 33 79 40
76 73 3 85 26 36 57
43 11 46 48 36 9 44
51 12 53 29 65 27 59
58 84 30 34 54 20 31
52 57 1 50 29 21 34
36 85 3 52 57 1 28
68 88 51 19 72 3 50
11 19 82 22 36 74 18
5 57 44 83 34 37 24
27 5 54 53 40 32 41
61 43 21 5 57 44 26
36 85 3 89 65 53 53
13 69 56 16 42 73 31
55 73 32 29 65 27 9
58 84 30 60 23 84 81
21 80 56 39 25 84 61
21 80 56 23 29 29 57
18 39 19 73 60 56 42
80 27 38 35 87 2 69
35 87 2 7 80 81 79
20 4 12 44 46 15 42
9 16 67 17 4 40 29
17 4 40 1 8 17 23
16 42 73 53 40 32 41
30 80 69 5 57 44 33
68 88 51 24 8 5 92
84 80 52 63 51 62 30
14 56 50 26 58 47 3
58 84 30 24 8 5 80
19 72 3 71 10 50 77
58 84 30 78 57 11 33
57 37 43 58 84 30 48
48 36 9 74 3 35 42
78 57 11 47 46 19 13
11 19 82 23 29 29 53
62 57 87 75 79 68 29
63 51 62 48 36 9 55
41 84 42 38 12 78 80
82 42 15 42 76 68 62
27 5 54 4 33 79 37
86 74 30 34 54 20 22
51 12 53 85 26 36 22
53 40 32 52 57 1 35
7 80 81 63 51 62 34
3 10 57 34 54 20 57
80 27 38 7 80 81 68
84 80 52 47 46 19 47
24 8 5 32 76 37 75
53 40 32 0 6 76 55
52 57 1 4 33 79 81
13 69 56 53 40 32 37
70 26 29 76 73 3 53
47 46 19 40 58 73 55
87 43 8 4 33 79 71
68 88 51 56 29 55 59
7 80 81 54 41 9 81
58 84 30 28 79 13 17
66 27 54 88 80 74 56
43 11 46 88 80 74 74
52 57 1 19 72 3 15
55 73 32 80 27 38 46
2 66 17 59 72 51 34
69 68 71 68 88 51 28
86 74 30 19 72 3 27
0 6 76 67 1 3 73
23 29 29 37 70 45 44
30 80 69 22 36 74 44
45 6 87 85 26 36 54
33 2 3 0 6 76 73
8 17 87 69 68 71 53
90 78 36 83 34 37 44
39 25 84 58 84 30 79
80 27 38 18 39 19 22
18 39 19 13 69 56 47
49 49 33 33 2 3 55
41 84 42 50 29 21 58
52 57 1 67 1 3 56
88 80 74 46 46 61 36
38 12 78 23 29 29 51
26 58 47 35 87 2 53
36 85 3 37 70 45 44
63 51 62 14 56 50 13
62 57 87 54 41 9 79
23 29 29 51 12 53 29
1 8 17 59 72 51 72
18 39 19 28 79 13 40
90 78 36 58 84 30 8
46 46 61 65 81 46 38
82 42 15 81 77 59 56
48 36 9 12 55 23 23
25 61 30 4 33 79 56
14 56 50 51 12 53 44
61 43 21 35 87 2 47
29 65 27 17 4 40 62
56 29 55 87 43 8 49
85 26 36 0 6 76 44
35 87 2 38 12 78 106
56 29 55 48 36 9 46
59 72 51 60 23 84 59
2 66 17 86 74 30 15
73 60 56 64 22 30 46
38 12 78 82 42 15 69
17 4 40 71 10 50 11
54 41 9 80 27 38 32
10 37 68 48 36 9 59
56 29 55 35 87 2 78
18 39 19 17 4 40 40
49 49 33 70 26 29 23
64 22 30 5 57 44 37
74 3 35 18 39 19 39
6 68 19 85 26 36 45
5 57 44 88 80 74 37
69 68 71 6 68 19 52
5 57 44 33 2 3 68
45 6 87 26 58 47 65
89 65 53 56 29 55 36
46 46 61 72 24 39 31
76 73 3 3 10 57 82
63 51 62 52 57 1 61
35 87 2 52 57 1 30
52 57 1 14 56 50 49
82 42 15 40 58 73 60
11 19 82 1 8 17 65
70 26 29 64 22 30 4
77 0 84 88 80 74 80
83 34 37 15 59 85 54
59 72 51 43 11 46 61
14 56 50 12 55 23 27
81 77 59 49 49 33 38
36 85 3 19 72 3 13
23 29 29 39 25 84 55
55 73 32 33 2 3 76
82 42 15 83 34 37 23
78 57 11 73 60 56 45
78 57 11 10 37 68 60
61 43 21 18 39 19 4
63 51 62 39 25 84 34
61 43 21 3 10 57 48
58 84 30 56 29 55 60
45 6 87 54 41 9 85
34 54 20 77 0 84 83
9 16 67 4 33 79 20
33 2 3 60 23 84 83
60 23 84 3 10 57 29
75 79 68 76 73 3 65
63 51 62 75 79 68 28
28 79 13 87 43 8 36
30 80 69 51 12 53 69
33 2 3 79 36 85 88
2 66 17 67 1 3 66
79 36 85 19 72 3 89
79 36 85 53 40 32 53
8 17 87 31 86 20 96
59 72 51 56 29 55 43
35 87 2 84 80 52 50
2 66 17 22 36 74 64
59 72 51 75 79 68 18
87 43 8 49 49 33 25
47 46 19 24 8 5 40
42 76 68 39 25 84 53
23 29 29 57 37 43 16
79 36 85 30 80 69 46
89 65 53 26 58 47 9
65 81 46 75 79 68 22
35 87 2 68 88 51 49
71 10 50 14 56 50 46
50 29 21 37 70 45 47
0 6 76 78 57 11 82
17 4 40 76 73 3 78
31 86 20 66 27 54 68
21 80 56 40 58 73 27
55 73 32 69 68 71 39
59 72 51 40 58 73 26
3 10 57 13 69 56 59
60 23 84 20 4 12 74
6 68 19 31 86 20 18
18 39 19 16 42 73 54
53 40 32 20 4 12 41
18 39 19 35 87 2 50
57 37 43 2 66 17 38
7 80 81 82 42 15 76
27 5 54 42 76 68 72
18 39 19 0 6 76 65
17 4 40 35 87 2 91
63 51 62 42 76 68 25
54 41 9 90 78 36 45
32 76 37 23 29 29 47
8 17 87 29 65 27 76
51 12 53 63 51 62 40
86 74 30 8 17 87 80
14 56 50 68 88 51 32
88 80 74 56 29 55 54
26 58 47 86 74 30 23
58 84 30 30 80 69 39
52 57 1 72 24 39 50
83 34 37 4 33 79 42
21 80 56 33 2 3 94
14 56 50 61 43 21 31
60 23 84 21 80 56 63
90 78 36 21 80 56 20
30 80 69 49 49 33 47
40 58 73 49 49 33 41
88 80 74 11 19 82 61
70 26 29 20 4 12 27
18 39 19 54 41 9 10
35 87 2 13 69 56 56
29 65 27 56 29 55 45
29 65 27 85 26 36 40
37 70 45 44 46 15 38
62 57 87 18 39 19 70
55 73 32 51 12 53 64
17 4 40 90 78 36 74
26 58 47 11 19 82 52
22 36 74 62 57 87 24
82 42 15 85 26 36 26
62 57 87 65 81 46 47
55 73 32 24 8 5 70
74 3 35 60 23 84 52
43 11 46 29 65 27 57
65 81 46 17 4 40 77
90 78 36 68 88 51 18
5 57 44 48 36 9 40
74 3 35 68 88 51 86
89 65 53 40 58 73 21
45 6 87 19 72 3 106
41 84 42 53 40 32 45
14 56 50 20 4 12 64
78 57 11 30 80 69 62
3 10 57 12 55 23 56
88 80 74 47 46 19 64
28 79 13 83 34 37 51
64 22 30 43 11 46 19
24 8 5 33 2 3 6
84 80 52 24 8 5 85
31 86 20 52 57 1 34
75 79 68 19 72 3 65
77 0 84 3 10 57 28
75 79 68 48 36 9 73
70 26 29 13 69 56 50
54 41 9 47 46 19 11
24 8 5 75 79 68 94
15 59 85 74 3 35 75
26 58 47 31 86 20 38
28 79 13 59 72 51 38
54 41 9 10 37 68 59
26 58 47 18 39 19 33
1 8 17 34 54 20 46
2 66 17 49 49 33 23
2 66 17 26 58 47 31
22 36 74 39 25 84 14
53 40 32 44 46 15 18
24 8 5 46 46 61 67
73 60 56 86 74 30 29
53 40 32 70 26 29 14
80 27 38 59 72 51 46
48 36 9 86 74 30 43
47 46 19 44 46 15 4
52 57 1 13 69 56 56
51 12 53 68 88 51 76
45 6 87 83 34 37 57
73 60 56 19 72 3 54
38 12 78 43 11 46 32
27 5 54 55 73 32 71
47 46 19 45 6 87 78
32 76 37 68 88 51 18
49 49 33 14 56 50 18
85 26 36 67 1 3 41
58 84 30 69 68 71 44
79 36 85 8 17 87 19
42 76 68 51 12 53 65
6 68 19 90 78 36 19
1 8 17 69 68 71 80
38 12 78 45 6 87 10
71 10 50 87 43 8 53
41 84 42 17 4 40 80
70 26 29 84 80 52 58
86 74 30 28 79 13 17
42 76 68 50 29 21 66
58 84 30 15 59 85 60
78 57 11 54 41 9 16
79 36 85 27 5 54 43
61 43 21 37 70 45 36
50 29 21 49 49 33 23
53 40 32 26 58 47 23
71 10 50 33 2 3 47
73 60 56 59 72 51 13
55 73 32 72 24 39 49
1 8 17 46 46 61 58
84 80 52 72 24 39 57
30 80 69 69 68 71 12
71 10 50 2 66 17 65
52 57 1 18 39 19 25
6 68 19 65 81 46 29
84 80 52 62 57 87 41
75 79 68 66 27 54 53
45 6 87 0 6 76 11
84 80 52 20 4 12 85
2 66 17 55 73 32 16
41 84 42 22 36 74 57
10 37 68 23 29 29 39
75 79 68 39 25 84 56
78 57 11 79 36 85 76
54 41 9 23 29 29 23
26 58 47 70 26 29 36
1 8 17 55 73 32 66
6 68 19 12 55 23 13
87 43 8 65 81 46 53
25 61 30 13 69 56 27
44 46 15 82 42 15 4
8 17 87 10 37 68 27
66 27 54 39 25 84 30
23 29 29 33 2 3 37
25 61 30 36 85 3 36
37 70 45 51 12 53 58
35 87 2 49 49 33 49
35 87 2 66 27 54 79
6 68 19 56 29 55 53
74 3 35 86 74 30 71
75 79 68 10 37 68 42
47 46 19 14 56 50 32
25 61 30 81 77 59 33
75 79 68 33 2 3 100
32 76 37 56 29 55 50
81 77 59 16 42 73 37
70 26 29 61 43 21 18
56 29 55 26 58 47 30
30 80 69 72 24 39 63
38 12 78 80 27 38 42
73 60 56 29 65 27 29
72 24 39 6 68 19 48
83 34 37 32 76 37 42
68 88 51 30 80 69 19
84 80 52 37 70 45 12
38 12 78 79 36 85 25
20 4 12 83 34 37 39
29 65 27 69 68 71 44
89 65 53 3 10 57 55
31 86 20 18 39 19 47
71 10 50 15 59 85 60
35 87 2 83 34 37 63
34 54 20 21 80 56 44
53 40 32 74 3 35 37
40 58 73 3 10 57 50
40 58 73 1 8 17 75
78 57 11 19 72 3 17
28 79 13 62 57 87 77
7 80 81 60 23 84 57
15 59 85 75 79 68 26
33 2 3 52 57 1 55
20 4 12 27 5 54 42
29 65 27 5 57 44 18
87 43 8 22 36 74 66
62 57 87 45 6 87 51
75 79 68 45 6 87 75
79 36 85 84 80 52 55
67 1 3 48 36 9 35
8 17 87 82 42 15 76
80 27 38 47 46 19 26
27 5 54 31 86 20 87
43 11 46 49 49 33 40
70 26 29 33 2 3 35
1 8 17 36 85 3 78
15 59 85 25 61 30 55
85 26 36 24 8 5 35
74 3 35 7 80 81 89
65 81 46 47 46 19 44
40 58 73 23 29 29 52
85 26 36 83 34 37 8
7 80 81 5 57 44 43
69 68 71 49 49 33 42
79 36 85 29 65 27 64
80 27 38 62 57 87 57
86 74 30 10 37 68 53
75 79 68 42 76 68 3
40 58 73 11 19 82 40
85 26 36 22 36 74 39
56 29 55 83 34 37 18
9 16 67 27 5 54 17
75 79 68 53 40 32 53
65 81 46 85 26 36 55
20 4 12 15 59 85 91
24 8 5 50 29 21 26
4 33 79 79 36 85 6
82 42 15 0 6 76 70
86 74 30 3 10 57 69
70 26 29 75 79 68 65
56 29 55 28 79 13 65
14 56 50 8 17 87 53
73 60 56 52 57 1 55
21 80 56 2 66 17 41
57 37 43 37 70 45 33
30 80 69 13 69 56 17
50 29 21 3 10 57 40
51 12 53 35 87 2 90
35 87 2 34 54 20 37
66 27 54 81 77 59 50
44 46 15 90 78 36 38
63 51 62 1 8 17 62
21 80 56 38 12 78 71
87 43 8 59 72 51 51
12 55 23 28 79 13 26
45 6 87 70 26 29 61
76 73 3 60 23 84 95
27 5 54 29 65 27 65
74 3 35 36 85 3 88
39 25 84 51 12 53 33
85 26 36 78 57 11 39
42 76 68 72 24 39 59
87 43 8 47 46 19 11
21 80 56 1 8 17 81
54 41 9 65 81 46 54
19 72 3 26 58 47 46
25 61 30 10 37 68 44
67 1 3 50 29 21 33
37 70 45 46 46 61 28
28 79 13 24 8 5 71
60 23 84 34 54 20 71
75 79 68 51 12 53 68
69 68 71 40 58 73 10
88 80 74 21 80 56 18
72 24 39 69 68 71 54
7 80 81 90 78 36 45
9 16 67 42 76 68 60
79 36 85 80 27 38 47
88 80 74 39 25 84 55
70 26 29 39 25 84 55
25 61 30 68 88 51 34
52 57 1 47 46 19 21
76 73 3 0 6 76 99
67 1 3 4 33 79 82
79 36 85 59 72 51 49
17 4 40 84 80 52 76
58 84 30 54 41 9 47
5 57 44 10 37 68 31
74 3 35 11 19 82 49
14 56 50 18 39 19 35
83 34 37 47 46 19 21
68 88 51 47 46 19 52
50 29 21 80 27 38 17
72 24 39 65 81 46 57
71 10 50 23 29 29 28
52 57 1 5 57 44 43
55 73 32 62 57 87 57
49 49 33 46 46 61 28
11 19 82 31 86 20 91
42 76 68 44 46 15 60
78 57 11 64 22 30 39
82 42 15 18 39 19 5
13 69 56 21 80 56 11
20 4 12 79 36 85 79
29 65 27 81 77 59 34
81 77 59 9 16 67 61
52 57 1 70 26 29 41
6 68 19 45 6 87 92
18 39 19 81 77 59 55
29 65 27 0 6 76 76
66 27 54 52 57 1 60
73 60 56 13 69 56 9
7 80 81 12 55 23 63
47 46 19 60 23 84 68
37 70 45 20 4 12 73
7 80 81 31 86 20 61
77 0 84 80 27 38 53
43 11 46 6 68 19 63
36 85 3 56 29 55 76
64 22 30 31 86 20 64
13 69 56 47 46 19 43
33 2 3 35 87 2 85
31 86 20 9 16 67 84
2 66 17 74 3 35 65
34 54 20 46 46 61 41
14 56 50 82 42 15 37
60 23 84 79 36 85 13
13 69 56 54 41 9 54
69 68 71 21 80 56 19
8 17 87 4 33 79 17
80 27 38 21 80 56 55
10 37 68 33 2 3 73
85 26 36 14 56 50 33
84 80 52 9 16 67 65
84 80 52 88 80 74 22
74 3 35 54 41 9 46
89 65 53 39 25 84 50
31 86 20 69 68 71 54
14 56 50 27 5 54 51
44 46 15 39 25 84 72
15 59 85 27 5 54 62
35 87 2 25 61 30 38
16 42 73 50 29 21 53
18 39 19 39 25 84 66
55 73 32 37 70 45 13
32 76 37 57 37 43 39
55 73 32 87 43 8 38
15 59 85 55 73 32 54
40 58 73 33 2 3 89
1 8 17 87 43 8 36
49 49 33 79 36 85 53
4 33 79 47 46 19 61
21 80 56 76 73 3 53
8 17 87 24 8 5 82
16 42 73 68 88 51 50
8 17 87 20 4 12 76
85 26 36 64 22 30 7
4 33 79 18 39 19 60
56 29 55 3 10 57 19
36 85 3 5 57 44 49
9 16 67 83 34 37 34
39 25 84 24 8 5 80
48 36 9 88 80 74 78
72 24 39 53 40 32 17
71 10 50 72 24 39 17
72 24 39 87 43 8 36
1 8 17 48 36 9 29
64 22 30 86 74 30 52
14 56 50 66 27 54 29
53 40 32 60 23 84 54
88 80 74 81 77 59 15
37 70 45 15 59 85 41
62 57 87 61 43 21 67
47 46 19 66 27 54 39
15 59 85 7 80 81 21
14 56 50 25 61 30 20
8 17 87 27 5 54 35
87 43 8 64 22 30 30
41 84 42 43 11 46 73
18 39 19 72 24 39 25
57 37 43 62 57 87 48
55 73 32 10 37 68 50
47 46 19 3 10 57 52
77 0 84 59 72 51 79
68 88 51 87 43 8 62
67 1 3 46 46 61 73
3 10 57 27 5 54 5
17 4 40 72 24 39 20
13 69 56 32 76 37 20
17 4 40 46 46 61 46
2 66 17 19 72 3 15
45 6 87 86 74 30 88
51 12 53 90 78 36 68
22 36 74 50 29 21 53
42 76 68 56 29 55 48
66 27 54 65 81 46 54
82 42 15 22 36 74 59
18 39 19 85 26 36 21
55 73 32 84 80 52 21
65 81 46 84 80 52 6
69 68 71 34 54 20 52
82 42 15 1 8 17 34
71 10 50 78 57 11 61
51 12 53 6 68 19 65
76 73 3 63 51 62 62
43 11 46 1 8 17 29
54 41 9 86 74 30 39
25 61 30 37 70 45 17
3 10 57 17 4 40 18
54 41 9 76 73 3 32
78 57 11 8 17 87 85
13 69 56 28 79 13 44
40 58 73 56 29 55 34
86 74 30 29 65 27 9
61 43 21 7 80 81 70
79 36 85 77 0 84 36
1 8 17 47 46 19 38
14 56 50 55 73 32 24
71 10 50 28 79 13 78
23 29 29 42 76 68 61
38 12 78 19 72 3 96
39 25 84 43 11 46 40
65 81 46 83 34 37 47
55 73 32 21 80 56 25
61 43 21 25 61 30 20
89 65 53 85 26 36 42
5 57 44 15 59 85 41
35 87 2 79 36 85 97
80 27 38 82 42 15 27
10 37 68 53 40 32 36
40 58 73 48 36 9 67
48 36 9 44 46 15 11
70 26 29 36 85 3 64
28 79 13 14 56 50 43
29 65 27 12 55 23 10
6 68 19 80 27 38 45
78 57 11 57 37 43 37
36 85 3 3 10 57 92
54 41 9 30 80 69 71
83 34 37 10 37 68 31
61 43 21 47 46 19 3
13 69 56 86 74 30 26
17 4 40 25 61 30 57
59 72 51 86 74 30 21
7 80 81 1 8 17 96
31 86 20 16 42 73 68
40 58 73 73 60 56 17
19 72 3 4 33 79 85
72 24 39 73 60 56 39
80 27 38 66 27 54 16
88 80 74 63 51 62 31
12 55 23 9 16 67 58
78 57 11 74 3 35 59
49 49 33 75 79 68 46
53 40 32 55 73 32 33
29 65 27 48 36 9 34
54 41 9 32 76 37 44
50 29 21 1 8 17 21
63 51 62 34 54 20 42
32 76 37 43 11 46 65
7 80 81 58 84 30 51
12 55 23 41 84 42 34
68 88 51 27 5 54 83
78 57 11 61 43 21 17
40 58 73 62 57 87 14
13 69 56 87 43 8 54
75 79 68 1 8 17 87
20 4 12 78 57 11 53
16 42 73 90 78 36 51
78 57 11 41 84 42 41
17 4 40 88 80 74 83
66 27 54 58 84 30 61
42 76 68 16 42 73 34
62 57 87 51 12 53 56
0 6 76 6 68 19 84
6 68 19 24 8 5 61
15 59 85 26 58 47 38
84 80 52 52 57 1 55
77 0 84 36 85 3 117
25 61 30 79 36 85 60
54 41 9 83 34 37 28
3 10 57 18 39 19 47
40 58 73 17 4 40 63
87 43 8 52 57 1 15
82 42 15 45 6 87 80
90 78 36 61 43 21 38
81 77 59 17 4 40 75
12 55 23 89 65 53 31
44 46 15 57 37 43 29
86 74 30 83 34 37 40
76 73 3 8 17 87 100
45 6 87 57 37 43 53
24 8 5 67 1 3 7
88 80 74 14 56 50 33
46 46 61 78 57 11 51
27 5 54 40 58 73 56
83 34 37 31 86 20 54
58 84 30 3 10 57 78
26 58 47 74 3 35 56
77 0 84 60 23 84 23
64 22 30 16 42 73 47
87 43 8 33 2 3 41
82 42 15 58 84 30 44
21 80 56 62 57 87 38
82 42 15 36 85 3 44
6 68 19 63 51 62 46
86 74 30 58 84 30 10
32 76 37 44 46 15 37
33 2 3 59 72 51 84
24 8 5 51 12 53 48
85 26 36 52 57 1 46
71 10 50 49 49 33 42
11 19 82 77 0 84 19
2 66 17 60 23 84 79
43 11 46 3 10 57 11
21 80 56 50 29 21 61
77 0 84 81 77 59 80
34 54 20 56 29 55 43
85 26 36 4 33 79 43
87 43 8 61 43 21 13
82 42 15 63 51 62 47
18 39 19 79 36 85 66
3 10 57 6 68 19 69
63 51 62 37 70 45 25
56 29 55 0 6 76 31
62 57 87 50 29 21 71
71 10 50 62 57 87 59
81 77 59 83 34 37 48
72 24 39 60 23 84 45
87 43 8 39 25 84 78
39 25 84 55 73 32 70
57 37 43 47 46 19 25
45 6 87 73 60 56 62
25 61 30 69 68 71 41
37 70 45 17 4 40 66
35 87 2 36 85 3 2
19 72 3 8 17 87 100
33 2 3 18 39 19 40
25 61 30 26 58 47 17
7 80 81 53 40 32 63
56 29 55 10 37 68 15
2 66 17 16 42 73 60
38 12 78 20 4 12 66
29 65 27 44 46 15 22
38 12 78 8 17 87 10
5 57 44 23 29 29 31
50 29 21 14 56 50 39
8 17 87 6 68 19 85
79 36 85 17 4 40 55
76 73 3 37 70 45 42
85 26 36 16 42 73 40
54 41 9 41 84 42 54
49 49 33 88 80 74 51
11 19 82 59 72 51 61
42 76 68 15 59 85 24
8 17 87 17 4 40 48
20 4 12 26 58 47 64
7 80 81 69 68 71 15
63 51 62 71 10 50 42
62 57 87 56 29 55 42
22 36 74 49 49 33 43
39 25 84 29 65 27 69
53 40 32 39 25 84 54
73 60 56 8 17 87 53
43 11 46 77 0 84 39
74 3 35 87 43 8 48
90 78 36 63 51 62 37
75 79 68 64 22 30 68
42 76 68 28 79 13 55
9 16 67 50 29 21 47
44 46 15 0 6 76 72
71 10 50 65 81 46 71
78 57 11 7 80 81 73
48 36 9 79 36 85 76
2 66 17 3 10 57 68
13 69 56 46 46 61 23
78 57 11 67 1 3 56
60 23 84 25 61 30 66
23 29 29 53 40 32 11
40 58 73 22 36 74 22
53 40 32 19 72 3 43
61 43 21 31 86 20 43
59 72 51 71 10 50 62
12 55 23 50 29 21 26
21 80 56 61 43 21 50
74 3 35 4 33 79 53
66 27 54 46 46 61 20
82 42 15 57 37 43 28
58 84 30 2 66 17 22
46 46 61 56 29 55 18
59 72 51 37 70 45 6
21 80 56 14 56 50 24
88 80 74 23 29 29 68
42 76 68 74 3 35 80
39 25 84 4 33 79 9
83 34 37 19 72 3 50
64 22 30 82 42 15 25
83 34 37 29 65 27 32
27 5 54 57 37 43 33
5 57 44 20 4 12 61
73 60 56 43 11 46 50
59 72 51 85 26 36 48
7 80 81 16 42 73 38
77 0 84 41 84 42 93
49 49 33 89 65 53 25
23 29 29 72 24 39 11
42 76 68 22 36 74 40
64 22 30 20 4 12 25
46 46 61 19 72 3 63
55 73 32 76 73 3 29
25 61 30 7 80 81 54
89 65 53 38 12 78 58
22 36 74 26 58 47 34
67 1 3 54 41 9 40
27 5 54 58 84 30 82
83 34 37 68 88 51 55
90 78 36 86 74 30 7
35 87 2 32 76 37 36
22 36 74 54 41 9 65
66 27 54 11 19 82 29
78 57 11 69 68 71 61
4 33 79 73 60 56 35
66 27 54 68 88 51 61
73 60 56 56 29 55 31
73 60 56 30 80 69 23
46 46 61 7 80 81 39
51 12 53 15 59 85 56
6 68 19 87 43 8 27
1 8 17 83 34 37 32
1 8 17 52 57 1 51
90 78 36 2 66 17 22
72 24 39 64 22 30 9
9 16 67 34 54 20 60
39 25 84 15 59 85 34
50 29 21 81 77 59 61
65 81 46 36 85 3 43
17 4 40 26 58 47 54
61 43 21 6 68 19 25
35 87 2 55 73 32 33
76 73 3 20 4 12 69
57 37 43 42 76 68 46
28 79 13 3 10 57 81
44 46 15 6 68 19 22
47 46 19 25 61 30 18
61 43 21 88 80 74 64
87 43 8 34 54 20 16
42 76 68 26 58 47 27
15 59 85 80 27 38 56
89 65 53 63 51 62 16
85 26 36 49 49 33 23
34 54 20 7 80 81 66
37 70 45 14 56 50 14
15 59 85 50 29 21 70
62 57 87 44 46 15 72
20 4 12 7 80 81 102
30 80 69 25 61 30 43
60 23 84 80 27 38 46
20 4 12 80 27 38 34
61 43 21 51 12 53 44
14 56 50 78 57 11 39
25 61 30 62 57 87 57
71 10 50 80 27 38 20
21 80 56 73 60 56 20
29 65 27 25 61 30 5
16 42 73 75 79 68 37
85 26 36 10 37 68 33
26 58 47 61 43 21 30
29 65 27 67 1 3 68
20 4 12 34 54 20 50
81 77 59 85 26 36 55
49 49 33 83 34 37 15
43 11 46 65 81 46 70
80 27 38 39 25 84 46
16 42 73 1 8 17 65
47 46 19 59 72 51 41
20 4 12 63 51 62 68
39 25 84 25 61 30 64
22 36 74 36 85 3 86
74 3 35 37 70 45 67
67 1 3 60 23 84 83
12 55 23 0 6 76 72
77 0 84 74 3 35 49
72 24 39 61 43 21 26
82 42 15 26 58 47 35
54 41 9 79 36 85 76
25 61 30 40 58 73 43
5 57 44 69 68 71 29
7 80 81 18 39 19 74
10 37 68 2 66 17 58
10 37 68 46 46 61 11
15 59 85 85 26 36 59
21 80 56 30 80 69 13
56 29 55 31 86 20 66
52 57 1 68 88 51 58
38 12 78 51 12 53 25
40 58 73 54 41 9 66
0 6 76 61 43 21 66
66 27 54 2 66 17 53
67 1 3 27 5 54 51
26 58 47 47 46 19 30
27 5 54 65 81 46 76
49 49 33 61 43 21 13
12 55 23 71 10 50 52
22 36 74 38 12 78 24
3 10 57 1 8 17 40
66 27 54 10 37 68 17
3 10 57 75 79 68 69
14 56 50 53 40 32 24
24 8 5 54 41 9 33
49 49 33 16 42 73 40
4 33 79 28 79 13 80
78 57 11 33 2 3 55
41 84 42 46 46 61 42
77 0 84 27 5 54 30
11 19 82 20 4 12 71
32 76 37 51 12 53 65
78 57 11 17 4 40 60
39 25 84 26 58 47 49
16 42 73 33 2 3 80
69 68 71 76 73 3 68
74 3 35 72 24 39 21
65 81 46 11 19 82 71
69 68 71 50 29 21 63
68 88 51 54 41 9 63
70 26 29 86 74 30 48
17 4 40 82 42 15 45
37 70 45 68 88 51 18
89 65 53 0 6 76 63
72 24 39 75 79 68 62
89 65 53 7 80 81 31
51 12 53 70 26 29 27
66 27 54 72 24 39 15
12 55 23 24 8 5 50
72 24 39 44 46 15 32
51 12 53 27 5 54 7
39 25 84 90 78 36 71
35 87 2 47 46 19 44
23 29 29 31 86 20 57
63 51 62 36 85 3 68
43 11 46 0 6 76 30
62 57 87 59 72 51 39
11 19 82 15 59 85 40
77 0 84 71 10 50 35
35 87 2 6 68 19 25
87 43 8 63 51 62 54
60 23 84 49 49 33 57
34 54 20 52 57 1 19
16 42 73 30 80 69 38
71 10 50 48 36 9 48
84 80 52 5 57 44 24
84 80 52 58 84 30 22
22 36 74 3 10 57 31
63 51 62 45 6 87 51
36 85 3 33 2 3 83
57 37 43 51 12 53 26
70 26 29 50 29 21 8
9 16 67 79 36 85 26
86 74 30 25 61 30 13
21 80 56 10 37 68 44
31 86 20 41 84 42 22
61 43 21 64 22 30 22
78 57 11 21 80 56 50
82 42 15 87 43 8 7
52 57 1 15 59 85 84
76 73 3 18 39 19 37
12 55 23 87 43 8 19
43 11 46 68 88 51 77
46 46 61 61 43 21 40
33 2 3 51 12 53 50
7 80 81 49 49 33 57
65 81 46 4 33 79 58
74 3 35 75 79 68 82
57 37 43 52 57 1 46
15 59 85 53 40 32 56
18 39 19 89 65 53 42
17 4 40 63 51 62 51
36 85 3 14 56 50 55
78 57 11 62 57 87 76
79 36 85 63 51 62 27
48 36 9 26 58 47 43
14 56 50 70 26 29 36
22 36 74 73 60 56 30
18 39 19 68 88 51 58
89 65 53 55 73 32 22
51 12 53 82 42 15 48
70 26 29 44 46 15 24
36 85 3 61 43 21 45
68 88 51 41 84 42 9
4 33 79 42 76 68 44
89 65 53 44 46 15 42
8 17 87 44 46 15 77
83 34 37 84 80 52 48
49 49 33 55 73 32 24
28 79 13 31 86 20 9
73 60 56 90 78 36 26
16 42 73 36 85 3 82
80 27 38 26 58 47 32
50 29 21 28 79 13 50
73 60 56 54 41 9 50
12 55 23 68 88 51 43
63 51 62 8 17 87 42
88 80 74 62 57 87 26
9 16 67 39 25 84 19
6 68 19 82 42 15 26
64 22 30 3 10 57 29
39 25 84 11 19 82 6
34 54 20 70 26 29 29
42 76 68 46 46 61 30
15 59 85 24 8 5 94
38 12 78 26 58 47 55
30 80 69 29 65 27 44
34 54 20 68 88 51 46
2 66 17 12 55 23 12
80 27 38 27 5 54 27
90 78 36 22 36 74 56
83 34 37 25 61 30 27
86 74 30 51 12 53 66
23 29 29 49 49 33 20
55 73 32 4 33 79 61
50 29 21 61 43 21 14
87 43 8 90 78 36 44
29 65 27 14 56 50 24
60 23 84 18 39 19 66
36 85 3 85 26 36 67
44 46 15 4 33 79 65
85 26 36 8 17 87 51
24 8 5 82 42 15 35
0 6 76 88 80 74 74
16 42 73 6 68 19 59
71 10 50 54 41 9 51
44 46 15 33 2 3 45
50 29 21 33 2 3 32
65 81 46 63 51 62 34
42 76 68 29 65 27 42
57 37 43 7 80 81 57
17 4 40 68 88 51 84
75 79 68 44 46 15 62
3 10 57 79 36 85 38
4 33 79 30 80 69 48
59 72 51 38 12 78 65
66 27 54 22 36 74 21
3 10 57 15 59 85 56
17 4 40 80 27 38 23
55 73 32 88 80 74 42
66 27 54 41 84 42 58
78 57 11 45 6 87 91
84 80 52 40 58 73 30
15 59 85 49 49 33 52
76 73 3 82 42 15 33
30 80 69 34 54 20 55
65 81 46 1 8 17 78
23 29 29 30 80 69 64
85 26 36 31 86 20 62
60 23 84 4 33 79 11
57 37 43 26 58 47 21
72 24 39 0 6 76 41
28 79 13 11 19 82 91
5 57 44 41 84 42 27
35 87 2 3 10 57 94
8 17 87 72 24 39 48
45 6 87 51 12 53 34
33 2 3 88 80 74 105
46 46 61 55 73 32 39
42 76 68 3 10 57 66
64 22 30 18 39 19 20
78 57 11 48 36 9 21
28 79 13 60 23 84 90
73 60 56 14 56 50 7
79 36 85 22 36 74 11
44 46 15 3 10 57 55
21 80 56 43 11 46 69
53 40 32 42 76 68 50
84 80 52 36 85 3 49
63 51 62 16 42 73 14
84 80 52 44 46 15 50
23 29 29 65 81 46 54
88 80 74 86 74 30 44
33 2 3 47 46 19 46
86 74 30 50 29 21 45
49 49 33 25 61 30 12
85 26 36 68 88 51 63
3 10 57 33 2 3 54
5 57 44 38 12 78 56
19 72 3 58 84 30 29
89 65 53 52 57 1 52
37 70 45 53 40 32 32
44 46 15 61 43 21 6
66 27 54 29 65 27 46
79 36 85 40 58 73 25
13 69 56 81 77 59 8
68 88 51 62 57 87 47
67 1 3 89 65 53 81
65 81 46 3 10 57 71
29 65 27 7 80 81 56
83 34 37 48 36 9 28
38 12 78 56 29 55 28
32 76 37 76 73 3 34
85 26 36 84 80 52 56
4 33 79 43 11 46 39
86 74 30 67 1 3 77
10 37 68 57 37 43 25
38 12 78 75 79 68 67
66 27 54 53 40 32 25
34 54 20 67 1 3 55
22 36 74 34 54 20 56
52 57 1 2 66 17 18
43 11 46 72 24 39 14
3 10 57 73 60 56 50
63 51 62 85 26 36 36
66 27 54 25 61 30 41
0 6 76 32 76 37 80
89 65 53 72 24 39 43
23 29 29 58 84 30 55
55 73 32 74 3 35 70
63 51 62 25 61 30 33
18 39 19 83 34 37 18
4 33 79 46 46 61 22
69 68 71 62 57 87 19
6 68 19 20 4 12 64
50 29 21 74 3 35 29
45 6 87 53 40 32 64
21 80 56 24 8 5 88
47 46 19 89 65 53 38
52 57 1 27 5 54 74
15 59 85 40 58 73 12
11 19 82 7 80 81 61
73 60 56 51 12 53 48
35 87 2 70 26 29 66
22 36 74 84 80 52 49
6 68 19 48 36 9 33
23 29 29 62 57 87 64
16 42 73 28 79 13 70
14 56 50 80 27 38 31
60 23 84 54 41 9 77
10 37 68 13 69 56 34
61 43 21 19 72 3 34
56 29 55 51 12 53 17
57 37 43 75 79 68 48
40 58 73 63 51 62 13
20 4 12 50 29 21 26
8 17 87 46 46 61 38
19 72 3 84 80 52 49
76 73 3 88 80 74 71
49 49 33 20 4 12 49
14 56 50 46 46 61 14
46 46 61 15 59 85 27
81 77 59 67 1 3 94
75 79 68 36 85 3 65
15 59 85 30 80 69 26
81 77 59 31 86 20 40
80 27 38 40 58 73 46
15 59 85 38 12 78 47
42 76 68 60 23 84 55
46 46 61 84 80 52 35
64 22 30 0 6 76 48
83 34 37 63 51 62 30
52 57 1 24 8 5 49
28 79 13 1 8 17 71
32 76 37 58 84 30 10
0 6 76 75 79 68 73
0 6 76 52 57 1 90
13 69 56 65 81 46 15
27 5 54 38 12 78 25
65 81 46 73 60 56 23
56 29 55 22 36 74 20
14 56 50 56 29 55 27
51 12 53 69 68 71 58
69 68 71 9 16 67 52
29 65 27 46 46 61 38
60 23 84 51 12 53 32
34 54 20 45 6 87 82
51 12 53 1 8 17 36
70 26 29 22 36 74 46
73 60 56 53 40 32 31
86 74 30 82 42 15 35
22 36 74 77 0 84 37
24 8 5 17 4 40 35
64 22 30 34 54 20 33
36 85 3 18 39 19 48
14 56 50 43 11 46 45
43 11 46 71 10 50 4
74 3 35 67 1 3 32
58 84 30 75 79 68 38
19 72 3 57 37 43 53
62 57 87 66 27 54 44
3 10 57 82 42 15 52
17 4 40 27 5 54 14
72 24 39 58 84 30 60
23 29 29 22 36 74 45
5 57 44 1 8 17 55
77 0 84 56 29 55 41
6 68 19 50 29 21 39
46 46 61 28 79 13 58
30 80 69 9 16 67 64
67 1 3 42 76 68 99
46 46 61 3 10 57 36
23 29 29 68 88 51 62
6 68 19 83 34 37 38
43 11 46 62 57 87 61
8 17 87 60 23 84 6
5 57 44 67 1 3 69
5 57 44 13 69 56 16
77 0 84 14 56 50 65
64 22 30 44 46 15 28
69 68 71 42 76 68 8
30 80 69 31 86 20 49
53 40 32 35 87 2 55
0 6 76 83 34 37 48
78 57 11 6 68 19 13
56 29 55 1 8 17 43
66 27 54 15 59 85 44
27 5 54 46 46 61 41
87 43 8 48 36 9 7
49 49 33 47 46 19 14
88 80 74 30 80 69 5
33 2 3 67 1 3 1
44 46 15 65 81 46 46
28 79 13 79 36 85 83
57 37 43 84 80 52 43
33 2 3 61 43 21 44
10 37 68 74 3 35 47
12 55 23 46 46 61 39
62 57 87 8 17 87 40
74 3 35 23 29 29 26
85 26 36 72 24 39 3
88 80 74 64 22 30 72
27 5 54 2 66 17 71
58 84 30 59 72 51 24
56 29 55 15 59 85 42
58 84 30 67 1 3 87
37 70 45 64 22 30 50
88 80 74 50 29 21 73
39 25 84 83 34 37 47
34 54 20 43 11 46 50
46 46 61 30 80 69 34
19 72 3 88 80 74 71
26 58 47 10 37 68 29
83 34 37 75 79 68 54
9 16 67 20 4 12 56
59 72 51 78 57 11 42
2 66 17 46 46 61 48
20 4 12 12 55 23 52
32 76 37 71 10 50 67
6 68 19 14 56 50 33
17 4 40 52 57 1 65
77 0 84 63 51 62 55
11 19 82 47 46 19 68
54 41 9 77 0 84 85
57 37 43 81 77 59 43
36 85 3 12 55 23 36
63 51 62 21 80 56 29
10 37 68 27 5 54 34
72 24 39 50 29 21 18
8 17 87 90 78 36 79
55 73 32 81 77 59 27
74 3 35 27 5 54 19
16 42 73 20 4 12 71
35 87 2 85 26 36 69
63 51 62 62 57 87 25
63 51 62 72 24 39 35
0 6 76 48 36 9 73
25 61 30 54 41 9 29
57 37 43 17 4 40 33
39 25 84 12 55 23 67
62 57 87 79 36 85 21
68 88 51 38 12 78 80
4 33 79 66 27 54 25
77 0 84 53 40 32 65
29 65 27 52 57 1 27
42 76 68 32 76 37 31
17 4 40 86 74 30 70
74 3 35 65 81 46 78
22 36 74 44 46 15 59
6 68 19 18 39 19 29
89 65 53 4 33 79 41
88 80 74 27 5 54 77
69 68 71 63 51 62 19
37 70 45 70 26 29 46
44 46 15 25 61 30 21
38 12 78 60 23 84 12
12 55 23 34 54 20 3
60 23 84 81 77 59 59
90 78 36 43 11 46 67
68 88 51 3 10 57 78
59 72 51 32 76 37 14
77 0 84 30 80 69 81
6 68 19 9 16 67 70
46 46 61 68 88 51 43
43 11 46 50 29 21 30
80 27 38 72 24 39 3
11 19 82 54 41 9 76
1 8 17 74 3 35 18
42 76 68 84 80 52 16
17 4 40 70 26 29 24
14 56 50 65 81 46 25
41 84 42 65 81 46 5
77 0 84 52 57 1 100
84 80 52 18 39 19 52
26 58 47 84 80 52 22
27 5 54 33 2 3 51
56 29 55 11 19 82 28
40 58 73 55 73 32 43
38 12 78 2 66 17 81
25 61 30 84 80 52 29
88 80 74 60 23 84 57
1 8 17 38 12 78 61
82 42 15 47 46 19 5
22 36 74 15 59 85 25
8 17 87 59 72 51 65
60 23 84 62 57 87 34
51 12 53 18 39 19 43
68 88 51 40 58 73 37
50 29 21 54 41 9 16
12 55 23 69 68 71 49
8 17 87 22 36 74 23
26 58 47 83 34 37 26
1 8 17 77 0 84 67
34 54 20 48 36 9 21
22 36 74 9 16 67 21
83 34 37 67 1 3 47
80 27 38 36 85 3 67
44 46 15 76 73 3 29
42 76 68 77 0 84 77
78 57 11 76 73 3 17
2 66 17 63 51 62 47
13 69 56 34 54 20 39
65 81 46 18 39 19 49
71 10 50 74 3 35 16
86 74 30 72 24 39 50
71 10 50 70 26 29 26
44 46 15 27 5 54 56
13 69 56 39 25 84 52
69 68 71 39 25 84 44
20 4 12 28 79 13 75
24 8 5 34 54 20 48
72 24 39 82 42 15 30
87 43 8 35 87 2 44
6 68 19 39 25 84 77
23 29 29 20 4 12 30
25 61 30 27 5 54 60
0 6 76 71 10 50 26
67 1 3 87 43 8 42
43 11 46 76 73 3 75
65 81 46 0 6 76 80
34 54 20 6 68 19 14
11 19 82 73 60 56 48
63 51 62 10 37 68 15
63 51 62 57 37 43 23
34 54 20 36 85 3 35
81 77 59 46 46 61 31
70 26 29 3 10 57 32
57 37 43 50 29 21 23
50 29 21 39 25 84 63
81 77 59 45 6 87 76
33 2 3 14 56 50 71
67 1 3 13 69 56 86
4 33 79 15 59 85 26
21 80 56 86 74 30 26
41 84 42 33 2 3 90
30 80 69 52 57 1 71
16 42 73 38 12 78 30
57 37 43 70 26 29 17
74 3 35 81 77 59 77
69 68 71 18 39 19 59
52 57 1 71 10 50 67
66 27 54 28 79 13 66
32 76 37 21 80 56 19
38 12 78 6 68 19 81
53 40 32 68 88 51 51
44 46 15 14 56 50 36
5 57 44 0 6 76 60
11 19 82 79 36 85 17
89 65 53 90 78 36 21
40 58 73 38 12 78 46
70 26 29 9 16 67 39
20 4 12 72 24 39 33
82 42 15 74 3 35 43
64 22 30 81 77 59 62
55 73 32 65 81 46 16
5 57 44 70 26 29 34
0 6 76 4 33 79 27
24 8 5 31 86 20 79
19 72 3 29 65 27 25
10 37 68 32 76 37 49
76 73 3 10 37 68 74
38 12 78 54 41 9 74
35 87 2 75 79 68 66
52 57 1 32 76 37 40
82 42 15 89 65 53 44
22 36 74 72 24 39 37
23 29 29 66 27 54 25
57 37 43 24 8 5 47
50 29 21 17 4 40 31
85 26 36 46 46 61 32
28 79 13 52 57 1 25
75 79 68 43 11 46 71
10 37 68 9 16 67 21
6 68 19 25 61 30 13
43 11 46 24 8 5 41
11 19 82 0 6 76 14
40 58 73 44 46 15 59
65 81 46 53 40 32 43
27 5 54 41 84 42 79
68 88 51 36 85 3 48
83 34 37 22 36 74 37
90 78 36 18 39 19 42
15 59 85 6 68 19 66
80 27 38 45 6 87 53
30 80 69 50 29 21 70
87 43 8 79 36 85 77
7 80 81 17 4 40 86
31 86 20 80 27 38 61
30 80 69 87 43 8 71
88 80 74 29 65 27 49
32 76 37 80 27 38 49
81 77 59 22 36 74 43
39 25 84 30 80 69 57
52 57 1 82 42 15 20
51 12 53 41 84 42 72
84 80 52 89 65 53 15
63 51 62 26 58 47 16
16 42 73 61 43 21 52
21 80 56 5 57 44 25
55 73 32 38 12 78 76
68 88 51 28 79 13 39
43 11 46 23 29 29 24
77 0 84 0 6 76 10
32 76 37 67 1 3 82
12 55 23 58 84 30 29
19 72 3 51 12 53 78
51 12 53 9 16 67 14
48 36 9 77 0 84 83
5 57 44 11 19 82 53
86 74 30 0 6 76 82
17 4 40 21 80 56 77
89 65 53 65 81 46 17
70 26 29 41 84 42 59
48 36 9 27 5 54 54
66 27 54 73 60 56 33
67 1 3 26 58 47 72
16 42 73 23 29 29 45
43 11 46 69 68 71 62
76 73 3 27 5 54 85
3 10 57 90 78 36 71
18 39 19 56 29 55 37
90 78 36 30 80 69 33
13 69 56 56 29 55 40
79 36 85 45 6 87 30
80 27 38 51 12 53 21
77 0 84 19 72 3 108
19 72 3 74 3 35 76
76 73 3 86 74 30 27
9 16 67 76 73 3 85
82 42 15 15 59 85 72
88 80 74 31 86 20 54
67 1 3 82 42 15 42
7 80 81 38 12 78 68
68 88 51 33 2 3 98
14 56 50 38 12 78 52
66 27 54 57 37 43 14
58 84 30 13 69 56 30
17 4 40 42 76 68 77
43 11 46 20 4 12 34
27 5 54 28 79 13 84
82 42 15 27 5 54 53
57 37 43 90 78 36 41
52 57 1 61 43 21 24
73 60 56 2 66 17 39
34 54 20 74 3 35 53
78 57 11 86 74 30 25
80 27 38 75 79 68 60
77 0 84 5 57 44 69
33 2 3 6 68 19 67
29 65 27 68 88 51 33
16 42 73 9 16 67 26
41 84 42 56 29 55 56
83 34 37 12 55 23 25
23 29 29 46 46 61 36
4 33 79 11 19 82 14
80 27 38 24 8 5 38
70 26 29 23 29 29 3
88 80 74 2 66 17 58
90 78 36 34 54 20 28
47 46 19 55 73 32 29
51 12 53 34 54 20 53
26 58 47 24 8 5 65
79 36 85 68 88 51 62
63 51 62 28 79 13 56
9 16 67 7 80 81 65
54 41 9 3 10 57 57
26 58 47 7 80 81 40
71 10 50 73 60 56 50
88 80 74 7 80 81 7
26 58 47 72 24 39 34
53 40 32 24 8 5 41
85 26 36 79 36 85 50
0 6 76 19 72 3 98
11 19 82 80 27 38 44
45 6 87 4 33 79 28
14 56 50 39 25 84 46
53 40 32 54 41 9 23
77 0 84 55 73 32 89
81 77 59 7 80 81 22
83 34 37 70 26 29 11
89 65 53 29 65 27 26
77 0 84 76 73 3 109
77 0 84 50 29 21 69
71 10 50 81 77 59 67
31 86 20 25 61 30 26
2 66 17 4 33 79 70
71 10 50 26 58 47 48
44 46 15 2 66 17 20
7 80 81 66 27 54 59
67 1 3 51 12 53 51
35 87 2 24 8 5 79
9 16 67 29 65 27 63
47 46 19 69 68 71 56
32 76 37 28 79 13 24
56 29 55 33 2 3 58
88 80 74 58 84 30 44
25 61 30 52 57 1 29
32 76 37 66 27 54 51
27 5 54 26 58 47 53
33 2 3 29 65 27 67
59 72 51 64 22 30 54
61 43 21 40 58 73 54
7 80 81 59 72 51 31
29 65 27 78 57 11 17
70 26 29 18 39 19 16
40 58 73 16 42 73 16
90 78 36 36 85 3 33
41 84 42 88 80 74 32
50 29 21 4 33 79 58
15 59 85 78 57 11 74
88 80 74 82 42 15 70
3 10 57 78 57 11 65
45 6 87 31 86 20 104
9 16 67 66 27 54 17
37 70 45 5 57 44 13
36 85 3 23 29 29 61
1 8 17 76 73 3 66
44 46 15 88 80 74 68
78 57 11 63 51 62 51
26 58 47 60 23 84 50
71 10 50 46 46 61 37
88 80 74 53 40 32 58
77 0 84 67 1 3 81
62 57 87 89 65 53 34
68 88 51 2 66 17 40
6 68 19 55 73 32 13
63 51 62 9 16 67 35
60 23 84 75 79 68 58
20 4 12 45 6 87 75
60 23 84 69 68 71 46
55 73 32 16 42 73 51
83 34 37 52 57 1 42
10 37 68 18 39 19 49
21 80 56 48 36 9 64
38 12 78 44 46 15 71
43 11 46 12 55 23 49
3 10 57 85 26 36 26
49 49 33 56 29 55 29
10 37 68 59 72 51 38
42 76 68 45 6 87 72
39 25 84 78 57 11 79
65 81 46 28 79 13 33
10 37 68 3 10 57 29
40 58 73 86 74 30 45
2 66 17 33 2 3 65
71 10 50 13 69 56 59
69 68 71 0 6 76 62
66 27 54 13 69 56 42
72 24 39 11 19 82 43
49 49 33 27 5 54 48
39 25 84 10 37 68 20
23 29 29 8 17 87 59
44 46 15 35 87 2 43
90 78 36 50 29 21 51
77 0 84 49 49 33 70
67 1 3 15 59 85 100
43 11 46 22 36 74 37
53 40 32 11 19 82 54
48 36 9 68 88 51 66
36 85 3 45 6 87 115
75 79 68 21 80 56 12
82 42 15 37 70 45 41
31 86 20 15 59 85 70
12 55 23 47 46 19 9
87 43 8 84 80 52 57
72 24 39 35 87 2 73
60 23 84 82 42 15 71
31 86 20 77 0 84 107
32 76 37 31 86 20 19
85 26 36 5 57 44 32
48 36 9 3 10 57 54
2 66 17 89 65 53 36
84 80 52 8 17 87 72
6 68 19 37 70 45 26
56 29 55 85 26 36 19
7 80 81 39 25 84 55
40 58 73 5 57 44 29
3 10 57 59 72 51 62
83 34 37 51 12 53 27
66 27 54 27 5 54 22
41 84 42 3 10 57 75
39 25 84 57 37 43 42
85 26 36 13 69 56 47
20 4 12 74 3 35 23
1 8 17 79 36 85 73
58 84 30 4 33 79 70
31 86 20 46 46 61 57
54 41 9 20 4 12 37
35 87 2 15 59 85 87
24 8 5 65 81 46 83
89 65 53 17 4 40 62
24 8 5 70 26 29 30
78 57 11 40 58 73 62
78 57 11 70 26 29 35
63 51 62 18 39 19 44
11 19 82 51 12 53 29
37 70 45 85 26 36 44
10 37 68 12 55 23 48
61 43 21 73 60 56 38
60 23 84 22 36 74 16
79 36 85 10 37 68 17
42 76 68 7 80 81 13
14 56 50 19 72 3 49
32 76 37 75 79 68 31
67 1 3 68 88 51 99
1 8 17 90 78 36 72
3 10 57 57 37 43 30
19 72 3 70 26 29 52
30 80 69 27 5 54 76
42 76 68 88 80 74 7
20 4 12 24 8 5 8
19 72 3 10 37 68 73
58 84 30 61 43 21 41
66 27 54 37 70 45 43
58 84 30 77 0 84 99
42 76 68 52 57 1 69
47 46 19 10 37 68 49
88 80 74 51 12 53 71
12 55 23 1 8 17 47
47 46 19 7 80 81 70
0 6 76 36 85 3 107
86 74 30 14 56 50 26
84 80 52 51 12 53 68
23 29 29 24 8 5 31
80 27 38 89 65 53 40
7 80 81 3 10 57 74
79 36 85 74 3 35 59
55 73 32 45 6 87 86
85 26 36 32 76 37 50
77 0 84 85 26 36 54
42 76 68 6 68 19 49
72 24 39 14 56 50 33
41 84 42 32 76 37 9
29 65 27 57 37 43 32
89 65 53 14 56 50 9
54 41 9 36 85 3 44
84 80 52 27 5 54 75
7 80 81 55 73 32 49
90 78 36 28 79 13 23
29 65 27 26 58 47 21
45 6 87 88 80 74 75
19 72 3 22 36 74 79
59 72 51 66 27 54 45
12 55 23 35 87 2 38
64 22 30 21 80 56 63
87 43 8 23 29 29 25
26 58 47 5 57 44 3
10 37 68 36 85 3 80
72 24 39 37 70 45 46
7 80 81 36 85 3 78
13 69 56 69 68 71 15
15 59 85 72 24 39 57
68 88 51 0 6 76 85
78 57 11 22 36 74 66
3 10 57 72 24 39 22
89 65 53 75 79 68 20
68 88 51 4 33 79 61
56 29 55 60 23 84 29
52 57 1 86 74 30 33
76 73 3 73 60 56 54
8 17 87 5 57 44 58
74 3 35 8 17 87 53
9 16 67 85 26 36 32
50 29 21 66 27 54 33
13 69 56 48 36 9 57
59 72 51 24 8 5 78
14 56 50 42 76 68 26
48 36 9 59 72 51 55
67 1 3 41 84 42 91
36 85 3 38 12 78 104
71 10 50 10 37 68 32
45 6 87 14 56 50 62
55 73 32 5 57 44 20
9 16 67 82 42 15 58
57 37 43 56 29 55 14
65 81 46 64 22 30 61
41 84 42 7 80 81 39
10 37 68 52 57 1 69
34 54 20 38 12 78 71
71 10 50 68 88 51 78
19 72 3 3 10 57 82
41 84 42 87 43 8 53
0 6 76 73 60 56 57
55 73 32 30 80 69 37
52 57 1 79 36 85 86
43 11 46 57 37 43 26
9 16 67 64 22 30 37
12 55 23 52 57 1 22
2 66 17 31 86 20 20
61 43 21 77 0 84 76
32 76 37 74 3 35 73
84 80 52 10 37 68 45
71 10 50 27 5 54 6
43 11 46 67 1 3 44
7 80 81 87 43 8 81
74 3 35 90 78 36 75
11 19 82 16 42 73 24
74 3 35 29 65 27 62
11 19 82 55 73 32 73
19 72 3 16 42 73 76
89 65 53 60 23 84 52
68 88 51 44 46 15 55
43 11 46 36 85 3 85
50 29 21 25 61 30 33
32 76 37 9 16 67 67
20 4 12 61 43 21 40
59 72 51 70 26 29 50
7 80 81 52 57 1 83
62 57 87 13 69 56 33
7 80 81 65 81 46 35
31 86 20 22 36 74 73
24 8 5 37 70 45 73
78 57 11 44 46 15 11
63 51 62 0 6 76 47
10 37 68 16 42 73 7
72 24 39 28 79 13 60
39 25 84 35 87 2 102
66 27 54 44 46 15 43
5 57 44 86 74 30 22
33 2 3 82 42 15 41
74 3 35 61 43 21 42
47 46 19 37 70 45 35
23 29 29 45 6 87 62
67 1 3 90 78 36 83
86 74 30 35 87 2 30
18 39 19 55 73 32 36
60 23 84 64 22 30 54
80 27 38 58 84 30 57
10 37 68 29 65 27 49
3 10 57 16 42 73 35
28 79 13 84 80 52 39
13 69 56 31 86 20 39
31 86 20 84 80 52 32
13 69 56 55 73 32 24
11 19 82 19 72 3 95
71 10 50 83 34 37 27
21 80 56 42 76 68 12
9 16 67 72 24 39 29
57 37 43 9 16 67 31
51 12 53 46 46 61 34
86 74 30 16 42 73 53
82 42 15 62 57 87 73
90 78 36 79 36 85 64
79 36 85 89 65 53 43
45 6 87 22 36 74 32
6 68 19 11 19 82 79
7 80 81 48 36 9 84
15 59 85 28 79 13 74
64 22 30 14 56 50 39
44 46 15 43 11 46 46
23 29 29 63 51 62 39
21 80 56 3 10 57 70
52 57 1 59 72 51 52
0 6 76 60 23 84 18
36 85 3 27 5 54 94
33 2 3 12 55 23 56
44 46 15 36 85 3 40
45 6 87 12 55 23 80
12 55 23 86 74 30 20
80 27 38 56 29 55 17
66 27 54 43 11 46 17
49 49 33 28 79 13 36
8 17 87 11 19 82 5
21 80 56 12 55 23 41
68 88 51 88 80 74 24
84 80 52 29 65 27 29
27 5 54 6 68 19 72
84 80 52 39 25 84 63
25 61 30 21 80 56 32
24 8 5 89 65 53 74
26 58 47 66 27 54 31
10 37 68 37 70 45 40
4 33 79 32 76 37 60
64 22 30 79 36 85 56
57 37 43 36 85 3 62
89 65 53 10 37 68 31
66 27 54 51 12 53 15
62 57 87 2 66 17 70
46 46 61 75 79 68 33
45 6 87 13 69 56 70
8 17 87 68 88 51 79
49 49 33 5 57 44 13
45 6 87 15 59 85 53
36 85 3 46 46 61 69
23 29 29 79 36 85 56
35 87 2 62 57 87 90
37 70 45 89 65 53 9
29 65 27 87 43 8 29
18 39 19 75 79 68 63
57 37 43 38 12 78 43
40 58 73 42 76 68 18
30 80 69 56 29 55 52
14 56 50 83 34 37 25
58 84 30 48 36 9 52
6 68 19 59 72 51 32
82 42 15 53 40 32 17
16 42 73 67 1 3 81
38 12 78 46 46 61 38
0 6 76 70 26 29 51
64 22 30 53 40 32 18
17 4 40 15 59 85 71
46 46 61 20 4 12 64
67 1 3 71 10 50 47
44 46 15 24 8 5 39
90 78 36 80 27 38 51
61 43 21 27 5 54 50
4 33 79 1 8 17 66
76 73 3 90 78 36 33
0 6 76 2 66 17 84
74 3 35 88 80 74 86
40 58 73 45 6 87 53
43 11 46 56 29 55 20
7 80 81 77 0 84 80
35 87 2 28 79 13 13
47 46 19 17 4 40 46
26 58 47 37 70 45 12
4 33 79 64 22 30 50
38 12 78 24 8 5 73
56 29 55 2 66 17 53
22 36 74 25 61 30 50
49 49 33 17 4 40 45
56 29 55 39 25 84 29
79 36 85 34 54 20 67
41 84 42 26 58 47 26
64 22 30 2 66 17 45
27 5 54 16 42 73 41
17 4 40 34 54 20 53
44 46 15 56 29 55 43
79 36 85 12 55 23 64
16 42 73 89 65 53 30
12 55 23 62 57 87 64
85 26 36 17 4 40 22
29 65 27 72 24 39 42
12 55 23 19 72 3 26
49 49 33 66 27 54 30
2 66 17 18 39 19 27
13 69 56 23 29 29 48
35 87 2 0 6 76 109
15 59 85 77 0 84 59
69 68 71 17 4 40 71
47 46 19 63 51 62 43
2 66 17 47 46 19 20
47 46 19 19 72 3 30
84 80 52 64 22 30 62
44 46 15 50 29 21 18
6 68 19 58 84 30 19
40 58 73 8 17 87 43
73 60 56 67 1 3 79
45 6 87 50 29 21 69
22 36 74 57 37 43 31
65 81 46 32 76 37 10
0 6 76 22 36 74 30
37 70 45 12 55 23 26
64 22 30 7 80 81 77
23 29 29 86 74 30 45
40 58 73 35 87 2 76
35 87 2 48 36 9 51
62 57 87 47 46 19 68
85 26 36 1 8 17 26
22 36 74 14 56 50 31
61 43 21 82 42 15 6
32 76 37 18 39 19 41
47 46 19 50 29 21 17
39 25 84 3 10 57 30
73 60 56 23 29 29 41
8 17 87 0 6 76 15
52 57 1 46 46 61 61
61 43 21 84 80 52 48
18 39 19 71 10 50 42
69 68 71 77 0 84 69
20 4 12 56 29 55 49
38 12 78 64 22 30 49
5 57 44 62 57 87 43
65 81 46 58 84 30 16
87 43 8 37 70 45 45
28 79 13 5 57 44 38
59 72 51 69 68 71 20
14 56 50 81 77 59 22
14 56 50 54 41 9 43
33 2 3 77 0 84 81
4 33 79 31 86 20 79
58 84 30 9 16 67 77
39 25 84 72 24 39 45
31 86 20 42 76 68 49
18 39 19 88 80 74 68
45 6 87 7 80 81 74
28 79 13 9 16 67 82
67 1 3 14 56 50 72
7 80 81 14 56 50 39
61 43 21 56 29 55 36
46 46 61 32 76 37 38
59 72 51 15 59 85 36
63 51 62 12 55 23 39
25 61 30 48 36 9 32
29 65 27 60 23 84 70
64 22 30 56 29 55 25
26 58 47 73 60 56 9
71 10 50 60 23 84 36
54 41 9 39 25 84 76
4 33 79 20 4 12 73
58 84 30 55 73 32 11
5 57 44 68 88 51 31
27 5 54 32 76 37 73
12 55 23 61 43 21 12
37 70 45 41 84 42 14
47 46 19 42 76 68 57
34 54 20 81 77 59 45
36 85 3 67 1 3 84
68 88 51 65 81 46 8
72 24 39 21 80 56 58
32 76 37 29 65 27 14
41 84 42 76 73 3 40
44 46 15 15 59 85 71
74 3 35 85 26 36 23
70 26 29 48 36 9 22
5 57 44 71 10 50 47
80 27 38 73 60 56 37
19 72 3 41 84 42 40
16 42 73 17 4 40 50
2 66 17 81 77 59 43
75 79 68 50 29 21 68
21 80 56 36 85 3 53
82 42 15 5 57 44 32
12 55 23 65 81 46 34
18 39 19 21 80 56 55
16 42 73 0 6 76 36
4 33 79 76 73 3 85
47 46 19 74 3 35 45
89 65 53 74 3 35 64
78 57 11 90 78 36 32
66 27 54 67 1 3 57
72 24 39 68 88 51 65
1 8 17 86 74 30 67
10 37 68 62 57 87 27
39 25 84 73 60 56 44
53 40 32 90 78 36 38
5 57 44 89 65 53 12
16 42 73 52 57 1 73
11 19 82 83 34 37 47
56 29 55 90 78 36 52
37 70 45 11 19 82 63
19 72 3 25 61 30 29
36 85 3 28 79 13 11
10 37 68 42 76 68 39
74 3 35 39 25 84 53
0 6 76 90 78 36 82
65 81 46 52 57 1 51
3 10 57 9 16 67 11
53 40 32 33 2 3 47
81 77 59 1 8 17 80
87 43 8 86 74 30 38
39 25 84 0 6 76 20
35 87 2 58 84 30 28
33 2 3 11 19 82 80
79 36 85 13 69 56 43
56 29 55 53 40 32 25
75 79 68 87 43 8 69
72 24 39 36 85 3 70
33 2 3 90 78 36 82
69 68 71 45 6 87 64
22 36 74 10 37 68 6
27 5 54 43 11 46 10
79 36 85 82 42 15 70
89 65 53 35 87 2 55
0 6 76 17 4 40 36
24 8 5 69 68 71 89
74 3 35 84 80 52 78
35 87 2 37 70 45 46
48 36 9 36 85 3 49
89 65 53 83 34 37 34
13 69 56 1 8 17 72
63 51 62 68 88 51 38
75 79 68 7 80 81 13
83 34 37 42 76 68 52
17 4 40 20 4 12 28
53 40 32 40 58 73 44
81 77 59 58 84 30 29
15 59 85 32 76 37 50
18 39 19 37 70 45 40
65 81 46 19 72 3 43
89 65 53 81 77 59 13
72 24 39 70 26 29 10
1 8 17 60 23 84 68
51 12 53 17 4 40 15
50 29 21 19 72 3 46
41 84 42 0 6 76 85
31 86 20 50 29 21 57
43 11 46 15 59 85 61
25 61 30 74 3 35 58
58 84 30 63 51 62 45
57 37 43 55 73 32 37
79 36 85 57 37 43 42
86 74 30 53 40 32 34
54 41 9 19 72 3 31
70 26 29 54 41 9 25
69 68 71 10 37 68 31
73 60 56 49 49 33 25
8 17 87 52 57 1 94
10 37 68 1 8 17 58
51 12 53 89 65 53 53
79 36 85 65 81 46 59
6 68 19 75 79 68 50
67 1 3 38 12 78 75
36 85 3 79 36 85 95
72 24 39 59 72 51 49
17 4 40 53 40 32 36
8 17 87 9 16 67 20
64 22 30 24 8 5 28
58 84 30 53 40 32 44
57 37 43 8 17 87 48
9 16 67 13 69 56 54
67 1 3 47 46 19 47
25 61 30 58 84 30 23
31 86 20 1 8 17 78
75 79 68 73 60 56 22
17 4 40 74 3 35 5
67 1 3 56 29 55 59
24 8 5 66 27 54 52
27 5 54 70 26 29 32
44 46 15 80 27 38 29
54 41 9 81 77 59 61
24 8 5 22 36 74 74
34 54 20 33 2 3 54
64 22 30 67 1 3 34
86 74 30 6 68 19 12
71 10 50 75 79 68 71
25 61 30 8 17 87 72
33 2 3 25 61 30 64
29 65 27 50 29 21 36
88 80 74 36 85 3 71
82 42 15 31 86 20 44
78 57 11 53 40 32 27
54 41 9 85 26 36 30
40 58 73 46 46 61 16
58 84 30 41 84 42 12
87 43 8 69 68 71 67
9 16 67 15 59 85 46
58 84 30 37 70 45 20
64 22 30 80 27 38 9
18 39 19 59 72 51 45
36 85 3 4 33 79 92
53 40 32 85 26 36 14
2 66 17 1 8 17 58
20 4 12 77 0 84 72
44 46 15 60 23 84 72
1 8 17 44 46 15 38
53 40 32 34 54 20 18
64 22 30 47 46 19 26
56 29 55 75 79 68 51
63 51 62 55 73 32 37
56 29 55 76 73 3 68
8 17 87 7 80 81 63
29 65 27 82 42 15 25
70 26 29 42 76 68 63
12 55 23 38 12 78 69
76 73 3 49 49 33 38
56 29 55 5 57 44 30
1 8 17 58 84 30 77
40 58 73 41 84 42 40
18 39 19 45 6 87 75
41 84 42 42 76 68 27
1 8 17 66 27 54 41
53 40 32 21 80 56 46
87 43 8 42 76 68 68
87 43 8 53 40 32 24
19 72 3 6 68 19 16
85 26 36 73 60 56 39
86 74 30 18 39 19 36
48 36 9 9 16 67 61
66 27 54 83 34 37 18
19 72 3 37 70 45 42
8 17 87 88 80 74 64
3 10 57 29 65 27 62
10 37 68 24 8 5 69
54 41 9 84 80 52 58
42 76 68 65 81 46 22
43 11 46 19 72 3 74
12 55 23 17 4 40 53
54 41 9 17 4 40 48
57 37 43 35 87 2 64
28 79 13 6 68 19 12
69 68 71 56 29 55 42
41 84 42 20 4 12 85
33 2 3 31 86 20 85
31 86 20 57 37 43 54
55 73 32 50 29 21 45
75 79 68 8 17 87 64
17 4 40 14 56 50 52
37 70 45 30 80 69 26
85 26 36 61 43 21 22
4 33 79 81 77 59 48
27 5 54 85 26 36 27
65 81 46 61 43 21 45
68 88 51 78 57 11 50
43 11 46 55 73 32 63
57 37 43 40 58 73 36
27 5 54 35 87 2 97
34 54 20 85 26 36 32
84 80 52 67 1 3 92
14 56 50 13 69 56 14
38 12 78 69 68 71 56
18 39 19 46 46 61 42
34 54 20 66 27 54 43
5 57 44 58 84 30 30
16 42 73 84 80 52 43
77 0 84 18 39 19 75
47 46 19 76 73 3 31
15 59 85 76 73 3 83
64 22 30 89 65 53 48
35 87 2 90 78 36 35
52 57 1 37 70 45 45
81 77 59 0 6 76 73
61 43 21 4 33 79 58
83 34 37 38 12 78 46
19 72 3 30 80 69 66
51 12 53 64 22 30 25
81 77 59 72 24 39 56
27 5 54 63 51 62 46
28 79 13 81 77 59 46
48 36 9 64 22 30 25
62 57 87 58 84 30 63
18 39 19 66 27 54 37
63 51 62 86 74 30 39
51 12 53 8 17 87 34
50 29 21 64 22 30 11
82 42 15 30 80 69 66
79 36 85 46 46 61 26
20 4 12 32 76 37 76
55 73 32 59 72 51 19
12 55 23 72 24 39 34
31 86 20 74 3 35 84
54 41 9 34 54 20 17
9 16 67 38 12 78 11
12 55 23 15 59 85 62
78 57 11 5 57 44 33
24 8 5 48 36 9 28
67 1 3 25 61 30 65
18 39 19 30 80 69 64
44 46 15 31 86 20 40
40 58 73 30 80 69 22
85 26 36 48 36 9 28
89 65 53 31 86 20 39
28 79 13 33 2 3 77
75 79 68 47 46 19 59
4 33 79 88 80 74 47
19 72 3 18 39 19 36
17 4 40 30 80 69 81
66 27 54 54 41 9 47
69 68 71 14 56 50 24
31 86 20 72 24 39 64
27 5 54 81 77 59 72
2 66 17 65 81 46 32
54 41 9 42 76 68 68
34 54 20 39 25 84 70
59 72 51 61 43 21 41
19 72 3 89 65 53 50
70 26 29 67 1 3 36
63 51 62 74 3 35 55
38 12 78 87 43 8 76
6 68 19 46 46 61 47
32 76 37 73 60 56 24
61 43 21 8 17 87 70
69 68 71 65 81 46 28
82 42 15 13 69 56 49
23 29 29 19 72 3 50
88 80 74 9 16 67 64
89 65 53 58 84 30 29
19 72 3 15 59 85 83
76 73 3 48 36 9 37
43 11 46 2 66 17 62
29 65 27 64 22 30 43
3 10 57 31 86 20 84
3 10 57 66 27 54 17
1 8 17 41 84 42 80
66 27 54 71 10 50 17
4 33 79 41 84 42 63
68 88 51 70 26 29 65
19 72 3 39 25 84 93
32 76 37 30 80 69 32
72 24 39 10 37 68 31
50 29 21 35 87 2 61
7 80 81 76 73 3 78
59 72 51 34 54 20 35
32 76 37 36 85 3 35
79 36 85 14 56 50 40
43 11 46 80 27 38 17
90 78 36 70 26 29 52
65 81 46 34 54 20 37
5 57 44 81 77 59 25
88 80 74 57 37 43 53
39 25 84 81 77 59 57
34 54 20 42 76 68 52
2 66 17 83 34 37 37
13 69 56 6 68 19 37
4 33 79 75 79 68 47
53 40 32 51 12 53 35
87 43 8 26 58 47 41
30 80 69 1 8 17 88
90 78 36 45 6 87 88
9 16 67 60 23 84 18
20 4 12 2 66 17 62
23 29 29 82 42 15 19
79 36 85 2 66 17 74
0 6 76 50 29 21 59
26 58 47 0 6 76 59
52 57 1 23 29 29 39
51 12 53 48 36 9 50
16 42 73 22 36 74 6
36 85 3 66 27 54 77
55 73 32 3 10 57 67
66 27 54 12 55 23 41
34 54 20 62 57 87 67
84 80 52 66 27 54 53
8 17 87 65 81 46 76
60 23 84 70 26 29 55
4 33 79 17 4 40 48
65 81 46 50 29 21 57
58 84 30 11 19 82 83
64 22 30 22 36 74 46
33 2 3 74 3 35 32
73 60 56 17 4 40 58
80 27 38 8 17 87 50
61 43 21 32 76 37 36
82 42 15 10 37 68 53
30 80 69 8 17 87 65
63 51 62 64 22 30 43
61 43 21 17 4 40 43
73 60 56 50 29 21 46
36 85 3 53 40 32 53
2 66 17 36 85 3 23
59 72 51 63 51 62 23
14 56 50 90 78 36 26
54 41 9 61 43 21 12
84 80 52 30 80 69 17
25 61 30 24 8 5 58
28 79 13 30 80 69 56
63 51 62 13 69 56 18
45 6 87 61 43 21 75
45 6 87 2 66 17 92
90 78 36 65 81 46 10
40 58 73 90 78 36 42
0 6 76 55 73 32 80
57 37 43 64 22 30 19
55 73 32 31 86 20 17
76 73 3 39 25 84 94
69 68 71 28 79 13 59
32 76 37 12 55 23 25
55 73 32 34 54 20 22
57 37 43 76 73 3 53
29 65 27 35 87 2 33
6 68 19 54 41 9 28
81 77 59 78 57 11 52
45 6 87 64 22 30 59
90 78 36 55 73 32 6
21 80 56 70 26 29 60
31 86 20 43 11 46 79
59 72 51 17 4 40 68
60 23 84 66 27 54 30
32 76 37 79 36 85 62
64 22 30 19 72 3 56
8 17 87 36 85 3 108
5 57 44 22 36 74 36
44 46 15 23 29 29 22
27 5 54 62 57 87 61
8 17 87 67 1 3 85
72 24 39 88 80 74 66
40 58 73 36 85 3 75
15 59 85 79 36 85 23
52 57 1 75 79 68 70
84 80 52 38 12 78 72
21 80 56 71 10 50 70
21 80 56 81 77 59 4
90 78 36 27 5 54 75
41 84 42 57 37 43 47
61 43 21 13 69 56 43
3 10 57 38 12 78 21
50 29 21 79 36 85 64
53 40 32 47 46 19 14
3 10 57 83 34 37 31
24 8 5 19 72 3 64
59 72 51 19 72 3 48
65 81 46 76 73 3 43
8 17 87 89 65 53 58
51 12 53 65 81 46 69
50 29 21 5 57 44 36
61 43 21 1 8 17 35
75 79 68 23 29 29 63
82 42 15 43 11 46 43
19 72 3 13 69 56 53
23 29 29 48 36 9 21
83 34 37 43 11 46 24
1 8 17 71 10 50 33
45 6 87 56 29 55 39
74 3 35 35 87 2 90
45 6 87 35 87 2 117
73 60 56 58 84 30 35
79 36 85 56 29 55 30
86 74 30 37 70 45 15
49 49 33 9 16 67 47
40 58 73 52 57 1 72
44 46 15 69 68 71 60
55 73 32 85 26 36 47
63 51 62 53 40 32 31
8 17 87 43 11 46 41
33 2 3 63 51 62 76
53 40 32 31 86 20 47
26 58 47 12 55 23 24
72 24 39 90 78 36 54
51 12 53 3 10 57 4
44 46 15 73 60 56 43
84 80 52 73 60 56 20
27 5 54 45 6 87 33
89 65 53 70 26 29 45
9 16 67 89 65 53 50
13 69 56 12 55 23 35
19 72 3 85 26 36 56
43 11 46 79 36 85 46
90 78 36 66 27 54 54
77 0 84 28 79 13 106
44 46 15 11 19 82 72
33 2 3 7 80 81 110
49 49 33 26 58 47 16
5 57 44 42 76 68 30
7 80 81 4 33 79 47
76 73 3 24 8 5 65
30 80 69 41 84 42 27
12 55 23 84 80 52 38
18 39 19 9 16 67 53
8 17 87 26 58 47 57
74 3 35 83 34 37 31
21 80 56 89 65 53 15
49 49 33 52 57 1 32
32 76 37 89 65 53 19
46 46 61 76 73 3 63
80 27 38 48 36 9 30
71 10 50 37 70 45 60
57 37 43 49 49 33 15
16 42 73 35 87 2 84
58 84 30 44 46 15 40
52 57 1 6 68 19 21
1 8 17 67 1 3 15
38 12 78 53 40 32 53
36 85 3 42 76 68 65
64 22 30 52 57 1 45
11 19 82 29 65 27 71
56 29 55 25 61 30 40
47 46 19 36 85 3 42
49 49 33 51 12 53 42
90 78 36 19 72 3 33
48 36 9 18 39 19 10
74 3 35 70 26 29 23
68 88 51 21 80 56 9
87 43 8 85 26 36 32
69 68 71 71 10 50 61
71 10 50 9 16 67 18
44 46 15 17 4 40 48
60 23 84 84 80 52 65
29 65 27 47 46 19 20
45 6 87 49 49 33 69
14 56 50 4 33 79 37
61 43 21 28 79 13 36
0 6 76 47 46 19 69
13 69 56 2 66 17 39
45 6 87 65 81 46 85
24 8 5 49 49 33 49
88 80 74 59 72 51 24
66 27 54 20 4 12 47
66 27 54 61 43 21 36
19 72 3 20 4 12 68
81 77 59 86 74 30 29
80 27 38 41 84 42 57
27 5 54 37 70 45 65
36 85 3 58 84 30 27
61 43 21 29 65 27 22
77 0 84 17 4 40 44
1 8 17 27 5 54 37
54 41 9 27 5 54 57
68 88 51 84 80 52 8
61 43 21 42 76 68 57
18 39 19 40 58 73 57
78 57 11 43 11 46 57
43 11 46 85 26 36 18
64 22 30 26 58 47 39
76 73 3 33 2 3 71
37 70 45 83 34 37 36
59 72 51 42 76 68 17
46 46 61 39 25 84 31
90 78 36 23 29 29 49
20 4 12 65 81 46 84
31 86 20 59 72 51 34
25 61 30 5 57 44 14
39 25 84 40 58 73 34
48 36 9 49 49 33 27
58 84 30 68 88 51 21
31 86 20 29 65 27 22
43 11 46 52 57 1 64
19 72 3 9 16 67 85
35 87 2 88 80 74 72
81 77 59 73 60 56 17
39 25 84 47 46 19 68
13 69 56 90 78 36 21
87 43 8 5 57 44 38
8 17 87 42 76 68 61
6 68 19 49 49 33 23
9 16 67 52 57 1 77
53 40 32 57 37 43 11
35 87 2 82 42 15 46
48 36 9 47 46 19 14
20 4 12 88 80 74 98
60 23 84 68 88 51 72
81 77 59 36 85 3 56
5 57 44 80 27 38 30
20 4 12 71 10 50 38
60 23 84 31 86 20 89
79 36 85 37 70 45 52
24 8 5 2 66 17 59
45 6 87 87 43 8 87
52 57 1 44 46 15 17
49 49 33 1 8 17 44
5 57 44 14 56 50 6
10 37 68 80 27 38 31
15 59 85 36 85 3 86
88 80 74 54 41 9 75