90 4005
24 30 11 55 7 26 27
40 52 38 61 26 5 42
42 16 82 16 5 46 37
25 61 87 19 73 19 69
21 11 89 34 51 81 40
28 65 20 66 79 35 20
32 48 38 16 5 46 43
54 89 89 53 8 36 96
11 0 39 5 6 1 38
83 25 29 32 48 38 24
21 11 89 83 25 29 61
51 81 82 59 54 24 63
4 56 31 5 6 1 58
74 44 53 4 56 31 25
39 30 33 47 55 28 25
77 58 48 34 51 81 33
36 84 72 45 0 40 89
69 69 5 35 74 0 7
77 58 48 32 48 38 14
66 79 35 68 83 37 4
67 81 11 33 77 57 46
74 44 53 77 58 48 14
65 38 9 14 57 37 33
58 30 32 69 69 5 47
7 84 6 89 33 37 59
18 11 78 46 51 69 41
1 28 54 31 62 19 48
81 75 51 36 84 72 22
84 69 26 78 53 35 18
35 74 0 88 65 35 36
41 40 74 23 67 56 32
18 11 78 63 4 1 77
74 44 53 12 49 82 29
46 51 69 36 84 72 33
88 65 35 22 38 43 28
37 51 18 16 5 46 53
83 25 29 7 84 6 63
54 89 89 9 29 60 66
41 40 74 45 0 40 52
10 30 65 35 74 0 78
9 29 60 67 81 11 71
82 9 32 55 7 26 6
88 65 35 21 11 89 76
86 19 54 15 61 16 56
69 69 5 46 51 69 66
40 52 38 78 53 35 3
81 75 51 87 83 9 42
40 52 38 12 49 82 44
13 13 18 66 79 35 68
33 77 57 28 65 20 38
39 30 33 37 51 18 25
39 30 33 6 17 30 13
68 83 37 74 44 53 42
19 73 19 86 19 54 64
71 64 88 15 61 16 72
52 5 15 4 56 31 53
4 56 31 76 26 56 39
19 73 19 23 67 56 37
38 31 86 80 37 82 7
24 30 11 49 16 87 77
62 88 53 15 61 16 45
60 88 13 67 81 11 7
62 88 53 16 5 46 83
42 16 82 86 19 54 28
8 72 43 32 48 38 24
64 83 79 79 25 70 58
48 49 24 61 26 5 29
49 16 87 28 65 20 83
68 83 37 80 37 82 64
15 61 16 76 26 56 53
19 73 19 17 0 9 73
31 62 19 6 17 30 46
40 52 38 28 65 20 22
43 79 89 4 56 31 62
13 13 18 34 51 81 73
3 21 50 70 22 50 1
72 42 29 62 88 53 51
49 16 87 79 25 70 19
29 32 46 34 51 81 39
23 67 56 2 75 89 33
53 8 36 3 21 50 19
32 48 38 28 65 20 24
52 5 15 20 0 64 49
66 79 35 45 0 40 79
65 38 9 27 12 49 47
20 0 64 75 87 40 90
8 72 43 3 21 50 51
39 30 33 9 29 60 27
7 84 6 29 32 46 65
76 26 56 54 89 89 71
87 83 9 51 81 82 73
78 53 35 14 57 37 4
5 6 1 64 83 79 109
36 84 72 38 31 86 54
21 11 89 82 9 32 57
9 29 60 3 21 50 12
42 16 82 60 88 13 99
27 12 49 41 40 74 37
21 11 89 53 8 36 53
30 50 43 86 19 54 32
27 12 49 64 83 79 77
83 25 29 14 57 37 32
73 19 38 3 21 50 12
46 51 69 83 25 29 47
27 12 49 79 25 70 24
50 20 34 45 0 40 20
56 0 57 42 16 82 29
41 40 74 36 84 72 44
72 42 29 33 77 57 44
85 34 76 61 26 5 71
78 53 35 69 69 5 34
48 49 24 8 72 43 29
19 73 19 31 62 19 11
75 87 40 55 7 26 81
85 34 76 76 26 56 21
59 54 24 8 72 43 26
27 12 49 40 52 38 41
58 30 32 50 20 34 10
19 73 19 32 48 38 31
5 6 1 74 44 53 64
35 74 0 81 75 51 51
3 21 50 36 84 72 66
56 0 57 63 4 1 56
50 20 34 80 37 82 50
26 62 75 51 81 82 20
30 50 43 16 5 46 45
67 81 11 17 0 9 81
87 83 9 67 81 11 2
29 32 46 41 40 74 29
56 0 57 71 64 88 71
18 11 78 83 25 29 50
85 34 76 58 30 32 44
38 31 86 72 42 29 58
26 62 75 25 61 87 12
59 54 24 41 40 74 51
4 56 31 77 58 48 17
43 79 89 75 87 40 49
51 81 82 28 65 20 64
52 5 15 68 83 37 81
61 26 5 30 50 43 44
41 40 74 84 69 26 56
35 74 0 86 19 54 77
35 74 0 2 75 89 89
53 8 36 20 0 64 29
78 53 35 39 30 33 23
30 50 43 42 16 82 51
83 25 29 82 9 32 16
35 74 0 80 37 82 89
33 77 57 44 16 89 68
14 57 37 49 16 87 64
22 38 43 27 12 49 26
82 9 32 46 51 69 55
51 81 82 78 53 35 54
69 69 5 20 0 64 90
6 17 30 7 84 6 71
9 29 60 41 40 74 17
75 87 40 47 55 28 34
11 0 39 79 25 70 39
59 54 24 81 75 51 34
26 62 75 48 49 24 52
66 79 35 0 30 34 49
34 51 81 6 17 30 61
68 83 37 30 50 43 33
3 21 50 18 11 78 29
43 79 89 10 30 65 54
88 65 35 53 8 36 57
3 21 50 15 61 16 52
23 67 56 31 62 19 37
11 0 39 6 17 30 19
33 77 57 7 84 6 51
36 84 72 75 87 40 32
73 19 38 0 30 34 11
11 0 39 58 30 32 30
54 89 89 7 84 6 83
48 49 24 32 48 38 14
23 67 56 78 53 35 25
36 84 72 56 0 57 85
4 56 31 45 0 40 56
6 17 30 2 75 89 82
71 64 88 43 79 89 15
0 30 34 10 30 65 31
8 72 43 39 30 33 43
51 81 82 53 8 36 86
1 28 54 39 30 33 21
30 50 43 34 51 81 38
32 48 38 61 26 5 39
87 83 9 22 38 43 56
70 22 50 9 29 60 12
70 22 50 53 8 36 19
17 0 9 47 55 28 58
86 19 54 39 30 33 23
87 83 9 32 48 38 45
37 51 18 18 11 78 72
48 49 24 27 12 49 44
28 65 20 70 22 50 52
7 84 6 69 69 5 15
63 4 1 53 8 36 35
66 79 35 24 30 11 54
35 74 0 36 84 72 72
37 51 18 38 31 86 70
51 81 82 83 25 29 77
42 16 82 67 81 11 96
49 16 87 70 22 50 37
22 38 43 19 73 19 42
24 30 11 82 9 32 29
24 30 11 52 5 15 25
62 88 53 20 0 64 88
74 44 53 89 33 37 19
10 30 65 13 13 18 49
34 51 81 51 81 82 30
81 75 51 39 30 33 48
72 42 29 22 38 43 14
45 0 40 8 72 43 72
15 61 16 40 52 38 23
2 75 89 16 5 46 82
69 69 5 48 49 24 27
72 42 29 3 21 50 29
4 56 31 19 73 19 20
13 13 18 55 7 26 10
66 79 35 22 38 43 41
82 9 32 32 48 38 39
12 49 82 14 57 37 45
36 84 72 87 83 9 63
35 74 0 21 11 89 109
26 62 75 88 65 35 40
52 5 15 59 54 24 49
82 9 32 77 58 48 51
89 33 37 16 5 46 29
76 26 56 6 17 30 27
67 81 11 0 30 34 55
62 88 53 19 73 19 37
84 69 26 0 30 34 39
21 11 89 39 30 33 59
9 29 60 52 5 15 51
0 30 34 26 62 75 52
77 58 48 52 5 15 62
30 50 43 1 28 54 24
42 16 82 50 20 34 48
62 88 53 30 50 43 39
23 67 56 63 4 1 83
9 29 60 28 65 20 53
38 31 86 79 25 70 17
40 52 38 72 42 29 13
62 88 53 53 8 36 81
36 84 72 60 88 13 59
24 30 11 50 20 34 25
28 65 20 38 31 86 74
58 30 32 61 26 5 27
33 77 57 45 0 40 78
32 48 38 88 65 35 17
45 0 40 3 21 50 23
42 16 82 2 75 89 59
51 81 82 48 49 24 66
71 64 88 74 44 53 40
57 0 61 79 25 70 26
8 72 43 72 42 29 33
15 61 16 23 67 56 40
25 61 87 58 30 32 63
0 30 34 28 65 20 37
67 81 11 12 49 82 77
9 29 60 5 6 1 63
25 61 87 34 51 81 11
22 38 43 16 5 46 33
34 51 81 49 16 87 35
22 38 43 89 33 37 7
52 5 15 79 25 70 58
73 19 38 62 88 53 70
36 84 72 2 75 89 19
17 0 9 53 8 36 28
44 16 89 10 30 65 27
21 11 89 11 0 39 51
46 51 69 89 33 37 36
52 5 15 55 7 26 11
19 73 19 65 38 9 36
83 25 29 52 5 15 24
35 74 0 46 51 69 72
49 16 87 6 17 30 57
14 57 37 41 40 74 40
78 53 35 61 26 5 40
70 22 50 18 11 78 30
86 19 54 34 51 81 41
27 12 49 84 69 26 61
42 16 82 13 13 18 64
73 19 38 79 25 70 32
49 16 87 8 72 43 71
64 83 79 45 0 40 91
69 69 5 44 16 89 99
30 50 43 0 30 34 21
58 30 32 79 25 70 38
11 0 39 1 28 54 31
29 32 46 57 0 61 35
12 49 82 2 75 89 26
60 88 13 19 73 19 16
29 32 46 13 13 18 33
62 88 53 8 72 43 18
57 0 61 9 29 60 29
59 54 24 83 25 29 29
55 7 26 87 83 9 77
22 38 43 11 0 39 38
0 30 34 80 37 82 48
75 87 40 23 67 56 25
3 21 50 24 30 11 40
67 81 11 69 69 5 13
5 6 1 31 62 19 58
48 49 24 43 79 89 71
4 56 31 7 84 6 37
6 17 30 9 29 60 32
18 11 78 6 17 30 48
53 8 36 6 17 30 10
3 21 50 64 83 79 68
33 77 57 78 53 35 32
23 67 56 69 69 5 51
12 49 82 33 77 57 37
4 56 31 41 40 74 45
1 28 54 36 84 72 58
62 88 53 14 57 37 34
47 55 28 58 30 32 25
76 26 56 41 40 74 22
16 5 46 29 32 46 27
74 44 53 66 79 35 39
15 61 16 41 40 74 61
21 11 89 72 42 29 67
51 81 82 29 32 46 60
31 62 19 60 88 13 26
75 87 40 11 0 39 87
81 75 51 12 49 82 40
75 87 40 60 88 13 27
68 83 37 5 6 1 85
18 11 78 79 25 70 16
18 11 78 27 12 49 29
79 25 70 34 51 81 28
7 84 6 39 30 33 60
84 69 26 42 16 82 77
58 30 32 10 30 65 33
41 40 74 34 51 81 13
66 79 35 56 0 57 82
48 49 24 36 84 72 59
18 11 78 34 51 81 40
57 0 61 6 17 30 35
39 30 33 54 89 89 81
7 84 6 84 69 26 25
25 61 87 9 29 60 41
16 5 46 26 62 75 63
64 83 79 80 37 82 46
64 83 79 72 42 29 64
76 26 56 42 16 82 27
73 19 38 83 25 29 10
82 9 32 51 81 82 87
71 64 88 53 8 36 76
19 73 19 27 12 49 67
11 0 39 89 33 37 33
21 11 89 38 31 86 20
49 16 87 77 58 48 57
39 30 33 42 16 82 50
18 11 78 20 0 64 17
16 5 46 61 26 5 46
3 21 50 86 19 54 4
21 11 89 70 22 50 40
28 65 20 62 88 53 40
44 16 89 83 25 29 60
12 49 82 46 51 69 13
23 67 56 13 13 18 66
63 4 1 29 32 46 53
6 17 30 56 0 57 31
24 30 11 62 88 53 71
35 74 0 24 30 11 45
2 75 89 72 42 29 68
77 58 48 43 79 89 46
45 0 40 14 57 37 57
59 54 24 67 81 11 29
74 44 53 48 49 24 29
12 49 82 69 69 5 79
50 20 34 77 58 48 40
5 6 1 40 52 38 59
9 29 60 8 72 43 46
29 32 46 59 54 24 31
2 75 89 52 5 15 101
40 52 38 63 4 1 60
23 67 56 8 72 43 13
56 0 57 51 81 82 84
30 50 43 66 79 35 30
27 12 49 47 55 28 47
7 84 6 77 58 48 49
4 56 31 87 83 9 34
12 49 82 55 7 26 70
12 49 82 7 84 6 83
54 89 89 36 84 72 17
48 49 24 59 54 24 5
47 55 28 34 51 81 53
11 0 39 0 30 34 30
6 17 30 86 19 54 24
64 83 79 84 69 26 54
70 22 50 79 25 70 20
62 88 53 45 0 40 88
79 25 70 62 88 53 65
1 28 54 10 30 65 11
88 65 35 76 26 56 44
54 89 89 83 25 29 87
41 40 74 18 11 78 29
37 51 18 43 79 89 76
29 32 46 87 83 9 63
87 83 9 9 29 60 74
45 0 40 25 61 87 77
58 30 32 76 26 56 24
67 81 11 70 22 50 70
15 61 16 63 4 1 58
69 69 5 83 25 29 50
80 37 82 29 32 46 36
70 22 50 52 5 15 38
2 75 89 68 83 37 52
33 77 57 29 32 46 46
36 84 72 82 9 32 85
30 50 43 23 67 56 21
48 49 24 24 30 11 23
65 38 9 41 40 74 65
54 89 89 63 4 1 122
33 77 57 81 75 51 6
29 32 46 79 25 70 25
32 48 38 1 28 54 25
75 87 40 80 37 82 65
8 72 43 58 30 32 43
54 89 89 57 0 61 93
77 58 48 75 87 40 30
21 11 89 56 0 57 33
72 42 29 9 29 60 33
19 73 19 20 0 64 85
77 58 48 10 30 65 32
67 81 11 81 75 51 40
21 11 89 55 7 26 63
13 13 18 33 77 57 74
38 31 86 65 38 9 77
78 53 35 19 73 19 25
56 0 57 3 21 50 22
40 52 38 26 62 75 38
12 49 82 75 87 40 56
82 9 32 74 44 53 40
36 84 72 12 49 82 36
86 19 54 23 67 56 48
51 81 82 2 75 89 9
5 6 1 88 65 35 68
66 79 35 8 72 43 10
44 16 89 87 83 9 104
2 75 89 50 20 34 77
37 51 18 75 87 40 42
63 4 1 67 81 11 77
31 62 19 29 32 46 40
84 69 26 82 9 32 60
2 75 89 49 16 87 59
15 61 16 8 72 43 29
44 16 89 67 81 11 101
28 65 20 12 49 82 64
2 75 89 84 69 26 63
69 69 5 60 88 13 20
64 83 79 46 51 69 33
45 0 40 15 61 16 65
6 17 30 46 51 69 51
14 57 37 46 51 69 32
55 7 26 8 72 43 67
66 79 35 21 11 89 86
10 30 65 24 30 11 54
26 62 75 56 0 57 64
33 77 57 88 65 35 25
15 61 16 85 34 76 65
67 81 11 39 30 33 55
19 73 19 76 26 56 59
87 83 9 53 8 36 79
17 0 9 44 16 89 81
34 51 81 65 38 9 73
19 73 19 46 51 69 54
78 53 35 85 34 76 45
24 30 11 69 69 5 39
37 51 18 33 77 57 46
49 16 87 18 11 78 10
70 22 50 59 54 24 41
14 57 37 37 51 18 19
28 65 20 1 28 54 50
87 83 9 50 20 34 67
63 4 1 31 62 19 60
49 16 87 76 26 56 32
55 7 26 0 30 34 24
13 13 18 51 81 82 93
28 65 20 44 16 89 84
19 73 19 44 16 89 90
22 38 43 59 54 24 24
23 67 56 56 0 57 67
18 11 78 19 73 19 85
22 38 43 48 49 24 21
63 4 1 11 0 39 38
80 37 82 47 55 28 56
82 9 32 48 49 24 40
67 81 11 26 62 75 66
1 28 54 62 88 53 60
2 75 89 58 30 32 72
37 51 18 67 81 11 30
12 49 82 85 34 76 16
10 30 65 25 61 87 38
15 61 16 69 69 5 13
16 5 46 79 25 70 31
14 57 37 63 4 1 64
88 65 35 46 51 69 36
0 30 34 1 28 54 20
45 0 40 65 38 9 49
38 31 86 85 34 76 10
26 62 75 81 75 51 27
14 57 37 22 38 43 19
61 26 5 60 88 13 62
60 88 13 65 38 9 50
29 32 46 25 61 87 50
27 12 49 44 16 89 40
59 54 24 7 84 6 34
1 28 54 88 65 35 41
67 81 11 41 40 74 75
55 7 26 39 30 33 24
16 5 46 59 54 24 53
8 72 43 4 56 31 20
29 32 46 42 16 82 39
41 40 74 48 49 24 50
16 5 46 83 25 29 26
22 38 43 30 50 43 12
75 87 40 32 48 38 39
46 51 69 67 81 11 65
84 69 26 47 55 28 14
48 49 24 45 0 40 51
64 83 79 30 50 43 48
1 28 54 51 81 82 59
89 33 37 33 77 57 48
33 77 57 66 79 35 22
3 21 50 61 26 5 45
61 26 5 28 65 20 41
88 65 35 36 84 72 41
86 19 54 26 62 75 47
55 7 26 53 8 36 10
41 40 74 0 30 34 41
87 83 9 60 88 13 6
79 25 70 48 49 24 51
57 0 61 46 51 69 51
49 16 87 5 6 1 86
46 51 69 30 50 43 26
16 5 46 87 83 9 86
49 16 87 66 79 35 81
60 88 13 54 89 89 76
81 75 51 56 0 57 75
88 65 35 58 30 32 35
32 48 38 10 30 65 32
84 69 26 8 72 43 17
49 16 87 59 54 24 73
46 51 69 59 54 24 45
89 33 37 24 30 11 26
20 0 64 35 74 0 97
12 49 82 52 5 15 80
21 11 89 50 20 34 55
20 0 64 36 84 72 84
66 79 35 39 30 33 49
60 88 13 32 48 38 47
47 55 28 44 16 89 72
6 17 30 33 77 57 65
13 13 18 74 44 53 46
85 34 76 87 83 9 83
43 79 89 25 61 87 18
65 38 9 13 13 18 26
9 29 60 51 81 82 56
77 58 48 58 30 32 32
3 21 50 71 64 88 57
75 87 40 54 89 89 49
13 13 18 17 0 9 15
86 19 54 85 34 76 26
58 30 32 31 62 19 34
14 57 37 75 87 40 30
60 88 13 77 58 48 46
4 56 31 9 29 60 39
73 19 38 84 69 26 51
53 8 36 45 0 40 8
54 89 89 6 17 30 93
82 9 32 81 75 51 68
39 30 33 65 38 9 25
72 42 29 69 69 5 36
18 11 78 54 89 89 78
18 11 78 76 26 56 26
83 25 29 4 56 31 31
35 74 0 71 64 88 88
69 69 5 64 83 79 75
2 75 89 67 81 11 78
0 30 34 62 88 53 61
13 13 18 77 58 48 54
65 38 9 85 34 76 67
85 34 76 20 0 64 36
59 54 24 60 88 13 35
47 55 28 13 13 18 43
13 13 18 85 34 76 61
35 74 0 68 83 37 38
62 88 53 87 83 9 44
24 30 11 5 6 1 26
14 57 37 20 0 64 63
58 30 32 59 54 24 25
30 50 43 49 16 87 55
12 49 82 32 48 38 44
65 38 9 61 26 5 12
47 55 28 86 19 54 44
69 69 5 89 33 37 48
12 49 82 72 42 29 53
55 7 26 10 30 65 45
54 89 89 15 61 16 78
45 0 40 20 0 64 24
81 75 51 6 17 30 61
40 52 38 45 0 40 52
39 30 33 60 88 13 61
75 87 40 64 83 79 39
7 84 6 8 72 43 38
38 31 86 73 19 38 49
71 64 88 62 88 53 42
58 30 32 56 0 57 39
60 88 13 10 30 65 77
7 84 6 53 8 36 81
41 40 74 53 8 36 49
25 61 87 78 53 35 52
78 53 35 6 17 30 36
24 30 11 30 50 43 37
13 13 18 76 26 56 40
11 0 39 33 77 57 79
10 30 65 84 69 26 55
45 0 40 58 30 32 31
19 73 19 42 16 82 84
64 83 79 62 88 53 26
87 83 9 78 53 35 39
4 56 31 27 12 49 47
82 9 32 76 26 56 29
11 0 39 31 62 19 65
31 62 19 82 9 32 54
40 52 38 47 55 28 10
7 84 6 86 19 54 80
65 38 9 80 37 82 73
59 54 24 18 11 78 69
31 62 19 24 30 11 32
26 62 75 42 16 82 46
31 62 19 26 62 75 56
34 51 81 55 7 26 70
48 49 24 33 77 57 43
79 25 70 45 0 40 39
88 65 35 40 52 38 13
42 16 82 73 19 38 44
59 54 24 74 44 53 30
48 49 24 78 53 35 11
21 11 89 44 16 89 5
43 79 89 1 28 54 61
78 53 35 42 16 82 59
4 56 31 61 26 5 39
72 42 29 50 20 34 22
10 30 65 45 0 40 39
27 12 49 58 30 32 24
4 56 31 79 25 70 49
72 42 29 31 62 19 22
58 30 32 29 32 46 14
41 40 74 7 84 6 80
87 83 9 59 54 24 32
19 73 19 26 62 75 57
84 69 26 25 61 87 61
12 49 82 54 89 89 40
74 44 53 36 84 72 44
44 16 89 29 32 46 45
17 0 9 22 38 43 50
27 12 49 63 4 1 48
67 81 11 56 0 57 93
78 53 35 76 26 56 34
52 5 15 36 84 72 97
32 48 38 62 88 53 42
82 9 32 62 88 53 81
39 30 33 46 51 69 41
72 42 29 42 16 82 59
58 30 32 5 6 1 39
61 26 5 29 32 46 41
21 11 89 51 81 82 70
81 75 51 16 5 46 70
36 84 72 65 38 9 78
20 0 64 8 72 43 75
12 49 82 82 9 32 64
60 88 13 83 25 29 65
36 84 72 19 73 19 54
70 22 50 31 62 19 50
62 88 53 47 55 28 41
54 89 89 27 12 49 86
36 84 72 29 32 46 58
54 89 89 16 5 46 94
68 83 37 50 20 34 63
78 53 35 58 30 32 23
17 0 9 16 5 46 37
44 16 89 66 79 35 82
64 83 79 87 83 9 70
35 74 0 13 13 18 63
61 26 5 70 22 50 45
72 42 29 6 17 30 25
41 40 74 46 51 69 12
82 9 32 9 29 60 34
21 11 89 84 69 26 85
12 49 82 61 26 5 80
52 5 15 58 30 32 30
75 87 40 6 17 30 70
62 88 53 2 75 89 38
26 62 75 79 25 70 37
78 53 35 49 16 87 63
71 64 88 6 17 30 74
45 0 40 30 50 43 50
86 19 54 16 5 46 16
33 77 57 54 89 89 34
28 65 20 84 69 26 7
60 88 13 20 0 64 101
43 79 89 31 62 19 72
21 11 89 58 30 32 60
14 57 37 25 61 87 50
15 61 16 59 54 24 10
20 0 64 0 30 34 42
9 29 60 21 11 89 34
89 33 37 68 83 37 50
77 58 48 16 5 46 53
32 48 38 17 0 9 56
7 84 6 61 26 5 58
57 0 61 39 30 33 41
87 83 9 70 22 50 73
65 38 9 15 61 16 24
9 29 60 36 84 72 56
14 57 37 9 29 60 36
9 29 60 58 30 32 28
30 50 43 70 22 50 28
49 16 87 85 34 76 21
89 33 37 27 12 49 24
73 19 38 14 57 37 38
86 19 54 53 8 36 21
49 16 87 61 26 5 82
73 19 38 34 51 81 53
71 64 88 10 30 65 41
26 62 75 22 38 43 40
31 62 19 48 49 24 13
37 51 18 2 75 89 74
32 48 38 84 69 26 24
59 54 24 47 55 28 4
3 21 50 4 56 31 39
7 84 6 81 75 51 45
52 5 15 61 26 5 23
21 11 89 81 75 51 74
31 62 19 0 30 34 35
88 65 35 37 51 18 22
32 48 38 21 11 89 63
45 0 40 77 58 48 58
20 0 64 2 75 89 79
23 67 56 14 57 37 21
74 44 53 3 21 50 23
35 74 0 14 57 37 40
35 74 0 45 0 40 84
12 49 82 38 31 86 18
3 21 50 49 16 87 37
35 74 0 85 34 76 85
77 58 48 37 51 18 30
51 81 82 77 58 48 41
22 38 43 53 8 36 30
54 89 89 42 16 82 73
45 0 40 71 64 88 80
65 38 9 24 30 11 8
13 13 18 16 5 46 29
25 61 87 88 65 35 52
68 83 37 15 61 16 30
23 67 56 22 38 43 31
36 84 72 86 19 54 67
11 0 39 35 74 0 83
34 51 81 14 57 37 44
55 7 26 84 69 26 62
55 7 26 59 54 24 47
34 51 81 52 5 15 80
70 22 50 63 4 1 52
86 19 54 58 30 32 24
66 79 35 79 25 70 64
65 38 9 88 65 35 37
83 25 29 33 77 57 59
24 30 11 71 64 88 84
66 79 35 53 8 36 71
67 81 11 45 0 40 86
5 6 1 55 7 26 25
40 52 38 13 13 18 43
42 16 82 24 30 11 72
65 38 9 40 52 38 32
0 30 34 22 38 43 12
80 37 82 18 11 78 26
40 52 38 16 5 46 47
46 51 69 52 5 15 70
8 72 43 56 0 57 73
66 79 35 59 54 24 27
10 30 65 7 84 6 79
53 8 36 14 57 37 49
35 74 0 7 84 6 11
44 16 89 61 26 5 84
27 12 49 29 32 46 20
56 0 57 33 77 57 77
75 87 40 59 54 24 36
79 25 70 0 30 34 36
12 49 82 23 67 56 31
84 69 26 30 50 43 25
53 8 36 81 75 51 68
48 49 24 5 6 1 48
77 58 48 59 54 24 24
78 53 35 83 25 29 28
77 58 48 81 75 51 17
7 84 6 16 5 46 88
77 58 48 8 72 43 14
19 73 19 1 28 54 57
15 61 16 79 25 70 64
59 54 24 44 16 89 75
12 49 82 48 49 24 58
50 20 34 15 61 16 44
53 8 36 32 48 38 40
1 28 54 54 89 89 70
50 20 34 67 81 11 65
18 11 78 11 0 39 40
31 62 19 13 13 18 49
1 28 54 50 20 34 21
9 29 60 15 61 16 54
14 57 37 70 22 50 37
47 55 28 23 67 56 30
73 19 38 31 62 19 47
75 87 40 56 0 57 88
37 51 18 35 74 0 29
21 11 89 10 30 65 30
0 30 34 61 26 5 29
23 67 56 32 48 38 26
35 74 0 57 0 61 95
81 75 51 18 11 78 69
16 5 46 31 62 19 63
16 5 46 50 20 34 19
4 56 31 49 16 87 68
26 62 75 55 7 26 73
26 62 75 54 89 89 30
43 79 89 38 31 86 48
45 0 40 44 16 89 51
40 52 38 79 25 70 41
35 74 0 28 65 20 21
17 0 9 25 61 87 99
27 12 49 62 88 53 76
76 26 56 9 29 60 5
85 34 76 73 19 38 40
55 7 26 74 44 53 45
58 30 32 22 38 43 13
16 5 46 52 5 15 31
36 84 72 6 17 30 79
62 88 53 81 75 51 13
27 12 49 56 0 57 14
84 69 26 24 30 11 41
69 69 5 87 83 9 14
25 61 87 20 0 64 65
37 51 18 6 17 30 36
76 26 56 60 88 13 75
84 69 26 19 73 19 8
18 11 78 87 83 9 99
60 88 13 49 16 87 103
22 38 43 86 19 54 21
38 31 86 56 0 57 42
75 87 40 25 61 87 53
40 52 38 81 75 51 26
75 87 40 39 30 33 57
46 51 69 48 49 24 45
45 0 40 72 42 29 43
49 16 87 13 13 18 69
71 64 88 25 61 87 3
18 11 78 1 28 54 29
43 79 89 6 17 30 85
32 48 38 71 64 88 52
51 81 82 32 48 38 55
54 89 89 14 57 37 61
44 16 89 85 34 76 22
46 51 69 13 13 18 63
27 12 49 13 13 18 31
34 51 81 62 88 53 46
64 83 79 32 48 38 53
57 0 61 23 67 56 67
44 16 89 48 49 24 72
47 55 28 29 32 46 29
46 51 69 80 37 82 19
13 13 18 28 65 20 52
74 44 53 46 51 69 17
53 8 36 46 51 69 54
21 11 89 45 0 40 50
73 19 38 35 74 0 66
15 61 16 29 32 46 41
38 31 86 25 61 87 30
36 84 72 84 69 26 48
89 33 37 88 65 35 32
23 67 56 66 79 35 24
71 64 88 44 16 89 48
68 83 37 19 73 19 20
32 48 38 69 69 5 39
33 77 57 70 22 50 55
17 0 9 57 0 61 52
38 31 86 18 11 78 21
86 19 54 38 31 86 34
58 30 32 28 65 20 37
64 83 79 36 84 72 7
66 79 35 32 48 38 31
47 55 28 72 42 29 13
20 0 64 10 30 65 30
48 49 24 35 74 0 34
54 89 89 4 56 31 66
50 20 34 28 65 20 47
59 54 24 26 62 75 51
19 73 19 57 0 61 84
21 11 89 57 0 61 30
5 6 1 59 54 24 53
16 5 46 0 30 34 27
47 55 28 82 9 32 46
59 54 24 27 12 49 48
17 0 9 37 51 18 51
9 29 60 64 83 79 57
5 6 1 86 19 54 54
25 61 87 22 38 43 49
42 16 82 12 49 82 33
33 77 57 73 19 38 61
37 51 18 7 84 6 35
19 73 19 69 69 5 14
0 30 34 14 57 37 27
30 50 43 85 34 76 36
35 74 0 76 26 56 73
25 61 87 77 58 48 39
73 19 38 57 0 61 29
37 51 18 41 40 74 57
71 64 88 77 58 48 40
20 0 64 39 30 33 43
87 83 9 21 11 89 107
50 20 34 38 31 86 53
57 0 61 87 83 9 97
54 89 89 89 33 37 76
29 32 46 3 21 50 11
64 83 79 48 49 24 64
13 13 18 39 30 33 22
79 25 70 22 38 43 29
65 38 9 81 75 51 55
13 13 18 79 25 70 53
7 84 6 88 65 35 34
23 67 56 62 88 53 21
23 67 56 65 38 9 55
9 29 60 7 84 6 77
73 19 38 53 8 36 11
33 77 57 23 67 56 10
72 42 29 53 8 36 34
12 49 82 16 5 46 56
57 0 61 75 87 40 89
69 69 5 57 0 61 88
6 17 30 3 21 50 20
30 50 43 80 37 82 41
23 67 56 84 69 26 30
73 19 38 24 30 11 29
3 21 50 63 4 1 51
46 51 69 16 5 46 51
78 53 35 44 16 89 65
75 87 40 7 84 6 34
13 13 18 24 30 11 18
27 12 49 2 75 89 74
40 52 38 11 0 39 52
78 53 35 71 64 88 54
35 74 0 61 26 5 48
65 38 9 83 25 29 23
68 83 37 47 55 28 29
53 8 36 89 33 37 25
32 48 38 29 32 46 17
82 9 32 16 5 46 14
39 30 33 82 9 32 21
67 81 11 32 48 38 42
77 58 48 20 0 64 60
14 57 37 66 79 35 22
44 16 89 77 58 48 58
34 51 81 82 9 32 64
49 16 87 81 75 51 69
52 5 15 65 38 9 33
70 22 50 46 51 69 34
82 9 32 50 20 34 11
48 49 24 53 8 36 42
65 38 9 5 6 1 32
75 87 40 3 21 50 66
3 21 50 27 12 49 9
28 65 20 18 11 78 79
33 77 57 57 0 61 77
51 81 82 31 62 19 65
32 48 38 73 19 38 29
12 49 82 20 0 64 52
65 38 9 57 0 61 64
53 8 36 77 58 48 51
15 61 16 70 22 50 51
37 51 18 0 30 34 26
15 61 16 87 83 9 23
26 62 75 33 77 57 23
16 5 46 60 88 13 89
73 19 38 75 87 40 68
28 65 20 11 0 39 67
2 75 89 11 0 39 90
54 89 89 84 69 26 66
78 53 35 20 0 64 60
43 79 89 88 65 35 55
87 83 9 48 49 24 37
76 26 56 39 30 33 23
75 87 40 0 30 34 57
24 30 11 60 88 13 58
31 62 19 59 54 24 9
61 26 5 54 89 89 105
65 38 9 54 89 89 94
70 22 50 5 6 1 51
25 61 87 24 30 11 82
74 44 53 34 51 81 28
37 51 18 71 64 88 71
22 38 43 43 79 89 61
29 32 46 8 72 43 40
11 0 39 62 88 53 89
1 28 54 67 81 11 68
30 50 43 76 26 56 27
17 0 9 23 67 56 81
70 22 50 64 83 79 67
85 34 76 77 58 48 36
50 20 34 69 69 5 56
57 0 61 58 30 32 41
52 5 15 1 28 54 45
53 8 36 33 77 57 72
77 58 48 68 83 37 27
36 84 72 14 57 37 44
14 57 37 38 31 86 55
38 31 86 77 58 48 46
89 33 37 60 88 13 60
13 13 18 83 25 29 16
20 0 64 26 62 75 62
25 61 87 59 54 24 63
10 30 65 52 5 15 55
53 8 36 39 30 33 22
64 83 79 13 13 18 92
64 83 79 6 17 30 82
60 88 13 38 31 86 92
42 16 82 8 72 43 68
22 38 43 44 16 89 50
47 55 28 14 57 37 9
11 0 39 66 79 35 79
10 30 65 61 26 5 60
42 16 82 62 88 53 77
0 30 34 87 83 9 58
21 11 89 71 64 88 53
9 29 60 81 75 51 46
45 0 40 54 89 89 101
4 56 31 71 64 88 57
39 30 33 43 79 89 74
62 88 53 83 25 29 67
60 88 13 78 53 35 41
59 54 24 17 0 9 56
81 75 51 17 0 9 85
33 77 57 58 30 32 53
23 67 56 29 32 46 36
48 49 24 68 83 37 36
80 37 82 22 38 43 39
81 75 51 79 25 70 53
73 19 38 60 88 13 73
65 38 9 55 7 26 35
57 0 61 81 75 51 75
23 67 56 7 84 6 52
75 87 40 17 0 9 92
73 19 38 18 11 78 40
43 79 89 7 84 6 83
18 11 78 2 75 89 64
31 62 19 88 65 35 16
26 62 75 52 5 15 82
3 21 50 79 25 70 20
20 0 64 42 16 82 24
76 26 56 74 44 53 18
8 72 43 13 13 18 64
38 31 86 27 12 49 41
15 61 16 56 0 57 73
37 51 18 68 83 37 37
80 37 82 36 84 72 48
17 0 9 31 62 19 62
67 81 11 86 19 54 75
32 48 38 81 75 51 29
33 77 57 49 16 87 67
63 4 1 9 29 60 64
55 7 26 9 29 60 40
23 67 56 11 0 39 69
37 51 18 34 51 81 63
56 0 57 88 65 35 68
38 31 86 82 9 32 58
18 11 78 14 57 37 61
15 61 16 4 56 31 15
68 83 37 51 81 82 45
45 0 40 11 0 39 1
87 83 9 43 79 89 80
81 75 51 11 0 39 75
1 28 54 68 83 37 57
34 51 81 7 84 6 81
85 34 76 5 6 1 80
28 65 20 29 32 46 42
42 16 82 44 16 89 7
34 51 81 48 49 24 57
3 21 50 35 74 0 72
51 81 82 60 88 13 69
62 88 53 70 22 50 66
32 48 38 68 83 37 35
4 56 31 20 0 64 65
64 83 79 20 0 64 84
5 6 1 6 17 30 31
37 51 18 22 38 43 28
88 65 35 82 9 32 56
47 55 28 55 7 26 48
85 34 76 70 22 50 28
89 33 37 34 51 81 47
17 0 9 1 28 54 53
66 79 35 75 87 40 9
26 62 75 24 30 11 71
62 88 53 31 62 19 42
27 12 49 70 22 50 10
70 22 50 26 62 75 47
25 61 87 56 0 57 67
59 54 24 36 84 72 56
24 30 11 1 28 54 43
12 49 82 8 72 43 45
61 26 5 21 11 89 85
80 37 82 77 58 48 39
64 83 79 28 65 20 61
79 25 70 75 87 40 68
34 51 81 22 38 43 40
42 16 82 0 30 34 50
73 19 38 67 81 11 67
59 54 24 1 28 54 39
69 69 5 84 69 26 21
89 33 37 64 83 79 65
17 0 9 55 7 26 18
73 19 38 2 75 89 75
74 44 53 60 88 13 59
87 83 9 40 52 38 42
8 72 43 28 65 20 24
22 38 43 1 28 54 14
61 26 5 80 37 82 77
53 8 36 49 16 87 51
5 6 1 39 30 33 40
18 11 78 25 61 87 50
34 51 81 87 83 9 78
85 34 76 0 30 34 42
59 54 24 43 79 89 69
15 61 16 61 26 5 36
4 56 31 16 5 46 53
75 87 40 19 73 19 25
35 74 0 16 5 46 82
85 34 76 66 79 35 60
59 54 24 19 73 19 19
67 81 11 15 61 16 20
64 83 79 22 38 43 57
41 40 74 44 16 89 28
74 44 53 19 73 19 44
9 29 60 43 79 89 57
3 21 50 34 51 81 43
62 88 53 25 61 87 43
13 13 18 73 19 38 20
81 75 51 44 16 89 70
16 5 46 27 12 49 7
26 62 75 3 21 50 48
53 8 36 2 75 89 85
48 49 24 73 19 38 33
43 79 89 34 51 81 29
56 0 57 0 30 34 37
37 51 18 5 6 1 48
71 64 88 76 26 56 49
73 19 38 40 52 38 33
52 5 15 73 19 38 26
78 53 35 5 6 1 58
52 5 15 13 13 18 8
22 38 43 39 30 33 12
89 33 37 71 64 88 59
8 72 43 6 17 30 56
34 51 81 72 42 29 52
64 83 79 7 84 6 73
53 8 36 29 32 46 26
31 62 19 71 64 88 69
39 30 33 63 4 1 41
87 83 9 2 75 89 80
55 7 26 44 16 89 63
50 20 34 44 16 89 55
9 29 60 30 50 43 27
53 8 36 30 50 43 42
43 79 89 24 30 11 92
60 88 13 25 61 87 78
39 30 33 64 83 79 70
80 37 82 82 9 32 57
62 88 53 77 58 48 30
36 84 72 34 51 81 34
22 38 43 81 75 51 37
45 0 40 19 73 19 75
88 65 35 44 16 89 72
4 56 31 33 77 57 33
7 84 6 38 31 86 95
52 5 15 51 81 82 101
44 16 89 24 30 11 79
63 4 1 77 58 48 71
70 22 50 0 30 34 17
52 5 15 66 79 35 76
53 8 36 83 25 29 18
9 29 60 83 25 29 31
51 81 82 7 84 6 76
80 37 82 16 5 46 48
82 9 32 41 40 74 52
72 42 29 89 33 37 12
87 83 9 77 58 48 46
40 52 38 9 29 60 31
70 22 50 69 69 5 65
62 88 53 33 77 57 11
32 48 38 37 51 18 20
33 77 57 87 83 9 48
87 83 9 10 30 65 77
31 62 19 37 51 18 11
61 26 5 68 83 37 65
13 13 18 50 20 34 17
42 16 82 46 51 69 37
85 34 76 79 25 70 10
80 37 82 25 61 87 24
39 30 33 77 58 48 31
19 73 19 77 58 48 32
41 40 74 79 25 70 15
63 4 1 19 73 19 71
16 5 46 68 83 37 78
69 69 5 52 5 15 64
12 49 82 5 6 1 91
72 42 29 84 69 26 27
78 53 35 52 5 15 52
61 26 5 89 33 37 32
24 30 11 28 65 20 36
25 61 87 40 52 38 49
64 83 79 57 0 61 84
73 19 38 12 49 82 53
26 62 75 73 19 38 56
51 81 82 3 21 50 68
23 67 56 46 51 69 20
16 5 46 67 81 11 83
27 12 49 76 26 56 15
78 53 35 67 81 11 36
38 31 86 5 6 1 88
63 4 1 57 0 61 60
69 69 5 30 50 43 42
32 48 38 85 34 76 40
70 22 50 48 49 24 37
86 19 54 54 89 89 78
56 0 57 11 0 39 18
38 31 86 10 30 65 21
38 31 86 87 83 9 92
12 49 82 53 8 36 61
86 19 54 75 87 40 69
79 25 70 20 0 64 25
2 75 89 56 0 57 81
57 0 61 74 44 53 44
56 0 57 22 38 43 40
39 30 33 48 49 24 21
46 51 69 45 0 40 58
57 0 61 82 9 32 30
29 32 46 88 65 35 34
10 30 65 16 5 46 31
17 0 9 26 62 75 90
73 19 38 78 53 35 34
0 30 34 35 74 0 55
6 17 30 4 56 31 39
45 0 40 27 12 49 15
20 0 64 49 16 87 28
18 11 78 8 72 43 70
29 32 46 73 19 38 15
57 0 61 62 88 53 88
55 7 26 11 0 39 14
30 50 43 26 62 75 34
84 69 26 80 37 82 64
50 20 34 65 38 9 30
26 62 75 62 88 53 34
45 0 40 9 29 60 35
51 81 82 49 16 87 65
3 21 50 57 0 61 23
53 8 36 9 29 60 31
65 38 9 86 19 54 48
68 83 37 62 88 53 16
53 8 36 11 0 39 8
67 81 11 84 69 26 19
20 0 64 17 0 9 55
59 54 24 13 13 18 41
88 65 35 86 19 54 49
8 72 43 25 61 87 45
30 50 43 78 53 35 8
80 37 82 44 16 89 22
0 30 34 50 20 34 10
1 28 54 3 21 50 8
25 61 87 12 49 82 13
72 42 29 56 0 57 50
40 52 38 39 30 33 22
59 54 24 85 34 76 55
74 44 53 88 65 35 27
0 30 34 18 11 78 47
53 8 36 59 54 24 47
88 65 35 39 30 33 35
37 51 18 10 30 65 51
33 77 57 76 26 56 51
3 21 50 2 75 89 66
19 73 19 37 51 18 22
22 38 43 41 40 74 31
39 30 33 62 88 53 61
74 44 53 29 32 46 13
63 4 1 80 37 82 87
55 7 26 7 84 6 79
83 25 29 79 25 70 41
24 30 11 83 25 29 18
72 42 29 46 51 69 41
84 69 26 57 0 61 77
3 21 50 40 52 38 33
56 0 57 37 51 18 64
62 88 53 22 38 43 50
68 83 37 83 25 29 58
44 16 89 1 28 54 37
15 61 16 75 87 40 35
44 16 89 30 50 43 57
8 72 43 34 51 81 43
28 65 20 57 0 61 76
63 4 1 83 25 29 35
49 16 87 75 87 40 85
78 53 35 12 49 82 47
49 16 87 83 25 29 58
87 83 9 75 87 40 31
47 55 28 69 69 5 26
36 84 72 37 51 18 63
24 30 11 76 26 56 45
71 64 88 64 83 79 21
1 28 54 77 58 48 30
82 9 32 54 89 89 98
12 49 82 39 30 33 52
8 72 43 50 20 34 52
65 38 9 10 30 65 56
62 88 53 36 84 72 19
12 49 82 47 55 28 54
8 72 43 21 11 89 76
15 61 16 5 6 1 57
89 33 37 6 17 30 17
14 57 37 57 0 61 61
49 16 87 31 62 19 82
69 69 5 38 31 86 89
72 42 29 48 49 24 8
50 20 34 75 87 40 67
89 33 37 32 48 38 15
1 28 54 20 0 64 29
78 53 35 81 75 51 27
77 58 48 23 67 56 12
30 50 43 17 0 9 60
33 77 57 17 0 9 90
9 29 60 65 38 9 51
15 61 16 18 11 78 79
37 51 18 40 52 38 20
6 17 30 84 69 26 52
73 19 38 54 89 89 86
46 51 69 81 75 51 30
60 88 13 27 12 49 84
70 22 50 82 9 32 22
55 7 26 63 4 1 25
56 0 57 82 9 32 26
76 26 56 0 30 34 22
10 30 65 81 75 51 47
20 0 64 24 30 11 60
36 84 72 28 65 20 55
47 55 28 18 11 78 66
32 48 38 20 0 64 54
2 75 89 40 52 38 55
60 88 13 21 11 89 108
77 58 48 11 0 39 58
77 58 48 86 19 54 39
32 48 38 47 55 28 12
72 42 29 17 0 9 46
13 13 18 18 11 78 60
57 0 61 55 7 26 35
57 0 61 15 61 16 75
88 65 35 70 22 50 45
61 26 5 66 79 35 60
54 89 89 46 51 69 42
78 53 35 70 22 50 34
72 42 29 37 51 18 14
87 83 9 74 44 53 58
16 5 46 9 29 60 27
71 64 88 86 19 54 56
33 77 57 82 9 32 72
79 25 70 28 65 20 64
31 62 19 9 29 60 52
51 81 82 63 4 1 111
11 0 39 49 16 87 50
16 5 46 64 83 79 84
18 11 78 77 58 48 55
83 25 29 48 49 24 24
1 28 54 73 19 38 18
78 53 35 68 83 37 30
35 74 0 89 33 37 55
65 38 9 18 11 78 74
82 9 32 65 38 9 37
71 64 88 80 37 82 27
12 49 82 29 32 46 39
77 58 48 89 33 37 27
71 64 88 23 67 56 32
60 88 13 5 6 1 82
16 5 46 5 6 1 45
12 49 82 84 69 26 59
56 0 57 84 69 26 75
13 13 18 82 9 32 14
1 28 54 84 69 26 49
35 74 0 77 58 48 50
51 81 82 58 30 32 71
52 5 15 49 16 87 72
59 54 24 68 83 37 31
48 49 24 9 29 60 41
77 58 48 66 79 35 24
60 88 13 57 0 61 100
20 0 64 66 79 35 84
22 38 43 49 16 87 49
61 26 5 26 62 75 78
54 89 89 8 72 43 49
86 19 54 72 42 29 33
10 30 65 36 84 72 54
72 42 29 83 25 29 17
47 55 28 77 58 48 20
21 11 89 76 26 56 36
26 62 75 74 44 53 28
34 51 81 85 34 76 17
29 32 46 62 88 53 56
76 26 56 44 16 89 34
68 83 37 85 34 76 62
80 37 82 32 48 38 45
27 12 49 77 58 48 46
34 51 81 17 0 9 88
22 38 43 33 77 57 41
88 65 35 79 25 70 53
22 38 43 54 89 89 68
20 0 64 88 65 35 71
57 0 61 48 49 24 61
89 33 37 51 81 82 65
14 57 37 55 7 26 51
30 50 43 11 0 39 50
46 51 69 22 38 43 29
30 50 43 32 48 38 5
22 38 43 36 84 72 54
32 48 38 38 31 86 50
86 19 54 44 16 89 35
21 11 89 7 84 6 110
70 22 50 74 44 53 22
21 11 89 65 38 9 84
15 61 16 64 83 79 66
54 89 89 69 69 5 86
53 8 36 57 0 61 26
89 33 37 67 81 11 54
13 13 18 36 84 72 89
86 19 54 31 62 19 55
57 0 61 70 22 50 24
12 49 82 26 62 75 14
66 79 35 4 56 31 23
75 87 40 58 30 32 57
68 83 37 12 49 82 56
71 64 88 33 77 57 33
84 69 26 48 49 24 20
8 72 43 61 26 5 59
70 22 50 11 0 39 24
18 11 78 36 84 72 73
35 74 0 52 5 15 70
3 21 50 21 11 89 40
29 32 46 70 22 50 10
73 19 38 81 75 51 57
26 62 75 32 48 38 39
71 64 88 47 55 28 60
43 79 89 49 16 87 63
44 16 89 0 30 34 56
49 16 87 7 84 6 105
72 42 29 71 64 88 62
45 0 40 73 19 38 19
1 28 54 38 31 86 32
15 61 16 43 79 89 75
33 77 57 27 12 49 65
85 34 76 6 17 30 49
78 53 35 53 8 36 45
58 30 32 63 4 1 40
51 81 82 80 37 82 44
82 9 32 49 16 87 55
63 4 1 24 30 11 27
38 31 86 88 65 35 61
11 0 39 54 89 89 102
73 19 38 9 29 60 24
25 61 87 66 79 35 55
72 42 29 59 54 24 13
25 61 87 50 20 34 67
52 5 15 22 38 43 43
11 0 39 10 30 65 39
6 17 30 23 67 56 56
67 81 11 5 6 1 75
62 88 53 58 30 32 61
62 88 53 5 6 1 97
45 0 40 86 19 54 23
26 62 75 50 20 34 58
52 5 15 44 16 89 74
20 0 64 46 51 69 51
24 30 11 80 37 82 71
46 51 69 15 61 16 53
0 30 34 3 21 50 18
81 75 51 54 89 89 40
64 83 79 51 81 82 3
27 12 49 68 83 37 72
80 37 82 52 5 15 74
40 52 38 50 20 34 32
67 81 11 10 30 65 74
28 65 20 7 84 6 23
75 87 40 82 9 32 78
55 7 26 89 33 37 28
1 28 54 85 34 76 22
87 83 9 72 42 29 45
41 40 74 20 0 64 41
49 16 87 19 73 19 88
1 28 54 35 74 0 70
52 5 15 15 61 16 56
5 6 1 71 64 88 104
13 13 18 9 29 60 44
57 0 61 18 11 78 20
46 51 69 61 26 5 68
54 89 89 68 83 37 52
64 83 79 4 56 31 55
51 81 82 47 55 28 59
32 48 38 74 44 53 15
73 19 38 59 54 24 37
38 31 86 19 73 19 79
87 83 9 89 33 37 57
24 30 11 21 11 89 80
16 5 46 66 79 35 74
60 88 13 82 9 32 81
62 88 53 21 11 89 85
88 65 35 15 61 16 19
27 12 49 85 34 76 34
34 51 81 58 30 32 53
8 72 43 38 31 86 59
59 54 24 2 75 89 68
45 0 40 85 34 76 49
83 25 29 45 0 40 27
22 38 43 12 49 82 40
82 9 32 14 57 37 48
48 49 24 14 57 37 15
6 17 30 24 30 11 23
11 0 39 20 0 64 25
11 0 39 44 16 89 52
57 0 61 76 26 56 26
37 51 18 50 20 34 34
22 38 43 42 16 82 44
18 11 78 21 11 89 11
3 21 50 17 0 9 46
38 31 86 44 16 89 15
5 6 1 20 0 64 63
38 31 86 61 26 5 81
74 44 53 6 17 30 35
58 30 32 89 33 37 5
69 69 5 42 16 82 93
9 29 60 61 26 5 55
57 0 61 47 55 28 64
24 30 11 33 77 57 65
87 83 9 24 30 11 53
69 69 5 2 75 89 84
6 17 30 52 5 15 19
62 88 53 86 19 54 69
47 55 28 65 38 9 25
35 74 0 79 25 70 85
1 28 54 79 25 70 16
25 61 87 47 55 28 59
85 34 76 11 0 39 50
76 26 56 12 49 82 34
86 19 54 66 79 35 62
33 77 57 15 61 16 44
49 16 87 39 30 33 55
49 16 87 48 49 24 71
48 49 24 88 65 35 19
33 77 57 59 54 24 40
51 81 82 71 64 88 18
88 65 35 19 73 19 17
59 54 24 76 26 56 42
45 0 40 68 83 37 83
41 40 74 21 11 89 32
49 16 87 0 30 34 54
69 69 5 40 52 38 37
34 51 81 57 0 61 54
10 30 65 22 38 43 23
88 65 35 85 34 76 51
21 11 89 22 38 43 53
48 49 24 55 7 26 42
45 0 40 39 30 33 30
11 0 39 29 32 46 32
62 88 53 78 53 35 39
23 67 56 74 44 53 23
10 30 65 14 57 37 38
48 49 24 19 73 19 24
49 16 87 37 51 18 77
33 77 57 0 30 34 52
35 74 0 55 7 26 71
14 57 37 39 30 33 27
76 26 56 48 49 24 39
78 53 35 3 21 50 35
57 0 61 36 84 72 84
4 56 31 17 0 9 60
22 38 43 69 69 5 49
3 21 50 58 30 32 20
11 0 39 82 9 32 11
40 52 38 7 84 6 45
47 55 28 48 49 24 7
82 9 32 71 64 88 78
3 21 50 87 83 9 74
38 31 86 59 54 24 66
19 73 19 39 30 33 45
77 58 48 12 49 82 35
23 67 56 35 74 0 56
49 16 87 63 4 1 86
39 30 33 11 0 39 30
69 69 5 27 12 49 72
21 11 89 30 50 43 60
71 64 88 34 51 81 14
6 17 30 42 16 82 52
77 58 48 28 65 20 28
38 31 86 11 0 39 56
17 0 9 89 33 37 43
74 44 53 51 81 82 47
66 79 35 69 69 5 31
57 0 61 24 30 11 58
73 19 38 10 30 65 29
31 62 19 61 26 5 38
73 19 38 36 84 72 73
8 72 43 41 40 74 44
50 20 34 89 33 37 13
44 16 89 70 22 50 39
39 30 33 74 44 53 24
9 29 60 68 83 37 58
45 0 40 51 81 82 91
18 11 78 16 5 46 32
87 83 9 27 12 49 81
25 61 87 87 83 9 81
75 87 40 38 31 86 72
59 54 24 86 19 54 46
64 83 79 61 26 5 93
71 64 88 67 81 11 78
66 79 35 41 40 74 55
17 0 9 63 4 1 8
19 73 19 54 89 89 71
10 30 65 80 37 82 18
36 84 72 76 26 56 60
65 38 9 29 32 46 37
16 5 46 53 8 36 10
6 17 30 38 31 86 57
81 75 51 8 72 43 8
77 58 48 41 40 74 31
47 55 28 26 62 75 47
31 62 19 44 16 89 83
86 19 54 8 72 43 54
71 64 88 81 75 51 38
79 25 70 46 51 69 26
25 61 87 49 16 87 45
28 65 20 47 55 28 12
80 37 82 70 22 50 35
69 69 5 79 25 70 78
56 0 57 35 74 0 93
43 79 89 23 67 56 35
20 0 64 47 55 28 65
63 4 1 87 83 9 79
25 61 87 89 33 37 57
85 34 76 62 88 53 58
8 72 43 57 0 61 74
88 65 35 4 56 31 9
26 62 75 4 56 31 44
41 40 74 24 30 11 63
18 11 78 17 0 9 69
56 0 57 65 38 9 61
78 53 35 7 84 6 42
83 25 29 1 28 54 25
71 64 88 69 69 5 83
19 73 19 73 19 38 57
77 58 48 78 53 35 13
89 33 37 10 30 65 28
34 51 81 56 0 57 56
18 11 78 62 88 53 80
84 69 26 16 5 46 67
24 30 11 12 49 82 73
68 83 37 63 4 1 86
44 16 89 32 48 38 60
22 38 43 8 72 43 34
69 69 5 31 62 19 15
85 34 76 54 89 89 56
45 0 40 84 69 26 70
18 11 78 58 30 32 49
9 29 60 23 67 56 38
51 81 82 88 65 35 49
67 81 11 52 5 15 76
46 51 69 44 16 89 40
65 38 9 49 16 87 81
33 77 57 14 57 37 28
89 33 37 39 30 33 5
56 0 57 7 84 6 98
52 5 15 5 6 1 14
84 69 26 59 54 24 15
8 72 43 33 77 57 14
40 52 38 57 0 61 56
88 65 35 67 81 11 28
64 83 79 19 73 19 60
82 9 32 0 30 34 21
15 61 16 20 0 64 77
50 20 34 79 25 70 36
40 52 38 17 0 9 59
64 83 79 73 19 38 76
1 28 54 69 69 5 63
64 83 79 40 52 38 51
34 51 81 60 88 13 77
40 52 38 0 30 34 22
33 77 57 5 6 1 90
82 9 32 8 72 43 63
57 0 61 78 53 35 59
37 51 18 63 4 1 49
35 74 0 53 8 36 75
89 33 37 65 38 9 28
79 25 70 17 0 9 65
51 81 82 86 19 54 68
65 38 9 79 25 70 62
69 69 5 59 54 24 24
14 57 37 16 5 46 52
17 0 9 88 65 35 70
23 67 56 68 83 37 24
43 79 89 63 4 1 115
37 51 18 26 62 75 58
63 4 1 0 30 34 42
70 22 50 81 75 51 53
5 6 1 51 81 82 110
47 55 28 2 75 89 64
76 26 56 2 75 89 59
55 7 26 15 61 16 54
50 20 34 88 65 35 45
66 79 35 80 37 82 63
72 42 29 58 30 32 12
72 42 29 67 81 11 42
60 88 13 63 4 1 84
82 9 32 89 33 37 24
67 81 11 83 25 29 58
19 73 19 12 49 82 67
38 31 86 41 40 74 15
10 30 65 23 67 56 38
11 0 39 87 83 9 88
68 83 37 44 16 89 84
81 75 51 27 12 49 63
13 13 18 88 65 35 54
28 65 20 27 12 49 60
63 4 1 1 28 54 58
28 65 20 82 9 32 57
52 5 15 31 62 19 57
72 42 29 29 32 46 19
13 13 18 69 69 5 57
13 13 18 32 48 38 40
64 83 79 85 34 76 49
49 16 87 1 28 54 35
36 84 72 24 30 11 81
18 11 78 53 8 36 42
71 64 88 61 26 5 91
58 30 32 53 8 36 22
41 40 74 80 37 82 8
68 83 37 18 11 78 82
7 84 6 36 84 72 66
76 26 56 32 48 38 28
71 64 88 84 69 26 62
56 0 57 62 88 53 88
18 11 78 32 48 38 54
0 30 34 32 48 38 18
5 6 1 56 0 57 56
30 50 43 81 75 51 26
8 72 43 19 73 19 24
67 81 11 58 30 32 55
0 30 34 8 72 43 42
18 11 78 52 5 15 63
81 75 51 15 61 16 37
51 81 82 81 75 51 31
23 67 56 44 16 89 60
35 74 0 18 11 78 100
81 75 51 86 19 54 56
87 83 9 86 19 54 78
1 28 54 47 55 28 37
55 7 26 18 11 78 52
4 56 31 47 55 28 3
13 13 18 81 75 51 70
80 37 82 49 16 87 21
64 83 79 8 72 43 37
83 25 29 12 49 82 58
69 69 5 61 26 5 43
69 69 5 26 62 75 70
41 40 74 56 0 57 43
84 69 26 88 65 35 9
20 0 64 87 83 9 99
70 22 50 83 25 29 21
0 30 34 6 17 30 13
24 30 11 16 5 46 43
70 22 50 17 0 9 46
71 64 88 2 75 89 11
62 88 53 17 0 9 98
86 19 54 70 22 50 5
54 89 89 47 55 28 69
46 51 69 63 4 1 82
49 16 87 36 84 72 69
79 25 70 60 88 13 84
46 51 69 34 51 81 12
81 75 51 31 62 19 34
67 81 11 36 84 72 61
82 9 32 17 0 9 24
44 16 89 53 8 36 53
63 4 1 44 16 89 88
1 28 54 2 75 89 58
25 61 87 74 44 53 38
20 0 64 61 26 5 64
30 50 43 29 32 46 18
56 0 57 45 0 40 17
34 51 81 88 65 35 48
19 73 19 61 26 5 49
11 0 39 32 48 38 48
8 72 43 60 88 13 34
35 74 0 19 73 19 19
86 19 54 10 30 65 15
50 20 34 36 84 72 74
15 61 16 30 50 43 29
77 58 48 3 21 50 37
72 42 29 18 11 78 57
74 44 53 49 16 87 44
87 83 9 49 16 87 102
60 88 13 81 75 51 40
31 62 19 27 12 49 58
22 38 43 35 74 0 56
61 26 5 72 42 29 28
35 74 0 6 17 30 64
67 81 11 66 79 35 24
66 79 35 42 16 82 78
15 61 16 89 33 37 35
3 21 50 67 81 11 71
5 6 1 34 51 81 91
20 0 64 6 17 30 38
40 52 38 52 5 15 52
25 61 87 65 38 9 81
2 75 89 77 58 48 44
57 0 61 52 5 15 46
79 25 70 23 67 56 44
57 0 61 44 16 89 32
70 22 50 41 40 74 30
26 62 75 82 9 32 68
75 87 40 48 49 24 41
40 52 38 48 49 24 14
58 30 32 17 0 9 37
21 11 89 2 75 89 64
39 30 33 17 0 9 38
43 79 89 62 88 53 37
2 75 89 25 61 87 14
88 65 35 18 11 78 69
17 0 9 54 89 89 119
10 30 65 51 81 82 53
67 81 11 4 56 31 32
55 7 26 6 17 30 10
72 42 29 73 19 38 24
81 75 51 25 61 87 38
64 83 79 78 53 35 53
66 79 35 73 19 38 60
31 62 19 42 16 82 78
24 30 11 23 67 56 58
86 19 54 73 19 38 16
22 38 43 63 4 1 54
70 22 50 34 51 81 42
4 56 31 12 49 82 51
15 61 16 0 30 34 35
70 22 50 25 61 87 53
13 13 18 41 40 74 62
7 84 6 27 12 49 83
71 64 88 65 38 9 83
80 37 82 11 0 39 56
43 79 89 42 16 82 63
86 19 54 43 79 89 69
8 72 43 47 55 28 22
62 88 53 65 38 9 66
50 20 34 18 11 78 44
11 0 39 12 49 82 65
43 79 89 70 22 50 69
30 50 43 57 0 61 53
68 83 37 21 11 89 88
83 25 29 8 72 43 49
15 61 16 84 69 26 12
62 88 53 66 79 35 20
24 30 11 9 29 60 49
28 65 20 56 0 57 74
64 83 79 35 74 0 79
23 67 56 36 84 72 23
84 69 26 11 0 39 70
26 62 75 36 84 72 22
24 30 11 29 32 46 35
71 64 88 8 72 43 45
71 64 88 14 57 37 51
17 0 9 0 30 34 39
2 75 89 19 73 19 70
78 53 35 41 40 74 41
34 51 81 20 0 64 53
58 30 32 36 84 72 67
67 81 11 85 34 76 80
39 30 33 34 51 81 52
43 79 89 64 83 79 10
82 9 32 37 51 18 44
87 83 9 76 26 56 73
86 19 54 21 11 89 35
15 61 16 51 81 82 68
33 77 57 50 20 34 61
1 28 54 74 44 53 16
58 30 32 26 62 75 53
49 16 87 54 89 89 73
83 25 29 36 84 72 73
3 21 50 43 79 89 69
72 42 29 68 83 37 41
60 88 13 50 20 34 71
11 0 39 88 65 35 65
85 34 76 48 49 24 54
73 19 38 25 61 87 64
19 73 19 0 30 34 45
64 83 79 59 54 24 62
34 51 81 50 20 34 56
36 84 72 42 16 82 68
48 49 24 67 81 11 34
12 49 82 88 65 35 49
43 79 89 84 69 26 63
87 83 9 56 0 57 95
8 72 43 14 57 37 16
41 40 74 5 6 1 80
52 5 15 23 67 56 74
30 50 43 65 38 9 36
72 42 29 25 61 87 61
53 8 36 75 87 40 79
75 87 40 34 51 81 54
34 51 81 38 31 86 20
45 0 40 2 75 89 89
51 81 82 37 51 18 70
38 31 86 52 5 15 75
74 44 53 61 26 5 51
49 16 87 68 83 37 83
61 26 5 22 38 43 39
24 30 11 0 30 34 23
71 64 88 30 50 43 47
55 7 26 71 64 88 84
67 81 11 80 37 82 83
86 19 54 13 13 18 36
86 19 54 82 9 32 24
58 30 32 38 31 86 54
56 0 57 86 19 54 19
88 65 35 0 30 34 35
27 12 49 67 81 11 78
80 37 82 7 84 6 89
78 53 35 22 38 43 17
80 37 82 31 62 19 67
21 11 89 23 67 56 65
32 48 38 63 4 1 57
70 22 50 55 7 26 28
27 12 49 6 17 30 19
55 7 26 73 19 38 16
33 77 57 68 83 37 20
5 6 1 2 75 89 111
39 30 33 25 61 87 62
5 6 1 45 0 40 39
39 30 33 23 67 56 43
65 38 9 17 0 9 38
23 67 56 76 26 56 41
11 0 39 24 30 11 41
55 7 26 1 28 54 35
25 61 87 1 28 54 46
67 81 11 61 26 5 55
1 28 54 46 51 69 27
21 11 89 27 12 49 40
29 32 46 2 75 89 60
44 16 89 74 44 53 45
33 77 57 40 52 38 31
53 8 36 61 26 5 35
89 33 37 42 16 82 48
50 20 34 10 30 65 32
44 16 89 12 49 82 33
80 37 82 58 30 32 50
25 61 87 44 16 89 45
31 62 19 45 0 40 65
82 9 32 52 5 15 17
7 84 6 57 0 61 100
6 17 30 82 9 32 8
84 69 26 20 0 64 78
56 0 57 54 89 89 94
58 30 32 37 51 18 25
12 49 82 27 12 49 49
78 53 35 18 11 78 60
30 50 43 36 84 72 44
79 25 70 89 33 37 33
4 56 31 36 84 72 49
36 84 72 69 69 5 68
42 16 82 55 7 26 56
33 77 57 31 62 19 40
58 30 32 70 22 50 19
70 22 50 12 49 82 41
72 42 29 35 74 0 43
75 87 40 4 56 31 32
18 11 78 51 81 82 70
12 49 82 6 17 30 61
53 8 36 1 28 54 26
76 26 56 69 69 5 66
52 5 15 85 34 76 67
39 30 33 4 56 31 26
41 40 74 58 30 32 43
42 16 82 80 37 82 21
10 30 65 12 49 82 25
58 30 32 55 7 26 23
61 26 5 56 0 57 58
77 58 48 70 22 50 36
25 61 87 5 6 1 102
87 83 9 12 49 82 80
67 81 11 43 79 89 78
35 74 0 60 88 13 19
17 0 9 14 57 37 63
15 61 16 35 74 0 20
35 74 0 32 48 38 46
24 30 11 27 12 49 42
2 75 89 26 62 75 19
48 49 24 11 0 39 51
49 16 87 55 7 26 61
47 55 28 70 22 50 39
77 58 48 40 52 38 11
52 5 15 42 16 82 67
55 7 26 2 75 89 92
25 61 87 3 21 50 54
88 65 35 10 30 65 46
21 11 89 80 37 82 26
43 79 89 66 79 35 54
37 51 18 20 0 64 68
68 83 37 24 30 11 59
20 0 64 13 13 18 47
41 40 74 6 17 30 49
35 74 0 62 88 53 54
55 7 26 69 69 5 65
38 31 86 17 0 9 83
16 5 46 21 11 89 43
56 0 57 24 30 11 54
76 26 56 72 42 29 31
81 75 51 3 21 50 54
66 79 35 51 81 82 47
25 61 87 41 40 74 24
77 58 48 33 77 57 21
80 37 82 28 65 20 68
41 40 74 1 28 54 23
79 25 70 54 89 89 66
41 40 74 12 49 82 12
75 87 40 30 50 43 37
87 83 9 19 73 19 14
74 44 53 86 19 54 25
42 16 82 7 84 6 101
41 40 74 26 62 75 22
15 61 16 53 8 36 56
82 9 32 66 79 35 70
18 11 78 22 38 43 44
85 34 76 23 67 56 38
54 89 89 58 30 32 82
45 0 40 60 88 13 92
12 49 82 15 61 16 67
29 32 46 17 0 9 48
14 57 37 68 83 37 26
5 6 1 18 11 78 77
25 61 87 53 8 36 73
87 83 9 35 74 0 12
52 5 15 76 26 56 46
87 83 9 14 57 37 38
52 5 15 81 75 51 78
85 34 76 46 51 69 18
2 75 89 78 53 35 58
31 62 19 54 89 89 75
87 83 9 46 51 69 68
80 37 82 33 77 57 47
65 38 9 72 42 29 20
13 13 18 7 84 6 72
41 40 74 28 65 20 59
32 48 38 39 30 33 18
66 79 35 47 55 28 25
81 75 51 76 26 56 49
52 5 15 56 0 57 42
30 50 43 87 83 9 47
28 65 20 30 50 43 27
53 8 36 84 69 26 61
14 57 37 86 19 54 41
15 61 16 83 25 29 38
85 34 76 81 75 51 48
83 25 29 71 64 88 70
53 8 36 28 65 20 59
32 48 38 86 19 54 33
65 38 9 70 22 50 44
35 74 0 83 25 29 56
25 61 87 85 34 76 29
28 65 20 48 49 24 16
19 73 19 72 42 29 32
75 87 40 61 26 5 70
56 0 57 79 25 70 28
35 74 0 41 40 74 81
9 29 60 10 30 65 5
83 25 29 26 62 75 59
19 73 19 79 25 70 70
65 38 9 7 84 6 46
60 88 13 4 56 31 36
66 79 35 60 88 13 23
44 16 89 54 89 89 73
9 29 60 27 12 49 20
12 49 82 66 79 35 55
18 11 78 43 79 89 68
84 69 26 29 32 46 42
63 4 1 85 34 76 80
57 0 61 56 0 57 4
15 61 16 73 19 38 47
23 67 56 50 20 34 51
7 84 6 3 21 50 76
10 30 65 18 11 78 23
16 5 46 70 22 50 17
34 51 81 28 65 20 62
7 84 6 17 0 9 84
47 55 28 7 84 6 36
59 54 24 65 38 9 21
76 26 56 3 21 50 7
19 73 19 89 33 37 43
10 30 65 53 8 36 36
39 30 33 0 30 34 1
78 53 35 37 51 18 17
71 64 88 88 65 35 53
75 87 40 78 53 35 34
53 8 36 67 81 11 77
37 51 18 1 28 54 42
29 32 46 4 56 31 28
39 30 33 41 40 74 42
76 26 56 79 25 70 14
4 56 31 50 20 34 36
63 4 1 41 40 74 81
82 9 32 68 83 37 74
26 62 75 1 28 54 39
18 11 78 61 26 5 74
86 19 54 55 7 26 30
74 44 53 41 40 74 21
79 25 70 12 49 82 26
87 83 9 61 26 5 57
31 62 19 30 50 43 26
39 30 33 16 5 46 28
48 49 24 25 61 87 64
54 89 89 24 30 11 97
52 5 15 54 89 89 111
56 0 57 10 30 65 31
54 89 89 0 30 34 80
21 11 89 89 33 37 56
65 38 9 1 28 54 46
25 61 87 76 26 56 46
12 49 82 18 11 78 38
12 49 82 9 29 60 29
64 83 79 2 75 89 12
29 32 46 83 25 29 18
80 37 82 45 0 40 55
86 19 54 61 26 5 49
51 81 82 67 81 11 71
41 40 74 19 73 19 64
35 74 0 75 87 40 42
54 89 89 50 20 34 88
22 38 43 13 13 18 35
31 62 19 47 55 28 11
86 19 54 20 0 64 21
51 81 82 50 20 34 77
9 29 60 50 20 34 27
10 30 65 5 6 1 68
14 57 37 77 58 48 11
48 49 24 80 37 82 59
58 30 32 35 74 0 54
11 0 39 15 61 16 65
57 0 61 86 19 54 20
69 69 5 82 9 32 65
48 49 24 7 84 6 39
78 53 35 15 61 16 20
26 62 75 60 88 13 67
1 28 54 12 49 82 35
20 0 64 73 19 38 32
12 49 82 51 81 82 32
66 79 35 2 75 89 54
76 26 56 46 51 69 28
62 88 53 67 81 11 42
44 16 89 89 33 37 54
69 69 5 81 75 51 46
70 22 50 38 31 86 37
29 32 46 9 29 60 14
87 83 9 23 67 56 49
78 53 35 4 56 31 5
38 31 86 47 55 28 62
48 49 24 65 38 9 18
44 16 89 7 84 6 107
54 89 89 66 79 35 54
13 13 18 63 4 1 19
86 19 54 40 52 38 36
67 81 11 38 31 86 90
46 51 69 65 38 9 61
5 6 1 72 42 29 45
60 88 13 70 22 50 75
57 0 61 43 79 89 83
10 30 65 40 52 38 34
79 25 70 21 11 89 23
72 42 29 74 44 53 24
24 30 11 46 51 69 61
83 25 29 58 30 32 5
22 38 43 51 81 82 58
80 37 82 34 51 81 14
39 30 33 44 16 89 57
74 44 53 7 84 6 61
48 49 24 89 33 37 20
38 31 86 64 83 79 52
12 49 82 65 38 9 73
69 69 5 0 30 34 48
60 88 13 41 40 74 77
23 67 56 51 81 82 29
24 30 11 58 30 32 21
31 62 19 10 30 65 56
72 42 29 13 13 18 31
25 61 87 30 50 43 45
26 62 75 64 83 79 21
26 62 75 8 72 43 33
49 16 87 88 65 35 71
23 67 56 60 88 13 47
29 32 46 68 83 37 51
5 6 1 83 25 29 33
27 12 49 49 16 87 38
80 37 82 15 61 16 70
86 19 54 41 40 74 29
80 37 82 43 79 89 42
10 30 65 74 44 53 18
13 13 18 60 88 13 75
60 88 13 44 16 89 104
21 11 89 73 19 38 51
70 22 50 6 17 30 20
62 88 53 75 87 40 13
4 56 31 32 48 38 10
29 32 46 6 17 30 21
85 34 76 14 57 37 45
8 72 43 74 44 53 29
31 62 19 65 38 9 26
22 38 43 82 9 32 31
17 0 9 36 84 72 105
34 51 81 24 30 11 73
84 69 26 38 31 86 71
63 4 1 50 20 34 36
53 8 36 65 38 9 40
21 11 89 63 4 1 88
88 65 35 57 0 61 70
47 55 28 53 8 36 47
60 88 13 1 28 54 72
64 83 79 76 26 56 61
46 51 69 86 19 54 35
20 0 64 67 81 11 96
82 9 32 29 32 46 26
76 26 56 1 28 54 2
30 50 43 67 81 11 44
66 79 35 63 4 1 82
89 33 37 37 51 18 26
55 7 26 83 25 29 18
45 0 40 88 65 35 65
85 34 76 55 7 26 56
75 87 40 81 75 51 16
41 40 74 64 83 79 43
77 58 48 0 30 34 31
16 5 46 72 42 29 40
83 25 29 3 21 50 21
11 0 39 68 83 37 83
16 5 46 78 53 35 49
11 0 39 26 62 75 71
46 51 69 66 79 35 44
80 37 82 83 25 29 54
52 5 15 28 65 20 60
56 0 57 14 57 37 60
84 69 26 87 83 9 22
45 0 40 29 32 46 32
10 30 65 57 0 61 30
2 75 89 60 88 13 77
65 38 9 33 77 57 61
63 4 1 33 77 57 92
68 83 37 20 0 64 87
4 56 31 72 42 29 14
44 16 89 58 30 32 58
46 51 69 60 88 13 67
28 65 20 54 89 89 73
0 30 34 68 83 37 53
5 6 1 22 38 43 52
55 7 26 22 38 43 35
80 37 82 17 0 9 81
85 34 76 19 73 19 69
72 42 29 78 53 35 12
26 62 75 68 83 37 43
79 25 70 77 58 48 39
5 6 1 89 33 37 45
50 20 34 27 12 49 17
85 34 76 75 87 40 64
30 50 43 83 25 29 28
0 30 34 21 11 89 58
38 31 86 55 7 26 64
51 81 82 46 51 69 32
38 31 86 63 4 1 89
18 11 78 48 49 24 66
72 42 29 32 48 38 10
6 17 30 1 28 54 26
53 8 36 8 72 43 64
66 79 35 27 12 49 68
2 75 89 38 31 86 44
47 55 28 63 4 1 57
34 51 81 10 30 65 26
34 51 81 1 28 54 35
53 8 36 80 37 82 54
37 51 18 12 49 82 64
13 13 18 37 51 18 38
88 65 35 16 5 46 61
75 87 40 41 40 74 58
69 69 5 16 5 46 76
32 48 38 22 38 43 11
50 20 34 48 49 24 30
7 84 6 72 42 29 47
70 22 50 22 38 43 17
33 77 57 52 5 15 83
16 5 46 20 0 64 18
7 84 6 71 64 88 84
32 48 38 31 62 19 23
5 6 1 42 16 82 81
37 51 18 24 30 11 22
87 83 9 26 62 75 69
50 20 34 46 51 69 46
40 52 38 49 16 87 60
37 51 18 3 21 50 43
8 72 43 27 12 49 60
26 62 75 72 42 29 50
89 33 37 81 75 51 44
35 74 0 49 16 87 104
55 7 26 28 65 20 58
62 88 53 69 69 5 51
63 4 1 42 16 82 81
38 31 86 3 21 50 37
33 77 57 86 19 54 58
78 53 35 34 51 81 46
34 51 81 16 5 46 57
56 0 57 55 7 26 31
17 0 9 64 83 79 108
70 22 50 35 74 0 72
76 26 56 89 33 37 20
47 55 28 78 53 35 7
61 26 5 73 19 38 33
84 69 26 74 44 53 36
47 55 28 64 83 79 58
42 16 82 85 34 76 18
37 51 18 74 44 53 35
63 4 1 88 65 35 69
16 5 46 15 61 16 63
46 51 69 25 61 87 20
44 16 89 62 88 53 80
52 5 15 21 11 89 74
48 49 24 3 21 50 38
11 0 39 50 20 34 20
35 74 0 27 12 49 79
25 61 87 23 67 56 31
40 52 38 42 16 82 56
67 81 11 6 17 30 66
51 81 82 24 30 11 87
28 65 20 59 54 24 11
5 6 1 46 51 69 81
80 37 82 39 30 33 49
9 29 60 77 58 48 31
30 50 43 7 84 6 50
26 62 75 46 51 69 12
61 26 5 17 0 9 26
43 79 89 89 33 37 69
47 55 28 89 33 37 23
77 58 48 42 16 82 54
75 87 40 24 30 11 63
88 65 35 41 40 74 46
73 19 38 63 4 1 39
28 65 20 87 83 9 21
75 87 40 65 38 9 57
50 20 34 6 17 30 5
23 67 56 18 11 78 60
40 52 38 31 62 19 21
14 57 37 58 30 32 27
32 48 38 78 53 35 5
1 28 54 16 5 46 24
85 34 76 3 21 50 29
8 72 43 16 5 46 67
68 83 37 46 51 69 45
11 0 39 71 64 88 80
28 65 20 60 88 13 24
19 73 19 29 32 46 49
5 6 1 50 20 34 35
81 75 51 14 57 37 22
30 50 43 14 57 37 9
61 26 5 14 57 37 44
71 64 88 70 22 50 56
65 38 9 2 75 89 88
4 56 31 65 38 9 28
83 25 29 61 26 5 24
25 61 87 63 4 1 103
34 51 81 32 48 38 43
56 0 57 74 44 53 44
2 75 89 15 61 16 74
21 11 89 78 53 35 68
63 4 1 12 49 82 92
56 0 57 9 29 60 29
72 42 29 54 89 89 76
1 28 54 48 49 24 36
54 89 89 38 31 86 58
54 89 89 37 51 18 80
67 81 11 74 44 53 55
25 61 87 68 83 37 54
5 6 1 73 19 38 39
40 52 38 67 81 11 39
26 62 75 53 8 36 66
52 5 15 39 30 33 30
23 67 56 4 56 31 27
66 79 35 70 22 50 58
10 30 65 68 83 37 59
23 67 56 28 65 20 36
28 65 20 37 51 18 14
79 25 70 61 26 5 65
89 33 37 31 62 19 34
62 88 53 49 16 87 79
18 11 78 42 16 82 6
81 75 51 29 32 46 43
52 5 15 71 64 88 93
82 9 32 59 54 24 45
33 77 57 42 16 82 65
5 6 1 36 84 72 105
66 79 35 10 30 65 57
3 21 50 13 13 18 32
36 84 72 27 12 49 75
21 11 89 1 28 54 38
6 17 30 19 73 19 57
54 89 89 23 67 56 39
25 61 87 15 61 16 71
9 29 60 33 77 57 48
69 69 5 37 51 18 22
55 7 26 45 0 40 15
56 0 57 50 20 34 30
51 81 82 8 72 43 40
59 54 24 23 67 56 34
59 54 24 21 11 89 77
67 81 11 14 57 37 35
35 74 0 30 50 43 49
76 26 56 7 84 6 76
44 16 89 65 38 9 82
44 16 89 5 6 1 88
22 38 43 71 64 88 51
81 75 51 38 31 86 56
60 88 13 18 11 78 100
84 69 26 26 62 75 49
6 17 30 79 25 70 40
35 74 0 33 77 57 57
62 88 53 38 31 86 65
26 62 75 18 11 78 51
8 72 43 85 34 76 50
15 61 16 32 48 38 25
59 54 24 42 16 82 69
65 38 9 0 30 34 26
7 84 6 26 62 75 72
86 19 54 29 32 46 15
64 83 79 33 77 57 22
0 30 34 38 31 86 52
29 32 46 78 53 35 23
89 33 37 20 0 64 42
42 16 82 57 0 61 26
2 75 89 31 62 19 71
78 53 35 74 44 53 20
42 16 82 61 26 5 77
59 54 24 80 37 82 60
15 61 16 66 79 35 26
81 75 51 28 65 20 32
3 21 50 62 88 53 67
62 88 53 10 30 65 59
11 0 39 17 0 9 30
27 12 49 32 48 38 37
49 16 87 45 0 40 49
55 7 26 72 42 29 35
64 83 79 82 9 32 87
8 72 43 35 74 0 43
54 89 89 78 53 35 64
30 50 43 37 51 18 25
37 51 18 81 75 51 40
33 77 57 2 75 89 32
73 19 38 28 65 20 49
49 16 87 9 29 60 29
1 28 54 8 72 43 45
88 65 35 64 83 79 47
30 50 43 72 42 29 16
50 20 34 57 0 61 33
7 84 6 63 4 1 80
43 79 89 12 49 82 30
57 0 61 38 31 86 39
61 26 5 63 4 1 22
71 64 88 9 29 60 44
16 5 46 85 34 76 41
11 0 39 25 61 87 77
42 16 82 82 9 32 50
12 49 82 80 37 82 12
50 20 34 53 8 36 12
26 62 75 39 30 33 52
54 89 89 80 37 82 52
44 16 89 75 87 40 86
29 32 46 85 34 76 30
19 73 19 43 79 89 70
9 29 60 66 79 35 55
81 75 51 83 25 29 54
39 30 33 24 30 11 22
40 52 38 36 84 72 46
44 16 89 43 79 89 63
24 30 11 72 42 29 21
10 30 65 2 75 89 51
50 20 34 83 25 29 7
45 0 40 6 17 30 19
25 61 87 0 30 34 61
25 61 87 33 77 57 34
17 0 9 15 61 16 61
88 65 35 59 54 24 15
83 25 29 66 79 35 54
79 25 70 25 61 87 39
65 38 9 87 83 9 45
56 0 57 19 73 19 82
62 88 53 52 5 15 91
70 22 50 4 56 31 38
58 30 32 73 19 38 12
33 77 57 79 25 70 53
26 62 75 29 32 46 41
52 5 15 30 50 43 53
32 48 38 9 29 60 29
20 0 64 63 4 1 63
27 12 49 57 0 61 16
9 29 60 89 33 37 23
9 29 60 42 16 82 25
11 0 39 57 0 61 22
70 22 50 1 28 54 7
3 21 50 41 40 74 30
68 83 37 17 0 9 87
27 12 49 43 79 89 78
24 30 11 61 26 5 7
46 51 69 4 56 31 38
0 30 34 2 75 89 71
40 52 38 84 69 26 20
52 5 15 0 30 34 31
68 83 37 22 38 43 45
74 44 53 15 61 16 40
10 30 65 30 50 43 29
87 83 9 82 9 32 77
45 0 40 23 67 56 68
31 62 19 39 30 33 34
43 79 89 13 13 18 96
10 30 65 15 61 16 57
64 83 79 50 20 34 77
35 74 0 43 79 89 89
81 75 51 45 0 40 75
89 33 37 30 50 43 18
78 53 35 65 38 9 30
47 55 28 33 77 57 36
41 40 74 16 5 46 44
65 38 9 73 19 38 34
23 67 56 20 0 64 67
79 25 70 42 16 82 15
54 89 89 2 75 89 14
8 72 43 43 79 89 46
26 62 75 21 11 89 52
56 0 57 17 0 9 48
71 64 88 63 4 1 105
60 88 13 88 65 35 31
0 30 34 74 44 53 23
68 83 37 81 75 51 16
30 50 43 60 88 13 48
45 0 40 75 87 40 87
24 30 11 70 22 50 39
75 87 40 22 38 43 49
87 83 9 45 0 40 88
55 7 26 62 88 53 85
54 89 89 34 51 81 38
11 0 39 43 79 89 93
15 61 16 42 16 82 79
25 61 87 52 5 15 91
10 30 65 28 65 20 57
11 0 39 59 54 24 56
85 34 76 10 30 65 11
45 0 40 22 38 43 38
84 69 26 52 5 15 64
74 44 53 80 37 82 29
57 0 61 68 83 37 86
2 75 89 46 51 69 31
24 30 11 15 61 16 31
4 56 31 89 33 37 23
31 62 19 3 21 50 51
2 75 89 74 44 53 47
77 58 48 46 51 69 22
78 53 35 89 33 37 20
86 19 54 84 69 26 57
32 48 38 46 51 69 31
38 31 86 45 0 40 55
1 28 54 80 37 82 29
0 30 34 23 67 56 43
40 52 38 58 30 32 22
1 28 54 78 53 35 31
11 0 39 8 72 43 72
39 30 33 58 30 32 1
49 16 87 47 55 28 70
76 26 56 50 20 34 22
84 69 26 46 51 69 46
81 75 51 55 7 26 72
41 40 74 85 34 76 6
56 0 57 60 88 13 98
21 11 89 49 16 87 5
14 57 37 1 28 54 33
6 17 30 13 13 18 12
55 7 26 76 26 56 35
6 17 30 63 4 1 31
55 7 26 31 62 19 55
5 6 1 77 58 48 70
71 64 88 60 88 13 78
8 72 43 63 4 1 79
3 21 50 5 6 1 51
31 62 19 20 0 64 76
34 51 81 76 26 56 35
86 19 54 68 83 37 66
23 67 56 55 7 26 67
65 38 9 76 26 56 48
38 31 86 31 62 19 73
10 30 65 41 40 74 13
83 25 29 42 16 82 53
65 38 9 69 69 5 31
45 0 40 57 0 61 21
84 69 26 22 38 43 35
76 26 56 17 0 9 53
89 33 37 41 40 74 37
78 53 35 10 30 65 37
75 87 40 16 5 46 82
44 16 89 13 13 18 71
61 26 5 84 69 26 47
80 37 82 6 17 30 55
39 30 33 27 12 49 24
21 11 89 20 0 64 27
77 58 48 15 61 16 32
14 57 37 50 20 34 37
57 0 61 80 37 82 42
8 72 43 5 6 1 78
73 19 38 47 55 28 37
66 79 35 40 52 38 27
7 84 6 1 28 54 73
10 30 65 8 72 43 47
37 51 18 27 12 49 49
4 56 31 10 30 65 42
56 0 57 59 54 24 63
40 52 38 76 26 56 31
41 40 74 72 42 29 45
72 42 29 14 57 37 17
72 42 29 80 37 82 53
80 37 82 4 56 31 54
43 79 89 60 88 13 76
0 30 34 36 84 72 66
17 0 9 52 5 15 7
7 84 6 87 83 9 3
83 25 29 0 30 34 7
40 52 38 38 31 86 52
25 61 87 21 11 89 50
36 84 72 15 61 16 60
28 65 20 3 21 50 53
89 33 37 8 72 43 39
49 16 87 10 30 65 26
51 81 82 11 0 39 91
84 69 26 75 87 40 22
9 29 60 2 75 89 54
17 0 9 74 44 53 62
28 65 20 25 61 87 67
4 56 31 13 13 18 44
24 30 11 47 55 28 30
40 52 38 29 32 46 21
21 11 89 77 58 48 62
37 51 18 85 34 76 60
42 16 82 28 65 20 79
12 49 82 58 30 32 53
70 22 50 23 67 56 45
26 62 75 15 61 16 59
82 9 32 19 73 19 65
3 21 50 12 49 82 42
86 19 54 24 30 11 44
32 48 38 43 79 89 59
53 8 36 36 84 72 84
31 62 19 64 83 79 63
57 0 61 4 56 31 63
37 51 18 9 29 60 47
8 72 43 40 52 38 20
16 5 46 57 0 61 15
55 7 26 40 52 38 46
66 79 35 6 17 30 62
81 75 51 74 44 53 31
31 62 19 83 25 29 38
78 53 35 9 29 60 34
6 17 30 87 83 9 69
67 81 11 64 83 79 68
13 13 18 11 0 39 24
69 69 5 88 65 35 30
26 62 75 85 34 76 28
74 44 53 40 52 38 17
52 5 15 27 12 49 34
21 11 89 42 16 82 8
4 56 31 22 38 43 21
8 72 43 87 83 9 35
30 50 43 88 65 35 17
29 32 46 14 57 37 26
17 0 9 2 75 89 109
39 30 33 50 20 34 10
10 30 65 27 12 49 24
25 61 87 67 81 11 78
78 53 35 55 7 26 46
33 77 57 36 84 72 16
17 0 9 60 88 13 88
54 89 89 29 32 46 71
36 84 72 71 64 88 25
60 88 13 53 8 36 83
33 77 57 51 81 82 25
83 25 29 28 65 20 41
8 72 43 24 30 11 52
49 16 87 86 19 54 33
64 83 79 11 0 39 92
89 33 37 85 34 76 39
12 49 82 62 88 53 48
53 8 36 27 12 49 13
16 5 46 58 30 32 28
63 4 1 78 53 35 59
19 73 19 47 55 28 20
20 0 64 30 50 43 54
14 57 37 5 6 1 62
63 4 1 84 69 26 69
10 30 65 54 89 89 63
41 40 74 62 88 53 52
56 0 57 83 25 29 37
15 61 16 19 73 19 12
28 65 20 45 0 40 68
83 25 29 20 0 64 43
29 32 46 22 38 43 6
60 88 13 33 77 57 45
76 26 56 80 37 82 28
43 79 89 56 0 57 85
68 83 37 38 31 86 71
76 26 56 43 79 89 62
16 5 46 74 44 53 39
47 55 28 22 38 43 22
20 0 64 40 52 38 58
13 13 18 12 49 82 73
44 16 89 82 9 32 57
89 33 37 70 22 50 17
67 81 11 19 73 19 11
11 0 39 42 16 82 45
28 65 20 63 4 1 63
61 26 5 33 77 57 72
77 58 48 29 32 46 26
71 64 88 41 40 74 27
79 25 70 63 4 1 72
9 29 60 86 19 54 11
68 83 37 4 56 31 27
4 56 31 14 57 37 6
5 6 1 54 89 89 120
33 77 57 75 87 40 19
48 49 24 56 0 57 59
36 84 72 89 33 37 61
29 32 46 43 79 89 63
57 0 61 49 16 87 30
55 7 26 67 81 11 75
69 69 5 80 37 82 83
26 62 75 89 33 37 47
26 62 75 71 64 88 13
84 69 26 44 16 89 82
64 83 79 34 51 81 32
35 74 0 78 53 35 40
65 38 9 67 81 11 43
29 32 46 89 33 37 9
71 64 88 49 16 87 48
81 75 51 84 69 26 25
7 84 6 67 81 11 5
7 84 6 62 88 53 47
75 87 40 68 83 37 5
21 11 89 28 65 20 87
73 19 38 4 56 31 37
43 79 89 79 25 70 57
59 54 24 30 50 43 19
16 5 46 44 16 89 44
35 74 0 51 81 82 82
35 74 0 26 62 75 75
5 6 1 23 67 56 82
79 25 70 68 83 37 66
27 12 49 51 81 82 76
74 44 53 45 0 40 45
4 56 31 37 51 18 13
1 28 54 23 67 56 39
33 77 57 32 48 38 34
27 12 49 61 26 5 46
50 20 34 71 64 88 69
84 69 26 85 34 76 61
43 79 89 83 25 29 80
49 16 87 67 81 11 100
50 20 34 7 84 6 69
44 16 89 56 0 57 35
79 25 70 5 6 1 71
68 83 37 13 13 18 72
48 49 24 54 89 89 76
70 22 50 37 51 18 43
23 67 56 49 16 87 59
57 0 61 32 48 38 53
63 4 1 89 33 37 46
35 74 0 82 9 32 72
84 69 26 83 25 29 44
20 0 64 57 0 61 3
36 84 72 72 42 29 60
70 22 50 45 0 40 24
28 65 20 2 75 89 69
72 42 29 10 30 65 37
33 77 57 34 51 81 35
75 87 40 13 13 18 77
79 25 70 10 30 65 7
56 0 57 46 51 69 52
81 75 51 24 30 11 60
56 0 57 20 0 64 7
15 61 16 31 62 19 3
12 49 82 45 0 40 64
5 6 1 30 50 43 60
85 34 76 60 88 13 82
16 5 46 48 49 24 49
59 54 24 4 56 31 7
19 73 19 51 81 82 63
36 84 72 39 30 33 66
63 4 1 65 38 9 34
63 4 1 69 69 5 65
85 34 76 57 0 61 37
29 32 46 1 28 54 8
8 72 43 2 75 89 46
75 87 40 83 25 29 62
21 11 89 54 89 89 78
77 58 48 36 84 72 35
5 6 1 19 73 19 69
0 30 34 60 88 13 61
59 54 24 39 30 33 25
35 74 0 12 49 82 85
75 87 40 5 6 1 89
48 49 24 38 31 86 64
75 87 40 63 4 1 91
56 0 57 85 34 76 38
32 48 38 49 16 87 58
8 72 43 30 50 43 22
42 16 82 25 61 87 45
79 25 70 53 8 36 38
52 5 15 3 21 50 38
3 21 50 66 79 35 59
54 89 89 77 58 48 51
31 62 19 21 11 89 86
67 81 11 13 13 18 68
86 19 54 18 11 78 25
72 42 29 79 25 70 44
24 30 11 18 11 78 69
59 54 24 24 30 11 27
49 16 87 17 0 9 79
26 62 75 57 0 61 63
20 0 64 3 21 50 25
55 7 26 88 65 35 58
16 5 46 25 61 87 69
13 13 18 25 61 87 84
66 79 35 81 75 51 16
69 69 5 5 6 1 63
21 11 89 14 57 37 69
20 0 64 33 77 57 77
58 30 32 60 88 13 61
25 61 87 83 25 29 68
39 30 33 28 65 20 37
0 30 34 86 19 54 22
8 72 43 75 87 40 15
83 25 29 34 51 81 58
68 83 37 76 26 56 60
22 38 43 28 65 20 35
19 73 19 10 30 65 62
24 30 11 14 57 37 37
65 38 9 43 79 89 89
7 84 6 2 75 89 83
73 19 38 39 30 33 12
37 51 18 11 0 39 55
9 29 60 11 0 39 35
46 51 69 62 88 53 40
31 62 19 8 72 43 26
26 62 75 49 16 87 47
22 38 43 83 25 29 19
66 79 35 65 38 9 48
23 67 56 80 37 82 39
51 81 82 36 84 72 10
88 65 35 78 53 35 12
21 11 89 4 56 31 73
66 79 35 58 30 32 49
12 49 82 0 30 34 51
66 79 35 84 69 26 13
67 81 11 54 89 89 78
60 88 13 22 38 43 58
85 34 76 40 52 38 42
25 61 87 82 9 32 75
75 87 40 40 52 38 35
31 62 19 67 81 11 20
28 65 20 85 34 76 64
81 75 51 5 6 1 85
45 0 40 24 30 11 41
38 31 86 24 30 11 75
61 26 5 45 0 40 43
73 19 38 41 40 74 41
69 69 5 68 83 37 34
6 17 30 61 26 5 26
75 87 40 74 44 53 44
14 57 37 27 12 49 46
23 67 56 53 8 36 62
49 16 87 44 16 89 2
22 38 43 40 52 38 14
43 79 89 40 52 38 57
85 34 76 18 11 78 23
30 50 43 4 56 31 13
60 88 13 12 49 82 79
5 6 1 27 12 49 48
73 19 38 56 0 57 26
27 12 49 83 25 29 23
10 30 65 47 55 28 44
4 56 31 28 65 20 14
53 8 36 24 30 11 33
58 30 32 23 67 56 44
11 0 39 16 5 46 8
42 16 82 4 56 31 64
88 65 35 24 30 11 42
61 26 5 81 75 51 67
21 11 89 67 81 11 104
1 28 54 9 29 60 6
89 33 37 23 67 56 38
66 79 35 76 26 56 57
32 48 38 45 0 40 48
46 51 69 9 29 60 23
42 16 82 27 12 49 33
75 87 40 52 5 15 85
76 26 56 73 19 38 19
19 73 19 13 13 18 60
54 89 89 43 79 89 10
84 69 26 18 11 78 77
5 6 1 26 62 75 92
69 69 5 4 56 31 29
5 6 1 87 83 9 77
66 79 35 78 53 35 26
3 21 50 65 38 9 44
33 77 57 43 79 89 32
83 25 29 11 0 39 26
48 49 24 4 56 31 9
14 57 37 43 79 89 56
61 26 5 77 58 48 53
55 7 26 37 51 18 44
66 79 35 57 0 61 83
4 56 31 25 61 87 56
39 30 33 30 50 43 22
41 40 74 43 79 89 41
16 5 46 56 0 57 12
73 19 38 22 38 43 19
80 37 82 27 12 49 41
2 75 89 22 38 43 59
51 81 82 70 22 50 67
71 64 88 54 89 89 25
42 16 82 14 57 37 60
11 0 39 86 19 54 24
73 19 38 68 83 37 64
72 42 29 85 34 76 47
51 81 82 6 17 30 82
77 58 48 84 69 26 24
19 73 19 28 65 20 8
29 32 46 21 11 89 47
48 49 24 29 32 46 27
6 17 30 17 0 9 27
24 30 11 4 56 31 32
42 16 82 64 83 79 67
29 32 46 46 51 69 29
75 87 40 67 81 11 29
43 79 89 45 0 40 92
46 51 69 21 11 89 44
39 30 33 84 69 26 39
89 33 37 57 0 61 40
44 16 89 36 84 72 70
18 11 78 82 9 32 46
58 30 32 74 44 53 25
45 0 40 89 33 37 33
32 48 38 3 21 50 29
57 0 61 71 64 88 69
85 34 76 39 30 33 43
80 37 82 8 72 43 52
18 11 78 45 0 40 39
0 30 34 34 51 81 51
8 72 43 70 22 50 50
36 84 72 16 5 46 83
63 4 1 81 75 51 86
77 58 48 6 17 30 44
52 5 15 87 83 9 78
16 5 46 43 79 89 85
73 19 38 7 84 6 72
76 26 56 86 19 54 7
15 61 16 44 16 89 85
36 84 72 25 61 87 27
0 30 34 78 53 35 23
19 73 19 53 8 36 67
79 25 70 86 19 54 17
6 17 30 83 25 29 8
36 84 72 63 4 1 106
51 81 82 79 25 70 57
60 88 13 68 83 37 24
61 26 5 34 51 81 80
55 7 26 25 61 87 81
11 0 39 67 81 11 85
64 83 79 63 4 1 111
12 49 82 86 19 54 41
32 48 38 52 5 15 48
62 88 53 63 4 1 98
3 21 50 47 55 28 40
71 64 88 0 30 34 63
31 62 19 78 53 35 18
48 49 24 15 61 16 14
60 88 13 47 55 28 36
10 30 65 3 21 50 17
69 69 5 51 81 82 77
38 31 86 71 64 88 33
14 57 37 13 13 18 47
33 77 57 18 11 78 69
31 62 19 18 11 78 77
50 20 34 73 19 38 4
84 69 26 89 33 37 37
68 83 37 6 17 30 66
69 69 5 21 11 89 102
28 65 20 71 64 88 68
40 52 38 82 9 32 43
76 26 56 51 81 82 60
22 38 43 65 38 9 34
84 69 26 62 88 53 33
53 8 36 68 83 37 75
7 84 6 68 83 37 31
47 55 28 52 5 15 51
45 0 40 37 51 18 55
34 51 81 67 81 11 76
58 30 32 48 49 24 20
17 0 9 71 64 88 101
6 17 30 30 50 43 35
9 29 60 80 37 82 23
37 51 18 21 11 89 81
25 61 87 51 81 82 20
73 19 38 16 5 46 16
43 79 89 82 9 32 90
17 0 9 43 79 89 112
5 6 1 63 4 1 2
38 31 86 46 51 69 26
58 30 32 49 16 87 56
39 30 33 51 81 82 70
50 20 34 84 69 26 49
54 89 89 51 81 82 10
7 84 6 45 0 40 90
5 6 1 0 30 34 40
76 26 56 10 30 65 9
36 84 72 31 62 19 57
81 75 51 34 51 81 38
76 26 56 56 0 57 26
73 19 38 69 69 5 59
15 61 16 38 31 86 76
87 83 9 80 37 82 86
60 88 13 80 37 82 85
14 57 37 88 65 35 8
1 28 54 86 19 54 9
85 34 76 31 62 19 63
75 87 40 10 30 65 62
10 30 65 59 54 24 47
42 16 82 74 44 53 40
11 0 39 72 42 29 43
69 69 5 85 34 76 79
3 21 50 11 0 39 23
36 84 72 70 22 50 65
0 30 34 64 83 79 69
52 5 15 89 33 37 35
72 42 29 51 81 82 65
14 57 37 28 65 20 18
36 84 72 79 25 70 59
48 49 24 13 13 18 36
27 12 49 25 61 87 62
6 17 30 40 52 38 35
80 37 82 89 33 37 45
21 11 89 43 79 89 68
81 75 51 19 73 19 32
15 61 16 13 13 18 48
69 69 5 53 8 36 68
56 0 57 18 11 78 23
81 75 51 1 28 54 47
79 25 70 2 75 89 53
52 5 15 45 0 40 25
74 44 53 47 55 28 27
34 51 81 4 56 31 50
62 88 53 59 54 24 44
38 31 86 23 67 56 46
69 69 5 41 40 74 74
42 16 82 47 55 28 66
2 75 89 24 30 11 90
58 30 32 0 30 34 2
40 52 38 51 81 82 52
86 19 54 48 49 24 42
24 30 11 77 58 48 46
40 52 38 62 88 53 39
10 30 65 33 77 57 47
77 58 48 64 83 79 39
18 11 78 74 44 53 41
24 30 11 40 52 38 34
38 31 86 42 16 82 15
24 30 11 78 53 35 33
89 33 37 86 19 54 22
65 38 9 35 74 0 37
42 16 82 87 83 9 99
57 0 61 37 51 18 66
14 57 37 32 48 38 9
68 83 37 41 40 74 56
59 54 24 57 0 61 65
22 38 43 77 58 48 20
33 77 57 69 69 5 52
50 20 34 43 79 89 80
47 55 28 46 51 69 41
79 25 70 74 44 53 25
8 72 43 76 26 56 47
84 69 26 17 0 9 71
73 19 38 49 16 87 49
78 53 35 80 37 82 49
30 50 43 13 13 18 44
40 52 38 44 16 89 62
15 61 16 47 55 28 13
50 20 34 35 74 0 63
31 62 19 53 8 36 56
68 83 37 8 72 43 12
61 26 5 59 54 24 33
68 83 37 3 21 50 63
69 69 5 43 79 89 84
25 61 87 37 51 18 69
57 0 61 61 26 5 61
70 22 50 76 26 56 7
46 51 69 8 72 43 33
41 40 74 33 77 57 40
8 72 43 73 19 38 53
78 53 35 8 72 43 20
43 79 89 55 7 26 95
82 9 32 72 42 29 33
25 61 87 57 0 61 66
21 11 89 13 13 18 71
64 83 79 12 49 82 34
2 75 89 83 25 29 78
28 65 20 72 42 29 24
61 26 5 1 28 54 49
34 51 81 35 74 0 84
69 69 5 9 29 60 68
71 64 88 75 87 40 53
37 51 18 60 88 13 37
81 75 51 0 30 34 48
3 21 50 22 38 43 18
65 38 9 11 0 39 48
29 32 46 64 83 79 60
47 55 28 16 5 46 53
65 38 9 28 65 20 29
32 48 38 42 16 82 54
26 62 75 65 38 9 70
12 49 82 30 50 43 39
77 58 48 69 69 5 44
83 25 29 87 83 9 61
51 81 82 61 26 5 94
13 13 18 54 89 89 104
21 11 89 6 17 30 59
51 81 82 30 50 43 49
48 49 24 10 30 65 45
31 62 19 77 58 48 29
57 0 61 13 13 18 44
79 25 70 67 81 11 81
54 89 89 62 88 53 36
81 75 51 43 79 89 38
64 83 79 54 89 89 11
18 11 78 67 81 11 96
48 49 24 77 58 48 25
30 50 43 50 20 34 31
45 0 40 47 55 28 56
11 0 39 4 56 31 56
6 17 30 58 30 32 13
78 53 35 82 9 32 44
53 8 36 4 56 31 48
49 16 87 15 61 16 84
65 38 9 6 17 30 29
37 51 18 59 54 24 6
74 44 53 22 38 43 11
20 0 64 9 29 60 29
57 0 61 72 42 29 52
82 9 32 7 84 6 79
20 0 64 72 42 29 54
19 73 19 14 57 37 24
37 51 18 83 25 29 28
75 87 40 2 75 89 50
40 52 38 68 83 37 31
71 64 88 73 19 38 67
71 64 88 27 12 49 65
17 0 9 69 69 5 69
73 19 38 80 37 82 47
17 0 9 83 25 29 32
55 7 26 77 58 48 55
51 81 82 0 30 34 70
67 81 11 57 0 61 95
48 49 24 6 17 30 32
8 72 43 65 38 9 48
49 16 87 69 69 5 97
86 19 54 60 88 13 80
80 37 82 86 19 54 33
62 88 53 51 81 82 29
79 25 70 80 37 82 16
18 11 78 71 64 88 53
11 0 39 78 53 35 53
42 16 82 88 65 35 67
4 56 31 40 52 38 8
42 16 82 45 0 40 44
18 11 78 30 50 43 52
34 51 81 45 0 40 65
39 30 33 33 77 57 52
64 83 79 14 57 37 49
65 38 9 32 48 38 30
34 51 81 59 54 24 57
10 30 65 69 69 5 71
19 73 19 80 37 82 72
10 30 65 42 16 82 22
46 51 69 55 7 26 61
79 25 70 14 57 37 45
22 38 43 6 17 30 24
80 37 82 14 57 37 49
83 25 29 40 52 38 28
47 55 28 9 29 60 41
3 21 50 19 73 19 60
24 30 11 64 83 79 86
5 6 1 53 8 36 35
5 6 1 29 32 46 51
56 0 57 4 56 31 61
33 77 57 21 11 89 73
6 17 30 47 55 28 38
36 84 72 66 79 35 37
25 61 87 6 17 30 72
87 83 9 66 79 35 26
70 22 50 7 84 6 76
1 28 54 87 83 9 71
34 51 81 2 75 89 25
84 69 26 58 30 32 39
3 21 50 30 50 43 29
77 58 48 83 25 29 38
3 21 50 50 20 34 16
59 54 24 54 89 89 73
38 31 86 30 50 43 47
53 8 36 85 34 76 47
55 7 26 19 73 19 66
89 33 37 28 65 20 36
11 0 39 74 44 53 46
75 87 40 21 11 89 90
84 69 26 79 25 70 62
2 75 89 48 49 24 70
57 0 61 22 38 43 42
63 4 1 86 19 54 55
44 16 89 2 75 89 59
48 49 24 42 16 82 66
76 26 56 84 69 26 52
69 69 5 11 0 39 76
5 6 1 35 74 0 68
55 7 26 50 20 34 15
18 11 78 9 29 60 25
63 4 1 52 5 15 14
3 21 50 14 57 37 38
78 53 35 13 13 18 43
62 88 53 74 44 53 44
52 5 15 8 72 43 72
86 19 54 50 20 34 20
84 69 26 4 56 31 13
3 21 50 89 33 37 17
7 84 6 11 0 39 90
71 64 88 40 52 38 51
12 49 82 50 20 34 56
31 62 19 4 56 31 13
17 0 9 21 11 89 80
43 79 89 61 26 5 99
30 50 43 82 9 32 42
81 75 51 64 83 79 29
56 0 57 89 33 37 38
13 13 18 87 83 9 70
18 11 78 66 79 35 80
83 25 29 47 55 28 30
15 61 16 28 65 20 5
6 17 30 73 19 38 8
2 75 89 57 0 61 80
16 5 46 71 64 88 72
66 79 35 72 42 29 37
57 0 61 31 62 19 74
51 81 82 57 0 61 83
36 84 72 78 53 35 48
21 11 89 85 34 76 26
4 56 31 86 19 54 43
66 79 35 88 65 35 14
46 51 69 49 16 87 39
82 9 32 4 56 31 47
62 88 53 6 17 30 74
78 53 35 86 19 54 38
20 0 64 7 84 6 102
32 48 38 55 7 26 42
21 11 89 64 83 79 72
11 0 39 46 51 69 59
5 6 1 47 55 28 55
61 26 5 41 40 74 70
5 6 1 76 26 56 58
35 74 0 67 81 11 13
66 79 35 55 7 26 72
68 83 37 34 51 81 54
50 20 34 85 34 76 44
54 89 89 20 0 64 92
71 64 88 46 51 69 23
6 17 30 59 54 24 37
88 65 35 81 75 51 18
26 62 75 34 51 81 12
83 25 29 88 65 35 40
5 6 1 1 28 54 57
25 61 87 7 84 6 84
76 26 56 45 0 40 30
37 51 18 62 88 53 50
62 88 53 48 49 24 48
16 5 46 6 17 30 20
64 83 79 52 5 15 100
54 89 89 40 52 38 63
44 16 89 3 21 50 39
17 0 9 51 81 82 109
75 87 40 70 22 50 65
25 61 87 64 83 79 23
74 44 53 63 4 1 65
29 32 46 49 16 87 44
69 69 5 3 21 50 65
26 62 75 27 12 49 56
62 88 53 61 26 5 78
77 58 48 73 19 38 40
40 52 38 46 51 69 31
60 88 13 48 49 24 40
74 44 53 27 12 49 32
65 38 9 74 44 53 44
70 22 50 32 48 38 28
26 62 75 38 31 86 32
65 38 9 16 5 46 49
68 83 37 71 64 88 54
54 89 89 88 65 35 59
61 26 5 23 67 56 65
40 52 38 60 88 13 43
48 49 24 63 4 1 50
42 16 82 81 75 51 66
46 51 69 10 30 65 21
0 30 34 27 12 49 23
4 56 31 81 75 51 27
15 61 16 37 51 18 10
52 5 15 74 44 53 54
0 30 34 7 84 6 60
22 38 43 85 34 76 33
67 81 11 24 30 11 51
34 51 81 19 73 19 65
73 19 38 30 50 43 31
77 58 48 26 62 75 27
76 26 56 22 38 43 17
66 79 35 37 51 18 32
35 74 0 40 52 38 43
39 30 33 3 21 50 19
55 7 26 29 32 46 32
71 64 88 13 13 18 86
5 6 1 80 37 82 86
69 69 5 29 32 46 55
4 56 31 85 34 76 50
74 44 53 64 83 79 46
64 83 79 86 19 54 68
56 0 57 64 83 79 85
33 77 57 46 51 69 28
56 0 57 53 8 36 22
1 28 54 27 12 49 16
4 56 31 62 88 53 38
14 57 37 59 54 24 13
23 67 56 82 9 32 62
1 28 54 82 9 32 29
1 28 54 58 30 32 22
88 65 35 9 29 60 43
38 31 86 13 13 18 70
60 88 13 14 57 37 39
83 25 29 76 26 56 27
50 20 34 52 5 15 24
53 8 36 38 31 86 55
20 0 64 22 38 43 43
44 16 89 20 0 64 29
25 61 87 32 48 38 50
12 49 82 31 62 19 64
79 25 70 9 29 60 10
20 0 64 58 30 32 43
64 83 79 60 88 13 66
31 62 19 68 83 37 27
61 26 5 11 0 39 42
72 42 29 75 87 40 46
5 6 1 21 11 89 88
6 17 30 14 57 37 40
41 40 74 30 50 43 32
17 0 9 50 20 34 32
79 25 70 59 54 24 54
19 73 19 11 0 39 75
61 26 5 76 26 56 51
74 44 53 53 8 36 39
84 69 26 31 62 19 9
77 58 48 88 65 35 14
36 84 72 55 7 26 89
48 49 24 37 51 18 6
42 16 82 49 16 87 5
0 30 34 53 8 36 22
63 4 1 30 50 43 62
80 37 82 62 88 53 58
77 58 48 72 42 29 24
28 65 20 20 0 64 78
82 9 32 58 30 32 21
84 69 26 33 77 57 32
53 8 36 37 51 18 46
29 32 46 38 31 86 40
23 67 56 16 5 46 62
7 84 6 14 57 37 41
42 16 82 35 74 0 100
65 38 9 84 69 26 35
48 49 24 52 5 15 44
53 8 36 40 52 38 44
2 75 89 63 4 1 113
89 33 37 12 49 82 47
72 42 29 60 88 13 48
34 51 81 53 8 36 62
88 65 35 52 5 15 63
76 26 56 77 58 48 32
1 28 54 40 52 38 28
45 0 40 63 4 1 39
37 51 18 84 69 26 19
78 53 35 46 51 69 34
76 26 56 28 65 20 53
40 52 38 34 51 81 43
83 25 29 74 44 53 30
30 50 43 27 12 49 38
43 79 89 78 53 35 59
16 5 46 76 26 56 23
78 53 35 50 20 34 33
27 12 49 82 9 32 17
51 81 82 43 79 89 7
54 89 89 3 21 50 78
64 83 79 44 16 89 67
58 30 32 15 61 16 34
31 62 19 74 44 53 38
85 34 76 17 0 9 75
46 51 69 31 62 19 51
13 13 18 80 37 82 68
23 67 56 88 65 35 21
53 8 36 42 16 82 46
17 0 9 28 65 20 65
44 16 89 8 72 43 72
80 37 82 2 75 89 38
72 42 29 52 5 15 39
67 81 11 82 9 32 75
49 16 87 64 83 79 67
13 13 18 58 30 32 22
50 20 34 19 73 19 55
28 65 20 74 44 53 39
47 55 28 43 79 89 65
26 62 75 43 79 89 22
8 72 43 37 51 18 32
28 65 20 31 62 19 3
18 11 78 69 69 5 93
38 31 86 76 26 56 30
35 74 0 17 0 9 74
40 52 38 59 54 24 14
58 30 32 64 83 79 70
27 12 49 20 0 64 19
11 0 39 47 55 28 56
13 13 18 2 75 89 94
83 25 29 39 30 33 6
58 30 32 7 84 6 59
85 34 76 9 29 60 16
70 22 50 42 16 82 32
73 19 38 44 16 89 51
5 6 1 84 69 26 67
39 30 33 56 0 57 38
52 5 15 29 32 46 41
4 56 31 2 75 89 61
82 9 32 2 75 89 87
42 16 82 68 83 37 80
74 44 53 85 34 76 25
30 50 43 47 55 28 15
34 51 81 27 12 49 50
7 84 6 46 51 69 71
2 75 89 81 75 51 38
70 22 50 19 73 19 59
18 11 78 44 16 89 12
87 83 9 73 19 38 70
56 0 57 30 50 43 51
41 40 74 54 89 89 51
56 0 57 77 58 48 58
43 79 89 20 0 64 82
68 83 37 55 7 26 76
12 49 82 56 0 57 55
60 88 13 29 32 46 65
31 62 19 41 40 74 59
55 7 26 51 81 82 92
78 53 35 45 0 40 53
66 79 35 71 64 88 55
2 75 89 41 40 74 38
57 0 61 5 6 1 60
31 62 19 35 74 0 22
78 53 35 79 25 70 44
89 33 37 66 79 35 46
46 51 69 0 30 34 40
88 65 35 28 65 20 15
69 69 5 86 19 54 70
47 55 28 76 26 56 40
71 64 88 85 34 76 32
88 65 35 3 21 50 46
87 83 9 79 25 70 84
51 81 82 42 16 82 65
40 52 38 80 37 82 46
66 79 35 64 83 79 44
41 40 74 87 83 9 77
5 6 1 82 9 32 31
54 89 89 87 83 9 80
73 19 38 37 51 18 37
3 21 50 23 67 56 46
15 61 16 7 84 6 25
9 29 60 44 16 89 31
70 22 50 20 0 64 26
28 65 20 43 79 89 70
82 9 32 63 4 1 31
2 75 89 85 34 76 43
64 83 79 1 28 54 60
19 73 19 9 29 60 60
38 31 86 83 25 29 57
49 16 87 16 5 46 42
30 50 43 54 89 89 60
61 26 5 25 61 87 89
58 30 32 4 56 31 26
38 31 86 74 44 53 35
29 32 46 35 74 0 62
49 16 87 38 31 86 15
19 73 19 58 30 32 44
34 51 81 12 49 82 2
44 16 89 26 62 75 48
23 67 56 73 19 38 51
19 73 19 40 52 38 28
36 84 72 68 83 37 35
11 0 39 27 12 49 15
30 50 43 19 73 19 33
59 54 24 71 64 88 64
47 55 28 81 75 51 30
66 79 35 7 84 6 29
29 32 46 75 87 40 55
23 67 56 34 51 81 29
40 52 38 21 11 89 65
42 16 82 71 64 88 48
83 25 29 41 40 74 47
49 16 87 89 33 37 52
39 30 33 71 64 88 64
45 0 40 0 30 34 30
25 61 87 86 19 54 53
53 8 36 52 5 15 21
15 61 16 6 17 30 46
20 0 64 76 26 56 27
14 57 37 74 44 53 20
48 49 24 17 0 9 51
60 88 13 84 69 26 23
64 83 79 53 8 36 86
14 57 37 26 62 75 38
66 79 35 34 51 81 53
27 12 49 88 65 35 54
7 84 6 31 62 19 25
37 51 18 80 37 82 65
79 25 70 30 50 43 36
30 50 43 43 79 89 54
30 50 43 77 58 48 9
16 5 46 51 81 82 84
14 57 37 89 33 37 24
55 7 26 79 25 70 47
6 17 30 69 69 5 57
52 5 15 60 88 13 83
43 79 89 52 5 15 104
63 4 1 76 26 56 59
40 52 38 41 40 74 37
37 51 18 47 55 28 10
57 0 61 83 25 29 40
35 74 0 74 44 53 60
22 38 43 38 31 86 43
8 72 43 36 84 72 31
63 4 1 59 54 24 55
87 83 9 37 51 18 33
2 75 89 61 26 5 97
21 11 89 19 73 19 93
82 9 32 73 19 38 11
7 84 6 52 5 15 79
77 58 48 57 0 61 59
57 0 61 0 30 34 40
34 51 81 44 16 89 35
39 30 33 18 11 78 48
58 30 32 68 83 37 53
31 62 19 14 57 37 18
55 7 26 60 88 13 82
56 0 57 78 53 35 57
17 0 9 87 83 9 83
37 51 18 76 26 56 45
41 40 74 50 20 34 44
70 22 50 73 19 38 12
18 11 78 40 52 38 57
24 30 11 22 38 43 32
60 88 13 62 88 53 40
10 30 65 26 62 75 33
61 26 5 47 55 28 37
1 28 54 4 56 31 36
23 67 56 26 62 75 19
79 25 70 82 9 32 41
67 81 11 76 26 56 71
7 84 6 85 34 76 86
48 49 24 30 50 43 19
10 30 65 70 22 50 17
89 33 37 40 52 38 19
44 16 89 37 51 18 79
28 65 20 46 51 69 50
89 33 37 38 31 86 49
75 87 40 89 33 37 54
81 75 51 41 40 74 41
82 9 32 10 30 65 39
83 25 29 23 67 56 49
19 73 19 71 64 88 69
52 5 15 11 0 39 24
68 83 37 65 38 9 53
75 87 40 42 16 82 82
58 30 32 65 38 9 24
7 84 6 79 25 70 87
56 0 57 49 16 87 34
29 32 46 76 26 56 11
62 88 53 13 13 18 82
51 81 82 75 87 40 42
44 16 89 79 25 70 21
80 37 82 81 75 51 49
26 62 75 66 79 35 43
85 34 76 80 37 82 6
72 42 29 70 22 50 29
11 0 39 36 84 72 90
51 81 82 41 40 74 41
79 25 70 47 55 28 51
25 61 87 35 74 0 87
32 48 38 24 30 11 32
75 87 40 26 62 75 43
17 0 9 46 51 69 78
23 67 56 48 49 24 36
38 31 86 20 0 64 38
0 30 34 89 33 37 4
21 11 89 48 49 24 75
39 30 33 38 31 86 53
37 51 18 61 26 5 28
59 54 24 50 20 34 35
15 61 16 72 42 29 23
42 16 82 23 67 56 57
1 28 54 89 33 37 17
41 40 74 42 16 82 25
5 6 1 43 79 89 114
37 51 18 79 25 70 58
13 13 18 45 0 40 25
55 7 26 27 12 49 23
88 65 35 72 42 29 23
55 7 26 80 37 82 63
73 19 38 11 0 39 19
32 48 38 50 20 34 28
75 87 40 76 26 56 63
35 74 0 84 69 26 26
40 52 38 32 48 38 4
83 25 29 89 33 37 11
14 57 37 15 61 16 21
66 79 35 38 31 86 70
17 0 9 45 0 40 31
72 42 29 63 4 1 47
87 83 9 39 30 33 58
48 49 24 71 64 88 65
2 75 89 86 19 54 66
72 42 29 39 30 33 12
70 22 50 40 52 38 32
44 16 89 14 57 37 66
55 7 26 16 5 46 20
78 53 35 28 65 20 19
61 26 5 82 9 32 31
26 62 75 63 4 1 94
56 0 57 1 28 54 28
33 77 57 30 50 43 30
73 19 38 89 33 37 14
48 49 24 0 30 34 21
81 75 51 58 30 32 48
82 9 32 85 34 76 50
68 83 37 28 65 20 24
23 67 56 67 81 11 47
50 20 34 70 22 50 16
54 89 89 70 22 50 77
18 11 78 7 84 6 102
79 25 70 31 62 19 63
32 48 38 59 54 24 15
29 32 46 39 30 33 13
87 83 9 47 55 28 33
55 7 26 4 56 31 49
80 37 82 56 0 57 44
79 25 70 24 30 11 59
38 31 86 4 56 31 60
88 65 35 47 55 28 12
22 38 43 50 20 34 20
78 53 35 38 31 86 55
88 65 35 8 72 43 10
25 61 87 69 69 5 82
89 33 37 2 75 89 66
19 73 19 33 77 57 38
13 13 18 89 33 37 27
35 74 0 9 29 60 75
33 77 57 16 5 46 72
69 69 5 39 30 33 48
55 7 26 20 0 64 38
54 89 89 35 74 0 90
76 26 56 14 57 37 36
75 87 40 9 29 60 61
45 0 40 16 5 46 7
27 12 49 23 67 56 55
39 30 33 79 25 70 37
32 48 38 36 84 72 49
18 11 78 29 32 46 38
18 11 78 89 33 37 46
74 44 53 50 20 34 30
20 0 64 50 20 34 36
43 79 89 73 19 38 78
62 88 53 89 33 37 57
84 69 26 68 83 37 17
43 79 89 74 44 53 50
11 0 39 76 26 56 31
67 81 11 22 38 43 53
45 0 40 82 9 32 12
26 62 75 76 26 56 40
72 42 29 23 67 56 36
85 34 76 24 30 11 65
28 65 20 26 62 75 55
12 49 82 59 54 24 58
29 32 46 10 30 65 19
5 6 1 66 79 35 80
15 61 16 1 28 54 50
51 81 82 85 34 76 47
69 69 5 45 0 40 77
51 81 82 38 31 86 50
16 5 46 3 21 50 16
41 40 74 17 0 9 76
83 25 29 10 30 65 36
88 65 35 87 83 9 31
19 73 19 83 25 29 49
20 0 64 80 37 82 41
0 30 34 9 29 60 26
54 89 89 55 7 26 103
56 0 57 32 48 38 51
65 38 9 37 51 18 15
1 28 54 57 0 61 28
65 38 9 42 16 82 76
22 38 43 7 84 6 59
13 13 18 56 0 57 41
53 8 36 82 9 32 4
6 17 30 28 65 20 49
74 44 53 69 69 5 54
51 81 82 14 57 37 51
0 30 34 47 55 28 25
2 75 89 39 30 33 71
11 0 39 14 57 37 57
82 9 32 20 0 64 33
58 30 32 32 48 38 18
47 55 28 67 81 11 31
88 65 35 80 37 82 54
86 19 54 83 25 29 25
30 50 43 2 75 89 52
87 83 9 71 64 88 81
86 19 54 28 65 20 57
61 26 5 13 13 18 18
0 30 34 59 54 24 26
15 61 16 22 38 43 35
13 13 18 70 22 50 33
56 0 57 29 32 46 33
30 50 43 40 52 38 5
72 42 29 0 30 34 13
81 75 51 48 49 24 37
43 79 89 46 51 69 34
20 0 64 81 75 51 76
35 74 0 4 56 31 35
50 20 34 47 55 28 35
24 30 11 19 73 19 43
62 88 53 76 26 56 62
2 75 89 32 48 38 57
36 84 72 47 55 28 52
1 28 54 13 13 18 39
12 49 82 49 16 87 33
73 19 38 88 65 35 46
50 20 34 81 75 51 57
3 21 50 60 88 13 76
88 65 35 61 26 5 49
39 30 33 61 26 5 28
59 54 24 35 74 0 31
50 20 34 49 16 87 53
50 20 34 29 32 46 16
17 0 9 73 19 38 34
52 5 15 14 57 37 56
4 56 31 18 11 78 65
44 16 89 51 81 82 65
69 69 5 8 72 43 38
50 20 34 61 26 5 29
37 51 18 23 67 56 41
51 81 82 20 0 64 82
31 62 19 75 87 40 32
68 83 37 88 65 35 18
83 25 29 85 34 76 47
80 37 82 26 62 75 25
9 29 60 62 88 53 59
64 83 79 83 25 29 76
28 65 20 5 6 1 61
35 74 0 47 55 28 33
75 87 40 88 65 35 22
78 53 35 17 0 9 59
40 52 38 23 67 56 23
21 11 89 36 84 72 74
84 69 26 13 13 18 56
68 83 37 64 83 79 42
70 22 50 84 69 26 52
31 62 19 34 51 81 62
18 11 78 75 87 40 84
41 40 74 52 5 15 68
68 83 37 70 22 50 62
3 21 50 82 9 32 21
0 30 34 13 13 18 23
32 48 38 5 6 1 55
20 0 64 59 54 24 67
65 38 9 51 81 82 84
1 28 54 72 42 29 28
36 84 72 43 79 89 17
34 51 81 69 69 5 78
69 69 5 28 65 20 15
59 54 24 78 53 35 11
88 65 35 6 17 30 48
87 83 9 31 62 19 23
62 88 53 50 20 34 70
51 81 82 4 56 31 56
17 0 9 10 30 65 63
85 34 76 47 55 28 52
3 21 50 59 54 24 42
64 83 79 55 7 26 92
35 74 0 39 30 33 55
58 30 32 46 51 69 42
3 21 50 46 51 69 35
59 54 24 45 0 40 56
44 16 89 72 42 29 65
88 65 35 2 75 89 54
63 4 1 16 5 46 45
9 29 60 34 51 81 30
74 44 53 20 0 64 45
58 30 32 30 50 43 22
14 57 37 69 69 5 34
69 69 5 56 0 57 86
87 83 9 68 83 37 28
76 26 56 31 62 19 51
28 65 20 16 5 46 65
51 81 82 84 69 26 57
5 6 1 13 13 18 18
64 83 79 65 38 9 83
61 26 5 5 6 1 20
17 0 9 27 12 49 41
31 62 19 22 38 43 33
38 31 86 33 77 57 54
30 50 43 55 7 26 46
74 44 53 9 29 60 16
6 17 30 44 16 89 59
28 65 20 67 81 11 18
19 73 19 66 79 35 17
10 30 65 63 4 1 69
35 74 0 38 31 86 96
29 32 46 66 79 35 48
56 0 57 68 83 37 85
1 28 54 75 87 40 60
26 62 75 9 29 60 36
46 51 69 73 19 38 44
56 0 57 47 55 28 62
75 87 40 46 51 69 46
39 30 33 10 30 65 32
41 40 74 57 0 61 42
27 12 49 75 87 40 75
36 84 72 85 34 76 50
48 49 24 20 0 64 63
58 30 32 42 16 82 51
11 0 39 34 51 81 66
60 88 13 6 17 30 73
56 0 57 31 62 19 72
55 7 26 3 21 50 27
7 84 6 24 30 11 54
73 19 38 27 12 49 13
41 40 74 32 48 38 36
71 64 88 29 32 46 52
51 81 82 73 19 38 76
84 69 26 49 16 87 80
72 42 29 43 79 89 70
0 30 34 4 56 31 26
12 49 82 57 0 61 53
10 30 65 6 17 30 37
78 53 35 27 12 49 43
76 26 56 53 8 36 26
77 58 48 67 81 11 43
26 62 75 13 13 18 75
29 32 46 20 0 64 36
0 30 34 29 32 46 12
60 88 13 15 61 16 27
73 19 38 74 44 53 29
33 77 57 1 28 54 49
86 19 54 27 12 49 8
27 12 49 15 61 16 59
26 62 75 6 17 30 63
71 64 88 12 49 82 16
42 16 82 17 0 9 74
86 19 54 17 0 9 48
60 88 13 7 84 6 8
84 69 26 14 57 37 16
26 62 75 45 0 40 71
64 83 79 23 67 56 28
60 88 13 11 0 39 91
6 17 30 32 48 38 32
70 22 50 56 0 57 23
74 44 53 33 77 57 33
14 57 37 40 52 38 5
27 12 49 72 42 29 36
15 61 16 82 9 32 54
85 34 76 43 79 89 46
40 52 38 56 0 57 55
21 11 89 15 61 16 88
63 4 1 35 74 0 70
61 26 5 55 7 26 28
25 61 87 31 62 19 68
89 33 37 59 54 24 24
19 73 19 7 84 6 17
54 89 89 32 48 38 65
21 11 89 47 55 28 75
21 11 89 74 44 53 48
55 7 26 33 77 57 76
59 54 24 9 29 60 43
86 19 54 37 51 18 48
1 28 54 71 64 88 49
66 79 35 31 62 19 23
12 49 82 17 0 9 87
70 22 50 39 30 33 18
60 88 13 9 29 60 75
43 79 89 53 8 36 88
4 56 31 44 16 89 70
17 0 9 77 58 48 69
67 81 11 68 83 37 26
71 64 88 58 30 32 65
42 16 82 3 21 50 32
84 69 26 34 51 81 57
45 0 40 1 28 54 31
2 75 89 70 22 50 65
26 62 75 78 53 35 41
3 21 50 33 77 57 56
5 6 1 17 0 9 10
54 89 89 25 61 87 28
72 42 29 49 16 87 63
20 0 64 71 64 88 68
48 49 24 66 79 35 31
63 4 1 34 51 81 92
88 65 35 62 88 53 29
29 32 46 67 81 11 60
64 83 79 10 30 65 54
24 30 11 74 44 53 44
37 51 18 42 16 82 72
75 87 40 28 65 20 29
42 16 82 34 51 81 35
79 25 70 8 72 43 54
27 12 49 46 51 69 43
33 77 57 85 34 76 47
41 40 74 49 16 87 27
1 28 54 66 79 35 54
69 69 5 75 87 40 39
67 81 11 8 72 43 33
31 62 19 50 20 34 44
3 21 50 84 69 26 53
21 11 89 12 49 82 38
15 61 16 39 30 33 35
43 79 89 2 75 89 4
66 79 35 17 0 9 83
35 74 0 66 79 35 35
84 69 26 9 29 60 52
66 79 35 50 20 34 59
1 28 54 42 16 82 30
81 75 51 72 42 29 39
37 51 18 46 51 69 51
11 0 39 41 40 74 53
79 25 70 32 48 38 39
20 0 64 65 38 9 66
87 83 9 58 30 32 57
14 57 37 2 75 89 55
43 79 89 58 30 32 75
64 83 79 18 11 78 72
23 67 56 81 75 51 9
54 89 89 74 44 53 57
80 37 82 3 21 50 35
64 83 79 37 51 18 68
32 48 38 7 84 6 48
68 83 37 39 30 33 53
44 16 89 35 74 0 106
17 0 9 8 72 43 79
43 79 89 0 30 34 73
55 7 26 41 40 74 58
9 29 60 38 31 86 26
22 38 43 9 29 60 19
63 4 1 4 56 31 60
7 84 6 5 6 1 78
53 8 36 13 13 18 18
74 44 53 30 50 43 11
36 84 72 61 26 5 88
19 73 19 52 5 15 68
47 55 28 41 40 74 48
65 38 9 77 58 48 43
37 51 18 29 32 46 33
52 5 15 37 51 18 46
15 61 16 34 51 81 65
19 73 19 16 5 46 73
9 29 60 17 0 9 58
43 79 89 68 83 37 52
52 5 15 86 19 54 41
71 64 88 79 25 70 42
24 30 11 17 0 9 30
38 31 86 16 5 46 47