35 595
23 27 13 15 34 17 8
29 3 17 18 14 29 16
18 14 29 9 9 32 5
9 9 32 23 27 13 26
21 1 18 14 28 24 27
31 25 8 32 27 15 7
13 14 26 26 26 22 12
34 29 0 5 34 29 29
24 33 9 4 9 2 25
30 23 23 29 3 17 20
3 26 3 8 20 7 7
5 34 29 7 20 15 19
30 23 23 22 7 5 24
22 7 5 27 28 32 34
32 27 15 27 28 32 17
27 28 32 9 9 32 19
15 34 17 22 7 5 29
21 1 18 13 14 26 15
15 34 17 10 0 34 38
24 33 9 18 14 29 27
27 28 32 1 6 30 22
9 9 32 12 26 4 32
3 26 3 2 19 10 9
29 3 17 33 0 21 5
22 7 5 8 20 7 13
31 25 8 33 0 21 28
23 27 13 34 29 0 13
3 26 3 29 3 17 26
6 32 17 20 19 25 15
6 32 17 19 11 25 22
31 25 8 6 32 17 11
32 27 15 25 0 5 28
17 11 13 24 33 9 22
0 14 32 16 29 16 21
34 29 0 0 14 32 35
15 34 17 9 9 32 29
20 19 25 33 0 21 19
26 26 22 19 11 25 15
16 29 16 19 11 25 20
21 1 18 8 20 7 21
5 34 29 6 32 17 12
21 1 18 31 25 8 26
32 27 15 6 32 17 5
31 25 8 22 7 5 18
28 6 32 15 34 17 31
19 11 25 3 26 3 26
15 34 17 11 34 18 1
29 3 17 19 11 25 11
13 14 26 11 34 18 21
28 6 32 34 29 0 39
8 20 7 26 26 22 16
5 34 29 32 27 15 15
26 26 22 14 28 24 2
21 1 18 15 34 17 33
0 14 32 23 27 13 23
25 0 5 23 27 13 28
14 28 24 10 0 34 29
29 3 17 4 9 2 16
20 19 25 0 14 32 8
4 9 2 33 0 21 21
28 6 32 5 34 29 28
24 33 9 12 26 4 8
1 6 30 24 33 9 34
34 29 0 19 11 25 30
18 14 29 5 34 29 20
3 26 3 5 34 29 27
2 19 10 19 11 25 17
12 26 4 22 7 5 19
3 26 3 15 34 17 16
27 28 32 5 34 29 6
13 14 26 22 7 5 22
3 26 3 14 28 24 21
2 19 10 30 23 23 13
13 14 26 7 20 15 12
28 6 32 14 28 24 23
31 25 8 14 28 24 16
24 33 9 7 20 15 14
10 0 34 3 26 3 40
13 14 26 24 33 9 25
31 25 8 29 3 17 23
22 7 5 34 29 0 22
4 9 2 27 28 32 35
19 11 25 14 28 24 17
34 29 0 26 26 22 22
30 23 23 23 27 13 10
7 20 15 28 6 32 22
11 34 18 26 26 22 8
13 14 26 27 28 32 15
21 1 18 16 29 16 28
10 0 34 18 14 29 14
3 26 3 31 25 8 5
1 6 30 19 11 25 7
29 3 17 10 0 34 17
3 26 3 16 29 16 13
6 32 17 10 0 34 36
26 26 22 29 3 17 23
13 14 26 6 32 17 20
4 9 2 8 20 7 12
28 6 32 18 14 29 8
19 11 25 10 0 34 14
1 6 30 16 29 16 26
23 27 13 33 0 21 28
26 26 22 28 6 32 22
17 11 13 5 34 29 28
32 27 15 18 14 29 19
28 6 32 3 26 3 35
6 32 17 25 0 5 34
25 0 5 18 14 29 27
26 26 22 27 28 32 10
16 29 16 18 14 29 19
30 23 23 6 32 17 10
9 9 32 29 3 17 16
13 14 26 3 26 3 25
6 32 17 12 26 4 14
33 0 21 16 29 16 29
27 28 32 17 11 13 25
15 34 17 5 34 29 12
34 29 0 18 14 29 32
12 26 4 27 28 32 28
23 27 13 27 28 32 19
23 27 13 6 32 17 6
32 27 15 20 19 25 12
16 29 16 24 33 9 8
4 9 2 18 14 29 27
0 14 32 25 0 5 30
22 7 5 9 9 32 27
2 19 10 17 11 13 8
27 28 32 19 11 25 18
14 28 24 30 23 23 5
33 0 21 17 11 13 13
8 20 7 11 34 18 17
16 29 16 14 28 24 8
2 19 10 16 29 16 11
19 11 25 15 34 17 24
21 1 18 12 26 4 28
25 0 5 29 3 17 12
15 34 17 18 14 29 23
34 29 0 9 9 32 37
0 14 32 24 33 9 29
8 20 7 6 32 17 15
30 23 23 7 20 15 8
27 28 32 24 33 9 23
16 29 16 32 27 15 2
32 27 15 9 9 32 24
34 29 0 24 33 9 9
7 20 15 33 0 21 20
25 0 5 24 33 9 33
1 6 30 5 34 29 28
2 19 10 25 0 5 19
6 32 17 7 20 15 12
10 0 34 25 0 5 29
12 26 4 28 6 32 34
13 14 26 12 26 4 25
12 26 4 33 0 21 31
8 20 7 27 28 32 26
26 26 22 18 14 29 13
31 25 8 17 11 13 14
24 33 9 32 27 15 8
3 26 3 6 32 17 15
4 9 2 10 0 34 33
20 19 25 14 28 24 9
7 20 15 34 29 0 17
32 27 15 28 6 32 27
13 14 26 5 34 29 20
3 26 3 18 14 29 28
19 11 25 25 0 5 22
21 1 18 30 23 23 22
7 20 15 4 9 2 17
8 20 7 14 28 24 18
26 26 22 16 29 16 6
24 33 9 28 6 32 35
16 29 16 15 34 17 5
8 20 7 10 0 34 33
5 34 29 14 28 24 7
16 29 16 5 34 29 13
34 29 0 12 26 4 5
1 6 30 32 27 15 25
17 11 13 32 27 15 16
26 26 22 7 20 15 9
33 0 21 2 19 10 21
21 1 18 29 3 17 2
1 6 30 14 28 24 22
22 7 5 10 0 34 29
13 14 26 30 23 23 9
3 26 3 20 19 25 23
17 11 13 6 32 17 21
4 9 2 9 9 32 30
5 34 29 23 27 13 17
24 33 9 14 28 24 15
13 14 26 4 9 2 24
6 32 17 29 3 17 29
26 26 22 9 9 32 19
1 6 30 31 25 8 29
23 27 13 19 11 25 20
16 29 16 28 6 32 28
23 27 13 18 14 29 20
6 32 17 4 9 2 27
2 19 10 13 14 26 16
3 26 3 1 6 30 33
19 11 25 13 14 26 3
9 9 32 3 26 3 33
16 29 16 12 26 4 12
5 34 29 26 26 22 10
17 11 13 15 34 17 23
9 9 32 33 0 21 14
28 6 32 11 34 18 31
10 0 34 32 27 15 33
20 19 25 31 25 8 18
8 20 7 30 23 23 16
1 6 30 11 34 18 30
13 14 26 31 25 8 21
12 26 4 11 34 18 16
16 29 16 23 27 13 3
6 32 17 34 29 0 17
23 27 13 11 34 18 8
16 29 16 6 32 17 3
20 19 25 16 29 16 13
28 6 32 1 6 30 2
20 19 25 26 26 22 7
21 1 18 26 26 22 25
31 25 8 30 23 23 15
8 20 7 13 14 26 19
5 34 29 19 11 25 23
31 25 8 19 11 25 22
31 25 8 5 34 29 22
12 26 4 30 23 23 19
3 26 3 34 29 0 4
20 19 25 29 3 17 17
16 29 16 4 9 2 24
29 3 17 13 14 26 14
14 28 24 4 9 2 29
25 0 5 12 26 4 26
10 0 34 16 29 16 34
13 14 26 0 14 32 6
0 14 32 12 26 4 30
1 6 30 17 11 13 17
31 25 8 24 33 9 8
11 34 18 19 11 25 24
4 9 2 22 7 5 3
2 19 10 1 6 30 23
32 27 15 33 0 21 27
24 33 9 11 34 18 9
17 11 13 9 9 32 19
0 14 32 14 28 24 16
21 1 18 6 32 17 31
9 9 32 8 20 7 27
11 34 18 32 27 15 7
25 0 5 5 34 29 41
10 0 34 12 26 4 39
0 14 32 27 28 32 14
2 19 10 14 28 24 16
14 28 24 18 14 29 14
21 1 18 11 34 18 33
30 23 23 26 26 22 3
0 14 32 6 32 17 23
28 6 32 29 3 17 15
21 1 18 34 29 0 33
22 7 5 26 26 22 25
11 34 18 7 20 15 14
29 3 17 15 34 17 31
26 26 22 6 32 17 7
19 11 25 9 9 32 7
12 26 4 23 27 13 9
21 1 18 19 11 25 12
0 14 32 18 14 29 3
25 0 5 26 26 22 31
8 20 7 15 34 17 17
34 29 0 10 0 34 44
3 26 3 7 20 15 13
14 28 24 33 0 21 28
2 19 10 24 33 9 14
15 34 17 0 14 32 25
29 3 17 16 29 16 26
30 23 23 0 14 32 12
16 29 16 25 0 5 31
17 11 13 23 27 13 16
9 9 32 7 20 15 20
17 11 13 10 0 34 23
32 27 15 14 28 24 9
23 27 13 8 20 7 9
9 9 32 2 19 10 24
13 14 26 14 28 24 14
27 28 32 34 29 0 32
21 1 18 24 33 9 33
28 6 32 10 0 34 6
26 26 22 10 0 34 28
10 0 34 7 20 15 27
25 0 5 30 23 23 29
6 32 17 2 19 10 14
12 26 4 29 3 17 26
12 26 4 15 34 17 15
20 19 25 18 14 29 6
18 14 29 6 32 17 21
20 19 25 21 1 18 19
22 7 5 32 27 15 22
0 14 32 19 11 25 7
20 19 25 23 27 13 14
2 19 10 4 9 2 12
8 20 7 7 20 15 8
33 0 21 18 14 29 16
30 23 23 10 0 34 25
23 27 13 29 3 17 24
2 19 10 5 34 29 24
2 19 10 0 14 32 22
28 6 32 27 28 32 22
20 19 25 11 34 18 16
23 27 13 1 6 30 27
0 14 32 22 7 5 27
15 34 17 6 32 17 2
29 3 17 0 14 32 18
1 6 30 12 26 4 32
3 26 3 11 34 18 17
2 19 10 32 27 15 9
5 34 29 30 23 23 12
14 28 24 9 9 32 20
32 27 15 30 23 23 8
29 3 17 22 7 5 12
2 19 10 28 6 32 25
24 33 9 8 20 7 13
18 14 29 31 25 8 23
27 28 32 2 19 10 23
10 0 34 13 14 26 16
31 25 8 7 20 15 8
3 26 3 0 14 32 31
14 28 24 15 34 17 9
34 29 0 4 9 2 20
3 26 3 27 28 32 29
30 23 23 11 34 18 12
1 6 30 29 3 17 13
32 27 15 23 27 13 2
9 9 32 20 19 25 12
32 27 15 21 1 18 26
24 33 9 33 0 21 35
4 9 2 32 27 15 22
29 3 17 14 28 24 25
10 0 34 27 28 32 28
21 1 18 4 9 2 17
33 0 21 25 0 5 16
20 19 25 27 28 32 11
8 20 7 0 14 32 25
10 0 34 0 14 32 14
20 19 25 30 23 23 4
23 27 13 3 26 3 10
20 19 25 4 9 2 25
26 26 22 2 19 10 13
8 20 7 5 34 29 26
21 1 18 22 7 5 14
34 29 0 29 3 17 31
28 6 32 8 20 7 28
32 27 15 19 11 25 18
31 25 8 23 27 13 5
3 26 3 22 7 5 19
9 9 32 16 29 16 25
2 19 10 18 14 29 19
3 26 3 26 26 22 19
31 25 8 0 14 32 26
33 0 21 11 34 18 34
16 29 16 27 28 32 16
15 34 17 32 27 15 7
34 29 0 11 34 18 18
13 14 26 16 29 16 18
6 32 17 33 0 21 32
28 6 32 9 9 32 3
27 28 32 31 25 8 24
18 14 29 22 7 5 25
12 26 4 4 9 2 17
27 28 32 7 20 15 18
1 6 30 15 34 17 30
2 19 10 7 20 15 5
7 20 15 18 14 29 15
13 14 26 15 34 17 21
7 20 15 32 27 15 7
27 28 32 15 34 17 16
11 34 18 0 14 32 24
16 29 16 8 20 7 12
21 1 18 2 19 10 19
22 7 5 24 33 9 26
9 9 32 31 25 8 28
34 29 0 15 34 17 17
7 20 15 20 19 25 10
28 6 32 4 9 2 30
16 29 16 7 20 15 9
20 19 25 24 33 9 21
18 14 29 1 6 30 8
11 34 18 18 14 29 22
25 0 5 11 34 18 36
21 1 18 7 20 15 19
31 25 8 10 0 34 36
7 20 15 15 34 17 14
26 26 22 4 9 2 26
22 7 5 33 0 21 17
29 3 17 32 27 15 24
19 11 25 33 0 21 11
14 28 24 12 26 4 20
29 3 17 2 19 10 17
31 25 8 26 26 22 14
11 34 18 17 11 13 23
25 0 5 20 19 25 27
11 34 18 5 34 29 11
16 29 16 31 25 8 8
25 0 5 7 20 15 22
1 6 30 22 7 5 25
8 20 7 19 11 25 20
11 34 18 10 0 34 37
33 0 21 3 26 3 31
19 11 25 17 11 13 12
33 0 21 28 6 32 12
17 11 13 30 23 23 15
17 11 13 13 14 26 13
33 0 21 34 29 0 35
3 26 3 17 11 13 18
25 0 5 9 9 32 28
34 29 0 16 29 16 16
23 27 13 22 7 5 21
4 9 2 5 34 29 36
34 29 0 14 28 24 24
5 34 29 10 0 34 34
33 0 21 27 28 32 30
6 32 17 27 28 32 15
21 1 18 9 9 32 16
21 1 18 27 28 32 30
17 11 13 21 1 18 11
33 0 21 5 34 29 34
21 1 18 28 6 32 14
24 33 9 23 27 13 7
5 34 29 20 19 25 15
7 20 15 1 6 30 20
7 20 15 29 3 17 17
14 28 24 7 20 15 12
27 28 32 18 14 29 14
22 7 5 17 11 13 8
11 34 18 22 7 5 29
8 20 7 25 0 5 20
32 27 15 13 14 26 17
2 19 10 11 34 18 17
26 26 22 33 0 21 26
8 20 7 29 3 17 19
14 28 24 11 34 18 8
11 34 18 27 28 32 15
14 28 24 25 0 5 33
17 11 13 12 26 4 17
23 27 13 7 20 15 7
12 26 4 19 11 25 25
23 27 13 10 0 34 34
2 19 10 10 0 34 30
10 0 34 9 9 32 9
21 1 18 5 34 29 34
32 27 15 34 29 0 15
1 6 30 34 29 0 37
13 14 26 25 0 5 25
21 1 18 33 0 21 3
25 0 5 3 26 3 26
28 6 32 17 11 13 19
10 0 34 20 19 25 21
9 9 32 30 23 23 16
23 27 13 13 14 26 18
34 29 0 30 23 23 23
1 6 30 6 32 17 29
3 26 3 32 27 15 12
13 14 26 1 6 30 8
24 33 9 26 26 22 14
18 14 29 8 20 7 22
9 9 32 0 14 32 5
6 32 17 9 9 32 27
1 6 30 21 1 18 13
0 14 32 28 6 32 8
15 34 17 31 25 8 12
2 19 10 23 27 13 8
20 19 25 13 14 26 5
12 26 4 18 14 29 27
6 32 17 28 6 32 30
17 11 13 34 29 0 22
24 33 9 19 11 25 27
28 6 32 30 23 23 19
15 34 17 33 0 21 34
31 25 8 11 34 18 13
17 11 13 26 26 22 17
3 26 3 24 33 9 9
26 26 22 15 34 17 9
26 26 22 12 26 4 18
8 20 7 12 26 4 6
24 33 9 9 9 32 33
7 20 15 0 14 32 18
25 0 5 4 9 2 9
5 34 29 9 9 32 25
32 27 15 0 14 32 21
8 20 7 17 11 13 10
20 19 25 19 11 25 8
21 1 18 25 0 5 13
2 19 10 31 25 8 6
1 6 30 25 0 5 25
5 34 29 22 7 5 36
17 11 13 14 28 24 20
15 34 17 20 19 25 17
7 20 15 22 7 5 16
18 14 29 17 11 13 16
4 9 2 23 27 13 21
15 34 17 24 33 9 8
0 14 32 5 34 29 20
0 14 32 33 0 21 17
10 0 34 21 1 18 16
19 11 25 4 9 2 23
27 28 32 30 23 23 10
11 34 18 29 3 17 31
17 11 13 25 0 5 13
16 29 16 11 34 18 5
26 26 22 32 27 15 7
12 26 4 3 26 3 1
18 14 29 30 23 23 10
15 34 17 25 0 5 36
23 27 13 28 6 32 28
31 25 8 28 6 32 30
21 1 18 3 26 3 29
19 11 25 28 6 32 8
12 26 4 32 27 15 11
4 9 2 30 23 23 25
20 19 25 34 29 0 26
30 23 23 15 34 17 12
22 7 5 2 19 10 13
1 6 30 20 19 25 13
22 7 5 16 29 16 24
8 20 7 20 19 25 18
33 0 21 30 23 23 23
12 26 4 7 20 15 12
34 29 0 2 19 10 14
4 9 2 11 34 18 29
31 25 8 8 20 7 5
13 14 26 18 14 29 3
33 0 21 13 14 26 14
28 6 32 22 7 5 27
17 11 13 29 3 17 8
7 20 15 19 11 25 13
9 9 32 11 34 18 28
7 20 15 17 11 13 9
3 26 3 30 23 23 20
14 28 24 22 7 5 28
17 11 13 4 9 2 11
6 32 17 14 28 24 8
30 23 23 16 29 16 9
25 0 5 28 6 32 27
0 14 32 1 6 30 8
1 6 30 30 23 23 18
23 27 13 14 28 24 11
1 6 30 10 0 34 7
8 20 7 2 19 10 3
18 14 29 21 1 18 17
12 26 4 2 19 10 9
19 11 25 18 14 29 5
34 29 0 8 20 7 11
26 26 22 23 27 13 9
8 20 7 1 6 30 26
20 19 25 2 19 10 15
21 1 18 23 27 13 26
1 6 30 4 9 2 28
0 14 32 4 9 2 30
15 34 17 4 9 2 29
14 28 24 27 28 32 8
9 9 32 1 6 30 3
31 25 8 4 9 2 17
20 19 25 28 6 32 14
34 29 0 13 14 26 30
31 25 8 12 26 4 4
25 0 5 27 28 32 38
20 19 25 12 26 4 22
0 14 32 17 11 13 19
10 0 34 33 0 21 13
26 26 22 0 14 32 15
24 33 9 6 32 17 8
4 9 2 3 26 3 17
1 6 30 33 0 21 10
15 34 17 2 19 10 16
13 14 26 28 6 32 10
22 7 5 25 0 5 7
29 3 17 24 33 9 31
8 20 7 33 0 21 24
24 33 9 5 34 29 20
25 0 5 34 29 0 29
22 7 5 20 19 25 23
30 23 23 24 33 9 17
6 32 17 11 34 18 2
29 3 17 27 28 32 29
24 33 9 10 0 34 41
29 3 17 5 34 29 33
26 26 22 1 6 30 21
19 11 25 22 7 5 20
13 14 26 9 9 32 7
6 32 17 22 7 5 27
34 29 0 31 25 8 8
17 11 13 20 19 25 14
17 11 13 16 29 16 18
8 20 7 32 27 15 10
0 14 32 21 1 18 19
31 25 8 25 0 5 25
12 26 4 5 34 29 26
30 23 23 19 11 25 12