69 2346
68 26 44 59 37 56 16
26 9 50 39 21 13 38
16 15 45 10 44 45 29
52 48 28 14 4 10 47
67 12 8 47 1 12 11
0 44 17 58 52 51 34
40 55 6 1 21 18 36
4 7 22 57 29 21 22
64 49 67 32 38 2 65
10 44 45 63 59 13 35
31 8 48 14 4 10 38
38 49 60 9 27 23 43
12 33 7 57 29 21 14
20 63 68 46 40 17 55
48 54 44 26 9 50 45
13 32 33 48 54 44 24
62 18 68 45 49 42 40
7 64 42 19 23 47 41
8 27 19 6 1 33 29
10 44 45 20 63 68 29
29 67 9 40 55 6 12
8 27 19 7 64 42 43
49 36 22 25 41 21 5
45 49 42 13 32 33 19
68 26 44 48 54 44 28
15 55 50 21 30 24 36
29 67 9 20 63 68 59
20 63 68 37 61 37 31
33 30 52 56 22 39 15
1 21 18 6 1 33 25
22 54 0 50 41 0 13
48 54 44 34 5 67 54
47 1 12 18 61 15 60
54 33 47 3 0 22 41
7 64 42 30 58 57 16
37 61 37 39 21 13 46
7 64 42 67 12 8 62
40 55 6 4 7 22 50
64 49 67 67 12 8 69
5 20 13 8 27 19 9
41 51 55 25 41 21 35
34 5 67 17 15 35 33
35 19 34 10 44 45 27
61 2 65 42 18 59 17
31 8 48 57 29 21 34
35 19 34 64 49 67 44
40 55 6 46 40 17 18
10 44 45 61 2 65 46
21 30 24 55 34 68 44
66 61 4 14 4 10 57
27 4 27 32 38 2 42
46 40 17 55 34 68 51
17 15 35 51 52 43 37
42 18 59 43 55 45 39
11 2 32 58 52 51 53
6 1 33 30 58 57 61
9 27 23 23 50 49 34
32 38 2 63 59 13 23
56 22 39 13 32 33 11
59 37 56 7 64 42 30
41 51 55 17 15 35 41
6 1 33 45 49 42 48
12 33 7 7 64 42 46
18 61 15 48 54 44 29
24 25 4 58 52 51 54
53 63 6 8 27 19 38
3 0 22 4 7 22 7
16 15 45 38 49 60 37
4 7 22 15 55 50 55
8 27 19 65 65 39 42
36 31 21 62 18 68 48
19 23 47 2 39 16 34
37 61 37 61 2 65 65
44 55 12 47 1 12 54
60 14 20 26 9 50 30
1 21 18 54 33 47 31
47 1 12 17 15 35 26
37 61 37 33 30 52 34
31 8 48 34 5 67 19
23 50 49 62 18 68 37
0 44 17 13 32 33 20
44 55 12 41 51 55 43
48 54 44 49 36 22 28
57 29 21 62 18 68 48
28 66 17 6 1 33 66
15 55 50 19 23 47 32
7 64 42 54 33 47 31
32 38 2 45 49 42 41
21 30 24 39 21 13 14
9 27 23 21 30 24 3
53 63 6 64 49 67 62
57 29 21 51 52 43 31
46 40 17 28 66 17 26
68 26 44 29 67 9 53
2 39 16 34 5 67 61
21 30 24 52 48 28 18
25 41 21 42 18 59 44
27 4 27 18 61 15 58
1 21 18 50 41 0 26
53 63 6 43 55 45 39
50 41 0 26 9 50 59
51 52 43 23 50 49 6
61 2 65 43 55 45 56
58 52 51 45 49 42 9
52 48 28 68 26 44 27
60 14 20 49 36 22 22
18 61 15 50 41 0 25
16 15 45 64 49 67 40
34 5 67 45 49 42 50
36 31 21 0 44 17 13
16 15 45 13 32 33 20
61 2 65 11 2 32 33
18 61 15 58 52 51 37
35 19 34 23 50 49 34
56 22 39 21 30 24 17
13 32 33 63 59 13 33
8 27 19 1 21 18 6
64 49 67 48 54 44 23
64 49 67 25 41 21 46
65 65 39 32 38 2 45
29 67 9 61 2 65 85
30 58 57 8 27 19 49
67 12 8 10 44 45 48
32 38 2 24 25 4 13
35 19 34 1 21 18 16
4 7 22 53 63 6 58
47 1 12 60 14 20 15
12 33 7 20 63 68 67
32 38 2 38 49 60 59
66 61 4 50 41 0 20
56 22 39 23 50 49 29
14 4 10 44 55 12 51
56 22 39 24 25 4 35
36 31 21 43 55 45 33
19 23 47 45 49 42 26
25 41 21 62 18 68 52
17 15 35 5 20 13 22
25 41 21 20 63 68 51
45 49 42 65 65 39 16
2 39 16 33 30 52 37
30 58 57 51 52 43 15
4 7 22 13 32 33 27
18 61 15 32 38 2 26
52 48 28 3 0 22 48
51 52 43 9 27 23 32
56 22 39 49 36 22 22
17 15 35 61 2 65 32
4 7 22 68 26 44 29
24 25 4 46 40 17 19
9 27 23 10 44 45 27
27 4 27 5 20 13 21
0 44 17 25 41 21 5
59 37 56 62 18 68 22
53 63 6 19 23 47 57
43 55 45 3 0 22 59
1 21 18 13 32 33 18
66 61 4 38 49 60 57
17 15 35 57 29 21 19
17 15 35 62 18 68 33
41 51 55 68 26 44 27
1 21 18 29 67 9 46
3 0 22 66 61 4 63
61 2 65 38 49 60 47
58 52 51 40 55 6 45
50 41 0 38 49 60 60
35 19 34 13 32 33 13
7 64 42 16 15 45 49
14 4 10 1 21 18 18
34 5 67 3 0 22 45
17 15 35 65 65 39 50
9 27 23 53 63 6 39
62 18 68 16 15 45 23
42 18 59 37 61 37 48
53 63 6 46 40 17 25
34 5 67 42 18 59 15
9 27 23 24 25 4 19
68 26 44 16 15 45 11
33 30 52 16 15 45 16
0 44 17 7 64 42 32
27 4 27 4 7 22 5
22 54 0 4 7 22 51
12 33 7 47 1 12 32
29 67 9 42 18 59 70
42 18 59 7 64 42 49
53 63 6 1 21 18 43
56 22 39 8 27 19 20
52 48 28 51 52 43 15
27 4 27 62 18 68 43
40 55 6 5 20 13 35
62 18 68 37 61 37 53
40 55 6 12 33 7 22
39 21 13 13 32 33 22
22 54 0 64 49 67 67
63 59 13 42 18 59 61
15 55 50 38 49 60 11
62 18 68 44 55 12 67
8 27 19 45 49 42 31
40 55 6 64 49 67 61
29 67 9 27 4 27 65
3 0 22 50 41 0 46
59 37 56 64 49 67 16
50 41 0 37 61 37 42
54 33 47 52 48 28 24
2 39 16 31 8 48 44
3 0 22 30 58 57 67
15 55 50 31 8 48 47
42 18 59 22 54 0 69
45 49 42 17 15 35 34
52 48 28 28 66 17 21
39 21 13 18 61 15 40
65 65 39 58 52 51 17
58 52 51 34 5 67 49
1 21 18 55 34 68 51
66 61 4 27 4 27 61
22 54 0 16 15 45 59
31 8 48 17 15 35 14
65 65 39 66 61 4 35
62 18 68 15 55 50 41
16 15 45 18 61 15 54
16 15 45 50 41 0 51
48 54 44 16 15 45 39
11 2 32 7 64 42 62
51 52 43 31 8 48 44
35 19 34 6 1 33 18
43 55 45 38 49 60 16
43 55 45 5 20 13 47
0 44 17 14 4 10 40
34 5 67 24 25 4 66
5 20 13 53 63 6 43
2 39 16 61 2 65 61
68 26 44 55 34 68 25
19 23 47 17 15 35 14
29 67 9 26 9 50 71
35 19 34 26 9 50 18
21 30 24 68 26 44 20
35 19 34 47 1 12 28
41 51 55 46 40 17 39
62 18 68 42 18 59 9
39 21 13 8 27 19 8
39 21 13 32 38 2 20
35 19 34 5 20 13 21
18 61 15 45 49 42 29
3 0 22 12 33 7 36
5 20 13 63 59 13 39
26 9 50 57 29 21 35
5 20 13 67 12 8 9
13 32 33 43 55 45 25
54 33 47 62 18 68 25
46 40 17 17 15 35 30
3 0 22 15 55 50 61
63 59 13 51 52 43 30
51 52 43 54 33 47 19
23 50 49 49 36 22 30
31 8 48 24 25 4 47
16 15 45 41 51 55 37
17 15 35 13 32 33 17
60 14 20 51 52 43 44
14 4 10 60 14 20 14
49 36 22 28 66 17 30
60 14 20 38 49 60 53
18 61 15 66 61 4 11
30 58 57 23 50 49 11
41 51 55 45 49 42 13
18 61 15 5 20 13 41
66 61 4 62 18 68 77
30 58 57 0 44 17 42
4 7 22 9 27 23 20
66 61 4 10 44 45 44
53 63 6 63 59 13 8
59 37 56 44 55 12 47
37 61 37 58 52 51 16
18 61 15 12 33 7 29
43 55 45 11 2 32 54
51 52 43 49 36 22 26
20 63 68 24 25 4 74
49 36 22 57 29 21 7
14 4 10 39 21 13 17
63 59 13 16 15 45 54
6 1 33 5 20 13 27
8 27 19 2 39 16 12
17 15 35 21 30 24 18
25 41 21 46 40 17 4
47 1 12 5 20 13 19
0 44 17 39 21 13 23
27 4 27 59 37 56 43
38 49 60 6 1 33 55
30 58 57 49 36 22 41
52 48 28 34 5 67 58
7 64 42 49 36 22 34
40 55 6 24 25 4 30
11 2 32 6 1 33 1
17 15 35 23 50 49 37
19 23 47 63 59 13 49
23 50 49 47 1 12 61
42 18 59 23 50 49 33
52 48 28 62 18 68 50
62 18 68 4 7 22 47
62 18 68 68 26 44 25
56 22 39 27 4 27 21
35 19 34 58 52 51 37
4 7 22 8 27 19 20
23 50 49 5 20 13 46
14 4 10 35 19 34 28
20 63 68 0 44 17 54
52 48 28 56 22 39 28
55 34 68 59 37 56 12
37 61 37 35 19 34 42
52 48 28 16 15 45 37
54 33 47 44 55 12 41
24 25 4 18 61 15 37
22 54 0 17 15 35 52
27 4 27 52 48 28 44
50 41 0 49 36 22 22
32 38 2 52 48 28 27
10 44 45 36 31 21 27
68 26 44 58 52 51 26
2 39 16 63 59 13 20
19 23 47 4 7 22 29
29 67 9 22 54 0 15
56 22 39 45 49 42 27
25 41 21 44 55 12 16
32 38 2 68 26 44 43
58 52 51 53 63 6 46
31 8 48 7 64 42 56
55 34 68 51 52 43 30
26 9 50 24 25 4 48
45 49 42 29 67 9 37
21 30 24 58 52 51 34
66 61 4 15 55 50 46
51 52 43 21 30 24 29
30 58 57 60 14 20 57
48 54 44 58 52 51 7
33 30 52 3 0 22 42
32 38 2 17 15 35 40
64 49 67 30 58 57 13
15 55 50 6 1 33 56
30 58 57 68 26 44 34
33 30 52 43 55 45 25
11 2 32 25 41 21 40
37 61 37 64 49 67 32
3 0 22 35 19 34 22
43 55 45 46 40 17 31
56 22 39 47 1 12 34
26 9 50 27 4 27 23
12 33 7 34 5 67 66
64 49 67 9 27 23 49
25 41 21 16 15 45 35
15 55 50 61 2 65 55
38 49 60 45 49 42 18
35 19 34 0 44 17 30
65 65 39 53 63 6 33
25 41 21 66 61 4 26
27 4 27 47 1 12 15
46 40 17 26 9 50 45
6 1 33 43 55 45 55
27 4 27 49 36 22 32
28 66 17 38 49 60 46
11 2 32 67 12 8 26
7 64 42 52 48 28 21
47 1 12 64 49 67 73
60 14 20 4 7 22 7
43 55 45 18 61 15 30
2 39 16 55 34 68 52
49 36 22 11 2 32 35
3 0 22 59 37 56 50
4 7 22 29 67 9 61
2 39 16 13 32 33 18
34 5 67 41 51 55 47
49 36 22 26 9 50 38
17 15 35 44 55 12 46
13 32 33 52 48 28 16
14 4 10 13 32 33 36
61 2 65 22 54 0 83
67 12 8 60 14 20 12
24 25 4 59 37 56 53
51 52 43 47 1 12 59
33 30 52 41 51 55 21
44 55 12 49 36 22 21
55 34 68 62 18 68 16
53 63 6 10 44 45 43
30 58 57 48 54 44 13
6 1 33 61 2 65 32
21 30 24 14 4 10 29
29 67 9 11 2 32 68
47 1 12 53 63 6 62
39 21 13 28 66 17 45
58 52 51 56 22 39 32
22 54 0 41 51 55 55
53 63 6 27 4 27 62
37 61 37 27 4 27 57
68 26 44 0 44 17 32
31 8 48 38 49 60 42
46 40 17 42 18 59 47
63 59 13 27 4 27 56
2 39 16 36 31 21 9
61 2 65 63 59 13 77
36 31 21 52 48 28 18
18 61 15 53 63 6 9
17 15 35 63 59 13 49
22 54 0 38 49 60 60
59 37 56 46 40 17 39
1 21 18 18 61 15 40
13 32 33 12 33 7 26
30 58 57 38 49 60 9
3 0 22 20 63 68 78
56 22 39 60 14 20 20
21 30 24 38 49 60 40
43 55 45 60 14 20 48
68 26 44 50 41 0 46
7 64 42 65 65 39 3
53 63 6 17 15 35 56
23 50 49 29 67 9 43
68 26 44 65 65 39 39
44 55 12 22 54 0 12
3 0 22 60 14 20 14
44 55 12 45 49 42 30
57 29 21 30 58 57 46
25 41 21 6 1 33 41
68 26 44 7 64 42 38
49 36 22 55 34 68 46
58 52 51 27 4 27 53
30 58 57 45 49 42 17
19 23 47 10 44 45 21
1 21 18 62 18 68 50
7 64 42 41 51 55 18
52 48 28 43 55 45 18
5 20 13 1 21 18 5
8 27 19 37 61 37 38
61 2 65 14 4 10 55
39 21 13 19 23 47 34
54 33 47 61 2 65 35
9 27 23 18 61 15 34
1 21 18 61 2 65 50
35 19 34 68 26 44 12
0 44 17 64 49 67 50
27 4 27 65 65 39 62
44 55 12 67 12 8 43
32 38 2 10 44 45 43
3 0 22 31 8 48 27
51 52 43 46 40 17 28
34 5 67 1 21 18 51
22 54 0 3 0 22 58
36 31 21 21 30 24 3
68 26 44 8 27 19 25
8 27 19 63 59 13 32
15 55 50 43 55 45 5
26 9 50 19 23 47 14
51 52 43 68 26 44 26
11 2 32 51 52 43 51
49 36 22 20 63 68 53
62 18 68 39 21 13 55
54 33 47 15 55 50 22
31 8 48 11 2 32 17
28 66 17 55 34 68 60
8 27 19 41 51 55 43
21 30 24 54 33 47 23
50 41 0 21 30 24 26
36 31 21 56 22 39 20
68 26 44 11 2 32 26
31 8 48 23 50 49 42
51 52 43 14 4 10 58
51 52 43 5 20 13 43
8 27 19 47 1 12 26
11 2 32 32 38 2 46
10 44 45 41 51 55 12
32 38 2 16 15 45 48
14 4 10 29 67 9 63
46 40 17 8 27 19 13
46 40 17 38 49 60 43
43 55 45 21 30 24 32
15 55 50 58 52 51 3
38 49 60 53 63 6 55
13 32 33 57 29 21 12
2 39 16 35 19 34 26
24 25 4 6 1 33 37
32 38 2 55 34 68 66
25 41 21 24 25 4 23
43 55 45 64 49 67 22
61 2 65 59 37 56 36
52 48 28 45 49 42 14
25 41 21 36 31 21 10
64 49 67 46 40 17 50
45 49 42 39 21 13 40
47 1 12 41 51 55 65
8 27 19 22 54 0 33
39 21 13 50 41 0 23
59 37 56 39 21 13 45
13 32 33 36 31 21 12
55 34 68 54 33 47 21
10 44 45 43 55 45 11
58 52 51 17 15 35 40
6 1 33 39 21 13 28
51 52 43 12 33 7 40
42 18 59 33 30 52 13
53 63 6 20 63 68 62
53 63 6 67 12 8 51
22 54 0 45 49 42 42
21 30 24 37 61 37 33
12 33 7 60 14 20 23
32 38 2 22 54 0 16
60 14 20 44 55 12 41
16 15 45 45 49 42 34
1 21 18 4 7 22 14
33 30 52 23 50 49 20
13 32 33 21 30 24 9
36 31 21 26 9 50 36
33 30 52 24 25 4 48
38 49 60 2 39 16 45
32 38 2 31 8 48 54
26 9 50 65 65 39 57
19 23 47 58 52 51 29
6 1 33 65 65 39 64
56 22 39 7 64 42 42
11 2 32 36 31 21 31
48 54 44 20 63 68 25
63 59 13 47 1 12 58
24 25 4 1 21 18 14
1 21 18 67 12 8 13
21 30 24 23 50 49 32
50 41 0 42 18 59 63
60 14 20 59 37 56 42
34 5 67 9 27 23 49
34 5 67 5 20 13 56
55 34 68 60 14 20 52
10 44 45 42 18 59 29
12 33 7 8 27 19 13
7 64 42 48 54 44 10
47 1 12 0 44 17 43
31 8 48 55 34 68 32
4 7 22 66 61 4 56
27 4 27 11 2 32 5
37 61 37 57 29 21 35
31 8 48 22 54 0 66
12 33 7 31 8 48 48
44 55 12 37 61 37 25
39 21 13 9 27 23 11
54 33 47 0 44 17 31
68 26 44 37 61 37 35
47 1 12 21 30 24 31
6 1 33 17 15 35 14
68 26 44 19 23 47 4
16 15 45 28 66 17 58
61 2 65 41 51 55 50
8 27 19 15 55 50 41
2 39 16 22 54 0 21
30 58 57 13 32 33 35
15 55 50 30 58 57 7
3 0 22 42 18 59 41
41 51 55 35 19 34 38
27 4 27 15 55 50 55
8 27 19 55 34 68 49
6 1 33 62 18 68 38
8 27 19 27 4 27 24
14 4 10 43 55 45 61
32 38 2 15 55 50 50
28 66 17 43 55 45 30
36 31 21 44 55 12 25
2 39 16 12 33 7 10
56 22 39 54 33 47 13
44 55 12 64 49 67 55
16 15 45 40 55 6 55
10 44 45 34 5 67 44
21 30 24 0 44 17 15
26 9 50 54 33 47 24
62 18 68 43 55 45 43
66 61 4 12 33 7 28
66 61 4 42 18 59 69
43 55 45 2 39 16 33
3 0 22 2 39 16 39
22 54 0 30 58 57 57
68 26 44 34 5 67 31
31 8 48 1 21 18 32
25 41 21 68 26 44 27
28 66 17 47 1 12 65
18 61 15 64 49 67 53
21 30 24 19 23 47 24
28 66 17 11 2 32 65
2 39 16 53 63 6 26
35 19 34 20 63 68 55
36 31 21 42 18 59 40
2 39 16 64 49 67 51
10 44 45 21 30 24 25
2 39 16 59 37 56 40
62 18 68 65 65 39 55
23 50 49 53 63 6 44
38 49 60 14 4 10 67
13 32 33 51 52 43 22
52 48 28 60 14 20 34
29 67 9 28 66 17 8
35 19 34 65 65 39 46
57 29 21 16 15 45 27
68 26 44 42 18 59 17
21 30 24 46 40 17 12
57 29 21 60 14 20 15
0 44 17 26 9 50 48
25 41 21 48 54 44 26
20 63 68 39 21 13 69
1 21 18 32 38 2 23
50 41 0 55 34 68 68
63 59 13 49 36 22 24
3 0 22 24 25 4 30
16 15 45 1 21 18 27
14 4 10 26 9 50 40
62 18 68 50 41 0 71
55 34 68 56 22 39 31
0 44 17 37 61 37 26
16 15 45 49 36 22 31
51 52 43 25 41 21 24
49 36 22 58 52 51 33
25 41 21 15 55 50 32
21 30 24 62 18 68 45
18 61 15 31 8 48 62
66 61 4 32 38 2 23
5 20 13 49 36 22 18
17 15 35 9 27 23 16
18 61 15 2 39 16 22
4 7 22 50 41 0 40
49 36 22 6 1 33 36
43 55 45 29 67 9 37
6 1 33 64 49 67 58
25 41 21 65 65 39 30
55 34 68 44 55 12 59
24 25 4 54 33 47 43
12 33 7 56 22 39 33
62 18 68 61 2 65 16
16 15 45 3 0 22 27
66 61 4 26 9 50 69
39 21 13 11 2 32 26
58 52 51 52 48 28 23
11 2 32 54 33 47 34
18 61 15 8 27 19 34
40 55 6 39 21 13 34
6 1 33 16 15 45 18
14 4 10 18 61 15 57
5 20 13 13 32 33 23
10 44 45 39 21 13 39
42 18 59 5 20 13 46
11 2 32 33 30 52 34
37 61 37 1 21 18 44
62 18 68 20 63 68 45
6 1 33 14 4 10 23
34 5 67 25 41 21 58
27 4 27 68 26 44 27
26 9 50 7 64 42 55
64 49 67 65 65 39 32
44 55 12 28 66 17 12
61 2 65 32 38 2 72
7 64 42 32 38 2 47
22 54 0 25 41 21 24
29 67 9 15 55 50 42
50 41 0 64 49 67 67
11 2 32 66 61 4 65
53 63 6 0 44 17 21
55 34 68 66 61 4 69
7 64 42 63 59 13 29
45 49 42 12 33 7 38
56 22 39 19 23 47 8
63 59 13 4 7 22 52
4 7 22 31 8 48 26
19 23 47 49 36 22 28
14 4 10 59 37 56 56
42 18 59 8 27 19 41
17 15 35 55 34 68 38
38 49 60 1 21 18 50
61 2 65 55 34 68 32
39 21 13 53 63 6 42
19 23 47 34 5 67 26
15 55 50 41 51 55 6
50 41 0 12 33 7 10
9 27 23 52 48 28 21
33 30 52 26 9 50 21
37 61 37 26 9 50 53
53 63 6 37 61 37 31
59 37 56 40 55 6 53
20 63 68 66 61 4 64
2 39 16 62 18 68 56
64 49 67 26 9 50 43
68 26 44 31 8 48 18
32 38 2 47 1 12 38
5 20 13 46 40 17 20
19 23 47 62 18 68 21
55 34 68 53 63 6 68
56 22 39 10 44 45 22
7 64 42 29 67 9 33
11 2 32 5 20 13 26
14 4 10 24 25 4 21
32 38 2 40 55 6 17
18 61 15 25 41 21 20
31 8 48 62 18 68 22
15 55 50 46 40 17 36
68 26 44 66 61 4 53
10 44 45 4 7 22 43
62 18 68 47 1 12 58
32 38 2 25 41 21 19
40 55 6 26 9 50 63
7 64 42 2 39 16 36
64 49 67 49 36 22 46
21 30 24 8 27 19 5
47 1 12 49 36 22 36
41 51 55 32 38 2 54
7 64 42 37 61 37 5
17 15 35 26 9 50 16
25 41 21 23 50 49 29
54 33 47 63 59 13 42
44 55 12 4 7 22 49
3 0 22 6 1 33 11
47 1 12 6 1 33 21
23 50 49 22 54 0 49
25 41 21 54 33 47 27
42 18 59 15 55 50 38
24 25 4 52 48 28 33
45 49 42 0 44 17 25
63 59 13 22 54 0 13
46 40 17 68 26 44 30
67 12 8 3 0 22 18
38 49 60 42 18 59 31
41 51 55 60 14 20 50
26 9 50 15 55 50 46
23 50 49 48 54 44 6
4 7 22 26 9 50 28
6 1 33 48 54 44 54
20 63 68 22 54 0 68
22 54 0 13 32 33 39
39 21 13 47 1 12 20
40 55 6 63 59 13 8
3 0 22 57 29 21 29
57 29 21 24 25 4 17
0 44 17 22 54 0 19
24 25 4 48 54 44 49
4 7 22 61 2 65 43
39 21 13 65 65 39 51
9 27 23 15 55 50 38
36 31 21 48 54 44 32
42 18 59 52 48 28 43
30 58 57 56 22 39 40
64 49 67 28 66 17 52
27 4 27 57 29 21 25
35 19 34 52 48 28 29
41 51 55 24 25 4 57
33 30 52 34 5 67 29
48 54 44 50 41 0 45
13 32 33 29 67 9 42
27 4 27 9 27 23 23
54 33 47 5 20 13 36
54 33 47 40 55 6 46
61 2 65 50 41 0 75
9 27 23 48 54 44 34
35 19 34 9 27 23 13
22 54 0 26 9 50 67
66 61 4 2 39 16 25
35 19 34 66 61 4 51
23 50 49 41 51 55 6
43 55 45 65 65 39 11
42 18 59 59 37 56 19
33 30 52 25 41 21 32
17 15 35 8 27 19 20
40 55 6 36 31 21 28
38 49 60 48 54 44 16
40 55 6 50 41 0 15
12 33 7 9 27 23 17
10 44 45 7 64 42 20
48 54 44 29 67 9 37
57 29 21 21 30 24 3
43 55 45 0 44 17 30
63 59 13 14 4 10 55
40 55 6 7 64 42 37
23 50 49 12 33 7 45
59 37 56 32 38 2 54
1 21 18 0 44 17 23
54 33 47 65 65 39 32
64 49 67 63 59 13 54
54 33 47 46 40 17 30
48 54 44 51 52 43 2
67 12 8 37 61 37 56
18 61 15 10 44 45 34
21 30 24 1 21 18 10
58 52 51 55 34 68 24
8 27 19 32 38 2 20
11 2 32 65 65 39 63
50 41 0 51 52 43 44
40 55 6 11 2 32 59
66 61 4 52 48 28 27
56 22 39 40 55 6 46
9 27 23 56 22 39 16
46 40 17 33 30 52 36
48 54 44 44 55 12 32
5 20 13 37 61 37 47
22 54 0 68 26 44 52
67 12 8 38 49 60 63
51 52 43 3 0 22 56
55 34 68 65 65 39 42
37 61 37 4 7 22 56
25 41 21 29 67 9 28
67 12 8 18 61 15 49
45 49 42 53 63 6 38
31 8 48 54 33 47 25
37 61 37 45 49 42 13
38 49 60 56 22 39 34
4 7 22 14 4 10 12
31 8 48 16 15 45 7
13 32 33 67 12 8 32
32 38 2 13 32 33 31
59 37 56 26 9 50 28
30 58 57 4 7 22 61
27 4 27 2 39 16 36
25 41 21 55 34 68 47
16 15 45 20 63 68 53
10 44 45 29 67 9 42
31 8 48 47 1 12 36
28 66 17 40 55 6 15
45 49 42 48 54 44 5
30 58 57 26 9 50 49
5 20 13 62 18 68 55
44 55 12 0 44 17 12
13 32 33 66 61 4 41
26 9 50 56 22 39 17
2 39 16 26 9 50 45
10 44 45 48 54 44 10
34 5 67 11 2 32 35
23 50 49 32 38 2 48
28 66 17 26 9 50 65
32 38 2 49 36 22 20
13 32 33 9 27 23 11
47 1 12 54 33 47 47
58 52 51 41 51 55 4
30 58 57 2 39 16 45
50 41 0 15 55 50 51
64 49 67 14 4 10 72
28 66 17 4 7 22 59
67 12 8 65 65 39 61
11 2 32 3 0 22 10
60 14 20 0 44 17 30
41 51 55 53 63 6 50
48 54 44 63 59 13 31
66 61 4 40 55 6 6
32 38 2 3 0 22 42
49 36 22 4 7 22 29
16 15 45 36 31 21 28
52 48 28 49 36 22 13
17 15 35 35 19 34 4
43 55 45 59 37 56 21
30 58 57 52 48 28 30
15 55 50 22 54 0 50
9 27 23 63 59 13 33
50 41 0 23 50 49 49
35 19 34 44 55 12 42
19 23 47 29 67 9 58
68 26 44 3 0 22 34
27 4 27 3 0 22 6
45 49 42 15 55 50 10
9 27 23 28 66 17 39
31 8 48 64 49 67 45
50 41 0 44 55 12 18
8 27 19 34 5 67 52
48 54 44 53 63 6 39
50 41 0 54 33 47 47
20 63 68 11 2 32 70
60 14 20 21 30 24 16
63 59 13 60 14 20 45
39 21 13 48 54 44 45
39 21 13 49 36 22 17
21 30 24 20 63 68 55
4 7 22 41 51 55 55
33 30 52 28 66 17 50
50 41 0 8 27 19 23
53 63 6 32 38 2 25
20 63 68 27 4 27 71
56 22 39 41 51 55 33
16 15 45 34 5 67 24
46 40 17 30 58 57 43
20 63 68 45 49 42 29
65 65 39 48 54 44 12
53 63 6 21 30 24 37
27 4 27 54 33 47 35
11 2 32 62 18 68 39
38 49 60 54 33 47 20
51 52 43 44 55 12 31
32 38 2 0 44 17 16
38 49 60 18 61 15 46
45 49 42 63 59 13 30
47 1 12 46 40 17 39
1 21 18 63 59 13 38
60 14 20 45 49 42 41
15 55 50 57 29 21 38
19 23 47 55 34 68 23
6 1 33 31 8 48 16
47 1 12 4 7 22 11
46 40 17 50 41 0 17
24 25 4 44 55 12 31
49 36 22 24 25 4 21
66 61 4 61 2 65 84
57 29 21 33 30 52 31
59 37 56 25 41 21 35
37 61 37 63 59 13 24
28 66 17 66 61 4 13
43 55 45 22 54 0 45
8 27 19 40 55 6 30
61 2 65 36 31 21 52
51 52 43 65 65 39 13
28 66 17 53 63 6 11
3 0 22 40 55 6 57
52 48 28 11 2 32 46
17 15 35 28 66 17 54
36 31 21 34 5 67 52
43 55 45 44 55 12 33
23 50 49 57 29 21 35
65 65 39 2 39 16 34
55 34 68 0 44 17 51
5 20 13 4 7 22 15
28 66 17 8 27 19 39
15 55 50 2 39 16 37
32 38 2 56 22 39 40
49 36 22 66 61 4 30
60 14 20 42 18 59 39
53 63 6 59 37 56 56
33 30 52 54 33 47 5
65 65 39 29 67 9 30
14 4 10 62 18 68 59
43 55 45 40 55 6 39
52 48 28 6 1 33 47
5 20 13 22 54 0 36
57 29 21 46 40 17 11
44 55 12 53 63 6 10
20 63 68 18 61 15 53
47 1 12 68 26 44 40
49 36 22 13 32 33 11
46 40 17 39 21 13 19
39 21 13 43 55 45 46
15 55 50 23 50 49 5
30 58 57 5 20 13 58
29 67 9 32 38 2 29
68 26 44 10 44 45 18
26 9 50 3 0 22 29
31 8 48 65 65 39 57
26 9 50 53 63 6 69
1 21 18 43 55 45 43
34 5 67 67 12 8 59
15 55 50 63 59 13 37
34 5 67 37 61 37 63
27 4 27 44 55 12 53
2 39 16 32 38 2 14
12 33 7 68 26 44 37
42 18 59 0 44 17 49
55 34 68 14 4 10 65
66 61 4 16 15 45 61
20 63 68 36 31 21 56
35 19 34 57 29 21 16
11 2 32 8 27 19 28
20 63 68 15 55 50 19
52 48 28 26 9 50 44
11 2 32 48 54 44 53
66 61 4 43 55 45 41
68 26 44 13 32 33 12
37 61 37 9 27 23 36
47 1 12 16 15 45 35
58 52 51 5 20 13 49
68 26 44 43 55 45 29
67 12 8 17 15 35 27
43 55 45 48 54 44 1
21 30 24 65 65 39 38
25 41 21 56 22 39 26
41 51 55 2 39 16 40
62 18 68 40 55 6 72
24 25 4 65 65 39 53
59 37 56 19 23 47 16
1 21 18 28 66 17 45
3 0 22 46 40 17 40
7 64 42 36 31 21 39
1 21 18 7 64 42 49
9 27 23 0 44 17 18
13 32 33 37 61 37 29
6 1 33 0 44 17 45
38 49 60 57 29 21 43
4 7 22 11 2 32 11
23 50 49 52 48 28 21
2 39 16 54 33 47 31
5 20 13 38 49 60 55
24 25 4 7 64 42 54
14 4 10 3 0 22 12
14 4 10 42 18 59 50
31 8 48 19 23 47 15
12 33 7 54 33 47 40
20 63 68 28 66 17 51
34 5 67 35 19 34 35
61 2 65 64 49 67 47
8 27 19 61 2 65 52
7 64 42 53 63 6 36
42 18 59 18 61 15 61
65 65 39 15 55 50 14
4 7 22 0 44 17 37
11 2 32 30 58 57 61
65 65 39 3 0 22 67
62 18 68 12 33 7 62
9 27 23 14 4 10 26
54 33 47 30 58 57 26
40 55 6 65 65 39 34
55 34 68 18 61 15 59
28 66 17 0 44 17 22
44 55 12 12 33 7 22
31 8 48 39 21 13 37
11 2 32 13 32 33 30
20 63 68 54 33 47 36
35 19 34 27 4 27 16
17 15 35 27 4 27 13
48 54 44 1 21 18 42
26 9 50 18 61 15 62
25 41 21 1 21 18 20
33 30 52 63 59 13 48
59 37 56 36 31 21 35
63 59 13 38 49 60 48
48 54 44 19 23 47 31
34 5 67 50 41 0 76
66 61 4 24 25 4 36
59 37 56 49 36 22 34
46 40 17 9 27 23 14
29 67 9 9 27 23 42
67 12 8 8 27 19 18
31 8 48 26 9 50 2
7 64 42 34 5 67 64
67 12 8 28 66 17 54
34 5 67 13 32 33 43
9 27 23 3 0 22 27
17 15 35 10 44 45 30
67 12 8 31 8 48 40
64 49 67 1 21 18 56
5 20 13 55 34 68 56
62 18 68 46 40 17 55
27 4 27 50 41 0 45
22 54 0 55 34 68 70
53 63 6 29 67 9 5
34 5 67 64 49 67 44
1 21 18 42 18 59 41
26 9 50 61 2 65 16
29 67 9 55 34 68 67
52 48 28 40 55 6 23
63 59 13 62 18 68 68
32 38 2 9 27 23 23
51 52 43 19 23 47 29
10 44 45 57 29 21 28
24 25 4 12 33 7 8
9 27 23 62 18 68 45
14 4 10 7 64 42 68
51 52 43 43 55 45 3
47 1 12 22 54 0 54
22 54 0 60 14 20 44
39 21 13 27 4 27 22
49 36 22 35 19 34 20
22 54 0 67 12 8 42
16 15 45 37 61 37 46
47 1 12 50 41 0 41
4 7 22 18 61 15 54
3 0 22 28 66 17 66
17 15 35 43 55 45 41
34 5 67 61 2 65 3
0 44 17 57 29 21 15
66 61 4 59 37 56 57
35 19 34 38 49 60 39
17 15 35 33 30 52 22
25 41 21 63 59 13 19
48 54 44 31 8 48 46
25 41 21 57 29 21 12
46 40 17 6 1 33 42
49 36 22 10 44 45 24
63 59 13 52 48 28 18
6 1 33 23 50 49 51
33 30 52 31 8 48 22
60 14 20 37 61 37 49
30 58 57 18 61 15 42
8 27 19 62 18 68 49
51 52 43 41 51 55 12
37 61 37 65 65 39 4
43 55 45 31 8 48 47
7 64 42 23 50 49 15
27 4 27 10 44 45 43
29 67 9 47 1 12 66
38 49 60 62 18 68 32
49 36 22 34 5 67 54
61 2 65 67 12 8 57
33 30 52 4 7 22 37
29 67 9 41 51 55 48
10 44 45 37 61 37 18
34 5 67 18 61 15 76
37 61 37 43 55 45 10
9 27 23 43 55 45 35
19 23 47 41 51 55 29
66 61 4 17 15 35 55
43 55 45 50 41 0 47
47 1 12 40 55 6 54
39 21 13 34 5 67 56
29 67 9 57 29 21 39
5 20 13 57 29 21 12
44 55 12 15 55 50 38
0 44 17 17 15 35 34
18 61 15 41 51 55 41
68 26 44 17 15 35 14
2 39 16 58 52 51 37
54 33 47 34 5 67 34
35 19 34 63 59 13 45
39 21 13 2 39 16 18
48 54 44 22 54 0 44
4 7 22 64 49 67 61
26 9 50 11 2 32 19
58 52 51 31 8 48 44
32 38 2 12 33 7 7
36 31 21 6 1 33 32
32 38 2 43 55 45 46
60 14 20 16 15 45 25
24 25 4 35 19 34 30
23 50 49 20 63 68 23
66 61 4 34 5 67 84
58 52 51 43 55 45 6
35 19 34 11 2 32 17
64 49 67 45 49 42 25
36 31 21 55 34 68 47
12 33 7 5 20 13 14
63 59 13 65 65 39 26
66 61 4 0 44 17 21
30 58 57 37 61 37 20
41 51 55 62 18 68 35
57 29 21 59 37 56 35
7 64 42 58 52 51 15
45 49 42 42 18 59 35
67 12 8 46 40 17 29
8 27 19 33 30 52 33
27 4 27 64 49 67 60
23 50 49 27 4 27 50
19 23 47 13 32 33 16
6 1 33 68 26 44 27
20 63 68 58 52 51 20
12 33 7 30 58 57 55
36 31 21 54 33 47 26
51 52 43 4 7 22 49
26 9 50 38 49 60 41
27 4 27 34 5 67 40
39 21 13 51 52 43 43
18 61 15 68 26 44 45
19 23 47 14 4 10 41
0 44 17 18 61 15 17
19 23 47 52 48 28 31
44 55 12 29 67 9 12
0 44 17 61 2 65 63
52 48 28 47 1 12 49
41 51 55 11 2 32 54
58 52 51 50 41 0 52
67 12 8 39 21 13 10
26 9 50 58 52 51 43
52 48 28 17 15 35 33
65 65 39 14 4 10 67
46 40 17 16 15 45 37
23 50 49 66 61 4 46
44 55 12 63 59 13 4
4 7 22 16 15 45 24
2 39 16 68 26 44 30
64 49 67 10 44 45 22
21 30 24 66 61 4 36
28 66 17 62 18 68 70
23 50 49 45 49 42 7
1 21 18 57 29 21 8
22 54 0 65 65 39 40
13 32 33 6 1 33 31
35 19 34 60 14 20 14
57 29 21 48 54 44 33
66 61 4 36 31 21 34
48 54 44 66 61 4 40
35 19 34 25 41 21 25
37 61 37 38 49 60 25
56 22 39 14 4 10 34
9 27 23 54 33 47 24
23 50 49 8 27 19 37
6 1 33 21 30 24 30
61 2 65 39 21 13 55
31 8 48 30 58 57 50
45 49 42 67 12 8 50
66 61 4 6 1 33 66
0 44 17 56 22 39 31
68 26 44 5 20 13 31
5 20 13 50 41 0 24
6 1 33 57 29 21 30
40 55 6 18 61 15 10
63 59 13 24 25 4 35
17 15 35 15 55 50 42
57 29 21 55 34 68 47
30 58 57 25 41 21 39
58 52 51 62 18 68 38
0 44 17 10 44 45 28
0 44 17 67 12 8 33
9 27 23 59 37 56 34
42 18 59 2 39 16 47
10 44 45 54 33 47 11
15 55 50 1 21 18 46
49 36 22 17 15 35 24
51 52 43 56 22 39 30
22 54 0 33 30 52 57
47 1 12 36 31 21 31
27 4 27 38 49 60 55
36 31 21 28 66 17 35
49 36 22 38 49 60 40
61 2 65 9 27 23 48
56 22 39 46 40 17 28
14 4 10 49 36 22 34
29 67 9 67 12 8 55
14 4 10 30 58 57 71
57 29 21 34 5 67 51
34 5 67 40 55 6 78
47 1 12 45 49 42 56
47 1 12 26 9 50 38
67 12 8 40 55 6 43
30 58 57 63 59 13 44
58 52 51 39 21 13 49
66 61 4 60 14 20 49
41 51 55 55 34 68 21
11 2 32 37 61 37 59
56 22 39 34 5 67 32
7 64 42 46 40 17 34
2 39 16 56 22 39 28
25 41 21 12 33 7 16
21 30 24 61 2 65 49
2 39 16 17 15 35 30
28 66 17 19 23 47 52
39 21 13 16 15 45 32
41 51 55 67 12 8 61
63 59 13 11 2 32 60
29 67 9 64 49 67 60
34 5 67 60 14 20 47
23 50 49 34 5 67 48
65 65 39 1 21 18 48
42 18 59 40 55 6 64
6 1 33 32 38 2 48
8 27 19 52 48 28 22
12 33 7 48 54 44 42
25 41 21 14 4 10 38
67 12 8 52 48 28 41
58 52 51 51 52 43 8
64 49 67 62 18 68 31
22 54 0 49 36 22 28
41 51 55 40 55 6 49
61 2 65 5 20 13 55
46 40 17 12 33 7 12
13 32 33 3 0 22 33
67 12 8 32 38 2 26
48 54 44 0 44 17 28
10 44 45 6 1 33 44
53 63 6 62 18 68 76
51 52 43 6 1 33 51
20 63 68 63 59 13 55
51 52 43 42 18 59 37
1 21 18 30 58 57 53
32 38 2 54 33 47 45
46 40 17 27 4 27 37
35 19 34 53 63 6 52
57 29 21 66 61 4 36
38 49 60 10 44 45 15
14 4 10 8 27 19 24
23 50 49 60 14 20 46
62 18 68 0 44 17 57
25 41 21 2 39 16 5
7 64 42 62 18 68 52
2 39 16 44 55 12 16
30 58 57 21 30 24 43
0 44 17 15 55 50 34
10 44 45 30 58 57 18
51 52 43 45 49 42 3
14 4 10 32 38 2 34
32 38 2 28 66 17 31
16 15 45 27 4 27 21
47 1 12 59 37 56 56
66 61 4 67 12 8 49
33 30 52 1 21 18 35
27 4 27 25 41 21 37
30 58 57 9 27 23 46
16 15 45 55 34 68 29
47 1 12 13 32 33 37
65 65 39 12 33 7 45
32 38 2 48 54 44 44
3 0 22 39 21 13 22
55 34 68 26 9 50 30
37 61 37 22 54 0 37
55 34 68 37 61 37 41
2 39 16 28 66 17 27
28 66 17 50 41 0 30
41 51 55 52 48 28 27
29 67 9 52 48 28 26
33 30 52 0 44 17 37
68 26 44 40 55 6 47
22 54 0 9 27 23 35
29 67 9 36 31 21 37
58 52 51 4 7 22 53
24 25 4 19 23 47 43
65 65 39 18 61 15 24
27 4 27 48 54 44 52
5 20 13 0 44 17 24
60 14 20 15 55 50 50
12 33 7 55 34 68 61
20 63 68 67 12 8 78
22 54 0 28 66 17 20
15 55 50 37 61 37 14
31 8 48 61 2 65 18
58 52 51 30 58 57 8
55 34 68 43 55 45 31
13 32 33 64 49 67 38
20 63 68 9 27 23 57
36 31 21 31 8 48 35
68 26 44 63 59 13 45
62 18 68 34 5 67 13
21 30 24 3 0 22 30
2 39 16 49 36 22 6
1 21 18 51 52 43 39
15 55 50 67 12 8 60
3 0 22 58 52 51 59
51 52 43 18 61 15 29
32 38 2 60 14 20 30
38 49 60 24 25 4 60
44 55 12 16 15 45 51
9 27 23 25 41 21 14
12 33 7 21 30 24 17
27 4 27 19 23 47 27
52 48 28 55 34 68 42
42 18 59 16 15 45 14
64 49 67 58 52 51 16
56 22 39 35 19 34 5
35 19 34 31 8 48 17
30 58 57 19 23 47 36
68 26 44 26 9 50 18
20 63 68 47 1 12 83
9 27 23 36 31 21 4
33 30 52 13 32 33 19
12 33 7 37 61 37 41
9 27 23 31 8 48 31
28 66 17 10 44 45 35
30 58 57 42 18 59 40
48 54 44 35 19 34 36
3 0 22 41 51 55 60
3 0 22 47 1 12 10
51 52 43 53 63 6 38
30 58 57 27 4 27 61
37 61 37 59 37 56 30
59 37 56 56 22 39 22
16 15 45 11 2 32 18
9 27 23 65 65 39 41
51 52 43 64 49 67 24
14 4 10 53 63 6 59
1 21 18 45 49 42 36
66 61 4 58 52 51 47
31 8 48 49 36 22 38
22 54 0 40 55 6 6
60 14 20 1 21 18 7
56 22 39 48 54 44 32
39 21 13 41 51 55 51
2 39 16 51 52 43 29
35 19 34 61 2 65 35
4 7 22 23 50 49 50
10 44 45 26 9 50 35
34 5 67 21 30 24 49
51 52 43 26 9 50 43
13 32 33 59 37 56 23
8 27 19 49 36 22 9
22 54 0 66 61 4 8
9 27 23 8 27 19 4
38 49 60 4 7 22 56
46 40 17 13 32 33 17
42 18 59 9 27 23 37
61 2 65 18 61 15 77
36 31 21 63 59 13 29
9 27 23 11 2 32 26
39 21 13 24 25 4 9
9 27 23 2 39 16 13
31 8 48 25 41 21 42
50 41 0 19 23 47 50
32 38 2 37 61 37 41
68 26 44 57 29 21 23
12 33 7 38 49 60 55
47 1 12 58 52 51 64
7 64 42 47 1 12 69
38 49 60 65 65 39 26
2 39 16 48 54 44 31
7 64 42 51 52 43 12
37 61 37 52 48 28 15
44 55 12 32 38 2 19
43 55 45 54 33 47 22
55 34 68 33 30 52 16
3 0 22 44 55 12 55
49 36 22 42 18 59 41
53 63 6 49 36 22 31
3 0 22 17 15 35 19
6 1 33 2 39 16 41
19 23 47 11 2 32 25
20 63 68 43 55 45 24
32 38 2 50 41 0 3
56 22 39 28 66 17 49
44 55 12 1 21 18 34
63 59 13 56 22 39 45
58 52 51 16 15 45 37
11 2 32 47 1 12 20
66 61 4 63 59 13 9
65 65 39 61 2 65 68
60 14 20 33 30 52 35
16 15 45 26 9 50 7
62 18 68 51 52 43 42
40 55 6 33 30 52 52
44 55 12 6 1 33 57
54 33 47 19 23 47 10
62 18 68 22 54 0 76
27 4 27 33 30 52 36
17 15 35 60 14 20 15
33 30 52 38 49 60 20
23 50 49 38 49 60 11
12 33 7 33 30 52 45
63 59 13 67 12 8 47
65 65 39 28 66 17 22
0 44 17 8 27 19 17
20 63 68 42 18 59 45
31 8 48 59 37 56 30
10 44 45 8 27 19 31
42 18 59 53 63 6 69
56 22 39 44 55 12 42
27 4 27 45 49 42 47
57 29 21 42 18 59 39
14 4 10 20 63 68 82
21 30 24 11 2 32 29
66 61 4 44 55 12 10
21 30 24 24 25 4 20
28 66 17 27 4 27 62
27 4 27 22 54 0 56
19 23 47 35 19 34 13
64 49 67 36 31 21 49
60 14 20 8 27 19 13
65 65 39 4 7 22 60
9 27 23 67 12 8 21
55 34 68 35 19 34 37
16 15 45 67 12 8 37
68 26 44 56 22 39 6
58 52 51 63 59 13 38
28 66 17 15 55 50 34
12 33 7 28 66 17 34
45 49 42 50 41 0 42
57 29 21 61 2 65 51
33 30 52 61 2 65 30
35 19 34 54 33 47 19
31 8 48 50 41 0 58
36 31 21 60 14 20 17
36 31 21 3 0 22 31
36 31 21 30 58 57 45
64 49 67 55 34 68 15
54 33 47 48 54 44 21
10 44 45 59 37 56 13
61 2 65 60 14 20 46
55 34 68 3 0 22 57
29 67 9 34 5 67 84
63 59 13 57 29 21 31
66 61 4 33 30 52 57
14 4 10 34 5 67 57
24 25 4 36 31 21 18
25 41 21 43 55 45 27
3 0 22 48 54 44 58
9 27 23 44 55 12 30
13 32 33 50 41 0 34
10 44 45 5 20 13 40
41 51 55 12 33 7 51
25 41 21 60 14 20 27
14 4 10 67 12 8 8
51 52 43 67 12 8 53
13 32 33 41 51 55 29
22 54 0 52 48 28 28
22 54 0 39 21 13 35
10 44 45 40 55 6 40
55 34 68 10 44 45 25
42 18 59 64 49 67 32
43 55 45 24 25 4 50
33 30 52 49 36 22 30
21 30 24 49 36 22 6
24 25 4 29 67 9 42
62 18 68 48 54 44 43
40 55 6 49 36 22 24
6 1 33 53 63 6 67
28 66 17 24 25 4 43
23 50 49 18 61 15 35
3 0 22 18 61 15 61
3 0 22 53 63 6 65
10 44 45 65 65 39 21
21 30 24 45 49 42 26
30 58 57 55 34 68 26
11 2 32 2 39 16 40
33 30 52 44 55 12 47
33 30 52 65 65 39 37
52 48 28 65 65 39 20
67 12 8 49 36 22 27
16 15 45 56 22 39 9
47 1 12 48 54 44 61
25 41 21 17 15 35 29
7 64 42 6 1 33 63
41 51 55 57 29 21 40
36 31 21 53 63 6 35
9 27 23 16 15 45 25
28 66 17 58 52 51 36
45 49 42 7 64 42 15
4 7 22 55 34 68 53
12 33 7 39 21 13 13
52 48 28 50 41 0 28
47 1 12 42 18 59 49
51 52 43 28 66 17 29
38 49 60 7 64 42 23
12 33 7 43 55 45 43
24 25 4 62 18 68 64
38 49 60 47 1 12 67
67 12 8 27 4 27 20
61 2 65 13 32 33 43
25 41 21 10 44 45 24
23 50 49 14 4 10 60
2 39 16 46 40 17 1
14 4 10 27 4 27 17
47 1 12 55 34 68 65
33 30 52 50 41 0 53
51 52 43 35 19 34 34
38 49 60 25 41 21 39
35 19 34 7 64 42 45
4 7 22 45 49 42 46
38 49 60 8 27 19 46
58 52 51 9 27 23 37
42 18 59 4 7 22 38
39 21 13 63 59 13 38
6 1 33 50 41 0 51
41 51 55 30 58 57 7
22 54 0 36 31 21 31
24 25 4 4 7 22 25
33 30 52 58 52 51 22
13 32 33 28 66 17 37
20 63 68 65 65 39 29
33 30 52 14 4 10 49
63 59 13 3 0 22 59
45 49 42 46 40 17 26
21 30 24 22 54 0 33
43 55 45 7 64 42 9
62 18 68 49 36 22 49
48 54 44 8 27 19 36
28 66 17 30 58 57 40
39 21 13 54 33 47 36
7 64 42 4 7 22 60
48 54 44 21 30 24 31
36 31 21 19 23 47 27
59 37 56 45 49 42 18
54 33 47 16 15 45 18
4 7 22 12 33 7 30
54 33 47 45 49 42 16
54 33 47 49 36 22 25
36 31 21 38 49 60 42
43 55 45 27 4 27 54
43 55 45 45 49 42 6
16 15 45 12 33 7 42
68 26 44 61 2 65 31
30 58 57 40 55 6 51
54 33 47 41 51 55 19
58 52 51 60 14 20 49
27 4 27 24 25 4 31
32 38 2 21 30 24 23
19 23 47 3 0 22 33
55 34 68 39 21 13 56
53 63 6 13 32 33 41
64 49 67 57 29 21 50
36 31 21 49 36 22 5
38 49 60 0 44 17 43
20 63 68 30 58 57 12
34 5 67 63 59 13 76
49 36 22 43 55 45 29
19 23 47 33 30 52 8
22 54 0 59 37 56 58
23 50 49 13 32 33 24
54 33 47 59 37 56 9
64 49 67 5 20 13 61
13 32 33 18 61 15 34
43 55 45 34 5 67 54
63 59 13 46 40 17 19
13 32 33 27 4 27 28
59 37 56 52 48 28 30
65 65 39 34 5 67 66
44 55 12 38 49 60 48
25 41 21 58 52 51 31
41 51 55 1 21 18 47
51 52 43 16 15 45 37
64 49 67 3 0 22 66
30 58 57 29 67 9 48
52 48 28 1 21 18 28
19 23 47 66 61 4 57
31 8 48 27 4 27 21
62 18 68 29 67 9 76
35 19 34 62 18 68 34
35 19 34 8 27 19 17
18 61 15 60 14 20 47
44 55 12 26 9 50 59
12 33 7 0 44 17 14
48 54 44 33 30 52 25
45 49 42 55 34 68 30
65 65 39 0 44 17 30
6 1 33 59 37 56 42
11 2 32 14 4 10 22
30 58 57 62 18 68 41
3 0 22 0 44 17 44
4 7 22 48 54 44 51
44 55 12 23 50 49 37
43 55 45 26 9 50 46
6 1 33 37 61 37 60
30 58 57 16 15 45 44
15 55 50 36 31 21 37
44 55 12 68 26 44 43
0 44 17 11 2 32 44
23 50 49 65 65 39 18
45 49 42 61 2 65 52
21 30 24 5 20 13 14
6 1 33 9 27 23 27
16 15 45 35 19 34 11
32 38 2 34 5 67 72
18 61 15 19 23 47 49
50 41 0 60 14 20 33
61 2 65 19 23 47 27
21 30 24 18 61 15 32
51 52 43 61 2 65 54
44 55 12 7 64 42 31
67 12 8 4 7 22 14
63 59 13 31 8 48 61
28 66 17 48 54 44 29
54 33 47 68 26 44 7
46 40 17 23 50 49 33
41 51 55 0 44 17 38
43 55 45 57 29 21 35
24 25 4 11 2 32 36
12 33 7 26 9 50 49
47 1 12 10 44 45 54
53 63 6 31 8 48 69
12 33 7 63 59 13 26
25 41 21 67 12 8 31
7 64 42 18 61 15 27
3 0 22 1 21 18 21
54 33 47 37 61 37 29
36 31 21 39 21 13 12
37 61 37 29 67 9 28
6 1 33 29 67 9 70
52 48 28 48 54 44 17
52 48 28 39 21 13 30
35 19 34 21 30 24 14
55 34 68 20 63 68 29
47 1 12 65 65 39 69
10 44 45 31 8 48 36
15 55 50 56 22 39 34
4 7 22 25 41 21 34
23 50 49 0 44 17 32
56 22 39 61 2 65 32
33 30 52 30 58 57 28
38 49 60 52 48 28 32
61 2 65 20 63 68 61
50 41 0 2 39 16 16
45 49 42 57 29 21 29
29 67 9 60 14 20 54
21 30 24 4 7 22 23
66 61 4 30 58 57 53
23 50 49 61 2 65 50
41 51 55 20 63 68 17
23 50 49 19 23 47 27
53 63 6 66 61 4 2
64 49 67 19 23 47 32
5 20 13 36 31 21 13
68 26 44 33 30 52 8
41 51 55 59 37 56 14
0 44 17 63 59 13 15
42 18 59 41 51 55 33
8 27 19 26 9 50 35
11 2 32 23 50 49 50
2 39 16 29 67 9 28
29 67 9 50 41 0 27
34 5 67 22 54 0 83
56 22 39 65 65 39 43
20 63 68 50 41 0 71
27 4 27 41 51 55 54
56 22 39 20 63 68 50
25 41 21 13 32 33 15
22 54 0 19 23 47 56
58 52 51 10 44 45 10
41 51 55 38 49 60 5
24 25 4 8 27 19 15
46 40 17 52 48 28 13
23 50 49 55 34 68 24
11 2 32 64 49 67 58
25 41 21 21 30 24 11
52 48 28 53 63 6 26
44 55 12 18 61 15 6
26 9 50 41 51 55 42
60 14 20 10 44 45 39
53 63 6 57 29 21 37
8 27 19 25 41 21 14
1 21 18 23 50 49 42
38 49 60 13 32 33 31
5 20 13 65 65 39 51
34 5 67 28 66 17 78
0 44 17 50 41 0 17
23 50 49 2 39 16 34
4 7 22 43 55 45 53
43 55 45 67 12 8 56
15 55 50 14 4 10 64
64 49 67 60 14 20 58
15 55 50 64 49 67 18
18 61 15 46 40 17 21
22 54 0 46 40 17 22
54 33 47 17 15 35 21
67 12 8 35 19 34 26
47 1 12 33 30 52 49
28 66 17 61 2 65 80
8 27 19 57 29 21 2
42 18 59 56 22 39 20
45 49 42 49 36 22 23
40 55 6 44 55 12 6
58 52 51 36 31 21 36
4 7 22 2 39 16 32
48 54 44 42 18 59 39
11 2 32 50 41 0 50
40 55 6 55 34 68 65
6 1 33 41 51 55 54
45 49 42 10 44 45 5
24 25 4 17 15 35 32
64 49 67 23 50 49 18
3 0 22 10 44 45 49
67 12 8 62 18 68 60
57 29 21 19 23 47 26
1 21 18 22 54 0 37
13 32 33 8 27 19 14
26 9 50 25 41 21 43
2 39 16 40 55 6 18
25 41 21 19 23 47 31
40 55 6 60 14 20 43
59 37 56 65 65 39 32
9 27 23 57 29 21 2
67 12 8 68 26 44 38
36 31 21 18 61 15 30
51 52 43 66 61 4 40
32 38 2 51 52 43 43
51 52 43 20 63 68 27
35 19 34 46 40 17 27
54 33 47 18 61 15 42
17 15 35 48 54 44 40
14 4 10 50 41 0 38
53 63 6 12 33 7 30
62 18 68 33 30 52 20
60 14 20 6 1 33 18
46 40 17 34 5 67 61
51 52 43 33 30 52 23
58 52 51 67 12 8 58
17 15 35 36 31 21 21
63 59 13 21 30 24 31
39 21 13 57 29 21 11
23 50 49 40 55 6 43
35 19 34 50 41 0 40
6 1 33 55 34 68 48
35 19 34 33 30 52 21
4 7 22 35 19 34 16
56 22 39 53 63 6 52
24 25 4 2 39 16 18
5 20 13 16 15 45 32
46 40 17 66 61 4 24
40 55 6 31 8 48 63
37 61 37 23 50 49 16
42 18 59 26 9 50 12
13 32 33 7 64 42 33
52 48 28 33 30 52 30
49 36 22 65 65 39 33
26 9 50 45 49 42 40
32 38 2 35 19 34 37
40 55 6 27 4 27 55
57 29 21 52 48 28 20
33 30 52 5 20 13 40
65 65 39 36 31 21 38
45 49 42 36 31 21 27
28 66 17 57 29 21 37
32 38 2 46 40 17 15
17 15 35 16 15 45 10
52 48 28 12 33 7 25
60 14 20 54 33 47 33
18 61 15 17 15 35 50
63 59 13 6 1 33 61
51 52 43 10 44 45 8
42 18 59 55 34 68 18
19 23 47 32 38 2 47
31 8 48 37 61 37 54
56 22 39 66 61 4 52
67 12 8 55 34 68 63
7 64 42 27 4 27 61
53 63 6 15 55 50 44
56 22 39 50 41 0 43
64 49 67 20 63 68 14
4 7 22 20 63 68 72
42 18 59 28 66 17 63
63 59 13 26 9 50 62
5 20 13 3 0 22 21
51 52 43 34 5 67 52
3 0 22 49 36 22 36
10 44 45 15 55 50 12
19 23 47 42 18 59 13
40 55 6 17 15 35 49
33 30 52 21 30 24 28
21 30 24 67 12 8 24
13 32 33 62 18 68 37
59 37 56 17 15 35 30
18 61 15 29 67 9 8
47 1 12 61 2 65 53
49 36 22 37 61 37 29
54 33 47 6 1 33 34
7 64 42 17 15 35 49
5 20 13 9 27 23 12
43 55 45 47 1 12 63
21 30 24 42 18 59 37
24 25 4 22 54 0 29
37 61 37 28 66 17 20
19 23 47 5 20 13 34
1 21 18 49 36 22 15
1 21 18 46 40 17 19
29 67 9 58 52 51 44
36 31 21 4 7 22 24
49 36 22 18 61 15 25
7 64 42 57 29 21 40
60 14 20 9 27 23 13
24 25 4 67 12 8 13
16 15 45 29 67 9 63
53 63 6 25 41 21 26
10 44 45 44 55 12 34
47 1 12 24 25 4 25
38 49 60 58 52 51 9
37 61 37 51 52 43 10
44 55 12 31 8 48 59
16 15 45 61 2 65 23
5 20 13 20 63 68 69
54 33 47 28 66 17 44
66 61 4 31 8 48 68
20 63 68 33 30 52 36
5 20 13 14 4 10 16
10 44 45 1 21 18 35
66 61 4 47 1 12 60
6 1 33 33 30 52 34
39 21 13 23 50 49 46
46 40 17 49 36 22 6
62 18 68 56 22 39 29
31 8 48 60 14 20 28
48 54 44 41 51 55 11
58 52 51 23 50 49 2
60 14 20 62 18 68 48
15 55 50 24 25 4 54
39 21 13 35 19 34 21
17 15 35 37 61 37 46
29 67 9 5 20 13 47
52 48 28 4 7 22 41
34 5 67 20 63 68 58
22 54 0 58 52 51 51
40 55 6 61 2 65 79
18 61 15 56 22 39 45
51 52 43 29 67 9 37
36 31 21 68 26 44 23
64 49 67 21 30 24 47
9 27 23 40 55 6 32
66 61 4 9 27 23 38
42 18 59 65 65 39 51
63 59 13 18 61 15 2
45 49 42 25 41 21 22
66 61 4 37 61 37 33
65 65 39 60 14 20 54
18 61 15 35 19 34 46
26 9 50 13 32 33 28
55 34 68 27 4 27 50
17 15 35 30 58 57 48
15 55 50 35 19 34 39
20 63 68 44 55 12 56
65 65 39 50 41 0 45
1 21 18 56 22 39 21
15 55 50 47 1 12 66
10 44 45 24 25 4 45
14 4 10 2 39 16 35
12 33 7 11 2 32 39
23 50 49 24 25 4 51
61 2 65 44 55 12 74
68 26 44 60 14 20 26
48 54 44 61 2 65 56
1 21 18 68 26 44 26
37 61 37 25 41 21 25
54 33 47 42 18 59 19
29 67 9 33 30 52 56
55 34 68 7 64 42 39
0 44 17 27 4 27 41
10 44 45 46 40 17 28
19 23 47 8 27 19 28
58 52 51 54 33 47 19
51 52 43 38 49 60 17
23 50 49 63 59 13 37
0 44 17 59 37 56 39
15 55 50 12 33 7 48
34 5 67 55 34 68 29
33 30 52 36 31 21 31
14 4 10 10 44 45 53
30 58 57 61 2 65 56
18 61 15 62 18 68 68
60 14 20 27 4 27 12
53 63 6 40 55 6 8
7 64 42 21 30 24 38
66 61 4 54 33 47 51
52 48 28 2 39 16 15
67 12 8 12 33 7 21
8 27 19 66 61 4 37
17 15 35 29 67 9 58
57 29 21 2 39 16 11
34 5 67 0 44 17 63
39 21 13 5 20 13 1
52 48 28 15 55 50 23
12 33 7 1 21 18 16
9 27 23 1 21 18 7
7 64 42 9 27 23 41
64 49 67 8 27 19 52
16 15 45 0 44 17 40
19 23 47 1 21 18 29
14 4 10 57 29 21 27
26 9 50 21 30 24 33
24 25 4 53 63 6 38
26 9 50 6 1 33 18
7 64 42 61 2 65 66
59 37 56 21 30 24 32
26 9 50 23 50 49 41
10 44 45 11 2 32 43
53 63 6 30 58 57 51
37 61 37 47 1 12 65
23 50 49 28 66 17 35
19 23 47 47 1 12 41
31 8 48 20 63 68 58
33 30 52 45 49 42 21
62 18 68 32 38 2 68
58 52 51 57 29 21 37
32 38 2 36 31 21 20
20 63 68 1 21 18 65
1 21 18 58 52 51 45
64 49 67 68 26 44 32
44 55 12 65 65 39 28
59 37 56 58 52 51 15
28 66 17 60 14 20 52
6 1 33 4 7 22 12
16 15 45 59 37 56 24
13 32 33 42 18 59 29
9 27 23 19 23 47 24
13 32 33 44 55 12 31
53 63 6 68 26 44 53
55 34 68 63 59 13 60
7 64 42 20 63 68 26
5 20 13 59 37 56 46
48 54 44 15 55 50 6
6 1 33 20 63 68 71
67 12 8 54 33 47 44
51 52 43 22 54 0 43
21 30 24 40 55 6 30
66 61 4 45 49 42 39
40 55 6 15 55 50 44
41 51 55 9 27 23 40
50 41 0 30 58 57 59
59 37 56 51 52 43 19
7 64 42 60 14 20 54
12 33 7 22 54 0 22
18 61 15 22 54 0 16
0 44 17 49 36 22 9
10 44 45 12 33 7 39
44 55 12 52 48 28 17
8 27 19 20 63 68 60
63 59 13 41 51 55 42
59 37 56 63 59 13 48
11 2 32 59 37 56 42
28 66 17 63 59 13 8
42 18 59 17 15 35 24
32 38 2 26 9 50 56
29 67 9 12 33 7 34
46 40 17 31 8 48 44
50 41 0 41 51 55 55
30 58 57 67 12 8 67
18 61 15 59 37 56 47
3 0 22 38 49 60 62
2 39 16 20 63 68 57
44 55 12 19 23 47 47
28 66 17 14 4 10 62
42 18 59 27 4 27 34
22 54 0 56 22 39 50
46 40 17 58 52 51 36
53 63 6 61 2 65 84
38 49 60 20 63 68 16
6 1 33 19 23 47 26
8 27 19 31 8 48 34
56 22 39 5 20 13 26
12 33 7 14 4 10 29
18 61 15 28 66 17 5
23 50 49 54 33 47 17
13 32 33 20 63 68 46
25 41 21 3 0 22 41
36 31 21 8 27 19 4
15 55 50 33 30 52 25
16 15 45 65 65 39 50
33 30 52 7 64 42 35
55 34 68 15 55 50 27
12 33 7 64 49 67 62
1 21 18 11 2 32 23
44 55 12 11 2 32 56
28 66 17 21 30 24 36
67 12 8 42 18 59 51
54 33 47 22 54 0 51
47 1 12 25 41 21 41
24 25 4 50 41 0 16
28 66 17 31 8 48 65
13 32 33 15 55 50 28
20 63 68 57 29 21 58
24 25 4 37 61 37 48
46 40 17 14 4 10 36
26 9 50 5 20 13 38
67 12 8 50 41 0 30
42 18 59 44 55 12 59
41 51 55 49 36 22 36
42 18 59 31 8 48 14
2 39 16 16 15 45 37
22 54 0 35 19 34 48
1 21 18 26 9 50 34
40 55 6 14 4 10 51
11 2 32 53 63 6 66
33 30 52 32 38 2 50
26 9 50 9 27 23 32
33 30 52 9 27 23 29
60 14 20 13 32 33 22
66 61 4 29 67 9 7
37 61 37 19 23 47 39
29 67 9 38 49 60 54
37 61 37 2 39 16 30
61 2 65 12 33 7 65
12 33 7 27 4 27 35
16 15 45 21 30 24 25
39 21 13 66 61 4 41
14 4 10 41 51 55 65
18 61 15 52 48 28 18
67 12 8 56 22 39 32
36 31 21 1 21 18 10
42 18 59 12 33 7 54
13 32 33 54 33 47 14
52 48 28 61 2 65 59
24 25 4 51 52 43 47
28 66 17 59 37 56 48
40 55 6 6 1 33 60
53 63 6 22 54 0 10
21 30 24 31 8 48 32
60 14 20 24 25 4 19
39 21 13 1 21 18 5
46 40 17 37 61 37 29
52 48 28 10 44 45 17
64 49 67 38 49 60 7
45 49 42 3 0 22 52
8 27 19 59 37 56 38
62 18 68 3 0 22 49
59 37 56 34 5 67 33
3 0 22 29 67 9 68
11 2 32 17 15 35 13
44 55 12 58 52 51 39
41 51 55 36 31 21 39
13 32 33 40 55 6 35
10 44 45 22 54 0 46
1 21 18 2 39 16 18
10 44 45 62 18 68 34
20 63 68 17 15 35 58
5 20 13 52 48 28 31
40 55 6 37 61 37 31
37 61 37 3 0 22 62
20 63 68 52 48 28 42
11 2 32 38 49 60 54
20 63 68 60 14 20 68
47 1 12 14 4 10 3
24 25 4 30 58 57 62
1 21 18 66 61 4 42
56 22 39 29 67 9 54
49 36 22 15 55 50 33
49 36 22 29 67 9 33
46 40 17 60 14 20 26
5 20 13 25 41 21 22
29 67 9 0 44 17 24
27 4 27 36 31 21 27
56 22 39 17 15 35 8
64 49 67 56 22 39 38
20 63 68 40 55 6 62
23 50 49 3 0 22 56
10 44 45 2 39 16 29
51 52 43 36 31 21 30
25 41 21 50 41 0 21
2 39 16 0 44 17 5
43 55 45 16 15 45 40
13 32 33 58 52 51 26
51 52 43 8 27 19 34
38 49 60 17 15 35 42
14 4 10 17 15 35 27
2 39 16 45 49 42 27
29 67 9 46 40 17 28
54 33 47 57 29 21 26
5 20 13 48 54 44 46
42 18 59 11 2 32 31
36 31 21 12 33 7 14
3 0 22 8 27 19 27
60 14 20 39 21 13 9
68 26 44 39 21 13 31
40 55 6 25 41 21 20
0 44 17 52 48 28 11
24 25 4 68 26 44 40
65 65 39 41 51 55 21
46 40 17 4 7 22 33
51 52 43 40 55 6 37
24 25 4 42 18 59 55
57 29 21 22 54 0 32
1 21 18 59 37 56 41
49 36 22 61 2 65 54
56 22 39 37 61 37 39
0 44 17 51 52 43 27
38 49 60 55 34 68 17
25 41 21 52 48 28 9
46 40 17 0 44 17 4
44 55 12 30 58 57 45
44 55 12 39 21 13 34
54 33 47 64 49 67 25
34 5 67 4 7 22 45
5 20 13 41 51 55 52
57 29 21 67 12 8 21
42 18 59 39 21 13 46
46 40 17 48 54 44 30
39 21 13 4 7 22 16
44 55 12 8 27 19 28
49 36 22 68 26 44 24
65 65 39 13 32 33 33
60 14 20 53 63 6 50
14 4 10 48 54 44 60
59 37 56 29 67 9 55
47 1 12 34 5 67 55
0 44 17 40 55 6 15
30 58 57 32 38 2 58
61 2 65 58 52 51 51
16 15 45 53 63 6 61
14 4 10 58 52 51 63
67 12 8 23 50 49 55
3 0 22 7 64 42 67
60 14 20 5 20 13 9
28 66 17 68 26 44 48
56 22 39 39 21 13 26
57 29 21 40 55 6 30
36 31 21 35 19 34 17
28 66 17 45 49 42 30
57 29 21 18 61 15 32
24 25 4 45 49 42 44
5 20 13 24 25 4 10
45 49 42 14 4 10 55
44 55 12 57 29 21 27
33 30 52 10 44 45 15
54 33 47 53 63 6 50
18 61 15 33 30 52 48
13 32 33 24 25 4 29
7 64 42 28 66 17 25
46 40 17 36 31 21 9
60 14 20 2 39 16 25
8 27 19 58 52 51 40
14 4 10 54 33 47 47
19 23 47 12 33 7 41
68 26 44 45 49 42 23
66 61 4 64 49 67 64
53 63 6 50 41 0 22
0 44 17 19 23 47 36
39 21 13 25 41 21 21
63 59 13 50 41 0 22
7 64 42 15 55 50 12
18 61 15 15 55 50 35
24 25 4 0 44 17 23
21 30 24 44 55 12 27
1 21 18 17 15 35 18
14 4 10 16 15 45 36
44 55 12 46 40 17 15
41 51 55 31 8 48 43
16 15 45 24 25 4 42
16 15 45 19 23 47 8
6 1 33 27 4 27 6
50 41 0 9 27 23 26
15 55 50 11 2 32 55
19 23 47 20 63 68 45
42 18 59 32 38 2 60
29 67 9 31 8 48 70
66 61 4 41 51 55 51
23 50 49 68 26 44 24
14 4 10 37 61 37 63
35 19 34 30 58 57 45
34 5 67 15 55 50 52
31 8 48 56 22 39 16
59 37 56 30 58 57 21
57 29 21 47 1 12 29
65 65 39 57 29 21 40
23 50 49 10 44 45 7
6 1 33 34 5 67 34
8 27 19 43 55 45 38
68 26 44 38 49 60 28
59 37 56 38 49 60 12
59 37 56 48 54 44 20
10 44 45 13 32 33 16
12 33 7 58 52 51 47
65 65 39 46 40 17 33
26 9 50 20 63 68 56
11 2 32 60 14 20 16
5 20 13 2 39 16 19
34 5 67 30 58 57 53
37 61 37 36 31 21 34
35 19 34 29 67 9 54
36 31 21 14 4 10 29
46 40 17 11 2 32 40
38 49 60 34 5 67 44
5 20 13 31 8 48 37
36 31 21 23 50 49 33
38 49 60 39 21 13 54
38 49 60 40 55 6 54
29 67 9 63 59 13 8
13 32 33 31 8 48 28
39 21 13 7 64 42 51
49 36 22 9 27 23 9
10 44 45 50 41 0 45
2 39 16 47 1 12 38
64 49 67 24 25 4 67
4 7 22 54 33 47 36
34 5 67 53 63 6 84
59 37 56 4 7 22 45
21 30 24 29 67 9 39
20 63 68 32 38 2 70
56 22 39 57 29 21 19
18 61 15 11 2 32 61
67 12 8 2 39 16 28
26 9 50 67 12 8 42
13 32 33 55 34 68 35
22 54 0 11 2 32 61
23 50 49 43 55 45 6
45 49 42 11 2 32 48
64 49 67 33 30 52 24
14 4 10 22 54 0 50
47 1 12 9 27 23 28
59 37 56 35 19 34 28
24 25 4 61 2 65 65
35 19 34 28 66 17 49
17 15 35 64 49 67 46
45 49 42 9 27 23 29
12 33 7 35 19 34 30
64 49 67 41 51 55 12
67 12 8 48 54 44 55
67 12 8 33 30 52 47
27 4 27 21 30 24 26
39 21 13 29 67 9 46
43 55 45 35 19 34 37
32 38 2 4 7 22 36
37 61 37 41 51 55 20
41 51 55 43 55 45 10
46 40 17 19 23 47 34
68 26 44 20 63 68 44
48 54 44 40 55 6 38
42 18 59 58 52 51 34
7 64 42 50 41 0 47
40 55 6 45 49 42 36
57 29 21 50 41 0 24
57 29 21 32 38 2 21
51 52 43 27 4 27 50
45 49 42 5 20 13 41
59 37 56 20 63 68 28
19 23 47 38 49 60 29
55 34 68 9 27 23 45
64 49 67 39 21 13 60
6 1 33 58 52 51 54
16 15 45 15 55 50 40
53 63 6 33 30 52 56
29 67 9 54 33 47 50
50 41 0 59 37 56 56
22 54 0 6 1 33 62
16 15 45 23 50 49 35
39 21 13 30 58 57 57
59 37 56 33 30 52 8
37 61 37 48 54 44 9
6 1 33 18 61 15 62
42 18 59 35 19 34 25
43 55 45 56 22 39 33
55 34 68 11 2 32 48
61 2 65 3 0 22 43
48 54 44 55 34 68 31
59 37 56 23 50 49 14
30 58 57 43 55 45 12
36 31 21 50 41 0 23
11 2 32 56 22 39 21
35 19 34 45 49 42 31
7 64 42 64 49 67 29
5 20 13 32 38 2 21
27 4 27 1 21 18 19
67 12 8 36 31 21 23
25 41 21 61 2 65 58
5 20 13 7 64 42 52
68 26 44 9 27 23 21
39 21 13 17 15 35 22
21 30 24 2 39 16 12
16 15 45 8 27 19 28
17 15 35 50 41 0 43
19 23 47 43 55 45 32
59 37 56 67 12 8 54
12 33 7 6 1 33 41
44 55 12 34 5 67 74
15 55 50 5 20 13 50
34 5 67 26 9 50 17
15 55 50 39 21 13 50
67 12 8 19 23 47 40
5 20 13 44 55 12 35
26 9 50 62 18 68 20
0 44 17 31 8 48 47
28 66 17 41 51 55 40
65 65 39 30 58 57 19
41 51 55 21 30 24 37
14 4 10 68 26 44 40
42 18 59 6 1 33 31
12 33 7 49 36 22 15
30 58 57 47 1 12 72
5 20 13 28 66 17 46
52 48 28 31 8 48 44
25 41 21 7 64 42 31
33 30 52 39 21 13 40
19 23 47 40 55 6 52
27 4 27 61 2 65 38
40 55 6 35 19 34 45
54 33 47 8 27 19 28
56 22 39 6 1 33 21
48 54 44 60 14 20 46
47 1 12 1 21 18 20
66 61 4 5 20 13 41
6 1 33 67 12 8 27
60 14 20 19 23 47 28
57 29 21 11 2 32 29
63 59 13 43 55 45 32
17 15 35 4 7 22 15
56 22 39 3 0 22 27
22 54 0 7 64 42 43
55 34 68 24 25 4 64
52 48 28 64 49 67 39
59 37 56 12 33 7 49
15 55 50 59 37 56 18
61 2 65 46 40 17 61
37 61 37 18 61 15 22
29 67 9 8 27 19 41
31 8 48 45 49 42 41
4 7 22 56 22 39 22
36 31 21 57 29 21 2
19 23 47 65 65 39 42
68 26 44 15 55 50 29
7 64 42 66 61 4 38
15 55 50 51 52 43 7
58 52 51 32 38 2 50
28 66 17 25 41 21 25
17 15 35 12 33 7 33