95 4465
17 46 34 62 20 90 61
6 15 14 41 73 54 70
59 11 69 40 58 54 49
73 56 26 59 11 69 62
30 90 82 65 83 54 28
79 35 48 18 74 33 41
45 7 35 39 29 11 32
63 75 79 36 26 52 55
20 30 54 6 15 14 42
2 24 61 73 56 26 47
39 29 11 33 61 35 40
46 67 37 7 0 52 68
17 46 34 3 0 71 59
61 40 35 92 79 77 57
7 0 52 78 15 70 23
33 61 35 78 15 70 57
91 45 91 36 26 52 43
0 12 19 76 70 63 72
37 16 31 93 39 93 66
37 16 31 17 46 34 30
34 60 54 15 79 38 24
25 31 81 73 56 26 60
79 35 48 46 67 37 33
35 90 87 0 12 19 103
34 60 54 4 76 38 22
18 74 33 91 45 91 64
68 77 41 34 60 54 21
79 35 48 63 75 79 50
60 51 34 34 60 54 21
1 24 39 92 79 77 66
10 75 12 3 0 71 95
56 55 83 92 79 77 24
80 3 76 25 31 81 28
53 5 53 72 3 26 27
31 28 17 1 24 39 22
55 93 42 74 52 46 41
88 61 39 45 7 35 54
66 65 10 74 52 46 38
60 51 34 58 47 18 16
78 15 70 51 11 43 27
62 20 90 24 45 92 25
0 12 19 21 19 81 62
0 12 19 77 14 94 75
69 88 79 86 78 81 10
83 28 47 60 51 34 26
68 77 41 60 51 34 26
10 75 12 38 30 53 60
71 89 71 44 88 81 10
73 56 26 66 65 10 18
47 85 7 17 46 34 47
8 6 58 93 39 93 48
0 12 19 46 67 37 57
38 30 53 14 68 13 55
93 39 93 75 35 20 73
30 90 82 40 58 54 42
20 30 54 53 5 53 25
37 16 31 60 51 34 35
21 19 81 19 94 80 75
29 85 94 56 55 83 31
75 35 20 11 54 48 33
88 61 39 49 88 12 38
27 81 18 32 23 78 83
36 26 52 79 35 48 9
92 79 77 24 45 92 37
29 85 94 6 15 14 106
66 65 10 52 25 80 80
53 5 53 8 6 58 5
93 39 93 63 75 79 38
20 30 54 18 74 33 48
37 16 31 44 88 81 87
50 14 44 59 11 69 25
30 90 82 7 0 52 94
52 25 80 37 16 31 49
87 26 91 63 75 79 50
44 88 81 70 72 82 16
34 60 54 41 73 54 13
60 51 34 70 72 82 52
51 11 43 76 70 63 62
46 67 37 15 79 38 12
39 29 11 51 11 43 36
42 15 20 66 65 10 50
63 75 79 26 41 16 71
26 41 16 60 51 34 20
15 79 38 29 85 94 56
68 77 41 41 73 54 13
1 24 39 34 60 54 39
53 5 53 87 26 91 43
74 52 46 72 3 26 52
2 24 61 67 72 79 51
70 72 82 30 90 82 18
26 41 16 32 23 78 64
7 0 52 35 90 87 96
48 87 73 61 40 35 60
9 8 36 71 89 71 88
66 65 10 27 81 18 17
70 72 82 38 30 53 51
26 41 16 37 16 31 29
86 78 81 31 28 17 81
39 29 11 6 15 14 14
50 14 44 81 79 92 80
32 23 78 71 89 71 66
91 45 91 61 40 35 56
27 81 18 26 41 16 40
21 19 81 55 93 42 83
46 67 37 83 28 47 40
67 72 79 56 55 83 17
63 75 79 67 72 79 3
93 39 93 70 72 82 34
5 84 25 65 83 54 29
49 88 12 3 0 71 105
66 65 10 21 19 81 84
2 24 61 55 93 42 71
26 41 16 50 14 44 38
7 0 52 63 75 79 79
70 72 82 57 28 60 49
84 47 38 31 28 17 28
43 39 88 52 25 80 16
30 90 82 0 12 19 100
90 39 52 27 81 18 54
47 85 7 70 72 82 76
31 28 17 48 87 73 81
6 15 14 14 68 13 53
71 89 71 50 14 44 79
51 11 43 55 93 42 82
0 12 19 64 40 49 41
60 51 34 21 19 81 56
57 28 60 87 26 91 31
92 79 77 2 24 61 57
71 89 71 92 79 77 11
27 81 18 5 84 25 7
37 16 31 83 28 47 20
27 81 18 53 5 53 83
71 89 71 76 70 63 20
92 79 77 9 8 36 81
75 35 20 34 60 54 42
68 77 41 65 83 54 14
58 47 18 30 90 82 77
57 28 60 36 26 52 8
90 39 52 94 30 93 41
32 23 78 36 26 52 26
16 30 28 10 75 12 47
48 87 73 27 81 18 55
55 93 42 41 73 54 23
52 25 80 87 26 91 11
38 30 53 33 61 35 35
55 93 42 5 84 25 19
33 61 35 11 54 48 14
49 88 12 36 26 52 73
22 46 26 23 61 14 19
91 45 91 21 19 81 27
84 47 38 18 74 33 27
58 47 18 49 88 12 41
88 61 39 79 35 48 27
48 87 73 67 72 79 16
47 85 7 86 78 81 74
69 88 79 42 15 20 93
53 5 53 3 0 71 18
86 78 81 87 26 91 52
84 47 38 59 11 69 47
45 7 35 22 46 26 40
19 94 80 41 73 54 33
21 19 81 41 73 54 60
40 58 54 94 30 93 48
81 79 92 53 5 53 83
87 26 91 64 40 49 44
12 88 74 25 31 81 57
5 84 25 48 87 73 48
82 8 23 64 40 49 41
54 54 94 0 12 19 85
89 68 18 62 20 90 86
27 81 18 14 68 13 13
47 85 7 80 3 76 107
22 46 26 1 24 39 25
16 30 28 30 90 82 80
79 35 48 54 54 94 49
48 87 73 51 11 43 81
16 30 28 29 85 94 85
4 76 38 78 15 70 68
17 46 34 31 28 17 24
19 94 80 84 47 38 63
21 19 81 23 61 14 79
61 40 35 33 61 35 21
81 79 92 9 8 36 90
29 85 94 47 85 7 87
36 26 52 42 15 20 33
78 15 70 61 40 35 43
66 65 10 40 58 54 44
85 6 51 86 78 81 78
86 78 81 64 40 49 49
40 58 54 11 54 48 7
87 26 91 25 31 81 11
80 3 76 24 45 92 44
89 68 18 93 39 93 80
90 39 52 61 40 35 17
33 61 35 77 14 94 75
91 45 91 77 14 94 31
91 45 91 75 35 20 71
31 28 17 66 65 10 37
85 6 51 15 79 38 74
56 55 83 83 28 47 45
4 76 38 20 30 54 48
60 51 34 1 24 39 27
57 28 60 30 90 82 65
81 79 92 93 39 93 40
26 41 16 68 77 41 43
36 26 52 38 30 53 4
76 70 63 36 26 52 45
6 15 14 34 60 54 60
19 94 80 62 20 90 74
63 75 79 55 93 42 41
47 85 7 83 28 47 69
29 85 94 81 79 92 6
93 39 93 56 55 83 18
65 83 54 1 24 39 60
37 16 31 42 15 20 11
13 68 60 2 24 61 44
47 85 7 91 45 91 93
7 0 52 50 14 44 16
31 28 17 54 54 94 81
26 41 16 18 74 33 37
32 23 78 12 88 74 65
94 30 93 11 54 48 51
15 79 38 94 30 93 73
7 0 52 71 89 71 91
72 3 26 63 75 79 89
31 28 17 46 67 37 43
37 16 31 2 24 61 31
42 15 20 93 39 93 76
59 11 69 37 16 31 38
27 81 18 65 83 54 36
84 47 38 54 54 94 56
49 88 12 1 24 39 69
8 6 58 19 94 80 90
42 15 20 75 35 20 20
8 6 58 84 47 38 45
28 10 58 49 88 12 90
64 40 49 89 68 18 41
19 94 80 82 8 23 103
43 39 88 33 61 35 57
32 23 78 86 78 81 55
51 11 43 94 30 93 53
56 55 83 9 8 36 66
90 39 52 85 6 51 33
79 35 48 3 0 71 41
21 19 81 85 6 51 32
46 67 37 1 24 39 43
91 45 91 90 39 52 39
25 31 81 76 70 63 42
42 15 20 76 70 63 69
84 47 38 74 52 46 9
82 8 23 79 35 48 36
46 67 37 48 87 73 41
8 6 58 13 68 60 62
76 70 63 85 6 51 65
77 14 94 63 75 79 62
79 35 48 22 46 26 24
36 26 52 4 76 38 51
68 77 41 33 61 35 17
12 88 74 57 28 60 61
88 61 39 57 28 60 39
23 61 14 40 58 54 40
93 39 93 39 29 11 82
92 79 77 14 68 13 64
94 30 93 37 16 31 63
68 77 41 16 30 28 48
84 47 38 41 73 54 30
19 94 80 69 88 79 6
18 74 33 63 75 79 46
38 30 53 81 79 92 62
62 20 90 10 75 12 95
92 79 77 87 26 91 54
87 26 91 54 54 94 28
32 23 78 89 68 18 75
13 68 60 65 83 54 16
54 54 94 5 84 25 75
39 29 11 0 12 19 18
25 31 81 50 14 44 40
61 40 35 88 61 39 21
30 90 82 38 30 53 66
21 19 81 48 87 73 68
77 14 94 40 58 54 59
76 70 63 93 39 93 43
23 61 14 19 94 80 73
10 75 12 54 54 94 84
2 24 61 80 3 76 25
49 88 12 62 20 90 103
19 94 80 57 28 60 68
36 26 52 55 93 42 67
24 45 92 36 26 52 44
73 56 26 86 78 81 59
89 68 18 50 14 44 59
50 14 44 60 51 34 38
40 58 54 93 39 93 43
85 6 51 19 94 80 92
74 52 46 48 87 73 44
31 28 17 58 47 18 19
50 14 44 80 3 76 33
38 30 53 59 11 69 24
26 41 16 21 19 81 68
93 39 93 57 28 60 34
52 25 80 49 88 12 92
24 45 92 87 26 91 19
20 30 54 88 61 39 34
80 3 76 46 67 37 74
81 79 92 7 0 52 88
75 35 20 61 40 35 15
57 28 60 90 39 52 13
43 39 88 91 45 91 6
2 24 61 43 39 88 30
8 6 58 45 7 35 23
35 90 87 45 7 35 97
74 52 46 82 8 23 49
79 35 48 65 83 54 48
92 79 77 31 28 17 78
16 30 28 21 19 81 54
40 58 54 41 73 54 15
94 30 93 52 25 80 13
22 46 26 0 12 19 34
36 26 52 94 30 93 41
2 24 61 94 30 93 32
15 79 38 56 55 83 51
92 79 77 8 6 58 75
37 16 31 8 6 58 28
60 51 34 49 88 12 43
56 55 83 84 47 38 45
92 79 77 18 74 33 44
89 68 18 54 54 94 77
51 11 43 31 28 17 31
41 73 54 28 10 58 63
13 68 60 11 54 48 18
93 39 93 51 11 43 57
77 14 94 8 6 58 36
67 72 79 72 3 26 87
8 6 58 83 28 47 24
70 72 82 72 3 26 88
31 28 17 56 55 83 71
10 75 12 84 47 38 38
92 79 77 52 25 80 54
59 11 69 64 40 49 35
57 28 60 81 79 92 60
89 68 18 75 35 20 33
41 73 54 46 67 37 18
26 41 16 66 65 10 24
63 75 79 5 84 25 54
60 51 34 55 93 42 42
73 56 26 65 83 54 38
39 29 11 48 87 73 84
51 11 43 20 30 54 21
67 72 79 65 83 54 27
51 11 43 79 35 48 24
80 3 76 51 11 43 33
5 84 25 51 11 43 75
55 93 42 91 45 91 68
19 94 80 79 35 48 67
53 5 53 4 76 38 72
25 31 81 44 88 81 57
66 65 10 65 83 54 47
8 6 58 88 61 39 58
9 8 36 30 90 82 94
86 78 81 93 39 93 40
7 0 52 87 26 91 46
44 88 81 50 14 44 82
71 89 71 72 3 26 97
15 79 38 90 39 52 42
15 79 38 9 8 36 71
24 45 92 55 93 42 69
94 30 93 53 5 53 47
82 8 23 83 28 47 31
21 19 81 35 90 87 71
83 28 47 74 52 46 24
45 7 35 54 54 94 75
82 8 23 47 85 7 78
32 23 78 52 25 80 2
74 52 46 57 28 60 27
18 74 33 38 30 53 48
88 61 39 10 75 12 30
58 47 18 55 93 42 51
4 76 38 64 40 49 37
18 74 33 33 61 35 13
3 0 71 81 79 92 81
15 79 38 47 85 7 31
41 73 54 33 61 35 22
72 3 26 60 51 34 48
39 29 11 26 41 16 13
16 30 28 45 7 35 24
56 55 83 26 41 16 68
9 8 36 17 46 34 38
64 40 49 28 10 58 31
18 74 33 94 30 93 74
48 87 73 13 68 60 23
58 47 18 80 3 76 72
62 20 90 29 85 94 65
30 90 82 18 74 33 51
1 24 39 23 61 14 44
23 61 14 72 3 26 59
34 60 54 10 75 12 44
88 61 39 46 67 37 6
58 47 18 72 3 26 44
62 20 90 40 58 54 52
1 24 39 21 19 81 42
77 14 94 27 81 18 101
29 85 94 74 52 46 58
70 72 82 26 41 16 72
23 61 14 29 85 94 83
1 24 39 30 90 82 78
22 46 26 57 28 60 38
67 72 79 26 41 16 70
83 28 47 58 47 18 34
0 12 19 2 24 61 43
88 61 39 12 88 74 44
58 47 18 90 39 52 34
4 76 38 90 39 52 39
40 58 54 89 68 18 37
65 83 54 45 7 35 78
83 28 47 21 19 81 35
16 30 28 13 68 60 49
42 15 20 26 41 16 26
12 88 74 84 47 38 54
28 10 58 81 79 92 76
22 46 26 36 26 52 32
93 39 93 79 35 48 45
42 15 20 85 6 51 32
84 47 38 85 6 51 43
61 40 35 36 26 52 22
69 88 79 81 79 92 15
31 28 17 76 70 63 62
72 3 26 43 39 88 71
88 61 39 29 85 94 60
92 79 77 50 14 44 72
87 26 91 55 93 42 83
78 15 70 50 14 44 26
64 40 49 51 11 43 29
21 19 81 59 11 69 14
6 15 14 69 88 79 97
31 28 17 37 16 31 18
29 85 94 52 25 80 61
34 60 54 67 72 79 27
12 88 74 78 15 70 73
25 31 81 69 88 79 57
93 39 93 13 68 60 43
86 78 81 56 55 83 23
52 25 80 15 79 38 68
33 61 35 26 41 16 27
3 0 71 21 19 81 21
3 0 71 57 28 60 30
82 8 23 20 30 54 38
27 81 18 73 56 26 26
24 45 92 86 78 81 34
7 0 52 43 39 88 53
71 89 71 35 90 87 16
56 55 83 10 75 12 73
77 14 94 34 60 54 60
3 0 71 35 90 87 91
34 60 54 39 29 11 53
87 26 91 79 35 48 43
94 30 93 91 45 91 15
54 54 94 14 68 13 82
61 40 35 73 56 26 18
48 87 73 29 85 94 21
55 93 42 69 88 79 37
0 12 19 5 84 25 72
79 35 48 68 77 41 42
38 30 53 76 70 63 41
1 24 39 26 41 16 28
52 25 80 7 0 52 37
58 47 18 14 68 13 21
62 20 90 28 10 58 33
5 84 25 81 79 92 67
43 39 88 87 26 91 13
32 23 78 17 46 34 49
12 88 74 90 39 52 53
87 26 91 48 87 73 63
25 31 81 68 77 41 60
17 46 34 46 67 37 21
54 54 94 6 15 14 89
75 35 20 37 16 31 21
64 40 49 6 15 14 43
16 30 28 20 30 54 26
86 78 81 63 75 79 3
0 12 19 65 83 54 79
45 7 35 57 28 60 32
67 72 79 84 47 38 48
44 88 81 65 83 54 27
25 31 81 59 11 69 23
8 6 58 22 46 26 51
29 85 94 21 19 81 67
23 61 14 20 30 54 50
74 52 46 94 30 93 51
85 6 51 7 0 52 6
55 93 42 4 76 38 17
84 47 38 86 78 81 53
80 3 76 38 30 53 35
48 87 73 62 20 90 69
27 81 18 0 12 19 69
41 73 54 59 11 69 63
4 76 38 40 58 54 24
17 46 34 38 30 53 24
38 30 53 12 88 74 61
78 15 70 43 39 88 30
34 60 54 85 6 51 54
57 28 60 75 35 20 40
25 31 81 46 67 37 56
53 5 53 56 55 83 58
55 93 42 67 72 79 42
1 24 39 0 12 19 23
20 30 54 64 40 49 11
90 39 52 69 88 79 55
63 75 79 22 46 26 60
40 58 54 14 68 13 42
53 5 53 34 60 54 55
87 26 91 83 28 47 44
87 26 91 93 39 93 13
39 29 11 40 58 54 51
48 87 73 34 60 54 33
28 10 58 77 14 94 36
34 60 54 94 30 93 49
10 75 12 94 30 93 92
15 79 38 14 68 13 27
45 7 35 12 88 74 89
70 72 82 59 11 69 62
21 19 81 30 90 82 71
18 74 33 75 35 20 41
54 54 94 66 65 10 84
73 56 26 35 90 87 69
7 0 52 45 7 35 18
43 39 88 49 88 12 90
88 61 39 71 89 71 42
42 15 20 87 26 91 71
20 30 54 76 70 63 41
78 15 70 32 23 78 11
64 40 49 83 28 47 12
47 85 7 35 90 87 80
43 39 88 16 30 28 60
66 65 10 22 46 26 24
33 61 35 21 19 81 62
90 39 52 84 47 38 16
26 41 16 49 88 12 47
24 45 92 89 68 18 77
38 30 53 50 14 44 18
90 39 52 21 19 81 35
78 15 70 53 5 53 19
61 40 35 76 70 63 41
32 23 78 84 47 38 46
75 35 20 27 81 18 46
69 88 79 20 30 54 63
91 45 91 64 40 49 42
65 83 54 91 45 91 53
59 11 69 94 30 93 30
26 41 16 29 85 94 89
66 65 10 91 45 91 83
42 15 20 7 0 52 35
92 79 77 73 56 26 55
85 6 51 60 51 34 48
21 19 81 22 46 26 61
29 85 94 90 39 52 62
22 46 26 78 15 70 53
44 88 81 86 78 81 10
15 79 38 51 11 43 68
92 79 77 74 52 46 41
67 72 79 31 28 17 76
6 15 14 15 79 38 68
74 52 46 45 7 35 46
58 47 18 92 79 77 67
75 35 20 40 58 54 41
65 83 54 4 76 38 17
54 54 94 59 11 69 49
12 88 74 13 68 60 24
45 7 35 50 14 44 11
19 94 80 46 67 37 50
56 55 83 18 74 33 53
19 94 80 75 35 20 84
21 19 81 34 60 54 49
46 67 37 34 60 54 18
55 93 42 39 29 11 71
52 25 80 79 35 48 33
53 5 53 65 83 54 78
35 90 87 13 68 60 34
94 30 93 7 0 52 50
52 25 80 82 8 23 59
26 41 16 94 30 93 77
4 76 38 62 20 90 76
17 46 34 19 94 80 66
78 15 70 5 84 25 82
62 20 90 33 61 35 68
81 79 92 45 7 35 91
22 46 26 58 47 18 8
37 16 31 72 3 26 13
16 30 28 11 54 48 31
85 6 51 92 79 77 77
42 15 20 92 79 77 85
79 35 48 49 88 12 64
58 47 18 68 77 41 37
33 61 35 85 6 51 57
62 20 90 94 30 93 10
81 79 92 44 88 81 14
73 56 26 6 15 14 42
11 54 48 55 93 42 39
19 94 80 61 40 35 70
70 72 82 56 55 83 17
84 47 38 17 46 34 4
84 47 38 75 35 20 21
82 8 23 84 47 38 41
84 47 38 87 26 91 57
35 90 87 26 41 16 86
44 88 81 91 45 91 44
7 0 52 9 8 36 17
51 11 43 10 75 12 71
65 83 54 51 11 43 72
44 88 81 94 30 93 59
83 28 47 59 11 69 27
92 79 77 7 0 52 82
61 40 35 1 24 39 16
12 88 74 11 54 48 42
9 8 36 28 10 58 22
46 67 37 38 30 53 40
25 31 81 85 6 51 39
43 39 88 76 70 63 39
41 73 54 54 54 94 44
17 46 34 23 61 14 25
56 55 83 69 88 79 33
4 76 38 13 68 60 23
10 75 12 40 58 54 45
77 14 94 58 47 18 82
1 24 39 67 72 79 62
31 28 17 57 28 60 43
85 6 51 36 26 52 20
47 85 7 46 67 37 34
58 47 18 7 0 52 58
33 61 35 20 30 54 36
69 88 79 63 75 79 13
92 79 77 57 28 60 53
63 75 79 47 85 7 72
47 85 7 54 54 94 92
28 10 58 79 35 48 26
83 28 47 24 45 92 48
11 54 48 17 46 34 16
84 47 38 28 10 58 42
40 58 54 78 15 70 45
91 45 91 40 58 54 39
69 88 79 26 41 16 78
6 15 14 78 15 70 56
92 79 77 51 11 43 76
40 58 54 73 56 26 28
28 10 58 65 83 54 73
78 15 70 59 11 69 4
23 61 14 86 78 81 69
11 54 48 9 8 36 47
35 90 87 67 72 79 19
1 24 39 32 23 78 39
40 58 54 31 28 17 47
41 73 54 49 88 12 44
19 94 80 10 75 12 70
67 72 79 92 79 77 7
37 16 31 78 15 70 39
17 46 34 49 88 12 47
8 6 58 78 15 70 15
48 87 73 93 39 93 52
46 67 37 42 15 20 54
65 83 54 80 3 76 82
30 90 82 73 56 26 65
20 30 54 70 72 82 50
34 60 54 13 68 60 10
19 94 80 56 55 83 39
33 61 35 14 68 13 23
29 85 94 43 39 88 46
7 0 52 69 88 79 92
14 68 13 16 30 28 40
76 70 63 9 8 36 67
94 30 93 65 83 54 65
60 51 34 3 0 71 63
48 87 73 1 24 39 71
9 8 36 58 47 18 42
6 15 14 83 28 47 35
83 28 47 76 70 63 44
11 54 48 92 79 77 38
15 79 38 91 45 91 62
74 52 46 32 23 78 43
21 19 81 39 29 11 70
2 24 61 45 7 35 31
72 3 26 56 55 83 77
80 3 76 76 70 63 68
71 89 71 21 19 81 70
36 26 52 3 0 71 32
73 56 26 47 85 7 34
52 25 80 75 35 20 60
74 52 46 49 88 12 49
5 84 25 76 70 63 40
79 35 48 10 75 12 53
55 93 42 59 11 69 86
50 14 44 49 88 12 80
18 74 33 37 16 31 58
61 40 35 30 90 82 68
60 51 34 18 74 33 23
22 46 26 18 74 33 28
61 40 35 29 85 94 74
59 11 69 53 5 53 17
80 3 76 84 47 38 58
1 24 39 38 30 53 15
45 7 35 44 88 81 93
68 77 41 7 0 52 77
61 40 35 37 16 31 24
15 79 38 78 15 70 71
37 16 31 20 30 54 26
69 88 79 23 61 14 70
4 76 38 47 85 7 32
91 45 91 93 39 93 6
55 93 42 68 77 41 16
21 19 81 88 61 39 59
10 75 12 63 75 79 67
94 30 93 38 30 53 40
0 12 19 89 68 18 56
7 0 52 27 81 18 87
70 72 82 14 68 13 69
51 11 43 6 15 14 29
1 24 39 33 61 35 37
62 20 90 18 74 33 78
72 3 26 77 14 94 68
74 52 46 75 35 20 31
34 60 54 73 56 26 28
53 5 53 25 31 81 38
51 11 43 73 56 26 48
21 19 81 73 56 26 66
35 90 87 55 93 42 45
4 76 38 49 88 12 28
0 12 19 57 28 60 44
14 68 13 25 31 81 77
64 40 49 25 31 81 33
11 54 48 58 47 18 30
77 14 94 4 76 38 83
93 39 93 11 54 48 47
1 24 39 91 45 91 56
55 93 42 85 6 51 87
2 24 61 30 90 82 69
37 16 31 50 14 44 13
38 30 53 20 30 54 1
78 15 70 31 28 17 54
8 6 58 14 68 13 76
61 40 35 3 0 71 53
53 5 53 39 29 11 48
1 24 39 44 88 81 76
82 8 23 9 8 36 13
6 15 14 75 35 20 20
9 8 36 21 19 81 46
50 14 44 14 68 13 62
51 11 43 1 24 39 13
29 85 94 20 30 54 68
80 3 76 48 87 73 84
73 56 26 80 3 76 72
16 30 28 75 35 20 9
67 72 79 40 58 54 28
92 79 77 19 94 80 15
53 5 53 28 10 58 7
6 15 14 38 30 53 41
52 25 80 48 87 73 62
0 12 19 72 3 26 11
67 72 79 7 0 52 76
45 7 35 19 94 80 97
47 85 7 31 28 17 57
28 10 58 16 30 28 36
69 88 79 77 14 94 75
21 19 81 81 79 92 61
58 47 18 61 40 35 18
82 8 23 85 6 51 28
93 39 93 61 40 35 58
45 7 35 10 75 12 71
71 89 71 22 46 26 62
81 79 92 68 77 41 51
82 8 23 8 6 58 35
48 87 73 42 15 20 89
45 7 35 90 39 52 36
35 90 87 1 24 39 81
76 70 63 21 19 81 54
40 58 54 64 40 49 18
14 68 13 23 61 14 7
79 35 48 16 30 28 20
16 30 28 81 79 92 80
61 40 35 18 74 33 34
3 0 71 87 26 91 32
22 46 26 83 28 47 27
4 76 38 88 61 39 15
5 84 25 30 90 82 57
10 75 12 49 88 12 13
21 19 81 72 3 26 57
53 5 53 51 11 43 11
25 31 81 93 39 93 14
42 15 20 58 47 18 32
41 73 54 9 8 36 67
43 39 88 42 15 20 72
46 67 37 91 45 91 58
39 29 11 13 68 60 62
45 7 35 37 16 31 9
80 3 76 53 5 53 23
88 61 39 84 47 38 14
73 56 26 69 88 79 61
93 39 93 49 88 12 94
85 6 51 40 58 54 52
22 46 26 62 20 90 69
35 90 87 60 51 34 65
62 20 90 42 15 20 70
48 87 73 20 30 54 60
32 23 78 3 0 71 24
56 55 83 3 0 71 56
27 81 18 23 61 14 20
53 5 53 61 40 35 39
6 15 14 46 67 37 56
74 52 46 68 77 41 25
66 65 10 53 5 53 73
71 89 71 37 16 31 83
32 23 78 11 54 48 43
92 79 77 78 15 70 64
45 7 35 42 15 20 17
59 11 69 90 39 52 32
67 72 79 78 15 70 57
68 77 41 80 3 76 81
68 77 41 36 26 52 52
58 47 18 16 30 28 19
11 54 48 30 90 82 49
77 14 94 66 65 10 98
64 40 49 57 28 60 16
80 3 76 9 8 36 40
44 88 81 0 12 19 98
89 68 18 3 0 71 86
40 58 54 82 8 23 58
1 24 39 9 8 36 16
42 15 20 50 14 44 24
91 45 91 25 31 81 17
52 25 80 73 56 26 62
60 51 34 61 40 35 11
86 78 81 1 24 39 68
23 61 14 39 29 11 32
23 61 14 83 28 47 46
47 85 7 0 12 19 73
78 15 70 19 94 80 79
47 85 7 41 73 54 48
28 10 58 73 56 26 56
6 15 14 36 26 52 39
51 11 43 52 25 80 39
72 3 26 57 28 60 42
2 24 61 76 70 63 46
1 24 39 18 74 33 50
82 8 23 23 61 14 53
23 61 14 9 8 36 57
62 20 90 34 60 54 53
14 68 13 18 74 33 20
51 11 43 81 79 92 83
47 85 7 34 60 54 53
63 75 79 43 39 88 37
8 6 58 28 10 58 4
10 75 12 61 40 35 41
28 10 58 59 11 69 11
4 76 38 75 35 20 44
27 81 18 68 77 41 23
81 79 92 23 61 14 80
12 88 74 31 28 17 82
74 52 46 22 46 26 20
67 72 79 60 51 34 49
17 46 34 25 31 81 49
19 94 80 20 30 54 69
43 39 88 62 20 90 19
28 10 58 55 93 42 84
64 40 49 3 0 71 45
58 47 18 45 7 35 43
16 30 28 46 67 37 38
13 68 60 31 28 17 58
77 14 94 31 28 17 78
92 79 77 43 39 88 41
14 68 13 19 94 80 71
5 84 25 25 31 81 77
83 28 47 53 5 53 23
52 25 80 3 0 71 26
5 84 25 10 75 12 15
73 56 26 67 72 79 55
71 89 71 51 11 43 82
15 79 38 55 93 42 14
72 3 26 88 61 39 59
6 15 14 24 45 92 83
94 30 93 50 14 44 51
7 0 52 61 40 35 43
41 73 54 86 78 81 27
87 26 91 0 12 19 73
4 76 38 5 84 25 15
11 54 48 50 14 44 40
58 47 18 37 16 31 33
30 90 82 78 15 70 75
35 90 87 63 75 79 17
34 60 54 88 61 39 15
18 74 33 64 40 49 37
50 14 44 18 74 33 61
94 30 93 80 3 76 31
47 85 7 53 5 53 92
11 54 48 83 28 47 26
10 75 12 12 88 74 63
77 14 94 71 89 71 78
86 78 81 12 88 74 12
33 61 35 67 72 79 45
77 14 94 45 7 35 59
48 87 73 17 46 34 56
5 84 25 42 15 20 69
67 72 79 8 6 58 69
2 24 61 32 23 78 17
88 61 39 48 87 73 42
61 40 35 8 6 58 41
76 70 63 44 88 81 25
77 14 94 43 39 88 25
8 6 58 0 12 19 39
3 0 71 28 10 58 16
62 20 90 52 25 80 11
55 93 42 57 28 60 67
3 0 71 46 67 37 75
63 75 79 1 24 39 64
75 35 20 8 6 58 47
28 10 58 93 39 93 45
0 12 19 38 30 53 38
0 12 19 53 5 53 34
22 46 26 32 23 78 56
16 30 28 12 88 74 74
86 78 81 37 16 31 79
93 39 93 53 5 53 52
72 3 26 80 3 76 50
16 30 28 77 14 94 67
31 28 17 24 45 92 76
15 79 38 69 88 79 41
26 41 16 22 46 26 11
61 40 35 87 26 91 57
8 6 58 76 70 63 64
52 25 80 40 58 54 42
92 79 77 70 72 82 8
14 68 13 1 24 39 51
42 15 20 3 0 71 53
77 14 94 22 46 26 75
41 73 54 25 31 81 49
48 87 73 53 5 53 84
43 39 88 71 89 71 52
9 8 36 10 75 12 71
27 81 18 63 75 79 61
6 15 14 84 47 38 40
27 81 18 81 79 92 74
94 30 93 71 89 71 62
16 30 28 34 60 54 39
9 8 36 24 45 92 67
76 70 63 26 41 16 55
17 46 34 83 28 47 22
27 81 18 30 90 82 64
21 19 81 64 40 49 38
44 88 81 61 40 35 66
45 7 35 28 10 58 23
63 75 79 83 28 47 56
48 87 73 15 79 38 35
80 3 76 8 6 58 18
19 94 80 91 45 91 50
42 15 20 31 28 17 13
1 24 39 75 35 20 21
25 31 81 61 40 35 46
30 90 82 43 39 88 51
56 55 83 21 19 81 36
6 15 14 25 31 81 68
94 30 93 89 68 18 84
17 46 34 57 28 60 31
19 94 80 49 88 12 68
16 30 28 22 46 26 16
41 73 54 53 5 53 68
44 88 81 89 68 18 66
29 85 94 24 45 92 40
72 3 26 81 79 92 100
92 79 77 0 12 19 88
49 88 12 80 3 76 106
48 87 73 79 35 48 57
77 14 94 90 39 52 48
88 61 39 15 79 38 18
41 73 54 73 56 26 32
29 85 94 79 35 48 67
63 75 79 42 15 20 84
91 45 91 76 70 63 37
51 11 43 23 61 14 57
82 8 23 27 81 18 73
16 30 28 90 39 52 25
25 31 81 86 78 81 47
68 77 41 17 46 34 31
6 15 14 80 3 76 63
73 56 26 4 76 38 23
22 46 26 68 77 41 34
16 30 28 36 26 52 24
69 88 79 30 90 82 3
66 65 10 20 30 54 56
67 72 79 36 26 52 53
18 74 33 36 26 52 51
71 89 71 78 15 70 74
30 90 82 36 26 52 70
33 61 35 12 88 74 47
36 26 52 53 5 53 21
50 14 44 3 0 71 30
41 73 54 39 29 11 61
26 41 16 80 3 76 71
82 8 23 48 87 73 93
1 24 39 8 6 58 26
83 28 47 30 90 82 71
30 90 82 39 29 11 93
72 3 26 30 90 82 103
3 0 71 59 11 69 11
37 16 31 30 90 82 89
23 61 14 45 7 35 57
13 68 60 21 19 81 53
17 46 34 6 15 14 36
19 94 80 26 41 16 83
49 88 12 18 74 33 25
6 15 14 88 61 39 52
40 58 54 6 15 14 58
90 39 52 64 40 49 3
76 70 63 70 72 82 19
75 35 20 92 79 77 72
25 31 81 7 0 52 42
16 30 28 38 30 53 25
52 25 80 34 60 54 43
27 81 18 41 73 54 36
80 3 76 29 85 94 83
51 11 43 18 74 33 63
70 72 82 58 47 18 68
3 0 71 43 39 88 42
81 79 92 0 12 19 99
83 28 47 5 84 25 60
81 79 92 65 83 54 38
68 77 41 13 68 60 21
72 3 26 93 39 93 76
23 61 14 4 76 38 28
46 67 37 24 45 92 59
24 45 92 0 12 19 80
19 94 80 94 30 93 65
41 73 54 65 83 54 10
69 88 79 82 8 23 97
39 29 11 63 75 79 82
35 90 87 69 88 79 8
68 77 41 78 15 70 68
40 58 54 44 88 81 40
10 75 12 58 47 18 28
40 58 54 12 88 74 36
51 11 43 8 6 58 15
31 28 17 91 45 91 75
46 67 37 85 6 51 62
76 70 63 30 90 82 27
67 72 79 16 30 28 66
51 11 43 44 88 81 85
44 88 81 18 74 33 50
80 3 76 81 79 92 77
73 56 26 3 0 71 71
28 10 58 7 0 52 11
38 30 53 28 10 58 20
68 77 41 44 88 81 41
43 39 88 58 47 18 70
18 74 33 74 52 46 25
21 19 81 58 47 18 68
76 70 63 78 15 70 55
18 74 33 45 7 35 67
41 73 54 7 0 52 73
4 76 38 60 51 34 25
8 6 58 36 26 52 20
84 47 38 65 83 54 39
88 61 39 18 74 33 14
14 68 13 24 45 92 82
2 24 61 51 11 43 22
9 8 36 85 6 51 15
14 68 13 21 19 81 83
34 60 54 74 52 46 11
89 68 18 14 68 13 5
73 56 26 15 79 38 25
81 79 92 54 54 94 25
74 52 46 59 11 69 47
46 67 37 70 72 82 45
83 28 47 19 94 80 73
46 67 37 77 14 94 77
88 61 39 68 77 41 16
9 8 36 43 39 88 60
63 75 79 46 67 37 42
38 30 53 23 61 14 49
91 45 91 9 8 36 66
30 90 82 34 60 54 41
6 15 14 4 76 38 65
31 28 17 44 88 81 87
13 68 60 80 3 76 66
9 8 36 18 74 33 66
2 24 61 31 28 17 44
55 93 42 92 79 77 37
44 88 81 92 79 77 9
41 73 54 66 65 10 44
94 30 93 77 14 94 16
93 39 93 38 30 53 41
41 73 54 69 88 79 29
36 26 52 52 25 80 28
46 67 37 49 88 12 32
83 28 47 3 0 71 36
38 30 53 79 35 48 7
17 46 34 90 39 52 19
1 24 39 82 8 23 22
48 87 73 72 3 26 96
78 15 70 47 85 7 94
8 6 58 16 30 28 38
26 41 16 55 93 42 58
48 87 73 19 94 80 9
9 8 36 14 68 13 64
30 90 82 54 54 94 37
81 79 92 12 88 74 20
5 84 25 15 79 38 13
46 67 37 43 39 88 58
57 28 60 16 30 28 32
17 46 34 94 30 93 61
34 60 54 56 55 83 29
79 35 48 37 16 31 25
85 6 51 30 90 82 89
5 84 25 13 68 60 38
53 5 53 29 85 94 89
22 46 26 42 15 20 31
93 39 93 47 85 7 97
82 8 23 41 73 54 72
93 39 93 10 75 12 88
92 79 77 26 41 16 71
57 28 60 91 45 91 35
35 90 87 19 94 80 8
47 85 7 21 19 81 99
51 11 43 46 67 37 56
26 41 16 6 15 14 26
88 61 39 35 90 87 56
88 61 39 94 30 93 62
58 47 18 36 26 52 39
27 81 18 57 28 60 67
75 35 20 29 85 94 89
18 74 33 55 93 42 21
50 14 44 5 84 25 72
64 40 49 39 29 11 39
35 90 87 85 6 51 91
81 79 92 18 74 33 59
29 85 94 31 28 17 95
19 94 80 77 14 94 81
73 56 26 58 47 18 12
75 35 20 68 77 41 46
29 85 94 54 54 94 31
28 10 58 15 79 38 71
23 61 14 16 30 28 34
70 72 82 28 10 58 66
89 68 18 17 46 34 27
56 55 83 17 46 34 49
17 46 34 61 40 35 6
19 94 80 7 0 52 98
14 68 13 45 7 35 64
79 35 48 53 5 53 30
5 84 25 39 29 11 56
69 88 79 91 45 91 44
69 88 79 39 29 11 90
25 31 81 9 8 36 50
90 39 52 30 90 82 59
14 68 13 57 28 60 61
49 88 12 65 83 54 42
3 0 71 24 45 92 49
56 55 83 46 67 37 47
23 61 14 73 56 26 13
85 6 51 0 12 19 32
41 73 54 26 41 16 49
61 40 35 16 30 28 12
71 89 71 12 88 74 3
90 39 52 20 30 54 9
12 88 74 48 87 73 1
43 39 88 53 5 53 48
15 79 38 68 77 41 3
84 47 38 2 24 61 32
44 88 81 55 93 42 39
42 15 20 94 30 93 74
21 19 81 37 16 31 50
73 56 26 77 14 94 79
44 88 81 6 15 14 99
26 41 16 14 68 13 27
30 90 82 84 47 38 61
36 26 52 12 88 74 65
68 77 41 93 39 93 64
94 30 93 20 30 54 39
52 25 80 53 5 53 33
80 3 76 21 19 81 16
57 28 60 28 10 58 18
57 28 60 52 25 80 20
5 84 25 37 16 31 68
75 35 20 87 26 91 71
94 30 93 0 12 19 76
65 83 54 59 11 69 73
63 75 79 8 6 58 72
14 68 13 60 51 34 27
55 93 42 73 56 26 40
59 11 69 29 85 94 78
44 88 81 80 3 76 85
89 68 18 27 81 18 13
24 45 92 19 94 80 50
29 85 94 7 0 52 94
21 19 81 27 81 18 88
22 46 26 7 0 52 52
79 35 48 0 12 19 37
60 51 34 78 15 70 50
8 6 58 90 39 52 33
14 68 13 41 73 54 41
45 7 35 20 30 54 29
38 30 53 78 15 70 22
60 51 34 64 40 49 18
94 30 93 68 77 41 70
72 3 26 73 56 26 53
23 61 14 7 0 52 71
49 88 12 89 68 18 20
69 88 79 74 52 46 48
74 52 46 81 79 92 53
22 46 26 94 30 93 68
83 28 47 91 45 91 47
48 87 73 35 90 87 14
89 68 18 26 41 16 27
79 35 48 32 23 78 32
8 6 58 33 61 35 59
1 24 39 76 70 63 51
92 79 77 84 47 38 50
44 88 81 64 40 49 57
33 61 35 50 14 44 47
52 25 80 17 46 34 50
20 30 54 3 0 71 34
63 75 79 60 51 34 51
74 52 46 54 54 94 48
26 41 16 58 47 18 6
69 88 79 0 12 19 96
30 90 82 32 23 78 67
22 46 26 82 8 23 38
11 54 48 36 26 52 28
28 10 58 78 15 70 13
87 26 91 60 51 34 62
3 0 71 51 11 43 30
28 10 58 29 85 94 83
53 5 53 46 67 37 64
21 19 81 36 26 52 29
40 58 54 16 30 28 38
10 75 12 1 24 39 57
67 72 79 77 14 94 59
69 88 79 40 58 54 39
94 30 93 5 84 25 86
93 39 93 14 68 13 85
50 14 44 9 8 36 10
40 58 54 57 28 60 30
46 67 37 44 88 81 48
40 58 54 22 46 26 30
90 39 52 43 39 88 36
51 11 43 49 88 12 83
81 79 92 82 8 23 99
3 0 71 15 79 38 85
2 24 61 3 0 71 26
68 77 41 23 61 14 31
31 28 17 22 46 26 20
53 5 53 91 45 91 55
22 46 26 10 75 12 32
81 79 92 85 6 51 83
13 68 60 20 30 54 38
92 79 77 88 61 39 42
0 12 19 66 65 10 53
53 5 53 18 74 33 71
94 30 93 45 7 35 62
47 85 7 68 77 41 34
92 79 77 38 30 53 54
21 19 81 11 54 48 48
73 56 26 57 28 60 44
8 6 58 30 90 82 87
20 30 54 49 88 12 71
5 84 25 11 54 48 37
9 8 36 12 88 74 88
37 16 31 64 40 49 30
29 85 94 42 15 20 101
22 46 26 65 83 54 46
72 3 26 9 8 36 11
57 28 60 47 85 7 77
1 24 39 45 7 35 17
14 68 13 62 20 90 90
76 70 63 7 0 52 70
67 72 79 25 31 81 41
81 79 92 78 15 70 67
0 12 19 82 8 23 5
65 83 54 50 14 44 69
84 47 38 40 58 54 19
78 15 70 25 31 81 19
23 61 14 41 73 54 41
62 20 90 56 55 83 35
45 7 35 15 79 38 72
8 6 58 41 73 54 67
68 77 41 42 15 20 65
35 90 87 9 8 36 96
33 61 35 64 40 49 25
66 65 10 8 6 58 76
8 6 58 70 72 82 70
6 15 14 91 45 91 82
71 89 71 17 46 34 56
14 68 13 44 88 81 70
14 68 13 56 55 83 71
69 88 79 14 68 13 68
13 68 60 76 70 63 3
30 90 82 87 26 91 64
25 31 81 1 24 39 42
89 68 18 83 28 47 49
94 30 93 12 88 74 61
79 35 48 25 31 81 33
22 46 26 43 39 88 62
52 25 80 35 90 87 65
43 39 88 79 35 48 40
2 24 61 90 39 52 17
15 79 38 72 3 26 76
65 83 54 92 79 77 23
2 24 61 21 19 81 20
66 65 10 49 88 12 23
25 31 81 62 20 90 14
36 26 52 77 14 94 43
79 35 48 60 51 34 21
41 73 54 30 90 82 32
59 11 69 12 88 74 77
54 54 94 82 8 23 84
51 11 43 72 3 26 18
67 72 79 52 25 80 47
26 41 16 38 30 53 38
94 30 93 86 78 81 49
93 39 93 17 46 34 59
48 87 73 3 0 71 87
71 89 71 73 56 26 55
85 6 51 74 52 46 46
13 68 60 10 75 12 48
45 7 35 31 28 17 27
37 16 31 63 75 79 76
84 47 38 37 16 31 31
80 3 76 7 0 52 24
43 39 88 80 3 76 37
61 40 35 79 35 48 13
65 83 54 20 30 54 53
20 30 54 39 29 11 43
3 0 71 38 30 53 34
76 70 63 6 15 14 73
40 58 54 46 67 37 19
72 3 26 27 81 18 78
76 70 63 16 30 28 53
88 61 39 93 39 93 58
68 77 41 6 15 14 67
8 6 58 65 83 54 77
85 6 51 27 81 18 81
91 45 91 37 16 31 66
2 24 61 47 85 7 81
68 77 41 28 10 58 69
7 0 52 77 14 94 44
91 45 91 41 73 54 46
50 14 44 16 30 28 22
43 39 88 14 68 13 80
55 93 42 20 30 54 64
71 89 71 13 68 60 23
87 26 91 81 79 92 53
50 14 44 54 54 94 64
36 26 52 62 20 90 38
33 61 35 88 61 39 4
91 45 91 10 75 12 84
79 35 48 11 54 48 19
34 60 54 29 85 94 47
93 39 93 77 14 94 25
73 56 26 44 88 81 63
68 77 41 82 8 23 71
5 84 25 53 5 53 83
48 87 73 8 6 58 82
39 29 11 25 31 81 70
57 28 60 26 41 16 45
71 89 71 24 45 92 48
69 88 79 70 72 82 16
87 26 91 21 19 81 12
71 89 71 66 65 10 65
59 11 69 17 46 34 49
7 0 52 6 15 14 40
14 68 13 48 87 73 62
80 3 76 79 35 48 42
79 35 48 62 20 90 44
67 72 79 54 54 94 23
67 72 79 85 6 51 71
44 88 81 88 61 39 49
58 47 18 17 46 34 16
67 72 79 74 52 46 38
48 87 73 89 68 18 58
2 24 61 58 47 18 48
9 8 36 93 39 93 64
66 65 10 10 75 12 10
64 40 49 36 26 52 14
0 12 19 41 73 54 70
29 85 94 49 88 12 82
62 20 90 51 11 43 47
34 60 54 40 58 54 2
68 77 41 19 94 80 42
31 28 17 53 5 53 42
10 75 12 28 10 58 79
24 45 92 4 76 38 62
48 87 73 30 90 82 9
47 85 7 75 35 20 51
13 68 60 38 30 53 38
35 90 87 80 3 76 87
71 89 71 57 28 60 61
8 6 58 46 67 37 64
85 6 51 37 16 31 22
79 35 48 89 68 18 44
11 54 48 67 72 79 35
49 88 12 90 39 52 63
30 90 82 89 68 18 67
73 56 26 94 30 93 71
79 35 48 6 15 14 39
38 30 53 77 14 94 44
35 90 87 89 68 18 72
80 3 76 74 52 46 57
65 83 54 70 72 82 30
5 84 25 23 61 14 25
38 30 53 44 88 81 64
43 39 88 15 79 38 64
56 55 83 58 47 18 65
59 11 69 52 25 80 17
0 12 19 59 11 69 50
77 14 94 52 25 80 17
12 88 74 2 24 61 65
83 28 47 85 6 51 22
80 3 76 88 61 39 68
75 35 20 62 20 90 71
77 14 94 41 73 54 71
81 79 92 26 41 16 84
56 55 83 38 30 53 39
8 6 58 39 29 11 52
9 8 36 22 46 26 39
39 29 11 90 39 52 42
83 28 47 81 79 92 68
91 45 91 86 78 81 34
35 90 87 50 14 44 87
9 8 36 63 75 79 79
70 72 82 81 79 92 12
4 76 38 15 79 38 3
19 94 80 25 31 81 63
94 30 93 66 65 10 90
15 79 38 84 47 38 32
76 70 63 10 75 12 51
75 35 20 72 3 26 32
32 23 78 4 76 38 66
34 60 54 35 90 87 44
89 68 18 43 39 88 75
94 30 93 33 61 35 65
27 81 18 88 61 39 29
31 28 17 8 6 58 46
20 30 54 72 3 26 38
35 90 87 53 5 53 91
92 79 77 21 19 81 60
81 79 92 71 89 71 23
2 24 61 87 26 91 30
21 19 81 86 78 81 59
64 40 49 69 88 79 56
20 30 54 34 60 54 30
41 73 54 71 89 71 23
58 47 18 23 61 14 14
70 72 82 94 30 93 43
2 24 61 48 87 73 64
12 88 74 42 15 20 90
5 84 25 66 65 10 24
37 16 31 92 79 77 78
64 40 49 15 79 38 40
5 84 25 57 28 60 66
23 61 14 8 6 58 70
7 0 52 91 45 91 59
2 24 61 83 28 47 14
3 0 71 67 72 79 72
66 65 10 11 54 48 39
83 28 47 15 79 38 51
80 3 76 37 16 31 46
4 76 38 70 72 82 44
40 58 54 49 88 12 51
16 30 28 65 83 54 59
16 30 28 3 0 71 52
34 60 54 37 16 31 49
11 54 48 62 20 90 54
9 8 36 77 14 94 58
62 20 90 7 0 52 42
56 55 83 40 58 54 29
0 12 19 52 25 80 62
20 30 54 68 77 41 48
27 81 18 46 67 37 23
90 39 52 18 74 33 39
39 29 11 31 28 17 6
21 19 81 44 88 81 69
17 46 34 70 72 82 54
3 0 71 14 68 13 89
26 41 16 78 15 70 59
92 79 77 80 3 76 76
39 29 11 60 51 34 31
23 61 14 6 15 14 46
90 39 52 63 75 79 45
3 0 71 34 60 54 62
34 60 54 32 23 78 44
84 47 38 35 90 87 65
31 28 17 6 15 14 13
21 19 81 20 30 54 29
55 93 42 66 65 10 42
27 81 18 86 78 81 63
11 54 48 78 15 70 44
43 39 88 81 79 92 40
48 87 73 58 47 18 68
29 85 94 73 56 26 73
74 52 46 58 47 18 28
33 61 35 4 76 38 15
34 60 54 84 47 38 20
5 84 25 12 88 74 49
38 30 53 60 51 34 28
70 72 82 39 29 11 83
56 55 83 75 35 20 66
66 65 10 92 79 77 68
56 55 83 35 90 87 35
41 73 54 12 88 74 25
10 75 12 77 14 94 102
91 45 91 39 29 11 81
13 68 60 7 0 52 68
4 76 38 89 68 18 21
50 14 44 84 47 38 33
5 84 25 77 14 94 98
3 0 71 1 24 39 40
45 7 35 34 60 54 56
18 74 33 3 0 71 83
80 3 76 91 45 91 44
56 55 83 48 87 73 33
76 70 63 67 72 79 16
11 54 48 43 39 88 42
23 61 14 67 72 79 65
75 35 20 63 75 79 71
83 28 47 4 76 38 48
28 10 58 90 39 52 29
71 89 71 5 84 25 46
81 79 92 46 67 37 56
87 26 91 47 85 7 102
0 12 19 80 3 76 57
90 39 52 35 90 87 61
16 30 28 32 23 78 50
81 79 92 63 75 79 13
4 76 38 42 15 20 63
13 68 60 92 79 77 20
13 68 60 24 45 92 39
71 89 71 68 77 41 32
85 6 51 66 65 10 71
82 8 23 18 74 33 66
47 85 7 84 47 38 49
27 81 18 70 72 82 64
84 47 38 7 0 52 49
67 72 79 38 30 53 49
53 5 53 84 47 38 44
66 65 10 18 74 33 24
26 41 16 88 61 39 30
65 83 54 85 6 51 77
52 25 80 31 28 17 63
6 15 14 18 74 33 61
17 46 34 72 3 26 43
66 65 10 88 61 39 29
72 3 26 40 58 54 61
89 68 18 65 83 54 39
18 74 33 86 78 81 48
22 46 26 92 79 77 60
63 75 79 58 47 18 67
61 40 35 51 11 43 30
46 67 37 78 15 70 61
72 3 26 5 84 25 81
80 3 76 70 72 82 69
30 90 82 80 3 76 87
28 10 58 25 31 81 31
61 40 35 72 3 26 38
41 73 54 16 30 28 50
49 88 12 13 68 60 52
71 89 71 8 6 58 84
34 60 54 51 11 43 50
38 30 53 89 68 18 51
4 76 38 94 30 93 71
29 85 94 86 78 81 14
67 72 79 43 39 88 34
19 94 80 71 89 71 10
52 25 80 61 40 35 47
58 47 18 33 61 35 22
26 41 16 17 46 34 18
70 72 82 53 5 53 73
10 75 12 64 40 49 50
73 56 26 90 39 52 31
92 79 77 45 7 35 83
68 77 41 54 54 94 57
0 12 19 42 15 20 3
31 28 17 75 35 20 7
72 3 26 6 15 14 16
15 79 38 59 11 69 74
21 19 81 38 30 53 30
44 88 81 30 90 82 2
38 30 53 32 23 78 25
90 39 52 83 28 47 12
23 61 14 55 93 42 42
33 61 35 55 93 42 32
85 6 51 62 20 90 41
23 61 14 63 75 79 66
26 41 16 59 11 69 60
65 83 54 26 41 16 56
75 35 20 70 72 82 72
37 16 31 90 39 52 31
16 30 28 88 61 39 32
87 26 91 85 6 51 44
77 14 94 60 51 34 70
55 93 42 89 68 18 34
69 88 79 48 87 73 6
46 67 37 84 47 38 20
0 12 19 93 39 93 78
20 30 54 89 68 18 52
50 14 44 29 85 94 86
63 75 79 16 30 28 68
15 79 38 93 39 93 68
21 19 81 89 68 18 79
26 41 16 77 14 94 82
70 72 82 21 19 81 53
11 54 48 86 78 81 40
69 88 79 89 68 18 64
52 25 80 6 15 14 66
68 77 41 39 29 11 56
64 40 49 22 46 26 23
69 88 79 84 47 38 57
30 90 82 94 30 93 61
68 77 41 29 85 94 53
50 14 44 87 26 91 48
54 54 94 72 3 26 85
77 14 94 87 26 91 12
62 20 90 87 26 91 6
36 26 52 74 52 46 26
61 40 35 69 88 79 65
42 15 20 16 30 28 17
19 94 80 64 40 49 62
35 90 87 2 24 61 70
32 23 78 55 93 42 78
24 45 92 11 54 48 44
8 6 58 49 88 12 94
25 31 81 35 90 87 59
85 6 51 78 15 70 21
78 15 70 45 7 35 35
78 15 70 20 30 54 21
2 24 61 88 61 39 43
67 72 79 14 68 13 66
24 45 92 58 47 18 74
36 26 52 1 24 39 13
92 79 77 34 60 54 29
22 46 26 15 79 38 35
25 31 81 37 16 31 52
71 89 71 27 81 18 53
69 88 79 93 39 93 50
66 65 10 2 24 61 65
50 14 44 76 70 63 59
89 68 18 42 15 20 53
87 26 91 44 88 81 62
11 54 48 74 52 46 2
43 39 88 13 68 60 40
86 78 81 61 40 35 59
26 41 16 84 47 38 22
37 16 31 88 61 39 45
89 68 18 67 72 79 61
5 84 25 82 8 23 76
8 6 58 18 74 33 72
48 87 73 41 73 54 23
54 54 94 76 70 63 34
18 74 33 59 11 69 72
90 39 52 32 23 78 30
0 12 19 11 54 48 51
18 74 33 12 88 74 43
91 45 91 42 15 20 77
38 30 53 25 31 81 28
61 40 35 66 65 10 35
21 19 81 82 8 23 59
78 15 70 70 72 82 58
66 65 10 68 77 41 33
78 15 70 42 15 20 50
76 70 63 62 20 90 56
10 75 12 48 87 73 62
83 28 47 71 89 71 65
42 15 20 1 24 39 21
41 73 54 64 40 49 33
59 11 69 5 84 25 85
43 39 88 27 81 18 81
73 56 26 79 35 48 30
47 85 7 20 30 54 72
77 14 94 39 29 11 84
30 90 82 74 52 46 52
48 87 73 38 30 53 60
3 0 71 63 75 79 75
71 89 71 42 15 20 89
61 40 35 13 68 60 37
71 89 71 58 47 18 67
77 14 94 21 19 81 13
64 40 49 31 28 17 34
47 85 7 33 61 35 36
69 88 79 92 79 77 9
62 20 90 83 28 47 43
84 47 38 62 20 90 58
62 20 90 35 90 87 70
53 5 53 86 78 81 78
78 15 70 82 8 23 47
87 26 91 56 55 83 30
75 35 20 39 29 11 10
12 88 74 7 0 52 90
31 28 17 74 52 46 37
17 46 34 7 0 52 49
28 10 58 26 41 16 52
6 15 14 86 78 81 91
2 24 61 69 88 79 66
27 81 18 28 10 58 81
87 26 91 71 89 71 66
59 11 69 57 28 60 19
71 89 71 47 85 7 64
5 84 25 49 88 12 13
11 54 48 29 85 94 55
5 84 25 46 67 37 20
22 46 26 46 67 37 23
54 54 94 39 29 11 86
91 45 91 52 25 80 22
4 76 38 38 30 53 48
90 39 52 31 28 17 36
37 16 31 43 39 88 61
85 6 51 2 24 61 20
24 45 92 18 74 33 65
63 75 79 62 20 90 56
68 77 41 51 11 43 66
94 30 93 43 39 88 10
76 70 63 4 76 38 25
13 68 60 77 14 94 63
66 65 10 50 14 44 61
82 8 23 49 88 12 80
41 73 54 70 72 82 28
14 68 13 73 56 26 17
62 20 90 55 93 42 87
88 61 39 51 11 43 50
38 30 53 31 28 17 36
42 15 20 35 90 87 100
31 28 17 94 30 93 76
64 40 49 79 35 48 5
20 30 54 62 20 90 37
47 85 7 88 61 39 40
65 83 54 38 30 53 53
71 89 71 30 90 82 11
19 94 80 34 60 54 42
45 7 35 63 75 79 80
24 45 92 53 5 53 55
79 35 48 50 14 44 21
91 45 91 71 89 71 48
50 14 44 24 45 92 57
63 75 79 91 45 91 32
45 7 35 36 26 52 25
11 54 48 38 30 53 24
70 72 82 64 40 49 45
88 61 39 63 75 79 42
71 89 71 60 51 34 53
93 39 93 20 30 54 40
66 65 10 25 31 81 78
0 12 19 67 72 79 84
44 88 81 36 26 52 68
20 30 54 85 6 51 24
2 24 61 50 14 44 19
37 16 31 39 29 11 23
28 10 58 1 24 39 23
82 8 23 3 0 71 48
34 60 54 26 41 16 42
38 30 53 24 45 92 41
90 39 52 81 79 92 56
28 10 58 91 45 91 48
1 24 39 13 68 60 48
61 40 35 56 55 83 50
89 68 18 86 78 81 63
81 79 92 47 85 7 85
53 5 53 17 46 34 45
87 26 91 33 61 35 66
73 56 26 24 45 92 66
26 41 16 47 85 7 44
85 6 51 43 39 88 49
39 29 11 9 8 36 32
43 39 88 24 45 92 7
12 88 74 61 40 35 61
45 7 35 43 39 88 61
16 30 28 39 29 11 17
10 75 12 59 11 69 85
15 79 38 1 24 39 55
30 90 82 51 11 43 88
76 70 63 73 56 26 39
83 28 47 18 74 33 48
88 61 39 11 54 48 11
19 94 80 43 39 88 55
49 88 12 73 56 26 34
48 87 73 68 77 41 33
94 30 93 28 10 58 40
76 70 63 68 77 41 23
48 87 73 49 88 12 61
76 70 63 55 93 42 31
91 45 91 17 46 34 57
83 28 47 20 30 54 7
85 6 51 39 29 11 46
94 30 93 49 88 12 99
83 28 47 42 15 20 29
13 68 60 32 23 78 48
2 24 61 4 76 38 56
70 72 82 88 61 39 44
13 68 60 88 61 39 22
11 54 48 39 29 11 44
49 88 12 85 6 51 90
75 35 20 55 93 42 62
52 25 80 86 78 81 53
18 74 33 31 28 17 48
23 61 14 49 88 12 27
10 75 12 8 6 58 82
62 20 90 6 15 14 76
38 30 53 72 3 26 38
8 6 58 72 3 26 32
1 24 39 47 85 7 68
3 0 71 31 28 17 60
13 68 60 84 47 38 30
37 16 31 23 61 14 48
63 75 79 64 40 49 46
1 24 39 81 79 92 76
49 88 12 12 88 74 62
32 23 78 92 79 77 56
22 46 26 20 30 54 32
8 6 58 27 81 18 85
58 47 18 51 11 43 43
39 29 11 12 88 74 86
6 15 14 56 55 83 79
40 58 54 79 35 48 23
48 87 73 24 45 92 46
17 46 34 4 76 38 30
63 75 79 6 15 14 88
65 83 54 35 90 87 33
49 88 12 92 79 77 65
36 26 52 81 79 92 66
85 6 51 29 85 94 89
56 55 83 54 54 94 11
89 68 18 73 56 26 14
17 46 34 69 88 79 61
2 24 61 54 54 94 44
79 35 48 57 28 60 13
27 81 18 18 74 33 16
59 11 69 51 11 43 26
12 88 74 79 35 48 59
66 65 10 12 88 74 68
93 39 93 54 54 94 15
67 72 79 88 61 39 41
57 28 60 69 88 79 62
60 51 34 45 7 35 44
40 58 54 37 16 31 47
31 28 17 65 83 54 66
34 60 54 22 46 26 31
74 52 46 71 89 71 44
7 0 52 20 30 54 30
93 39 93 84 47 38 55
38 30 53 69 88 79 63
51 11 43 22 46 26 38
44 88 81 78 15 70 73
2 24 61 28 10 58 14
61 40 35 39 29 11 26
56 55 83 32 23 78 32
67 72 79 39 29 11 80
36 26 52 23 61 14 51
72 3 26 83 28 47 32
79 35 48 21 19 81 36
81 79 92 24 45 92 34
74 52 46 61 40 35 16
38 30 53 45 7 35 29
72 3 26 78 15 70 45
92 79 77 94 30 93 51
39 29 11 35 90 87 97
72 3 26 26 41 16 39
48 87 73 55 93 42 31
82 8 23 62 20 90 68
50 14 44 15 79 38 65
39 29 11 88 61 39 42
19 94 80 58 47 18 77
75 35 20 45 7 35 31
65 83 54 57 28 60 55
79 35 48 83 28 47 7
57 28 60 4 76 38 52
45 7 35 6 15 14 22
3 0 71 65 83 54 84
70 72 82 68 77 41 41
65 83 54 60 51 34 37
36 26 52 17 46 34 26
19 94 80 44 88 81 6
60 51 34 48 87 73 53
55 93 42 19 94 80 38
4 76 38 56 55 83 49
36 26 52 78 15 70 21
85 6 51 61 40 35 37
65 83 54 33 61 35 29
47 85 7 74 52 46 51
58 47 18 27 81 18 34
16 30 28 83 28 47 19
86 78 81 9 8 36 83
80 3 76 86 78 81 75
13 68 60 33 61 35 25
32 23 78 94 30 93 16
62 20 90 5 84 25 91
31 28 17 83 28 47 30
60 51 34 32 23 78 52
77 14 94 61 40 35 64
2 24 61 56 55 83 38
79 35 48 31 28 17 31
44 88 81 75 35 20 80
37 16 31 70 72 82 75
62 20 90 46 67 37 70
33 61 35 93 39 93 62
45 7 35 83 28 47 24
66 65 10 48 87 73 66
37 16 31 32 23 78 47
2 24 61 62 20 90 29
0 12 19 70 72 82 87
74 52 46 6 15 14 48
32 23 78 91 45 91 25
54 54 94 16 30 28 70
8 6 58 85 6 51 7
14 68 13 13 68 60 47
4 76 38 63 75 79 41
75 35 20 43 39 88 68
86 78 81 8 6 58 75
15 79 38 19 94 80 44
25 31 81 31 28 17 64
56 55 83 89 68 18 66
54 54 94 73 56 26 68
35 90 87 76 70 63 31
88 61 39 77 14 94 72
69 88 79 3 0 71 88
11 54 48 25 31 81 40
68 77 41 89 68 18 24
52 25 80 20 30 54 26
46 67 37 93 39 93 62
16 30 28 86 78 81 71
14 68 13 30 90 82 72
0 12 19 73 56 26 44
32 23 78 57 28 60 18
50 14 44 32 23 78 35
20 30 54 67 72 79 48
62 20 90 71 89 71 71
13 68 60 58 47 18 46
29 85 94 44 88 81 13
75 35 20 50 14 44 31
61 40 35 26 41 16 19
25 31 81 75 35 20 61
91 45 91 16 30 28 64
77 14 94 48 87 73 75
7 0 52 89 68 18 76
26 41 16 23 61 14 20
39 29 11 74 52 46 41
33 61 35 69 88 79 51
57 28 60 25 31 81 21
64 40 49 68 77 41 37
65 83 54 39 29 11 69
74 52 46 52 25 80 43
80 3 76 57 28 60 29
4 76 38 85 6 51 71
51 11 43 89 68 18 62
41 73 54 22 46 26 38
75 35 20 94 30 93 73
32 23 78 42 15 20 58
67 72 79 91 45 91 29
14 68 13 35 90 87 77
49 88 12 32 23 78 92
20 30 54 41 73 54 43
29 85 94 1 24 39 82
53 5 53 6 15 14 40
50 14 44 4 76 38 62
39 29 11 73 56 26 30
9 8 36 32 23 78 44
26 41 16 46 67 37 33
55 93 42 88 61 39 32
94 30 93 93 39 93 9
59 11 69 88 61 39 58
60 51 34 66 65 10 27
64 40 49 93 39 93 44
1 24 39 56 55 83 53
14 68 13 81 79 92 79
41 73 54 81 79 92 38
4 76 38 45 7 35 69
36 26 52 2 24 61 9
31 28 17 32 23 78 61
4 76 38 92 79 77 39
21 19 81 69 88 79 69
77 14 94 51 11 43 51
53 5 53 2 24 61 20
58 47 18 94 30 93 76
67 72 79 13 68 60 19
4 76 38 41 73 54 16
6 15 14 94 30 93 80
20 30 54 27 81 18 62
53 5 53 60 51 34 49
62 20 90 8 6 58 34
46 67 37 65 83 54 23
49 88 12 55 93 42 30
73 56 26 37 16 31 40
88 61 39 42 15 20 49
73 56 26 87 26 91 71
36 26 52 41 73 54 47
15 79 38 71 89 71 34
92 79 77 36 26 52 58
37 16 31 47 85 7 73
48 87 73 50 14 44 78
42 15 20 34 60 54 56
59 11 69 93 39 93 36
87 26 91 91 45 91 19
76 70 63 72 3 26 76
27 81 18 36 26 52 64
59 11 69 76 70 63 59
32 23 78 70 72 82 49
70 72 82 79 35 48 50
84 47 38 68 77 41 30
73 56 26 93 39 93 69
16 30 28 17 46 34 17
58 47 18 85 6 51 52
25 31 81 88 61 39 51
2 24 61 1 24 39 22
31 28 17 93 39 93 76
4 76 38 84 47 38 29
39 29 11 29 85 94 100
33 61 35 15 79 38 18
28 10 58 5 84 25 81
28 10 58 36 26 52 17
8 6 58 64 40 49 35
90 39 52 10 75 12 53
28 10 58 69 88 79 80
78 15 70 64 40 49 32
2 24 61 23 61 14 59
16 30 28 33 61 35 31
74 52 46 26 41 16 31
82 8 23 93 39 93 76
79 35 48 9 8 36 29
80 3 76 67 72 79 69
89 68 18 45 7 35 63
16 30 28 94 30 93 65
52 25 80 88 61 39 54
90 39 52 26 41 16 36
90 39 52 25 31 81 30
40 58 54 53 5 53 53
42 15 20 8 6 58 39
16 30 28 27 81 18 51
33 61 35 92 79 77 45
54 54 94 46 67 37 58
18 74 33 69 88 79 48
34 60 54 36 26 52 34
39 29 11 71 89 71 84
91 45 91 51 11 43 58
65 83 54 52 25 80 63
27 81 18 69 88 79 61
47 85 7 92 79 77 70
17 46 34 40 58 54 23
12 88 74 52 25 80 63
84 47 38 55 93 42 46
53 5 53 15 79 38 75
77 14 94 86 78 81 65
4 76 38 26 41 16 41
74 52 46 3 0 71 57
86 78 81 82 8 23 90
69 88 79 4 76 38 42
53 5 53 42 15 20 34
52 25 80 58 47 18 65
23 61 14 43 39 88 77
7 0 52 36 26 52 26
2 24 61 68 77 41 56
36 26 52 70 72 82 54
13 68 60 19 94 80 32
42 15 20 84 47 38 36
73 56 26 85 6 51 55
7 0 52 82 8 23 30
92 79 77 82 8 23 89
63 75 79 25 31 81 44
33 61 35 51 11 43 50
17 46 34 24 45 92 58
67 72 79 15 79 38 41
1 24 39 54 54 94 62
71 89 71 4 76 38 35
86 78 81 55 93 42 41
57 28 60 66 65 10 62
87 26 91 34 60 54 50
57 28 60 68 77 41 52
7 0 52 14 68 13 78
46 67 37 32 23 78 60
11 54 48 14 68 13 37
92 79 77 53 5 53 77
45 7 35 93 39 93 66
91 45 91 23 61 14 78
39 29 11 89 68 18 39
51 11 43 32 23 78 37
93 39 93 21 19 81 23
84 47 38 61 40 35 7
51 11 43 25 31 81 42
65 83 54 2 24 61 59
37 16 31 53 5 53 24
27 81 18 10 75 12 8
19 94 80 29 85 94 16
39 29 11 4 76 38 54
23 61 14 70 72 82 68
68 77 41 12 88 74 34
16 30 28 18 74 33 44
73 56 26 64 40 49 28
25 31 81 92 79 77 48
71 89 71 82 8 23 94
10 75 12 73 56 26 23
23 61 14 15 79 38 30
60 51 34 80 3 76 63
59 11 69 87 26 91 26
16 30 28 82 8 23 22
60 51 34 20 30 54 29
9 8 36 88 61 39 53
46 67 37 36 26 52 43
30 90 82 88 61 39 51
74 52 46 15 79 38 28
51 11 43 63 75 79 73
94 30 93 41 73 54 58
72 3 26 86 78 81 93
14 68 13 94 30 93 88
45 7 35 56 55 83 67
23 61 14 71 89 71 63
50 14 44 39 29 11 36
5 84 25 32 23 78 80
63 75 79 40 58 54 30
89 68 18 85 6 51 70
44 88 81 67 72 79 16
2 24 61 5 84 25 69
83 28 47 33 61 35 35
32 23 78 93 39 93 21
65 83 54 14 68 13 43
28 10 58 44 88 81 81
48 87 73 92 79 77 8
85 6 51 70 72 82 72
47 85 7 23 61 14 25
80 3 76 15 79 38 84
29 85 94 70 72 82 17
3 0 71 92 79 77 79
0 12 19 84 47 38 39
92 79 77 81 79 92 15
5 84 25 17 46 34 39
30 90 82 63 75 79 15
36 26 52 35 90 87 72
46 67 37 66 65 10 27
68 77 41 40 58 54 23
93 39 93 78 15 70 33
39 29 11 92 79 77 82
72 3 26 31 28 17 26
70 72 82 22 46 26 61
67 72 79 46 67 37 42
44 88 81 52 25 80 63
12 88 74 73 56 26 57
59 11 69 49 88 12 95
36 26 52 19 94 80 73
86 78 81 39 29 11 85
40 58 54 42 15 20 54
48 87 73 59 11 69 76
50 14 44 34 60 54 47
91 45 91 56 55 83 12
66 65 10 39 29 11 36
51 11 43 85 6 51 9
26 41 16 31 28 17 13
35 90 87 38 30 53 68
75 35 20 14 68 13 33
34 60 54 57 28 60 32
48 87 73 81 79 92 20
74 52 46 60 51 34 12
82 8 23 51 11 43 20
13 68 60 41 73 54 7
2 24 61 59 11 69 15
34 60 54 38 30 53 30
9 8 36 67 72 79 77
76 70 63 29 85 94 34
30 90 82 13 68 60 31
16 30 28 60 51 34 21
9 8 36 47 85 7 82
89 68 18 74 52 46 32
55 93 42 90 39 52 54
22 46 26 88 61 39 19
32 23 78 59 11 69 15
43 39 88 74 52 46 43
4 76 38 37 16 31 60
70 72 82 73 56 26 58
48 87 73 43 39 88 50
59 11 69 16 30 28 45
78 15 70 24 45 92 37
53 5 53 64 40 49 35
54 54 94 91 45 91 9
77 14 94 47 85 7 112
71 89 71 33 61 35 45
40 58 54 81 79 92 43
86 78 81 10 75 12 69
26 41 16 9 8 36 38
68 77 41 87 26 91 71
7 0 52 64 40 49 40
38 30 53 53 5 53 25
81 79 92 22 46 26 73
3 0 71 9 8 36 35
56 55 83 60 51 34 49
86 78 81 35 90 87 13
3 0 71 13 68 60 68
62 20 90 74 52 46 54
29 85 94 87 26 91 59
62 20 90 21 19 81 9
67 72 79 58 47 18 65
67 72 79 24 45 92 29
75 35 20 71 89 71 74
64 40 49 38 30 53 10
5 84 25 41 73 54 31
14 68 13 87 26 91 88
59 11 69 61 40 35 44
82 8 23 65 83 54 81
64 40 49 43 39 88 39
66 65 10 75 35 20 31
78 15 70 94 30 93 27
24 45 92 23 61 14 79
31 28 17 89 68 18 40
56 55 83 36 26 52 42
73 56 26 38 30 53 37
35 90 87 27 81 18 69
10 75 12 53 5 53 81
7 0 52 38 30 53 30
51 11 43 70 72 82 72
45 7 35 33 61 35 54
1 24 39 58 47 18 31
90 39 52 53 5 53 34
43 39 88 47 85 7 93
28 10 58 50 14 44 14
90 39 52 54 54 94 44
52 25 80 71 89 71 64
72 3 26 55 93 42 91
10 75 12 36 26 52 63
57 28 60 63 75 79 50
63 75 79 38 30 53 51
46 67 37 52 25 80 60
78 15 70 79 35 48 29
27 81 18 37 16 31 66
24 45 92 85 6 51 56
94 30 93 87 26 91 4
15 79 38 20 30 54 51
69 88 79 51 11 43 85
24 45 92 63 75 79 32
64 40 49 75 35 20 29
42 15 20 18 74 33 60
58 47 18 8 6 58 57
25 31 81 40 58 54 38
68 77 41 14 68 13 29
5 84 25 61 40 35 45
73 56 26 16 30 28 26
15 79 38 57 28 60 55
37 16 31 11 54 48 41
80 3 76 5 84 25 95
37 16 31 22 46 26 30
76 70 63 64 40 49 33
7 0 52 24 45 92 60
25 31 81 54 54 94 26
92 79 77 40 58 54 31
16 30 28 89 68 18 39
92 79 77 54 54 94 30
9 8 36 83 28 47 22
55 93 42 27 81 18 26
87 26 91 74 52 46 51
20 30 54 8 6 58 24
54 54 94 9 8 36 74
24 45 92 61 40 35 57
72 3 26 18 74 33 71
87 26 91 46 67 37 67
28 10 58 12 88 74 79
39 29 11 27 81 18 52
61 40 35 47 85 7 53
18 74 33 25 31 81 64
64 40 49 5 84 25 50
80 3 76 3 0 71 5
44 88 81 72 3 26 101
59 11 69 46 67 37 64
86 78 81 45 7 35 84
65 83 54 93 39 93 58
92 79 77 62 20 90 60
9 8 36 4 76 38 68
48 87 73 9 8 36 87
32 23 78 44 88 81 65
52 25 80 64 40 49 34
85 6 51 77 14 94 43
44 88 81 60 51 34 59
15 79 38 11 54 48 26
88 61 39 14 68 13 26
5 84 25 73 56 26 28
23 61 14 87 26 91 84
18 74 33 10 75 12 21
17 46 34 65 83 54 42
41 73 54 75 35 20 50
49 88 12 56 55 83 78
73 56 26 88 61 39 13
25 31 81 32 23 78 8
44 88 81 56 55 83 33
74 52 46 50 14 44 38
76 70 63 56 55 83 25
9 8 36 64 40 49 34
38 30 53 71 89 71 61
71 89 71 54 54 94 41
16 30 28 44 88 81 78
24 45 92 1 24 39 57
75 35 20 15 79 38 47
44 88 81 15 79 38 43
72 3 26 89 68 18 65
34 60 54 9 8 36 55
19 94 80 93 39 93 56
27 81 18 61 40 35 44
82 8 23 67 72 79 85
22 46 26 90 39 52 26
27 81 18 4 76 38 20
8 6 58 26 41 16 54
93 39 93 27 81 18 85
40 58 54 45 7 35 54
87 26 91 69 88 79 63
37 16 31 13 68 60 59
40 58 54 15 79 38 26
67 72 79 90 39 52 42
33 61 35 89 68 18 18
70 72 82 12 88 74 17
47 85 7 50 14 44 80
56 55 83 39 29 11 76
80 3 76 89 68 18 87
75 35 20 10 75 12 40
0 12 19 90 39 52 42
90 39 52 51 11 43 29
58 47 18 59 11 69 62
3 0 71 25 31 81 32
91 45 91 88 61 39 54
32 23 78 48 87 73 64
23 61 14 25 31 81 73
18 74 33 65 83 54 22
43 39 88 34 60 54 39
66 65 10 33 61 35 25
37 16 31 3 0 71 43
43 39 88 51 11 43 53
62 20 90 69 88 79 68
60 51 34 93 39 93 60
72 3 26 13 68 60 73
62 20 90 50 14 44 46
47 85 7 7 0 52 96
66 65 10 9 8 36 62
86 78 81 22 46 26 63
75 35 20 78 15 70 53
71 89 71 61 40 35 60
81 79 92 11 54 48 50
37 16 31 16 30 28 14
49 88 12 25 31 81 89
11 54 48 72 3 26 55
2 24 61 93 39 93 35
29 85 94 58 47 18 84
58 47 18 47 85 7 39
79 35 48 24 45 92 45
38 30 53 19 94 80 69
14 68 13 52 25 80 79
71 89 71 69 88 79 8
80 3 76 28 10 58 19
91 45 91 0 12 19 79
31 28 17 68 77 41 54
63 75 79 92 79 77 4
7 0 52 72 3 26 26
29 85 94 83 28 47 73
3 0 71 19 94 80 94
13 68 60 23 61 14 46
89 68 18 91 45 91 76
65 83 54 47 85 7 47
74 52 46 65 83 54 32
84 47 38 9 8 36 39
61 40 35 32 23 78 46
12 88 74 24 45 92 46
62 20 90 68 77 41 75
56 55 83 94 30 93 26
4 76 38 19 94 80 45
56 55 83 55 93 42 55
69 88 79 36 26 52 67
61 40 35 0 12 19 32
24 45 92 66 65 10 84
45 7 35 66 65 10 63
24 45 92 52 25 80 23
37 16 31 1 24 39 11
22 46 26 2 24 61 41
83 28 47 78 15 70 26
93 39 93 83 28 47 47
75 35 20 85 6 51 42
82 8 23 35 90 87 104
77 14 94 83 28 47 49
47 85 7 40 58 54 54
53 5 53 14 68 13 74
51 11 43 16 30 28 24
18 74 33 5 84 25 12
44 88 81 13 68 60 29
27 81 18 50 14 44 71
32 23 78 76 70 63 49
30 90 82 10 75 12 71
64 40 49 48 87 73 52
3 0 71 33 61 35 70
58 47 18 53 5 53 54
3 0 71 11 54 48 58
11 54 48 34 60 54 8
24 45 92 84 47 38 54
23 61 14 93 39 93 82
69 88 79 53 5 53 86
13 68 60 64 40 49 30
81 79 92 20 30 54 62
52 25 80 13 68 60 47
21 19 81 24 45 92 28
8 6 58 73 56 26 59
30 90 82 46 67 37 50
76 70 63 47 85 7 57
39 29 11 78 15 70 60
31 28 17 88 61 39 39
12 88 74 4 76 38 37
15 79 38 63 75 79 41
85 6 51 14 68 13 72
7 0 52 3 0 71 19
78 15 70 35 90 87 76
83 28 47 55 93 42 65
44 88 81 49 88 12 69
32 23 78 75 35 20 59
14 68 13 77 14 94 97
16 30 28 25 31 81 53
2 24 61 91 45 91 36
1 24 39 77 14 94 55
21 19 81 8 6 58 26
69 88 79 24 45 92 44
22 46 26 13 68 60 40
13 68 60 54 54 94 36
80 3 76 40 58 54 59
8 6 58 52 25 80 29
41 73 54 90 39 52 34
69 88 79 76 70 63 24
0 12 19 18 74 33 63
10 75 12 52 25 80 84
3 0 71 90 39 52 43
33 61 35 17 46 34 15
66 65 10 38 30 53 55
57 28 60 60 51 34 34
49 88 12 76 70 63 54
3 0 71 45 7 35 36
58 47 18 50 14 44 42
11 54 48 51 11 43 43
7 0 52 32 23 78 34
84 47 38 3 0 71 57
29 85 94 4 76 38 56
24 45 92 82 8 23 78
12 88 74 50 14 44 79
3 0 71 41 73 54 74
51 11 43 42 15 20 23
23 61 14 62 20 90 86
7 0 52 10 75 12 85
72 3 26 42 15 20 13
76 70 63 63 75 79 16
12 88 74 8 6 58 83
36 26 52 66 65 10 57
36 26 52 9 8 36 24
71 89 71 55 93 42 29
5 84 25 84 47 38 39
34 60 54 54 54 94 40
65 83 54 90 39 52 44
41 73 54 74 52 46 22
7 0 52 86 78 81 83
94 30 93 35 90 87 60
26 41 16 91 45 91 75
6 15 14 9 8 36 23
43 39 88 44 88 81 49
2 24 61 14 68 13 65
48 87 73 70 72 82 17
63 75 79 41 73 54 25
19 94 80 6 15 14 102
0 12 19 71 89 71 92
35 90 87 77 14 94 76
20 30 54 42 15 20 37
88 61 39 87 26 91 62
60 51 34 89 68 18 23
44 88 81 5 84 25 56
34 60 54 90 39 52 21
63 75 79 32 23 78 52
39 29 11 19 94 80 94
58 47 18 44 88 81 75
36 26 52 87 26 91 39
17 46 34 77 14 94 68
28 10 58 76 70 63 60
90 39 52 6 15 14 44
20 30 54 87 26 91 37
33 61 35 57 28 60 41
74 52 46 28 10 58 43
42 15 20 64 40 49 38
53 5 53 13 68 60 63
80 3 76 85 6 51 25
41 73 54 62 20 90 64
56 55 83 85 6 51 58
43 39 88 82 8 23 72
72 3 26 25 31 81 61
72 3 26 82 8 23 5
68 77 41 85 6 51 71
35 90 87 81 79 92 12
67 72 79 81 79 92 14
62 20 90 60 51 34 64
50 14 44 8 6 58 16
60 51 34 10 75 12 32
60 51 34 27 81 18 34
13 68 60 51 11 43 59
68 77 41 18 74 33 8
53 5 53 82 8 23 30
41 73 54 57 28 60 45
24 45 92 35 90 87 45
90 39 52 92 79 77 47
82 8 23 28 10 58 35
67 72 79 41 73 54 25
28 10 58 24 45 92 48
46 67 37 50 14 44 53
57 28 60 58 47 18 46
69 88 79 72 3 26 100
74 52 46 8 6 58 47
2 24 61 34 60 54 36
50 14 44 52 25 80 37
52 25 80 78 15 70 14
25 31 81 84 47 38 45
82 8 23 70 72 82 87
6 15 14 93 39 93 82
70 72 82 42 15 20 84
24 45 92 34 60 54 40
5 84 25 7 0 52 88
75 35 20 46 67 37 36
44 88 81 39 29 11 91
6 15 14 61 40 35 32
89 68 18 11 54 48 33
26 41 16 0 12 19 29
23 61 14 60 51 34 22
13 68 60 28 10 58 58
50 14 44 67 72 79 67
61 40 35 94 30 93 58
44 88 81 8 6 58 85
83 28 47 88 61 39 33
84 47 38 38 30 53 22
40 58 54 87 26 91 48
40 58 54 74 52 46 10
0 12 19 83 28 47 32
52 25 80 68 77 41 65
31 28 17 55 93 42 69
20 30 54 50 14 44 18
42 15 20 17 46 34 34
46 67 37 13 68 60 23
21 19 81 46 67 37 65
83 28 47 48 87 73 64
5 84 25 47 85 7 18
44 88 81 74 52 46 50
70 72 82 15 79 38 44
69 88 79 5 84 25 54
5 84 25 16 30 28 54
59 11 69 82 8 23 46
50 14 44 73 56 26 45
3 0 71 94 30 93 37
30 90 82 42 15 20 97
81 79 92 79 35 48 62
53 5 53 71 89 71 85
14 68 13 17 46 34 30
20 30 54 91 45 91 39
17 46 34 15 79 38 33
14 68 13 0 12 19 56
37 16 31 12 88 74 83
64 40 49 71 89 71 53
76 70 63 27 81 18 46
62 20 90 44 88 81 68
89 68 18 29 85 94 77
79 35 48 4 76 38 42
41 73 54 52 25 80 54
5 84 25 90 39 52 52
74 52 46 27 81 18 40
0 12 19 34 60 54 59
22 46 26 33 61 35 17
82 8 23 12 88 74 94
60 51 34 59 11 69 53
75 35 20 48 87 73 74
87 26 91 76 70 63 52
57 28 60 18 74 33 53
82 8 23 45 7 35 12
81 79 92 15 79 38 54
87 26 91 4 76 38 72
34 60 54 63 75 79 29
59 11 69 47 85 7 96
82 8 23 11 54 48 52
17 46 34 82 8 23 39
52 25 80 63 75 79 50
54 54 94 27 81 18 80
60 51 34 52 25 80 52
40 58 54 33 61 35 19
40 58 54 21 19 81 47
67 72 79 42 15 20 82
65 83 54 19 94 80 28
54 54 94 26 41 16 79
38 30 53 75 35 20 33
5 84 25 85 6 51 82
61 40 35 15 79 38 39
58 47 18 78 15 70 61
11 54 48 71 89 71 41
48 87 73 47 85 7 66
53 5 53 19 94 80 93
17 46 34 10 75 12 36
93 39 93 90 39 52 41
22 46 26 89 68 18 23
57 28 60 21 19 81 22
92 79 77 86 78 81 4
6 15 14 32 23 78 64
11 54 48 20 30 54 24
13 68 60 56 55 83 26
66 65 10 47 85 7 20
89 68 18 78 15 70 74
9 8 36 75 35 20 31
90 39 52 42 15 20 40
89 68 18 1 24 39 48
51 11 43 24 45 92 59
92 79 77 77 14 94 67
26 41 16 73 56 26 18
94 30 93 60 51 34 62
53 5 53 1 24 39 23
8 6 58 2 24 61 18
90 39 52 62 20 90 42
44 88 81 34 60 54 38
9 8 36 31 28 17 27
39 29 11 42 15 20 16
7 0 52 73 56 26 61
84 47 38 63 75 79 49
83 28 47 73 56 26 35
5 84 25 35 90 87 62
18 74 33 93 39 93 69
43 39 88 86 78 81 39
71 89 71 36 26 52 65
36 26 52 26 41 16 39
24 45 92 49 88 12 90
23 61 14 0 12 19 49
79 35 48 76 70 63 38
32 23 78 21 19 81 5
41 73 54 51 11 43 62
83 28 47 80 3 76 38
84 47 38 11 54 48 12
13 68 60 18 74 33 27
12 88 74 67 72 79 16
91 45 91 5 84 25 76
0 12 19 86 78 81 90
37 16 31 46 67 37 51
6 15 14 42 15 20 6
61 40 35 28 10 58 37
58 47 18 0 12 19 35
80 3 76 11 54 48 58
93 39 93 7 0 52 56
63 75 79 21 19 81 56
81 79 92 58 47 18 80
25 31 81 89 68 18 73
78 15 70 57 28 60 16
7 0 52 16 30 28 38
15 79 38 18 74 33 7
38 30 53 22 46 26 31
57 28 60 53 5 53 24
84 47 38 57 28 60 29
10 75 12 26 41 16 34
47 85 7 36 26 52 74
54 54 94 33 61 35 59
3 0 71 39 29 11 66
59 11 69 13 68 60 57
67 72 79 93 39 93 35
54 54 94 12 88 74 39
41 73 54 29 85 94 41
36 26 52 39 29 11 41
58 47 18 69 88 79 73
32 23 78 14 68 13 79
48 87 73 40 58 54 34
66 65 10 43 39 88 82
45 7 35 21 19 81 47
58 47 18 64 40 49 31
11 54 48 91 45 91 43
18 74 33 80 3 76 83
7 0 52 37 16 31 26
11 54 48 18 74 33 25
88 61 39 24 45 92 55
66 65 10 80 3 76 90
15 79 38 77 14 94 85
64 40 49 24 45 92 43
52 25 80 72 3 26 58
62 20 90 3 0 71 27
35 90 87 79 35 48 67
11 54 48 54 54 94 46
52 25 80 18 74 33 67
93 39 93 30 90 82 52
37 16 31 82 8 23 11
29 85 94 66 65 10 86
68 77 41 50 14 44 63
75 35 20 73 56 26 21
59 11 69 23 61 14 74
57 28 60 48 87 73 60
70 72 82 74 52 46 41
22 46 26 56 55 83 57
88 61 39 81 79 92 55
1 24 39 16 30 28 12
36 26 52 90 39 52 13
21 19 81 43 39 88 21
91 45 91 8 6 58 51
50 14 44 91 45 91 56
50 14 44 19 94 80 87
76 70 63 77 14 94 64
88 61 39 50 14 44 47
4 76 38 51 11 43 65
68 77 41 38 30 53 48
5 84 25 21 19 81 85
79 35 48 94 30 93 45
12 88 74 83 28 47 65
4 76 38 7 0 52 77
90 39 52 38 30 53 9
90 39 52 9 8 36 34
70 72 82 55 93 42 45
39 29 11 76 70 63 66
10 75 12 80 3 76 96
64 40 49 92 79 77 48
23 61 14 76 70 63 49
92 79 77 10 75 12 65
36 26 52 60 51 34 30
79 35 48 72 3 26 38
75 35 20 80 3 76 64
74 52 46 21 19 81 48
60 51 34 17 46 34 5
16 30 28 80 3 76 55
79 35 48 91 45 91 44
61 40 35 34 60 54 27
65 83 54 72 3 26 84
11 54 48 69 88 79 46
54 54 94 53 5 53 63
25 31 81 71 89 71 58
16 30 28 85 6 51 33
58 47 18 79 35 48 32
77 14 94 65 83 54 79
34 60 54 14 68 13 41
57 28 60 20 30 54 6
30 90 82 50 14 44 84
5 84 25 79 35 48 54
65 83 54 40 58 54 25
41 73 54 79 35 48 38
54 54 94 75 35 20 76
45 7 35 87 26 91 59
62 20 90 93 39 93 19
19 94 80 60 51 34 62
75 35 20 7 0 52 47
26 41 16 13 68 60 51
24 45 92 10 75 12 85
22 46 26 69 88 79 67
89 68 18 9 8 36 62
18 74 33 34 60 54 25
15 79 38 39 29 11 56
85 6 51 41 73 54 67
18 74 33 85 6 51 70
7 0 52 15 79 38 80
58 47 18 76 70 63 50
23 61 14 53 5 53 68
58 47 18 46 67 37 27
30 90 82 47 85 7 75
72 3 26 94 30 93 72
54 54 94 86 78 81 27
26 41 16 79 35 48 32
3 0 71 40 58 54 60
28 10 58 54 54 94 56
54 54 94 21 19 81 37
39 29 11 24 45 92 82
35 90 87 22 46 26 75
73 56 26 82 8 23 48
51 11 43 35 90 87 90
62 20 90 80 3 76 22
34 60 54 28 10 58 50
70 72 82 62 20 90 52
4 76 38 44 88 81 44
20 30 54 5 84 25 61
67 72 79 10 75 12 67
73 56 26 68 77 41 25
81 79 92 2 24 61 63
22 46 26 14 68 13 25
86 78 81 42 15 20 87
23 61 14 80 3 76 84
46 67 37 72 3 26 64
73 56 26 62 20 90 73
22 46 26 39 29 11 22
31 28 17 60 51 34 28
27 81 18 9 8 36 75
75 35 20 35 90 87 86
67 72 79 22 46 26 59
5 84 25 34 60 54 37
94 30 93 48 87 73 60
18 74 33 4 76 38 5
75 35 20 53 5 53 44
32 23 78 85 6 51 31
12 88 74 21 19 81 69
6 15 14 67 72 79 86
34 60 54 93 39 93 44
19 94 80 33 61 35 55
70 72 82 9 8 36 78
13 68 60 50 14 44 56
30 90 82 75 35 20 82
13 68 60 75 35 20 51
76 70 63 74 52 46 24
45 7 35 41 73 54 68
36 26 52 80 3 76 33
28 10 58 71 89 71 80
60 51 34 6 15 14 41
33 61 35 34 60 54 19
90 39 52 68 77 41 39
80 3 76 42 15 20 57
31 28 17 61 40 35 21
9 8 36 52 25 80 47
85 6 51 44 88 81 87
78 15 70 13 68 60 53
80 3 76 12 88 74 85
62 20 90 57 28 60 31
12 88 74 29 85 94 20
25 31 81 52 25 80 6
74 52 46 78 15 70 44
5 84 25 36 26 52 63
56 55 83 37 16 31 65
24 45 92 20 30 54 40
43 39 88 35 90 87 51
92 79 77 30 90 82 12
40 58 54 35 90 87 45
51 11 43 54 54 94 66
90 39 52 48 87 73 52
2 24 61 42 15 20 41
16 30 28 69 88 79 77
51 11 43 60 51 34 41
89 68 18 47 85 7 20
70 72 82 67 72 79 3
3 0 71 85 6 51 20
9 8 36 16 30 28 23
61 40 35 57 28 60 27
11 54 48 64 40 49 14
18 74 33 32 23 78 68
73 56 26 13 68 60 36
32 23 78 58 47 18 64
61 40 35 68 77 41 37
54 54 94 49 88 12 88
71 89 71 56 55 83 36
15 79 38 58 47 18 37
76 70 63 18 74 33 30
77 14 94 37 16 31 63
54 54 94 18 74 33 64
27 81 18 52 25 80 83
26 41 16 20 30 54 39
2 24 61 82 8 23 41
91 45 91 74 52 46 45
44 88 81 20 30 54 63
61 40 35 42 15 20 29
0 12 19 33 61 35 51
86 78 81 30 90 82 12
32 23 78 15 79 38 68
30 90 82 12 88 74 8
69 88 79 65 83 54 25
78 15 70 14 68 13 77
21 19 81 42 15 20 61
1 24 39 40 58 54 37
8 6 58 68 77 41 73
28 10 58 47 85 7 90
85 6 51 71 89 71 85
18 74 33 89 68 18 16
2 24 61 18 74 33 57
34 60 54 64 40 49 20
87 26 91 82 8 23 70
34 60 54 7 0 52 60
87 26 91 19 94 80 68
43 39 88 28 10 58 41
88 61 39 89 68 18 22
5 84 25 86 78 81 56
79 35 48 27 81 18 54
93 39 93 85 6 51 53
29 85 94 82 8 23 104
86 78 81 70 72 82 6
88 61 39 23 61 14 25
8 6 58 40 58 54 52
49 88 12 31 28 17 60
65 83 54 42 15 20 76
25 31 81 45 7 35 51
58 47 18 28 10 58 54
93 39 93 1 24 39 56
51 11 43 50 14 44 3
0 12 19 88 61 39 52
86 78 81 78 15 70 63
5 84 25 58 47 18 37
12 88 74 53 5 53 85
56 55 83 73 56 26 57
73 56 26 84 47 38 15
57 28 60 43 39 88 30
82 8 23 46 67 37 60
23 61 14 42 15 20 46
72 3 26 66 65 10 64
82 8 23 33 61 35 54
21 19 81 6 15 14 67
91 45 91 81 79 92 34
13 68 60 90 39 52 30
85 6 51 12 88 74 85
25 31 81 0 12 19 64
27 81 18 78 15 70 84
9 8 36 49 88 12 83
36 26 52 51 11 43 17
38 30 53 82 8 23 37
41 73 54 93 39 93 51
50 14 44 83 28 47 14
45 7 35 62 20 90 56
74 52 46 19 94 80 54
66 65 10 4 76 38 30
29 85 94 30 90 82 13
26 41 16 71 89 71 73
48 87 73 45 7 35 88
53 5 53 21 19 81 31
59 11 69 69 88 79 77
10 75 12 81 79 92 80
86 78 81 17 46 34 56
70 72 82 34 60 54 30
1 24 39 27 81 18 60
66 65 10 37 16 31 53
37 16 31 33 61 35 45
89 68 18 5 84 25 17
37 16 31 9 8 36 9
45 7 35 26 41 16 38
66 65 10 35 90 87 80
38 30 53 55 93 42 63
32 23 78 53 5 53 30
49 88 12 78 15 70 93
45 7 35 11 54 48 48
62 20 90 26 41 16 76
74 52 46 73 56 26 20
43 39 88 1 24 39 51
3 0 71 26 41 16 68
10 75 12 6 15 14 60
22 46 26 91 45 91 65
15 79 38 54 54 94 61
18 74 33 35 90 87 56
5 84 25 40 58 54 38
65 83 54 7 0 52 83
89 68 18 59 11 69 76
53 5 53 73 56 26 57
15 79 38 79 35 48 45
42 15 20 47 85 7 71
31 28 17 87 26 91 74
25 31 81 82 8 23 62
84 47 38 21 19 81 51
74 52 46 20 30 54 23
20 30 54 86 78 81 55
29 85 94 91 45 91 40
30 90 82 52 25 80 65
26 41 16 93 39 93 77
26 41 16 43 39 88 72
65 83 54 86 78 81 27
17 46 34 66 65 10 30
71 89 71 3 0 71 89
37 16 31 19 94 80 92
91 45 91 49 88 12 89
23 61 14 46 67 37 23
8 6 58 3 0 71 14
21 19 81 50 14 44 37
10 75 12 83 28 47 58
83 28 47 49 88 12 69
61 40 35 54 54 94 60
64 40 49 49 88 12 60
65 83 54 11 54 48 29
55 93 42 17 46 34 47
43 39 88 55 93 42 70
93 39 93 50 14 44 55
27 81 18 67 72 79 61
75 35 20 23 61 14 26
70 72 82 54 54 94 21
55 93 42 81 79 92 51
8 6 58 81 79 92 80
6 15 14 5 84 25 69
42 15 20 60 51 34 38
28 10 58 4 76 38 68
6 15 14 16 30 28 20
68 77 41 1 24 39 53
10 75 12 72 3 26 73
65 83 54 21 19 81 69
76 70 63 81 79 92 30
8 6 58 25 31 81 33
91 45 91 73 56 26 65
88 61 39 7 0 52 62
83 28 47 84 47 38 21
52 25 80 11 54 48 43
24 45 92 94 30 93 15
46 67 37 92 79 77 41
62 20 90 15 79 38 78
34 60 54 65 83 54 23
31 28 17 63 75 79 77
83 28 47 69 88 79 68
30 90 82 15 79 38 45
91 45 91 59 11 69 40
86 78 81 67 72 79 6
82 8 23 32 23 78 57
75 35 20 0 12 19 23
43 39 88 40 58 54 38
19 94 80 9 8 36 96
33 61 35 28 10 58 55
48 87 73 6 15 14 93
69 88 79 1 24 39 75
57 28 60 54 54 94 42
66 65 10 86 78 81 72
72 3 26 68 77 41 75
39 29 11 17 46 34 28
21 19 81 31 28 17 64
58 47 18 6 15 14 32
29 85 94 18 74 33 61
23 61 14 32 23 78 74
54 54 94 78 15 70 45
40 58 54 71 89 71 35
52 25 80 70 72 82 47
24 45 92 59 11 69 41
63 75 79 2 24 61 54
91 45 91 45 7 35 67
24 45 92 57 28 60 36
80 3 76 22 46 26 65
57 28 60 89 68 18 58
25 31 81 81 79 92 49
57 28 60 51 11 43 24
65 83 54 24 45 92 53
63 75 79 29 85 94 18
8 6 58 29 85 94 86
0 12 19 15 79 38 69
25 31 81 60 51 34 51
30 90 82 3 0 71 90
45 7 35 47 85 7 82
30 90 82 22 46 26 71
23 61 14 3 0 71 83
57 28 60 49 88 12 76
7 0 52 18 74 33 76
86 78 81 28 10 58 71
18 74 33 43 39 88 65
44 88 81 26 41 16 80
23 61 14 79 35 48 42
66 65 10 1 24 39 50
83 28 47 25 31 81 34
94 30 93 47 85 7 102
69 88 79 67 72 79 16
11 54 48 27 81 18 40
34 60 54 81 79 92 42
29 85 94 3 0 71 88
85 6 51 91 45 91 55
65 83 54 83 28 47 55
25 31 81 36 26 52 29
79 35 48 77 14 94 50
63 75 79 89 68 18 61
28 10 58 20 30 54 20
35 90 87 83 28 47 73
85 6 51 13 68 60 62
71 89 71 84 47 38 53
27 81 18 87 26 91 91
12 88 74 23 61 14 65
45 7 35 5 84 25 77
17 46 34 27 81 18 38
47 85 7 27 81 18 11
31 28 17 33 61 35 37
71 89 71 2 24 61 65
66 65 10 59 11 69 79
2 24 61 52 25 80 19
11 54 48 6 15 14 51
24 45 92 75 35 20 72
61 40 35 89 68 18 32
0 12 19 63 75 79 87
82 8 23 63 75 79 87
4 76 38 59 11 69 72
1 24 39 90 39 52 19
16 30 28 47 85 7 58
54 54 94 77 14 94 40
31 28 17 36 26 52 35
33 61 35 29 85 94 63
72 3 26 4 76 38 73
38 30 53 57 28 60 7
66 65 10 14 68 13 4
9 8 36 68 77 41 69
9 8 36 57 28 60 31
87 26 91 70 72 82 46
31 28 17 27 81 18 53
78 15 70 3 0 71 15
26 41 16 2 24 61 48
34 60 54 76 70 63 13
71 89 71 18 74 33 40
55 93 42 50 14 44 79
69 88 79 52 25 80 63
19 94 80 63 75 79 19
12 88 74 26 41 16 74
85 6 51 31 28 17 40
24 45 92 2 24 61 37
1 24 39 19 94 80 81
51 11 43 12 88 74 83
33 61 35 90 39 52 27
6 15 14 50 14 44 30
5 84 25 60 51 34 34
49 88 12 27 81 18 9
48 87 73 71 89 71 2
76 70 63 14 68 13 50
67 72 79 64 40 49 43
73 56 26 33 61 35 10
69 88 79 78 15 70 73
20 30 54 77 14 94 43
64 40 49 84 47 38 13
70 72 82 91 45 91 28
65 83 54 37 16 31 70
89 68 18 84 47 38 29
33 61 35 91 45 91 58
35 90 87 41 73 54 37
89 68 18 34 60 54 36
76 70 63 3 0 71 70
22 46 26 12 88 74 63
28 10 58 23 61 14 67
81 79 92 6 15 14 100
36 26 52 89 68 18 54
8 6 58 38 30 53 24
45 7 35 27 81 18 75
13 68 60 25 31 81 42
44 88 81 79 35 48 62
38 30 53 74 52 46 23
4 76 38 80 3 76 82
19 94 80 18 74 33 51
13 68 60 63 75 79 20
14 68 13 31 28 17 40
28 10 58 52 25 80 26
35 90 87 68 77 41 47
26 41 16 5 84 25 43
12 88 74 77 14 94 76
0 12 19 62 20 90 71
5 84 25 19 94 80 55
74 52 46 0 12 19 48
82 8 23 90 39 52 42
63 75 79 66 65 10 69
7 0 52 39 29 11 50
33 61 35 49 88 12 35
4 76 38 52 25 80 66
61 40 35 62 20 90 58
31 28 17 28 10 58 44
63 75 79 33 61 35 46
49 88 12 47 85 7 5
47 85 7 39 29 11 56
38 30 53 87 26 91 38
33 61 35 84 47 38 14
15 79 38 38 30 53 51
35 90 87 46 67 37 55
56 55 83 5 84 25 64
23 61 14 33 61 35 21
72 3 26 85 6 51 25
32 23 78 40 58 54 42
2 24 61 10 75 12 70
30 90 82 35 90 87 5
87 26 91 8 6 58 38
15 79 38 41 73 54 17
78 15 70 80 3 76 13
16 30 28 66 65 10 39
22 46 26 3 0 71 64
12 88 74 14 68 13 64
63 75 79 74 52 46 40
85 6 51 52 25 80 34
28 10 58 46 67 37 60
76 70 63 22 46 26 44
19 94 80 59 11 69 83
69 88 79 94 30 93 59
28 10 58 85 6 51 8
58 47 18 38 30 53 38
1 24 39 12 88 74 72
64 40 49 12 88 74 54
41 73 54 83 28 47 45
66 65 10 7 0 52 77
65 83 54 54 54 94 49
56 55 83 88 61 39 44
51 11 43 67 72 79 70
1 24 39 84 47 38 23
52 25 80 76 70 63 48
11 54 48 7 0 52 54
25 31 81 48 87 73 56
81 79 92 89 68 18 74
57 28 60 46 67 37 45
7 0 52 54 54 94 68
48 87 73 18 74 33 42
40 58 54 18 74 33 26
34 60 54 55 93 42 35
7 0 52 2 24 61 25
41 73 54 60 51 34 29
65 83 54 75 35 20 58
39 29 11 46 67 37 46
41 73 54 76 70 63 9
83 28 47 39 29 11 36
39 29 11 1 24 39 28
6 15 14 35 90 87 104
72 3 26 92 79 77 91
88 61 39 58 47 18 25
66 65 10 23 61 14 5
2 24 61 9 8 36 29
22 46 26 72 3 26 43
78 15 70 91 45 91 36
8 6 58 59 11 69 12
43 39 88 5 84 25 77
89 68 18 46 67 37 19
14 68 13 42 15 20 53
44 88 81 53 5 53 87
14 68 13 61 40 35 35
51 11 43 29 85 94 89
83 28 47 38 30 53 6
80 3 76 20 30 54 34
19 94 80 30 90 82 4
93 39 93 55 93 42 74
56 55 83 20 30 54 38
25 31 81 77 14 94 21
84 47 38 48 87 73 53
85 6 51 50 14 44 10
68 77 41 56 55 83 47
25 31 81 70 72 82 41
39 29 11 72 3 26 30
92 79 77 29 85 94 18
68 77 41 77 14 94 82
9 8 36 59 11 69 33
29 85 94 46 67 37 59
86 78 81 74 52 46 43
88 61 39 60 51 34 11
31 28 17 34 60 54 48
6 15 14 27 81 18 66
42 15 20 56 55 83 74
52 25 80 38 30 53 27
34 60 54 27 81 18 41
12 88 74 3 0 71 88
80 3 76 59 11 69 10
58 47 18 25 31 81 65
30 90 82 31 28 17 89
64 40 49 62 20 90 45
19 94 80 2 24 61 72
87 26 91 10 75 12 92
17 46 34 50 14 44 33
30 90 82 53 5 53 89
74 52 46 42 15 20 45
28 10 58 6 15 14 44
46 67 37 68 77 41 10
20 30 54 59 11 69 24
80 3 76 54 54 94 54
71 89 71 80 3 76 86
17 46 34 85 6 51 43
60 51 34 84 47 38 5
80 3 76 82 8 23 53
29 85 94 25 31 81 55
55 93 42 82 8 23 87
71 89 71 16 30 28 73
54 54 94 43 39 88 16
72 3 26 90 39 52 44
84 47 38 44 88 81 59
38 30 53 39 29 11 42
40 58 54 13 68 60 11
9 8 36 42 15 20 17
69 88 79 10 75 12 68
14 68 13 46 67 37 24
1 24 39 7 0 52 27
28 10 58 39 29 11 50
66 65 10 87 26 91 89
92 79 77 17 46 34 54
22 46 26 60 51 34 9
40 58 54 36 26 52 32
77 14 94 49 88 12 110
42 15 20 55 93 42 81
86 78 81 46 67 37 45
49 88 12 70 72 82 71
38 30 53 2 24 61 10
65 83 54 63 75 79 26
53 5 53 62 20 90 39
8 6 58 79 35 48 30
42 15 20 19 94 80 99
50 14 44 1 24 39 11
11 54 48 4 76 38 24
10 75 12 78 15 70 83
89 68 18 92 79 77 60
11 54 48 90 39 52 15
29 85 94 55 93 42 52
23 61 14 65 83 54 45
1 24 39 59 11 69 32
7 0 52 59 11 69 20
93 39 93 4 76 38 66
58 47 18 12 88 74 69
41 73 54 87 26 91 59
19 94 80 51 11 43 90
23 61 14 64 40 49 40
29 85 94 84 47 38 67
62 20 90 91 45 91 25
92 79 77 60 51 34 51
69 88 79 37 16 31 86
13 68 60 86 78 81 23
43 39 88 31 28 17 71
52 25 80 42 15 20 60
36 26 52 50 14 44 14
28 10 58 21 19 81 24
91 45 91 14 68 13 81
77 14 94 18 74 33 85
27 81 18 94 30 93 90
82 8 23 44 88 81 98
85 6 51 22 46 26 47
27 81 18 62 20 90 94
16 30 28 70 72 82 68
7 0 52 79 35 48 35
66 65 10 62 20 90 91
27 81 18 15 79 38 20
44 88 81 7 0 52 92
38 30 53 27 81 18 61
33 61 35 6 15 14 50
39 29 11 81 79 92 95
33 61 35 70 72 82 48
7 0 52 26 41 16 54
66 65 10 83 28 47 52
41 73 54 32 23 78 55
22 46 26 50 14 44 36
44 88 81 83 28 47 68
40 58 54 27 81 18 42
31 28 17 23 61 14 33
94 30 93 39 29 11 82
37 16 31 41 73 54 61
37 16 31 76 70 63 62
8 6 58 56 55 83 55
48 87 73 54 54 94 39
31 28 17 71 89 71 81
85 6 51 94 30 93 48
45 7 35 51 11 43 8
14 68 13 71 89 71 61
56 55 83 50 14 44 56
86 78 81 62 20 90 58
13 68 60 74 52 46 21
66 65 10 84 47 38 33
29 85 94 9 8 36 96
71 89 71 49 88 12 59
90 39 52 14 68 13 48
34 60 54 58 47 18 38
61 40 35 50 14 44 27
76 70 63 19 94 80 29
54 54 94 64 40 49 47
44 88 81 41 73 54 30
44 88 81 48 87 73 8
58 47 18 41 73 54 44
55 93 42 65 83 54 15
47 85 7 51 11 43 82
80 3 76 32 23 78 20
53 5 53 67 72 79 71
70 72 82 3 0 71 72
37 16 31 29 85 94 93
93 39 93 44 88 81 50
90 39 52 80 3 76 43
45 7 35 17 46 34 39
66 65 10 90 39 52 49
33 61 35 46 67 37 6
3 0 71 6 15 14 58
23 61 14 57 28 60 56
94 30 93 46 67 37 67
62 20 90 37 16 31 59
32 23 78 65 83 54 64
47 85 7 64 40 49 61
66 65 10 51 11 43 63
2 24 61 72 3 26 40
38 30 53 5 84 25 60
47 85 7 55 93 42 35
90 39 52 88 61 39 25
64 40 49 85 6 51 34
36 26 52 0 12 19 35
88 61 39 82 8 23 55
41 73 54 17 46 34 33
59 11 69 79 35 48 31
10 75 12 70 72 82 70
94 30 93 84 47 38 57
74 52 46 46 67 37 17
49 88 12 61 40 35 53
91 45 91 12 88 74 46
67 72 79 59 11 69 61
58 47 18 65 83 54 50
47 85 7 32 23 78 94
31 28 17 10 75 12 47
48 87 73 23 61 14 64
19 94 80 32 23 78 71
39 29 11 10 75 12 46
50 14 44 40 58 54 45
75 35 20 58 47 18 12
90 39 52 71 89 71 53
86 78 81 51 11 43 77
3 0 71 58 47 18 70
2 24 61 64 40 49 20
44 88 81 57 28 60 63
92 79 77 59 11 69 68
82 8 23 6 15 14 11
0 12 19 56 55 83 77
14 68 13 79 35 48 48
78 15 70 18 74 33 69
6 15 14 89 68 18 53
42 15 20 38 30 53 36
80 3 76 39 29 11 70
69 88 79 79 35 48 61
38 30 53 43 39 88 36
3 0 71 72 3 26 45
33 61 35 30 90 82 55
92 79 77 28 10 58 71
87 26 91 35 90 87 64
9 8 36 55 93 42 85
30 90 82 79 35 48 64
24 45 92 33 61 35 59
7 0 52 57 28 60 29
84 47 38 22 46 26 12
0 12 19 45 7 35 16
34 60 54 86 78 81 32
31 28 17 16 30 28 11
89 68 18 66 65 10 8
44 88 81 47 85 7 74
77 14 94 6 15 14 80
60 51 34 9 8 36 43
26 41 16 25 31 81 65
20 30 54 10 75 12 61
9 8 36 94 30 93 61
35 90 87 12 88 74 13
10 75 12 71 89 71 60
34 60 54 17 46 34 24
53 5 53 16 30 28 35
13 68 60 79 35 48 35
48 87 73 26 41 16 73
30 90 82 55 93 42 40
0 12 19 49 88 12 76
19 94 80 66 65 10 75
56 55 83 57 28 60 35
43 39 88 60 51 34 55
46 67 37 20 30 54 40
77 14 94 84 47 38 65
35 90 87 15 79 38 50
21 19 81 10 75 12 88
25 31 81 33 61 35 54
78 15 70 23 61 14 72
63 75 79 56 55 83 20
35 90 87 72 3 26 106
92 79 77 6 15 14 89
46 67 37 69 88 79 46
83 28 47 54 54 94 53
80 3 76 31 28 17 64
85 6 51 63 75 79 74
26 41 16 40 58 54 41
4 76 38 67 72 79 41
93 39 93 12 88 74 52
60 51 34 15 79 38 28
27 81 18 44 88 81 63
32 23 78 29 85 94 64
67 72 79 28 10 58 65
5 84 25 92 79 77 52
57 28 60 67 72 79 47
26 41 16 85 6 51 49
90 39 52 75 35 20 32
60 51 34 73 56 26 9
74 52 46 9 8 36 45
60 51 34 8 6 58 51
22 46 26 47 85 7 43
64 40 49 46 67 37 29
94 30 93 81 79 92 49
12 88 74 34 60 54 34
85 6 51 54 54 94 64
47 85 7 85 6 51 90
61 40 35 55 93 42 53
63 75 79 70 72 82 4
60 51 34 76 70 63 34
9 8 36 73 56 26 49
49 88 12 6 15 14 73
8 6 58 54 54 94 60
47 85 7 67 72 79 73
31 28 17 50 14 44 30
20 30 54 61 40 35 21
68 77 41 32 23 78 65
45 7 35 72 3 26 9
13 68 60 70 72 82 22
65 83 54 62 20 90 72
11 54 48 47 85 7 51
0 12 19 10 75 12 63
54 54 94 63 75 79 25
67 72 79 94 30 93 44
67 72 79 71 89 71 18
47 85 7 56 55 83 81
74 52 46 53 5 53 47
1 24 39 52 25 80 41
28 10 58 87 26 91 36
45 7 35 69 88 79 92
65 83 54 6 15 14 78
88 61 39 43 39 88 53
85 6 51 53 5 53 2
83 28 47 75 35 20 27
54 54 94 62 20 90 34
86 78 81 14 68 13 68
69 88 79 29 85 94 15
40 58 54 9 8 36 53
47 85 7 18 74 33 28
79 35 48 66 65 10 48
35 90 87 57 28 60 67
60 51 34 7 0 52 54
20 30 54 2 24 61 9
9 8 36 87 26 91 57
23 61 14 77 14 94 92
7 0 52 33 61 35 63
78 15 70 0 12 19 51
14 68 13 51 11 43 64
4 76 38 74 52 46 25
58 47 18 93 39 93 75
9 8 36 69 88 79 90
77 14 94 59 11 69 25
10 75 12 89 68 18 9
44 88 81 23 61 14 72
93 39 93 3 0 71 44
8 6 58 5 84 25 84
20 30 54 79 35 48 7
25 31 81 42 15 20 63
43 39 88 68 77 41 60
47 85 7 69 88 79 72
23 61 14 52 25 80 75
22 46 26 49 88 12 44
79 35 48 47 85 7 64
94 30 93 82 8 23 73
29 85 94 22 46 26 78
73 56 26 48 87 73 56
36 26 52 93 39 93 43
14 68 13 83 28 47 52
88 61 39 1 24 39 37
25 31 81 22 46 26 57
20 30 54 36 26 52 4
43 39 88 50 14 44 50
85 6 51 1 24 39 21
60 51 34 0 12 19 41
63 75 79 48 87 73 13
54 54 94 24 45 92 9
1 24 39 64 40 49 18
72 3 26 62 20 90 66
58 47 18 66 65 10 19
54 54 94 42 15 20 83
53 5 53 89 68 18 72
32 23 78 20 30 54 25
79 35 48 74 52 46 17
20 30 54 92 79 77 54
45 7 35 32 23 78 45
10 75 12 68 77 41 29
54 54 94 69 88 79 37
2 24 61 61 40 35 30
13 68 60 29 85 94 38
80 3 76 19 94 80 91
93 39 93 24 45 92 6
21 19 81 67 72 79 53
9 8 36 33 61 35 53
29 85 94 40 58 54 48
36 26 52 84 47 38 25
85 6 51 38 30 53 24
19 94 80 0 12 19 102
29 85 94 78 15 70 74
90 39 52 89 68 18 44
8 6 58 6 15 14 44
15 79 38 24 45 92 63
56 55 83 79 35 48 40
8 6 58 9 8 36 22
29 85 94 35 90 87 8
61 40 35 22 46 26 10
86 78 81 90 39 52 48
20 30 54 58 47 18 39
77 14 94 70 72 82 59
80 3 76 27 81 18 97
58 47 18 4 76 38 35
80 3 76 41 73 54 73
55 93 42 14 68 13 38
23 61 14 85 6 51 66
90 39 52 87 26 91 41
74 52 46 12 88 74 45
45 7 35 13 68 60 65
42 15 20 81 79 92 96
47 85 7 25 31 81 91
45 7 35 61 40 35 33
69 88 79 66 65 10 72
16 30 28 4 76 38 47
83 28 47 34 60 54 32
54 54 94 38 30 53 47
34 60 54 25 31 81 39
86 78 81 57 28 60 54
44 88 81 69 88 79 2
87 26 91 22 46 26 68
76 70 63 94 30 93 50
13 68 60 69 88 79 27
7 0 52 21 19 81 34
1 24 39 83 28 47 8
83 28 47 40 58 54 30
38 30 53 41 73 54 43
81 79 92 84 47 38 62
43 39 88 61 40 35 53
75 35 20 28 10 58 45
73 56 26 63 75 79 56
68 77 41 21 19 81 70
10 75 12 41 73 54 42
43 39 88 70 72 82 33
52 25 80 80 3 76 22
69 88 79 43 39 88 49
52 25 80 22 46 26 57
72 3 26 24 45 92 78
60 51 34 33 61 35 10
37 16 31 0 12 19 12
6 15 14 70 72 82 88
23 61 14 56 55 83 69
63 75 79 28 10 58 68
61 40 35 21 19 81 50
3 0 71 68 77 41 82
68 77 41 59 11 69 71
70 72 82 71 89 71 20
49 88 12 15 79 38 27
55 93 42 12 88 74 32
71 89 71 65 83 54 18
48 87 73 11 54 48 41
6 15 14 1 24 39 26
77 14 94 32 23 78 18
23 61 14 84 47 38 27
4 76 38 68 77 41 3
67 72 79 30 90 82 18
41 73 54 50 14 44 59
63 75 79 49 88 12 68
28 10 58 17 46 34 43
54 54 94 3 0 71 58
78 15 70 41 73 54 60
53 5 53 26 41 16 51
28 10 58 60 51 34 47
73 56 26 81 79 92 69
83 28 47 51 11 43 17
33 61 35 56 55 83 48
57 28 60 8 6 58 22
24 45 92 70 72 82 28
57 28 60 29 85 94 66
15 79 38 65 83 54 16
53 5 53 63 75 79 74
70 72 82 45 7 35 80
74 52 46 23 61 14 33
87 26 91 1 24 39 52
47 85 7 52 25 80 94
15 79 38 25 31 81 64
46 67 37 73 56 26 15
1 24 39 71 89 71 72
84 47 38 39 29 11 32
47 85 7 13 68 60 55
94 30 93 8 6 58 42
79 35 48 33 61 35 29
38 30 53 37 16 31 26
61 40 35 40 58 54 26
46 67 37 18 74 33 8
78 15 70 87 26 91 23
93 39 93 74 52 46 48
11 54 48 70 72 82 38
19 94 80 47 85 7 73
0 12 19 16 30 28 20
86 78 81 50 14 44 73
34 60 54 49 88 12 50
88 61 39 17 46 34 15
43 39 88 12 88 74 50
62 20 90 16 30 28 62
46 67 37 4 76 38 9
42 15 20 77 14 94 74
13 68 60 66 65 10 50
8 6 58 17 46 34 46
88 61 39 40 58 54 15
69 88 79 88 61 39 48
11 54 48 8 6 58 49
32 23 78 24 45 92 26
9 8 36 78 15 70 34
71 89 71 59 11 69 78
20 30 54 84 47 38 23
67 72 79 45 7 35 78
12 88 74 44 88 81 7
94 30 93 1 24 39 54
57 28 60 39 29 11 49
59 11 69 75 35 20 54
62 20 90 39 29 11 79
55 93 42 25 31 81 73
49 88 12 69 88 79 67
18 74 33 70 72 82 49
66 65 10 28 10 58 73
12 88 74 89 68 18 59
28 10 58 83 28 47 21
73 56 26 11 54 48 22
56 55 83 65 83 54 40
67 72 79 37 16 31 73
60 51 34 54 54 94 60
74 52 46 90 39 52 14
16 30 28 92 79 77 69
66 65 10 78 15 70 78
45 7 35 49 88 12 84
38 30 53 51 11 43 21
29 85 94 17 46 34 71
38 30 53 61 40 35 20
60 51 34 90 39 52 21
6 15 14 22 46 26 33
91 45 91 38 30 53 40
31 28 17 70 72 82 78
14 68 13 80 3 76 90
18 74 33 17 46 34 28
72 3 26 91 45 91 77
13 68 60 89 68 18 42
24 45 92 37 16 31 67
78 15 70 63 75 79 60
1 24 39 55 93 42 69
79 35 48 17 46 34 17
9 8 36 46 67 37 59
45 7 35 55 93 42 86
28 10 58 48 87 73 78
60 51 34 69 88 79 58
91 45 91 35 90 87 45
48 87 73 33 61 35 46
73 56 26 43 39 88 64
29 85 94 60 51 34 68
13 68 60 82 8 23 70
21 19 81 18 74 33 73
17 46 34 13 68 60 34
23 61 14 18 74 33 23
82 8 23 14 68 13 60
26 41 16 64 40 49 33
27 81 18 29 85 94 76
68 77 41 53 5 53 72
75 35 20 81 79 92 84
23 61 14 92 79 77 65
29 85 94 14 68 13 82
30 90 82 17 46 34 65
51 11 43 40 58 54 48
5 84 25 9 8 36 76
5 84 25 33 61 35 25
55 93 42 37 16 31 77
52 25 80 89 68 18 75
45 7 35 59 11 69 34
9 8 36 51 11 43 7
33 61 35 81 79 92 59
79 35 48 55 93 42 58
83 28 47 94 30 93 46
59 11 69 85 6 51 18
76 70 63 84 47 38 33
40 58 54 90 39 52 19
60 51 34 86 78 81 54
16 30 28 64 40 49 23
21 19 81 25 31 81 12
19 94 80 86 78 81 16
76 70 63 12 88 74 21
56 55 83 51 11 43 59
21 19 81 17 46 34 54
55 93 42 8 6 58 88
25 31 81 56 55 83 24
21 19 81 52 25 80 6
24 45 92 90 39 52 40
40 58 54 2 24 61 34
4 76 38 31 28 17 52
35 90 87 44 88 81 6
34 60 54 80 3 76 61
64 40 49 77 14 94 51
30 90 82 20 30 54 66
76 70 63 75 35 20 55
54 54 94 52 25 80 32
77 14 94 89 68 18 93
55 93 42 52 25 80 77
20 30 54 75 35 20 34
76 70 63 40 58 54 15
18 74 33 73 56 26 19
28 10 58 37 16 31 27
20 30 54 14 68 13 55
15 79 38 10 75 12 26
29 85 94 64 40 49 63
60 51 34 12 88 74 54
30 90 82 81 79 92 14
50 14 44 77 14 94 50
92 79 77 68 77 41 36
12 88 74 72 3 26 97
55 93 42 78 15 70 82
58 47 18 82 8 23 39
37 16 31 48 87 73 82
2 24 61 46 67 37 49
90 39 52 56 55 83 34
86 78 81 58 47 18 70
1 24 39 57 28 60 21
31 28 17 62 20 90 73
10 75 12 25 31 81 81
11 54 48 87 26 91 51
67 72 79 79 35 48 48
51 11 43 21 19 81 38
17 46 34 87 26 91 60
11 54 48 35 90 87 53
77 14 94 55 93 42 94
21 19 81 15 79 38 73
1 24 39 79 35 48 14
61 40 35 83 28 47 16
78 15 70 56 55 83 42
49 88 12 81 79 92 80
89 68 18 76 70 63 45
54 54 94 19 94 80 42
84 47 38 49 88 12 48
3 0 71 5 84 25 95
39 29 11 58 47 18 19
72 3 26 64 40 49 43
2 24 61 6 15 14 47
5 84 25 74 52 46 38
19 94 80 70 72 82 22
68 77 41 83 28 47 49
35 90 87 33 61 35 59
91 45 91 58 47 18 73
78 15 70 17 46 34 47
54 54 94 40 58 54 40
7 0 52 40 58 54 58
56 55 83 52 25 80 30
90 39 52 70 72 82 44
5 84 25 67 72 79 55
75 35 20 88 61 39 32
53 5 53 76 70 63 65
32 23 78 69 88 79 65
25 31 81 43 39 88 10
50 14 44 10 75 12 68
17 46 34 76 70 63 37
90 39 52 46 67 37 31
39 29 11 87 26 91 80
20 30 54 9 8 36 28
74 52 46 2 24 61 31
91 45 91 34 60 54 39
22 46 26 48 87 73 62
27 81 18 13 68 60 43
61 40 35 11 54 48 19
94 30 93 25 31 81 12
57 28 60 50 14 44 21
50 14 44 53 5 53 12
63 75 79 50 14 44 70
13 68 60 6 15 14 70
1 24 39 17 46 34 22
72 3 26 34 60 54 63
82 8 23 42 15 20 7
30 90 82 6 15 14 101
16 30 28 72 3 26 27
27 81 18 19 94 80 63
19 94 80 90 39 52 61
21 19 81 78 15 70 11
63 75 79 14 68 13 66
76 70 63 65 83 54 15
37 16 31 54 54 94 73
39 29 11 14 68 13 39
0 12 19 20 30 54 39
10 75 12 37 16 31 61
89 68 18 82 8 23 60
32 23 78 87 26 91 13
28 10 58 0 12 19 39
68 77 41 69 88 79 39
59 11 69 35 90 87 81
41 73 54 88 61 39 19
68 77 41 24 45 92 60
8 6 58 32 23 78 26
80 3 76 77 14 94 21
36 26 52 82 8 23 34
55 93 42 0 12 19 84
17 46 34 74 52 46 13
17 46 34 75 35 20 17
86 78 81 75 35 20 74
71 89 71 29 85 94 23
44 88 81 3 0 71 88
81 79 92 60 51 34 64
49 88 12 75 35 20 53
89 68 18 37 16 31 53
59 11 69 63 75 79 64
61 40 35 41 73 54 38
76 70 63 11 54 48 21
55 93 42 46 67 37 26
5 84 25 24 45 92 77
57 28 60 83 28 47 13
24 45 92 27 81 18 82
6 15 14 57 28 60 47
47 85 7 14 68 13 18
30 90 82 82 8 23 101
52 25 80 16 30 28 52
49 88 12 37 16 31 74
31 28 17 59 11 69 54
77 14 94 29 85 94 71
85 6 51 11 54 48 48
93 39 93 5 84 25 81
20 30 54 63 75 79 51
47 85 7 38 30 53 71
52 25 80 45 7 35 48
83 28 47 7 0 52 28
59 11 69 33 61 35 60
92 79 77 91 45 91 36
93 39 93 92 79 77 43
44 88 81 24 45 92 44
83 28 47 27 81 18 60
38 30 53 88 61 39 34
13 68 60 36 26 52 42
31 28 17 41 73 54 58
29 85 94 45 7 35 97
0 12 19 4 76 38 66
4 76 38 25 31 81 62
63 75 79 44 88 81 13
50 14 44 70 72 82 69
12 88 74 6 15 14 94
8 6 58 69 88 79 84
1 24 39 73 56 26 34
36 26 52 43 39 88 38
32 23 78 73 56 26 61
14 68 13 4 76 38 26
84 47 38 72 3 26 45
34 60 54 82 8 23 60
92 79 77 35 90 87 14
45 7 35 68 77 41 70
42 15 20 57 28 60 42
75 35 20 12 88 74 75
84 47 38 78 15 70 45
71 89 71 86 78 81 14
15 79 38 87 26 91 74
10 75 12 23 61 14 14
52 25 80 84 47 38 47
36 26 52 86 78 81 59
70 72 82 1 24 39 64
10 75 12 42 15 20 60
36 26 52 48 87 73 64
32 23 78 67 72 79 49
51 11 43 74 52 46 41
1 24 39 4 76 38 52
45 7 35 30 90 82 95
75 35 20 26 41 16 7
66 65 10 82 8 23 58
16 30 28 19 94 80 82
94 30 93 54 54 94 24
41 73 54 2 24 61 49
72 3 26 36 26 52 34
66 65 10 34 60 54 44
71 89 71 45 7 35 89
43 39 88 32 23 78 18
24 45 92 40 58 54 40
59 11 69 6 15 14 55
7 0 52 0 12 19 35
94 30 93 23 61 14 84
6 15 14 0 12 19 5
32 23 78 88 61 39 54
29 85 94 5 84 25 69
44 88 81 33 61 35 53
61 40 35 67 72 79 54
42 15 20 13 68 60 66
34 60 54 69 88 79 37
65 83 54 43 39 88 55
93 39 93 80 3 76 39
6 15 14 47 85 7 70
4 76 38 30 90 82 46
9 8 36 65 83 54 77
18 74 33 39 29 11 50
12 88 74 69 88 79 5
82 8 23 15 79 38 72
17 46 34 73 56 26 12
56 55 83 81 79 92 25
68 77 41 49 88 12 31
36 26 52 54 54 94 50
86 78 81 83 28 47 60
53 5 53 33 61 35 58
46 67 37 12 88 74 42
25 31 81 65 83 54 58
13 68 60 62 20 90 56
6 15 14 71 89 71 93
41 73 54 72 3 26 75
75 35 20 22 46 26 12
70 72 82 84 47 38 50
5 84 25 14 68 13 20
2 24 61 89 68 18 61
12 88 74 62 20 90 69
56 55 83 64 40 49 37
85 6 51 57 28 60 23
23 61 14 30 90 82 73
11 54 48 22 46 26 23
91 45 91 84 47 38 53
89 68 18 23 61 14 8
36 26 52 37 16 31 23
88 61 39 53 5 53 57
84 47 38 43 39 88 50
43 39 88 17 46 34 54
72 3 26 47 85 7 84
63 75 79 61 40 35 56
89 68 18 15 79 38 22
65 83 54 10 75 12 42
59 11 69 62 20 90 22
40 58 54 20 30 54 28
30 90 82 28 10 58 83
10 75 12 44 88 81 70
10 75 12 74 52 46 41
64 40 49 74 52 46 12
77 14 94 11 54 48 60
42 15 20 59 11 69 49
53 5 53 49 88 12 92
17 46 34 64 40 49 16
29 85 94 10 75 12 82
93 39 93 71 89 71 54
46 67 37 71 89 71 40
45 7 35 80 3 76 41
66 65 10 64 40 49 46
72 3 26 28 10 58 32
35 90 87 10 75 12 76
81 79 92 13 68 60 33
11 54 48 28 10 58 45
19 94 80 28 10 58 86
2 24 61 11 54 48 32
27 81 18 12 88 74 56
68 77 41 5 84 25 17
49 88 12 16 30 28 60
8 6 58 43 39 88 44
62 20 90 30 90 82 70
76 70 63 24 45 92 38
84 47 38 27 81 18 39
39 29 11 82 8 23 24
63 75 79 71 89 71 16
59 11 69 72 3 26 43
66 65 10 81 79 92 83
59 11 69 34 60 54 51
35 90 87 17 46 34 68
6 15 14 37 16 31 17
28 10 58 51 11 43 15
4 76 38 86 78 81 43
79 35 48 92 79 77 52
9 8 36 44 88 81 91
22 46 26 73 56 26 10
76 70 63 15 79 38 26
46 67 37 60 51 34 16
29 85 94 0 12 19 104
87 26 91 18 74 33 75
79 35 48 2 24 61 17
64 40 49 27 81 18 51
68 77 41 37 16 31 61
91 45 91 27 81 18 81
56 55 83 77 14 94 42
55 93 42 7 0 52 93
4 76 38 61 40 35 36
81 79 92 64 40 49 58
6 15 14 85 6 51 38
45 7 35 24 45 92 68
28 10 58 22 46 26 48
14 68 13 37 16 31 55
78 15 70 62 20 90 20
15 79 38 2 24 61 59
19 94 80 88 61 39 52
78 15 70 88 61 39 55
17 46 34 80 3 76 60
61 40 35 9 8 36 32
76 70 63 45 7 35 68
94 30 93 13 68 60 50
93 39 93 16 30 28 65
34 60 54 79 35 48 25
1 24 39 5 84 25 61
86 78 81 2 24 61 57
26 41 16 87 26 91 76
46 67 37 45 7 35 60
80 3 76 63 75 79 72
77 14 94 30 90 82 76
14 68 13 72 3 26 66
86 78 81 15 79 38 43
40 58 54 0 12 19 57
77 14 94 82 8 23 71
33 61 35 42 15 20 48
43 39 88 41 73 54 48
36 26 52 75 35 20 33
65 83 54 12 88 74 20
13 68 60 57 28 60 40
7 0 52 53 5 53 5
87 26 91 51 11 43 50
20 30 54 31 28 17 37
19 94 80 72 3 26 105
17 46 34 54 54 94 60
32 23 78 35 90 87 67
67 72 79 66 65 10 69
2 24 61 77 14 94 34
27 81 18 33 61 35 26
29 85 94 65 83 54 40
80 3 76 69 88 79 85
7 0 52 8 6 58 8
69 88 79 31 28 17 86
24 45 92 77 14 94 31
57 28 60 37 16 31 31
68 77 41 11 54 48 24
17 46 34 63 75 79 53
50 14 44 82 8 23 21
58 47 18 87 26 91 75
51 11 43 84 47 38 36
20 30 54 12 88 74 61
63 75 79 12 88 74 13
73 56 26 42 15 20 41
28 10 58 40 58 54 48
75 35 20 79 35 48 28
32 23 78 62 20 90 12
62 20 90 67 72 79 53
66 65 10 3 0 71 89
8 6 58 4 76 38 72
26 41 16 86 78 81 74
62 20 90 1 24 39 51
19 94 80 40 58 54 44
82 8 23 10 75 12 67
10 75 12 46 67 37 26
49 88 12 38 30 53 71
10 75 12 47 85 7 11
5 84 25 22 46 26 38
16 30 28 74 52 46 28
42 15 20 28 10 58 38
45 7 35 53 5 53 18
7 0 52 56 55 83 63
32 23 78 28 10 58 23
28 10 58 56 55 83 51
52 25 80 5 84 25 80
41 73 54 18 74 33 21
1 24 39 74 52 46 28
81 79 92 4 76 38 54
49 88 12 86 78 81 69
42 15 20 79 35 48 34
56 55 83 41 73 54 34
60 51 34 30 90 82 61
4 76 38 91 45 91 61
77 14 94 62 20 90 7
78 15 70 2 24 61 12
9 8 36 62 20 90 55
22 46 26 59 11 69 55
67 72 79 29 85 94 19
3 0 71 77 14 94 26
35 90 87 16 30 28 84
53 5 53 9 8 36 17
0 12 19 68 77 41 68
46 67 37 61 40 35 27
40 58 54 70 72 82 31
19 94 80 52 25 80 69
26 41 16 30 90 82 82
48 87 73 16 30 28 72
81 79 92 52 25 80 55
17 46 34 2 24 61 34
53 5 53 55 93 42 88
67 72 79 19 94 80 22
89 68 18 87 26 91 84
16 30 28 87 26 91 63
61 40 35 64 40 49 14
49 88 12 21 19 81 97
62 20 90 47 85 7 105
4 76 38 3 0 71 82
8 6 58 15 79 38 75
56 55 83 74 52 46 37
0 12 19 51 11 43 24
36 26 52 88 61 39 37
4 76 38 10 75 12 26
68 77 41 30 90 82 43
69 88 79 50 14 44 81
82 8 23 61 40 35 34
85 6 51 48 87 73 83
58 47 18 89 68 18 21
64 40 49 50 14 44 26
31 28 17 15 79 38 55
18 74 33 58 47 18 30
92 79 77 41 73 54 23
11 54 48 42 15 20 48
15 79 38 13 68 60 24
15 79 38 66 65 10 31
3 0 71 27 81 18 96
55 93 42 94 30 93 81
37 16 31 87 26 91 60
17 46 34 22 46 26 8
13 68 60 91 45 91 38
31 28 17 11 54 48 40
27 81 18 25 31 81 80
41 73 54 89 68 18 36
74 52 46 77 14 94 61
32 23 78 54 54 94 34
81 79 92 17 46 34 66
17 46 34 0 12 19 37
36 26 52 59 11 69 22
77 14 94 78 15 70 24
75 35 20 77 14 94 76
16 30 28 2 24 61 33
79 35 48 71 89 71 58
86 78 81 33 61 35 49
45 7 35 79 35 48 30
16 30 28 56 55 83 60
31 28 17 0 12 19 16
46 67 37 76 70 63 26
38 30 53 9 8 36 27
32 23 78 83 28 47 31
88 61 39 64 40 49 23
66 65 10 70 72 82 72
33 61 35 74 52 46 14
76 70 63 48 87 73 19
44 88 81 2 24 61 67
4 76 38 22 46 26 32
86 78 81 88 61 39 45
24 45 92 42 15 20 78
12 88 74 15 79 38 37
94 30 93 63 75 79 47
86 78 81 68 77 41 40
93 39 93 35 90 87 51
31 28 17 5 84 25 56
26 41 16 15 79 38 43
11 54 48 56 55 83 35
84 47 38 14 68 13 32
34 60 54 23 61 14 40
74 52 46 14 68 13 36
77 14 94 44 88 81 75
35 90 87 61 40 35 72
83 28 47 26 41 16 33
70 72 82 7 0 52 78
39 29 11 32 23 78 67
7 0 52 49 88 12 96
78 15 70 34 60 54 47
33 61 35 75 35 20 30
39 29 11 79 35 48 37
43 39 88 56 55 83 16
12 88 74 92 79 77 9
62 20 90 88 61 39 65
93 39 93 66 65 10 86
75 35 20 5 84 25 49
87 26 91 65 83 54 67
11 54 48 19 94 80 51
42 15 20 41 73 54 67
0 12 19 12 88 74 93
46 67 37 11 54 48 17
2 24 61 25 31 81 21
43 39 88 0 12 19 74
0 12 19 9 8 36 17
30 90 82 59 11 69 80
3 0 71 47 85 7 106
11 54 48 10 75 12 41
20 30 54 71 89 71 61
60 51 34 13 68 60 31
23 61 14 61 40 35 29
82 8 23 56 55 83 76
65 83 54 78 15 70 69
35 90 87 23 61 14 78
1 24 39 72 3 26 24
66 65 10 56 55 83 73
36 26 52 15 79 38 54
22 46 26 53 5 53 49
60 51 34 2 24 61 38
39 29 11 2 24 61 50
69 88 79 75 35 20 79
41 73 54 24 45 92 47
90 39 52 78 15 70 30
39 29 11 43 39 88 77
21 19 81 75 35 20 63
55 93 42 22 46 26 49
16 30 28 78 15 70 44
22 46 26 19 94 80 72
20 30 54 54 54 94 46
33 61 35 80 3 76 71
55 93 42 54 54 94 65
54 54 94 22 46 26 68
21 19 81 4 76 38 71
10 75 12 57 28 60 67
94 30 93 64 40 49 45
53 5 53 77 14 94 41
47 85 7 24 45 92 93
20 30 54 43 39 88 35
43 39 88 59 11 69 33
59 11 69 56 55 83 46
48 87 73 65 83 54 19
36 26 52 73 56 26 39
36 26 52 33 61 35 38
72 3 26 29 85 94 106
51 11 43 17 46 34 36
1 24 39 41 73 54 51
18 74 33 67 72 79 46
43 39 88 83 28 47 42
83 28 47 52 25 80 33
21 19 81 94 30 93 16
30 90 82 66 65 10 76
32 23 78 33 61 35 57
52 25 80 33 61 35 57
49 88 12 87 26 91 100
77 14 94 81 79 92 65
54 54 94 23 61 14 80
65 83 54 61 40 35 47
79 35 48 85 6 51 29
8 6 58 89 68 18 73
80 3 76 55 93 42 96
86 78 81 48 87 73 12
83 28 47 70 72 82 56
33 61 35 10 75 12 26
56 55 83 12 88 74 34
48 87 73 4 76 38 36
88 61 39 74 52 46 11
76 70 63 57 28 60 42
48 87 73 0 12 19 92
49 88 12 2 24 61 80
24 45 92 30 90 82 46
37 16 31 15 79 38 63
80 3 76 61 40 35 55
86 78 81 3 0 71 78
86 78 81 38 30 53 55
49 88 12 72 3 26 86
49 88 12 39 29 11 59
23 61 14 50 14 44 55
0 12 19 32 23 78 60
52 25 80 93 39 93 19
19 94 80 31 28 17 91
73 56 26 45 7 35 49
45 7 35 84 47 38 40
84 47 38 16 30 28 19
54 54 94 88 61 39 55
72 3 26 50 14 44 21
74 52 46 25 31 81 40
59 11 69 27 81 18 86
14 68 13 36 26 52 57
90 39 52 76 70 63 32
28 10 58 14 68 13 73
2 24 61 57 28 60 4
28 10 58 18 74 33 68
26 41 16 11 54 48 34
22 46 26 27 81 18 35
87 26 91 67 72 79 47
8 6 58 47 85 7 94
86 78 81 76 70 63 19
83 28 47 13 68 60 42
64 40 49 35 90 87 62
12 88 74 19 94 80 8
94 30 93 57 28 60 33
58 47 18 62 20 90 76
82 8 23 76 70 63 73
43 39 88 93 39 93 5
13 68 60 9 8 36 64
17 46 34 12 88 74 58
88 61 39 28 10 58 54
88 61 39 3 0 71 68
28 10 58 89 68 18 70
43 39 88 6 15 14 77
68 77 41 67 72 79 38
50 14 44 0 12 19 25
33 61 35 72 3 26 58
15 79 38 42 15 20 66
12 88 74 87 26 91 64
58 47 18 54 54 94 76
66 65 10 6 15 14 50
27 81 18 56 55 83 70
35 90 87 4 76 38 50
88 61 39 65 83 54 26
29 85 94 36 26 52 72
75 35 20 82 8 23 27
24 45 92 56 55 83 13
27 81 18 92 79 77 59
91 45 91 30 90 82 45
51 11 43 75 35 20 33
32 23 78 72 3 26 55
75 35 20 60 51 34 21
83 28 47 67 72 79 54
3 0 71 75 35 20 61
72 3 26 87 26 91 68
79 35 48 84 47 38 15
86 78 81 79 35 48 54
92 79 77 76 70 63 16
20 30 54 73 56 26 38
76 70 63 33 61 35 29
60 51 34 91 45 91 57
87 26 91 80 3 76 27
7 0 52 90 39 52 39
90 39 52 52 25 80 31
20 30 54 35 90 87 68
26 41 16 24 45 92 76
87 26 91 13 68 60 52
78 15 70 1 24 39 32
10 75 12 43 39 88 84
47 85 7 12 88 74 67
31 28 17 81 79 92 90
6 15 14 87 26 91 77
63 75 79 11 54 48 37
83 28 47 36 26 52 5
30 90 82 25 31 81 59
32 23 78 66 65 10 79
64 40 49 80 3 76 45
81 79 92 59 11 69 71
17 46 34 20 30 54 25
4 76 38 82 8 23 69
24 45 92 8 6 58 51
2 24 61 70 72 82 52
24 45 92 25 31 81 17
82 8 23 31 28 17 20
75 35 20 67 72 79 69
60 51 34 40 58 54 21
31 28 17 73 56 26 29
80 3 76 1 24 39 42
80 3 76 56 55 83 52
64 40 49 45 7 35 35
49 88 12 30 90 82 70
20 30 54 25 31 81 27
26 41 16 51 11 43 40
31 28 17 35 90 87 93
86 78 81 59 11 69 68
44 88 81 90 39 52 56
5 84 25 88 61 39 26
11 54 48 57 28 60 28
85 6 51 45 7 35 16
40 58 54 55 93 42 37
92 79 77 15 79 38 39
54 54 94 44 88 81 36
81 79 92 61 40 35 69
11 54 48 60 51 34 14
14 68 13 59 11 69 79
34 60 54 71 89 71 33
24 45 92 22 46 26 66
11 54 48 49 88 12 49
17 46 34 67 72 79 51
82 8 23 91 45 91 77
24 45 92 60 51 34 58
40 58 54 86 78 81 33
19 94 80 73 56 26 66
64 40 49 32 23 78 33
44 88 81 59 11 69 77
24 45 92 91 45 91 1
0 12 19 3 0 71 53
64 40 49 14 68 13 45
11 54 48 1 24 39 31
24 45 92 16 30 28 65
70 72 82 5 84 25 58
85 6 51 69 88 79 86
50 14 44 90 39 52 26
35 90 87 58 47 18 81
42 15 20 44 88 81 95
44 88 81 11 54 48 47
13 68 60 0 12 19 69
81 79 92 62 20 90 59
10 75 12 32 23 78 84
74 52 46 37 16 31 39
26 41 16 82 8 23 33
8 6 58 35 90 87 88
7 0 52 51 11 43 14
65 83 54 36 26 52 57
55 93 42 10 75 12 34
55 93 42 64 40 49 53
45 7 35 9 8 36 1
15 79 38 16 30 28 50
57 28 60 77 14 94 36
48 87 73 78 15 70 72
85 6 51 10 75 12 79
20 30 54 1 24 39 16
48 87 73 7 0 52 89
13 68 60 55 93 42 30
31 28 17 7 0 52 44
76 70 63 88 61 39 25
26 41 16 16 30 28 16
94 30 93 29 85 94 55
90 39 52 79 35 48 5
63 75 79 68 77 41 38
61 40 35 70 72 82 56
39 29 11 59 11 69 60
54 54 94 4 76 38 60
90 39 52 47 85 7 64
41 73 54 11 54 48 19
81 79 92 37 16 31 87
23 61 14 11 54 48 34
58 47 18 84 47 38 20
52 25 80 26 41 16 65
82 8 23 60 51 34 44
49 88 12 67 72 79 68
38 30 53 40 58 54 28
42 15 20 27 81 18 66
10 75 12 14 68 13 7
81 79 92 19 94 80 19
49 88 12 35 90 87 75
53 5 53 11 54 48 49
87 26 91 5 84 25 87
68 77 41 91 45 91 59
81 79 92 86 78 81 11
74 52 46 7 0 52 52
55 93 42 6 15 14 82
59 11 69 11 54 48 47
44 88 81 22 46 26 69
73 56 26 78 15 70 60
29 85 94 93 39 93 46
30 90 82 56 55 83 35
23 61 14 90 39 52 43
27 81 18 51 11 43 74
38 30 53 29 85 94 68
39 29 11 52 25 80 69
57 28 60 82 8 23 42
51 11 43 37 16 31 13
16 30 28 55 93 42 64
34 60 54 8 6 58 54
22 46 26 93 39 93 67
42 15 20 49 88 12 73
66 65 10 76 70 63 53
35 90 87 28 10 58 85
75 35 20 2 24 61 42
85 6 51 88 61 39 56
55 93 42 3 0 71 97
35 90 87 37 16 31 92
35 90 87 70 72 82 18
44 88 81 66 65 10 74
83 28 47 92 79 77 59
89 68 18 70 72 82 64
71 89 71 89 68 18 57
74 52 46 35 90 87 55
29 85 94 2 24 61 69
62 20 90 38 30 53 38
58 47 18 40 58 54 37
44 88 81 17 46 34 63
74 52 46 24 45 92 46
27 81 18 2 24 61 71
64 40 49 30 90 82 59
81 79 92 32 23 78 57
43 39 88 4 76 38 62
64 40 49 65 83 54 43
91 45 91 3 0 71 49
2 24 61 33 61 35 45
89 68 18 19 94 80 67
91 45 91 48 87 73 45
54 54 94 35 90 87 36
47 85 7 60 51 34 43
14 68 13 49 88 12 20