17 136
8 6 4 11 15 14 13
0 1 2 14 15 10 16
12 4 2 1 14 1 10
1 14 1 6 2 13 16
4 14 11 16 10 2 9
8 6 4 3 15 11 11
8 6 4 7 8 12 8
1 14 1 2 3 3 11
7 8 12 3 15 11 7
16 10 2 10 12 8 6
11 15 14 4 14 11 3
11 15 14 12 4 2 16
0 1 2 9 16 4 15
15 10 5 2 3 3 7
5 7 12 3 15 11 8
7 8 12 0 1 2 12
4 14 11 3 15 11 1
9 16 4 14 15 10 6
7 8 12 13 1 5 9
4 14 11 0 1 2 15
10 12 8 8 6 4 7
1 14 1 13 1 5 13
14 15 10 3 15 11 1
0 1 2 15 10 5 9
15 10 5 11 15 14 10
10 12 8 11 15 14 6
6 2 13 3 15 11 13
12 4 2 9 16 4 12
15 10 5 9 16 4 6
2 3 3 6 2 13 10
6 2 13 0 1 2 11
9 16 4 1 14 1 3
11 15 14 14 15 10 4
9 16 4 16 10 2 6
1 14 1 10 12 8 7
11 15 14 7 8 12 7
1 14 1 0 1 2 13
11 15 14 13 1 5 16
5 7 12 4 14 11 7
1 14 1 4 14 11 10
12 4 2 5 7 12 10
7 8 12 6 2 13 6
1 14 1 3 15 11 10
2 3 3 3 15 11 14
14 15 10 7 8 12 7
15 10 5 6 2 13 11
7 8 12 2 3 3 10
2 3 3 5 7 12 9
5 7 12 11 15 14 8
4 14 11 10 12 8 3
1 14 1 8 6 4 8
3 15 11 11 15 14 3
10 12 8 12 4 2 10
1 14 1 7 8 12 12
15 10 5 8 6 4 4
13 1 5 9 16 4 15
7 8 12 15 10 5 7
6 2 13 9 16 4 16
10 12 8 5 7 12 6
16 10 2 13 1 5 9
0 1 2 10 12 8 12
13 1 5 15 10 5 9
16 10 2 5 7 12 10
9 16 4 11 15 14 10
14 15 10 16 10 2 9
16 10 2 11 15 14 13
4 14 11 12 4 2 13
12 4 2 3 15 11 14
4 14 11 8 6 4 10
9 16 4 7 8 12 11
12 4 2 15 10 5 6
13 1 5 5 7 12 9
9 16 4 3 15 11 7
1 14 1 15 10 5 5
6 2 13 13 1 5 8
12 4 2 2 3 3 1
14 15 10 10 12 8 3
8 6 4 16 10 2 4
0 1 2 3 15 11 16
8 6 4 0 1 2 5
7 8 12 4 14 11 6
4 14 11 13 1 5 14
13 1 5 3 15 11 15
6 2 13 14 15 10 13
7 8 12 12 4 2 10
12 4 2 13 1 5 4
4 14 11 9 16 4 7
0 1 2 11 15 14 18
1 14 1 11 15 14 13
16 10 2 0 1 2 9
1 14 1 5 7 12 13
16 10 2 12 4 2 6
7 8 12 16 10 2 10
5 7 12 0 1 2 11
8 6 4 12 4 2 2
9 16 4 10 12 8 5
12 4 2 6 2 13 11
2 3 3 4 14 11 13
10 12 8 13 1 5 11
15 10 5 16 10 2 3
5 7 12 9 16 4 12
14 15 10 1 14 1 9
14 15 10 12 4 2 13
5 7 12 8 6 4 8
8 6 4 9 16 4 10
2 3 3 8 6 4 3
6 2 13 8 6 4 9
0 1 2 13 1 5 3
13 1 5 8 6 4 5
0 1 2 12 4 2 3
2 3 3 14 15 10 13
14 15 10 5 7 12 8
5 7 12 7 8 12 1
14 15 10 8 6 4 10
15 10 5 5 7 12 7
2 3 3 11 15 14 16
16 10 2 2 3 3 7
6 2 13 16 10 2 13
16 10 2 1 14 1 4
3 15 11 16 10 2 10
15 10 5 4 14 11 7
15 10 5 10 12 8 3
11 15 14 6 2 13 13
13 1 5 2 3 3 2
0 1 2 2 3 3 2
10 12 8 7 8 12 5
5 7 12 6 2 13 5
10 12 8 3 15 11 4
3 15 11 15 10 5 7
2 3 3 9 16 4 13
15 10 5 14 15 10 7
14 15 10 13 1 5 14
14 15 10 4 14 11 1
2 3 3 10 12 8 10
6 2 13 4 14 11 12
10 12 8 6 2 13 11