96 4560
68 47 64 1 62 6 59
37 24 40 14 0 24 28
90 73 60 56 92 79 26
10 56 79 60 18 59 42
85 81 84 70 18 19 90
65 52 35 23 44 46 13
75 28 15 30 3 35 32
0 94 26 57 66 82 62
28 31 29 33 42 1 30
28 31 29 57 66 82 63
27 79 92 93 45 9 89
55 73 56 53 15 31 63
15 77 0 87 19 18 60
9 70 25 44 50 72 51
23 44 46 54 23 55 22
77 9 56 27 79 92 78
9 70 25 34 84 59 36
80 92 35 44 50 72 55
46 66 70 25 92 78 27
58 28 15 4 30 84 69
53 15 31 91 93 29 78
89 38 12 42 63 36 34
95 84 94 55 73 56 39
59 78 47 82 82 63 16
58 28 15 67 25 50 35
56 92 79 85 81 84 12
1 62 6 16 22 39 51
49 81 91 80 92 35 57
45 26 21 60 18 59 38
84 67 54 46 66 70 16
27 79 92 51 9 36 89
52 19 69 10 56 79 38
12 82 66 70 18 19 79
38 0 69 7 2 5 64
25 92 78 73 26 69 66
38 0 69 43 33 32 49
93 45 9 74 68 35 34
20 42 9 16 22 39 36
76 22 34 72 77 64 62
90 73 60 91 93 29 36
43 33 32 40 2 68 47
5 72 36 81 66 79 43
44 50 72 35 52 55 17
94 54 33 84 67 54 24
41 79 6 72 77 64 58
78 47 2 61 43 30 28
89 38 12 55 73 56 56
22 51 87 46 66 70 22
95 84 94 93 45 9 93
40 2 68 18 16 80 18
39 20 27 69 18 55 28
54 23 55 76 22 34 21
20 42 9 48 35 51 42
3 4 39 24 63 28 60
8 50 9 3 4 39 54
51 9 36 82 82 63 77
47 41 19 46 66 70 56
84 67 54 30 3 35 66
61 43 30 6 50 65 35
4 30 84 29 78 55 56
2 17 37 33 42 1 43
19 46 13 45 26 21 21
67 25 50 83 39 37 19
53 15 31 3 4 39 13
7 2 5 1 62 6 60
86 87 4 23 44 46 60
1 62 6 39 20 27 46
10 56 79 72 77 64 25
1 62 6 84 67 54 48
68 47 64 18 16 80 34
59 78 47 18 16 80 70
93 45 9 31 37 81 72
9 70 25 83 39 37 33
89 38 12 34 84 59 65
11 84 29 24 63 28 21
47 41 19 94 54 33 19
31 37 81 27 79 92 43
36 82 81 25 92 78 10
42 63 36 58 28 15 40
74 68 35 14 0 24 68
80 92 35 72 77 64 32
52 19 69 29 78 55 60
46 66 70 30 3 35 72
62 43 49 69 18 55 25
63 89 63 5 72 36 31
12 82 66 44 50 72 32
89 38 12 11 84 29 49
61 43 30 11 84 29 41
72 77 64 86 87 4 60
58 28 15 61 43 30 21
94 54 33 8 50 9 24
42 63 36 34 84 59 31
33 42 1 23 44 46 45
36 82 81 44 50 72 33
70 18 19 78 47 2 33
90 73 60 31 37 81 41
85 81 84 78 47 2 88
82 82 63 19 46 13 61
37 24 40 39 20 27 13
80 92 35 24 63 28 29
50 18 19 87 19 18 1
68 47 64 5 72 36 37
1 62 6 61 43 30 30
42 63 36 87 19 18 47
29 78 55 78 47 2 61
4 30 84 13 88 90 58
11 84 29 44 50 72 54
37 24 40 59 78 47 54
7 2 5 0 94 26 94
0 94 26 53 15 31 79
87 19 18 77 9 56 39
1 62 6 23 44 46 43
73 26 69 27 79 92 57
18 16 80 3 4 39 42
38 0 69 70 18 19 53
34 84 59 33 42 1 71
50 18 19 71 21 52 33
49 81 91 67 25 50 69
86 87 4 5 72 36 35
39 20 27 58 28 15 14
53 15 31 41 79 6 68
63 89 63 44 50 72 40
41 79 6 23 44 46 53
0 94 26 88 46 79 71
23 44 46 58 28 15 34
2 17 37 18 16 80 43
90 73 60 40 2 68 71
59 78 47 24 63 28 24
18 16 80 33 42 1 83
20 42 9 18 16 80 75
74 68 35 77 9 56 62
50 18 19 47 41 19 23
31 37 81 4 30 84 7
63 89 63 16 22 39 71
88 46 79 93 45 9 70
23 44 46 76 22 34 25
55 73 56 12 82 66 13
30 3 35 92 16 4 33
72 77 64 27 79 92 28
12 82 66 20 42 9 69
50 18 19 85 81 84 90
31 37 81 34 84 59 51
3 4 39 31 37 81 53
72 77 64 12 82 66 5
4 30 84 59 78 47 60
77 9 56 76 22 34 25
95 84 94 23 44 46 62
64 90 1 19 46 13 45
5 72 36 40 2 68 76
84 67 54 55 73 56 6
30 3 35 85 81 84 92
10 56 79 13 88 90 33
9 70 25 25 92 78 57
48 35 51 0 94 26 64
49 81 91 12 82 66 25
13 88 90 29 78 55 36
79 3 59 29 78 55 75
51 9 36 24 63 28 54
65 52 35 59 78 47 28
12 82 66 43 33 32 59
66 10 3 40 2 68 65
54 23 55 15 77 0 77
82 82 63 17 66 85 27
34 84 59 60 18 59 66
64 90 1 75 28 15 63
23 44 46 5 72 36 29
61 43 30 3 4 39 40
89 38 12 75 28 15 10
70 18 19 50 18 19 0
18 16 80 93 45 9 76
56 92 79 57 66 82 26
6 50 65 53 15 31 48
25 92 78 45 26 21 87
57 66 82 31 37 81 29
39 20 27 23 44 46 30
71 21 52 27 79 92 70
7 2 5 33 42 1 40
70 18 19 4 30 84 66
47 41 19 20 42 9 10
67 25 50 28 31 29 21
24 63 28 38 0 69 75
94 54 33 7 2 5 59
12 82 66 24 63 28 42
12 82 66 28 31 29 63
47 41 19 38 0 69 64
16 22 39 67 25 50 11
53 15 31 63 89 63 80
62 43 49 0 94 26 55
9 70 25 92 16 4 57
54 23 55 55 73 56 50
62 43 49 53 15 31 33
32 28 54 80 92 35 66
11 84 29 9 70 25 14
89 38 12 29 78 55 58
14 0 24 87 19 18 19
54 23 55 12 82 66 60
81 66 79 50 18 19 76
64 90 1 21 39 69 85
94 54 33 57 66 82 50
41 79 6 31 37 81 85
89 38 12 74 68 35 37
10 56 79 49 81 91 27
84 67 54 10 56 79 27
79 3 59 19 46 13 62
91 93 29 51 9 36 84
89 38 12 21 39 69 57
22 51 87 23 44 46 41
45 26 21 14 0 24 26
52 19 69 71 21 52 17
13 88 90 41 79 6 84
28 31 29 18 16 80 53
27 79 92 0 94 26 67
72 77 64 82 82 63 5
38 0 69 13 88 90 90
29 78 55 58 28 15 64
82 82 63 48 35 51 48
36 82 81 79 3 59 82
10 56 79 53 15 31 63
6 50 65 63 89 63 39
37 24 40 31 37 81 43
22 51 87 3 4 39 67
36 82 81 60 18 59 67
87 19 18 86 87 4 69
11 84 29 95 84 94 65
2 17 37 20 42 9 37
45 26 21 33 42 1 25
61 43 30 87 19 18 26
66 10 3 83 39 37 44
93 45 9 5 72 36 38
78 47 2 87 19 18 32
87 19 18 38 0 69 54
79 3 59 45 26 21 44
86 87 4 65 52 35 46
90 73 60 76 22 34 57
58 28 15 9 70 25 43
94 54 33 19 46 13 21
24 63 28 79 3 59 67
18 16 80 92 16 4 76
6 50 65 60 18 59 32
47 41 19 60 18 59 46
39 20 27 5 72 36 52
46 66 70 77 9 56 58
26 39 83 34 84 59 51
4 30 84 30 3 35 55
56 92 79 14 0 24 107
94 54 33 51 9 36 45
64 90 1 34 84 59 58
16 22 39 23 44 46 23
24 63 28 56 92 79 58
58 28 15 69 18 55 41
86 87 4 56 92 79 75
34 84 59 57 66 82 29
6 50 65 5 72 36 36
62 43 49 41 79 6 56
43 33 32 30 3 35 30
67 25 50 32 28 54 5
18 16 80 52 19 69 11
47 41 19 39 20 27 22
30 3 35 72 77 64 79
88 46 79 18 16 80 30
40 2 68 3 4 39 29
85 81 84 39 20 27 83
44 50 72 8 50 9 63
25 92 78 21 39 69 53
14 0 24 54 23 55 38
85 81 84 61 43 30 66
42 63 36 57 66 82 46
52 19 69 86 87 4 94
66 10 3 67 25 50 49
58 28 15 19 46 13 18
74 68 35 65 52 35 16
65 52 35 8 50 9 26
27 79 92 18 16 80 64
89 38 12 19 46 13 8
59 78 47 90 73 60 13
66 10 3 30 3 35 32
77 9 56 60 18 59 9
80 92 35 9 70 25 24
35 52 55 13 88 90 50
3 4 39 12 82 66 82
36 82 81 12 82 66 15
9 70 25 2 17 37 54
3 4 39 23 44 46 40
57 66 82 11 84 29 55
39 20 27 65 52 35 32
54 23 55 81 66 79 49
56 92 79 40 2 68 90
6 50 65 18 16 80 37
21 39 69 43 33 32 37
85 81 84 5 72 36 48
23 44 46 31 37 81 35
18 16 80 94 54 33 60
9 70 25 42 63 36 13
76 22 34 20 42 9 32
47 41 19 48 35 51 32
17 66 85 11 84 29 58
88 46 79 83 39 37 42
44 50 72 52 19 69 31
42 63 36 31 37 81 51
80 92 35 43 33 32 59
42 63 36 40 2 68 68
74 68 35 68 47 64 35
45 26 21 8 50 9 26
90 73 60 10 56 79 25
63 89 63 73 26 69 63
35 52 55 93 45 9 46
78 47 2 51 9 36 50
46 66 70 63 89 63 24
64 90 1 65 52 35 50
43 33 32 51 9 36 24
53 15 31 33 42 1 40
19 46 13 43 33 32 23
25 92 78 55 73 56 29
86 87 4 21 39 69 80
53 15 31 17 66 85 74
62 43 49 30 3 35 42
16 22 39 47 41 19 27
15 77 0 63 89 63 64
16 22 39 25 92 78 80
61 43 30 53 15 31 28
78 47 2 65 52 35 33
80 92 35 41 79 6 31
24 63 28 55 73 56 29
58 28 15 5 72 36 48
13 88 90 76 22 34 86
72 77 64 1 62 6 59
85 81 84 44 50 72 33
78 47 2 30 3 35 55
16 22 39 18 16 80 41
65 52 35 48 35 51 23
54 23 55 84 67 54 44
75 28 15 74 68 35 44
85 81 84 75 28 15 87
55 73 56 76 22 34 55
80 92 35 25 92 78 43
31 37 81 1 62 6 79
60 18 59 43 33 32 30
28 31 29 14 0 24 31
65 52 35 38 0 69 62
17 66 85 13 88 90 22
50 18 19 7 2 5 21
29 78 55 33 42 1 64
83 39 37 75 28 15 24
68 47 64 76 22 34 39
45 26 21 53 15 31 14
64 90 1 37 24 40 76
56 92 79 54 23 55 73
49 81 91 44 50 72 36
13 88 90 16 22 39 83
38 0 69 39 20 27 46
13 88 90 92 16 4 112
16 22 39 14 0 24 26
60 18 59 82 82 63 64
74 68 35 10 56 79 45
91 93 29 15 77 0 33
78 47 2 37 24 40 44
13 88 90 56 92 79 11
95 84 94 34 84 59 35
48 35 51 37 24 40 15
87 19 18 53 15 31 13
62 43 49 2 17 37 28
84 67 54 20 42 9 51
73 26 69 24 63 28 55
88 46 79 49 81 91 37
94 54 33 95 84 94 67
63 89 63 91 93 29 34
77 9 56 40 2 68 13
76 22 34 60 18 59 25
5 72 36 43 33 32 39
4 30 84 68 47 64 26
16 22 39 26 39 83 47
32 28 54 23 44 46 17
94 54 33 31 37 81 50
87 19 18 73 26 69 51
15 77 0 35 52 55 60
0 94 26 56 92 79 53
47 41 19 52 19 69 54
75 28 15 65 52 35 31
53 15 31 76 22 34 7
39 20 27 55 73 56 60
24 63 28 65 52 35 13
32 28 54 45 26 21 33
41 79 6 29 78 55 49
28 31 29 59 78 47 50
93 45 9 49 81 91 89
18 16 80 63 89 63 74
18 16 80 50 18 19 61
48 35 51 8 50 9 44
9 70 25 86 87 4 27
80 92 35 53 15 31 77
42 63 36 36 82 81 48
63 89 63 35 52 55 37
26 39 83 12 82 66 46
51 9 36 45 26 21 22
35 52 55 62 43 49 10
48 35 51 52 19 69 24
94 54 33 38 0 69 64
26 39 83 56 92 79 53
90 73 60 30 3 35 74
88 46 79 92 16 4 80
26 39 83 3 4 39 56
26 39 83 50 18 19 67
80 92 35 95 84 94 59
3 4 39 87 19 18 25
22 51 87 34 84 59 43
0 94 26 92 16 4 81
68 47 64 65 52 35 29
16 22 39 81 66 79 59
77 9 56 66 10 3 53
35 52 55 58 28 15 46
83 39 37 76 22 34 17
45 26 21 87 19 18 7
27 79 92 30 3 35 95
4 30 84 67 25 50 34
22 51 87 35 52 55 32
64 90 1 30 3 35 93
80 92 35 42 63 36 29
22 51 87 82 82 63 39
1 62 6 58 28 15 35
54 23 55 74 68 35 49
91 93 29 74 68 35 25
69 18 55 29 78 55 60
48 35 51 33 42 1 50
57 66 82 18 16 80 50
56 92 79 28 31 29 78
4 30 84 55 73 56 51
80 92 35 48 35 51 59
51 9 36 83 39 37 30
29 78 55 27 79 92 37
19 46 13 87 19 18 27
42 63 36 47 41 19 27
7 2 5 54 23 55 54
12 82 66 65 52 35 43
34 84 59 53 15 31 74
3 4 39 7 2 5 34
72 77 64 15 77 0 64
59 78 47 50 18 19 66
40 2 68 65 52 35 59
93 45 9 6 50 65 56
5 72 36 54 23 55 52
11 84 29 7 2 5 85
15 77 0 76 22 34 64
22 51 87 72 77 64 34
9 70 25 29 78 55 31
8 50 9 74 68 35 31
0 94 26 34 84 59 34
17 66 85 41 79 6 80
43 33 32 92 16 4 32
88 46 79 26 39 83 8
13 88 90 85 81 84 9
7 2 5 25 92 78 115
28 31 29 38 0 69 50
69 18 55 63 89 63 71
95 84 94 85 81 84 10
18 16 80 51 9 36 44
19 46 13 44 50 72 59
40 2 68 86 87 4 106
93 45 9 26 39 83 74
17 66 85 49 81 91 16
30 3 35 16 22 39 19
76 22 34 59 78 47 57
70 18 19 94 54 33 38
26 39 83 55 73 56 43
73 26 69 82 82 63 56
60 18 59 31 37 81 29
22 51 87 53 15 31 66
46 66 70 20 42 9 65
35 52 55 52 19 69 35
65 52 35 82 82 63 41
59 78 47 86 87 4 43
19 46 13 47 41 19 7
8 50 9 86 87 4 37
23 44 46 47 41 19 27
77 9 56 1 62 6 72
40 2 68 61 43 30 55
37 24 40 2 17 37 7
18 16 80 62 43 49 41
67 25 50 6 50 65 29
4 30 84 71 21 52 33
45 26 21 2 17 37 18
30 3 35 86 87 4 89
94 54 33 89 38 12 26
32 28 54 1 62 6 58
17 66 85 3 4 39 77
61 43 30 49 81 91 71
86 87 4 71 21 52 81
39 20 27 79 3 59 36
69 18 55 3 4 39 21
1 62 6 93 45 9 17
20 42 9 27 79 92 90
65 52 35 80 92 35 40
26 39 83 21 39 69 14
32 28 54 17 66 85 49
64 90 1 92 16 4 74
26 39 83 33 42 1 82
70 18 19 92 16 4 15
88 46 79 43 33 32 48
77 9 56 79 3 59 6
65 52 35 13 88 90 65
23 44 46 52 19 69 33
67 25 50 35 52 55 27
19 46 13 88 46 79 66
59 78 47 73 26 69 56
67 25 50 7 2 5 50
12 82 66 84 67 54 19
42 63 36 70 18 19 48
90 73 60 85 81 84 25
23 44 46 71 21 52 23
42 63 36 35 52 55 21
83 39 37 93 45 9 28
64 90 1 29 78 55 55
53 15 31 54 23 55 25
72 77 64 16 22 39 60
59 78 47 5 72 36 12
41 79 6 82 82 63 57
60 18 59 19 46 13 53
89 38 12 72 77 64 65
43 33 32 28 31 29 3
69 18 55 65 52 35 39
46 66 70 72 77 64 12
90 73 60 57 66 82 23
66 10 3 93 45 9 35
6 50 65 88 46 79 14
59 78 47 89 38 12 53
44 50 72 50 18 19 61
88 46 79 65 52 35 44
87 19 18 62 43 49 39
93 45 9 79 3 59 65
49 81 91 19 46 13 85
66 10 3 37 24 40 39
42 63 36 13 88 90 59
52 19 69 84 67 54 50
3 4 39 37 24 40 20
27 79 92 81 66 79 18
75 28 15 53 15 31 20
56 92 79 47 41 19 78
89 38 12 79 3 59 58
46 66 70 57 66 82 12
67 25 50 72 77 64 53
15 77 0 86 87 4 10
21 39 69 20 42 9 60
19 46 13 5 72 36 34
77 9 56 0 94 26 90
28 31 29 78 47 2 31
6 50 65 92 16 4 69
22 51 87 39 20 27 67
21 39 69 67 25 50 23
60 18 59 38 0 69 20
16 22 39 7 2 5 39
64 90 1 58 28 15 63
47 41 19 5 72 36 35
17 66 85 48 35 51 46
28 31 29 84 67 54 43
55 73 56 0 94 26 36
92 16 4 5 72 36 64
19 46 13 41 79 6 33
28 31 29 79 3 59 41
25 92 78 35 52 55 46
78 47 2 86 87 4 40
80 92 35 59 78 47 18
3 4 39 33 42 1 53
72 77 64 37 24 40 58
68 47 64 85 81 84 39
48 35 51 59 78 47 43
78 47 2 82 82 63 70
79 3 59 22 51 87 55
11 84 29 53 15 31 69
92 16 4 76 22 34 30
7 2 5 5 72 36 76
75 28 15 59 78 47 59
78 47 2 38 0 69 81
25 92 78 3 4 39 96
56 92 79 53 15 31 90
21 39 69 23 44 46 23
51 9 36 29 78 55 71
70 18 19 27 79 92 95
8 50 9 4 30 84 77
69 18 55 49 81 91 72
21 39 69 84 67 54 31
77 9 56 10 56 79 52
8 50 9 34 84 59 60
51 9 36 54 23 55 23
7 2 5 90 73 60 89
51 9 36 71 21 52 20
36 82 81 94 54 33 55
16 22 39 94 54 33 32
84 67 54 11 84 29 30
31 37 81 59 78 47 53
86 87 4 38 0 69 108
43 33 32 62 43 49 19
64 90 1 10 56 79 85
67 25 50 15 77 0 72
45 26 21 70 18 19 8
77 9 56 8 50 9 62
74 68 35 25 92 78 49
42 63 36 74 68 35 5
25 92 78 56 92 79 1
21 39 69 29 78 55 41
75 28 15 21 39 69 55
36 82 81 29 78 55 26
56 92 79 79 3 59 91
31 37 81 19 46 13 68
71 21 52 77 9 56 12
79 3 59 47 41 19 55
12 82 66 47 41 19 62
8 50 9 17 66 85 77
50 18 19 28 31 29 16
91 93 29 18 16 80 92
54 23 55 93 45 9 50
79 3 59 3 4 39 20
84 67 54 77 9 56 58
58 28 15 78 47 2 23
68 47 64 19 46 13 51
19 46 13 8 50 9 5
84 67 54 8 50 9 48
38 0 69 0 94 26 103
21 39 69 19 46 13 56
95 84 94 54 23 55 72
35 52 55 1 62 6 50
49 81 91 95 84 94 4
21 39 69 35 52 55 19
84 67 54 65 52 35 24
35 52 55 54 23 55 29
27 79 92 4 30 84 49
37 24 40 1 62 6 50
65 52 35 50 18 19 37
29 78 55 12 82 66 11
55 73 56 59 78 47 10
87 19 18 34 84 59 76
22 51 87 54 23 55 42
78 47 2 74 68 35 39
10 56 79 8 50 9 70
78 47 2 60 18 59 63
1 62 6 15 77 0 16
53 15 31 25 92 78 90
69 18 55 12 82 66 64
69 18 55 10 56 79 44
0 94 26 94 54 33 40
4 30 84 95 84 94 54
30 3 35 11 84 29 81
51 9 36 42 63 36 54
72 77 64 0 94 26 41
28 31 29 88 46 79 52
37 24 40 28 31 29 13
32 28 54 34 84 59 56
54 23 55 20 42 9 49
41 79 6 8 50 9 29
85 81 84 55 73 56 29
49 81 91 71 21 52 71
19 46 13 90 73 60 54
21 39 69 41 79 6 74
52 19 69 54 23 55 14
2 17 37 67 25 50 15
16 22 39 86 87 4 73
1 62 6 4 30 84 84
47 41 19 86 87 4 48
42 63 36 16 22 39 41
9 70 25 14 0 24 70
1 62 6 52 19 69 76
53 15 31 39 20 27 6
47 41 19 37 24 40 27
12 82 66 81 66 79 20
81 66 79 15 77 0 79
67 25 50 31 37 81 33
13 88 90 70 18 19 99
50 18 19 63 89 63 83
8 50 9 20 42 9 8
80 92 35 51 9 36 83
57 66 82 95 84 94 21
73 26 69 90 73 60 47
90 73 60 65 52 35 32
63 89 63 28 31 29 67
8 50 9 6 50 65 56
22 51 87 1 62 6 81
46 66 70 7 2 5 91
0 94 26 30 3 35 91
87 19 18 89 38 12 19
10 56 79 67 25 50 42
3 4 39 28 31 29 28
94 54 33 22 51 87 54
23 44 46 30 3 35 42
60 18 59 35 52 55 34
44 50 72 53 15 31 53
20 42 9 69 18 55 51
52 19 69 51 9 36 34
10 56 79 76 22 34 56
80 92 35 29 78 55 24
15 77 0 65 52 35 43
89 38 12 66 10 3 29
31 37 81 14 0 24 67
81 66 79 49 81 91 19
67 25 50 33 42 1 51
14 0 24 42 63 36 64
43 33 32 56 92 79 75
42 63 36 30 3 35 60
48 35 51 31 37 81 30
46 66 70 28 31 29 53
56 92 79 67 25 50 73
56 92 79 71 21 52 75
92 16 4 3 4 39 37
49 81 91 43 33 32 76
55 73 56 43 33 32 46
48 35 51 1 62 6 52
41 79 6 83 39 37 50
33 42 1 4 30 84 83
29 78 55 75 28 15 64
21 39 69 57 66 82 29
22 51 87 21 39 69 21
87 19 18 90 73 60 68
74 68 35 53 15 31 53
87 19 18 92 16 4 14
46 66 70 58 28 15 66
6 50 65 43 33 32 37
93 45 9 41 79 6 34
1 62 6 66 10 3 52
2 17 37 22 51 87 60
79 3 59 33 42 1 69
9 70 25 60 18 59 62
78 47 2 95 84 94 99
21 39 69 24 63 28 47
28 31 29 95 84 94 83
29 78 55 47 41 19 51
9 70 25 49 81 91 66
32 28 54 95 84 94 68
7 2 5 83 39 37 48
5 72 36 20 42 9 40
75 28 15 16 22 39 24
46 66 70 41 79 6 65
42 63 36 83 39 37 24
75 28 15 78 47 2 23
82 82 63 3 4 39 81
17 66 85 79 3 59 68
32 28 54 66 10 3 54
70 18 19 67 25 50 31
77 9 56 83 39 37 35
4 30 84 57 66 82 36
33 42 1 71 21 52 55
17 66 85 55 73 56 29
58 28 15 92 16 4 16
66 10 3 5 72 36 70
83 39 37 81 66 79 49
21 39 69 7 2 5 73
81 66 79 41 79 6 74
55 73 56 49 81 91 35
8 50 9 83 39 37 30
49 81 91 39 20 27 88
36 82 81 76 22 34 76
20 42 9 58 28 15 15
95 84 94 20 42 9 94
6 50 65 38 0 69 50
6 50 65 86 87 4 71
13 88 90 60 18 59 76
73 26 69 49 81 91 59
46 66 70 83 39 37 42
45 26 21 78 47 2 28
45 26 21 17 66 85 75
65 52 35 60 18 59 41
82 82 63 56 92 79 18
86 87 4 61 43 30 51
38 0 69 73 26 69 26
1 62 6 89 38 12 24
19 46 13 95 84 94 89
27 79 92 42 63 36 58
50 18 19 86 87 4 70
20 42 9 71 21 52 47
91 93 29 7 2 5 94
15 77 0 37 24 40 66
65 52 35 81 66 79 46
6 50 65 27 79 92 39
87 19 18 26 39 83 68
59 78 47 94 54 33 27
13 88 90 63 89 63 27
66 10 3 57 66 82 96
52 19 69 45 26 21 48
17 66 85 89 38 12 78
2 17 37 6 50 65 43
23 44 46 60 18 59 29
94 54 33 44 50 72 39
37 24 40 67 25 50 10
57 66 82 22 51 87 15
10 56 79 17 66 85 11
89 38 12 50 18 19 21
22 51 87 69 18 55 45
37 24 40 95 84 94 80
18 16 80 74 68 35 68
13 88 90 9 70 25 67
84 67 54 3 4 39 64
68 47 64 13 88 90 48
8 50 9 70 18 19 33
30 3 35 77 9 56 21
91 93 29 93 45 9 52
91 93 29 77 9 56 88
56 92 79 33 42 1 92
69 18 55 21 39 69 25
90 73 60 17 66 85 25
28 31 29 15 77 0 54
43 33 32 54 23 55 25
88 46 79 87 19 18 66
1 62 6 71 21 52 61
26 39 83 84 67 54 40
15 77 0 23 44 46 56
37 24 40 79 3 59 28
74 68 35 17 66 85 50
82 82 63 32 28 54 54
50 18 19 90 73 60 68
76 22 34 43 33 32 11
94 54 33 91 93 29 39
36 82 81 26 39 83 43
87 19 18 72 77 64 74
50 18 19 78 47 2 33
34 84 59 38 0 69 84
69 18 55 55 73 56 55
94 54 33 80 92 35 38
66 10 3 60 18 59 56
74 68 35 30 3 35 65
76 22 34 84 67 54 49
75 28 15 81 66 79 74
19 46 13 39 20 27 29
53 15 31 46 66 70 64
82 82 63 74 68 35 31
25 92 78 11 84 29 49
43 33 32 11 84 29 51
8 50 9 47 41 19 13
71 21 52 35 52 55 31
12 82 66 78 47 2 72
0 94 26 71 21 52 77
88 46 79 44 50 72 8
8 50 9 50 18 19 33
17 66 85 40 2 68 66
83 39 37 3 4 39 35
19 46 13 1 62 6 17
94 54 33 83 39 37 15
34 84 59 84 67 54 17
15 77 0 75 28 15 51
58 28 15 68 47 64 52
57 66 82 16 22 39 61
49 81 91 6 50 65 40
83 39 37 16 22 39 17
23 44 46 17 66 85 44
24 63 28 48 35 51 36
69 18 55 19 46 13 50
17 66 85 19 46 13 74
15 77 0 50 18 19 61
50 18 19 76 22 34 15
59 78 47 60 18 59 61
16 22 39 31 37 81 44
7 2 5 2 17 37 35
15 77 0 24 63 28 31
67 25 50 69 18 55 8
82 82 63 63 89 63 7
78 47 2 27 79 92 95
6 50 65 80 92 35 51
89 38 12 52 19 69 60
52 19 69 79 3 59 18
62 43 49 61 43 30 19
9 70 25 63 89 63 42
3 4 39 15 77 0 82
43 33 32 91 93 29 60
88 46 79 8 50 9 70
85 81 84 17 66 85 15
81 66 79 11 84 29 53
43 33 32 48 35 51 19
4 30 84 6 50 65 27
82 82 63 14 0 24 90
59 78 47 27 79 92 45
60 18 59 17 66 85 54
1 62 6 49 81 91 87
79 3 59 71 21 52 19
52 19 69 88 46 79 28
73 26 69 52 19 69 7
63 89 63 55 73 56 17
29 78 55 0 94 26 33
86 87 4 74 68 35 36
94 54 33 86 87 4 43
77 9 56 22 51 87 52
42 63 36 39 20 27 43
5 72 36 31 37 81 57
56 92 79 66 10 3 111
81 66 79 47 41 19 65
58 28 15 12 82 66 74
7 2 5 56 92 79 116
24 63 28 4 30 84 65
84 67 54 67 25 50 42
20 42 9 15 77 0 36
36 82 81 77 9 56 77
34 84 59 55 73 56 11
83 39 37 25 92 78 67
75 28 15 52 19 69 54
61 43 30 72 77 64 48
7 2 5 76 22 34 35
17 66 85 50 18 19 81
49 81 91 42 63 36 57
77 9 56 52 19 69 16
39 20 27 28 31 29 11
56 92 79 37 24 40 78
78 47 2 68 47 64 62
40 2 68 76 22 34 39
53 15 31 43 33 32 18
43 33 32 10 56 79 52
84 67 54 61 43 30 33
20 42 9 57 66 82 76
17 66 85 6 50 65 25
42 63 36 81 66 79 43
40 2 68 21 39 69 37
87 19 18 58 28 15 9
44 50 72 2 17 37 48
51 9 36 68 47 64 47
95 84 94 17 66 85 20
84 67 54 90 73 60 8
85 81 84 91 93 29 56
82 82 63 53 15 31 74
79 3 59 13 88 90 90
75 28 15 57 66 82 77
28 31 29 68 47 64 38
59 78 47 19 46 13 46
87 19 18 44 50 72 62
2 17 37 12 82 66 71
83 39 37 84 67 54 32
36 82 81 1 62 6 77
24 63 28 7 2 5 65
55 73 56 79 3 59 70
12 82 66 56 92 79 16
23 44 46 36 82 81 51
25 92 78 64 90 1 77
34 84 59 15 77 0 59
44 50 72 67 25 50 33
18 16 80 66 10 3 77
61 43 30 25 92 78 68
26 39 83 37 24 40 45
1 62 6 91 93 29 38
23 44 46 42 63 36 21
2 17 37 66 10 3 34
49 81 91 5 72 36 55
85 81 84 20 42 9 84
71 21 52 88 46 79 36
66 10 3 86 87 4 77
37 24 40 63 89 63 68
91 93 29 20 42 9 54
71 21 52 41 79 6 74
81 66 79 89 38 12 72
9 70 25 59 78 47 23
35 52 55 51 9 36 47
50 18 19 3 4 39 24
35 52 55 95 84 94 50
3 4 39 11 84 29 80
84 67 54 6 50 65 20
27 79 92 89 38 12 89
43 33 32 87 19 18 19
75 28 15 86 87 4 60
95 84 94 1 62 6 90
44 50 72 92 16 4 76
22 51 87 19 46 13 74
35 52 55 31 37 81 30
48 35 51 95 84 94 65
59 78 47 79 3 59 75
89 38 12 9 70 25 34
77 9 56 95 84 94 84
23 44 46 34 84 59 42
23 44 46 78 47 2 44
55 73 56 23 44 46 30
92 16 4 24 63 28 52
36 82 81 70 18 19 89
69 18 55 81 66 79 53
81 66 79 70 18 19 76
27 79 92 49 81 91 2
10 56 79 28 31 29 55
70 18 19 79 3 59 42
45 26 21 58 28 15 6
54 23 55 91 93 29 74
55 73 56 35 52 55 21
41 79 6 40 2 68 98
6 50 65 24 63 28 39
63 89 63 65 52 35 46
87 19 18 25 92 78 94
6 50 65 25 92 78 43
67 25 50 53 15 31 21
30 3 35 70 18 19 21
40 2 68 11 84 29 90
76 22 34 18 16 80 46
21 39 69 71 21 52 24
3 4 39 4 30 84 51
43 33 32 20 42 9 24
36 82 81 88 46 79 36
27 79 92 14 0 24 104
70 18 19 26 39 83 67
59 78 47 85 81 84 37
38 0 69 58 28 15 60
90 73 60 38 0 69 73
73 26 69 71 21 52 17
8 50 9 91 93 29 47
25 92 78 75 28 15 89
9 70 25 47 41 19 29
18 16 80 54 23 55 25
57 66 82 85 81 84 15
57 66 82 64 90 1 84
88 46 79 25 92 78 46
19 46 13 35 52 55 42
5 72 36 18 16 80 71
21 39 69 52 19 69 20
45 26 21 77 9 56 38
39 20 27 35 52 55 42
4 30 84 18 16 80 14
76 22 34 33 42 1 38
17 66 85 37 24 40 61
24 63 28 70 18 19 45
29 78 55 60 18 59 60
74 68 35 50 18 19 52
21 39 69 38 0 69 39
16 22 39 82 82 63 64
57 66 82 43 33 32 59
79 3 59 18 16 80 24
53 15 31 70 18 19 12
71 21 52 39 20 27 25
50 18 19 75 28 15 10
9 70 25 31 37 81 65
43 33 32 7 2 5 41
89 38 12 15 77 0 40
24 63 28 75 28 15 37
66 10 3 45 26 21 24
85 81 84 10 56 79 25
50 18 19 54 23 55 36
34 84 59 21 39 69 46
34 84 59 76 22 34 66
70 18 19 25 92 78 94
20 42 9 3 4 39 48
66 10 3 11 84 29 78
41 79 6 15 77 0 6
78 47 2 26 39 83 81
83 39 37 22 51 87 51
12 82 66 80 92 35 32
44 50 72 27 79 92 35
31 37 81 83 39 37 44
60 18 59 27 79 92 69
33 42 1 35 52 55 54
81 66 79 21 39 69 28
18 16 80 0 94 26 94
29 78 55 63 89 63 13
62 43 49 83 39 37 12
61 43 30 16 22 39 22
52 19 69 63 89 63 70
74 68 35 35 52 55 25
76 22 34 67 25 50 16
41 79 6 69 18 55 78
47 41 19 89 38 12 7
80 92 35 11 84 29 10
73 26 69 7 2 5 68
68 47 64 29 78 55 32
18 16 80 22 51 87 35
81 66 79 95 84 94 23
86 87 4 17 66 85 83
12 82 66 32 28 54 55
43 33 32 29 78 55 50
83 39 37 70 18 19 27
72 77 64 63 89 63 12
68 47 64 36 82 81 38
25 92 78 50 18 19 94
87 19 18 57 66 82 79
69 18 55 43 33 32 27
74 68 35 80 92 35 24
41 79 6 68 47 64 66
40 2 68 69 18 55 20
41 79 6 28 31 29 53
95 84 94 74 68 35 61
48 35 51 84 67 54 32
21 39 69 55 73 56 36
78 47 2 3 4 39 56
83 39 37 78 47 2 35
10 56 79 39 20 27 63
6 50 65 75 28 15 54
8 50 9 36 82 81 78
9 70 25 84 67 54 29
66 10 3 51 9 36 33
79 3 59 12 82 66 79
83 39 37 43 33 32 7
15 77 0 45 26 21 55
62 43 49 92 16 4 52
34 84 59 36 82 81 22
43 33 32 31 37 81 49
52 19 69 64 90 1 98
29 78 55 28 31 29 53
58 28 15 90 73 60 63
26 39 83 95 84 94 46
80 92 35 87 19 18 74
79 3 59 8 50 9 68
21 39 69 3 4 39 46
1 62 6 40 2 68 86
51 9 36 34 84 59 78
77 9 56 11 84 29 79
32 28 54 58 28 15 39
54 23 55 19 46 13 47
71 21 52 9 70 25 55
95 84 94 24 63 28 69
52 19 69 58 28 15 54
85 81 84 93 45 9 83
71 21 52 82 82 63 61
28 31 29 77 9 56 34
7 2 5 87 19 18 21
33 42 1 80 92 35 60
73 26 69 84 67 54 43
72 77 64 39 20 27 67
11 84 29 34 84 59 30
23 44 46 27 79 92 57
61 43 30 75 28 15 21
29 78 55 25 92 78 26
33 42 1 10 56 79 79
37 24 40 73 26 69 29
36 82 81 72 77 64 17
12 82 66 27 79 92 26
6 50 65 73 26 69 24
41 79 6 87 19 18 61
51 9 36 50 18 19 19
83 39 37 50 18 19 27
4 30 84 32 28 54 30
64 90 1 91 93 29 28
81 66 79 91 93 29 56
18 16 80 35 52 55 43
23 44 46 51 9 36 36
45 26 21 55 73 56 58
57 66 82 70 18 19 79
10 56 79 62 43 49 32
36 82 81 61 43 30 64
75 28 15 80 92 35 67
18 16 80 29 78 55 66
92 16 4 59 78 47 75
93 45 9 17 66 85 78
11 84 29 32 28 54 61
81 66 79 25 92 78 26
4 30 84 94 54 33 56
7 2 5 61 43 30 48
87 19 18 36 82 81 89
91 93 29 25 92 78 49
39 20 27 60 18 59 32
47 41 19 65 52 35 19
86 87 4 77 9 56 93
8 50 9 39 20 27 34
18 16 80 39 20 27 53
44 50 72 34 84 59 36
70 18 19 62 43 49 39
9 70 25 93 45 9 29
30 3 35 7 2 5 30
1 62 6 76 22 34 48
9 70 25 8 50 9 25
6 50 65 33 42 1 64
50 18 19 55 73 56 66
59 78 47 62 43 49 35
67 25 50 26 39 83 35
91 93 29 29 78 55 30
39 20 27 61 43 30 23
31 37 81 49 81 91 45
15 77 0 17 66 85 85
73 26 69 3 4 39 37
38 0 69 11 84 29 93
76 22 34 35 52 55 36
10 56 79 59 78 47 38
10 56 79 44 50 72 9
72 77 64 31 37 81 43
67 25 50 3 4 39 23
5 72 36 87 19 18 55
82 82 63 28 31 29 61
92 16 4 56 92 79 106
2 17 37 25 92 78 85
33 42 1 37 24 40 42
2 17 37 11 84 29 67
89 38 12 24 63 28 29
79 3 59 14 0 24 35
0 94 26 33 42 1 57
24 63 28 72 77 64 38
27 79 92 53 15 31 88
2 17 37 16 22 39 5
52 19 69 43 33 32 39
59 78 47 95 84 94 47
62 43 49 12 82 66 42
34 84 59 82 82 63 4
64 90 1 56 92 79 78
36 82 81 43 33 32 69
72 77 64 91 93 29 38
50 18 19 27 79 92 95
35 52 55 27 79 92 45
20 42 9 11 84 29 46
72 77 64 83 39 37 46
31 37 81 50 18 19 64
30 3 35 55 73 56 73
41 79 6 73 26 69 82
62 43 49 56 92 79 57
68 47 64 72 77 64 30
48 35 51 23 44 46 10
87 19 18 10 56 79 71
2 17 37 24 63 28 46
77 9 56 16 22 39 21
66 10 3 50 18 19 17
68 47 64 92 16 4 67
64 90 1 71 21 52 85
44 50 72 91 93 29 60
38 0 69 81 66 79 66
81 66 79 85 81 84 15
19 46 13 83 39 37 25
92 16 4 75 28 15 16
73 26 69 56 92 79 66
61 43 30 18 16 80 56
9 70 25 79 3 59 75
82 82 63 87 19 18 77
10 56 79 86 87 4 81
59 78 47 83 39 37 40
45 26 21 18 16 80 59
31 37 81 66 10 3 82
15 77 0 18 16 80 100
55 73 56 16 22 39 53
38 0 69 72 77 64 77
40 2 68 19 46 13 70
6 50 65 85 81 84 36
21 39 69 48 35 51 18
77 9 56 5 72 36 66
39 20 27 25 92 78 88
66 10 3 63 89 63 99
67 25 50 87 19 18 32
35 52 55 57 66 82 30
38 0 69 41 79 6 101
0 94 26 61 43 30 51
67 25 50 75 28 15 35
42 63 36 60 18 59 50
10 56 79 81 66 79 10
0 94 26 73 26 69 80
38 0 69 5 72 36 79
58 28 15 70 18 19 10
29 78 55 5 72 36 19
43 33 32 35 52 55 29
0 94 26 20 42 9 54
58 28 15 14 0 24 29
78 47 2 18 16 80 83
89 38 12 20 42 9 5
1 62 6 45 26 21 39
49 81 91 53 15 31 89
59 78 47 46 66 70 25
9 70 25 73 26 69 62
86 87 4 89 38 12 49
58 28 15 60 18 59 45
31 37 81 78 47 2 79
45 26 21 76 22 34 13
91 93 29 61 43 30 50
3 4 39 56 92 79 96
68 47 64 12 82 66 35
75 28 15 41 79 6 51
94 54 33 45 26 21 30
61 43 30 81 66 79 54
61 43 30 57 66 82 56
31 37 81 89 38 12 69
20 42 9 50 18 19 26
27 79 92 15 77 0 92
80 92 35 20 42 9 56
40 2 68 12 82 66 80
18 16 80 34 84 59 71
78 47 2 36 82 81 86
54 23 55 42 63 36 44
58 28 15 16 22 39 24
33 42 1 22 51 87 86
20 42 9 31 37 81 72
67 25 50 25 92 78 72
50 18 19 35 52 55 49
94 54 33 15 77 0 40
14 0 24 20 42 9 44
68 47 64 49 81 91 43
48 35 51 62 43 49 8
24 63 28 69 18 55 52
36 82 81 67 25 50 64
74 68 35 52 19 69 59
93 45 9 69 18 55 53
35 52 55 86 87 4 61
69 18 55 31 37 81 32
67 25 50 94 54 33 33
78 47 2 15 77 0 30
65 52 35 36 82 81 54
47 41 19 64 90 1 52
21 39 69 10 56 79 19
42 63 36 66 10 3 62
70 18 19 21 39 69 54
68 47 64 32 28 54 21
61 43 30 45 26 21 19
64 90 1 84 67 54 57
47 41 19 30 3 35 41
59 78 47 61 43 30 38
68 47 64 69 18 55 30
28 31 29 42 63 36 32
86 87 4 24 63 28 33
38 0 69 64 90 1 112
47 41 19 90 73 60 52
0 94 26 81 66 79 59
58 28 15 28 31 29 14
70 18 19 17 66 85 81
92 16 4 33 42 1 26
2 17 37 68 47 64 40
16 22 39 32 28 54 16
87 19 18 20 42 9 24
55 73 56 58 28 15 60
89 38 12 51 9 36 37
45 26 21 4 30 84 63
10 56 79 41 79 6 76
68 47 64 84 67 54 22
90 73 60 49 81 91 32
88 46 79 95 84 94 40
59 78 47 91 93 29 23
43 33 32 95 84 94 80
85 81 84 11 84 29 55
35 52 55 5 72 36 27
81 66 79 2 17 37 64
49 81 91 37 24 40 76
89 38 12 4 30 84 72
14 0 24 6 50 65 64
75 28 15 38 0 69 60
71 21 52 66 10 3 50
49 81 91 8 50 9 87
95 84 94 8 50 9 91
53 15 31 69 18 55 24
18 16 80 95 84 94 69
17 66 85 83 39 37 55
47 41 19 92 16 4 29
39 20 27 24 63 28 43
93 45 9 75 28 15 18
75 28 15 12 82 66 74
82 82 63 25 92 78 18
78 47 2 64 90 1 43
60 18 59 8 50 9 59
42 63 36 61 43 30 20
35 52 55 84 67 54 15
25 92 78 8 50 9 80
49 81 91 23 44 46 58
36 82 81 89 38 12 81
94 54 33 28 31 29 23
48 35 51 92 16 4 50
33 42 1 43 33 32 32
25 92 78 41 79 6 73
59 78 47 2 17 37 61
78 47 2 92 16 4 31
85 81 84 36 82 81 3
60 18 59 40 2 68 18
85 81 84 18 16 80 65
86 87 4 73 26 69 89
73 26 69 34 84 59 58
59 78 47 88 46 79 45
11 84 29 15 77 0 29
60 18 59 32 28 54 11
79 3 59 81 66 79 66
87 19 18 63 89 63 83
61 43 30 83 39 37 8
28 31 29 36 82 81 72
74 68 35 60 18 59 55
74 68 35 12 82 66 34
13 88 90 0 94 26 64
21 39 69 78 47 2 67
64 90 1 60 18 59 92
93 45 9 82 82 63 65
67 25 50 93 45 9 45
32 28 54 64 90 1 81
6 50 65 54 23 55 28
80 92 35 63 89 63 28
15 77 0 59 78 47 47
0 94 26 41 79 6 25
79 3 59 49 81 91 84
11 84 29 68 47 64 50
75 28 15 3 4 39 33
72 77 64 19 46 13 59
8 50 9 38 0 69 78
53 15 31 59 78 47 65
77 9 56 34 84 59 75
86 87 4 41 79 6 8
79 3 59 6 50 65 47
58 28 15 41 79 6 51
7 2 5 32 28 54 55
4 30 84 50 18 19 66
56 92 79 65 52 35 59
43 33 32 75 28 15 17
27 79 92 79 3 59 82
54 23 55 40 2 68 24
33 42 1 8 50 9 11
54 23 55 29 78 55 55
26 39 83 81 66 79 27
21 39 69 12 82 66 43
15 77 0 71 21 52 76
34 84 59 67 25 50 59
93 45 9 28 31 29 24
43 33 32 32 28 54 22
1 62 6 86 87 4 25
88 46 79 34 84 59 42
55 73 56 80 92 35 28
79 3 59 58 28 15 50
51 9 36 28 31 29 23
75 28 15 44 50 72 61
47 41 19 75 28 15 13
31 37 81 26 39 83 2
93 45 9 8 50 9 5
81 66 79 94 54 33 47
72 77 64 62 43 49 37
86 87 4 20 42 9 45
38 0 69 20 42 9 73
73 26 69 75 28 15 54
93 45 9 70 18 19 28
58 28 15 83 39 37 24
53 15 31 71 21 52 21
54 23 55 31 37 81 29
30 3 35 56 92 79 99
62 43 49 4 30 84 37
20 42 9 19 46 13 5
92 16 4 21 39 69 68
67 25 50 22 51 87 45
38 0 69 84 67 54 68
76 22 34 39 20 27 7
32 28 54 49 81 91 64
74 68 35 29 78 55 22
44 50 72 30 3 35 59
52 19 69 39 20 27 42
30 3 35 24 63 28 60
47 41 19 22 51 87 68
90 73 60 21 39 69 35
61 43 30 14 0 24 43
13 88 90 54 23 55 73
80 92 35 92 16 4 82
88 46 79 91 93 29 68
48 35 51 74 68 35 36
39 20 27 11 84 29 64
52 19 69 41 79 6 87
55 73 56 62 43 49 30
39 20 27 87 19 18 9
89 38 12 5 72 36 41
76 22 34 47 41 19 24
37 24 40 0 94 26 71
70 18 19 63 89 63 83
77 9 56 2 17 37 20
6 50 65 76 22 34 41
45 26 21 12 82 66 71
17 66 85 16 22 39 63
45 26 21 83 39 37 20
75 28 15 0 94 26 66
63 89 63 33 42 1 77
86 87 4 64 90 1 4
25 92 78 92 16 4 106
31 37 81 7 2 5 83
63 89 63 95 84 94 31
12 82 66 41 79 6 60
11 84 29 45 26 21 58
58 28 15 89 38 12 10
46 66 70 27 79 92 25
33 42 1 83 39 37 36
34 84 59 72 77 64 8
11 84 29 16 22 39 62
15 77 0 8 50 9 28
68 47 64 44 50 72 8
61 43 30 38 0 69 58
54 23 55 36 82 81 64
64 90 1 12 82 66 65
88 46 79 75 28 15 66
22 51 87 65 52 35 52
34 84 59 49 81 91 32
87 19 18 32 28 54 37
27 79 92 11 84 29 63
30 3 35 95 84 94 100
24 63 28 8 50 9 23
14 0 24 2 17 37 21
95 84 94 83 39 37 72
17 66 85 51 9 36 75
23 44 46 66 10 3 54
95 84 94 90 73 60 35
52 19 69 19 46 13 62
51 9 36 9 70 25 61
39 20 27 48 35 51 28
21 39 69 0 94 26 69
57 66 82 88 46 79 20
88 46 79 58 28 15 66
81 66 79 14 0 24 85
13 88 90 89 38 12 92
45 26 21 75 28 15 6
13 88 90 67 25 50 74
14 0 24 36 82 81 99
65 52 35 52 19 69 47
2 17 37 90 73 60 60
11 84 29 5 72 36 13
76 22 34 48 35 51 21
94 54 33 17 66 85 53
41 79 6 61 43 30 43
25 92 78 4 30 84 62
26 39 83 45 26 21 63
41 79 6 59 78 47 41
95 84 94 52 19 69 69
15 77 0 82 82 63 63
35 52 55 78 47 2 53
17 66 85 21 39 69 31
33 42 1 95 84 94 102
0 94 26 89 38 12 57
46 66 70 12 82 66 16
24 63 28 22 51 87 60
32 28 54 50 18 19 36
93 45 9 2 17 37 39
55 73 56 18 16 80 61
76 22 34 86 87 4 71
44 50 72 60 18 59 34
20 42 9 23 44 46 37
4 30 84 42 63 36 58
14 0 24 57 66 82 87
64 90 1 53 15 31 80
70 18 19 35 52 55 49
32 28 54 70 18 19 36
88 46 79 9 70 25 59
67 25 50 63 89 63 65
36 82 81 18 16 80 66
19 46 13 80 92 35 50
14 0 24 22 51 87 81
93 45 9 62 43 49 40
88 46 79 13 88 90 43
53 15 31 7 2 5 29
73 26 69 68 47 64 21
3 4 39 65 52 35 48
92 16 4 73 26 69 65
79 3 59 51 9 36 23
83 39 37 47 41 19 18
50 18 19 94 54 33 38
7 2 5 8 50 9 48
93 45 9 50 18 19 28
13 88 90 39 20 27 92
46 66 70 4 30 84 38
6 50 65 39 20 27 48
92 16 4 45 26 21 19
22 51 87 37 24 40 54
38 0 69 17 66 85 67
7 2 5 66 10 3 8
77 9 56 80 92 35 85
12 82 66 39 20 27 73
64 90 1 40 2 68 110
1 62 6 26 39 83 80
23 44 46 53 15 31 32
89 38 12 53 15 31 29
42 63 36 19 46 13 28
78 47 2 84 67 54 55
85 81 84 23 44 46 53
77 9 56 6 50 65 41
56 92 79 80 92 35 44
6 50 65 58 28 15 54
39 20 27 73 26 69 42
79 3 59 26 39 83 43
32 28 54 36 82 81 60
92 16 4 69 18 55 51
79 3 59 87 19 18 44
77 9 56 41 79 6 86
15 77 0 47 41 19 40
12 82 66 91 93 29 38
66 10 3 82 82 63 93
69 18 55 28 31 29 29
74 68 35 28 31 29 37
28 31 29 20 42 9 22
24 63 28 61 43 30 20
1 62 6 25 92 78 78
76 22 34 57 66 82 65
17 66 85 28 31 29 66
27 79 92 74 68 35 58
68 47 64 79 3 59 44
71 21 52 44 50 72 35
57 66 82 91 93 29 59
45 26 21 39 20 27 8
43 33 32 72 77 64 54
0 94 26 76 22 34 72
83 39 37 68 47 64 28
66 10 3 68 47 64 71
21 39 69 68 47 64 9
70 18 19 60 18 59 40
48 35 51 56 92 79 63
72 77 64 95 84 94 30
91 93 29 58 28 15 66
56 92 79 76 22 34 83
44 50 72 82 82 63 33
44 50 72 55 73 56 28
23 44 46 50 18 19 37
70 18 19 31 37 81 64
22 51 87 32 28 54 40
12 82 66 57 66 82 22
76 22 34 66 10 3 33
77 9 56 42 63 36 57
66 10 3 8 50 9 40
57 66 82 63 89 63 29
74 68 35 70 18 19 52
29 78 55 94 54 33 32
47 41 19 72 77 64 57
89 38 12 16 22 39 31
15 77 0 61 43 30 45
77 9 56 18 16 80 25
76 22 34 63 89 63 73
36 82 81 90 73 60 22
77 9 56 90 73 60 64
7 2 5 13 88 90 120
12 82 66 67 25 50 59
87 19 18 76 22 34 16
58 28 15 76 22 34 19
20 42 9 63 89 63 71
56 92 79 32 28 54 68
57 66 82 8 50 9 74
66 10 3 59 78 47 80
71 21 52 62 43 49 22
61 43 30 23 44 46 16
26 39 83 64 90 1 96
55 73 56 28 31 29 49
32 28 54 54 23 55 5
88 46 79 11 84 29 62
32 28 54 30 3 35 31
26 39 83 38 0 69 41
11 84 29 33 42 1 50
89 38 12 32 28 54 43
83 39 37 89 38 12 25
28 31 29 62 43 49 23
32 28 54 8 50 9 50
23 44 46 45 26 21 30
67 25 50 19 46 13 42
63 89 63 54 23 55 66
57 66 82 38 0 69 67
31 37 81 25 92 78 55
34 84 59 86 87 4 55
89 38 12 57 66 82 75
52 19 69 78 47 2 72
38 0 69 51 9 36 34
16 22 39 40 2 68 35
18 16 80 58 28 15 66
86 87 4 91 93 29 25
16 22 39 53 15 31 10
42 63 36 26 39 83 52
1 62 6 43 33 32 38
62 43 49 5 72 36 31
4 30 84 91 93 29 83
56 92 79 15 77 0 80
66 10 3 54 23 55 53
6 50 65 42 63 36 31
62 43 49 31 37 81 32
26 39 83 24 63 28 60
22 51 87 58 28 15 75
89 38 12 92 16 4 23
14 0 24 30 3 35 11
27 79 92 5 72 36 56
68 47 64 93 45 9 55
42 63 36 78 47 2 37
12 82 66 77 9 56 73
66 10 3 19 46 13 37
46 66 70 8 50 9 63
55 73 56 42 63 36 22
8 50 9 52 19 69 67
70 18 19 9 70 25 52
82 82 63 9 70 25 39
11 84 29 6 50 65 49
35 52 55 32 28 54 24
34 84 59 59 78 47 13
81 66 79 23 44 46 39
33 42 1 16 22 39 42
44 50 72 84 67 54 24
35 52 55 91 93 29 48
79 3 59 86 87 4 100
57 66 82 51 9 36 73
54 23 55 65 52 35 35
34 84 59 24 63 28 37
66 10 3 35 52 55 66
18 16 80 90 73 60 60
53 15 31 19 46 13 35
73 26 69 70 18 19 50
14 0 24 60 18 59 39
26 39 83 61 43 30 53
76 22 34 30 3 35 19
60 18 59 49 81 91 70
64 90 1 5 72 36 39
62 43 49 45 26 21 32
4 30 84 22 51 87 21
71 21 52 37 24 40 12
58 28 15 74 68 35 44
93 45 9 56 92 79 84
36 82 81 71 21 52 67
3 4 39 71 21 52 21
63 89 63 14 0 24 97
54 23 55 94 54 33 38
74 68 35 71 21 52 49
42 63 36 3 4 39 59
26 39 83 0 94 26 79
60 18 59 26 39 83 31
61 43 30 69 18 55 35
37 24 40 25 92 78 77
33 42 1 64 90 1 48
26 39 83 58 28 15 68
41 79 6 64 90 1 12
17 66 85 33 42 1 87
18 16 80 31 37 81 21
54 23 55 90 73 60 50
79 3 59 42 63 36 64
79 3 59 67 25 50 23
89 38 12 25 92 78 85
66 10 3 22 51 87 93
2 17 37 65 52 35 35
46 66 70 44 50 72 16
18 16 80 26 39 83 23
2 17 37 30 3 35 14
57 66 82 60 18 59 53
24 63 28 82 82 63 39
91 93 29 31 37 81 76
4 30 84 14 0 24 67
42 63 36 92 16 4 56
74 68 35 40 2 68 73
38 0 69 18 16 80 19
5 72 36 46 66 70 34
67 25 50 40 2 68 29
80 92 35 71 21 52 73
10 56 79 19 46 13 66
83 39 37 53 15 31 24
67 25 50 30 3 35 26
26 39 83 76 22 34 51
65 52 35 95 84 94 67
94 54 33 48 35 51 26
22 51 87 20 42 9 78
56 92 79 68 47 64 47
29 78 55 81 66 79 26
11 84 29 31 37 81 70
22 51 87 73 26 69 30
39 20 27 63 89 63 77
90 73 60 45 26 21 61
64 90 1 43 33 32 64
79 3 59 85 81 84 81
51 9 36 26 39 83 55
25 92 78 68 47 64 47
28 31 29 47 41 19 14
71 21 52 10 56 79 44
3 4 39 74 68 35 64
72 77 64 6 50 65 27
86 87 4 26 39 83 92
28 31 29 26 39 83 54
35 52 55 12 82 66 31
52 19 69 53 15 31 38
87 19 18 33 42 1 28
54 23 55 16 22 39 16
63 89 63 58 28 15 77
91 93 29 73 26 69 78
90 73 60 79 3 59 70
12 82 66 15 77 0 66
81 66 79 44 50 72 17
30 3 35 21 39 69 49
40 2 68 48 35 51 37
9 70 25 94 54 33 17
83 39 37 91 93 29 54
35 52 55 77 9 56 43
88 46 79 35 52 55 24
75 28 15 48 35 51 36
66 10 3 3 4 39 36
40 2 68 46 66 70 64
83 39 37 79 3 59 42
21 39 69 18 16 80 25
39 20 27 40 2 68 44
37 24 40 87 19 18 22
52 19 69 55 73 56 55
54 23 55 58 28 15 40
33 42 1 68 47 64 63
29 78 55 44 50 72 32
60 18 59 61 43 30 38
12 82 66 61 43 30 53
8 50 9 62 43 49 40
76 22 34 65 52 35 30
48 35 51 89 38 12 39
64 90 1 6 50 65 75
84 67 54 74 68 35 19
91 93 29 24 63 28 30
88 46 79 5 72 36 50
67 25 50 23 44 46 19
41 79 6 74 68 35 31
82 82 63 81 66 79 22
85 81 84 4 30 84 51
36 82 81 64 90 1 80
33 42 1 47 41 19 18
44 50 72 83 39 37 36
88 46 79 20 42 9 70
2 17 37 69 18 55 18
44 50 72 15 77 0 76
31 37 81 56 92 79 55
22 51 87 92 16 4 90
72 77 64 13 88 90 28
10 56 79 23 44 46 35
37 24 40 52 19 69 29
75 28 15 20 42 9 15
93 45 9 11 84 29 43
54 23 55 10 56 79 40
67 25 50 86 87 4 77
56 92 79 60 18 59 76
52 19 69 9 70 25 67
3 4 39 93 45 9 50
59 78 47 78 47 2 54
49 81 91 30 3 35 96
41 79 6 49 81 91 85
29 78 55 26 39 83 48
26 39 83 59 78 47 53
9 70 25 16 22 39 50
89 38 12 39 20 27 23
10 56 79 58 28 15 69
6 50 65 0 94 26 58
64 90 1 95 84 94 93
88 46 79 81 66 79 20
43 33 32 89 38 12 20
77 9 56 4 30 84 35
66 10 3 79 3 59 56
4 30 84 90 73 60 49
28 31 29 32 28 54 25
78 47 2 43 33 32 33
88 46 79 31 37 81 9
11 84 29 51 9 36 75
10 56 79 32 28 54 37
51 9 36 67 25 50 21
73 26 69 74 68 35 54
42 63 36 2 17 37 46
28 31 29 60 18 59 32
70 18 19 77 9 56 38
92 16 4 20 42 9 26
54 23 55 1 62 6 62
46 66 70 88 46 79 21
92 16 4 74 68 35 60
84 67 54 25 92 78 34
7 2 5 39 20 27 28
81 66 79 76 22 34 62
60 18 59 91 93 29 80
9 70 25 45 26 21 44
34 84 59 79 3 59 81
19 46 13 86 87 4 41
92 16 4 29 78 55 80
74 68 35 46 66 70 35
0 94 26 47 41 19 53
51 9 36 75 28 15 28
71 21 52 95 84 94 75
88 46 79 41 79 6 80
93 45 9 16 22 39 37
17 66 85 65 52 35 51
19 46 13 85 81 84 79
35 52 55 6 50 65 10
88 46 79 51 9 36 56
24 63 28 67 25 50 43
86 87 4 93 45 9 42
42 63 36 24 63 28 8
7 2 5 86 87 4 85
30 3 35 38 0 69 34
63 89 63 59 78 47 19
73 26 69 19 46 13 59
41 79 6 5 72 36 30
80 92 35 30 3 35 89
1 62 6 56 92 79 78
94 54 33 13 88 90 66
85 81 84 27 79 92 8
13 88 90 83 39 37 72
11 84 29 47 41 19 44
8 50 9 61 43 30 22
67 25 50 42 63 36 40
32 28 54 69 18 55 10
23 44 46 18 16 80 44
95 84 94 84 67 54 43
29 78 55 34 84 59 7
77 9 56 73 26 69 21
66 10 3 26 39 83 85
85 81 84 14 0 24 100
69 18 55 91 93 29 79
66 10 3 24 63 28 58
45 26 21 34 84 59 69
64 90 1 3 4 39 94
70 18 19 29 78 55 69
30 3 35 26 39 83 60
24 63 28 18 16 80 70
43 33 32 34 84 59 57
38 0 69 32 28 54 31
69 18 55 87 19 18 37
14 0 24 47 41 19 41
13 88 90 26 39 83 49
82 82 63 12 82 66 3
2 17 37 73 26 69 33
42 63 36 48 35 51 31
64 90 1 14 0 24 92
66 10 3 58 28 15 21
14 0 24 18 16 80 58
82 82 63 21 39 69 43
10 56 79 25 92 78 36
33 42 1 13 88 90 100
64 90 1 42 63 36 44
69 18 55 48 35 51 17
57 66 82 32 28 54 47
33 42 1 51 9 36 48
85 81 84 76 22 34 77
10 56 79 6 50 65 15
90 73 60 82 82 63 9
27 79 92 90 73 60 32
41 79 6 66 10 3 69
2 17 37 43 33 32 16
38 0 69 68 47 64 47
45 26 21 56 92 79 87
85 81 84 49 81 91 7
16 22 39 71 21 52 13
54 23 55 79 3 59 20
16 22 39 41 79 6 65
11 84 29 8 50 9 39
4 30 84 5 72 36 63
31 37 81 13 88 90 51
43 33 32 85 81 84 70
3 4 39 70 18 19 24
57 66 82 36 82 81 16
78 47 2 9 70 25 32
64 90 1 63 89 63 62
65 52 35 10 56 79 44
42 63 36 21 39 69 40
15 77 0 6 50 65 70
49 81 91 18 16 80 65
91 93 29 70 18 19 75
76 22 34 71 21 52 18
7 2 5 20 42 9 40
81 66 79 24 63 28 51
55 73 56 20 42 9 56
89 38 12 69 18 55 47
41 79 6 37 24 40 64
42 63 36 1 62 6 30
95 84 94 15 77 0 94
26 39 83 7 2 5 86
59 78 47 49 81 91 44
74 68 35 2 17 37 51
95 84 94 76 22 34 86
29 78 55 66 10 3 85
27 79 92 33 42 1 98
75 28 15 36 82 81 85
12 82 66 7 2 5 100
83 39 37 5 72 36 33
32 28 54 33 42 1 54
34 84 59 66 10 3 92
27 79 92 34 84 59 33
5 72 36 9 70 25 11
39 20 27 64 90 1 74
63 89 63 23 44 46 48
84 67 54 58 28 15 55
78 47 2 19 46 13 11
75 28 15 72 77 64 69
68 47 64 90 73 60 26
76 22 34 51 9 36 13
53 15 31 15 77 0 69
33 42 1 9 70 25 36
11 84 29 26 39 83 70
92 16 4 35 52 55 62
58 28 15 34 84 59 71
40 2 68 70 18 19 51
19 46 13 33 42 1 12
66 10 3 39 20 27 26
71 21 52 60 18 59 7
24 63 28 49 81 91 65
29 78 55 83 39 37 42
8 50 9 92 16 4 34
10 56 79 55 73 56 28
72 77 64 84 67 54 14
80 92 35 57 66 82 53
33 42 1 40 2 68 78
83 39 37 40 2 68 48
78 47 2 91 93 29 53
52 19 69 2 17 37 32
12 82 66 83 39 37 51
92 16 4 85 81 84 103
70 18 19 15 77 0 61
16 22 39 37 24 40 2
31 37 81 33 42 1 80
21 39 69 85 81 84 44
27 79 92 26 39 83 41
47 41 19 31 37 81 62
80 92 35 60 18 59 77
82 82 63 13 88 90 27
21 39 69 66 10 3 72
53 15 31 57 66 82 72
87 19 18 17 66 85 81
9 70 25 35 52 55 34
67 25 50 50 18 19 31
75 28 15 54 23 55 40
37 24 40 69 18 55 16
89 38 12 22 51 87 76
81 66 79 18 16 80 50
42 63 36 50 18 19 48
41 79 6 36 82 81 75
3 4 39 90 73 60 72
37 24 40 76 22 34 6
66 10 3 36 82 81 106
14 0 24 51 9 36 15
80 92 35 38 0 69 98
85 81 84 12 82 66 18
11 84 29 69 18 55 70
25 92 78 69 18 55 77
62 43 49 20 42 9 40
49 81 91 50 18 19 95
38 0 69 79 3 59 10
6 50 65 29 78 55 29
7 2 5 55 73 56 87
18 16 80 43 33 32 50
46 66 70 26 39 83 29
72 77 64 52 19 69 58
89 38 12 38 0 69 68
16 22 39 43 33 32 13
9 70 25 77 9 56 68
78 47 2 62 43 49 47
39 20 27 54 23 55 28
34 84 59 10 56 79 34
50 18 19 19 46 13 28
22 51 87 36 82 81 31
4 30 84 44 50 72 23
88 46 79 80 92 35 63
55 73 56 1 62 6 51
34 84 59 40 2 68 82
52 19 69 76 22 34 35
64 90 1 90 73 60 61
24 63 28 37 24 40 40
8 50 9 16 22 39 41
61 43 30 51 9 36 34
30 3 35 69 18 55 25
30 3 35 60 18 59 28
10 56 79 75 28 15 69
24 63 28 45 26 21 37
94 54 33 35 52 55 22
90 73 60 71 21 52 52
78 47 2 66 10 3 37
74 68 35 66 10 3 66
51 9 36 95 84 94 94
12 82 66 42 63 36 35
8 50 9 55 73 56 52
28 31 29 92 16 4 29
4 30 84 19 46 13 72
66 10 3 64 90 1 80
71 21 52 22 51 87 46
14 0 24 52 19 69 48
59 78 47 33 42 1 58
77 9 56 55 73 56 64
16 22 39 38 0 69 37
80 92 35 18 16 80 88
20 42 9 35 52 55 47
4 30 84 93 45 9 76
32 28 54 27 79 92 63
21 39 69 11 84 29 60
73 26 69 81 66 79 41
39 20 27 82 82 63 71
85 81 84 87 19 18 90
22 51 87 26 39 83 12
91 93 29 6 50 65 56
32 28 54 3 4 39 28
63 89 63 0 94 26 37
75 28 15 19 46 13 18
68 47 64 71 21 52 28
5 72 36 79 3 59 72
64 90 1 79 3 59 104
63 89 63 22 51 87 44
16 22 39 24 63 28 42
33 42 1 52 19 69 71
33 42 1 24 63 28 34
38 0 69 44 50 72 50
23 44 46 12 82 66 42
8 50 9 26 39 83 74
95 84 94 3 4 39 97
36 82 81 40 2 68 81
35 52 55 17 66 85 33
36 82 81 3 4 39 88
73 26 69 65 52 35 42
95 84 94 75 28 15 96
43 33 32 46 66 70 50
85 81 84 26 39 83 42
34 84 59 39 20 27 71
42 63 36 56 92 79 51
11 84 29 0 94 26 10
52 19 69 30 3 35 37
8 50 9 64 90 1 40
63 89 63 79 3 59 86
48 35 51 88 46 79 30
59 78 47 3 4 39 74
14 0 24 86 87 4 89
17 66 85 61 43 30 59
93 45 9 84 67 54 50
61 43 30 63 89 63 56
79 3 59 35 52 55 49
50 18 19 16 22 39 20
35 52 55 34 84 59 32
77 9 56 67 25 50 17
51 9 36 6 50 65 50
89 38 12 30 3 35 41
54 23 55 85 81 84 64
25 92 78 40 2 68 90
28 31 29 45 26 21 9
27 79 92 38 0 69 82
72 77 64 44 50 72 28
50 18 19 57 66 82 79
62 43 49 64 90 1 67
55 73 56 15 77 0 56
29 78 55 71 21 52 57
93 45 9 37 24 40 37
26 39 83 69 18 55 35
83 39 37 26 39 83 46
74 68 35 32 28 54 44
7 2 5 84 67 54 81
56 92 79 4 30 84 62
83 39 37 0 94 26 56
46 66 70 76 22 34 56
58 28 15 11 84 29 57
71 21 52 8 50 9 51
68 47 64 17 66 85 28
21 39 69 47 41 19 50
81 66 79 1 62 6 73
10 56 79 38 0 69 56
14 0 24 83 39 37 41
73 26 69 50 18 19 50
51 9 36 21 39 69 44
44 50 72 37 24 40 41
76 22 34 16 22 39 5
26 39 83 91 93 29 76
26 39 83 25 92 78 53
86 87 4 60 18 59 88
69 18 55 74 68 35 53
60 18 59 1 62 6 68
83 39 37 21 39 69 32
31 37 81 65 52 35 48
21 39 69 49 81 91 47
66 10 3 85 81 84 107
77 9 56 15 77 0 88
36 82 81 81 66 79 16
69 18 55 5 72 36 57
38 0 69 53 15 31 40
39 20 27 32 28 54 28
85 81 84 74 68 35 50
91 93 29 66 10 3 86
87 19 18 46 66 70 70
61 43 30 66 10 3 42
4 30 84 2 17 37 48
13 88 90 55 73 56 37
75 28 15 63 89 63 77
9 70 25 36 82 81 57
20 42 9 73 26 69 62
89 38 12 70 18 19 21
78 47 2 79 3 59 72
46 66 70 6 50 65 16
73 26 69 80 92 35 74
37 24 40 8 50 9 40
27 79 92 84 67 54 39
8 50 9 85 81 84 81
78 47 2 77 9 56 66
44 50 72 3 4 39 56
13 88 90 40 2 68 88
7 2 5 63 89 63 104
38 0 69 66 10 3 66
82 82 63 10 56 79 30
81 66 79 34 84 59 26
13 88 90 6 50 65 45
36 82 81 31 37 81 45
18 16 80 8 50 9 78
85 81 84 86 87 4 80
79 3 59 82 82 63 79
1 62 6 79 3 59 79
8 50 9 0 94 26 47
24 63 28 63 89 63 43
78 47 2 90 73 60 63
58 28 15 17 66 85 79
53 15 31 5 72 36 57
42 63 36 38 0 69 71
88 46 79 70 18 19 66
31 37 81 52 19 69 21
19 46 13 57 66 82 71
11 84 29 54 23 55 66
84 67 54 47 41 19 43
45 26 21 93 45 9 22
71 21 52 43 33 32 23
43 33 32 84 67 54 40
56 92 79 44 50 72 42
59 78 47 0 94 26 26
81 66 79 4 30 84 36
75 28 15 1 62 6 35
39 20 27 50 18 19 8
28 31 29 72 77 64 57
41 79 6 47 41 19 40
28 31 29 85 81 84 74
65 52 35 42 63 36 11
0 94 26 64 90 1 25
54 23 55 34 84 59 61
1 62 6 21 39 69 67
42 63 36 37 24 40 39
41 79 6 91 93 29 26
19 46 13 76 22 34 31
39 20 27 31 37 81 56
88 46 79 50 18 19 66
44 50 72 57 66 82 18
83 39 37 86 87 4 58
55 73 56 75 28 15 60
94 54 33 20 42 9 26
70 18 19 54 23 55 36
73 26 69 8 50 9 64
41 79 6 76 22 34 63
81 66 79 9 70 25 54
17 66 85 67 25 50 53
94 54 33 25 92 78 58
32 28 54 65 52 35 30
61 43 30 74 68 35 25
36 82 81 86 87 4 77
2 17 37 64 90 1 81
87 19 18 22 51 87 76
20 42 9 51 9 36 42
7 2 5 51 9 36 31
91 93 29 19 46 13 49
5 72 36 30 3 35 69
15 77 0 43 33 32 54
37 24 40 83 39 37 15
94 54 33 12 82 66 43
16 22 39 69 18 55 16
70 18 19 69 18 55 36
75 28 15 40 2 68 59
33 42 1 54 23 55 57
24 63 28 25 92 78 57
44 50 72 93 45 9 63
71 21 52 14 0 24 35
43 33 32 70 18 19 19
33 42 1 58 28 15 19
87 19 18 59 78 47 65
12 82 66 93 45 9 67
68 47 64 82 82 63 35
49 81 91 22 51 87 30
62 43 49 63 89 63 48
60 18 59 92 16 4 55
50 18 19 80 92 35 75
52 19 69 62 43 49 31
84 67 54 23 44 46 24
46 66 70 42 63 36 34
44 50 72 25 92 78 42
94 54 33 26 39 83 52
83 39 37 35 52 55 22
82 82 63 35 52 55 31
24 63 28 68 47 64 39
13 88 90 95 84 94 5
24 63 28 71 21 52 48
92 16 4 19 46 13 31
66 10 3 84 67 54 76
13 88 90 18 16 80 72
82 82 63 88 46 79 39
55 73 56 86 87 4 53
61 43 30 37 24 40 21
93 45 9 23 44 46 37
1 62 6 78 47 2 15
50 18 19 24 63 28 45
33 42 1 44 50 72 71
82 82 63 80 92 35 29
3 4 39 5 72 36 68
75 28 15 14 0 24 29
48 35 51 71 21 52 14
69 18 55 9 70 25 60
46 66 70 31 37 81 31
21 39 69 88 46 79 12
62 43 49 39 20 27 31
61 43 30 56 92 79 69
93 45 9 19 46 13 4
6 50 65 21 39 69 11
13 88 90 14 0 24 110
14 0 24 76 22 34 24
51 9 36 85 81 84 86
29 78 55 11 84 29 26
8 50 9 35 52 55 46
39 20 27 33 42 1 34
7 2 5 48 35 51 56
7 2 5 65 52 35 58
44 50 72 61 43 30 42
93 45 9 55 73 56 54
53 15 31 47 41 19 28
74 68 35 62 43 49 28
0 94 26 79 3 59 96
89 38 12 54 23 55 45
61 43 30 34 84 59 50
40 2 68 45 26 21 52
85 81 84 94 54 33 57
93 45 9 77 9 56 59
73 26 69 93 45 9 62
87 19 18 64 90 1 73
62 43 49 84 67 54 24
45 26 21 31 37 81 61
36 82 81 10 56 79 26
69 18 55 60 18 59 4
57 66 82 78 47 2 82
92 16 4 23 44 46 50
29 78 55 45 26 21 62
8 50 9 81 66 79 71
66 10 3 81 66 79 94
52 19 69 32 28 54 17
1 62 6 88 46 79 74
14 0 24 21 39 69 59
8 50 9 51 9 36 49
66 10 3 53 15 31 28
80 92 35 90 73 60 31
26 39 83 77 9 56 40
10 56 79 26 39 83 17
83 39 37 28 31 29 11
38 0 69 92 16 4 66
64 90 1 1 62 6 28
47 41 19 73 26 69 52
87 19 18 52 19 69 51
10 56 79 14 0 24 78
51 9 36 73 26 69 37
92 16 4 4 30 84 81
35 52 55 47 41 19 37
62 43 49 34 84 59 42
34 84 59 52 19 69 65
2 17 37 94 54 33 37
85 81 84 83 39 37 63
43 33 32 44 50 72 43
75 28 15 49 81 91 92
3 4 39 34 84 59 82
53 15 31 86 87 4 76
39 20 27 88 46 79 58
48 35 51 86 87 4 70
73 26 69 60 18 59 12
6 50 65 20 42 9 56
53 15 31 18 16 80 49
45 26 21 46 66 70 63
79 3 59 95 84 94 88
52 19 69 49 81 91 65
5 72 36 91 93 29 22
22 51 87 90 73 60 34
41 79 6 4 30 84 92
29 78 55 20 42 9 58
20 42 9 41 79 6 37
31 37 81 85 81 84 44
18 16 80 60 18 59 21
0 94 26 66 10 3 87
87 19 18 9 70 25 51
88 46 79 38 0 69 47
55 73 56 71 21 52 52
61 43 30 30 3 35 40
34 84 59 20 42 9 65
84 67 54 0 94 26 38
48 35 51 29 78 55 43
62 43 49 1 62 6 47
75 28 15 18 16 80 66
9 70 25 6 50 65 44
79 3 59 15 77 0 94
24 63 28 90 73 60 33
62 43 49 29 78 55 35
85 81 84 9 70 25 60
44 50 72 5 72 36 42
18 16 80 64 90 1 108
46 66 70 68 47 64 19
7 2 5 10 56 79 91
84 67 54 29 78 55 11
60 18 59 21 39 69 23
21 39 69 58 28 15 55
86 87 4 43 33 32 60
8 50 9 28 31 29 27
2 17 37 10 56 79 57
28 31 29 81 66 79 61
95 84 94 53 15 31 93
93 45 9 40 2 68 73
4 30 84 49 81 91 51
41 79 6 94 54 33 36
80 92 35 68 47 64 53
87 19 18 40 2 68 52
8 50 9 40 2 68 76
72 77 64 8 50 9 61
14 0 24 40 2 68 44
46 66 70 19 46 13 60
4 30 84 10 56 79 26
66 10 3 62 43 49 56
50 18 19 1 62 6 45
60 18 59 87 19 18 41
90 73 60 88 46 79 33
50 18 19 92 16 4 15
37 24 40 5 72 36 48
62 43 49 65 52 35 16
32 28 54 18 16 80 28
46 66 70 14 0 24 80
27 79 92 19 46 13 85
45 26 21 48 35 51 31
37 24 40 50 18 19 21
59 78 47 42 63 36 18
78 47 2 55 73 56 59
36 82 81 39 20 27 82
80 92 35 23 44 46 49
42 63 36 17 66 85 49
40 2 68 51 9 36 32
45 26 21 13 88 90 92
19 46 13 84 67 54 46
60 18 59 3 4 39 24
91 93 29 55 73 56 33
71 21 52 94 54 33 38
84 67 54 18 16 80 57
49 81 91 70 18 19 95
66 10 3 92 16 4 6
57 66 82 86 87 4 80
69 18 55 36 82 81 69
16 22 39 73 26 69 30
22 51 87 45 26 21 70
47 41 19 95 84 94 86
2 17 37 58 28 15 24
34 84 59 68 47 64 37
45 26 21 85 81 84 83
37 24 40 86 87 4 72
3 4 39 46 66 70 69
32 28 54 46 66 70 41
68 47 64 14 0 24 61
1 62 6 29 78 55 51
88 46 79 10 56 79 10
17 66 85 77 9 56 63
5 72 36 70 18 19 56
42 63 36 20 42 9 34
81 66 79 71 21 52 52
76 22 34 38 0 69 41
57 66 82 13 88 90 23
3 4 39 77 9 56 17
28 31 29 53 15 31 16
4 30 84 47 41 19 65
28 31 29 70 18 19 16
10 56 79 35 52 55 24
59 78 47 22 51 87 48
63 89 63 56 92 79 16
23 44 46 73 26 69 29
93 45 9 14 0 24 47
38 0 69 2 17 37 36
7 2 5 34 84 59 98
28 31 29 2 17 37 16
72 77 64 9 70 25 39
19 46 13 14 0 24 47
63 89 63 68 47 64 42
16 22 39 51 9 36 13
45 26 21 54 23 55 34
36 82 81 19 46 13 76
36 82 81 38 0 69 82
29 78 55 31 37 81 48
25 92 78 52 19 69 73
0 94 26 46 66 70 52
1 62 6 9 70 25 20
33 42 1 61 43 30 29
7 2 5 95 84 94 121
41 79 6 14 0 24 81
48 35 51 32 28 54 7
3 4 39 16 22 39 18
17 66 85 72 77 64 23
32 28 54 73 26 69 15
77 9 56 44 50 72 44
6 50 65 82 82 63 32
56 92 79 35 52 55 46
49 81 91 57 66 82 17
10 56 79 15 77 0 81
31 37 81 22 51 87 15
11 84 29 79 3 59 86
72 77 64 57 66 82 21
80 92 35 26 39 83 71
9 70 25 7 2 5 70
58 28 15 65 52 35 31
61 43 30 50 18 19 27
88 46 79 66 10 3 84
89 38 12 41 79 6 41
64 90 1 68 47 64 76
58 28 15 15 77 0 51
46 66 70 23 44 46 32
38 0 69 74 68 35 76
72 77 64 29 78 55 9
58 28 15 95 84 94 96
26 39 83 4 30 84 9
1 62 6 70 18 19 45
10 56 79 50 18 19 71
53 15 31 90 73 60 64
14 0 24 11 84 29 84
75 28 15 60 18 59 45
56 92 79 23 44 46 58
12 82 66 38 0 69 82
72 77 64 85 81 84 20
22 51 87 7 2 5 95
4 30 84 69 18 55 31
81 66 79 30 3 35 76
87 19 18 51 9 36 20
80 92 35 21 39 69 62
41 79 6 11 84 29 23
15 77 0 51 9 36 76
83 39 37 80 92 35 53
85 81 84 33 42 1 91
62 43 49 37 24 40 21
8 50 9 59 78 47 47
61 43 30 55 73 56 39
69 18 55 77 9 56 9
70 18 19 48 35 51 36
81 66 79 40 2 68 64
71 21 52 7 2 5 50
72 77 64 81 66 79 18
3 4 39 86 87 4 90
92 16 4 79 3 59 56
43 33 32 45 26 21 13
39 20 27 70 18 19 8
54 23 55 9 70 25 55
82 82 63 69 18 55 64
40 2 68 10 56 79 55
66 10 3 75 28 15 21
59 78 47 51 9 36 69
30 3 35 12 82 66 84
3 4 39 2 17 37 13
90 73 60 51 9 36 68
45 26 21 16 22 39 18
39 20 27 83 39 37 21
69 18 55 35 52 55 34
71 21 52 12 82 66 62
20 42 9 74 68 35 36
95 84 94 56 92 79 17
84 67 54 89 38 12 51
2 17 37 61 43 30 26
83 39 37 30 3 35 36
6 50 65 36 82 81 35
76 22 34 61 43 30 21
83 39 37 52 19 69 37
59 78 47 36 82 81 34
26 39 83 72 77 64 42
69 18 55 88 46 79 36
41 79 6 63 89 63 57
22 51 87 17 66 85 15
37 24 40 60 18 59 19
17 66 85 80 92 35 56
48 35 51 66 10 3 54
69 18 55 66 10 3 52
71 21 52 87 19 18 34
49 81 91 38 0 69 83
44 50 72 22 51 87 15
40 2 68 82 82 63 80
48 35 51 85 81 84 56
2 17 37 88 46 79 51
40 2 68 50 18 19 51
34 84 59 1 62 6 57
48 35 51 30 3 35 35
1 62 6 73 26 69 72
93 45 9 94 54 33 25
84 67 54 2 17 37 52
63 89 63 81 66 79 28
17 66 85 5 72 36 49
87 19 18 21 39 69 54
93 45 9 58 28 15 18
30 3 35 79 3 59 24
75 28 15 34 84 59 71
73 26 69 95 84 94 63
55 73 56 31 37 81 43
31 37 81 30 3 35 57
40 2 68 89 38 12 66
10 56 79 16 22 39 52
61 43 30 47 41 19 11
86 87 4 12 82 66 62
76 22 34 82 82 63 66
66 10 3 17 66 85 99
20 42 9 83 39 37 28
68 47 64 86 87 4 72
89 38 12 26 39 83 71
91 93 29 39 20 27 73
74 68 35 44 50 72 41
84 67 54 75 28 15 55
69 18 55 78 47 2 60
1 62 6 47 41 19 24
70 18 19 80 92 35 75
81 66 79 6 50 65 21
0 94 26 86 87 4 23
60 18 59 22 51 87 43
50 18 19 21 39 69 54
77 9 56 57 66 82 62
0 94 26 35 52 55 51
2 17 37 82 82 63 70
78 47 2 8 50 9 7
9 70 25 19 46 13 26
84 67 54 56 92 79 35
72 77 64 3 4 39 77
56 92 79 10 56 79 36
52 19 69 22 51 87 36
73 26 69 69 18 55 16
19 46 13 37 24 40 34
29 78 55 8 50 9 53
56 92 79 39 20 27 88
83 39 37 15 77 0 53
71 21 52 42 63 36 44
43 33 32 77 9 56 33
68 47 64 9 70 25 45
93 45 9 59 78 47 50
56 92 79 50 18 19 95
74 68 35 90 73 60 25
81 66 79 64 90 1 81
55 73 56 82 82 63 11
65 52 35 61 43 30 10
90 73 60 26 39 83 41
2 17 37 85 81 84 79
53 15 31 35 52 55 44
3 4 39 47 41 19 42
42 63 36 7 2 5 68
47 41 19 10 56 79 61
2 17 37 39 20 27 10
86 87 4 54 23 55 81
66 10 3 20 42 9 32
80 92 35 67 25 50 68
77 9 56 31 37 81 37
92 16 4 54 23 55 51
10 56 79 61 43 30 50
0 94 26 5 72 36 24
59 78 47 30 3 35 75
81 66 79 58 28 15 74
85 81 84 7 2 5 111
61 43 30 35 52 55 26
72 77 64 18 16 80 63
77 9 56 53 15 31 25
33 42 1 14 0 24 47
74 68 35 39 20 27 48
92 16 4 16 22 39 35
0 94 26 91 93 29 3
32 28 54 94 54 33 33
67 25 50 47 41 19 34
69 18 55 75 28 15 41
73 26 69 45 26 21 48
22 51 87 42 63 36 52
27 79 92 25 92 78 19
73 26 69 26 39 83 19
73 26 69 66 10 3 67
25 92 78 78 47 2 88
20 42 9 90 73 60 59
81 66 79 20 42 9 74
63 89 63 32 28 54 61
49 81 91 36 82 81 10
34 84 59 70 18 19 77
13 88 90 47 41 19 85
95 84 94 82 82 63 31
58 28 15 48 35 51 36
62 43 49 82 82 63 41
80 92 35 64 90 1 34
0 94 26 60 18 59 82
17 66 85 47 41 19 70
29 78 55 50 18 19 69
15 77 0 14 0 24 80
29 78 55 37 24 40 56
67 25 50 27 79 92 68
59 78 47 67 25 50 53
33 42 1 55 73 56 63
32 28 54 44 50 72 28
81 66 79 13 88 90 24
48 35 51 44 50 72 25
31 37 81 74 68 35 55
4 30 84 11 84 29 77
58 28 15 59 78 47 59
94 54 33 62 43 49 19
89 38 12 33 42 1 11
66 10 3 28 31 29 33
52 19 69 69 18 55 14
30 3 35 3 4 39 4
56 92 79 74 68 35 50
1 62 6 67 25 50 57
49 81 91 72 77 64 27
24 63 28 76 22 34 41
62 43 49 15 77 0 59
28 31 29 7 2 5 37
93 45 9 30 3 35 49
34 84 59 13 88 90 31
72 77 64 11 84 29 35
26 39 83 14 0 24 70
25 92 78 47 41 19 77
30 3 35 41 79 6 81
21 39 69 27 79 92 46
66 10 3 46 66 70 87
2 17 37 13 88 90 88
6 50 65 70 18 19 56
67 25 50 85 81 84 65
5 72 36 65 52 35 20
32 28 54 26 39 83 31
14 0 24 43 33 32 33
19 46 13 61 43 30 17
13 88 90 22 51 87 37
23 44 46 8 50 9 37
2 17 37 8 50 9 43
53 15 31 88 46 79 57
14 0 24 49 81 91 105
11 84 29 1 62 6 31
30 3 35 68 47 64 52
25 92 78 5 72 36 46
0 94 26 22 51 87 74
86 87 4 82 82 63 59
48 35 51 25 92 78 63
89 38 12 88 46 79 67
94 54 33 64 90 1 48
64 90 1 4 30 84 102
76 22 34 28 31 29 10
29 78 55 53 15 31 67
60 18 59 83 39 37 30
53 15 31 31 37 81 54
69 18 55 33 42 1 59
0 94 26 43 33 32 61
75 28 15 22 51 87 75
69 18 55 8 50 9 56
29 78 55 55 73 56 5
89 38 12 64 90 1 53
78 47 2 71 21 52 56
52 19 69 50 18 19 50
29 78 55 73 26 69 53
76 22 34 69 18 55 21
93 45 9 52 19 69 65
9 70 25 28 31 29 39
86 87 4 81 66 79 77
7 2 5 58 28 15 27
73 26 69 33 42 1 69
57 66 82 9 70 25 57
63 89 63 48 35 51 55
7 2 5 40 2 68 63
85 81 84 89 38 12 83
3 4 39 13 88 90 98
67 25 50 45 26 21 29
24 63 28 87 19 18 45
44 50 72 7 2 5 82
24 63 28 35 52 55 29
17 66 85 34 84 59 31
81 66 79 22 51 87 17
18 16 80 89 38 12 71
64 90 1 51 9 36 88
12 82 66 88 46 79 38
44 50 72 51 9 36 54
70 18 19 64 90 1 74
8 50 9 12 82 66 65
17 66 85 25 92 78 26
28 31 29 86 87 4 61
79 3 59 65 52 35 54
6 50 65 56 92 79 44
57 66 82 7 2 5 100
17 66 85 62 43 49 42
62 43 49 21 39 69 20
28 31 29 34 84 59 60
77 9 56 13 88 90 86
54 23 55 21 39 69 21
28 31 29 90 73 60 52
33 42 1 82 82 63 73
23 44 46 91 93 29 51
83 39 37 73 26 69 34
38 0 69 55 73 56 74
77 9 56 81 66 79 61
58 28 15 80 92 35 67
39 20 27 93 45 9 30
85 81 84 15 77 0 84
94 54 33 77 9 56 50
35 52 55 38 0 69 53
15 77 0 30 3 35 81
32 28 54 2 17 37 20
41 79 6 1 62 6 17
92 16 4 27 79 92 108
13 88 90 84 67 54 41
27 79 92 13 88 90 9
11 84 29 23 44 46 43
38 0 69 95 84 94 87
88 46 79 85 81 84 35
70 18 19 7 2 5 21
8 50 9 82 82 63 62
88 46 79 86 87 4 85
24 63 28 17 66 85 57
83 39 37 63 89 63 56
59 78 47 35 52 55 27
89 38 12 37 24 40 31
67 25 50 46 66 70 45
70 18 19 10 56 79 71
79 3 59 80 92 35 92
61 43 30 32 28 54 28
81 66 79 93 45 9 73
55 73 56 56 92 79 29
11 84 29 70 18 19 66
83 39 37 92 16 4 40
3 4 39 62 43 49 40
37 24 40 6 50 65 36
84 67 54 4 30 84 47
84 67 54 92 16 4 71
78 47 2 89 38 12 13
89 38 12 49 81 91 89
29 78 55 3 4 39 75
47 41 19 24 63 28 23
46 66 70 34 84 59 21
67 25 50 8 50 9 48
85 81 84 80 92 35 50
87 19 18 28 31 29 16
64 90 1 61 43 30 55
43 33 32 23 44 46 17
55 73 56 65 52 35 29
7 2 5 72 77 64 95
69 18 55 57 66 82 55
93 45 9 63 89 63 69
37 24 40 51 9 36 15
57 66 82 82 82 63 24
15 77 0 4 30 84 96
52 19 69 42 63 36 55
56 92 79 18 16 80 76
22 51 87 93 45 9 78
74 68 35 67 25 50 45
40 2 68 91 93 29 99
35 52 55 45 26 21 42
77 9 56 25 92 78 85
38 0 69 67 25 50 31
28 31 29 16 22 39 13
23 44 46 62 43 49 3
58 28 15 44 50 72 61
6 50 65 44 50 72 7
10 56 79 0 94 26 65
16 22 39 87 19 18 21
32 28 54 0 94 26 71
66 10 3 55 73 56 82
21 39 69 93 45 9 60
23 44 46 59 78 47 34
57 66 82 47 41 19 67
4 30 84 39 20 27 57
17 66 85 44 50 72 20
57 66 82 93 45 9 75
35 52 55 16 22 39 34
71 21 52 31 37 81 33
52 19 69 91 93 29 84
2 17 37 1 62 6 54
50 18 19 14 0 24 18
34 84 59 25 92 78 20
34 84 59 16 22 39 65
26 39 83 75 28 15 68
3 4 39 19 46 13 49
58 28 15 72 77 64 69
40 2 68 47 41 19 62
28 31 29 71 21 52 25
41 79 6 95 84 94 88
64 90 1 22 51 87 94
17 66 85 4 30 84 36
25 92 78 18 16 80 76
51 9 36 70 18 19 19
47 41 19 51 9 36 36
48 35 51 14 0 24 44
2 17 37 89 38 12 32
48 35 51 34 84 59 49
2 17 37 41 79 6 69
29 78 55 23 44 46 35
27 79 92 86 87 4 88
92 16 4 67 25 50 46
93 45 9 29 78 55 56
35 52 55 3 4 39 50
5 72 36 2 17 37 55
85 81 84 62 43 49 51
79 3 59 88 46 79 47
24 63 28 88 46 79 53
19 46 13 65 52 35 22
30 3 35 39 20 27 18
33 42 1 46 66 70 73
68 47 64 7 2 5 74
46 66 70 60 18 59 49
81 66 79 35 52 55 27
18 16 80 7 2 5 76
12 82 66 48 35 51 49
11 84 29 83 39 37 45
86 87 4 2 17 37 77
24 63 28 85 81 84 58
91 93 29 75 28 15 66
68 47 64 47 41 19 45
25 92 78 38 0 69 92
48 35 51 16 22 39 17
32 28 54 81 66 79 45
32 28 54 37 24 40 14
56 92 79 22 51 87 41
69 18 55 45 26 21 34
85 81 84 3 4 39 89
65 52 35 57 66 82 49
27 79 92 69 18 55 71
65 52 35 27 79 92 63
34 84 59 65 52 35 40
36 82 81 4 30 84 52
9 70 25 39 20 27 50
39 20 27 20 42 9 28
72 77 64 53 15 31 70
77 9 56 65 52 35 47
85 81 84 46 66 70 20
29 78 55 7 2 5 90
54 23 55 67 25 50 5
25 92 78 79 3 59 91
70 18 19 41 79 6 62
9 70 25 30 3 35 67
30 3 35 73 26 69 41
54 23 55 4 30 84 29
16 22 39 44 50 72 43
86 87 4 44 50 72 77
40 2 68 30 3 35 33
25 92 78 28 31 29 78
27 79 92 88 46 79 35
19 46 13 24 63 28 22
61 43 30 5 72 36 29
20 42 9 82 82 63 67
71 21 52 19 46 13 46
50 18 19 82 82 63 77
74 68 35 21 39 69 44
29 78 55 10 56 79 32
9 70 25 0 94 26 24
5 72 36 26 39 83 57
30 3 35 71 21 52 24
6 50 65 48 35 51 20
55 73 56 70 18 19 66
74 68 35 63 89 63 35
94 54 33 30 3 35 51
80 92 35 3 4 39 88
10 56 79 51 9 36 63
50 18 19 41 79 6 62
4 30 84 82 82 63 56
27 79 92 95 84 94 5
68 47 64 16 22 39 35
35 52 55 73 26 69 29
88 46 79 30 3 35 61
14 0 24 53 15 31 16
57 66 82 29 78 55 29
32 28 54 84 67 54 39
26 39 83 63 89 63 53
40 2 68 59 78 47 78
67 25 50 52 19 69 19
12 82 66 51 9 36 78
56 92 79 83 39 37 67
95 84 94 40 2 68 86
17 66 85 2 17 37 68
64 90 1 20 42 9 48
47 41 19 88 46 79 60
19 46 13 55 73 56 50
72 77 64 51 9 36 73
81 66 79 51 9 36 71
89 38 12 80 92 35 58
20 42 9 45 26 21 20
79 3 59 16 22 39 27
48 35 51 72 77 64 43
64 90 1 7 2 5 88
28 31 29 73 26 69 40
25 92 78 59 78 47 34
94 54 33 49 81 91 63
10 56 79 78 47 2 77
28 31 29 40 2 68 48
55 73 56 60 18 59 55
76 22 34 17 66 85 67
52 19 69 57 66 82 48
14 0 24 73 26 69 51
73 26 69 55 73 56 48
13 88 90 23 44 46 62
93 45 9 92 16 4 29
45 26 21 7 2 5 28
25 92 78 62 43 49 56
14 0 24 91 93 29 93
45 26 21 63 89 63 75
37 24 40 34 84 59 62
17 66 85 30 3 35 80
91 93 29 89 38 12 57
54 23 55 17 66 85 52
76 22 34 78 47 2 40
28 31 29 11 84 29 53
31 37 81 10 56 79 19
53 15 31 1 62 6 53
6 50 65 1 62 6 60
91 93 29 34 84 59 31
2 17 37 29 78 55 63
13 88 90 49 81 91 7
77 9 56 56 92 79 86
58 28 15 37 24 40 25
21 39 69 28 31 29 40
68 47 64 60 18 59 29
55 73 56 74 68 35 21
35 52 55 7 2 5 70
45 26 21 38 0 69 54
71 21 52 6 50 65 31
61 43 30 93 45 9 21
95 84 94 21 39 69 51
4 30 84 75 28 15 69
63 89 63 27 79 92 30
53 15 31 9 70 25 55
48 35 51 54 23 55 12
5 72 36 48 35 51 39
12 82 66 11 84 29 37
36 82 81 52 19 69 64
49 81 91 0 94 26 66
40 2 68 52 19 69 17
85 81 84 60 18 59 67
88 46 79 17 66 85 20
71 21 52 67 25 50 4
35 52 55 46 66 70 20
31 37 81 21 39 69 12
58 28 15 56 92 79 90
41 79 6 78 47 2 32
71 21 52 89 38 12 43
17 66 85 18 16 80 50
65 52 35 91 93 29 41
23 44 46 0 94 26 53
76 22 34 74 68 35 46
56 92 79 69 18 55 77
39 20 27 77 9 56 31
11 84 29 49 81 91 62
77 9 56 88 46 79 43
36 82 81 7 2 5 110
21 39 69 53 15 31 44
15 77 0 68 47 64 70
32 28 54 9 70 25 51
50 18 19 2 17 37 18
49 81 91 91 93 29 63
64 90 1 15 77 0 13
27 79 92 48 35 51 60
22 51 87 95 84 94 33
46 66 70 16 22 39 53
62 43 49 9 70 25 36
2 17 37 55 73 56 59
70 18 19 59 78 47 66
87 19 18 84 67 54 60
43 33 32 39 20 27 13
52 19 69 4 30 84 18
40 2 68 73 26 69 24
5 72 36 21 39 69 46
34 84 59 83 39 37 50
80 92 35 1 62 6 41
11 84 29 13 88 90 61
30 3 35 25 92 78 98
81 66 79 57 66 82 3
82 82 63 36 82 81 18
50 18 19 62 43 49 39
8 50 9 80 92 35 49
81 66 79 33 42 1 81
50 18 19 5 72 36 56
60 18 59 52 19 69 10
56 92 79 89 38 12 86
40 2 68 94 54 33 62
19 46 13 81 66 79 68
7 2 5 15 77 0 75
81 66 79 52 19 69 48
25 92 78 57 66 82 26
90 73 60 72 77 64 5
62 43 49 77 9 56 34
72 77 64 77 9 56 68
23 44 46 19 46 13 33
23 44 46 9 70 25 33
64 90 1 24 63 28 38
72 77 64 35 52 55 26
65 52 35 18 16 80 57
43 33 32 13 88 90 79
0 94 26 15 77 0 31
59 78 47 29 78 55 8
64 90 1 73 26 69 93
39 20 27 90 73 60 62
10 56 79 46 66 70 13
19 46 13 77 9 56 56
29 78 55 38 0 69 79
23 44 46 6 50 65 19
80 92 35 54 23 55 71
16 22 39 19 46 13 35
0 94 26 19 46 13 49
63 89 63 25 92 78 15
93 45 9 71 21 52 49
56 92 79 9 70 25 58
95 84 94 69 18 55 76
24 63 28 94 54 33 10
54 23 55 3 4 39 24
17 66 85 75 28 15 79
61 43 30 77 9 56 42
35 52 55 49 81 91 46
25 92 78 43 33 32 74
92 16 4 39 20 27 23
37 24 40 85 81 84 72
4 30 84 12 82 66 55
88 46 79 32 28 54 30
33 42 1 41 79 6 37
34 84 59 5 72 36 25
31 37 81 82 82 63 48
41 79 6 24 63 28 27
6 50 65 59 78 47 33
26 39 83 40 2 68 39
9 70 25 74 68 35 10
86 87 4 49 81 91 87
46 66 70 73 26 69 40
54 23 55 28 31 29 27
5 72 36 16 22 39 50
16 22 39 64 90 1 77
9 70 25 91 93 29 23
16 22 39 52 19 69 30
47 41 19 27 79 92 82
69 18 55 80 92 35 76
10 56 79 94 54 33 46
16 22 39 36 82 81 73
74 68 35 15 77 0 36
65 52 35 20 42 9 27
9 70 25 37 24 40 48
85 81 84 84 67 54 33
92 16 4 51 9 36 32
38 0 69 14 0 24 45
52 19 69 59 78 47 62
94 54 33 61 43 30 11
42 63 36 95 84 94 61
15 77 0 32 28 54 72
19 46 13 56 92 79 80
78 47 2 4 30 84 83
90 73 60 37 24 40 52
64 90 1 83 39 37 62
64 90 1 82 82 63 62
44 50 72 66 10 3 79
45 26 21 3 4 39 28
0 94 26 39 20 27 74
38 0 69 23 44 46 49
51 9 36 31 37 81 53
3 4 39 91 93 29 89
34 84 59 71 21 52 63
22 51 87 70 18 19 75
28 31 29 22 51 87 61
14 0 24 89 38 12 39
60 18 59 81 66 79 52
65 52 35 1 62 6 30
57 66 82 6 50 65 23
83 39 37 23 44 46 10
9 70 25 66 10 3 63
66 10 3 87 19 18 17
40 2 68 53 15 31 39
37 24 40 36 82 81 71
92 16 4 49 81 91 108
57 66 82 30 3 35 78
58 28 15 75 28 15 0
87 19 18 65 52 35 37
15 77 0 73 26 69 85
81 66 79 3 4 39 73
27 79 92 62 43 49 56
14 0 24 39 20 27 20
93 45 9 72 77 64 63
27 79 92 57 66 82 16
41 79 6 7 2 5 77
52 19 69 7 2 5 66
3 4 39 58 28 15 33
52 19 69 26 39 83 24
65 52 35 94 54 33 2
73 26 69 67 25 50 19
57 66 82 55 73 56 26
43 33 32 68 47 64 34
18 16 80 1 62 6 87
38 0 69 22 51 87 54
29 78 55 88 46 79 40
8 50 9 21 39 69 61
93 45 9 51 9 36 45
72 77 64 55 73 56 8
10 56 79 93 45 9 70
10 56 79 18 16 80 40
16 22 39 70 18 19 20
25 92 78 95 84 94 17
24 63 28 31 37 81 59
78 47 2 63 89 63 74
94 54 33 39 20 27 34
68 47 64 22 51 87 23
1 62 6 85 81 84 80
87 19 18 81 66 79 77
30 3 35 50 18 19 21
46 66 70 29 78 55 19
15 77 0 69 18 55 80
77 9 56 49 81 91 80
89 38 12 68 47 64 52
37 24 40 46 66 70 51
49 81 91 29 78 55 36
67 25 50 43 33 32 19
13 88 90 74 68 35 58
19 46 13 74 68 35 31
17 66 85 0 94 26 65
57 66 82 45 26 21 72
63 89 63 3 4 39 88
0 94 26 12 82 66 41
15 77 0 29 78 55 55
86 87 4 58 28 15 60
75 28 15 7 2 5 27
88 46 79 78 47 2 77
30 3 35 6 50 65 55
55 73 56 47 41 19 48
10 56 79 30 3 35 68
61 43 30 54 23 55 32
15 77 0 22 51 87 90
28 31 29 61 43 30 12
15 77 0 13 88 90 90
62 43 49 16 22 39 23
12 82 66 13 88 90 24
32 28 54 29 78 55 50
11 84 29 37 24 40 61
93 45 9 15 77 0 33
45 26 21 84 67 54 52
43 33 32 58 28 15 17
28 31 29 49 81 91 79
44 50 72 14 0 24 69
8 50 9 30 3 35 53
65 52 35 49 81 91 63
48 35 51 83 39 37 14
82 82 63 7 2 5 98
81 66 79 78 47 2 79
14 0 24 35 52 55 60
27 79 92 76 22 34 81
37 24 40 88 46 79 44
56 92 79 2 17 37 85
65 52 35 66 10 3 52
18 16 80 42 63 36 64
58 28 15 8 50 9 22
26 39 83 20 42 9 74
4 30 84 7 2 5 83
34 84 59 80 92 35 25
62 43 49 7 2 5 60
83 39 37 1 62 6 38
17 66 85 36 82 81 16
28 31 29 75 28 15 14
73 26 69 88 46 79 22
39 20 27 59 78 47 61
17 66 85 78 47 2 85
80 92 35 39 20 27 72
55 73 56 32 28 54 45
92 16 4 37 24 40 36
80 92 35 52 19 69 80
94 54 33 42 63 36 9
40 2 68 88 46 79 45
43 33 32 22 51 87 57
59 78 47 72 77 64 17
94 54 33 73 26 69 45
18 16 80 37 24 40 40
28 31 29 31 37 81 52
15 77 0 80 92 35 38
22 51 87 88 46 79 9
49 81 91 76 22 34 82
15 77 0 52 19 69 90
91 93 29 87 19 18 74
60 18 59 48 35 51 18
76 22 34 9 70 25 48
2 17 37 15 77 0 70
51 9 36 49 81 91 90
93 45 9 33 42 1 8
30 3 35 37 24 40 21
63 89 63 2 17 37 76
83 39 37 57 66 82 52
82 82 63 43 33 32 57
4 30 84 28 31 29 55
22 51 87 61 43 30 57
6 50 65 40 2 68 48
40 2 68 27 79 92 80
62 43 49 49 81 91 56
54 23 55 49 81 91 68
33 42 1 70 18 19 30
56 92 79 81 66 79 26
21 39 69 4 30 84 17
94 54 33 14 0 24 54
62 43 49 19 46 13 36
75 28 15 70 18 19 10
44 50 72 28 31 29 47
36 82 81 91 93 29 53
90 73 60 34 84 59 11
89 38 12 61 43 30 18
65 52 35 89 38 12 26
68 47 64 67 25 50 26
8 50 9 76 22 34 37
50 18 19 11 84 29 66
91 93 29 37 24 40 69
72 77 64 32 28 54 50
43 33 32 37 24 40 12
68 47 64 8 50 9 55
35 52 55 28 31 29 33
26 39 83 6 50 65 21
18 16 80 11 84 29 85
47 41 19 66 10 3 34
89 38 12 95 84 94 94
74 68 35 23 44 46 26
1 62 6 20 42 9 20
32 28 54 47 41 19 37
74 68 35 45 26 21 44
80 92 35 45 26 21 67
91 93 29 50 18 19 75
53 15 31 65 52 35 37
57 66 82 73 26 69 42
2 17 37 76 22 34 5
49 81 91 40 2 68 82
45 26 21 30 3 35 26
71 21 52 40 2 68 24
48 35 51 2 17 37 22
78 47 2 40 2 68 79
14 0 24 72 77 64 86
9 70 25 43 33 32 37
44 50 72 31 37 81 15
42 63 36 53 15 31 48
4 30 84 38 0 69 33
33 42 1 5 72 36 46
59 78 47 47 41 19 46
86 87 4 22 51 87 90
55 73 56 5 72 36 20
37 24 40 35 52 55 31
57 66 82 58 28 15 77
16 22 39 90 73 60 55
77 9 56 58 28 15 45
6 50 65 22 51 87 22
83 39 37 24 63 28 25
89 38 12 12 82 66 69
25 92 78 0 94 26 52
28 31 29 0 94 26 63
78 47 2 73 26 69 70
41 79 6 39 20 27 62
57 66 82 62 43 49 40
70 18 19 18 16 80 61
22 51 87 50 18 19 75
43 33 32 27 79 92 75
42 63 36 73 26 69 49
70 18 19 46 66 70 70
57 66 82 33 42 1 84
92 16 4 53 15 31 27
11 84 29 78 47 2 45
27 79 92 66 10 3 112
32 28 54 5 72 36 47
40 2 68 85 81 84 80
58 28 15 30 3 35 32
6 50 65 94 54 33 32
27 79 92 83 39 37 68
33 42 1 60 18 59 62
53 15 31 93 45 9 37
32 28 54 91 93 29 69
55 73 56 36 82 81 26
17 66 85 27 79 92 14
55 73 56 81 66 79 24
25 92 78 58 28 15 89
27 79 92 22 51 87 28
8 50 9 89 38 12 12
6 50 65 74 68 35 34
82 82 63 47 41 19 60
12 82 66 76 22 34 68
26 39 83 17 66 85 27
3 4 39 41 79 6 81
85 81 84 38 0 69 82
71 21 52 25 92 78 75
78 47 2 39 20 27 36
74 68 35 5 72 36 4
2 17 37 27 79 92 82
58 28 15 82 82 63 72
33 42 1 15 77 0 35
32 28 54 53 15 31 26
76 22 34 64 90 1 75
88 46 79 72 77 64 34
95 84 94 9 70 25 70
10 56 79 27 79 92 26
95 84 94 62 43 49 60
71 21 52 47 41 19 38
0 94 26 65 52 35 42
46 66 70 61 43 30 46
19 46 13 25 92 78 79
17 66 85 52 19 69 49
1 62 6 69 18 55 65
24 63 28 43 33 32 30
71 21 52 92 16 4 48
90 73 60 25 92 78 26
39 20 27 67 25 50 23
91 93 29 80 92 35 6
44 50 72 79 3 59 48
36 82 81 50 18 19 89
82 82 63 30 3 35 83
91 93 29 48 35 51 62
90 73 60 75 28 15 63
24 63 28 54 23 55 48
90 73 60 35 52 55 21
11 84 29 86 87 4 25
17 66 85 91 93 29 62
1 62 6 0 94 26 37
87 19 18 48 35 51 36
43 33 32 3 4 39 29
52 19 69 46 66 70 47
85 81 84 47 41 19 76
27 79 92 94 54 33 64
33 42 1 25 92 78 91
69 18 55 50 18 19 36
5 72 36 14 0 24 72
71 21 52 69 18 55 4
41 79 6 54 23 55 74
19 46 13 26 39 83 70
32 28 54 40 2 68 29
72 77 64 33 42 1 72
14 0 24 0 94 26 94
74 68 35 59 78 47 15
78 47 2 53 15 31 43
41 79 6 60 18 59 80
34 84 59 2 17 37 70
41 79 6 55 73 56 50
12 82 66 14 0 24 92
32 28 54 85 81 84 60
78 47 2 22 51 87 85
92 16 4 72 77 64 85
9 70 25 61 43 30 27
35 52 55 23 44 46 12
47 41 19 58 28 15 13
51 9 36 3 4 39 5
83 39 37 74 68 35 29
25 92 78 12 82 66 15
94 54 33 5 72 36 18
1 62 6 3 4 39 66
4 30 84 83 39 37 47
34 84 59 74 68 35 28
85 81 84 35 52 55 41
0 94 26 54 23 55 76
5 72 36 67 25 50 49
79 3 59 75 28 15 50
13 88 90 24 63 28 66
90 73 60 70 18 19 68
7 2 5 47 41 19 41
38 0 69 50 18 19 53
45 26 21 64 90 1 67
25 92 78 76 22 34 82
36 82 81 47 41 19 74
21 39 69 61 43 30 39
41 79 6 51 9 36 76
42 63 36 62 43 49 23
26 39 83 15 77 0 91
3 4 39 9 70 25 67
1 62 6 24 63 28 22
34 84 59 94 54 33 39
73 26 69 31 37 81 16
81 66 79 46 66 70 9
93 45 9 7 2 5 43
1 62 6 90 73 60 55
45 26 21 5 72 36 48
15 77 0 60 18 59 83
90 73 60 32 28 54 45
32 28 54 59 78 47 50
32 28 54 20 42 9 47
58 28 15 31 37 81 66
11 84 29 35 52 55 41
62 43 49 22 51 87 38
59 78 47 56 92 79 34
67 25 50 78 47 2 52
71 21 52 32 28 54 7
6 50 65 12 82 66 32
21 39 69 94 54 33 39
56 92 79 36 82 81 10
64 90 1 48 35 51 74
16 22 39 0 94 26 73
34 84 59 47 41 19 58
8 50 9 53 15 31 41
93 45 9 36 82 81 80
42 63 36 82 82 63 33
55 73 56 87 19 18 66
12 82 66 95 84 94 28
92 16 4 90 73 60 79
54 23 55 47 41 19 40
16 22 39 65 52 35 30
59 78 47 77 9 56 69
61 43 30 90 73 60 42
33 42 1 86 87 4 45
34 84 59 92 16 4 87
13 88 90 5 72 36 56
30 3 35 34 84 59 84
82 82 63 18 16 80 68
41 79 6 44 50 72 72
84 67 54 91 93 29 36
74 68 35 16 22 39 46
52 19 69 70 18 19 50
2 17 37 49 81 91 83
22 51 87 29 78 55 41
48 35 51 68 47 64 17
43 33 32 81 66 79 57
81 66 79 62 43 49 37
40 2 68 9 70 25 80
44 50 72 42 63 36 38
27 79 92 1 62 6 87
19 46 13 48 35 51 39
46 66 70 17 66 85 15
64 90 1 35 52 55 66
87 19 18 70 18 19 1
29 78 55 40 2 68 77
89 38 12 35 52 55 45
80 92 35 13 88 90 55
93 45 9 90 73 60 58
18 16 80 9 70 25 77
13 88 90 8 50 9 89
60 18 59 84 67 54 49
69 18 55 6 50 65 33
13 88 90 37 24 40 81
88 46 79 64 90 1 89
49 81 91 25 92 78 17
91 93 29 46 66 70 49
45 26 21 59 78 47 58
0 94 26 68 47 64 60
7 2 5 81 66 79 97
75 28 15 82 82 63 72
40 2 68 72 77 64 75
64 90 1 72 77 64 64
22 51 87 9 70 25 64
33 42 1 88 46 79 78
80 92 35 14 0 24 92
27 79 92 91 93 29 64
92 16 4 36 82 81 101
1 62 6 14 0 24 64
66 10 3 80 92 35 88
68 47 64 20 42 9 55
21 39 69 33 42 1 68
21 39 69 91 93 29 67
47 41 19 63 89 63 65
42 63 36 69 18 55 48
16 22 39 80 92 35 70
51 9 36 56 92 79 93
61 43 30 71 21 52 31
37 24 40 53 15 31 12
7 2 5 37 24 40 41
41 79 6 26 39 83 86
84 67 54 71 21 52 46
33 42 1 84 67 54 58
77 9 56 37 24 40 21
6 50 65 95 84 94 44
68 47 64 87 19 18 53
51 9 36 74 68 35 59
42 63 36 43 33 32 30
6 50 65 90 73 60 23
17 66 85 69 18 55 56
54 23 55 38 0 69 26
56 92 79 91 93 29 50
82 82 63 38 0 69 82
59 78 47 64 90 1 47
57 66 82 79 3 59 67
80 92 35 84 67 54 31
3 4 39 89 38 12 43
46 66 70 89 38 12 64
93 45 9 20 42 9 3
90 73 60 23 44 46 32
46 66 70 24 63 28 42
36 82 81 2 17 37 78
5 72 36 84 67 54 18
70 18 19 14 0 24 18
82 82 63 54 23 55 59
23 44 46 25 92 78 57
44 50 72 26 39 83 15
76 22 34 31 37 81 49
17 66 85 39 20 27 74
46 66 70 94 54 33 38
34 84 59 6 50 65 34
6 50 65 41 79 6 65
67 25 50 90 73 60 49
12 82 66 22 51 87 37
92 16 4 7 2 5 14
62 43 49 51 9 36 36
55 73 56 51 9 36 67
38 0 69 9 70 25 82
20 42 9 10 56 79 71
68 47 64 53 15 31 45
74 68 35 26 39 83 56
10 56 79 11 84 29 57
26 39 83 68 47 64 20
65 52 35 92 16 4 47
64 90 1 77 9 56 97
89 38 12 6 50 65 54
48 35 51 78 47 2 50
63 89 63 89 38 12 72
83 39 37 36 82 81 61
59 78 47 1 62 6 44
49 81 91 84 67 54 39
65 52 35 14 0 24 53
53 15 31 81 66 79 70
11 84 29 82 82 63 34
80 92 35 40 2 68 95
90 73 60 62 43 49 31
2 17 37 57 66 82 66
46 66 70 62 43 49 31
61 43 30 70 18 19 27
56 92 79 88 46 79 46
23 44 46 82 82 63 41
36 82 81 62 43 49 50
76 22 34 21 39 69 38
57 66 82 67 25 50 52
31 37 81 15 77 0 90
91 93 29 95 84 94 65
46 66 70 54 23 55 45
56 92 79 72 77 64 21
30 3 35 13 88 90 101
88 46 79 7 2 5 86
44 50 72 45 26 21 56
2 17 37 0 94 26 77
1 62 6 82 82 63 60
72 77 64 5 72 36 28
55 73 56 6 50 65 24
82 82 63 37 24 40 62
61 43 30 92 16 4 37
74 68 35 72 77 64 30
83 39 37 90 73 60 41
0 94 26 95 84 94 68
49 81 91 46 66 70 25
60 18 59 95 84 94 74
93 45 9 38 0 69 75
25 92 78 22 51 87 41
34 84 59 69 18 55 66
70 18 19 84 67 54 60
71 21 52 17 66 85 55
14 0 24 23 44 46 49
67 25 50 95 84 94 73
86 87 4 18 16 80 104
11 84 29 71 21 52 67
72 77 64 65 52 35 38
13 88 90 48 35 51 65
51 9 36 58 28 15 28
13 88 90 66 10 3 116
53 15 31 24 63 28 48
2 17 37 21 39 69 38
55 73 56 68 47 64 27
89 38 12 93 45 9 7
62 43 49 44 50 72 24
41 79 6 90 73 60 54
45 26 21 0 94 26 68
76 22 34 79 3 59 31
45 26 21 36 82 81 82
63 89 63 38 0 69 89
27 79 92 80 92 35 58
50 18 19 77 9 56 38
90 73 60 69 18 55 55
48 35 51 93 45 9 43
88 46 79 15 77 0 84
71 21 52 13 88 90 77
12 82 66 10 56 79 29
42 63 36 84 67 54 18
71 21 52 72 77 64 57
49 81 91 7 2 5 116
89 38 12 90 73 60 59
13 88 90 86 87 4 86
51 9 36 19 46 13 43
24 63 28 57 66 82 54
63 89 63 71 21 52 68
61 43 30 79 3 59 49
70 18 19 0 94 26 76
61 43 30 82 82 63 51
31 37 81 80 92 35 71
45 26 21 47 41 19 15
79 3 59 62 43 49 41
78 47 2 2 17 37 46
79 3 59 73 26 69 25
72 77 64 45 26 21 66
68 47 64 23 44 46 18
88 46 79 60 18 59 34
84 67 54 59 78 47 13
74 68 35 47 41 19 31
90 73 60 44 50 72 25
12 82 66 19 46 13 64
11 84 29 65 52 35 32
51 9 36 4 30 84 52
8 50 9 14 0 24 52
78 47 2 13 88 90 97
73 26 69 48 35 51 20
6 50 65 62 43 49 17
54 23 55 83 39 37 24
56 92 79 29 78 55 27
15 77 0 39 20 27 63
11 84 29 73 26 69 70
52 19 69 5 72 36 62
31 37 81 61 43 30 51
43 33 32 63 89 63 64
26 39 83 71 21 52 35
26 39 83 65 52 35 49
4 30 84 43 33 32 52
47 41 19 62 43 49 30
94 54 33 43 33 32 21
86 87 4 4 30 84 98
32 28 54 86 87 4 77
86 87 4 31 37 81 91
82 82 63 89 38 12 67
94 54 33 92 16 4 47
79 3 59 31 37 81 40
53 15 31 73 26 69 39
90 73 60 15 77 0 60
94 54 33 69 18 55 42
77 9 56 32 28 54 19
67 25 50 14 0 24 36
57 66 82 48 35 51 43
36 82 81 20 42 9 82
63 89 63 36 82 81 19
41 79 6 9 70 25 21
3 4 39 49 81 91 92
72 77 64 4 30 84 51
76 22 34 22 51 87 60
60 18 59 89 38 12 51
58 28 15 13 88 90 96
30 3 35 35 52 55 52
14 0 24 69 18 55 35
34 84 59 56 92 79 21
7 2 5 74 68 35 72
74 68 35 1 62 6 29
93 45 9 13 88 90 91
49 81 91 20 42 9 90
31 37 81 2 17 37 48
60 18 59 12 82 66 64
78 47 2 80 92 35 55
65 52 35 70 18 19 37
60 18 59 11 84 29 72
93 45 9 25 92 78 83
48 35 51 26 39 83 32
28 31 29 52 19 69 41
95 84 94 36 82 81 13
41 79 6 57 66 82 77
35 52 55 41 79 6 55
38 0 69 15 77 0 103
74 68 35 0 94 26 27
23 44 46 88 46 79 33
44 50 72 59 78 47 37
44 50 72 23 44 46 26
44 50 72 76 22 34 47
44 50 72 54 23 55 31
3 4 39 38 0 69 30
95 84 94 87 19 18 100
77 9 56 21 39 69 32
66 10 3 90 73 60 84
41 79 6 43 33 32 52
84 67 54 37 24 40 45
12 82 66 18 16 80 67
84 67 54 17 66 85 31
65 52 35 85 81 84 56
14 0 24 95 84 94 109
78 47 2 49 81 91 95
68 47 64 31 37 81 19
12 82 66 33 42 1 76
31 37 81 17 66 85 29
14 0 24 59 78 47 81
87 19 18 2 17 37 19
62 43 49 76 22 34 25
23 44 46 94 54 33 16
3 4 39 94 54 33 50
53 15 31 30 3 35 12
37 24 40 80 92 35 68
66 10 3 49 81 91 113
59 78 47 11 84 29 18
93 45 9 42 63 36 32
8 50 9 87 19 18 32
23 44 46 75 28 15 34
12 82 66 59 78 47 19
55 73 56 67 25 50 48
73 26 69 76 22 34 35
95 84 94 61 43 30 76
82 82 63 77 9 56 73
29 78 55 67 25 50 53
79 3 59 7 2 5 54
50 18 19 53 15 31 12
46 66 70 39 20 27 62
87 19 18 83 39 37 27
46 66 70 90 73 60 12
31 37 81 32 28 54 28
79 3 59 69 18 55 15
20 42 9 9 70 25 32
32 28 54 21 39 69 18
42 63 36 72 77 64 31
11 84 29 76 22 34 62
80 92 35 61 43 30 49
75 28 15 37 24 40 25
26 39 83 35 52 55 30
14 0 24 17 66 85 89
39 20 27 16 22 39 12
24 63 28 77 9 56 60
15 77 0 40 2 68 101
66 10 3 14 0 24 23
87 19 18 74 68 35 51
84 67 54 57 66 82 28
64 90 1 27 79 92 91
21 39 69 56 92 79 53
9 70 25 67 25 50 51
84 67 54 22 51 87 36
79 3 59 74 68 35 69
19 46 13 63 89 63 65
59 78 47 69 18 55 60
8 50 9 56 92 79 81
43 33 32 17 66 85 62
38 0 69 77 9 56 15
49 81 91 16 22 39 78
40 2 68 35 52 55 51
85 81 84 53 15 31 84
65 52 35 35 52 55 20
45 26 21 50 18 19 8
46 66 70 71 21 52 48
52 19 69 3 4 39 33
76 22 34 75 28 15 19
48 35 51 11 84 29 53
78 47 2 33 42 1 5
88 46 79 74 68 35 49
64 90 1 67 25 50 81
85 81 84 52 19 69 63
24 63 28 10 56 79 51
2 17 37 80 92 35 75
59 78 47 38 0 69 81
11 84 29 56 92 79 50
93 45 9 64 90 1 45
78 47 2 20 42 9 8
20 42 9 53 15 31 34
76 22 34 42 63 36 41
4 30 84 74 68 35 62
68 47 64 50 18 19 53
22 51 87 10 56 79 9
5 72 36 80 92 35 20
57 66 82 68 47 64 26
83 39 37 82 82 63 50
72 77 64 50 18 19 74
70 18 19 76 22 34 15
12 82 66 63 89 63 7
45 26 21 86 87 4 63
74 68 35 43 33 32 35
29 78 55 30 3 35 77
73 26 69 5 72 36 56
53 15 31 26 39 83 57
17 66 85 73 26 69 43
27 79 92 61 43 30 71
39 20 27 95 84 94 92
4 30 84 76 22 34 50
62 43 49 88 46 79 30
51 9 36 69 18 55 21
25 92 78 66 10 3 111
76 22 34 91 93 29 71
87 19 18 27 79 92 95
83 39 37 65 52 35 13
68 47 64 75 28 15 52
33 42 1 62 43 49 48
77 9 56 14 0 24 33
11 84 29 67 25 50 62
76 22 34 88 46 79 51
4 30 84 34 84 59 59
42 63 36 32 28 54 39
49 81 91 87 19 18 95
44 50 72 20 42 9 63
39 20 27 51 9 36 14
3 4 39 48 35 51 33
11 84 29 87 19 18 65
28 31 29 24 63 28 32
94 54 33 87 19 18 38
84 67 54 24 63 28 26
62 43 49 26 39 83 34
81 66 79 39 20 27 69
66 10 3 4 30 84 83
27 79 92 52 19 69 64
4 30 84 48 35 51 33
60 18 59 20 42 9 55
2 17 37 71 21 52 15
46 66 70 82 82 63 17
78 47 2 56 92 79 89
72 77 64 21 39 69 38
52 19 69 20 42 9 64
54 23 55 25 92 78 72
1 62 6 38 0 69 88
41 79 6 22 51 87 85
75 28 15 31 37 81 66
17 66 85 1 62 6 79
49 81 91 48 35 51 60
2 17 37 53 15 31 6
91 93 29 42 63 36 30
1 62 6 87 19 18 44
24 63 28 52 19 69 60
81 66 79 48 35 51 41
63 89 63 4 30 84 62
46 66 70 50 18 19 70
45 26 21 81 66 79 70
54 23 55 78 47 2 58
3 4 39 88 46 79 58
40 2 68 0 94 26 101
45 26 21 42 63 36 39
8 50 9 43 33 32 28
75 28 15 2 17 37 24
90 73 60 14 0 24 81
69 18 55 23 44 46 27
85 81 84 16 22 39 74
30 3 35 54 23 55 28
57 66 82 37 24 40 59
5 72 36 95 84 94 59
54 23 55 69 18 55 5
10 56 79 45 26 21 65
42 63 36 75 28 15 40
78 47 2 47 41 19 18
68 47 64 6 50 65 3
36 82 81 27 79 92 11
43 33 32 79 3 59 40
94 54 33 53 15 31 39
15 77 0 21 39 69 78
31 37 81 63 89 63 55
28 31 29 27 79 92 79
54 23 55 87 19 18 37
33 42 1 94 54 33 34
71 21 52 54 23 55 3
89 38 12 62 43 49 37
30 3 35 65 52 35 49
6 50 65 31 37 81 20
41 79 6 84 67 54 49
5 72 36 28 31 29 41
2 17 37 35 52 55 39
23 44 46 70 18 19 37
53 15 31 84 67 54 56
90 73 60 33 42 1 66
22 51 87 48 35 51 39
8 50 9 63 89 63 66
94 54 33 88 46 79 46
4 30 84 60 18 59 27
20 42 9 17 66 85 79
90 73 60 55 73 56 4
74 68 35 64 90 1 40
36 82 81 84 67 54 30
52 19 69 61 43 30 45
66 10 3 15 77 0 67
90 73 60 48 35 51 39
94 54 33 52 19 69 50
19 46 13 30 3 35 48
92 16 4 95 84 94 112
77 9 56 33 42 1 64
29 78 55 95 84 94 39
81 66 79 67 25 50 50
52 19 69 82 82 63 63
2 17 37 40 2 68 34
79 3 59 91 93 29 94
44 50 72 39 20 27 54
65 52 35 28 31 29 21
70 18 19 82 82 63 77
65 52 35 67 25 50 30
52 19 69 12 82 66 63
6 50 65 52 19 69 31
49 81 91 58 28 15 92
34 84 59 19 46 13 59
6 50 65 16 22 39 38
59 78 47 16 22 39 56
91 93 29 82 82 63 35
55 73 56 11 84 29 29
4 30 84 16 22 39 45
6 50 65 7 2 5 76
25 92 78 42 63 36 51
57 66 82 59 78 47 37
95 84 94 31 37 81 48
87 19 18 23 44 46 37
34 84 59 93 45 9 63
49 81 91 64 90 1 90
69 18 55 13 88 90 78
62 43 49 67 25 50 18
68 47 64 62 43 49 15
94 54 33 58 28 15 31
37 24 40 55 73 56 51
7 2 5 23 44 46 58
91 93 29 92 16 4 80
64 90 1 85 81 84 83
35 52 55 80 92 35 44
65 52 35 51 9 36 43
95 84 94 50 18 19 99
10 56 79 80 92 35 56
28 31 29 13 88 90 83
52 19 69 0 94 26 86
73 26 69 36 82 81 57
72 77 64 54 23 55 54
12 82 66 34 84 59 7
63 89 63 88 46 79 45
19 46 13 29 78 55 52
48 35 51 35 52 55 17
85 81 84 77 9 56 77
51 9 36 77 9 56 20
63 89 63 92 16 4 93
44 50 72 69 18 55 36
32 28 54 19 46 13 44
13 88 90 51 9 36 95
27 79 92 37 24 40 75
10 56 79 5 72 36 45
27 79 92 55 73 56 36
47 41 19 80 92 35 53
62 43 49 86 87 4 62
53 15 31 13 88 90 93
28 31 29 80 92 35 61
37 24 40 40 2 68 35
65 52 35 93 45 9 26
38 0 69 83 39 37 50
55 73 56 9 70 25 31
63 89 63 84 67 54 23
34 84 59 41 79 6 53
46 66 70 1 62 6 64
86 87 4 63 89 63 59
79 3 59 40 2 68 9
0 94 26 87 19 18 75
71 21 52 65 52 35 35
13 88 90 73 26 69 65
41 79 6 65 52 35 39
36 82 81 80 92 35 47
0 94 26 51 9 36 85
26 39 83 57 66 82 27
29 78 55 35 52 55 26
95 84 94 10 56 79 31
94 54 33 60 18 59 44
51 9 36 60 18 59 24
79 3 59 32 28 54 25
67 25 50 88 46 79 35
35 52 55 87 19 18 49
8 50 9 31 37 81 73
11 84 29 36 82 81 52
54 23 55 37 24 40 15
58 28 15 40 2 68 59
60 18 59 67 25 50 11
9 70 25 4 30 84 71
21 39 69 16 22 39 34
14 0 24 55 73 56 79
12 82 66 73 26 69 56
94 54 33 82 82 63 41
94 54 33 68 47 64 31
65 52 35 44 50 72 37
22 51 87 51 9 36 66
5 72 36 82 82 63 28
72 77 64 66 10 3 90
56 92 79 52 19 69 73
9 70 25 75 28 15 43
89 38 12 10 56 79 69
19 46 13 6 50 65 52
32 28 54 92 16 4 51
6 50 65 66 10 3 73
80 92 35 86 87 4 31
39 20 27 75 28 15 14
47 41 19 6 50 65 46
26 39 83 43 33 32 51
92 16 4 82 82 63 88
84 67 54 50 18 19 60
88 46 79 84 67 54 32
63 89 63 11 84 29 34
60 18 59 53 15 31 28
12 82 66 9 70 25 42
81 66 79 17 66 85 6
92 16 4 41 79 6 63
60 18 59 79 3 59 15
1 62 6 5 72 36 31
61 43 30 68 47 64 34
76 22 34 93 45 9 33
51 9 36 1 62 6 60
3 4 39 55 73 56 71
81 66 79 31 37 81 29
2 17 37 60 18 59 22
12 82 66 90 73 60 10
86 87 4 51 9 36 84
50 18 19 9 70 25 52
91 93 29 67 25 50 71
52 19 69 92 16 4 65
88 46 79 54 23 55 33
86 87 4 42 63 36 40
25 92 78 32 28 54 68
85 81 84 71 21 52 68
24 63 28 27 79 92 65
21 39 69 73 26 69 13
16 22 39 29 78 55 58
94 54 33 11 84 29 30
58 28 15 73 26 69 54
25 92 78 72 77 64 20
40 2 68 84 67 54 66
3 4 39 10 56 79 65
32 28 54 14 0 24 41
62 43 49 14 0 24 49
91 93 29 68 47 64 57
45 26 21 21 39 69 49
29 78 55 14 0 24 83
8 50 9 5 72 36 34
6 50 65 83 39 37 30
81 66 79 92 16 4 90
18 16 80 47 41 19 65
77 9 56 47 41 19 48
59 78 47 43 33 32 47
18 16 80 44 50 72 34
66 10 3 94 54 33 53
65 52 35 43 33 32 19
36 82 81 24 63 28 56
46 66 70 55 73 56 15
24 63 28 20 42 9 28
45 26 21 37 24 40 19
64 90 1 13 88 90 89
65 52 35 6 50 65 30
5 72 36 42 63 36 9
75 28 15 35 52 55 46
66 10 3 70 18 19 17
16 22 39 12 82 66 65
75 28 15 8 50 9 22
28 31 29 6 50 65 40
48 35 51 18 16 80 34
5 72 36 60 18 59 58
75 28 15 13 88 90 96
85 81 84 82 82 63 21
38 0 69 91 93 29 101
40 2 68 92 16 4 65
29 78 55 86 87 4 51
15 77 0 49 81 91 91
90 73 60 0 94 26 39
10 56 79 92 16 4 85
53 15 31 36 82 81 83
16 22 39 66 10 3 37
0 94 26 44 50 72 63
19 46 13 70 18 19 28
31 37 81 87 19 18 65
9 70 25 10 56 79 55
37 24 40 10 56 79 50
4 30 84 73 26 69 15
62 43 49 91 93 29 53
10 56 79 66 10 3 88
52 19 69 90 73 60 54
46 66 70 64 90 1 73
30 3 35 63 89 63 90
45 26 21 41 79 6 55
87 19 18 75 28 15 9
69 18 55 0 94 26 81
84 67 54 69 18 55 49
29 78 55 61 43 30 43
42 63 36 0 94 26 32
11 84 29 64 90 1 28
78 47 2 72 77 64 68
81 66 79 68 47 64 24
36 82 81 13 88 90 10
57 66 82 17 66 85 3
27 79 92 75 28 15 92
72 77 64 23 44 46 37
69 18 55 47 41 19 42
40 2 68 55 73 56 72
36 82 81 33 42 1 89
44 50 72 13 88 90 42
71 21 52 5 72 36 53
1 62 6 30 3 35 65
52 19 69 66 10 3 66
6 50 65 32 28 54 24
44 50 72 1 62 6 67
11 84 29 42 63 36 22
46 66 70 13 88 90 29
23 44 46 89 38 12 34
41 79 6 79 3 59 92
58 28 15 24 63 28 37
69 18 55 46 66 70 50
8 50 9 54 23 55 53
24 63 28 9 70 25 7
73 26 69 61 43 30 42
0 94 26 82 82 63 38
46 66 70 79 3 59 63
60 18 59 25 92 78 76
80 92 35 76 22 34 70
56 92 79 38 0 69 92
21 39 69 9 70 25 53
24 63 28 0 94 26 31
35 52 55 36 82 81 39
61 43 30 48 35 51 22
46 66 70 86 87 4 69
67 25 50 48 35 51 10
36 82 81 5 72 36 46
22 51 87 5 72 36 55
10 56 79 48 35 51 35
86 87 4 70 18 19 70
41 79 6 85 81 84 78
49 81 91 63 89 63 29
37 24 40 68 47 64 33
86 87 4 39 20 27 70
40 2 68 31 37 81 37
43 33 32 73 26 69 37
1 62 6 8 50 9 12
79 3 59 20 42 9 63
12 82 66 53 15 31 75
24 63 28 44 50 72 45
34 84 59 50 18 19 77
24 63 28 62 43 49 29
69 18 55 38 0 69 22
45 26 21 95 84 94 93
26 39 83 2 17 37 50
48 35 51 46 66 70 36
9 70 25 48 35 51 43
94 54 33 72 77 64 38
24 63 28 40 2 68 72
73 26 69 89 38 12 58
17 66 85 7 2 5 102
22 51 87 55 73 56 38
50 18 19 58 28 15 10
47 41 19 2 17 37 30
92 16 4 31 37 81 79
20 42 9 25 92 78 85
47 41 19 91 93 29 52
90 73 60 29 78 55 7
28 31 29 30 3 35 28
10 56 79 63 89 63 36
13 88 90 50 18 19 99
12 82 66 37 24 40 63
61 43 30 67 25 50 26
16 22 39 88 46 79 46
57 66 82 71 21 52 54
45 26 21 71 21 52 31
7 2 5 14 0 24 19
11 84 29 75 28 15 57
62 43 49 40 2 68 45
1 62 6 63 89 63 63
70 18 19 68 47 64 53
53 15 31 51 9 36 7
57 66 82 15 77 0 82
22 51 87 80 92 35 66
50 18 19 48 35 51 36
34 84 59 85 81 84 25
72 77 64 60 18 59 59
89 38 12 7 2 5 36
2 17 37 46 66 70 59
5 72 36 24 63 28 12
41 79 6 56 92 79 74
75 28 15 77 9 56 45
22 51 87 8 50 9 78
94 54 33 79 3 59 57
56 92 79 16 22 39 80
7 2 5 80 92 35 94
73 26 69 44 50 72 24
45 26 21 49 81 91 89
59 78 47 54 23 55 55
93 45 9 0 94 26 51
87 19 18 47 41 19 22
46 66 70 92 16 4 82
64 90 1 28 31 29 65
82 82 63 84 67 54 17
12 82 66 66 10 3 95
23 44 46 57 66 82 42
46 66 70 80 92 35 43
83 39 37 18 16 80 48
42 63 36 15 77 0 38
70 18 19 56 92 79 95
91 93 29 45 26 21 67
4 30 84 88 46 79 16
95 84 94 66 10 3 117
46 66 70 65 52 35 37
12 82 66 50 18 19 79
84 67 54 51 9 36 60
39 20 27 57 66 82 71
23 44 46 2 17 37 28
0 94 26 85 81 84 59
90 73 60 8 50 9 55
13 88 90 21 39 69 53
46 66 70 11 84 29 44
79 3 59 21 39 69 37
18 16 80 87 19 18 62
93 45 9 60 18 59 56
89 38 12 28 31 29 18
81 66 79 90 73 60 20
68 47 64 3 4 39 49
58 28 15 27 79 92 92
14 0 24 25 92 78 106
47 41 19 49 81 91 82
52 19 69 13 88 90 72
32 28 54 78 47 2 55
38 0 69 71 21 52 27
22 51 87 91 93 29 71
29 78 55 85 81 84 29
83 39 37 55 73 56 38
27 79 92 16 22 39 77
64 90 1 23 44 46 64
48 35 51 77 9 56 26
33 42 1 75 28 15 19
24 63 28 14 0 24 63
63 89 63 90 73 60 16
51 9 36 46 66 70 66
19 46 13 11 84 29 41
49 81 91 33 42 1 98
48 35 51 79 3 59 32
28 31 29 19 46 13 21
14 0 24 78 47 2 51
38 0 69 62 43 49 47
78 47 2 93 45 9 7
77 9 56 7 2 5 51
68 47 64 39 20 27 45
85 81 84 58 28 15 87
45 26 21 82 82 63 70
40 2 68 63 89 63 87
65 52 35 4 30 84 53
57 66 82 40 2 68 65
50 18 19 6 50 65 56
68 47 64 59 78 47 35
53 15 31 79 3 59 30
57 66 82 54 23 55 50
15 77 0 25 92 78 79
27 79 92 39 20 27 87
42 63 36 88 46 79 46
5 72 36 56 92 79 47
20 42 9 33 42 1 8
22 51 87 30 3 35 70
76 22 34 5 72 36 50
12 82 66 17 66 85 24
70 18 19 71 21 52 33
2 17 37 19 46 13 37
73 26 69 85 81 84 57
54 23 55 60 18 59 6
39 20 27 21 39 69 46
36 82 81 15 77 0 81
27 79 92 68 47 64 42
2 17 37 92 16 4 33
19 46 13 13 88 90 87
67 25 50 89 38 12 40
84 67 54 86 87 4 53
49 81 91 56 92 79 16
79 3 59 84 67 54 64
51 9 36 30 3 35 6
60 18 59 24 63 28 54
60 18 59 90 73 60 55
20 42 9 13 88 90 93
57 66 82 74 68 35 47
20 42 9 59 78 47 52
65 52 35 21 39 69 36
14 0 24 92 16 4 25
64 90 1 54 23 55 86
11 84 29 92 16 4 72
4 30 84 80 92 35 79
23 44 46 28 31 29 21
41 79 6 18 16 80 97
15 77 0 92 16 4 61
91 93 29 11 84 29 9
4 30 84 40 2 68 32
18 16 80 73 26 69 14
11 84 29 22 51 87 66
51 9 36 25 92 78 93
65 52 35 25 92 78 58
92 16 4 17 66 85 95
65 52 35 45 26 21 29
81 66 79 84 67 54 25
33 42 1 91 93 29 58
16 22 39 78 47 2 44
21 39 69 46 66 70 27
64 90 1 69 18 55 90
3 4 39 6 50 65 52
4 30 84 53 15 31 55
26 39 83 82 82 63 47
79 3 59 2 17 37 26
40 2 68 23 44 46 47
68 47 64 77 9 56 38
63 89 63 94 54 33 46
82 82 63 67 25 50 58
84 67 54 15 77 0 54
81 66 79 59 78 47 34
21 39 69 63 89 63 50
16 22 39 22 51 87 56
27 79 92 9 70 25 67
70 18 19 95 84 94 99
93 45 9 43 33 32 25
15 77 0 19 46 13 33
20 42 9 40 2 68 71
24 63 28 93 45 9 26
52 19 69 38 0 69 19
38 0 69 48 35 51 39
38 0 69 40 2 68 2
45 26 21 68 47 64 47
5 72 36 78 47 2 42
52 19 69 11 84 29 76
5 72 36 75 28 15 48
73 26 69 10 56 79 31
95 84 94 16 22 39 82
69 18 55 7 2 5 52
0 94 26 78 47 2 52
16 22 39 60 18 59 20
24 63 28 78 47 2 30
8 50 9 42 63 36 29
29 78 55 65 52 35 32
18 16 80 46 66 70 50
95 84 94 46 66 70 30
0 94 26 58 28 15 66
92 16 4 12 82 66 90
61 43 30 88 46 79 49
41 79 6 48 35 51 62
15 77 0 46 66 70 70
83 39 37 2 17 37 22
68 47 64 42 63 36 32
12 82 66 31 37 81 47
50 18 19 60 18 59 40
70 18 19 20 42 9 26
48 35 51 53 15 31 28
62 43 49 73 26 69 26
50 18 19 79 3 59 42
6 50 65 45 26 21 50
5 72 36 51 9 36 63
37 24 40 65 52 35 28
26 39 83 47 41 19 64
94 54 33 75 28 15 31
49 81 91 26 39 83 42
56 92 79 87 19 18 95
2 17 37 91 93 29 76
83 39 37 69 18 55 27
11 84 29 62 43 49 45
76 22 34 32 28 54 20
80 92 35 93 45 9 53
89 38 12 44 50 72 61
85 81 84 42 63 36 51
11 84 29 90 73 60 32
23 44 46 4 30 84 40
75 28 15 62 43 49 37
89 38 12 45 26 21 15
41 79 6 67 25 50 69
82 82 63 29 78 55 8
78 47 2 6 50 65 63
1 62 6 12 82 66 63
13 88 90 62 43 49 60
74 68 35 24 63 28 8
12 82 66 87 19 18 79
74 68 35 11 84 29 17
62 43 49 60 18 59 26
17 66 85 29 78 55 32
48 35 51 28 31 29 22
16 22 39 84 67 54 47
2 17 37 95 84 94 87
69 18 55 72 77 64 59
94 54 33 90 73 60 33
72 77 64 79 3 59 74
93 45 9 46 66 70 64
39 20 27 3 4 39 20
57 66 82 10 56 79 10
54 23 55 26 39 83 32
21 39 69 37 24 40 32
50 18 19 64 90 1 74
42 63 36 10 56 79 43
90 73 60 42 63 36 26
9 70 25 46 66 70 45
17 66 85 56 92 79 26
71 21 52 18 16 80 28
58 28 15 71 21 52 37
79 3 59 23 44 46 43
87 19 18 13 88 90 99
46 66 70 56 92 79 27
91 93 29 71 21 52 75
0 94 26 80 92 35 9
15 77 0 9 70 25 25
21 39 69 44 50 72 11
32 28 54 13 88 90 69
9 70 25 17 66 85 60
21 39 69 59 78 47 44
20 42 9 37 24 40 35
88 46 79 45 26 21 61
40 2 68 22 51 87 52
80 92 35 62 43 49 50
94 54 33 76 22 34 32
31 37 81 0 94 26 79
56 92 79 27 79 92 18
55 73 56 92 16 4 77
41 79 6 42 63 36 34
46 66 70 36 82 81 19
48 35 51 15 77 0 66
29 78 55 87 19 18 69
54 23 55 2 17 37 18
44 50 72 47 41 19 53
87 19 18 93 45 9 27
80 92 35 81 66 79 51
27 79 92 7 2 5 116
76 22 34 29 78 55 59
8 50 9 27 79 92 87
27 79 92 41 79 6 86
94 54 33 74 68 35 14
71 21 52 59 78 47 57
63 89 63 77 9 56 80
24 63 28 29 78 55 30
63 89 63 51 9 36 84
32 28 54 75 28 15 39
30 3 35 87 19 18 23
56 92 79 94 54 33 59
35 52 55 4 30 84 36
68 47 64 52 19 69 28
14 0 24 34 84 59 91
20 42 9 61 43 30 21
78 47 2 44 50 72 70
3 4 39 27 79 92 91
69 18 55 18 16 80 25
77 9 56 54 23 55 14
48 35 51 36 82 81 55
28 31 29 1 62 6 38
33 42 1 1 62 6 20
54 23 55 68 47 64 25
74 68 35 37 24 40 44
36 82 81 21 39 69 44
17 66 85 63 89 63 31
7 2 5 59 78 47 86
18 16 80 30 3 35 46
43 33 32 66 10 3 37
47 41 19 93 45 9 10
9 70 25 90 73 60 35
86 87 4 25 92 78 74
35 52 55 68 47 64 10
24 63 28 23 44 46 26
34 84 59 63 89 63 6
26 39 83 9 70 25 65
3 4 39 76 22 34 18
36 82 81 58 28 15 85
22 51 87 85 81 84 30
36 82 81 30 3 35 91
83 39 37 10 56 79 45
32 28 54 24 63 28 43
85 81 84 25 92 78 12
50 18 19 43 33 32 19
19 46 13 38 0 69 72
28 31 29 91 93 29 62
44 50 72 64 90 1 81
3 4 39 14 0 24 15
63 89 63 85 81 84 22
47 41 19 70 18 19 23
68 47 64 95 84 94 47
57 66 82 1 62 6 76
0 94 26 67 25 50 73
30 3 35 33 42 1 51
17 66 85 59 78 47 39
48 35 51 51 9 36 30
86 87 4 92 16 4 71
20 42 9 77 9 56 57
37 24 40 81 66 79 57
37 24 40 4 30 84 44
10 56 79 1 62 6 73
33 42 1 74 68 35 42
15 77 0 16 22 39 67
55 73 56 94 54 33 29
62 43 49 58 28 15 37
1 62 6 94 54 33 28
78 47 2 34 84 59 67
84 67 54 31 37 81 40
32 28 54 41 79 6 70
92 16 4 1 62 6 46
59 78 47 13 88 90 44
43 33 32 61 43 30 10
72 77 64 73 26 69 51
94 54 33 78 47 2 31
64 90 1 31 37 81 95
84 67 54 14 0 24 73
3 4 39 57 66 82 75
54 23 55 62 43 49 20
20 42 9 4 30 84 75
64 90 1 9 70 25 31
33 42 1 66 10 3 32
7 2 5 78 47 2 45
72 77 64 20 42 9 65
65 52 35 9 70 25 20
68 47 64 88 46 79 15
14 0 24 88 46 79 71
88 46 79 55 73 56 35
91 93 29 16 22 39 71
49 81 91 83 39 37 68
37 24 40 38 0 69 37
23 44 46 26 39 83 37
90 73 60 5 72 36 24
79 3 59 10 56 79 56
29 78 55 77 9 56 69
33 42 1 42 63 36 40
26 39 83 92 16 4 82
86 87 4 69 18 55 85
67 25 50 18 16 80 31
32 28 54 83 39 37 20
92 16 4 57 66 82 92
37 24 40 23 44 46 20
15 77 0 5 72 36 36
70 18 19 2 17 37 18
29 78 55 42 63 36 24
46 66 70 38 0 69 66
76 22 34 89 38 12 27
13 88 90 61 43 30 75
68 47 64 10 56 79 17
65 52 35 33 42 1 35
27 79 92 82 82 63 29
93 45 9 32 28 54 48
81 66 79 74 68 35 44
30 3 35 20 42 9 46
44 50 72 95 84 94 40
29 78 55 39 20 27 64
49 81 91 74 68 35 57
0 94 26 3 4 39 90
86 87 4 95 84 94 90
13 88 90 25 92 78 12
32 28 54 51 9 36 26
75 28 15 56 92 79 90
70 18 19 72 77 64 74
40 2 68 68 47 64 45
33 42 1 50 18 19 30
17 66 85 64 90 1 87
91 93 29 10 56 79 62
0 94 26 50 18 19 76
73 26 69 54 23 55 14
54 23 55 27 79 92 67
19 46 13 18 16 80 73
70 18 19 37 24 40 21
77 9 56 92 16 4 52
90 73 60 86 87 4 57
6 50 65 87 19 18 56
42 63 36 63 89 63 37
26 39 83 39 20 27 59
46 66 70 78 47 2 70
2 17 37 51 9 36 8
46 66 70 75 28 15 66
2 17 37 72 77 64 65
0 94 26 36 82 81 56
49 81 91 82 82 63 28
75 28 15 71 21 52 37
90 73 60 13 88 90 33
55 73 56 64 90 1 57
85 81 84 69 18 55 69
4 30 84 61 43 30 55
77 9 56 23 44 46 36
0 94 26 4 30 84 86
57 66 82 5 72 36 46
70 18 19 44 50 72 61
55 73 56 48 35 51 38
32 28 54 62 43 49 15
30 3 35 91 93 29 90
74 68 35 22 51 87 54
31 37 81 38 0 69 38
39 20 27 84 67 54 54
4 30 84 79 3 59 36
51 9 36 36 82 81 85
63 89 63 60 18 59 71
44 50 72 40 2 68 48
4 30 84 87 19 18 66
74 68 35 36 82 81 48
47 41 19 43 33 32 15
7 2 5 19 46 13 44
83 39 37 71 21 52 23
60 18 59 7 2 5 56
91 93 29 13 88 90 61
1 62 6 13 88 90 87
53 15 31 58 28 15 20
37 24 40 94 54 33 30
45 26 21 27 79 92 88
90 73 60 43 33 32 48
56 92 79 20 42 9 86
67 25 50 20 42 9 44
33 42 1 38 0 69 79
89 38 12 77 9 56 52
12 82 66 5 72 36 31