37 666
22 23 14 21 6 28 22
30 28 16 29 30 16 2
1 13 34 26 4 29 10
10 16 4 30 28 16 16
1 13 34 27 18 19 15
5 1 23 1 13 34 16
16 31 3 21 6 28 35
25 8 2 2 0 19 18
8 6 14 15 7 5 9
28 4 10 2 0 19 9
11 28 1 6 30 0 2
31 36 23 11 28 1 23
21 6 28 18 24 16 21
16 31 3 27 18 19 20
6 30 0 12 32 10 10
31 36 23 35 4 5 36
34 5 6 17 34 29 37
10 16 4 2 0 19 21
28 4 10 11 28 1 25
26 4 29 8 6 14 15
9 4 20 0 14 10 14
26 4 29 16 31 3 37
29 30 16 25 8 2 26
15 7 5 29 30 16 25
36 1 3 23 14 15 17
5 1 23 24 2 4 19
33 13 10 12 32 10 19
8 6 14 9 4 20 6
2 0 19 7 17 35 23
15 7 5 34 5 6 2
21 6 28 28 4 10 18
24 2 4 29 30 16 30
25 8 2 18 24 16 21
11 28 1 35 4 5 24
33 13 10 18 24 16 12
25 8 2 0 14 10 10
10 16 4 28 4 10 13
22 23 14 25 8 2 19
32 36 0 11 28 1 8
9 4 20 27 18 19 14
4 31 6 3 3 34 39
9 4 20 31 36 23 32
1 13 34 6 30 0 38
23 14 15 22 23 14 9
10 16 4 27 18 19 15
7 17 35 36 1 3 35
35 4 5 13 4 14 9
14 21 0 22 23 14 14
22 23 14 27 18 19 7
3 3 34 25 8 2 32
12 32 10 14 21 0 14
5 1 23 19 10 11 15
32 36 0 10 16 4 20
3 3 34 15 7 5 29
20 27 35 28 4 10 33
20 27 35 1 13 34 14
10 16 4 3 3 34 32
21 6 28 29 30 16 26
34 5 6 21 6 28 22
4 31 6 15 7 5 24
5 1 23 31 36 23 35
6 30 0 29 30 16 16
25 8 2 11 28 1 20
18 24 16 13 4 14 20
2 0 19 15 7 5 15
2 0 19 35 4 5 14
32 36 0 18 24 16 20
29 30 16 9 4 20 26
4 31 6 2 0 19 33
27 18 19 20 27 35 18
12 32 10 0 14 10 18
24 2 4 6 30 0 28
35 4 5 25 8 2 5
10 16 4 34 5 6 11
6 30 0 5 1 23 37
0 14 10 35 4 5 11
11 28 1 33 13 10 17
33 13 10 10 16 4 6
33 13 10 32 36 0 25
7 17 35 13 4 14 24
23 14 15 25 8 2 14
25 8 2 15 7 5 3
13 4 14 33 13 10 9
5 1 23 28 4 10 13
0 14 10 13 4 14 10
29 30 16 14 21 0 18
9 4 20 18 24 16 20
14 21 0 10 16 4 6
24 2 4 26 4 29 25
16 31 3 29 30 16 13
18 24 16 2 0 19 24
25 8 2 27 18 19 19
8 6 14 18 24 16 18
9 4 20 2 0 19 4
23 14 15 19 10 11 5
10 16 4 13 4 14 15
11 28 1 0 14 10 16
29 30 16 7 17 35 23
19 10 11 33 13 10 3
13 4 14 16 31 3 29
34 5 6 9 4 20 14
17 34 29 0 14 10 27
2 0 19 33 13 10 15
22 23 14 32 36 0 19
22 23 14 7 17 35 21
20 27 35 12 32 10 25
6 30 0 28 4 10 27
23 14 15 33 13 10 5
1 13 34 31 36 23 25
6 30 0 25 8 2 22
9 4 20 5 1 23 4
35 4 5 9 4 20 15
8 6 14 14 21 0 20
34 5 6 5 1 23 17
34 5 6 4 31 6 26
24 2 4 11 28 1 26
18 24 16 31 36 23 13
31 36 23 34 5 6 35
21 6 28 24 2 4 24
33 13 10 6 30 0 19
22 23 14 0 14 10 9
8 6 14 24 2 4 10
17 34 29 3 3 34 31
1 13 34 34 5 6 29
31 36 23 13 4 14 33
10 16 4 36 1 3 15
7 17 35 30 28 16 21
35 4 5 1 13 34 30
21 6 28 6 30 0 36
2 0 19 12 32 10 33
5 1 23 2 0 19 4
27 18 19 32 36 0 26
31 36 23 16 31 3 20
15 7 5 20 27 35 36
36 1 3 22 23 14 24
3 3 34 21 6 28 6
35 4 5 5 1 23 18
17 34 29 35 4 5 38
29 30 16 12 32 10 6
26 4 29 17 34 29 30
28 4 10 27 18 19 16
9 4 20 11 28 1 30
13 4 14 26 4 29 15
20 27 35 19 10 11 29
28 4 10 30 28 16 24
35 4 5 27 18 19 19
34 5 6 24 2 4 3
19 10 11 25 8 2 9
22 23 14 2 0 19 23
28 4 10 0 14 10 10
13 4 14 29 30 16 26
13 4 14 11 28 1 27
13 4 14 1 13 34 21
11 28 1 29 30 16 15
6 30 0 3 3 34 43
32 36 0 15 7 5 29
7 17 35 19 10 11 25
19 10 11 8 6 14 5
18 24 16 20 27 35 19
28 4 10 23 14 15 11
24 2 4 27 18 19 21
8 6 14 31 36 23 31
4 31 6 11 28 1 5
5 1 23 16 31 3 36
14 21 0 16 31 3 10
17 34 29 32 36 0 29
19 10 11 4 31 6 21
33 13 10 31 36 23 26
14 21 0 4 31 6 11
11 28 1 1 13 34 36
36 1 3 35 4 5 3
11 28 1 22 23 14 13
32 36 0 34 5 6 31
21 6 28 1 13 34 9
33 13 10 1 13 34 24
18 24 16 27 18 19 6
30 28 16 27 18 19 10
32 36 0 21 6 28 41
3 3 34 26 4 29 5
10 16 4 29 30 16 18
14 21 0 28 4 10 19
8 6 14 32 36 0 33
6 30 0 2 0 19 35
1 13 34 19 10 11 23
11 28 1 16 31 3 3
7 17 35 16 31 3 34
26 4 29 30 28 16 27
17 34 29 6 30 0 29
21 6 28 15 7 5 23
5 1 23 7 17 35 20
33 13 10 25 8 2 9
17 34 29 16 31 3 26
35 4 5 33 13 10 10
21 6 28 17 34 29 28
6 30 0 36 1 3 29
19 10 11 29 30 16 20
3 3 34 5 1 23 11
11 28 1 27 18 19 20
2 0 19 11 28 1 33
21 6 28 0 14 10 19
4 31 6 18 24 16 12
20 27 35 30 28 16 19
30 28 16 16 31 3 13
0 14 10 30 28 16 15
22 23 14 31 36 23 15
1 13 34 2 0 19 19
6 30 0 26 4 29 38
10 16 4 8 6 14 14
12 32 10 28 4 10 28
0 14 10 31 36 23 25
14 21 0 21 6 28 31
8 6 14 35 4 5 9
0 14 10 33 13 10 1
1 13 34 36 1 3 33
36 1 3 16 31 3 30
20 27 35 24 2 4 39
10 16 4 1 13 34 30
32 36 0 19 10 11 28
17 34 29 5 1 23 33
11 28 1 7 17 35 35
35 4 5 28 4 10 5
31 36 23 7 17 35 22
8 6 14 29 30 16 24
16 31 3 23 14 15 20
11 28 1 23 14 15 19
16 31 3 28 4 10 27
30 28 16 11 28 1 15
19 10 11 0 14 10 4
36 1 3 2 0 19 16
9 4 20 12 32 10 29
2 0 19 0 14 10 16
31 36 23 20 27 35 15
30 28 16 25 8 2 24
11 28 1 14 21 0 7
8 6 14 36 1 3 12
4 31 6 13 4 14 28
21 6 28 12 32 10 31
32 36 0 6 30 0 6
16 31 3 24 2 4 29
36 1 3 20 27 35 41
30 28 16 2 0 19 28
13 4 14 8 6 14 2
9 4 20 32 36 0 37
31 36 23 26 4 29 32
32 36 0 13 4 14 34
9 4 20 20 27 35 27
20 27 35 6 30 0 35
4 31 6 0 14 10 17
26 4 29 22 23 14 24
12 32 10 10 16 4 17
28 4 10 4 31 6 27
0 14 10 20 27 35 28
17 34 29 24 2 4 40
9 4 20 23 14 15 11
3 3 34 14 21 0 38
7 17 35 26 4 29 14
3 3 34 31 36 23 34
22 23 14 35 4 5 21
24 2 4 31 36 23 38
3 3 34 11 28 1 41
30 28 16 4 31 6 10
1 13 34 7 17 35 4
20 27 35 32 36 0 36
34 5 6 3 3 34 28
23 14 15 13 4 14 10
27 18 19 13 4 14 14
19 10 11 30 28 16 18
22 23 14 5 1 23 23
14 21 0 32 36 0 15
1 13 34 24 2 4 31
23 14 15 2 0 19 14
17 34 29 11 28 1 28
28 4 10 31 36 23 34
17 34 29 18 24 16 16
15 7 5 17 34 29 36
6 30 0 19 10 11 22
30 28 16 13 4 14 24
35 4 5 34 5 6 1
9 4 20 7 17 35 19
9 4 20 3 3 34 14
26 4 29 28 4 10 19
23 14 15 21 6 28 15
32 36 0 3 3 34 47
3 3 34 23 14 15 21
27 18 19 12 32 10 16
23 14 15 34 5 6 12
1 13 34 3 3 34 10
3 3 34 20 27 35 24
29 30 16 31 36 23 9
8 6 14 33 13 10 8
15 7 5 12 32 10 25
0 14 10 24 2 4 13
19 10 11 17 34 29 30
29 30 16 28 4 10 26
6 30 0 27 18 19 22
15 7 5 23 14 15 12
16 31 3 35 4 5 27
4 31 6 35 4 5 27
11 28 1 19 10 11 20
3 3 34 2 0 19 15
20 27 35 2 0 19 31
7 17 35 17 34 29 18
17 34 29 31 36 23 6
31 36 23 6 30 0 23
7 17 35 15 7 5 31
19 10 11 12 32 10 22
7 17 35 21 6 28 13
24 2 4 36 1 3 1
2 0 19 26 4 29 10
24 2 4 7 17 35 34
3 3 34 8 6 14 20
4 31 6 20 27 35 29
30 28 16 9 4 20 24
13 4 14 21 6 28 14
21 6 28 9 4 20 8
1 13 34 12 32 10 30
22 23 14 8 6 14 17
25 8 2 9 4 20 18
13 4 14 17 34 29 33
23 14 15 17 34 29 24
2 0 19 27 18 19 18
36 1 3 26 4 29 26
18 24 16 36 1 3 26
0 14 10 32 36 0 24
8 6 14 16 31 3 27
10 16 4 20 27 35 32
16 31 3 25 8 2 23
26 4 29 0 14 10 21
36 1 3 21 6 28 25
26 4 29 32 36 0 43
20 27 35 16 31 3 32
23 14 15 26 4 29 17
15 7 5 10 16 4 9
36 1 3 3 3 34 31
19 10 11 16 31 3 22
35 4 5 18 24 16 22
18 24 16 0 14 10 11
30 28 16 36 1 3 29
20 27 35 5 1 23 28
15 7 5 35 4 5 3
3 3 34 30 28 16 30
2 0 19 31 36 23 36
27 18 19 26 4 29 17
22 23 14 24 2 4 23
16 31 3 0 14 10 18
33 13 10 3 3 34 26
1 13 34 28 4 10 25
10 16 4 21 6 28 26
14 21 0 24 2 4 19
20 27 35 33 13 10 28
11 28 1 18 24 16 15
30 28 16 17 34 29 14
14 21 0 23 14 15 16
2 0 19 34 5 6 13
10 16 4 35 4 5 12
18 24 16 14 21 0 16
18 24 16 19 10 11 14
7 17 35 8 6 14 23
11 28 1 15 7 5 21
15 7 5 22 23 14 18
9 4 20 36 1 3 17
26 4 29 15 7 5 24
15 7 5 1 13 34 29
0 14 10 8 6 14 8
17 34 29 25 8 2 37
28 4 10 19 10 11 6
33 13 10 36 1 3 13
7 17 35 23 14 15 20
15 7 5 5 1 23 18
10 16 4 24 2 4 14
25 8 2 21 6 28 26
8 6 14 17 34 29 31
18 24 16 1 13 34 21
5 1 23 30 28 16 27
29 30 16 27 18 19 12
9 4 20 1 13 34 16
14 21 0 15 7 5 14
25 8 2 5 1 23 22
36 1 3 14 21 0 20
0 14 10 7 17 35 25
6 30 0 10 16 4 14
1 13 34 25 8 2 32
19 10 11 27 18 19 11
16 31 3 15 7 5 24
29 30 16 36 1 3 31
1 13 34 22 23 14 22
27 18 19 0 14 10 9
33 13 10 26 4 29 21
18 24 16 26 4 29 23
20 27 35 13 4 14 31
36 1 3 25 8 2 7
21 6 28 35 4 5 23
4 31 6 7 17 35 32
5 1 23 33 13 10 17
27 18 19 21 6 28 15
35 4 5 14 21 0 17
29 30 16 4 31 6 10
19 10 11 22 23 14 13
22 23 14 18 24 16 2
28 4 10 34 5 6 4
28 4 10 32 36 0 33
31 36 23 36 1 3 40
34 5 6 33 13 10 8
7 17 35 20 27 35 10
5 1 23 13 4 14 9
27 18 19 23 14 15 5
23 14 15 8 6 14 8
19 10 11 10 16 4 9
35 4 5 26 4 29 24
15 7 5 13 4 14 9
28 4 10 18 24 16 20
12 32 10 25 8 2 25
33 13 10 30 28 16 16
6 30 0 8 6 14 27
18 24 16 6 30 0 17
15 7 5 24 2 4 5
5 1 23 12 32 10 33
14 21 0 19 10 11 15
36 1 3 11 28 1 27
33 13 10 15 7 5 7
4 31 6 22 23 14 11
4 31 6 26 4 29 35
17 34 29 27 18 19 18
29 30 16 3 3 34 32
26 4 29 14 21 0 33
35 4 5 30 28 16 26
0 14 10 10 16 4 6
16 31 3 6 30 0 3
28 4 10 8 6 14 4
16 31 3 9 4 20 31
15 7 5 28 4 10 5
18 24 16 7 17 35 20
8 6 14 30 28 16 22
31 36 23 21 6 28 30
3 3 34 24 2 4 30
8 6 14 21 6 28 14
10 16 4 7 17 35 31
23 14 15 5 1 23 15
22 23 14 34 5 6 19
15 7 5 30 28 16 23
32 36 0 7 17 35 39
19 10 11 13 4 14 6
29 30 16 5 1 23 29
4 31 6 25 8 2 23
0 14 10 6 30 0 18
27 18 19 14 21 0 19
28 4 10 25 8 2 8
24 2 4 4 31 6 29
7 17 35 28 4 10 28
22 23 14 6 30 0 15
15 7 5 0 14 10 8
8 6 14 5 1 23 10
23 14 15 12 32 10 18
11 28 1 34 5 6 23
22 23 14 3 3 34 28
31 36 23 19 10 11 28
13 4 14 2 0 19 6
24 2 4 19 10 11 10
12 32 10 7 17 35 29
34 5 6 36 1 3 5
5 1 23 32 36 0 41
25 8 2 8 6 14 12
21 6 28 26 4 29 2
32 36 0 24 2 4 34
11 28 1 5 1 23 34
30 28 16 14 21 0 17
30 28 16 23 14 15 14
20 27 35 34 5 6 36
12 32 10 32 36 0 10
1 13 34 16 31 3 35
32 36 0 16 31 3 5
32 36 0 35 4 5 32
24 2 4 28 4 10 6
34 5 6 27 18 19 18
4 31 6 27 18 19 18
9 4 20 26 4 29 9
12 32 10 36 1 3 31
3 3 34 19 10 11 24
33 13 10 22 23 14 10
12 32 10 26 4 29 33
19 10 11 2 0 19 12
18 24 16 23 14 15 10
34 5 6 30 28 16 25
24 2 4 12 32 10 30
13 4 14 25 8 2 12
14 21 0 6 30 0 9
25 8 2 7 17 35 34
4 31 6 21 6 28 33
0 14 10 34 5 6 9
5 1 23 10 16 4 24
10 16 4 23 14 15 11
25 8 2 24 2 4 6
32 36 0 2 0 19 40
10 16 4 18 24 16 14
32 36 0 36 1 3 35
34 5 6 14 21 0 17
9 4 20 14 21 0 26
17 34 29 20 27 35 9
26 4 29 5 1 23 6
18 24 16 5 1 23 24
14 21 0 25 8 2 13
34 5 6 16 31 3 26
15 7 5 31 36 23 34
16 31 3 2 0 19 34
6 30 0 4 31 6 6
31 36 23 27 18 19 18
31 36 23 10 16 4 27
34 5 6 25 8 2 5
29 30 16 17 34 29 13
32 36 0 4 31 6 7
29 30 16 23 14 15 16
13 4 14 9 4 20 6
24 2 4 23 14 15 16
26 4 29 19 10 11 18
25 8 2 31 36 23 35
4 31 6 12 32 10 4
7 17 35 35 4 5 32
26 4 29 29 30 16 29
32 36 0 29 30 16 17
19 10 11 36 1 3 12
6 30 0 15 7 5 23
22 23 14 17 34 29 18
10 16 4 25 8 2 8
24 2 4 35 4 5 2
23 14 15 0 14 10 5
9 4 20 24 2 4 16
32 36 0 30 28 16 17
24 2 4 2 0 19 15
19 10 11 34 5 6 7
35 4 5 29 30 16 28
12 32 10 17 34 29 19
25 8 2 32 36 0 28
19 10 11 9 4 20 10
10 16 4 22 23 14 12
33 13 10 27 18 19 10
14 21 0 17 34 29 31
2 0 19 14 21 0 28
21 6 28 33 13 10 19
4 31 6 33 13 10 18
2 0 19 17 34 29 35
7 17 35 34 5 6 31
9 4 20 6 30 0 32
12 32 10 18 24 16 10
16 31 3 3 3 34 41
24 2 4 30 28 16 28
12 32 10 30 28 16 7
32 36 0 23 14 15 26
29 30 16 22 23 14 7
4 31 6 1 13 34 33
8 6 14 2 0 19 7
8 6 14 34 5 6 8
22 23 14 20 27 35 21
28 4 10 33 13 10 9
33 13 10 14 21 0 12
20 27 35 35 4 5 37
11 28 1 26 4 29 36
14 21 0 7 17 35 35
9 4 20 4 31 6 30
22 23 14 30 28 16 5
23 14 15 35 4 5 14
25 8 2 26 4 29 27
30 28 16 18 24 16 4
33 13 10 29 30 16 18
11 28 1 8 6 14 25
4 31 6 23 14 15 19
4 31 6 36 1 3 30
14 21 0 0 14 10 12
7 17 35 27 18 19 16
28 4 10 17 34 29 35
6 30 0 7 17 35 37
12 32 10 8 6 14 26
29 30 16 2 0 19 30
11 28 1 20 27 35 34
34 5 6 26 4 29 23
36 1 3 27 18 19 23
17 34 29 1 13 34 21
12 32 10 16 31 3 7
18 24 16 15 7 5 20
21 6 28 11 28 1 34
13 4 14 34 5 6 8
33 13 10 9 4 20 13
1 13 34 30 28 16 23
1 13 34 32 36 0 41
20 27 35 25 8 2 38
26 4 29 10 16 4 27
28 4 10 13 4 14 4
29 30 16 1 13 34 24
23 14 15 6 30 0 21
31 36 23 14 21 0 27
10 16 4 4 31 6 15
8 6 14 1 13 34 21
21 6 28 30 28 16 25
24 2 4 33 13 10 12
13 4 14 22 23 14 19
5 1 23 27 18 19 17
3 3 34 7 17 35 14
22 23 14 16 31 3 13
21 6 28 5 1 23 7
13 4 14 12 32 10 28
30 28 16 6 30 0 16
22 23 14 9 4 20 19
27 18 19 15 7 5 17
12 32 10 3 3 34 37
20 27 35 29 30 16 19
22 23 14 28 4 10 19
16 31 3 18 24 16 14
0 14 10 1 13 34 24
14 21 0 5 1 23 30
6 30 0 34 5 6 25
31 36 23 32 36 0 23
36 1 3 17 34 29 42
31 36 23 4 31 6 17
19 10 11 21 6 28 17
9 4 20 10 16 4 20
3 3 34 27 18 19 21
1 13 34 14 21 0 34
31 36 23 12 32 10 13
6 30 0 35 4 5 26
35 4 5 3 3 34 29
4 31 6 16 31 3 3
16 31 3 33 13 10 19
15 7 5 9 4 20 15
36 1 3 15 7 5 6
3 3 34 0 14 10 26
30 28 16 31 36 23 10
21 6 28 2 0 19 10
4 31 6 17 34 29 23
1 13 34 23 14 15 19
23 14 15 31 36 23 23
8 6 14 20 27 35 29
19 10 11 15 7 5 6
10 16 4 16 31 3 15
11 28 1 12 32 10 9
13 4 14 6 30 0 29
19 10 11 35 4 5 8
36 1 3 13 4 14 11
23 14 15 20 27 35 23
24 2 4 18 24 16 25
10 16 4 17 34 29 30
11 28 1 10 16 4 12
9 4 20 17 34 29 31
7 17 35 33 13 10 25
3 3 34 13 4 14 20
14 21 0 20 27 35 35
29 30 16 0 14 10 17
33 13 10 17 34 29 28
4 31 6 8 6 14 26
0 14 10 36 1 3 14
0 14 10 5 1 23 18
21 6 28 20 27 35 22
13 4 14 24 2 4 10
3 3 34 28 4 10 24
22 23 14 12 32 10 9
8 6 14 27 18 19 13
20 27 35 26 4 29 23
35 4 5 12 32 10 28
18 24 16 29 30 16 6
13 4 14 14 21 0 22
34 5 6 18 24 16 21
36 1 3 5 1 23 20
18 24 16 3 3 34 27
36 1 3 28 4 10 7
12 32 10 34 5 6 27
28 4 10 9 4 20 10
29 30 16 34 5 6 26
5 1 23 4 31 6 34