56 1540
21 43 13 55 51 25 14
39 2 23 36 20 5 25
30 28 38 45 43 55 22
31 35 4 21 43 13 12
43 26 52 36 20 5 47
55 51 25 27 30 47 30
49 24 22 25 19 39 17
34 8 14 23 19 31 20
17 24 27 28 46 37 24
51 35 19 1 55 7 23
28 46 37 15 41 49 13
45 43 55 40 21 15 45
36 20 5 5 0 47 46
9 28 52 13 12 50 16
7 15 53 47 47 16 48
49 24 22 29 30 37 16
40 21 15 2 55 1 36
22 0 22 25 19 39 25
2 55 1 42 55 8 7
51 35 19 27 30 47 28
30 28 38 8 11 16 27
32 26 23 14 12 54 34
1 55 7 54 39 20 20
45 43 55 5 0 47 43
19 8 20 39 2 23 6
29 30 37 17 24 27 11
33 27 46 2 55 1 53
9 28 52 18 19 18 35
28 46 37 39 2 23 46
16 4 14 34 8 14 4
27 30 47 16 4 14 42
29 30 37 55 51 25 24
42 55 8 11 21 55 58
8 11 16 40 21 15 10
7 15 53 3 38 21 39
50 30 54 11 21 55 9
27 30 47 48 55 11 43
45 43 55 7 15 53 28
15 41 49 38 7 12 50
15 41 49 14 12 54 29
50 30 54 4 17 45 15
2 55 1 55 51 25 24
53 0 17 48 55 11 55
43 26 52 10 34 54 8
55 51 25 46 39 4 24
45 43 55 26 4 29 46
10 34 54 25 19 39 21
1 55 7 16 4 14 51
15 41 49 45 43 55 6
46 39 4 19 8 20 34
17 24 27 39 2 23 22
39 2 23 30 28 38 30
35 24 50 43 26 52 2
46 39 4 2 55 1 16
6 39 54 31 35 4 50
12 17 32 22 0 22 19
39 2 23 23 19 31 18
24 22 18 9 28 52 34
46 39 4 22 0 22 42
51 35 19 24 22 18 13
9 28 52 55 51 25 35
55 51 25 31 35 4 26
37 49 5 2 55 1 7
0 11 7 23 19 31 25
25 19 39 29 30 37 11
12 17 32 46 39 4 35
52 28 3 21 43 13 18
35 24 50 23 19 31 19
46 39 4 17 24 27 27
1 55 7 42 55 8 1
26 4 29 23 19 31 15
27 30 47 21 43 13 36
3 38 21 1 55 7 22
14 12 54 17 24 27 29
29 30 37 53 0 17 36
25 19 39 30 28 38 9
2 55 1 4 17 45 58
38 7 12 5 0 47 35
44 11 0 17 24 27 29
52 28 3 39 2 23 32
36 20 5 12 17 32 27
0 11 7 42 55 8 44
12 17 32 51 35 19 22
1 55 7 17 24 27 36
48 55 11 32 26 23 31
12 17 32 34 8 14 20
39 2 23 48 55 11 54
12 17 32 11 21 55 23
26 4 29 7 15 53 26
14 12 54 47 47 16 51
8 11 16 18 19 18 8
1 55 7 8 11 16 44
47 47 16 8 11 16 36
5 0 47 6 39 54 39
26 4 29 32 26 23 22
13 12 50 50 30 54 18
33 27 46 41 48 16 36
34 8 14 21 43 13 35
7 15 53 55 51 25 45
46 39 4 9 28 52 49
31 35 4 5 0 47 55
51 35 19 15 41 49 30
10 34 54 3 38 21 33
26 4 29 40 21 15 22
21 43 13 29 30 37 27
41 48 16 25 19 39 37
45 43 55 55 51 25 31
35 24 50 33 27 46 5
42 55 8 29 30 37 38
40 21 15 55 51 25 31
19 8 20 14 12 54 34
7 15 53 53 0 17 39
50 30 54 22 0 22 43
6 39 54 24 22 18 39
24 22 18 12 17 32 14
31 35 4 54 39 20 16
30 28 38 22 0 22 32
9 28 52 12 17 32 22
48 55 11 16 4 14 51
11 21 55 15 41 49 20
43 26 52 51 35 19 34
20 22 12 41 48 16 26
10 34 54 36 20 5 50
24 22 18 0 11 7 15
2 55 1 41 48 16 16
21 43 13 9 28 52 41
27 30 47 22 0 22 39
3 38 21 12 17 32 23
12 17 32 45 43 55 34
10 34 54 14 12 54 22
32 26 23 11 21 55 32
30 28 38 3 38 21 19
9 28 52 51 35 19 33
18 19 18 33 27 46 29
30 28 38 23 19 31 11
48 55 11 12 17 32 43
25 19 39 18 19 18 21
40 21 15 13 12 50 36
10 34 54 55 51 25 33
18 19 18 45 43 55 44
29 30 37 37 49 5 37
30 28 38 6 39 54 19
33 27 46 20 22 12 34
11 21 55 30 28 38 18
22 0 22 44 11 0 24
48 55 11 36 20 5 35
50 30 54 44 11 0 57
16 4 14 14 12 54 40
54 39 20 7 15 53 40
17 24 27 19 8 20 17
44 11 0 4 17 45 45
28 46 37 51 35 19 21
39 2 23 11 21 55 37
13 12 50 49 24 22 30
49 24 22 0 11 7 19
17 24 27 12 17 32 8
36 20 5 0 11 7 9
20 22 12 37 49 5 27
28 46 37 2 55 1 37
18 19 18 50 30 54 37
40 21 15 51 35 19 14
29 30 37 5 0 47 31
11 21 55 54 39 20 39
47 47 16 46 39 4 14
40 21 15 53 0 17 21
35 24 50 21 43 13 41
55 51 25 52 28 3 31
33 27 46 13 12 50 15
19 8 20 55 51 25 43
25 19 39 28 46 37 27
20 22 12 31 35 4 15
28 46 37 50 30 54 23
54 39 20 23 19 31 22
51 35 19 32 26 23 9
38 7 12 51 35 19 28
9 28 52 50 30 54 2
24 22 18 18 19 18 3
17 24 27 11 21 55 28
16 4 14 28 46 37 47
8 11 16 19 8 20 5
14 12 54 45 43 55 31
49 24 22 53 0 17 24
41 48 16 46 39 4 15
32 26 23 6 39 54 33
16 4 14 0 11 7 9
14 12 54 42 55 8 62
4 17 45 30 28 38 13
8 11 16 48 55 11 44
6 39 54 52 28 3 52
4 17 45 25 19 39 6
49 24 22 22 0 22 24
36 20 5 31 35 4 15
36 20 5 15 41 49 48
19 8 20 43 26 52 36
14 12 54 20 22 12 43
21 43 13 51 35 19 10
31 35 4 53 0 17 37
53 0 17 32 26 23 26
29 30 37 52 28 3 34
28 46 37 10 34 54 20
48 55 11 50 30 54 49
31 35 4 15 41 49 45
27 30 47 38 7 12 41
0 11 7 5 0 47 41
50 30 54 40 21 15 40
20 22 12 16 4 14 18
55 51 25 42 55 8 17
39 2 23 32 26 23 24
1 55 7 18 19 18 37
41 48 16 29 30 37 27
35 24 50 1 55 7 53
38 7 12 10 34 54 49
14 12 54 31 35 4 55
4 17 45 9 28 52 13
5 0 47 47 47 16 56
43 26 52 26 4 29 31
37 49 5 24 22 18 29
38 7 12 39 2 23 12
8 11 16 29 30 37 28
7 15 53 25 19 39 14
21 43 13 36 20 5 24
53 0 17 28 46 37 50
45 43 55 28 46 37 18
6 39 54 29 30 37 19
50 30 54 53 0 17 47
19 8 20 38 7 12 8
10 34 54 35 24 50 10
48 55 11 17 24 27 34
53 0 17 26 4 29 12
5 0 47 1 55 7 68
32 26 23 37 49 5 29
52 28 3 45 43 55 54
29 30 37 23 19 31 12
6 39 54 1 55 7 49
40 21 15 19 8 20 13
36 20 5 4 17 45 40
16 4 14 30 28 38 33
47 47 16 32 26 23 22
22 0 22 47 47 16 47
12 17 32 38 7 12 22
55 51 25 49 24 22 27
22 0 22 7 15 53 34
38 7 12 36 20 5 14
38 7 12 28 46 37 46
1 55 7 9 28 52 52
30 28 38 42 55 8 40
55 51 25 0 11 7 43
35 24 50 8 11 16 36
42 55 8 18 19 18 37
35 24 50 32 26 23 27
36 20 5 41 48 16 30
23 19 31 6 39 54 30
5 0 47 10 34 54 34
17 24 27 52 28 3 24
30 28 38 44 11 0 41
38 7 12 50 30 54 47
42 55 8 51 35 19 22
31 35 4 34 8 14 28
6 39 54 53 0 17 53
35 24 50 13 12 50 12
22 0 22 45 43 55 54
44 11 0 26 4 29 29
44 11 0 16 4 14 15
46 39 4 0 11 7 28
16 4 14 41 48 16 44
38 7 12 53 0 17 8
28 46 37 31 35 4 34
14 12 54 1 55 7 63
10 34 54 9 28 52 6
1 55 7 37 49 5 6
55 51 25 22 0 22 51
30 28 38 32 26 23 15
35 24 50 26 4 29 29
17 24 27 35 24 50 23
2 55 1 9 28 52 57
33 27 46 32 26 23 23
21 43 13 10 34 54 41
18 19 18 51 35 19 16
49 24 22 31 35 4 21
47 47 16 25 19 39 36
3 38 21 9 28 52 32
54 39 20 36 20 5 24
5 0 47 41 48 16 57
15 41 49 41 48 16 33
40 21 15 41 48 16 27
50 30 54 0 11 7 50
24 22 18 10 34 54 37
53 0 17 1 55 7 55
46 39 4 15 41 49 45
21 43 13 0 11 7 32
46 39 4 44 11 0 28
30 28 38 21 43 13 29
6 39 54 19 8 20 46
50 30 54 54 39 20 35
53 0 17 0 11 7 14
21 43 13 15 41 49 36
34 8 14 10 34 54 47
47 47 16 17 24 27 25
8 11 16 15 41 49 44
14 12 54 29 30 37 24
14 12 54 50 30 54 18
44 11 0 29 30 37 41
28 46 37 48 55 11 27
9 28 52 42 55 8 51
8 11 16 54 39 20 28
34 8 14 26 4 29 15
33 27 46 48 55 11 44
30 28 38 33 27 46 8
11 21 55 52 28 3 52
34 8 14 2 55 1 48
28 46 37 12 17 32 29
18 19 18 3 38 21 19
11 21 55 34 8 14 43
11 21 55 43 26 52 5
54 39 20 41 48 16 9
3 38 21 22 0 22 38
53 0 17 47 47 16 47
8 11 16 38 7 12 5
46 39 4 6 39 54 50
26 4 29 25 19 39 18
36 20 5 51 35 19 20
49 24 22 47 47 16 23
40 21 15 46 39 4 21
17 24 27 6 39 54 30
32 26 23 13 12 50 30
46 39 4 35 24 50 48
50 30 54 33 27 46 8
51 35 19 31 35 4 15
3 38 21 0 11 7 30
4 17 45 12 17 32 13
3 38 21 6 39 54 33
55 51 25 8 11 16 41
38 7 12 48 55 11 48
12 17 32 20 22 12 20
41 48 16 34 8 14 40
26 4 29 14 12 54 26
20 22 12 24 22 18 6
2 55 1 31 35 4 20
25 19 39 34 8 14 27
4 17 45 31 35 4 44
45 43 55 47 47 16 39
24 22 18 29 30 37 20
39 2 23 16 4 14 9
54 39 20 28 46 37 18
14 12 54 13 12 50 4
4 17 45 51 35 19 31
10 34 54 6 39 54 5
0 11 7 15 41 49 51
9 28 52 37 49 5 51
39 2 23 12 17 32 17
37 49 5 33 27 46 46
5 0 47 14 12 54 13
21 43 13 20 22 12 21
36 20 5 18 19 18 13
5 0 47 21 43 13 54
10 34 54 1 55 7 51
52 28 3 35 24 50 47
28 46 37 5 0 47 47
51 35 19 52 28 3 17
43 26 52 46 39 4 49
46 39 4 49 24 22 23
41 48 16 7 15 53 49
5 0 47 26 4 29 18
14 12 54 4 17 45 10
34 8 14 50 30 54 45
6 39 54 55 51 25 31
54 39 20 52 28 3 20
27 30 47 37 49 5 46
50 30 54 10 34 54 4
23 19 31 22 0 22 21
46 39 4 32 26 23 23
41 48 16 21 43 13 5
10 34 54 49 24 22 33
53 0 17 37 49 5 50
25 19 39 37 49 5 45
30 28 38 37 49 5 39
20 22 12 46 39 4 18
44 11 0 28 46 37 50
37 49 5 47 47 16 11
7 15 53 35 24 50 9
39 2 23 55 51 25 49
7 15 53 9 28 52 13
24 22 18 27 30 47 30
26 4 29 48 55 11 54
47 47 16 20 22 12 25
23 19 31 42 55 8 42
19 8 20 26 4 29 9
39 2 23 7 15 53 32
20 22 12 3 38 21 18
42 55 8 54 39 20 20
40 21 15 0 11 7 12
13 12 50 27 30 47 18
6 39 54 2 55 1 55
4 17 45 15 41 49 24
34 8 14 48 55 11 47
55 51 25 47 47 16 9
21 43 13 3 38 21 9
29 30 37 28 46 37 16
29 30 37 20 22 12 26
7 15 53 15 41 49 26
7 15 53 50 30 54 15
6 39 54 4 17 45 23
17 24 27 32 26 23 4
3 38 21 19 8 20 30
49 24 22 42 55 8 34
29 30 37 18 19 18 21
38 7 12 16 4 14 3
10 34 54 23 19 31 27
54 39 20 49 24 22 15
34 8 14 44 11 0 14
34 8 14 47 47 16 39
53 0 17 44 11 0 20
3 38 21 47 47 16 10
31 35 4 22 0 22 39
48 55 11 37 49 5 8
55 51 25 43 26 52 36
28 46 37 26 4 29 42
51 35 19 47 47 16 12
22 0 22 43 26 52 39
50 30 54 41 48 16 42
37 49 5 49 24 22 30
44 11 0 7 15 53 53
27 30 47 15 41 49 11
47 47 16 10 34 54 40
34 8 14 53 0 17 8
23 19 31 45 43 55 33
1 55 7 26 4 29 55
51 35 19 17 24 27 13
23 19 31 25 19 39 8
17 24 27 50 30 54 27
25 19 39 2 55 1 52
40 21 15 23 19 31 16
15 41 49 13 12 50 29
18 19 18 37 49 5 32
25 19 39 38 7 12 29
51 35 19 0 11 7 26
14 12 54 8 11 16 38
23 19 31 8 11 16 17
51 35 19 30 28 38 20
47 47 16 23 19 31 31
25 19 39 55 51 25 34
14 12 54 43 26 52 14
24 22 18 49 24 22 4
22 0 22 34 8 14 11
14 12 54 23 19 31 24
51 35 19 19 8 20 27
9 28 52 41 48 16 41
8 11 16 6 39 54 47
40 21 15 12 17 32 17
6 39 54 51 35 19 35
44 11 0 1 55 7 44
10 34 54 8 11 16 44
6 39 54 9 28 52 11
51 35 19 49 24 22 11
11 21 55 1 55 7 58
36 20 5 9 28 52 47
22 0 22 10 34 54 46
14 12 54 12 17 32 22
31 35 4 40 21 15 17
40 21 15 14 12 54 40
53 0 17 22 0 22 5
50 30 54 5 0 47 30
39 2 23 25 19 39 23
14 12 54 2 55 1 68
16 4 14 31 35 4 32
38 7 12 26 4 29 17
14 12 54 25 19 39 16
6 39 54 34 8 14 50
49 24 22 26 4 29 21
6 39 54 21 43 13 41
20 22 12 40 21 15 3
0 11 7 30 28 38 35
29 30 37 39 2 23 31
16 4 14 53 0 17 5
3 38 21 11 21 55 38
55 51 25 44 11 0 47
38 7 12 4 17 45 34
49 24 22 32 26 23 2
17 24 27 43 26 52 25
33 27 46 11 21 55 10
39 2 23 51 35 19 33
39 2 23 4 17 45 26
3 38 21 26 4 29 34
4 17 45 22 0 22 28
0 11 7 13 12 50 43
36 20 5 8 11 16 14
6 39 54 47 47 16 38
43 26 52 33 27 46 6
48 55 11 1 55 7 4
54 39 20 12 17 32 25
5 0 47 49 24 22 34
30 28 38 18 19 18 21
10 34 54 17 24 27 28
11 21 55 19 8 20 37
6 39 54 33 27 46 14
1 55 7 12 17 32 45
21 43 13 40 21 15 22
8 11 16 41 48 16 37
33 27 46 38 7 12 39
5 0 47 18 19 18 34
10 34 54 15 41 49 8
21 43 13 50 30 54 43
33 27 46 0 11 7 42
28 46 37 43 26 52 25
30 28 38 31 35 4 34
52 28 3 44 11 0 17
26 4 29 47 47 16 44
51 35 19 45 43 55 36
19 8 20 21 43 13 35
21 43 13 32 26 23 19
50 30 54 19 8 20 40
40 21 15 38 7 12 14
55 51 25 48 55 11 14
43 26 52 2 55 1 58
10 34 54 46 39 4 50
7 15 53 11 21 55 6
30 28 38 20 22 12 26
44 11 0 35 24 50 51
46 39 4 36 20 5 19
7 15 53 23 19 31 22
38 7 12 29 30 37 33
9 28 52 29 30 37 15
45 43 55 32 26 23 36
0 11 7 6 39 54 54
41 48 16 24 22 18 26
26 4 29 39 2 23 6
31 35 4 46 39 4 4
28 46 37 6 39 54 18
24 22 18 39 2 23 20
32 26 23 28 46 37 24
35 24 50 9 28 52 4
18 19 18 46 39 4 24
23 19 31 44 11 0 32
38 7 12 46 39 4 32
36 20 5 29 30 37 33
16 4 14 52 28 3 26
6 39 54 40 21 15 42
28 46 37 36 20 5 41
21 43 13 47 47 16 5
8 11 16 20 22 12 11
20 22 12 28 46 37 34
51 35 19 8 11 16 24
55 51 25 54 39 20 13
53 0 17 43 26 52 43
15 41 49 44 11 0 57
9 28 52 17 24 27 25
31 35 4 41 48 16 17
12 17 32 47 47 16 34
12 17 32 37 49 5 41
37 49 5 10 34 54 51
16 4 14 24 22 18 18
30 28 38 35 24 50 12
24 22 18 15 41 49 36
51 35 19 26 4 29 32
53 0 17 45 43 55 57
46 39 4 4 17 45 46
5 0 47 48 55 11 65
19 8 20 22 0 22 8
27 30 47 6 39 54 11
50 30 54 36 20 5 50
28 46 37 33 27 46 21
39 2 23 0 11 7 18
40 21 15 22 0 22 22
27 30 47 11 21 55 12
10 34 54 45 43 55 9
22 0 22 39 2 23 2
37 49 5 3 38 21 19
41 48 16 6 39 54 39
42 55 8 37 49 5 6
9 28 52 14 12 54 16
34 8 14 37 49 5 41
29 30 37 16 4 14 34
46 39 4 42 55 8 16
2 55 1 27 30 47 52
34 8 14 55 51 25 44
48 55 11 3 38 21 19
53 0 17 25 19 39 29
49 24 22 50 30 54 32
0 11 7 26 4 29 23
23 19 31 5 0 47 24
17 24 27 40 21 15 12
48 55 11 14 12 54 60
0 11 7 44 11 0 7
51 35 19 55 51 25 17
15 41 49 5 0 47 41
3 38 21 43 26 52 33
50 30 54 26 4 29 36
41 48 16 44 11 0 40
7 15 53 33 27 46 13
4 17 45 37 49 5 51
40 21 15 30 28 38 24
51 35 19 25 19 39 25
42 55 8 39 2 23 55
52 28 3 19 8 20 26
11 21 55 41 48 16 47
20 22 12 51 35 19 14
11 21 55 18 19 18 37
40 21 15 52 28 3 13
26 4 29 29 30 37 27
2 55 1 44 11 0 44
35 24 50 4 17 45 8
3 38 21 35 24 50 32
47 47 16 19 8 20 39
47 47 16 13 12 50 48
24 22 18 7 15 53 35
7 15 53 27 30 47 16
12 17 32 23 19 31 2
1 55 7 43 26 52 53
25 19 39 17 24 27 13
13 12 50 17 24 27 25
2 55 1 12 17 32 49
3 38 21 41 48 16 11
6 39 54 16 4 14 53
24 22 18 5 0 47 36
21 43 13 13 12 50 48
46 39 4 21 43 13 9
7 15 53 6 39 54 24
19 8 20 12 17 32 15
31 35 4 42 55 8 20
31 35 4 26 4 29 39
0 11 7 10 34 54 52
42 55 8 17 24 27 36
41 48 16 53 0 17 48
36 20 5 17 24 27 22
13 12 50 23 19 31 20
11 21 55 40 21 15 40
32 26 23 5 0 47 35
53 0 17 4 17 45 32
29 30 37 51 35 19 18
32 26 23 22 0 22 26
27 30 47 14 12 54 19
54 39 20 46 39 4 16
54 39 20 34 8 14 31
3 38 21 55 51 25 13
32 26 23 50 30 54 31
1 55 7 33 27 46 48
45 43 55 6 39 54 4
51 35 19 3 38 21 3
35 24 50 24 22 18 32
18 19 18 34 8 14 11
14 12 54 46 39 4 56
23 19 31 31 35 4 31
40 21 15 28 46 37 33
6 39 54 14 12 54 27
3 38 21 44 11 0 34
51 35 19 33 27 46 28
15 41 49 20 22 12 41
20 22 12 1 55 7 33
34 8 14 7 15 53 39
1 55 7 24 22 18 34
27 30 47 18 19 18 31
52 28 3 41 48 16 23
22 0 22 42 55 8 56
6 39 54 48 55 11 45
1 55 7 28 46 37 31
29 30 37 34 8 14 31
4 17 45 33 27 46 10
2 55 1 16 4 14 52
9 28 52 28 46 37 23
7 15 53 32 26 23 31
45 43 55 29 30 37 22
7 15 53 20 22 12 41
38 7 12 32 26 23 21
30 28 38 1 55 7 41
30 28 38 55 51 25 26
22 0 22 13 12 50 30
55 51 25 28 46 37 13
46 39 4 39 2 23 41
37 49 5 16 4 14 45
44 11 0 31 35 4 24
33 27 46 21 43 13 36
36 20 5 13 12 50 45
14 12 54 44 11 0 54
0 11 7 8 11 16 9
9 28 52 40 21 15 37
33 27 46 49 24 22 24
54 39 20 39 2 23 37
0 11 7 28 46 37 46
22 0 22 15 41 49 49
14 12 54 41 48 16 52
11 21 55 22 0 22 39
25 19 39 9 28 52 15
19 8 20 31 35 4 31
50 30 54 8 11 16 42
16 4 14 11 21 55 44
36 20 5 30 28 38 33
18 19 18 7 15 53 35
32 26 23 8 11 16 16
43 26 52 47 47 16 41
45 43 55 50 30 54 13
37 49 5 31 35 4 14
32 26 23 52 28 3 20
52 28 3 13 12 50 49
25 19 39 21 43 13 35
20 22 12 50 30 54 42
9 28 52 33 27 46 6
29 30 37 48 55 11 36
2 55 1 13 12 50 65
13 12 50 5 0 47 12
45 43 55 25 19 39 28
18 19 18 53 0 17 19
19 8 20 36 20 5 19
39 2 23 45 43 55 52
20 22 12 0 11 7 12
27 30 47 17 24 27 20
48 55 11 24 22 18 33
28 46 37 8 11 16 40
11 21 55 37 49 5 57
48 55 11 13 12 50 58
12 17 32 30 28 38 12
35 24 50 36 20 5 45
53 0 17 30 28 38 35
11 21 55 9 28 52 7
54 39 20 37 49 5 18
43 26 52 5 0 47 26
15 41 49 43 26 52 15
43 26 52 12 17 32 21
33 27 46 25 19 39 10
35 24 50 2 55 1 57
32 26 23 54 39 20 13
8 11 16 4 17 45 29
0 11 7 2 55 1 44
35 24 50 12 17 32 19
54 39 20 4 17 45 33
32 26 23 4 17 45 23
16 4 14 42 55 8 51
4 17 45 48 55 11 50
13 12 50 41 48 16 49
0 11 7 41 48 16 38
4 17 45 10 34 54 19
43 26 52 4 17 45 11
9 28 52 34 8 14 42
36 20 5 40 21 15 10
40 21 15 3 38 21 18
52 28 3 12 17 32 31
2 55 1 24 22 18 37
25 19 39 0 11 7 32
27 30 47 9 28 52 5
4 17 45 23 19 31 14
33 27 46 47 47 16 36
28 46 37 42 55 8 30
19 8 20 0 11 7 13
7 15 53 14 12 54 3
33 27 46 46 39 4 43
35 24 50 27 30 47 6
11 21 55 29 30 37 20
41 48 16 51 35 19 13
27 30 47 39 2 23 36
20 22 12 9 28 52 40
10 34 54 29 30 37 17
41 48 16 4 17 45 42
33 27 46 16 4 14 39
48 55 11 41 48 16 8
1 55 7 47 47 16 12
34 8 14 39 2 23 10
20 22 12 38 7 12 15
52 28 3 0 11 7 17
45 43 55 41 48 16 39
9 28 52 26 4 29 33
43 26 52 44 11 0 54
32 26 23 36 20 5 18
35 24 50 50 30 54 7
43 26 52 54 39 20 34
13 12 50 3 38 21 38
50 30 54 25 19 39 18
40 21 15 15 41 49 39
4 17 45 18 19 18 27
1 55 7 15 41 49 44
7 15 53 8 11 16 37
24 22 18 26 4 29 21
3 38 21 32 26 23 12
29 30 37 31 35 4 33
15 41 49 34 8 14 48
8 11 16 44 11 0 16
51 35 19 23 19 31 20
37 49 5 15 41 49 44
50 30 54 46 39 4 50
3 38 21 46 39 4 17
9 28 52 54 39 20 33
49 24 22 45 43 55 38
19 8 20 49 24 22 16
16 4 14 8 11 16 7
38 7 12 37 49 5 42
44 11 0 36 20 5 10
39 2 23 10 34 54 44
32 26 23 25 19 39 17
23 19 31 43 26 52 22
55 51 25 33 27 46 31
42 55 8 35 24 50 52
47 47 16 0 11 7 37
7 15 53 31 35 4 52
51 35 19 2 55 1 26
39 2 23 44 11 0 24
9 28 52 49 24 22 30
17 24 27 22 0 22 24
49 24 22 44 11 0 25
16 4 14 4 17 45 33
35 24 50 5 0 47 24
29 30 37 19 8 20 27
27 30 47 12 17 32 19
48 55 11 43 26 52 50
33 27 46 22 0 22 36
16 4 14 50 30 54 47
6 39 54 43 26 52 13
15 41 49 9 28 52 13
18 19 18 23 19 31 13
16 4 14 21 43 13 39
52 28 3 18 19 18 17
28 46 37 34 8 14 44
2 55 1 50 30 54 58
11 21 55 48 55 11 55
50 30 54 6 39 54 9
26 4 29 18 19 18 18
34 8 14 20 22 12 14
5 0 47 7 15 53 16
36 20 5 42 55 8 35
17 24 27 24 22 18 9
21 43 13 26 4 29 42
49 24 22 1 55 7 34
19 8 20 20 22 12 16
3 38 21 25 19 39 26
55 51 25 38 7 12 45
29 30 37 22 0 22 33
47 47 16 39 2 23 45
18 19 18 41 48 16 29
16 4 14 47 47 16 43
16 4 14 15 41 49 50
21 43 13 4 17 45 41
32 26 23 9 28 52 29
36 20 5 20 22 12 7
33 27 46 42 55 8 47
50 30 54 29 30 37 17
9 28 52 8 11 16 39
9 28 52 30 28 38 14
3 38 21 42 55 8 21
48 55 11 46 39 4 17
8 11 16 27 30 47 36
8 11 16 13 12 50 34
33 27 46 14 12 54 17
27 30 47 47 47 16 35
16 4 14 49 24 22 21
13 12 50 18 19 18 32
42 55 8 24 22 18 34
6 39 54 12 17 32 31
48 55 11 31 35 4 21
33 27 46 27 30 47 3
21 43 13 49 24 22 21
51 35 19 7 15 53 39
4 17 45 0 11 7 38
35 24 50 45 43 55 19
20 22 12 18 19 18 6
54 39 20 17 24 27 16
54 39 20 0 11 7 30
36 20 5 14 12 54 49
38 7 12 13 12 50 38
15 41 49 23 19 31 28
1 55 7 36 20 5 35
54 39 20 10 34 54 34
47 47 16 36 20 5 29
53 0 17 14 12 54 38
41 48 16 30 28 38 29
13 12 50 7 15 53 4
7 15 53 16 4 14 40
0 11 7 31 35 4 24
43 26 52 13 12 50 14
34 8 14 46 39 4 32
10 34 54 31 35 4 50
32 26 23 10 34 54 32
23 19 31 53 0 17 23
51 35 19 10 34 54 35
49 24 22 3 38 21 14
42 55 8 32 26 23 32
27 30 47 40 21 15 33
2 55 1 19 8 20 50
39 2 23 2 55 1 57
12 17 32 16 4 14 22
6 39 54 49 24 22 35
54 39 20 5 0 47 47
11 21 55 46 39 4 54
19 8 20 9 28 52 37
52 28 3 23 19 31 29
43 26 52 16 4 14 43
54 39 20 18 19 18 20
37 49 5 0 11 7 38
2 55 1 11 21 55 63
55 51 25 23 19 31 32
3 38 21 54 39 20 1
13 12 50 6 39 54 27
35 24 50 22 0 22 36
21 43 13 44 11 0 34
38 7 12 41 48 16 41
10 34 54 44 11 0 58
41 48 16 37 49 5 11
36 20 5 34 8 14 15
4 17 45 3 38 21 31
42 55 8 45 43 55 48
21 43 13 2 55 1 16
28 46 37 14 12 54 38
6 39 54 26 4 29 43
11 21 55 55 51 25 42
15 41 49 25 19 39 24
48 55 11 0 11 7 44
19 8 20 15 41 49 43
22 0 22 36 20 5 26
6 39 54 36 20 5 52
17 24 27 5 0 47 31
55 51 25 4 17 45 39
44 11 0 11 21 55 55
17 24 27 30 28 38 11
44 11 0 24 22 18 21
33 27 46 39 2 23 33
5 0 47 53 0 17 30
50 30 54 3 38 21 33
18 19 18 55 51 25 32
24 22 18 43 26 52 34
12 17 32 7 15 53 21
27 30 47 50 30 54 7
21 43 13 43 26 52 42
16 4 14 36 20 5 18
54 39 20 53 0 17 39
15 41 49 48 55 11 40
46 39 4 52 28 3 11
20 22 12 35 24 50 38
18 19 18 14 12 54 36
4 17 45 52 28 3 43
7 15 53 40 21 15 38
16 4 14 17 24 27 23
38 7 12 7 15 53 41
4 17 45 26 4 29 20
17 24 27 0 11 7 23
45 43 55 48 55 11 45
27 30 47 49 24 22 25
0 11 7 1 55 7 44
38 7 12 21 43 13 36
1 55 7 19 8 20 48
39 2 23 41 48 16 46
18 19 18 22 0 22 19
49 24 22 2 55 1 37
18 19 18 49 24 22 6
45 43 55 13 12 50 31
28 46 37 4 17 45 30
47 47 16 35 24 50 41
44 11 0 20 22 12 16
4 17 45 40 21 15 30
44 11 0 51 35 19 30
45 43 55 20 22 12 47
33 27 46 53 0 17 39
34 8 14 14 12 54 40
32 26 23 31 35 4 21
27 30 47 34 8 14 39
49 24 22 30 28 38 16
8 11 16 53 0 17 11
21 43 13 23 19 31 30
28 46 37 11 21 55 30
49 24 22 34 8 14 17
0 11 7 9 28 52 48
5 0 47 22 0 22 25
44 11 0 9 28 52 54
53 0 17 17 24 27 26
20 22 12 2 55 1 34
13 12 50 19 8 20 30
1 55 7 34 8 14 47
12 17 32 15 41 49 29
16 4 14 45 43 55 56
53 0 17 9 28 52 44
45 43 55 43 26 52 17
12 17 32 10 34 54 27
43 26 52 29 30 37 15
38 7 12 34 8 14 2
12 17 32 31 35 4 33
2 55 1 30 28 38 45
51 35 19 53 0 17 35
42 55 8 15 41 49 43
2 55 1 26 4 29 58
11 21 55 20 22 12 43
52 28 3 38 7 12 22
31 35 4 52 28 3 7
26 4 29 10 34 54 39
4 17 45 5 0 47 17
36 20 5 3 38 21 24
25 19 39 54 39 20 27
54 39 20 16 4 14 35
44 11 0 54 39 20 34
36 20 5 53 0 17 23
16 4 14 19 8 20 7
26 4 29 15 41 49 42
39 2 23 18 19 18 17
44 11 0 6 39 54 60
23 19 31 48 55 11 41
28 46 37 22 0 22 48
8 11 16 42 55 8 44
15 41 49 39 2 23 46
53 0 17 3 38 21 38
2 55 1 1 55 7 6
42 55 8 50 30 54 52
19 8 20 18 19 18 11
2 55 1 18 19 18 39
20 22 12 4 17 45 33
31 35 4 35 24 50 47
7 15 53 10 34 54 19
42 55 8 26 4 29 55
37 49 5 6 39 54 50
40 21 15 34 8 14 13
22 0 22 16 4 14 8
35 24 50 15 41 49 17
27 30 47 31 35 4 43
31 35 4 17 24 27 25
52 28 3 47 47 16 23
45 43 55 4 17 45 27
54 39 20 2 55 1 24
37 49 5 13 12 50 58
20 22 12 6 39 54 45
35 24 50 34 8 14 39
52 28 3 5 0 47 52
23 19 31 9 28 52 22
8 11 16 5 0 47 32
53 0 17 55 51 25 51
23 19 31 49 24 22 10
20 22 12 17 24 27 15
43 26 52 30 28 38 14
15 41 49 18 19 18 38
3 38 21 34 8 14 30
35 24 50 6 39 54 15
54 39 20 26 4 29 36
54 39 20 47 47 16 8
40 21 15 16 4 14 17
42 55 8 21 43 13 13
26 4 29 13 12 50 22
8 11 16 34 8 14 3
33 27 46 36 20 5 41
34 8 14 30 28 38 31
20 22 12 10 34 54 43
10 34 54 33 27 46 10
32 26 23 0 11 7 21
18 19 18 47 47 16 28
20 22 12 25 19 39 27
34 8 14 51 35 19 27
30 28 38 47 47 16 29
9 28 52 43 26 52 2
9 28 52 16 4 14 44
27 30 47 42 55 8 46
18 19 18 40 21 15 3
48 55 11 9 28 52 49
32 26 23 18 19 18 8
6 39 54 11 21 55 18
11 21 55 45 43 55 22
39 2 23 8 11 16 11
35 24 50 40 21 15 35
4 17 45 49 24 22 24
15 41 49 47 47 16 33
39 2 23 20 22 12 22
38 7 12 11 21 55 45
48 55 11 20 22 12 33
15 41 49 17 24 27 27
49 24 22 12 17 32 12
17 24 27 2 55 1 40
32 26 23 44 11 0 27
48 55 11 10 34 54 47
22 0 22 51 35 19 35
43 26 52 32 26 23 29
3 38 21 17 24 27 15
6 39 54 18 19 18 41
43 26 52 18 19 18 34
0 11 7 7 15 53 46
39 2 23 21 43 13 42
12 17 32 0 11 7 25
30 28 38 52 28 3 35
31 35 4 50 30 54 50
19 8 20 45 43 55 49
47 47 16 24 22 18 25
50 30 54 15 41 49 12
50 30 54 24 22 18 36
8 11 16 12 17 32 17
2 55 1 7 15 53 65
53 0 17 27 30 47 42
36 20 5 37 49 5 29
38 7 12 2 55 1 49
2 55 1 8 11 16 46
42 55 8 52 28 3 27
52 28 3 28 46 37 38
2 55 1 52 28 3 27
54 39 20 29 30 37 19
42 55 8 47 47 16 11
38 7 12 9 28 52 45
45 43 55 1 55 7 49
46 39 4 27 30 47 43
12 17 32 42 55 8 44
52 28 3 9 28 52 49
25 19 39 42 55 8 47
54 39 20 35 24 50 33
33 27 46 26 4 29 28
7 15 53 17 24 27 27
14 12 54 21 43 13 51
45 43 55 37 49 5 50
37 49 5 7 15 53 58
2 55 1 23 19 31 46
39 2 23 1 55 7 55
36 20 5 45 43 55 55
52 28 3 25 19 39 37
24 22 18 4 17 45 27
40 21 15 47 47 16 26
49 24 22 11 21 55 33
46 39 4 16 4 14 36
27 30 47 5 0 47 30
29 30 37 40 21 15 23
31 35 4 45 43 55 51
30 28 38 46 39 4 35
51 35 19 5 0 47 44
19 8 20 34 8 14 6
52 28 3 50 30 54 51
21 43 13 8 11 16 32
38 7 12 47 47 16 40
52 28 3 24 22 18 16
17 24 27 18 19 18 10
45 43 55 38 7 12 56
18 19 18 28 46 37 33
48 55 11 22 0 22 56
43 26 52 31 35 4 48
3 38 21 23 19 31 21
39 2 23 50 30 54 41
23 19 31 27 30 47 19
55 51 25 26 4 29 47
35 24 50 53 0 17 40
24 22 18 55 51 25 29
45 43 55 0 11 7 57
45 43 55 9 28 52 15
3 38 21 29 30 37 17
48 55 11 54 39 20 18
29 30 37 47 47 16 27
19 8 20 28 46 37 41
50 30 54 37 49 5 52
50 30 54 51 35 19 35
45 43 55 8 11 16 50
33 27 46 19 8 20 32
43 26 52 0 11 7 47
15 41 49 52 28 3 47
24 22 18 8 11 16 11
29 30 37 33 27 46 9
22 0 22 52 28 3 33
53 0 17 19 8 20 8
37 49 5 19 8 20 43
20 22 12 13 12 50 39
35 24 50 38 7 12 41
42 55 8 5 0 47 67
4 17 45 34 8 14 32
31 35 4 13 12 50 51
42 55 8 10 34 54 50
24 22 18 32 26 23 6
30 28 38 5 0 47 29
7 15 53 48 55 11 58
27 30 47 32 26 23 24
13 12 50 42 55 8 60
14 12 54 3 38 21 42
11 21 55 0 11 7 49
26 4 29 41 48 16 45
22 0 22 38 7 12 12
29 30 37 12 17 32 13
10 34 54 40 21 15 41
11 21 55 25 19 39 16
2 55 1 53 0 17 57
8 11 16 43 26 52 39
47 47 16 4 17 45 41
50 30 54 43 26 52 4
35 24 50 19 8 20 34
4 17 45 13 12 50 7
43 26 52 37 49 5 52
38 7 12 18 19 18 13
31 35 4 9 28 52 48
48 55 11 35 24 50 49
40 21 15 37 49 5 29
3 38 21 24 22 18 16
41 48 16 10 34 54 40
33 27 46 3 38 21 27
54 39 20 38 7 12 32
5 0 47 25 19 39 20
41 48 16 19 8 20 40
47 47 16 11 21 55 46
37 49 5 26 4 29 51
40 21 15 44 11 0 18
8 11 16 31 35 4 26
49 24 22 43 26 52 30
15 41 49 49 24 22 31
5 0 47 16 4 14 33
30 28 38 26 4 29 25
3 38 21 16 4 14 34
20 22 12 49 24 22 10
25 19 39 12 17 32 7
13 12 50 25 19 39 13
13 12 50 46 39 4 53
30 28 38 15 41 49 17
55 51 25 41 48 16 9
28 46 37 27 30 47 18
5 0 47 40 21 15 38
39 2 23 37 49 5 50
41 48 16 35 24 50 41
24 22 18 34 8 14 14
11 21 55 31 35 4 52
18 19 18 35 24 50 32
25 19 39 31 35 4 38
26 4 29 16 4 14 15
41 48 16 1 55 7 11
14 12 54 55 51 25 48
52 28 3 20 22 12 10
49 24 22 52 28 3 19
17 24 27 33 27 46 19
55 51 25 17 24 27 27
37 49 5 23 19 31 39
38 7 12 24 22 18 16
27 30 47 1 55 7 47
26 4 29 27 30 47 31
35 24 50 11 21 55 5
33 27 46 12 17 32 17
12 17 32 26 4 29 13
3 38 21 38 7 12 32
22 0 22 20 22 12 24
16 4 14 55 51 25 48
45 43 55 46 39 4 51
11 21 55 26 4 29 31
18 19 18 12 17 32 14
2 55 1 29 30 37 43
55 51 25 13 12 50 46
1 55 7 4 17 45 53
16 4 14 51 35 19 31
35 24 50 16 4 14 41
10 34 54 13 12 50 22
4 17 45 17 24 27 19
15 41 49 6 39 54 5
38 7 12 30 28 38 33
13 12 50 12 17 32 18
55 51 25 35 24 50 36
28 46 37 46 39 4 33
23 19 31 17 24 27 6
14 12 54 11 21 55 9
15 41 49 33 27 46 14
54 39 20 6 39 54 34
33 27 46 34 8 14 37
6 39 54 22 0 22 50
33 27 46 23 19 31 17
8 11 16 26 4 29 14
3 38 21 5 0 47 46
50 30 54 47 47 16 41
30 28 38 7 15 53 19
15 41 49 2 55 1 50
32 26 23 12 17 32 12
42 55 8 43 26 52 52
25 19 39 36 20 5 34
30 28 38 24 22 18 20
44 11 0 5 0 47 48
49 24 22 7 15 53 32
31 35 4 1 55 7 20
6 39 54 38 7 12 52
35 24 50 14 12 54 12
18 19 18 21 43 13 24
11 21 55 51 35 19 38
24 22 18 45 43 55 42
11 21 55 10 34 54 13
41 48 16 17 24 27 26
21 43 13 54 39 20 8
49 24 22 35 24 50 28
37 49 5 44 11 0 38
19 8 20 24 22 18 14
32 26 23 41 48 16 23
13 12 50 28 46 37 36
27 30 47 19 8 20 34
28 46 37 24 22 18 30
31 35 4 3 38 21 17
44 11 0 12 17 32 32
37 49 5 8 11 16 39
33 27 46 52 28 3 43
19 8 20 7 15 53 33
46 39 4 7 15 53 54
27 30 47 45 43 55 15
27 30 47 20 22 12 35
37 49 5 52 28 3 21
30 28 38 19 8 20 26
19 8 20 23 19 31 15
29 30 37 46 39 4 34
3 38 21 15 41 49 28
44 11 0 19 8 20 20
13 12 50 44 11 0 50
36 20 5 52 28 3 8
37 49 5 5 0 47 64
35 24 50 37 49 5 51
0 11 7 34 8 14 7
54 39 20 27 30 47 28
40 21 15 43 26 52 37
14 12 54 51 35 19 41
4 17 45 29 30 37 15
5 0 47 39 2 23 24
23 19 31 24 22 18 13
40 21 15 49 24 22 7
51 35 19 48 55 11 21
27 30 47 36 20 5 43
20 22 12 32 26 23 11
8 11 16 33 27 46 34
42 55 8 48 55 11 3
45 43 55 21 43 13 42
28 46 37 3 38 21 17
15 41 49 54 39 20 29
46 39 4 25 19 39 40
39 2 23 3 38 21 36
10 34 54 30 28 38 17
29 30 37 1 55 7 39
47 47 16 44 11 0 39
27 30 47 44 11 0 50
28 46 37 49 24 22 26
0 11 7 29 30 37 35
49 24 22 36 20 5 17
28 46 37 35 24 50 25
53 0 17 12 17 32 22
37 49 5 14 12 54 61
37 49 5 55 51 25 20
16 4 14 18 19 18 15
43 26 52 20 22 12 40
8 11 16 49 24 22 14
13 12 50 34 8 14 36
42 55 8 4 17 45 53
19 8 20 10 34 54 42
8 11 16 25 19 39 24
24 22 18 13 12 50 33
45 43 55 34 8 14 53
52 28 3 27 30 47 44
48 55 11 30 28 38 38
48 55 11 40 21 15 34
39 2 23 40 21 15 20
37 49 5 51 35 19 19
26 4 29 22 0 22 8
38 7 12 31 35 4 29
17 24 27 26 4 29 20
46 39 4 23 19 31 33
27 30 47 10 34 54 8
10 34 54 16 4 14 50
29 30 37 30 28 38 2
42 55 8 19 8 20 48
40 21 15 32 26 23 9
39 2 23 35 24 50 34
21 43 13 53 0 17 43
24 22 18 53 0 17 22
21 43 13 28 46 37 24
42 55 8 7 15 53 60
19 8 20 54 39 20 31
52 28 3 53 0 17 31
50 30 54 23 19 31 25
48 55 11 49 24 22 32
23 19 31 41 48 16 32
41 48 16 49 24 22 24
21 43 13 48 55 11 12
47 47 16 41 48 16 1
46 39 4 8 11 16 30
53 0 17 20 22 12 22
38 7 12 1 55 7 48
15 41 49 32 26 23 30
9 28 52 5 0 47 28
15 41 49 55 51 25 26
44 11 0 18 19 18 19
14 12 54 24 22 18 37
46 39 4 24 22 18 22
49 24 22 17 24 27 5
38 7 12 44 11 0 12
8 11 16 52 28 3 21
2 55 1 45 43 55 55
16 4 14 13 12 50 36
26 4 29 36 20 5 28
44 11 0 42 55 8 44
32 26 23 16 4 14 23
7 15 53 21 43 13 48
52 28 3 48 55 11 28
25 19 39 24 22 18 21
45 43 55 33 27 46 18
28 46 37 23 19 31 27
31 35 4 47 47 16 16
6 39 54 42 55 8 48
50 30 54 1 55 7 53
39 2 23 14 12 54 32
44 11 0 25 19 39 39
53 0 17 11 21 55 43
22 0 22 21 43 13 43
1 55 7 13 12 50 60
17 24 27 21 43 13 23
7 15 53 43 26 52 11
27 30 47 30 28 38 9
43 26 52 25 19 39 14
25 19 39 16 4 14 29
37 49 5 17 24 27 33
30 28 38 28 46 37 18
9 28 52 22 0 22 41
40 21 15 25 19 39 24
17 24 27 38 7 12 22
0 11 7 38 7 12 6
13 12 50 51 35 19 38
5 0 47 33 27 46 27
38 7 12 23 19 31 22
55 51 25 5 0 47 55
33 27 46 31 35 4 42
13 12 50 54 39 20 40
46 39 4 1 55 7 16
29 30 37 7 15 53 21
39 2 23 6 39 54 48
24 22 18 11 21 55 37
26 4 29 20 22 12 24
23 19 31 20 22 12 19
36 20 5 23 19 31 26
12 17 32 5 0 47 22
6 39 54 25 19 39 25
36 20 5 11 21 55 50
41 48 16 12 17 32 34
32 26 23 2 55 1 36
41 48 16 42 55 8 10
5 0 47 19 8 20 28
31 35 4 18 19 18 21
28 46 37 37 49 5 32
44 11 0 48 55 11 45
54 39 20 51 35 19 4
8 11 16 11 21 55 40
54 39 20 40 21 15 18
48 55 11 18 19 18 36
43 26 52 41 48 16 42
29 30 37 32 26 23 14
38 7 12 49 24 22 19
17 24 27 8 11 16 17
48 55 11 19 8 20 47
50 30 54 12 17 32 25
39 2 23 53 0 17 6
1 55 7 21 43 13 13
52 28 3 14 12 54 53
18 19 18 10 34 54 39
24 22 18 36 20 5 13
53 0 17 13 12 50 35
0 11 7 35 24 50 44
46 39 4 51 35 19 15
29 30 37 13 12 50 22
1 55 7 32 26 23 33
54 39 20 24 22 18 17
1 55 7 23 19 31 43
47 47 16 9 28 52 40
37 49 5 21 43 13 10
1 55 7 52 28 3 27
26 4 29 52 28 3 35
22 0 22 14 12 54 34
1 55 7 55 51 25 18
38 7 12 14 12 54 42
5 0 47 2 55 1 71
34 8 14 5 0 47 33
40 21 15 24 22 18 3
7 15 53 52 28 3 51
32 26 23 34 8 14 20
27 30 47 43 26 52 6
33 27 46 40 21 15 31
54 39 20 30 28 38 21
54 39 20 33 27 46 28
33 27 46 44 11 0 48
32 26 23 19 8 20 18
22 0 22 2 55 1 58
9 28 52 39 2 23 38
2 55 1 3 38 21 26
14 12 54 30 28 38 22
42 55 8 34 8 14 47
0 11 7 14 12 54 47
0 11 7 27 30 47 44
54 39 20 45 43 55 35
5 0 47 20 22 12 41
38 7 12 43 26 52 44
43 26 52 34 8 14 42
48 55 11 47 47 16 9
39 2 23 31 35 4 38
16 4 14 23 19 31 22
7 15 53 28 46 37 34
29 30 37 35 24 50 14
14 12 54 49 24 22 34
4 17 45 11 21 55 10
22 0 22 41 48 16 48
36 20 5 7 15 53 48
29 30 37 15 41 49 16
20 22 12 42 55 8 33
12 17 32 21 43 13 32
32 26 23 55 51 25 25
47 47 16 2 55 1 17
39 2 23 49 24 22 22
34 8 14 17 24 27 20
2 55 1 10 34 54 57
53 0 17 46 39 4 41
2 55 1 48 55 11 10
46 39 4 26 4 29 43
42 55 8 40 21 15 34
53 0 17 15 41 49 52
35 24 50 51 35 19 32
10 34 54 53 0 17 50
13 12 50 11 21 55 10
13 12 50 30 28 38 20
45 43 55 17 24 27 33
45 43 55 44 11 0 63
7 15 53 4 17 45 8
22 0 22 37 49 5 51
21 43 13 24 22 18 21
11 21 55 23 19 31 24
34 8 14 52 28 3 22
7 15 53 1 55 7 60
41 48 16 27 30 47 35
3 38 21 52 28 3 20
19 8 20 25 19 39 21
0 11 7 18 19 18 13
25 19 39 48 55 11 45
24 22 18 31 35 4 19
36 20 5 55 51 25 36
30 28 38 50 30 54 16
11 21 55 21 43 13 47
32 26 23 23 19 31 10
25 19 39 1 55 7 48
39 2 23 13 12 50 28
22 0 22 1 55 7 57
42 55 8 53 0 17 55
10 34 54 52 28 3 51
27 30 47 25 19 39 13
20 22 12 55 51 25 31
33 27 46 24 22 18 28
35 24 50 25 19 39 12
54 39 20 20 22 12 18
41 48 16 28 46 37 21
19 8 20 4 17 45 26
1 55 7 40 21 15 34
54 39 20 14 12 54 43
43 26 52 52 28 3 49
47 47 16 28 46 37 21
46 39 4 37 49 5 10
2 55 1 36 20 5 35
12 17 32 55 51 25 34
29 30 37 27 30 47 10
54 39 20 22 0 22 39
0 11 7 22 0 22 18
55 51 25 50 30 54 35
38 7 12 42 55 8 48
45 43 55 3 38 21 34
22 0 22 24 22 18 22
43 26 52 39 2 23 37
8 11 16 3 38 21 27
46 39 4 5 0 47 58
11 21 55 5 0 47 22
3 38 21 27 30 47 27
4 17 45 27 30 47 13
22 0 22 8 11 16 12