61 1830
8 43 42 57 43 0 42
2 47 49 59 48 60 11
45 19 5 23 13 11 8
13 31 56 53 46 36 25
19 17 3 21 24 6 7
37 52 28 33 23 51 37
25 24 40 35 57 30 34
35 57 30 23 13 11 47
55 38 34 35 57 30 19
36 42 21 55 38 34 13
42 58 1 10 53 55 54
22 1 41 53 46 36 45
60 11 59 32 26 12 49
29 20 27 37 52 28 32
6 25 0 17 59 2 34
53 46 36 11 39 37 7
1 20 7 30 7 7 13
34 17 26 30 7 7 21
50 20 39 13 31 56 20
4 57 59 26 21 21 52
42 58 1 6 25 0 33
44 32 35 51 19 23 17
58 53 57 25 24 40 33
23 13 11 59 48 60 60
9 55 58 18 1 48 54
34 17 26 8 43 42 30
47 6 2 36 42 21 40
0 43 18 13 31 56 39
39 51 49 12 15 12 51
24 35 15 32 26 12 9
43 47 34 50 20 39 27
6 25 0 31 8 51 53
48 52 20 33 23 51 42
58 53 57 29 20 27 44
21 24 6 22 1 41 41
52 7 10 1 20 7 13
53 46 36 2 47 49 13
14 40 24 35 57 30 18
9 55 58 20 16 1 69
14 40 24 12 15 12 27
55 38 34 6 25 0 36
27 33 55 35 57 30 34
40 43 37 48 52 20 19
35 57 30 18 1 48 58
27 33 55 56 0 1 63
12 15 12 9 55 58 60
10 53 55 9 55 58 3
21 24 6 4 57 59 62
1 20 7 10 53 55 58
16 15 25 30 7 7 19
15 14 21 55 38 34 27
31 8 51 60 11 59 8
56 0 1 16 15 25 28
40 43 37 21 24 6 36
19 17 3 0 43 18 30
32 26 12 44 32 35 23
33 23 51 18 1 48 22
35 57 30 16 15 25 42
51 19 23 9 55 58 50
56 0 1 35 57 30 63
27 33 55 23 13 11 48
30 7 7 5 51 40 55
47 6 2 34 17 26 26
19 17 3 55 38 34 37
55 38 34 41 38 4 30
44 32 35 22 1 41 31
35 57 30 49 42 18 19
30 7 7 14 40 24 37
25 24 40 54 51 16 36
14 40 24 10 53 55 33
37 52 28 41 38 4 27
58 53 57 59 48 60 5
38 54 46 24 35 15 36
28 13 58 29 20 27 31
1 20 7 45 19 5 2
12 15 12 20 16 1 11
18 1 48 43 47 34 48
43 47 34 20 16 1 45
26 21 21 17 59 2 42
18 1 48 23 13 11 38
50 20 39 23 13 11 28
55 38 34 51 19 23 21
5 51 40 58 53 57 17
54 51 16 36 42 21 10
3 47 21 26 21 21 26
13 31 56 18 1 48 31
2 47 49 1 20 7 49
59 48 60 3 47 21 39
43 47 34 60 11 59 43
31 8 51 19 17 3 48
13 31 56 31 8 51 23
51 19 23 18 1 48 30
6 25 0 39 51 49 55
48 52 20 53 46 36 17
21 24 6 10 53 55 56
27 33 55 19 17 3 54
40 43 37 26 21 21 27
30 7 7 55 38 34 41
44 32 35 59 48 60 29
41 38 4 6 25 0 13
13 31 56 55 38 34 23
46 18 34 15 14 21 13
38 54 46 36 42 21 27
22 1 41 20 16 1 42
17 59 2 43 47 34 34
38 54 46 39 51 49 4
45 19 5 25 24 40 35
40 43 37 0 43 18 19
18 1 48 12 15 12 38
58 53 57 38 54 46 11
31 8 51 45 19 5 47
1 20 7 60 11 59 52
56 0 1 15 14 21 24
26 21 21 14 40 24 19
45 19 5 27 33 55 51
8 43 42 50 20 39 23
20 16 1 5 51 40 52
35 57 30 5 51 40 11
58 53 57 32 26 12 52
48 52 20 2 47 49 29
40 43 37 2 47 49 12
1 20 7 8 43 42 41
23 13 11 40 43 37 39
54 51 16 60 11 59 58
54 51 16 21 24 6 28
19 17 3 50 20 39 36
29 20 27 36 42 21 22
5 51 40 2 47 49 9
9 55 58 40 43 37 24
15 14 21 54 51 16 37
45 19 5 49 42 18 26
31 8 51 59 48 60 41
23 13 11 6 25 0 16
16 15 25 8 43 42 32
18 1 48 22 1 41 7
51 19 23 53 46 36 29
60 11 59 56 0 1 59
49 42 18 8 43 42 24
59 48 60 22 1 41 50
28 13 58 43 47 34 41
17 59 2 50 20 39 53
30 7 7 59 48 60 67
39 51 49 23 13 11 53
26 21 21 53 46 36 29
4 57 59 17 59 2 57
56 0 1 18 1 48 47
30 7 7 20 16 1 10
35 57 30 37 52 28 5
4 57 59 18 1 48 57
40 43 37 38 54 46 14
39 51 49 4 57 59 11
1 20 7 44 32 35 30
36 42 21 26 21 21 21
52 7 10 15 14 21 13
45 19 5 60 11 59 54
29 20 27 25 24 40 13
44 32 35 24 35 15 20
58 53 57 31 8 51 45
58 53 57 10 53 55 2
19 17 3 59 48 60 64
41 38 4 46 18 34 36
43 47 34 48 52 20 14
18 1 48 45 19 5 46
60 11 59 15 14 21 38
31 8 51 1 20 7 45
31 8 51 11 39 37 34
35 57 30 6 25 0 43
42 58 1 21 24 6 34
54 51 16 33 23 51 44
39 51 49 43 47 34 15
14 40 24 58 53 57 35
6 25 0 44 32 35 35
23 13 11 33 23 51 41
59 48 60 50 20 39 35
43 47 34 31 8 51 42
26 21 21 44 32 35 17
2 47 49 18 1 48 46
42 58 1 34 17 26 48
17 59 2 52 7 10 52
35 57 30 46 18 34 39
1 20 7 43 47 34 38
1 20 7 36 42 21 26
31 8 51 50 20 39 16
2 47 49 45 19 5 52
38 54 46 16 15 25 44
34 17 26 36 42 21 25
46 18 34 17 59 2 52
32 26 12 18 1 48 43
42 58 1 22 1 41 69
4 57 59 31 8 51 49
54 51 16 51 19 23 32
31 8 51 7 22 33 22
40 43 37 8 43 42 5
60 11 59 21 24 6 54
52 7 10 35 57 30 53
45 19 5 48 52 20 36
25 24 40 30 7 7 37
5 51 40 8 43 42 8
4 57 59 41 38 4 58
6 25 0 16 15 25 26
22 1 41 10 53 55 53
8 43 42 56 0 1 59
48 52 20 37 52 28 8
5 51 40 59 48 60 20
55 38 34 37 52 28 15
26 21 21 38 54 46 41
8 43 42 47 6 2 54
37 52 28 50 20 39 33
14 40 24 51 19 23 21
3 47 21 51 19 23 28
31 8 51 24 35 15 45
15 14 21 9 55 58 55
14 40 24 17 59 2 29
18 1 48 14 40 24 45
27 33 55 37 52 28 33
36 42 21 9 55 58 39
40 43 37 44 32 35 11
40 43 37 12 15 12 37
5 51 40 47 6 2 58
17 59 2 25 24 40 51
46 18 34 20 16 1 33
56 0 1 6 25 0 25
53 46 36 23 13 11 41
46 18 34 37 52 28 34
22 1 41 57 43 0 58
32 26 12 42 58 1 33
42 58 1 57 43 0 15
55 38 34 11 39 37 3
38 54 46 43 47 34 13
5 51 40 33 23 51 30
16 15 25 27 33 55 34
0 43 18 23 13 11 30
3 47 21 4 57 59 39
47 6 2 40 43 37 50
34 17 26 12 15 12 14
14 40 24 23 13 11 29
48 52 20 6 25 0 33
29 20 27 11 39 37 21
4 57 59 48 52 20 39
44 32 35 50 20 39 12
14 40 24 7 22 33 20
15 14 21 27 33 55 38
26 21 21 29 20 27 6
19 17 3 24 35 15 21
33 23 51 4 57 59 34
52 7 10 60 11 59 49
21 24 6 53 46 36 37
12 15 12 41 38 4 24
41 38 4 38 54 46 44
20 16 1 18 1 48 49
52 7 10 45 19 5 13
17 59 2 7 22 33 48
56 0 1 32 26 12 28
23 13 11 43 47 34 41
45 19 5 24 35 15 18
37 52 28 1 20 7 38
41 38 4 23 13 11 25
16 15 25 43 47 34 33
21 24 6 51 19 23 17
52 7 10 44 32 35 35
7 22 33 46 18 34 4
2 47 49 34 17 26 37
44 32 35 41 38 4 31
52 7 10 29 20 27 21
4 57 59 29 20 27 48
18 1 48 38 54 46 53
7 22 33 22 1 41 22
29 20 27 60 11 59 33
11 39 37 41 38 4 33
54 51 16 18 1 48 59
50 20 39 6 25 0 39
53 46 36 54 51 16 20
9 55 58 27 33 55 22
13 31 56 23 13 11 48
24 35 15 57 43 0 17
39 51 49 42 58 1 48
18 1 48 59 48 60 48
45 19 5 28 13 58 53
27 33 55 1 20 7 49
21 24 6 3 47 21 27
1 20 7 25 24 40 33
48 52 20 16 15 25 37
35 57 30 12 15 12 45
58 53 57 49 42 18 40
5 51 40 7 22 33 29
24 35 15 15 14 21 21
47 6 2 22 1 41 39
7 22 33 52 7 10 27
4 57 59 52 7 10 70
56 0 1 12 15 12 18
59 48 60 54 51 16 44
55 38 34 2 47 49 17
60 11 59 36 42 21 49
51 19 23 10 53 55 46
27 33 55 25 24 40 17
60 11 59 37 52 28 51
58 53 57 16 15 25 49
22 1 41 35 57 30 57
33 23 51 51 19 23 28
5 51 40 17 59 2 38
51 19 23 34 17 26 3
9 55 58 23 13 11 63
28 13 58 17 59 2 72
41 38 4 33 23 51 49
57 43 0 33 23 51 54
12 15 12 10 53 55 57
33 23 51 49 42 18 38
52 7 10 13 31 56 51
5 51 40 11 39 37 12
39 51 49 26 21 21 41
40 43 37 29 20 27 25
8 43 42 23 13 11 43
32 26 12 47 6 2 22
59 48 60 26 21 21 47
20 16 1 55 38 34 39
34 17 26 56 0 1 30
23 13 11 7 22 33 23
34 17 26 49 42 18 26
44 32 35 27 33 55 20
6 25 0 3 47 21 30
3 47 21 58 53 57 36
6 25 0 36 42 21 27
14 40 24 3 47 21 7
24 35 15 21 24 6 14
9 55 58 17 59 2 56
15 14 21 47 6 2 20
54 51 16 47 6 2 47
33 23 51 38 54 46 31
25 24 40 5 51 40 27
28 13 58 9 55 58 42
47 6 2 58 53 57 72
47 6 2 23 13 11 11
12 15 12 4 57 59 63
14 40 24 37 52 28 12
39 51 49 60 11 59 41
18 1 48 49 42 18 50
7 22 33 19 17 3 30
47 6 2 6 25 0 19
33 23 51 17 59 2 60
25 24 40 47 6 2 42
28 13 58 2 47 49 35
21 24 6 16 15 25 21
5 51 40 49 42 18 23
14 40 24 52 7 10 35
40 43 37 1 20 7 37
58 53 57 43 47 34 23
22 1 41 38 54 46 53
23 13 11 38 54 46 53
26 21 21 5 51 40 35
7 22 33 36 42 21 23
45 19 5 55 38 34 34
33 23 51 43 47 34 29
0 43 18 44 32 35 20
13 31 56 3 47 21 38
15 14 21 39 51 49 46
39 51 49 14 40 24 27
51 19 23 30 7 7 20
33 23 51 9 55 58 32
44 32 35 7 22 33 10
50 20 39 24 35 15 28
1 20 7 13 31 56 50
46 18 34 55 38 34 20
40 43 37 49 42 18 19
16 15 25 31 8 51 26
37 52 28 39 51 49 21
17 59 2 34 17 26 48
24 35 15 55 38 34 19
5 51 40 0 43 18 23
45 19 5 16 15 25 20
5 51 40 10 53 55 15
3 47 21 38 54 46 25
15 14 21 44 32 35 22
53 46 36 4 57 59 25
57 43 0 38 54 46 47
13 31 56 22 1 41 33
19 17 3 23 13 11 8
38 54 46 45 19 5 53
26 21 21 16 15 25 7
18 1 48 39 51 49 50
50 20 39 45 19 5 34
48 52 20 55 38 34 19
47 6 2 43 47 34 52
5 51 40 32 26 12 37
29 20 27 49 42 18 23
39 51 49 13 31 56 21
4 57 59 2 47 49 14
57 43 0 30 7 7 36
30 7 7 12 15 12 9
17 59 2 10 53 55 53
53 46 36 38 54 46 12
11 39 37 3 47 21 17
14 40 24 54 51 16 13
4 57 59 34 17 26 51
41 38 4 0 43 18 14
33 23 51 44 32 35 18
38 54 46 1 20 7 51
60 11 59 3 47 21 52
38 54 46 11 39 37 17
37 52 28 9 55 58 30
31 8 51 39 51 49 43
13 31 56 49 42 18 39
40 43 37 14 40 24 13
45 19 5 54 51 16 33
35 57 30 58 53 57 27
21 24 6 9 55 58 60
11 39 37 10 53 55 22
50 20 39 35 57 30 38
40 43 37 30 7 7 46
47 6 2 21 24 6 18
34 17 26 20 16 1 25
43 47 34 52 7 10 46
0 43 18 16 15 25 28
48 52 20 3 47 21 5
47 6 2 10 53 55 70
57 43 0 34 17 26 36
19 17 3 4 57 59 68
40 43 37 46 18 34 25
25 24 40 6 25 0 40
41 38 4 49 42 18 14
12 15 12 29 20 27 15
3 47 21 28 13 58 50
59 48 60 51 19 23 47
47 6 2 2 47 49 62
47 6 2 30 7 7 5
10 53 55 8 43 42 16
23 13 11 32 26 12 13
2 47 49 52 7 10 55
13 31 56 34 17 26 33
33 23 51 15 14 21 31
46 18 34 12 15 12 22
30 7 7 3 47 21 42
43 47 34 56 0 1 57
6 25 0 28 13 58 59
17 59 2 21 24 6 35
60 11 59 55 38 34 36
1 20 7 23 13 11 8
25 24 40 53 46 36 22
34 17 26 5 51 40 36
36 42 21 5 51 40 21
26 21 21 28 13 58 37
11 39 37 50 20 39 19
9 55 58 1 20 7 61
51 19 23 42 58 1 44
42 58 1 58 53 57 56
21 24 6 14 40 24 24
54 51 16 24 35 15 16
49 42 18 17 59 2 23
40 43 37 18 1 48 43
28 13 58 21 24 6 53
31 8 51 32 26 12 42
13 31 56 48 52 20 41
56 0 1 2 47 49 67
35 57 30 40 43 37 15
43 47 34 57 43 0 34
13 31 56 8 43 42 18
43 47 34 53 46 36 2
42 58 1 45 19 5 39
12 15 12 11 39 37 34
47 6 2 46 18 34 34
39 51 49 19 17 3 57
30 7 7 17 59 2 52
31 8 51 34 17 26 26
28 13 58 47 6 2 56
28 13 58 57 43 0 65
22 1 41 33 23 51 24
35 57 30 32 26 12 35
8 43 42 4 57 59 22
15 14 21 32 26 12 15
22 1 41 49 42 18 47
57 43 0 6 25 0 18
12 15 12 22 1 41 32
51 19 23 43 47 34 30
19 17 3 48 52 20 38
2 47 49 6 25 0 53
24 35 15 22 1 41 42
21 24 6 37 52 28 35
39 51 49 52 7 10 58
35 57 30 9 55 58 28
34 17 26 26 21 21 6
46 18 34 6 25 0 34
27 33 55 50 20 39 20
10 53 55 30 7 7 66
52 7 10 27 33 55 51
41 38 4 19 17 3 21
36 42 21 21 24 6 23
53 46 36 59 48 60 24
28 13 58 50 20 39 20
47 6 2 13 31 56 59
32 26 12 16 15 25 17
12 15 12 45 19 5 8
11 39 37 18 1 48 39
15 14 21 30 7 7 15
14 40 24 55 38 34 10
59 48 60 12 15 12 58
52 7 10 6 25 0 20
53 46 36 19 17 3 43
21 24 6 18 1 48 47
17 59 2 55 38 34 38
7 22 33 20 16 1 32
26 21 21 10 53 55 46
14 40 24 47 6 2 40
1 20 7 47 6 2 14
2 47 49 24 35 15 36
47 6 2 7 22 33 34
23 13 11 48 52 20 40
58 53 57 60 11 59 42
41 38 4 53 46 36 32
57 43 0 31 8 51 61
6 25 0 19 17 3 8
50 20 39 36 42 21 28
29 20 27 15 14 21 8
30 7 7 44 32 35 37
56 0 1 21 24 6 24
52 7 10 10 53 55 64
29 20 27 42 58 1 46
42 58 1 49 42 18 23
44 32 35 58 53 57 30
48 52 20 56 0 1 55
34 17 26 40 43 37 28
58 53 57 12 15 12 58
41 38 4 34 17 26 30
23 13 11 20 16 1 10
55 38 34 38 54 46 20
60 11 59 12 15 12 47
46 18 34 18 1 48 22
9 55 58 7 22 33 41
20 16 1 59 48 60 67
12 15 12 38 54 46 51
10 53 55 43 47 34 21
13 31 56 33 23 51 9
52 7 10 33 23 51 44
0 43 18 47 6 2 40
11 39 37 0 43 18 19
34 17 26 14 40 24 23
13 31 56 57 43 0 57
0 43 18 28 13 58 50
30 7 7 22 1 41 34
8 43 42 25 24 40 19
30 7 7 35 57 30 55
60 11 59 59 48 60 37
15 14 21 25 24 40 21
45 19 5 17 59 2 40
32 26 12 27 33 55 43
17 59 2 40 43 37 38
10 53 55 48 52 20 35
4 57 59 28 13 58 44
54 51 16 28 13 58 56
29 20 27 41 38 4 29
6 25 0 38 54 46 54
37 52 28 54 51 16 12
16 15 25 25 24 40 17
6 25 0 26 21 21 21
4 57 59 27 33 55 24
6 25 0 20 16 1 9
33 23 51 24 35 15 37
19 17 3 54 51 16 36
10 53 55 6 25 0 61
33 23 51 59 48 60 26
24 35 15 29 20 27 19
24 35 15 7 22 33 22
30 7 7 33 23 51 46
60 11 59 26 21 21 39
55 38 34 52 7 10 39
19 17 3 40 43 37 42
37 52 28 38 54 46 18
53 46 36 6 25 0 41
19 17 3 25 24 40 37
0 43 18 38 54 46 30
11 39 37 28 13 58 33
39 51 49 7 22 33 33
47 6 2 4 57 59 76
13 31 56 44 32 35 21
46 18 34 34 17 26 8
48 52 20 32 26 12 27
26 21 21 32 26 12 10
25 24 40 49 42 18 28
47 6 2 50 20 39 39
42 58 1 4 57 59 58
41 38 4 30 7 7 31
40 43 37 20 16 1 45
47 6 2 49 42 18 39
51 19 23 45 19 5 18
24 35 15 56 0 1 37
55 38 34 18 1 48 39
8 43 42 31 8 51 36
25 24 40 11 39 37 15
18 1 48 5 51 40 50
29 20 27 14 40 24 20
7 22 33 18 1 48 25
52 7 10 42 58 1 51
17 59 2 31 8 51 70
26 21 21 2 47 49 38
24 35 15 8 43 42 28
13 31 56 19 17 3 54
9 55 58 42 58 1 57
50 20 39 34 17 26 13
8 43 42 58 53 57 18
33 23 51 40 43 37 24
33 23 51 21 24 6 45
0 43 18 37 52 28 13
15 14 21 59 48 60 51
51 19 23 48 52 20 33
45 19 5 35 57 30 45
59 48 60 37 52 28 32
53 46 36 31 8 51 40
0 43 18 7 22 33 25
0 43 18 59 48 60 42
41 38 4 10 53 55 53
12 15 12 17 59 2 45
54 51 16 17 59 2 16
2 47 49 13 31 56 17
7 22 33 53 46 36 24
54 51 16 2 47 49 33
37 52 28 18 1 48 54
9 55 58 30 7 7 70
12 15 12 57 43 0 30
43 47 34 37 52 28 7
43 47 34 11 39 37 8
1 20 7 5 51 40 45
57 43 0 55 38 34 34
58 53 57 33 23 51 30
41 38 4 36 42 21 17
30 7 7 37 52 28 49
55 38 34 16 15 25 24
31 8 51 21 24 6 47
22 1 41 6 25 0 47
39 51 49 36 42 21 29
18 1 48 0 43 18 51
39 51 49 27 33 55 18
50 20 39 12 15 12 27
34 17 26 60 11 59 33
11 39 37 7 22 33 17
50 20 39 22 1 41 19
55 38 34 4 57 59 31
4 57 59 54 51 16 43
22 1 41 45 19 5 40
8 43 42 20 16 1 49
43 47 34 7 22 33 25
50 20 39 52 7 10 31
33 23 51 1 20 7 44
41 38 4 13 31 56 52
0 43 18 12 15 12 28
2 47 49 25 24 40 24
60 11 59 14 40 24 45
12 15 12 51 19 23 11
4 57 59 44 32 35 34
60 11 59 2 47 49 37
38 54 46 30 7 7 61
34 17 26 18 1 48 27
39 51 49 0 43 18 32
56 0 1 41 38 4 38
54 51 16 22 1 41 55
12 15 12 36 42 21 28
42 58 1 24 35 15 26
59 48 60 25 24 40 31
49 42 18 31 8 51 47
52 7 10 22 1 41 31
32 26 12 25 24 40 28
51 19 23 36 42 21 23
36 42 21 2 47 49 28
49 42 18 6 25 0 24
23 13 11 10 53 55 59
37 52 28 53 46 36 10
3 47 21 44 32 35 20
3 47 21 56 0 1 51
9 55 58 4 57 59 2
50 20 39 3 47 21 32
35 57 30 48 52 20 11
56 0 1 25 24 40 45
51 19 23 24 35 15 17
5 51 40 3 47 21 19
31 8 51 38 54 46 46
6 25 0 33 23 51 51
31 8 51 55 38 34 34
36 42 21 57 43 0 21
27 33 55 29 20 27 30
43 47 34 22 1 41 46
5 51 40 45 19 5 47
1 20 7 53 46 36 38
14 40 24 32 26 12 18
13 31 56 35 57 30 36
15 14 21 23 13 11 10
5 51 40 6 25 0 47
10 53 55 38 54 46 9
13 31 56 4 57 59 26
5 51 40 42 58 1 39
58 53 57 1 20 7 59
38 54 46 29 20 27 38
33 23 51 47 6 2 51
4 57 59 25 24 40 38
46 18 34 53 46 36 28
30 7 7 11 39 37 43
20 16 1 58 53 57 67
5 51 40 9 55 58 18
47 6 2 29 20 27 28
57 43 0 58 53 57 57
22 1 41 4 57 59 58
4 57 59 23 13 11 65
60 11 59 19 17 3 56
10 53 55 7 22 33 38
51 19 23 25 24 40 17
5 51 40 19 17 3 50
60 11 59 42 58 1 74
25 24 40 39 51 49 28
2 47 49 30 7 7 58
26 21 21 22 1 41 28
29 20 27 1 20 7 20
6 25 0 30 7 7 19
28 13 58 56 0 1 58
16 15 25 46 18 34 9
39 51 49 51 19 23 41
16 15 25 14 40 24 25
20 16 1 53 46 36 46
35 57 30 20 16 1 50
16 15 25 42 58 1 49
33 23 51 45 19 5 46
0 43 18 34 17 26 27
15 14 21 40 43 37 33
52 7 10 19 17 3 12
45 19 5 9 55 58 64
60 11 59 16 15 25 34
28 13 58 35 57 30 52
13 31 56 38 54 46 25
4 57 59 35 57 30 29
7 22 33 51 19 23 10
44 32 35 43 47 34 15
3 47 21 9 55 58 37
39 51 49 49 42 18 32
0 43 18 31 8 51 48
41 38 4 9 55 58 56
57 43 0 40 43 37 37
57 43 0 11 39 37 37
30 7 7 4 57 59 72
39 51 49 33 23 51 28
17 59 2 39 51 49 47
7 22 33 12 15 12 22
14 40 24 49 42 18 6
9 55 58 22 1 41 56
16 15 25 11 39 37 26
5 51 40 40 43 37 8
20 16 1 51 19 23 22
52 7 10 34 17 26 18
48 52 20 17 59 2 19
39 51 49 30 7 7 60
42 58 1 50 20 39 53
49 42 18 44 32 35 19
59 48 60 21 24 6 59
9 55 58 54 51 16 42
37 52 28 12 15 12 40
30 7 7 7 22 33 30
0 43 18 24 35 15 8
42 58 1 20 16 1 42
36 42 21 28 13 58 47
59 48 60 27 33 55 15
16 15 25 52 7 10 17
20 16 1 33 23 51 50
30 7 7 50 20 39 34
33 23 51 3 47 21 38
27 33 55 2 47 49 15
24 35 15 58 53 57 45
31 8 51 35 57 30 53
24 35 15 5 51 40 29
46 18 34 31 8 51 19
48 52 20 25 24 40 34
2 47 49 11 39 37 14
35 57 30 7 22 33 35
45 19 5 46 18 34 29
48 52 20 14 40 24 12
51 19 23 6 25 0 23
10 53 55 25 24 40 32
46 18 34 22 1 41 18
18 1 48 29 20 27 28
1 20 7 16 15 25 18
19 17 3 57 43 0 26
34 17 26 3 47 21 30
44 32 35 36 42 21 17
59 48 60 56 0 1 76
37 52 28 11 39 37 15
31 8 51 25 24 40 19
51 19 23 58 53 57 48
60 11 59 48 52 20 56
16 15 25 49 42 18 27
15 14 21 45 19 5 16
39 51 49 35 57 30 19
48 52 20 38 54 46 26
22 1 41 3 47 21 50
39 51 49 46 18 34 36
28 13 58 10 53 55 40
53 46 36 8 43 42 6
57 43 0 49 42 18 18
55 38 34 25 24 40 15
26 21 21 45 19 5 16
31 8 51 5 51 40 44
49 42 18 54 51 16 9
30 7 7 31 8 51 44
49 42 18 9 55 58 42
14 40 24 38 54 46 26
34 17 26 25 24 40 15
8 43 42 12 15 12 41
39 51 49 48 52 20 29
18 1 48 27 33 55 32
8 43 42 42 58 1 43
39 51 49 9 55 58 9
28 13 58 20 16 1 57
36 42 21 53 46 36 15
32 26 12 8 43 42 34
29 20 27 2 47 49 34
14 40 24 56 0 1 46
44 32 35 28 13 58 29
38 54 46 4 57 59 13
45 19 5 10 53 55 60
36 42 21 22 1 41 45
34 17 26 58 53 57 47
3 47 21 25 24 40 29
41 38 4 31 8 51 55
43 47 34 35 57 30 10
46 18 34 51 19 23 11
5 51 40 56 0 1 64
37 52 28 45 19 5 40
34 17 26 16 15 25 2
23 13 11 34 17 26 15
7 22 33 50 20 39 6
9 55 58 56 0 1 79
51 19 23 57 43 0 33
55 38 34 7 22 33 16
46 18 34 48 52 20 36
0 43 18 56 0 1 46
25 24 40 52 7 10 34
12 15 12 15 14 21 9
8 43 42 38 54 46 11
16 15 25 3 47 21 32
45 19 5 11 39 37 37
30 7 7 8 43 42 50
20 16 1 13 31 56 57
37 52 28 51 19 23 33
24 35 15 10 53 55 43
27 33 55 31 8 51 25
24 35 15 3 47 21 13
2 47 49 23 13 11 50
51 19 23 40 43 37 27
28 13 58 18 1 48 15
12 15 12 31 8 51 39
36 42 21 52 7 10 36
44 32 35 38 54 46 24
39 51 49 29 20 27 38
0 43 18 25 24 40 29
54 51 16 29 20 27 32
4 57 59 6 25 0 67
2 47 49 7 22 33 29
45 19 5 32 26 12 9
50 20 39 51 19 23 16
5 51 40 29 20 27 33
57 43 0 47 6 2 37
39 51 49 1 20 7 52
49 42 18 38 54 46 30
19 17 3 47 6 2 11
40 43 37 25 24 40 19
15 14 21 35 57 30 43
42 58 1 25 24 40 51
15 14 21 16 15 25 4
38 54 46 52 7 10 59
8 43 42 26 21 21 30
9 55 58 48 52 20 38
38 54 46 34 17 26 42
54 51 16 8 43 42 27
1 20 7 7 22 33 26
38 54 46 54 51 16 30
41 38 4 24 35 15 11
24 35 15 36 42 21 9
11 39 37 17 59 2 40
51 19 23 23 13 11 13
15 14 21 48 52 20 38
43 47 34 8 43 42 8
28 13 58 31 8 51 8
10 53 55 0 43 18 38
46 18 34 32 26 12 23
39 51 49 45 19 5 54
58 53 57 52 7 10 65
16 15 25 12 15 12 13
43 47 34 2 47 49 15
33 23 51 32 26 12 39
2 47 49 51 19 23 38
50 20 39 5 51 40 31
32 26 12 29 20 27 16
7 22 33 49 42 18 25
1 20 7 51 19 23 16
19 17 3 20 16 1 2
59 48 60 49 42 18 42
34 17 26 37 52 28 35
40 43 37 16 15 25 30
12 15 12 32 26 12 11
40 43 37 6 25 0 41
33 23 51 26 21 21 30
11 39 37 20 16 1 42
26 21 21 51 19 23 2
11 39 37 32 26 12 28
29 20 27 17 59 2 46
26 21 21 35 57 30 37
25 24 40 12 15 12 29
52 7 10 59 48 60 64
43 47 34 59 48 60 26
50 20 39 40 43 37 23
6 25 0 29 20 27 27
4 57 59 10 53 55 5
27 33 55 20 16 1 56
50 20 39 54 51 16 38
46 18 34 25 24 40 8
60 11 59 41 38 4 61
30 7 7 13 31 56 54
60 11 59 9 55 58 44
5 51 40 44 32 35 19
18 1 48 6 25 0 53
18 1 48 3 47 21 53
42 58 1 14 40 24 29
31 8 51 47 6 2 49
38 54 46 2 47 49 7
57 43 0 7 22 33 39
30 7 7 27 33 55 54
46 18 34 8 43 42 26
11 39 37 8 43 42 6
47 6 2 48 52 20 49
41 38 4 47 6 2 32
35 57 30 11 39 37 19
47 6 2 26 21 21 24
3 47 21 41 38 4 19
11 39 37 15 14 21 29
30 7 7 24 35 15 29
19 17 3 56 0 1 17
43 47 34 24 35 15 22
52 7 10 8 43 42 48
21 24 6 44 32 35 30
48 52 20 58 53 57 37
56 0 1 36 42 21 46
37 52 28 56 0 1 58
52 7 10 23 13 11 6
46 18 34 23 13 11 23
7 22 33 42 58 1 48
57 43 0 25 24 40 44
12 15 12 19 17 3 9
56 0 1 57 43 0 43
30 7 7 26 21 21 19
33 23 51 31 8 51 15
30 7 7 23 13 11 7
11 39 37 56 0 1 53
31 8 51 22 1 41 12
52 7 10 21 24 6 17
13 31 56 24 35 15 41
22 1 41 37 52 28 52
6 25 0 27 33 55 55
32 26 12 6 25 0 12
54 51 16 39 51 49 33
49 42 18 60 11 59 51
3 47 21 36 42 21 5
14 40 24 11 39 37 13
43 47 34 42 58 1 34
35 57 30 2 47 49 21
10 53 55 33 23 51 30
32 26 12 43 47 34 30
52 7 10 40 43 37 45
7 22 33 54 51 16 33
20 16 1 44 32 35 37
25 24 40 22 1 41 23
43 47 34 54 51 16 18
31 8 51 9 55 58 47
19 17 3 34 17 26 23
17 59 2 59 48 60 59
45 19 5 14 40 24 28
32 26 12 34 17 26 16
58 53 57 41 38 4 55
20 16 1 41 38 4 22
3 47 21 32 26 12 22
38 54 46 47 6 2 65
47 6 2 44 32 35 42
38 54 46 27 33 55 22
36 42 21 59 48 60 39
60 11 59 13 31 56 20
22 1 41 5 51 40 50
11 39 37 33 23 51 21
34 17 26 15 14 21 5
3 47 21 49 42 18 5
44 32 35 29 20 27 14
41 38 4 40 43 37 33
32 26 12 30 7 7 19
40 43 37 22 1 41 42
46 18 34 9 55 58 44
36 42 21 43 47 34 13
9 55 58 2 47 49 12
12 15 12 43 47 34 38
21 24 6 32 26 12 6
34 17 26 22 1 41 21
49 42 18 1 20 7 24
23 13 11 42 58 1 46
19 17 3 36 42 21 30
57 43 0 37 52 28 29
33 23 51 2 47 49 24
24 35 15 35 57 30 26
29 20 27 7 22 33 6
36 42 21 0 43 18 3
21 24 6 29 20 27 21
25 24 40 50 20 39 4
23 13 11 49 42 18 29
3 47 21 17 59 2 22
19 17 3 33 23 51 48
19 17 3 2 47 49 54
38 54 46 60 11 59 44
3 47 21 23 13 11 35
33 23 51 14 40 24 31
50 20 39 49 42 18 30
36 42 21 40 43 37 16
27 33 55 34 17 26 33
48 52 20 24 35 15 17
23 13 11 56 0 1 16
58 53 57 18 1 48 52
33 23 51 25 24 40 11
13 31 56 37 52 28 35
53 46 36 18 1 48 46
24 35 15 20 16 1 23
15 14 21 53 46 36 35
32 26 12 37 52 28 30
57 43 0 45 19 5 24
49 42 18 53 46 36 18
57 43 0 17 59 2 16
32 26 12 41 38 4 14
54 51 16 10 53 55 39
4 57 59 59 48 60 9
25 24 40 20 16 1 39
24 35 15 46 18 34 25
56 0 1 10 53 55 75
34 17 26 10 53 55 46
48 52 20 42 58 1 19
12 15 12 23 13 11 2
26 21 21 48 52 20 31
25 24 40 43 47 34 23
18 1 48 60 11 59 14
54 51 16 13 31 56 44
8 43 42 6 25 0 45
26 21 21 27 33 55 36
53 46 36 24 35 15 23
15 14 21 1 20 7 15
1 20 7 48 52 20 34
27 33 55 58 53 57 20
58 53 57 39 51 49 8
54 51 16 1 20 7 32
8 43 42 22 1 41 42
0 43 18 43 47 34 16
10 53 55 46 18 34 40
59 48 60 57 43 0 60
27 33 55 60 11 59 22
22 1 41 32 26 12 38
8 43 42 55 38 34 9
0 43 18 29 20 27 24
38 54 46 15 14 21 47
24 35 15 34 17 26 21
51 19 23 38 54 46 41
49 42 18 4 57 59 43
35 57 30 51 19 23 38
26 21 21 9 55 58 50
0 43 18 42 58 1 22
38 54 46 28 13 58 42
41 38 4 27 33 55 51
20 16 1 60 11 59 58
25 24 40 24 35 15 27
60 11 59 24 35 15 50
45 19 5 59 48 60 62
46 18 34 59 48 60 39
6 25 0 13 31 56 56
16 15 25 7 22 33 10
55 38 34 44 32 35 6
31 8 51 52 7 10 41
43 47 34 3 47 21 13
32 26 12 0 43 18 18
9 55 58 38 54 46 12
51 19 23 19 17 3 20
15 14 21 43 47 34 35
49 42 18 56 0 1 45
3 47 21 20 16 1 36
59 48 60 13 31 56 17
24 35 15 59 48 60 46
21 24 6 7 22 33 27
39 51 49 28 13 58 39
8 43 42 33 23 51 21
13 31 56 29 20 27 31
31 8 51 29 20 27 26
60 11 59 8 43 42 36
29 20 27 8 43 42 27
29 20 27 9 55 58 46
33 23 51 35 57 30 39
22 1 41 39 51 49 50
44 32 35 23 13 11 30
44 32 35 56 0 1 46
18 1 48 42 58 1 73
41 38 4 22 1 41 52
27 33 55 42 58 1 59
47 6 2 12 15 12 13
52 7 10 0 43 18 36
38 54 46 25 24 40 30
60 11 59 28 13 58 2
48 52 20 28 13 58 54
53 46 36 42 58 1 37
13 31 56 42 58 1 61
45 19 5 34 17 26 21
21 24 6 38 54 46 50
51 19 23 60 11 59 36
26 21 21 57 43 0 30
51 19 23 31 8 51 30
45 19 5 47 6 2 13
19 17 3 29 20 27 24
39 51 49 56 0 1 70
37 52 28 2 47 49 21
11 39 37 9 55 58 26
7 22 33 59 48 60 37
10 53 55 27 33 55 20
32 26 12 1 20 7 7
41 38 4 14 40 24 20
31 8 51 23 13 11 40
16 15 25 23 13 11 14
17 59 2 36 42 21 25
21 24 6 25 24 40 34
47 6 2 24 35 15 31
52 7 10 32 26 12 19
53 46 36 12 15 12 39
54 51 16 12 15 12 36
12 15 12 3 47 21 33
9 55 58 55 38 34 29
5 51 40 60 11 59 44
30 7 7 18 1 48 41
18 1 48 16 15 25 26
8 43 42 14 40 24 18
57 43 0 9 55 58 59
58 53 57 54 51 16 41
55 38 34 34 17 26 22
54 51 16 56 0 1 53
1 20 7 4 57 59 63
18 1 48 24 35 15 47
6 25 0 21 24 6 6
54 51 16 27 33 55 42
51 19 23 56 0 1 29
15 14 21 42 58 1 48
4 57 59 36 42 21 40
36 42 21 49 42 18 3
13 31 56 40 43 37 22
11 39 37 4 57 59 28
15 14 21 6 25 0 23
50 20 39 14 40 24 25
15 14 21 7 22 33 14
52 7 10 46 18 34 26
0 43 18 14 40 24 6
10 53 55 57 43 0 55
1 20 7 59 48 60 59
44 32 35 12 15 12 28
46 18 34 56 0 1 37
42 58 1 47 6 2 52
1 20 7 50 20 39 32
10 53 55 36 42 21 35
54 51 16 31 8 51 55
42 58 1 54 51 16 16
13 31 56 21 24 6 50
13 31 56 7 22 33 24
25 24 40 60 11 59 23
18 1 48 8 43 42 42
27 33 55 57 43 0 55
58 53 57 4 57 59 4
29 20 27 23 13 11 17
9 55 58 59 48 60 7
35 57 30 10 53 55 25
30 7 7 28 13 58 51
37 52 28 3 47 21 8
27 33 55 43 47 34 25
20 16 1 38 54 46 58
59 48 60 28 13 58 35
18 1 48 36 42 21 49
26 21 21 41 38 4 24
57 43 0 50 20 39 45
36 42 21 20 16 1 32
12 15 12 27 33 55 46
14 40 24 13 31 56 33
27 33 55 0 43 18 38
26 21 21 31 8 51 32
27 33 55 46 18 34 25
4 57 59 57 43 0 60
19 17 3 58 53 57 64
17 59 2 32 26 12 34
37 52 28 10 53 55 27
8 43 42 21 24 6 40
13 31 56 26 21 21 36
6 25 0 12 15 12 15
56 0 1 29 20 27 32
58 53 57 13 31 56 22
17 59 2 41 38 4 21
38 54 46 17 59 2 44
16 15 25 5 51 40 39
55 38 34 22 1 41 37
8 43 42 39 51 49 10
55 38 34 0 43 18 16
46 18 34 4 57 59 46
56 0 1 52 7 10 11
24 35 15 12 15 12 20
43 47 34 26 21 21 29
44 32 35 9 55 58 32
25 24 40 7 22 33 7
31 8 51 3 47 21 49
49 42 18 27 33 55 38
37 52 28 28 13 58 49
55 38 34 3 47 21 15
37 52 28 47 6 2 52
29 20 27 57 43 0 35
28 13 58 13 31 56 18
3 47 21 7 22 33 27
2 47 49 22 1 41 46
52 7 10 12 15 12 8
46 18 34 1 20 7 27
47 6 2 39 51 49 65
28 13 58 58 53 57 40
30 7 7 54 51 16 44
5 51 40 51 19 23 36
42 58 1 56 0 1 58
4 57 59 0 43 18 43
43 47 34 29 20 27 27
28 13 58 22 1 41 20
9 55 58 19 17 3 66
25 24 40 36 42 21 26
34 17 26 6 25 0 27
48 52 20 50 20 39 37
29 20 27 46 18 34 7
22 1 41 56 0 1 40
13 31 56 5 51 40 25
55 38 34 58 53 57 27
49 42 18 55 38 34 16
52 7 10 3 47 21 41
46 18 34 50 20 39 5
49 42 18 28 13 58 49
14 40 24 22 1 41 42
47 6 2 11 39 37 48
35 57 30 1 20 7 43
50 20 39 9 55 58 39
23 13 11 25 24 40 31
2 47 49 58 53 57 10
53 46 36 5 51 40 6
48 52 20 22 1 41 55
60 11 59 33 23 51 14
45 19 5 36 42 21 28
20 16 1 45 19 5 5
37 52 28 17 59 2 26
26 21 21 7 22 33 12
17 59 2 42 58 1 1
34 17 26 1 20 7 19
36 42 21 31 8 51 45
33 23 51 16 15 25 27
51 19 23 17 59 2 45
40 43 37 31 8 51 37
18 1 48 26 21 21 33
17 59 2 56 0 1 59
5 51 40 54 51 16 24
53 46 36 52 7 10 46
30 7 7 56 0 1 9
52 7 10 57 43 0 37
59 48 60 32 26 12 52
42 58 1 55 38 34 38
46 18 34 0 43 18 29
41 38 4 21 24 6 14
19 17 3 8 43 42 46
3 47 21 35 57 30 13
58 53 57 30 7 7 67
42 58 1 2 47 49 49
10 53 55 31 8 51 45
17 59 2 18 1 48 74
19 17 3 15 14 21 18
57 43 0 15 14 21 35
2 47 49 57 43 0 49
36 42 21 37 52 28 12
4 57 59 16 15 25 54
8 43 42 3 47 21 21
4 57 59 32 26 12 56
7 22 33 38 54 46 34
28 13 58 55 38 34 34
3 47 21 0 43 18 5
32 26 12 50 20 39 27
14 40 24 5 51 40 19
25 24 40 9 55 58 35
26 21 21 15 14 21 7
14 40 24 20 16 1 33
54 51 16 34 17 26 35
51 19 23 22 1 41 25
24 35 15 27 33 55 40
55 38 34 32 26 12 25
16 15 25 13 31 56 34
44 32 35 34 17 26 17
57 43 0 23 13 11 31
16 15 25 2 47 49 40
39 51 49 34 17 26 41
12 15 12 55 38 34 31
34 17 26 48 52 20 35
53 46 36 39 51 49 13
25 24 40 44 32 35 9
55 38 34 40 43 37 5
40 43 37 4 57 59 26
58 53 57 46 18 34 41
23 13 11 36 42 21 30
5 51 40 55 38 34 14
45 19 5 21 24 6 5
35 57 30 60 11 59 54
20 16 1 52 7 10 12
17 59 2 16 15 25 49
32 26 12 13 31 56 44
13 31 56 43 47 34 27
51 19 23 16 15 25 4
27 33 55 53 46 36 23
3 47 21 40 43 37 16
42 58 1 30 7 7 51
45 19 5 41 38 4 19
26 21 21 46 18 34 13
60 11 59 30 7 7 52
7 22 33 58 53 57 39
11 39 37 48 52 20 21
26 21 21 1 20 7 14
46 18 34 36 42 21 27
43 47 34 14 40 24 12
54 51 16 40 43 37 22
50 20 39 20 16 1 38
27 33 55 22 1 41 34
27 33 55 11 39 37 18
49 42 18 20 16 1 31
55 38 34 1 20 7 32
41 38 4 28 13 58 59
23 13 11 26 21 21 12
5 51 40 41 38 4 38
3 47 21 42 58 1 22
21 24 6 12 15 12 10
4 57 59 24 35 15 49
20 16 1 56 0 1 16
54 51 16 20 16 1 38
14 40 24 57 43 0 24
17 59 2 24 35 15 27
41 38 4 7 22 33 33
13 31 56 46 18 34 25
2 47 49 8 43 42 8
58 53 57 53 46 36 22
50 20 39 38 54 46 34
21 24 6 50 20 39 33
8 43 42 15 14 21 35
37 52 28 20 16 1 45
53 46 36 33 23 51 27
6 25 0 43 47 34 40
23 13 11 58 53 57 60
24 35 15 9 55 58 47
43 47 34 45 19 5 40
12 15 12 5 51 40 45
14 40 24 6 25 0 28
21 24 6 30 7 7 17
59 48 60 34 17 26 46
51 19 23 0 43 18 24
57 43 0 3 47 21 21
30 7 7 43 47 34 48
1 20 7 6 25 0 8
48 52 20 36 42 21 10
32 26 12 39 51 49 44
54 51 16 48 52 20 4
58 53 57 9 55 58 2
28 13 58 52 7 10 48
27 33 55 5 51 40 23
59 48 60 29 20 27 43
20 16 1 57 43 0 27
8 43 42 35 57 30 18
50 20 39 39 51 49 32
27 33 55 51 19 23 34
0 43 18 45 19 5 27
32 26 12 9 55 58 54
55 38 34 27 33 55 21
14 40 24 25 24 40 22
7 22 33 27 33 55 24
46 18 34 28 13 58 24
5 51 40 38 54 46 6
32 26 12 36 42 21 18
48 52 20 20 16 1 40
53 46 36 28 13 58 39
17 59 2 60 11 59 74
45 19 5 58 53 57 62
10 53 55 2 47 49 8
31 8 51 44 32 35 28
44 32 35 19 17 3 35
15 14 21 18 1 48 29
34 17 26 53 46 36 30
7 22 33 37 52 28 30
7 22 33 6 25 0 33
39 51 49 41 38 4 46
3 47 21 47 6 2 45
7 22 33 4 57 59 43
0 43 18 26 21 21 22
37 52 28 16 15 25 37
59 48 60 6 25 0 64
48 52 20 41 38 4 21
10 53 55 60 11 59 42
16 15 25 22 1 41 21
7 22 33 60 11 59 28
1 20 7 20 16 1 7
55 38 34 26 21 21 21
14 40 24 28 13 58 43
53 46 36 32 26 12 31
26 21 21 11 39 37 24
22 1 41 15 14 21 23
36 42 21 35 57 30 17
57 43 0 32 26 12 20
58 53 57 15 14 21 53
10 53 55 39 51 49 6
19 17 3 43 47 34 43
13 31 56 11 39 37 20
39 51 49 57 43 0 49
49 42 18 46 18 34 28
51 19 23 15 14 21 5
9 55 58 14 40 24 37
57 43 0 21 24 6 19
50 20 39 16 15 25 14
33 23 51 28 13 58 12
3 47 21 19 17 3 34
28 13 58 12 15 12 46
49 42 18 15 14 21 28
41 38 4 51 19 23 26
10 53 55 29 20 27 43
9 55 58 16 15 25 51
35 57 30 53 46 36 12
59 48 60 55 38 34 27
39 51 49 3 47 21 28
2 47 49 44 32 35 20
58 53 57 0 43 18 40
3 47 21 2 47 49 28
36 42 21 11 39 37 16
24 35 15 11 39 37 22
28 13 58 32 26 12 47
26 21 21 52 7 10 17
14 40 24 19 17 3 31
11 39 37 54 51 16 24
5 51 40 15 14 21 41
32 26 12 40 43 37 30
49 42 18 12 15 12 27
34 17 26 35 57 30 40
59 48 60 14 40 24 36
0 43 18 8 43 42 24
49 42 18 21 24 6 21
32 26 12 10 53 55 50
4 57 59 14 40 24 38
44 32 35 17 59 2 42
24 35 15 39 51 49 37
21 24 6 39 51 49 50
2 47 49 0 43 18 31
1 20 7 28 13 58 51
9 55 58 52 7 10 67
55 38 34 21 24 6 31
30 7 7 46 18 34 29
3 47 21 27 33 55 36
31 8 51 2 47 49 39
12 15 12 1 20 7 7
36 42 21 58 53 57 37
6 25 0 37 52 28 38
1 20 7 21 24 6 4
10 53 55 20 16 1 65
57 43 0 41 38 4 6
28 13 58 25 24 40 21
50 20 39 60 11 59 21
20 16 1 16 15 25 24
45 19 5 19 17 3 2
42 58 1 31 8 51 70
50 20 39 56 0 1 42
20 16 1 2 47 49 57
33 23 51 34 17 26 25
17 59 2 13 31 56 60
43 47 34 49 42 18 16
22 1 41 58 53 57 54
13 31 56 12 15 12 46
53 46 36 17 59 2 36
47 6 2 18 1 48 46
2 47 49 12 15 12 48
32 26 12 54 51 16 25
43 47 34 21 24 6 36
44 32 35 48 52 20 25
11 39 37 40 43 37 4
4 57 59 56 0 1 81
26 21 21 58 53 57 48
1 20 7 19 17 3 5
3 47 21 54 51 16 6
37 52 28 23 13 11 42
52 7 10 49 42 18 35
59 48 60 40 43 37 23
8 43 42 36 42 21 21
26 21 21 54 51 16 30
11 39 37 34 17 26 24
44 32 35 16 15 25 19
2 47 49 32 26 12 42
59 48 60 47 6 2 71
1 20 7 41 38 4 18
6 25 0 54 51 16 30
29 20 27 16 15 25 5
21 24 6 34 17 26 21
30 7 7 45 19 5 12
16 15 25 36 42 21 27
27 33 55 8 43 42 16
7 22 33 33 23 51 18
57 43 0 60 11 59 67
50 20 39 10 53 55 36
31 8 51 18 1 48 7
14 40 24 53 46 36 13
49 42 18 0 43 18 1
18 1 48 48 52 20 58
28 13 58 7 22 33 26
0 43 18 50 20 39 31
0 43 18 21 24 6 22
11 39 37 21 24 6 34
6 25 0 24 35 15 18
24 35 15 16 15 25 22
13 31 56 45 19 5 52
52 7 10 41 38 4 31
30 7 7 48 52 20 46
5 51 40 48 52 20 20
27 33 55 14 40 24 31
19 17 3 42 58 1 41
5 51 40 23 13 11 47
28 13 58 16 15 25 33
44 32 35 35 57 30 25
48 52 20 8 43 42 23
52 7 10 30 7 7 3
8 43 42 44 32 35 13
17 59 2 8 43 42 43
48 52 20 59 48 60 40
15 14 21 36 42 21 28
10 53 55 19 17 3 63
54 51 16 46 18 34 37
39 51 49 59 48 60 11
37 52 28 4 57 59 31
26 21 21 56 0 1 29
39 51 49 11 39 37 16
11 39 37 49 42 18 19
59 48 60 35 57 30 31
40 43 37 58 53 57 22
43 47 34 46 18 34 29
11 39 37 60 11 59 35
42 58 1 59 48 60 59
46 18 34 19 17 3 31
44 32 35 42 58 1 42
44 32 35 10 53 55 29
19 17 3 32 26 12 12
48 52 20 57 43 0 21
38 54 46 46 18 34 37
37 52 28 40 43 37 12
3 47 21 1 20 7 30
45 19 5 7 22 33 28
52 7 10 11 39 37 41
38 54 46 19 17 3 56
15 14 21 50 20 39 18
47 6 2 56 0 1 6
52 7 10 54 51 16 44
17 59 2 1 20 7 39
0 43 18 48 52 20 9
0 43 18 33 23 51 38
18 1 48 57 43 0 63
40 43 37 56 0 1 56
28 13 58 19 17 3 55
5 51 40 57 43 0 40
45 19 5 53 46 36 41
12 15 12 26 21 21 10
20 16 1 29 20 27 26
10 53 55 13 31 56 22
57 43 0 46 18 34 42
9 55 58 0 43 18 41
51 19 23 29 20 27 4
29 20 27 30 7 7 23
23 13 11 54 51 16 38
16 15 25 59 48 60 48
58 53 57 56 0 1 77
25 24 40 37 52 28 30
21 24 6 46 18 34 28
55 38 34 23 13 11 33
10 53 55 16 15 25 48
44 32 35 54 51 16 26
28 13 58 27 33 55 20
35 57 30 41 38 4 32
17 59 2 27 33 55 59
23 13 11 17 59 2 46
4 57 59 51 19 23 52
50 20 39 26 21 21 18
46 18 34 5 51 40 33
60 11 59 0 43 18 52
35 57 30 54 51 16 15
2 47 49 50 20 39 28
23 13 11 21 24 6 12
30 7 7 19 17 3 10
14 40 24 44 32 35 13
52 7 10 18 1 48 38
27 33 55 48 52 20 39
17 59 2 2 47 49 48
26 21 21 25 24 40 19
1 20 7 22 1 41 38
43 47 34 55 38 34 9
29 20 27 34 17 26 3
39 51 49 20 16 1 59
12 15 12 33 23 51 39
29 20 27 35 57 30 37
57 43 0 35 57 30 33
4 57 59 43 47 34 26
16 15 25 47 6 2 24
53 46 36 3 47 21 15
32 26 12 49 42 18 17
50 20 39 41 38 4 39
16 15 25 53 46 36 32
50 20 39 55 38 34 18
15 14 21 14 40 24 26
0 43 18 54 51 16 8
3 47 21 46 18 34 31
33 23 51 42 58 1 61
3 47 21 45 19 5 32
29 20 27 33 23 51 24
46 18 34 42 58 1 51
2 47 49 14 40 24 25
32 26 12 38 54 46 44
39 51 49 40 43 37 14
51 19 23 52 7 10 17
22 1 41 17 59 2 69
11 39 37 44 32 35 7
46 18 34 33 23 51 17
43 47 34 34 17 26 31
17 59 2 20 16 1 43
4 57 59 50 20 39 42
45 19 5 40 43 37 40
20 16 1 32 26 12 14
13 31 56 36 42 21 36
56 0 1 55 38 34 50
18 1 48 19 17 3 47
19 17 3 49 42 18 29
18 1 48 50 20 39 21
29 20 27 45 19 5 22
49 42 18 26 21 21 21
19 17 3 22 1 41 41
41 38 4 18 1 48 57
55 38 34 33 23 51 22
50 20 39 29 20 27 12
37 52 28 58 53 57 29
41 38 4 8 43 42 38
41 38 4 15 14 21 29
42 58 1 28 13 58 72
17 59 2 15 14 21 48
48 52 20 12 15 12 37
58 53 57 6 25 0 63
45 19 5 4 57 59 66
41 38 4 54 51 16 17
53 46 36 56 0 1 57
55 38 34 53 46 36 8
54 51 16 57 43 0 17
1 20 7 57 43 0 24
25 24 40 13 31 56 17
19 17 3 11 39 37 40
24 35 15 23 13 11 22
11 39 37 22 1 41 38
26 21 21 19 17 3 18
15 14 21 10 53 55 51
19 17 3 37 52 28 43
2 47 49 15 14 21 43
59 48 60 38 54 46 15
10 53 55 3 47 21 34
28 13 58 8 43 42 34
25 24 40 41 38 4 38
20 16 1 47 6 2 10
5 51 40 4 57 59 19
17 59 2 35 57 30 28
36 42 21 27 33 55 35
53 46 36 29 20 27 27
48 52 20 7 22 33 32
33 23 51 50 20 39 12
25 24 40 18 1 48 24
49 42 18 2 47 49 31
42 58 1 12 15 12 44
53 46 36 0 43 18 18
37 52 28 8 43 42 16
52 7 10 24 35 15 28
37 52 28 26 21 21 31
16 15 25 19 17 3 22
51 19 23 11 39 37 24
21 24 6 58 53 57 58
0 43 18 35 57 30 18
28 13 58 15 14 21 37
57 43 0 53 46 36 36
15 14 21 37 52 28 38
1 20 7 56 0 1 20
8 43 42 45 19 5 44
27 33 55 13 31 56 2
11 39 37 6 25 0 39
42 58 1 38 54 46 45
35 57 30 47 6 2 58
31 8 51 48 52 20 53
19 17 3 35 57 30 48
26 21 21 21 24 6 15
44 32 35 46 18 34 14
58 53 57 17 59 2 55
8 43 42 7 22 33 22
41 38 4 59 48 60 56
10 53 55 55 38 34 25
47 6 2 51 19 23 24
44 32 35 39 51 49 23
57 43 0 0 43 18 18
56 0 1 33 23 51 55
45 19 5 44 32 35 32
47 6 2 60 11 59 57
30 7 7 53 46 36 48
42 58 1 11 39 37 40
13 31 56 15 14 21 38
58 53 57 50 20 39 37
49 42 18 30 7 7 36
56 0 1 13 31 56 63
37 52 28 24 35 15 21
17 59 2 19 17 3 42
60 11 59 6 25 0 60
60 11 59 44 32 35 31
46 18 34 60 11 59 25
60 11 59 22 1 41 20
8 43 42 59 48 60 18
33 23 51 36 42 21 35
14 40 24 24 35 15 10
57 43 0 44 32 35 36
1 20 7 18 1 48 45
39 51 49 55 38 34 19
15 14 21 3 47 21 33
21 24 6 15 14 21 18
37 52 28 42 58 1 27
14 40 24 31 8 51 41
2 47 49 41 38 4 45
23 13 11 22 1 41 32
60 11 59 53 46 36 41
53 46 36 50 20 39 26
54 51 16 16 15 25 37
11 39 37 23 13 11 36
40 43 37 42 58 1 39
5 51 40 28 13 58 42
42 58 1 26 21 21 42
43 47 34 40 43 37 5
44 32 35 18 1 48 33
40 43 37 7 22 33 21
35 57 30 42 58 1 29
5 51 40 43 47 34 7
10 53 55 49 42 18 38
31 8 51 20 16 1 50
44 32 35 37 52 28 21
32 26 12 51 19 23 13
49 42 18 24 35 15 7
47 6 2 17 59 2 53
45 19 5 6 25 0 7
53 46 36 10 53 55 20
13 31 56 51 19 23 35
31 8 51 15 14 21 30
39 51 49 5 51 40 9
23 13 11 28 13 58 47
2 47 49 21 24 6 48
49 42 18 37 52 28 14
21 24 6 20 16 1 9
23 13 11 60 11 59 48
15 14 21 0 43 18 29
11 39 37 1 20 7 35
42 58 1 1 20 7 38
3 47 21 29 20 27 27
53 46 36 47 6 2 52
16 15 25 57 43 0 37
4 57 59 15 14 21 57
0 43 18 6 25 0 25
53 46 36 9 55 58 23
48 52 20 49 42 18 10
53 46 36 40 43 37 3
37 52 28 5 51 40 12
56 0 1 45 19 5 19
34 17 26 7 22 33 8
60 11 59 40 43 37 38
48 52 20 21 24 6 31
34 17 26 9 55 58 49
17 59 2 0 43 18 22
0 43 18 30 7 7 37
36 42 21 14 40 24 3
10 53 55 18 1 48 52
41 38 4 16 15 25 31
41 38 4 42 58 1 20
39 51 49 2 47 49 4
29 20 27 55 38 34 19
29 20 27 22 1 41 23
52 7 10 47 6 2 8
41 38 4 43 47 34 31
44 32 35 53 46 36 14
36 42 21 30 7 7 37
21 24 6 27 33 55 49
48 52 20 29 20 27 32
14 40 24 46 18 34 24
46 18 34 11 39 37 21
27 33 55 47 6 2 59
32 26 12 7 22 33 21
20 16 1 26 21 21 20
33 23 51 27 33 55 10
24 35 15 28 13 58 48
54 51 16 55 38 34 22
0 43 18 1 20 7 25
31 8 51 37 52 28 49
6 25 0 9 55 58 65
24 35 15 40 43 37 23
20 16 1 4 57 59 71
47 6 2 9 55 58 74
1 20 7 24 35 15 17
47 6 2 55 38 34 45
56 0 1 7 22 33 38
35 57 30 21 24 6 40
56 0 1 31 8 51 50
40 43 37 10 53 55 20
14 40 24 1 20 7 26
38 54 46 35 57 30 16
26 21 21 24 35 15 15
0 43 18 20 16 1 31
51 19 23 28 13 58 35
52 7 10 5 51 40 53
27 33 55 40 43 37 20
42 58 1 36 42 21 25
51 19 23 8 43 42 30
37 52 28 52 7 10 48
58 53 57 11 39 37 24
28 13 58 40 43 37 36
51 19 23 49 42 18 23
10 53 55 59 48 60 7
4 57 59 60 11 59 46
38 54 46 56 0 1 70
0 43 18 22 1 41 47
48 52 20 52 7 10 46
8 43 42 9 55 58 20
9 55 58 13 31 56 24
16 15 25 39 51 49 43
46 18 34 2 47 49 32
20 16 1 15 14 21 20
9 55 58 43 47 34 25
28 13 58 34 17 26 32
21 24 6 5 51 40 43
11 39 37 59 48 60 24