22 231
20 2 15 6 3 2 13
0 17 21 21 4 16 13
8 2 14 3 18 8 17
16 14 17 4 4 1 18
4 4 1 11 7 0 3
14 4 7 1 11 19 13
19 3 8 14 4 7 1
17 0 4 11 7 0 8
18 5 15 12 5 12 3
15 11 1 7 16 6 7
4 4 1 9 12 10 12
14 4 7 16 14 17 14
3 18 8 7 16 6 2
8 2 14 6 3 2 12
6 3 2 21 4 16 14
8 2 14 9 12 10 10
7 16 6 9 12 10 5
6 3 2 7 16 6 13
15 11 1 8 2 14 15
21 4 16 13 13 2 16
7 16 6 8 2 14 16
13 13 2 5 8 14 13
4 4 1 14 4 7 6
19 3 8 1 11 19 13
14 4 7 12 5 12 5
8 2 14 14 4 7 7
16 14 17 5 8 14 6
5 8 14 9 12 10 5
10 0 8 3 18 8 18
11 7 0 18 5 15 15
8 2 14 21 4 16 2
6 3 2 17 0 4 3
1 11 19 20 2 15 9
10 0 8 4 4 1 8
2 5 8 9 12 10 7
2 5 8 4 4 1 7
15 11 1 5 8 14 13
5 8 14 20 2 15 6
16 14 17 17 0 4 19
1 11 19 10 0 8 15
16 14 17 21 4 16 10
5 8 14 12 5 12 3
12 5 12 11 7 0 12
21 4 16 19 3 8 8
0 17 21 2 5 8 17
15 11 1 12 5 12 12
20 2 15 19 3 8 7
19 3 8 9 12 10 9
15 11 1 21 4 16 16
18 5 15 19 3 8 7
18 5 15 14 4 7 8
19 3 8 10 0 8 3
18 5 15 21 4 16 1
12 5 12 20 2 15 4
8 2 14 11 7 0 14
11 7 0 3 18 8 13
14 4 7 15 11 1 9
17 0 4 10 0 8 4
17 0 4 5 8 14 12
0 17 21 18 5 15 13
14 4 7 3 18 8 14
15 11 1 11 7 0 4
9 12 10 1 11 19 9
7 16 6 2 5 8 11
21 4 16 12 5 12 4
7 16 6 21 4 16 15
14 4 7 20 2 15 8
3 18 8 18 5 15 14
0 17 21 8 2 14 16
5 8 14 6 3 2 13
16 14 17 18 5 15 9
7 16 6 20 2 15 16
11 7 0 9 12 10 11
1 11 19 6 3 2 18
12 5 12 7 16 6 12
15 11 1 0 17 21 20
2 5 8 19 3 8 2
13 13 2 11 7 0 6
1 11 19 0 17 21 6
12 5 12 6 3 2 10
1 11 19 7 16 6 13
21 4 16 4 4 1 15
20 2 15 16 14 17 12
15 11 1 6 3 2 8
2 5 8 1 11 19 12
9 12 10 21 4 16 10
2 5 8 5 8 14 6
17 0 4 3 18 8 18
10 0 8 13 13 2 14
17 0 4 12 5 12 9
4 4 1 0 17 21 23
17 0 4 14 4 7 5
1 11 19 3 18 8 13
9 12 10 13 13 2 8
18 5 15 13 13 2 15
18 5 15 9 12 10 8
14 4 7 21 4 16 9
2 5 8 20 2 15 7
0 17 21 7 16 6 15
14 4 7 0 17 21 19
15 11 1 19 3 8 10
17 0 4 2 5 8 6
12 5 12 8 2 14 3
18 5 15 1 11 19 7
4 4 1 18 5 15 14
3 18 8 2 5 8 13
6 3 2 16 14 17 18
4 4 1 19 3 8 7
4 4 1 3 18 8 15
18 5 15 10 0 8 8
19 3 8 16 14 17 14
20 2 15 17 0 4 11
19 3 8 0 17 21 19
3 18 8 21 4 16 16
7 16 6 17 0 4 16
6 3 2 18 5 15 13
8 2 14 2 5 8 6
10 0 8 5 8 14 10
10 0 8 14 4 7 4
8 2 14 18 5 15 3
13 13 2 19 3 8 11
0 17 21 13 13 2 19
7 16 6 4 4 1 13
2 5 8 21 4 16 8
11 7 0 14 4 7 7
11 7 0 1 11 19 19
15 11 1 3 18 8 9
16 14 17 13 13 2 15
6 3 2 11 7 0 4
18 5 15 2 5 8 7
13 13 2 6 3 2 10
12 5 12 2 5 8 4
10 0 8 9 12 10 12
5 8 14 4 4 1 13
4 4 1 13 13 2 9
11 7 0 21 4 16 16
15 11 1 13 13 2 2
5 8 14 11 7 0 14
17 0 4 18 5 15 12
16 14 17 7 16 6 11
18 5 15 7 16 6 14
17 0 4 9 12 10 13
1 11 19 17 0 4 18
16 14 17 15 11 1 16
8 2 14 1 11 19 10
2 5 8 16 14 17 12
1 11 19 12 5 12 9
6 3 2 2 5 8 6
14 4 7 5 8 14 8
10 0 8 2 5 8 5
6 3 2 0 17 21 23
17 0 4 8 2 14 10
18 5 15 15 11 1 15
17 0 4 19 3 8 5
10 0 8 15 11 1 13
13 13 2 3 18 8 7
15 11 1 17 0 4 11
3 18 8 12 5 12 13
11 7 0 19 3 8 8
6 3 2 19 3 8 6
6 3 2 14 4 7 5
11 7 0 0 17 21 23
15 11 1 9 12 10 9
3 18 8 0 17 21 13
14 4 7 7 16 6 12
1 11 19 16 14 17 3
10 0 8 7 16 6 16
13 13 2 2 5 8 10
7 16 6 5 8 14 11
10 0 8 6 3 2 6
15 11 1 1 11 19 18
10 0 8 12 5 12 6
9 12 10 14 4 7 8
6 3 2 4 4 1 1
18 5 15 5 8 14 3
10 0 8 16 14 17 16
0 17 21 10 0 8 21
1 11 19 13 13 2 17
2 5 8 15 11 1 9
5 8 14 19 3 8 7
19 3 8 7 16 6 13
10 0 8 21 4 16 8
11 7 0 10 0 8 10
16 14 17 11 7 0 18
0 17 21 9 12 10 12
5 8 14 0 17 21 11
20 2 15 4 4 1 14
16 14 17 9 12 10 7
21 4 16 20 2 15 2
20 2 15 9 12 10 11
20 2 15 8 2 14 1
10 0 8 20 2 15 7
5 8 14 3 18 8 11
12 5 12 9 12 10 7
6 3 2 9 12 10 12
4 4 1 8 2 14 13
16 14 17 0 17 21 5
3 18 8 6 3 2 16
20 2 15 13 13 2 17
8 2 14 19 3 8 6
1 11 19 5 8 14 5
1 11 19 21 4 16 7
13 13 2 12 5 12 12
3 18 8 20 2 15 17
1 11 19 4 4 1 19
17 0 4 0 17 21 24
4 4 1 17 0 4 5
8 2 14 16 14 17 12
12 5 12 19 3 8 4
20 2 15 0 17 21 16
13 13 2 17 0 4 13
8 2 14 13 13 2 16
21 4 16 17 0 4 12
12 5 12 16 14 17 10
5 8 14 8 2 14 6
20 2 15 11 7 0 15
9 12 10 3 18 8 6
5 8 14 21 4 16 4
16 14 17 3 18 8 9
7 16 6 11 7 0 10
10 0 8 8 2 14 6
2 5 8 11 7 0 8
19 3 8 3 18 8 15
7 16 6 13 13 2 5
20 2 15 15 11 1 16
20 2 15 18 5 15 3
12 5 12 0 17 21 15
4 4 1 12 5 12 11
4 4 1 15 11 1 7
14 4 7 13 13 2 10
14 4 7 2 5 8 1