83 3403
20 7 34 77 47 51 43
5 47 77 77 47 51 26
59 79 55 49 26 21 62
3 1 54 19 17 50 16
10 41 19 55 40 53 34
64 60 22 18 55 22 5
63 41 44 67 40 80 36
5 47 77 33 14 35 53
56 29 6 9 43 60 55
73 10 73 46 79 78 69
7 62 73 6 38 55 30
80 40 71 64 60 22 52
60 59 62 13 76 56 18
11 77 2 43 81 67 65
46 79 78 49 26 21 77
6 38 55 9 43 60 7
66 14 15 0 38 17 24
79 14 81 18 55 22 71
43 81 67 57 39 76 42
33 14 35 0 38 17 30
64 60 22 58 25 70 59
26 59 54 52 34 67 28
29 69 0 67 40 80 85
76 69 57 7 62 73 17
71 79 40 40 69 6 35
75 62 49 37 47 8 43
21 30 77 6 38 55 23
45 18 41 74 46 18 36
66 14 15 62 33 38 29
7 62 73 18 55 22 51
52 34 67 51 70 70 36
44 26 18 72 82 39 59
76 69 57 18 55 22 37
41 69 44 4 62 58 15
46 79 78 76 69 57 23
42 36 59 79 14 81 31
15 22 9 66 14 15 10
0 38 17 28 35 22 5
16 3 7 75 62 49 72
16 3 7 29 69 0 66
3 1 54 14 7 79 25
38 47 21 78 47 61 40
44 26 18 24 64 41 44
40 69 6 3 1 54 83
74 46 18 47 80 59 53
24 64 41 59 79 55 20
63 41 44 42 36 59 15
56 29 6 45 18 41 36
61 77 10 72 82 39 29
28 35 22 2 8 43 34
64 60 22 76 69 57 36
59 79 55 6 38 55 41
11 77 2 29 69 0 8
66 14 15 50 61 49 58
27 41 0 30 77 5 36
44 26 18 40 69 6 44
16 3 7 80 40 71 73
75 62 49 52 34 67 33
43 81 67 70 38 30 56
37 47 8 7 62 73 66
0 38 17 47 80 59 59
32 81 17 7 62 73 59
58 25 70 34 79 56 55
9 43 60 27 41 0 60
80 40 71 40 69 6 71
43 81 67 66 14 15 84
45 18 41 10 41 19 31
4 62 58 43 81 67 21
20 7 34 37 47 8 47
55 40 53 35 3 43 38
63 41 44 0 38 17 27
56 29 6 7 62 73 74
50 61 49 33 14 35 49
29 69 0 19 17 50 72
44 26 18 42 36 59 42
14 7 79 64 60 22 77
12 57 27 49 26 21 31
2 8 43 57 39 76 45
16 3 7 33 14 35 30
2 8 43 26 59 54 52
33 14 35 48 30 64 33
19 17 50 63 41 44 24
48 30 64 69 1 6 64
58 25 70 42 36 59 15
68 25 25 39 77 77 73
67 40 80 77 47 51 29
11 77 2 41 69 44 42
31 33 71 29 69 0 79
5 47 77 20 7 34 58
36 41 13 3 1 54 57
41 69 44 51 70 70 26
58 25 70 23 70 24 64
76 69 57 69 1 6 85
81 50 24 51 70 70 50
4 62 58 25 39 54 23
41 69 44 48 30 64 43
21 30 77 41 69 44 51
79 14 81 27 41 0 85
39 77 77 59 79 55 22
15 22 9 65 14 18 12
26 59 54 74 46 18 38
51 70 70 67 40 80 31
15 22 9 49 26 21 12
80 40 71 79 14 81 27
69 1 6 14 7 79 73
59 79 55 20 7 34 75
16 3 7 11 77 2 74
79 14 81 75 62 49 57
42 36 59 35 3 43 36
69 1 6 16 3 7 2
47 80 59 4 62 58 18
67 40 80 27 41 0 80
14 7 79 8 62 78 55
63 41 44 61 77 10 49
9 43 60 57 39 76 16
30 77 5 71 79 40 35
77 47 51 22 65 10 44
65 14 18 70 38 30 26
69 1 6 58 25 70 68
61 77 10 11 77 2 8
47 80 59 75 62 49 20
11 77 2 31 33 71 81
79 14 81 22 65 10 87
38 47 21 4 62 58 39
0 38 17 2 8 43 39
65 14 18 47 80 59 77
77 47 51 38 47 21 30
81 50 24 0 38 17 13
59 79 55 19 17 50 62
0 38 17 16 3 7 36
62 33 38 59 79 55 49
45 18 41 67 40 80 44
53 46 57 35 3 43 45
55 40 53 42 36 59 7
56 29 6 17 62 76 77
57 39 76 70 38 30 46
71 79 40 65 14 18 68
36 41 13 18 55 22 16
60 59 62 26 59 54 8
60 59 62 43 81 67 22
21 30 77 78 47 61 23
54 26 21 40 69 6 45
35 3 43 21 30 77 43
13 76 56 15 22 9 71
42 36 59 76 69 57 33
4 62 58 40 69 6 52
42 36 59 74 46 18 42
69 1 6 28 35 22 37
71 79 40 4 62 58 24
43 81 67 41 69 44 25
32 81 17 27 41 0 43
65 14 18 72 82 39 71
32 81 17 55 40 53 54
24 64 41 26 59 54 13
10 41 19 77 47 51 32
29 69 0 24 64 41 41
11 77 2 77 47 51 57
22 65 10 54 26 21 40
16 3 7 15 22 9 19
63 41 44 1 35 54 11
3 1 54 75 62 49 61
49 26 21 80 40 71 51
58 25 70 8 62 78 37
55 40 53 1 35 54 5
70 38 30 58 25 70 42
60 59 62 65 14 18 62
40 69 6 82 40 61 62
56 29 6 62 33 38 32
58 25 70 16 3 7 66
44 26 18 77 47 51 39
12 57 27 18 55 22 5
37 47 8 81 50 24 16
67 40 80 26 59 54 32
3 1 54 72 82 39 82
55 40 53 9 43 60 7
48 30 64 35 3 43 34
52 34 67 66 14 15 55
22 65 10 43 81 67 59
50 61 49 31 33 71 35
1 35 54 0 38 17 37
10 41 19 53 46 57 38
19 17 50 4 62 58 45
57 39 76 31 33 71 7
24 64 41 57 39 76 43
27 41 0 63 41 44 44
27 41 0 22 65 10 26
26 59 54 27 41 0 56
16 3 7 72 82 39 85
32 81 17 77 47 51 48
3 1 54 64 60 22 67
46 79 78 16 3 7 104
70 38 30 1 35 54 24
19 17 50 78 47 61 31
53 46 57 57 39 76 20
34 79 56 71 79 40 16
10 41 19 21 30 77 59
4 62 58 66 14 15 64
7 62 73 22 65 10 63
33 14 35 43 81 67 74
1 35 54 4 62 58 27
4 62 58 62 33 38 35
10 41 19 19 17 50 39
80 40 71 17 62 76 22
77 47 51 55 40 53 7
72 82 39 31 33 71 58
52 34 67 43 81 67 47
81 50 24 1 35 54 33
60 59 62 25 39 54 21
54 26 21 77 47 51 36
59 79 55 76 69 57 10
29 69 0 76 69 57 57
70 38 30 13 76 56 46
50 61 49 14 7 79 61
76 69 57 36 41 13 52
61 77 10 38 47 21 31
33 14 35 18 55 22 43
50 61 49 45 18 41 43
17 62 76 4 62 58 18
35 3 43 78 47 61 47
7 62 73 61 77 10 64
27 41 0 28 35 22 22
72 82 39 35 3 43 79
31 33 71 10 41 19 52
60 59 62 23 70 24 39
11 77 2 32 81 17 15
9 43 60 31 33 71 14
45 18 41 57 39 76 40
74 46 18 24 64 41 29
77 47 51 72 82 39 37
12 57 27 42 36 59 38
34 79 56 3 1 54 78
39 77 77 47 80 59 18
6 38 55 15 22 9 48
60 59 62 30 77 5 59
78 47 61 64 60 22 41
67 40 80 57 39 76 4
81 50 24 60 59 62 39
27 41 0 42 36 59 59
7 62 73 70 38 30 49
81 50 24 14 7 79 69
73 10 73 41 69 44 65
77 47 51 0 38 17 35
4 62 58 67 40 80 31
38 47 21 49 26 21 21
11 77 2 50 61 49 49
28 35 22 4 62 58 45
79 14 81 52 34 67 24
31 33 71 44 26 18 53
24 64 41 20 7 34 57
3 1 54 59 79 55 78
46 79 78 37 47 8 76
32 81 17 30 77 5 12
32 81 17 31 33 71 72
45 18 41 58 25 70 29
63 41 44 68 25 25 24
20 7 34 34 79 56 75
27 41 0 45 18 41 47
79 14 81 66 14 15 66
18 55 22 41 69 44 26
54 26 21 60 59 62 52
44 26 18 54 26 21 3
9 43 60 69 1 6 68
72 82 39 39 77 77 38
79 14 81 62 33 38 47
58 25 70 73 10 73 15
67 40 80 23 70 24 63
80 40 71 75 62 49 31
47 80 59 50 61 49 21
75 62 49 45 18 41 44
57 39 76 3 1 54 43
80 40 71 25 39 54 17
64 60 22 10 41 19 19
19 17 50 49 26 21 30
75 62 49 67 40 80 38
71 79 40 24 64 41 15
42 36 59 51 70 70 35
16 3 7 18 55 22 54
33 14 35 12 57 27 43
75 62 49 55 40 53 22
71 79 40 57 39 76 53
44 26 18 45 18 41 24
51 70 70 50 61 49 22
54 26 21 8 62 78 67
36 41 13 17 62 76 66
0 38 17 34 79 56 56
50 61 49 18 55 22 27
55 40 53 22 65 10 49
37 47 8 74 46 18 10
29 69 0 80 40 71 76
1 35 54 8 62 78 36
67 40 80 34 79 56 45
15 22 9 51 70 70 77
22 65 10 40 69 6 5
64 60 22 60 59 62 40
35 3 43 69 1 6 37
52 34 67 36 41 13 54
3 1 54 73 10 73 21
16 3 7 62 33 38 43
27 41 0 23 70 24 37
51 70 70 66 14 15 78
36 41 13 59 79 55 56
47 80 59 62 33 38 51
0 38 17 31 33 71 54
25 39 54 66 14 15 46
3 1 54 61 77 10 87
40 69 6 13 76 56 50
77 47 51 82 40 61 12
79 14 81 78 47 61 38
65 14 18 45 18 41 23
10 41 19 41 69 44 37
64 60 22 63 41 44 29
30 77 5 17 62 76 72
22 65 10 66 14 15 51
44 26 18 47 80 59 67
65 14 18 28 35 22 21
47 80 59 42 36 59 44
36 41 13 69 1 6 40
43 81 67 38 47 21 57
69 1 6 50 61 49 73
50 61 49 36 41 13 41
28 35 22 75 62 49 38
46 79 78 79 14 81 65
42 36 59 8 62 78 32
70 38 30 36 41 13 17
29 69 0 20 7 34 70
18 55 22 27 41 0 26
16 3 7 30 77 5 74
23 70 24 31 33 71 59
68 25 25 69 1 6 30
24 64 41 37 47 8 37
15 22 9 62 33 38 31
68 25 25 20 7 34 20
75 62 49 20 7 34 57
4 62 58 20 7 34 60
30 77 5 6 38 55 63
5 47 77 19 17 50 40
76 69 57 43 81 67 15
18 55 22 62 33 38 27
10 41 19 43 81 67 62
72 82 39 70 38 30 44
39 77 77 60 59 62 23
13 76 56 31 33 71 45
11 77 2 12 57 27 32
16 3 7 37 47 8 44
78 47 61 43 81 67 34
9 43 60 49 26 21 42
51 70 70 29 69 0 70
72 82 39 36 41 13 48
10 41 19 34 79 56 53
69 1 6 26 59 54 75
11 77 2 48 30 64 77
73 10 73 61 77 10 91
28 35 22 37 47 8 18
77 47 51 36 41 13 38
47 80 59 35 3 43 78
53 46 57 26 59 54 13
30 77 5 2 8 43 78
73 10 73 22 65 10 83
60 59 62 35 3 43 59
7 62 73 13 76 56 22
67 40 80 5 47 77 7
55 40 53 37 47 8 45
23 70 24 1 35 54 46
79 14 81 72 82 39 79
64 60 22 15 22 9 40
30 77 5 44 26 18 52
50 61 49 35 3 43 58
37 47 8 9 43 60 52
68 25 25 72 82 39 58
34 79 56 7 62 73 24
52 34 67 71 79 40 52
32 81 17 65 14 18 67
76 69 57 78 47 61 22
46 79 78 4 62 58 26
68 25 25 61 77 10 54
66 14 15 55 40 53 46
30 77 5 10 41 19 38
81 50 24 43 81 67 53
6 38 55 42 36 59 4
5 47 77 28 35 22 56
48 30 64 54 26 21 43
30 77 5 31 33 71 79
29 69 0 41 69 44 44
41 69 44 25 39 54 31
43 81 67 53 46 57 36
21 30 77 58 25 70 8
45 18 41 21 30 77 37
56 29 6 52 34 67 61
60 59 62 14 7 79 54
28 35 22 3 1 54 46
34 79 56 62 33 38 49
17 62 76 21 30 77 32
14 7 79 25 39 54 40
11 77 2 4 62 58 57
33 14 35 7 62 73 61
31 33 71 45 18 41 33
1 35 54 2 8 43 29
17 62 76 73 10 73 52
2 8 43 61 77 10 76
57 39 76 5 47 77 8
79 14 81 0 38 17 68
47 80 59 6 38 55 42
76 69 57 41 69 44 13
43 81 67 79 14 81 68
40 69 6 63 41 44 47
1 35 54 26 59 54 24
48 30 64 39 77 77 48
73 10 73 32 81 17 90
9 43 60 14 7 79 40
81 50 24 25 39 54 31
21 30 77 1 35 54 23
27 41 0 11 77 2 36
43 81 67 55 40 53 43
3 1 54 23 70 24 75
59 79 55 47 80 59 4
29 69 0 4 62 58 58
48 30 64 76 69 57 39
52 34 67 1 35 54 13
5 47 77 37 47 8 69
33 14 35 14 7 79 44
57 39 76 19 17 50 34
59 79 55 17 62 76 27
75 62 49 63 41 44 21
81 50 24 65 14 18 36
50 61 49 17 62 76 27
20 7 34 9 43 60 44
49 26 21 20 7 34 23
40 69 6 0 38 17 32
39 77 77 17 62 76 15
64 60 22 44 26 18 34
55 40 53 26 59 54 19
32 81 17 68 25 25 56
51 70 70 21 30 77 40
41 69 44 12 57 27 20
72 82 39 27 41 0 56
68 25 25 80 40 71 48
28 35 22 77 47 51 31
58 25 70 56 29 6 64
19 17 50 80 40 71 31
51 70 70 82 40 61 31
39 77 77 35 3 43 81
18 55 22 42 36 59 41
16 3 7 12 57 27 57
8 62 78 26 59 54 24
14 7 79 77 47 51 48
79 14 81 55 40 53 38
52 34 67 32 81 17 68
12 57 27 79 14 81 69
18 55 22 59 79 55 40
1 35 54 3 1 54 34
63 41 44 24 64 41 23
7 62 73 78 47 61 19
3 1 54 9 43 60 42
58 25 70 62 33 38 32
22 65 10 69 1 6 64
48 30 64 62 33 38 26
13 76 56 78 47 61 29
28 35 22 21 30 77 55
8 62 78 77 47 51 30
56 29 6 34 79 56 70
4 62 58 30 77 5 55
26 59 54 16 3 7 73
26 59 54 73 10 73 52
14 7 79 32 81 17 96
57 39 76 55 40 53 23
1 35 54 24 64 41 31
53 46 57 5 47 77 20
35 3 43 80 40 71 46
35 3 43 76 69 57 67
24 64 41 28 35 22 34
38 47 21 80 40 71 50
31 33 71 74 46 18 54
51 70 70 58 25 70 45
39 77 77 77 47 51 39
58 25 70 81 50 24 52
29 69 0 17 62 76 76
34 79 56 6 38 55 41
9 43 60 41 69 44 30
37 47 8 50 61 49 43
9 43 60 51 70 70 28
23 70 24 53 46 57 40
6 38 55 80 40 71 16
35 3 43 26 59 54 57
2 8 43 69 1 6 37
74 46 18 8 62 78 62
27 41 0 57 39 76 76
44 26 18 12 57 27 32
34 79 56 50 61 49 19
16 3 7 3 1 54 47
74 46 18 36 41 13 7
70 38 30 49 26 21 15
72 82 39 30 77 5 34
62 33 38 0 38 17 21
73 10 73 59 79 55 71
42 36 59 81 50 24 37
47 80 59 52 34 67 46
36 41 13 1 35 54 41
72 82 39 53 46 57 40
82 40 61 3 1 54 39
27 41 0 82 40 61 61
26 59 54 4 62 58 5
61 77 10 42 36 59 63
28 35 22 45 18 41 25
4 62 58 65 14 18 62
74 46 18 57 39 76 58
8 62 78 67 40 80 22
64 60 22 73 10 73 71
46 79 78 7 62 73 17
0 38 17 27 41 0 17
49 26 21 6 38 55 36
60 59 62 46 79 78 25
17 62 76 0 38 17 63
2 8 43 68 25 25 24
61 77 10 69 1 6 76
30 77 5 61 77 10 5
2 8 43 4 62 58 56
50 61 49 27 41 0 52
52 34 67 30 77 5 75
70 38 30 4 62 58 36
42 36 59 78 47 61 11
29 69 0 36 41 13 30
11 77 2 3 1 54 92
70 38 30 37 47 8 23
47 80 59 9 43 60 37
74 46 18 51 70 70 57
65 14 18 75 62 49 57
38 47 21 62 33 38 22
15 22 9 31 33 71 62
15 22 9 71 79 40 64
72 82 39 80 40 71 52
45 18 41 15 22 9 32
57 39 76 63 41 44 32
22 65 10 28 35 22 32
22 65 10 64 60 22 13
30 77 5 21 30 77 85
72 82 39 71 79 40 3
75 62 49 0 38 17 40
60 59 62 82 40 61 19
55 40 53 69 1 6 61
82 40 61 35 3 43 41
69 1 6 79 14 81 76
65 14 18 33 14 35 17
36 41 13 40 69 6 28
59 79 55 41 69 44 14
32 81 17 20 7 34 75
69 1 6 56 29 6 28
13 76 56 39 77 77 21
33 14 35 70 38 30 24
14 7 79 74 46 18 72
46 79 78 15 22 9 89
13 76 56 56 29 6 68
32 81 17 6 38 55 57
41 69 44 40 69 6 38
32 81 17 49 26 21 55
63 41 44 45 18 41 23
49 26 21 13 76 56 61
15 22 9 82 40 61 55
6 38 55 31 33 71 16
2 8 43 5 47 77 51
29 69 0 32 81 17 20
46 79 78 58 25 70 54
18 55 22 25 39 54 35
72 82 39 11 77 2 37
48 30 64 6 38 55 12
24 64 41 49 26 21 42
26 59 54 42 36 59 23
13 76 56 41 69 44 13
71 79 40 63 41 44 38
44 26 18 35 3 43 33
41 69 44 63 41 44 28
62 33 38 31 33 71 33
14 7 79 11 77 2 104
66 14 15 82 40 61 52
54 26 21 7 62 73 63
14 7 79 27 41 0 86
78 47 61 16 3 7 69
25 39 54 15 22 9 48
12 57 27 63 41 44 23
77 47 51 70 38 30 22
43 81 67 16 3 7 98
10 41 19 79 14 81 67
27 41 0 7 62 73 75
38 47 21 15 22 9 27
42 36 59 23 70 24 48
8 62 78 40 69 6 72
40 69 6 37 47 8 22
81 50 24 61 77 10 30
57 39 76 10 41 19 57
31 33 71 66 14 15 59
79 14 81 1 35 54 34
10 41 19 5 47 77 58
45 18 41 42 36 59 25
25 39 54 82 40 61 7
26 59 54 39 77 77 29
25 39 54 48 30 64 13
23 70 24 22 65 10 14
19 17 50 45 18 41 9
36 41 13 71 79 40 46
77 47 51 4 62 58 16
50 61 49 20 7 34 56
44 26 18 39 77 77 77
13 76 56 66 14 15 74
81 50 24 27 41 0 25
51 70 70 49 26 21 65
38 47 21 18 55 22 8
51 70 70 32 81 17 54
80 40 71 2 8 43 42
51 70 70 13 76 56 15
19 17 50 35 3 43 15
8 62 78 36 41 13 68
82 40 61 73 10 73 32
76 69 57 63 41 44 30
24 64 41 77 47 51 19
1 35 54 64 60 22 40
3 1 54 78 47 61 46
48 30 64 58 25 70 7
0 38 17 61 77 10 39
67 40 80 56 29 6 74
17 62 76 71 79 40 39
57 39 76 36 41 13 63
40 69 6 34 79 56 50
57 39 76 34 79 56 44
13 76 56 80 40 71 39
34 79 56 47 80 59 3
5 47 77 27 41 0 77
1 35 54 9 43 60 10
61 77 10 40 69 6 8
45 18 41 2 8 43 10
5 47 77 59 79 55 38
29 69 0 21 30 77 86
29 69 0 56 29 6 40
59 79 55 29 69 0 55
7 62 73 25 39 54 29
67 40 80 66 14 15 70
71 79 40 78 47 61 38
41 69 44 1 35 54 35
30 77 5 25 39 54 62
5 47 77 49 26 21 59
0 38 17 71 79 40 47
80 40 71 48 30 64 12
78 47 61 60 59 62 12
41 69 44 35 3 43 66
39 77 77 23 70 24 53
7 62 73 5 47 77 15
51 70 70 43 81 67 11
13 76 56 36 41 13 55
10 41 19 0 38 17 3
28 35 22 25 39 54 32
44 26 18 27 41 0 23
44 26 18 1 35 54 37
8 62 78 13 76 56 26
67 40 80 74 46 18 62
24 64 41 69 1 6 72
33 14 35 19 17 50 15
70 38 30 31 33 71 41
66 14 15 21 30 77 64
31 33 71 41 69 44 45
46 79 78 67 40 80 39
78 47 61 59 79 55 32
77 47 51 40 69 6 50
34 79 56 25 39 54 40
6 38 55 54 26 21 36
39 77 77 34 79 56 21
63 41 44 79 14 81 45
54 26 21 78 47 61 45
73 10 73 11 77 2 97
21 30 77 11 77 2 88
81 50 24 57 39 76 53
2 8 43 63 41 44 33
62 33 38 5 47 77 41
78 47 61 47 80 59 33
24 64 41 60 59 62 21
56 29 6 40 69 6 40
46 79 78 29 69 0 78
60 59 62 19 17 50 43
69 1 6 73 10 73 67
33 14 35 56 29 6 32
33 14 35 32 81 17 69
17 62 76 65 14 18 75
49 26 21 7 62 73 63
38 47 21 40 69 6 26
45 18 41 48 30 64 25
32 81 17 79 14 81 92
79 14 81 61 77 10 94
13 76 56 17 62 76 24
59 79 55 79 14 81 70
79 14 81 8 62 78 48
27 41 0 31 33 71 71
4 62 58 32 81 17 45
1 35 54 53 46 57 11
56 29 6 21 30 77 71
81 50 24 77 47 51 27
52 34 67 60 59 62 25
44 26 18 79 14 81 64
44 26 18 9 43 60 45
43 81 67 12 57 27 46
55 40 53 6 38 55 2
54 26 21 29 69 0 47
62 33 38 1 35 54 16
65 14 18 73 10 73 55
18 55 22 74 46 18 9
47 80 59 40 69 6 54
60 59 62 41 69 44 20
81 50 24 52 34 67 45
22 65 10 46 79 78 69
16 3 7 81 50 24 49
60 59 62 9 43 60 16
11 77 2 71 79 40 38
10 41 19 75 62 49 36
22 65 10 51 70 70 60
4 62 58 39 77 77 24
41 69 44 19 17 50 52
33 14 35 15 22 9 27
65 14 18 58 25 70 53
24 64 41 16 3 7 69
13 76 56 2 8 43 69
22 65 10 76 69 57 47
61 77 10 10 41 19 37
76 69 57 33 14 35 59
78 47 61 33 14 35 42
65 14 18 36 41 13 27
45 18 41 76 69 57 53
47 80 59 81 50 24 46
26 59 54 56 29 6 56
46 79 78 44 26 18 80
63 41 44 43 81 67 46
32 81 17 18 55 22 26
81 50 24 2 8 43 46
56 29 6 68 25 25 19
18 55 22 28 35 22 20
59 79 55 56 29 6 70
43 81 67 27 41 0 78
20 7 34 22 65 10 62
69 1 6 5 47 77 84
33 14 35 35 3 43 13
71 79 40 79 14 81 76
67 40 80 19 17 50 37
12 57 27 14 7 79 72
22 65 10 30 77 5 13
25 39 54 45 18 41 24
38 47 21 50 61 49 31
78 47 61 24 64 41 26
52 34 67 27 41 0 67
68 25 25 51 70 70 63
39 77 77 63 41 44 48
29 69 0 10 41 19 33
5 47 77 48 30 64 21
32 81 17 50 61 49 37
70 38 30 44 26 18 16
48 30 64 60 59 62 29
26 59 54 63 41 44 20
64 60 22 38 47 21 13
9 43 60 46 79 78 40
35 3 43 27 41 0 57
27 41 0 77 47 51 51
45 18 41 54 26 21 21
39 77 77 70 38 30 61
44 26 18 3 1 54 43
61 77 10 54 26 21 52
17 62 76 14 7 79 55
75 62 49 36 41 13 41
3 1 54 13 76 56 75
31 33 71 69 1 6 72
9 43 60 61 77 10 60
60 59 62 51 70 70 13
39 77 77 25 39 54 44
37 47 8 8 62 78 71
50 61 49 67 40 80 37
77 47 51 29 69 0 55
78 47 61 30 77 5 63
19 17 50 21 30 77 29
66 14 15 19 17 50 35
29 69 0 79 14 81 97
37 47 8 2 8 43 52
66 14 15 71 79 40 69
27 41 0 1 35 54 54
77 47 51 64 60 22 31
10 41 19 8 62 78 62
10 41 19 52 34 67 48
39 77 77 33 14 35 75
68 25 25 71 79 40 56
66 14 15 49 26 21 13
60 59 62 55 40 53 21
39 77 77 3 1 54 79
1 35 54 51 70 70 38
72 82 39 78 47 61 41
63 41 44 7 62 73 35
8 62 78 29 69 0 78
66 14 15 39 77 77 88
47 80 59 63 41 44 41
69 1 6 74 46 18 46
56 29 6 30 77 5 48
39 77 77 45 18 41 69
76 69 57 71 79 40 19
10 41 19 67 40 80 61
7 62 73 19 17 50 50
25 39 54 32 81 17 55
13 76 56 25 39 54 37
34 79 56 13 76 56 3
24 64 41 19 17 50 47
72 82 39 25 39 54 45
56 29 6 8 62 78 79
45 18 41 71 79 40 61
25 39 54 5 47 77 24
36 41 13 73 10 73 67
61 77 10 19 17 50 72
78 47 61 25 39 54 10
14 7 79 75 62 49 62
59 79 55 63 41 44 39
48 30 64 66 14 15 51
64 60 22 67 40 80 61
75 62 49 57 39 76 35
34 79 56 24 64 41 21
23 70 24 70 38 30 32
37 47 8 73 10 73 74
3 1 54 49 26 21 41
65 14 18 13 76 56 72
60 59 62 2 8 43 54
75 62 49 34 79 56 18
64 60 22 30 77 5 24
7 62 73 16 3 7 88
51 70 70 24 64 41 29
40 69 6 42 36 59 62
77 47 51 34 79 56 32
24 64 41 14 7 79 68
77 47 51 71 79 40 33
3 1 54 0 38 17 52
38 47 21 63 41 44 23
69 1 6 38 47 21 48
22 65 10 82 40 61 56
6 38 55 52 34 67 12
79 14 81 81 50 24 67
33 14 35 6 38 55 31
81 50 24 29 69 0 30
45 18 41 78 47 61 35
23 70 24 65 14 18 56
64 60 22 5 47 77 56
80 40 71 8 62 78 23
6 38 55 66 14 15 46
5 47 77 60 59 62 19
79 14 81 40 69 6 93
28 35 22 56 29 6 17
69 1 6 12 57 27 59
77 47 51 58 25 70 29
69 1 6 65 14 18 17
57 39 76 4 62 58 29
45 18 41 12 57 27 41
37 47 8 64 60 22 19
18 55 22 47 80 59 44
79 14 81 5 47 77 33
78 47 61 14 7 79 43
22 65 10 47 80 59 51
34 79 56 68 25 25 62
79 14 81 9 43 60 35
34 79 56 81 50 24 43
75 62 49 2 8 43 54
52 34 67 54 26 21 46
22 65 10 35 3 43 70
23 70 24 79 14 81 79
31 33 71 17 62 76 29
26 59 54 79 14 81 52
52 34 67 40 69 6 70
58 25 70 11 77 2 85
18 55 22 52 34 67 49
3 1 54 80 40 71 42
50 61 49 15 22 9 55
10 41 19 47 80 59 55
18 55 22 24 64 41 21
38 47 21 81 50 24 4
41 69 44 65 14 18 60
31 33 71 4 62 58 31
0 38 17 7 62 73 60
78 47 61 17 62 76 21
60 59 62 44 26 18 55
63 41 44 44 26 18 30
43 81 67 26 59 54 25
25 39 54 74 46 18 36
29 69 0 40 69 6 6
16 3 7 65 14 18 15
23 70 24 59 79 55 32
66 14 15 60 59 62 65
47 80 59 5 47 77 37
25 39 54 24 64 41 28
29 69 0 13 76 56 56
10 41 19 32 81 17 40
52 34 67 3 1 54 35
39 77 77 20 7 34 82
7 62 73 44 26 18 65
5 47 77 6 38 55 23
18 55 22 26 59 54 32
40 69 6 46 79 78 72
37 47 8 30 77 5 30
68 25 25 8 62 78 64
58 25 70 44 26 18 52
19 17 50 42 36 59 21
53 46 57 37 47 8 49
52 34 67 46 79 78 46
81 50 24 21 30 77 56
53 46 57 31 33 71 19
61 77 10 8 62 78 69
6 38 55 28 35 22 33
32 81 17 57 39 76 72
9 43 60 40 69 6 59
64 60 22 45 18 41 46
26 59 54 5 47 77 25
70 38 30 27 41 0 30
38 47 21 27 41 0 21
49 26 21 11 77 2 54
3 1 54 58 25 70 28
55 40 53 74 46 18 35
58 25 70 76 69 57 45
51 70 70 75 62 49 22
30 77 5 73 10 73 95
66 14 15 8 62 78 79
66 14 15 70 38 30 28
39 77 77 27 41 0 85
6 38 55 69 1 6 61
50 61 49 65 14 18 56
34 79 56 52 34 67 46
31 33 71 18 55 22 53
74 46 18 39 77 77 66
79 14 81 47 80 59 69
20 7 34 1 35 54 34
65 14 18 62 33 38 27
32 81 17 5 47 77 68
42 36 59 28 35 22 37
59 79 55 50 61 49 18
12 57 27 30 77 5 29
30 77 5 36 41 13 36
64 60 22 0 38 17 22
19 17 50 11 77 2 76
14 7 79 49 26 21 61
14 7 79 15 22 9 71
39 77 77 76 69 57 21
31 33 71 36 41 13 58
63 41 44 70 38 30 14
27 41 0 64 60 22 29
37 47 8 49 26 21 24
49 26 21 65 14 18 12
50 61 49 55 40 53 21
5 47 77 63 41 44 33
75 62 49 48 30 64 35
32 81 17 8 62 78 63
32 81 17 60 59 62 50
69 1 6 19 17 50 46
38 47 21 39 77 77 63
68 25 25 67 40 80 57
5 47 77 36 41 13 64
82 40 61 2 8 43 36
11 77 2 53 46 57 63
15 22 9 41 69 44 58
5 47 77 9 43 60 17
70 38 30 9 43 60 30
15 22 9 73 10 73 65
54 26 21 18 55 22 29
17 62 76 6 38 55 31
73 10 73 55 40 53 36
77 47 51 59 79 55 32
76 69 57 66 14 15 69
71 79 40 27 41 0 55
10 41 19 62 33 38 20
51 70 70 38 47 21 54
5 47 77 50 61 49 31
74 46 18 16 3 7 44
32 81 17 56 29 6 53
80 40 71 12 57 27 47
9 43 60 16 3 7 66
22 65 10 67 40 80 74
1 35 54 61 77 10 60
14 7 79 39 77 77 70
12 57 27 66 14 15 44
39 77 77 22 65 10 68
11 77 2 7 62 73 72
50 61 49 3 1 54 60
26 59 54 81 50 24 31
34 79 56 16 3 7 90
58 25 70 32 81 17 77
37 47 8 38 47 21 13
73 10 73 13 76 56 68
0 38 17 15 22 9 17
10 41 19 70 38 30 11
82 40 61 74 46 18 43
67 40 80 52 34 67 14
49 26 21 33 14 35 18
74 46 18 28 35 22 11
42 36 59 20 7 34 38
79 14 81 24 64 41 64
64 60 22 69 1 6 61
41 69 44 72 82 39 13
43 81 67 77 47 51 37
31 33 71 1 35 54 17
80 40 71 78 47 61 12
21 30 77 9 43 60 21
63 41 44 31 33 71 28
70 38 30 17 62 76 51
23 70 24 13 76 56 32
48 30 64 46 79 78 50
45 18 41 3 1 54 21
46 79 78 18 55 22 60
1 35 54 68 25 25 30
64 60 22 71 79 40 26
80 40 71 77 47 51 21
41 69 44 39 77 77 33
33 14 35 38 47 21 35
20 7 34 23 70 24 63
75 62 49 21 30 77 42
50 61 49 0 38 17 39
82 40 61 53 46 57 7
1 35 54 80 40 71 17
53 46 57 48 30 64 17
38 47 21 53 46 57 36
78 47 61 48 30 64 17
73 10 73 75 62 49 57
33 14 35 36 41 13 34
12 57 27 13 76 56 34
39 77 77 9 43 60 38
63 41 44 72 82 39 41
49 26 21 22 65 10 40
68 25 25 41 69 44 47
78 47 61 51 70 70 24
64 60 22 46 79 78 59
47 80 59 14 7 79 75
25 39 54 26 59 54 20
79 14 81 2 8 43 38
20 7 34 78 47 61 48
55 40 53 58 25 70 22
32 81 17 41 69 44 29
51 70 70 12 57 27 44
47 80 59 80 40 71 41
38 47 21 1 35 54 35
35 3 43 25 39 54 37
52 34 67 57 39 76 10
9 43 60 74 46 18 42
16 3 7 14 7 79 72
49 26 21 36 41 13 17
79 14 81 45 18 41 40
3 1 54 18 55 22 62
75 62 49 9 43 60 21
65 14 18 51 70 70 76
42 36 59 59 79 55 43
4 62 58 75 62 49 9
82 40 61 37 47 8 53
0 38 17 6 38 55 38
24 64 41 6 38 55 29
2 8 43 58 25 70 31
53 46 57 75 62 49 17
42 36 59 21 30 77 18
37 47 8 66 14 15 33
42 36 59 39 77 77 44
81 50 24 70 38 30 13
31 33 71 47 80 59 48
22 65 10 29 69 0 10
19 17 50 6 38 55 21
56 29 6 11 77 2 48
2 8 43 24 64 41 56
38 47 21 66 14 15 33
75 62 49 6 38 55 24
31 33 71 78 47 61 17
73 10 73 10 41 19 62
48 30 64 23 70 24 56
21 30 77 50 61 49 41
80 40 71 55 40 53 18
53 46 57 60 59 62 13
54 26 21 4 62 58 51
15 22 9 72 82 39 67
12 57 27 77 47 51 26
47 80 59 49 26 21 66
23 70 24 46 79 78 54
41 69 44 24 64 41 5
75 62 49 32 81 17 37
61 77 10 57 39 76 76
65 14 18 38 47 21 33
32 81 17 48 30 64 69
21 30 77 32 81 17 78
23 70 24 0 38 17 32
46 79 78 42 36 59 47
50 61 49 49 26 21 44
17 62 76 81 50 24 53
75 62 49 23 70 24 26
2 8 43 18 55 22 51
70 38 30 54 26 21 15
76 69 57 70 38 30 41
40 69 6 72 82 39 35
51 70 70 54 26 21 65
3 1 54 48 30 64 30
23 70 24 11 77 2 23
23 70 24 41 69 44 20
3 1 54 4 62 58 61
77 47 51 41 69 44 23
37 47 8 60 59 62 55
54 26 21 14 7 79 61
36 41 13 11 77 2 37
75 62 49 61 77 10 41
58 25 70 82 40 61 17
2 8 43 55 40 53 33
45 18 41 38 47 21 35
81 50 24 62 33 38 22
34 79 56 64 60 22 38
55 40 53 15 22 9 47
76 69 57 17 62 76 20
27 41 0 75 62 49 53
55 40 53 20 7 34 38
20 7 34 25 39 54 37
23 70 24 29 69 0 24
13 76 56 63 41 44 37
20 7 34 21 30 77 48
19 17 50 1 35 54 18
64 60 22 23 70 24 10
38 47 21 23 70 24 23
18 55 22 66 14 15 41
19 17 50 36 41 13 44
20 7 34 7 62 73 67
82 40 61 7 62 73 25
18 55 22 14 7 79 74
41 69 44 34 79 56 15
31 33 71 38 47 21 51
62 33 38 8 62 78 49
44 26 18 67 40 80 63
57 39 76 78 47 61 17
51 70 70 73 10 73 60
62 33 38 6 38 55 17
54 26 21 62 33 38 18
72 82 39 81 50 24 35
41 69 44 80 40 71 39
78 47 61 8 62 78 22
13 76 56 9 43 60 33
25 39 54 9 43 60 7
1 35 54 7 62 73 33
54 26 21 3 1 54 41
48 30 64 1 35 54 11
65 14 18 26 59 54 57
46 79 78 11 77 2 76
67 40 80 6 38 55 25
24 64 41 21 30 77 49
27 41 0 13 76 56 66
57 39 76 25 39 54 22
61 77 10 32 81 17 8
36 41 13 23 70 24 31
52 34 67 63 41 44 24
1 35 54 32 81 17 59
51 70 70 39 77 77 9
2 8 43 49 26 21 28
73 10 73 40 69 6 89
19 17 50 47 80 59 63
15 22 9 75 62 49 56
34 79 56 17 62 76 26
81 50 24 36 41 13 14
42 36 59 75 62 49 27
45 18 41 26 59 54 43
0 38 17 43 81 67 65
57 39 76 42 36 59 17
67 40 80 35 3 43 52
22 65 10 65 14 18 51
82 40 61 29 69 0 67
68 25 25 12 57 27 32
74 46 18 1 35 54 37
25 39 54 11 77 2 64
79 14 81 33 14 35 46
56 29 6 76 69 57 64
81 50 24 78 47 61 37
20 7 34 79 14 81 47
33 14 35 66 14 15 20
33 14 35 8 62 78 64
2 8 43 50 61 49 53
10 41 19 28 35 22 6
18 55 22 19 17 50 47
11 77 2 33 14 35 71
33 14 35 47 80 59 70
0 38 17 42 36 59 42
56 29 6 82 40 61 56
73 10 73 53 46 57 39
46 79 78 51 70 70 12
27 41 0 46 79 78 86
26 59 54 59 79 55 20
76 69 57 55 40 53 29
49 26 21 44 26 18 3
15 22 9 19 17 50 41
52 34 67 58 25 70 9
77 47 51 69 1 6 64
42 36 59 36 41 13 46
79 14 81 36 41 13 73
30 77 5 18 55 22 27
59 79 55 61 77 10 45
71 79 40 21 30 77 61
8 62 78 81 50 24 55
28 35 22 32 81 17 46
72 82 39 76 69 57 22
34 79 56 42 36 59 43
75 62 49 44 26 18 47
17 62 76 66 14 15 77
31 33 71 51 70 70 37
72 82 39 49 26 21 58
26 59 54 50 61 49 5
59 79 55 12 57 27 35
24 64 41 72 82 39 18
38 47 21 25 39 54 33
66 14 15 47 80 59 79
46 79 78 59 79 55 23
31 33 71 40 69 6 74
26 59 54 6 38 55 21
43 81 67 50 61 49 26
0 38 17 36 41 13 5
22 65 10 57 39 76 70
81 50 24 40 69 6 26
51 70 70 37 47 8 66
78 47 61 22 65 10 54
76 69 57 80 40 71 32
54 26 21 33 14 35 18
67 40 80 47 80 59 45
56 29 6 55 40 53 48
12 57 27 38 47 21 11
11 77 2 75 62 49 49
66 14 15 28 35 22 22
7 62 73 35 3 43 66
62 33 38 3 1 54 35
35 3 43 36 41 13 48
28 35 22 20 7 34 30
22 65 10 4 62 58 48
82 40 61 45 18 41 29
50 61 49 48 30 64 34
9 43 60 58 25 70 20
48 30 64 37 47 8 58
17 62 76 58 25 70 37
29 69 0 52 34 67 75
20 7 34 43 81 67 81
73 10 73 0 38 17 62
27 41 0 69 1 6 40
10 41 19 38 47 21 6
11 77 2 66 14 15 64
13 76 56 55 40 53 36
33 14 35 1 35 54 28
53 46 57 63 41 44 13
15 22 9 10 41 19 21
37 47 8 15 22 9 25
1 35 54 30 77 5 64
23 70 24 26 59 54 31
60 59 62 4 62 58 5
5 47 77 18 55 22 55
67 40 80 48 30 64 18
67 40 80 55 40 53 27
36 41 13 38 47 21 10
58 25 70 49 26 21 49
31 33 71 46 79 78 46
20 7 34 61 77 10 74
19 17 50 14 7 79 30
53 46 57 20 7 34 45
76 69 57 52 34 67 36
69 1 6 21 30 77 76
19 17 50 62 33 38 20
51 70 70 8 62 78 11
51 70 70 53 46 57 27
82 40 61 9 43 60 3
20 7 34 81 50 24 44
21 30 77 80 40 71 11
81 50 24 53 46 57 33
16 3 7 68 25 25 28
6 38 55 25 39 54 1
50 61 49 79 14 81 56
60 59 62 47 80 59 21
66 14 15 74 46 18 32
68 25 25 4 62 58 49
37 47 8 57 39 76 68
29 69 0 12 57 27 29
9 43 60 65 14 18 51
58 25 70 10 41 19 53
10 41 19 6 38 55 36
71 79 40 10 41 19 43
74 46 18 70 38 30 14
28 35 22 29 69 0 40
73 10 73 60 59 62 50
76 69 57 6 38 55 31
15 22 9 81 50 24 31
6 38 55 60 59 62 22
2 8 43 27 41 0 54
32 81 17 42 36 59 61
76 69 57 75 62 49 10
74 46 18 62 33 38 23
10 41 19 42 36 59 40
57 39 76 48 30 64 15
34 79 56 18 55 22 41
74 46 18 21 30 77 61
4 62 58 15 22 9 63
9 43 60 62 33 38 24
2 8 43 19 17 50 11
57 39 76 17 62 76 23
52 34 67 5 47 77 16
28 35 22 23 70 24 35
34 79 56 11 77 2 54
30 77 5 50 61 49 46
63 41 44 32 81 17 48
62 33 38 82 40 61 24
77 47 51 45 18 41 30
14 7 79 20 7 34 45
51 70 70 70 38 30 51
54 26 21 63 41 44 27
20 7 34 15 22 9 29
10 41 19 81 50 24 10
67 40 80 65 14 18 67
16 3 7 48 30 64 63
4 62 58 0 38 17 47
64 60 22 12 57 27 5
8 62 78 59 79 55 28
16 3 7 64 60 22 58
27 41 0 16 3 7 38
73 10 73 20 7 34 39
29 69 0 72 82 39 41
77 47 51 65 14 18 46
60 59 62 20 7 34 59
34 79 56 63 41 44 39
51 70 70 7 62 73 8
76 69 57 68 25 25 54
51 70 70 28 35 22 59
2 8 43 3 1 54 13
51 70 70 80 40 71 30
13 76 56 0 38 17 54
33 14 35 60 59 62 52
18 55 22 67 40 80 59
2 8 43 46 79 78 79
45 18 41 29 69 0 65
20 7 34 80 40 71 49
76 69 57 10 41 19 47
54 26 21 58 25 70 49
74 46 18 50 61 49 34
56 29 6 14 7 79 76
79 14 81 64 60 22 74
81 50 24 48 30 64 44
12 57 27 78 47 61 35
23 70 24 33 14 35 57
15 22 9 76 69 57 67
71 79 40 46 79 78 38
67 40 80 71 79 40 55
16 3 7 53 46 57 65
37 47 8 22 65 10 18
33 14 35 62 33 38 19
37 47 8 39 77 77 75
29 69 0 5 47 77 80
57 39 76 66 14 15 65
37 47 8 6 38 55 47
46 79 78 74 46 18 68
33 14 35 46 79 78 77
66 14 15 42 36 59 49
75 62 49 18 55 22 27
71 79 40 41 69 44 10
44 26 18 82 40 61 45
18 55 22 39 77 77 59
17 62 76 55 40 53 31
6 38 55 71 79 40 43
72 82 39 62 33 38 49
42 36 59 71 79 40 47
54 26 21 24 64 41 42
20 7 34 8 62 78 70
26 59 54 9 43 60 17
21 30 77 40 69 6 81
30 77 5 38 47 21 34
82 40 61 23 70 24 47
37 47 8 54 26 21 24
13 76 56 1 35 54 41
9 43 60 35 3 43 43
54 26 21 1 35 54 34
59 79 55 60 59 62 21
18 55 22 73 10 73 68
2 8 43 21 30 77 40
53 46 57 56 29 6 53
64 60 22 49 26 21 34
46 79 78 13 76 56 22
26 59 54 12 57 27 27
53 46 57 45 18 41 32
48 30 64 44 26 18 46
16 3 7 38 47 21 46
41 69 44 62 33 38 36
33 14 35 2 8 43 10
20 7 34 58 25 70 40
61 77 10 5 47 77 73
64 60 22 51 70 70 49
45 18 41 13 76 56 59
34 79 56 66 14 15 76
11 77 2 45 18 41 70
44 26 18 37 47 8 23
76 69 57 13 76 56 7
23 70 24 40 69 6 18
2 8 43 76 69 57 62
73 10 73 2 8 43 30
9 43 60 30 77 5 64
7 62 73 39 77 77 15
39 77 77 21 30 77 47
66 14 15 3 1 54 41
55 40 53 81 50 24 30
33 14 35 80 40 71 44
16 3 7 32 81 17 78
61 77 10 6 38 55 59
32 81 17 9 43 60 57
43 81 67 67 40 80 43
15 22 9 54 26 21 12
44 26 18 36 41 13 15
54 26 21 47 80 59 66
54 26 21 82 40 61 42
63 41 44 37 47 8 36
66 14 15 75 62 49 58
23 70 24 51 70 70 46
45 18 41 49 26 21 21
24 64 41 10 41 19 31
64 60 22 31 33 71 55
44 26 18 74 46 18 20
7 62 73 66 14 15 75
72 82 39 66 14 15 72
31 33 71 35 3 43 41
62 33 38 70 38 30 9
48 30 64 24 64 41 41
23 70 24 24 64 41 18
59 79 55 53 46 57 33
82 40 61 33 14 35 36
20 7 34 56 29 6 35
40 69 6 12 57 27 24
39 77 77 54 26 21 75
73 10 73 52 34 67 24
73 10 73 43 81 67 71
37 47 8 4 62 58 52
61 77 10 82 40 61 63
30 77 5 48 30 64 75
36 41 13 80 40 71 58
6 38 55 44 26 18 38
50 61 49 40 69 6 43
10 41 19 35 3 43 44
12 57 27 50 61 49 22
79 14 81 7 62 73 48
2 8 43 77 47 51 39
61 77 10 26 59 54 47
25 39 54 40 69 6 56
63 41 44 4 62 58 25
39 77 77 15 22 9 87
68 25 25 23 70 24 45
56 29 6 10 41 19 17
5 47 77 78 47 61 16
42 36 59 25 39 54 5
20 7 34 12 57 27 50
50 61 49 72 82 39 23
50 61 49 41 69 44 9
69 1 6 57 39 76 79
25 39 54 43 81 67 43
18 55 22 58 25 70 56
64 60 22 25 39 54 38
19 17 50 31 33 71 26
68 25 25 30 77 5 55
10 41 19 9 43 60 41
69 1 6 82 40 61 67
48 30 64 74 46 18 48
41 69 44 82 40 61 33
22 65 10 0 38 17 27
48 30 64 38 47 21 46
57 39 76 1 35 54 22
46 79 78 26 59 54 31
28 35 22 50 61 49 37
33 14 35 31 33 71 40
74 46 18 38 47 21 3
15 22 9 69 1 6 21
7 62 73 81 50 24 50
20 7 34 13 76 56 72
29 69 0 71 79 40 41
22 65 10 24 64 41 31
54 26 21 76 69 57 56
40 69 6 39 77 77 71
44 26 18 22 65 10 39
45 18 41 68 25 25 17
39 77 77 50 61 49 32
9 43 60 42 36 59 7
19 17 50 25 39 54 22
31 33 71 81 50 24 49
26 59 54 36 41 13 44
1 35 54 37 47 8 47
51 70 70 72 82 39 33
28 35 22 62 33 38 16
0 38 17 76 69 57 50
28 35 22 1 35 54 32
69 1 6 63 41 44 55
73 10 73 66 14 15 58
4 62 58 34 79 56 17
52 34 67 20 7 34 42
27 41 0 4 62 58 61
81 50 24 74 46 18 7
82 40 61 50 61 49 24
76 69 57 57 39 76 35
70 38 30 68 25 25 13
35 3 43 77 47 51 44
81 50 24 80 40 71 48
42 36 59 80 40 71 12
17 62 76 23 70 24 52
13 76 56 18 55 22 39
75 62 49 17 62 76 27
45 18 41 47 80 59 64
28 35 22 73 10 73 56
62 33 38 80 40 71 33
28 35 22 59 79 55 55
30 77 5 13 76 56 51
37 47 8 47 80 59 60
43 81 67 21 30 77 51
27 41 0 49 26 21 25
54 26 21 74 46 18 20
34 79 56 61 77 10 46
19 17 50 76 69 57 52
13 76 56 42 36 59 40
74 46 18 59 79 55 49
4 62 58 10 41 19 44
65 14 18 11 77 2 65
4 62 58 55 40 53 22
82 40 61 68 25 25 39
73 10 73 33 14 35 38
28 35 22 68 25 25 10
24 64 41 38 47 21 26
73 10 73 8 62 78 52
78 47 61 68 25 25 42
58 25 70 57 39 76 15
78 47 61 1 35 54 13
61 77 10 43 81 67 57
0 38 17 35 3 43 43
48 30 64 61 77 10 71
15 22 9 28 35 22 18
5 47 77 12 57 27 50
50 61 49 24 64 41 8
61 77 10 12 57 27 26
52 34 67 14 7 79 29
63 41 44 81 50 24 21
28 35 22 61 77 10 43
71 79 40 37 47 8 45
55 40 53 71 79 40 41
72 82 39 7 62 73 39
57 39 76 80 40 71 5
35 3 43 14 7 79 36
71 79 40 59 79 55 15
51 70 70 77 47 51 29
7 62 73 74 46 18 57
66 14 15 69 1 6 15
64 60 22 82 40 61 43
37 47 8 69 1 6 46
53 46 57 8 62 78 26
60 59 62 61 77 10 55
0 38 17 12 57 27 21
29 69 0 70 38 30 43
82 40 61 39 77 77 40
21 30 77 54 26 21 56
33 14 35 81 50 24 37
56 29 6 1 35 54 48
48 30 64 82 40 61 10
5 47 77 65 14 18 67
66 14 15 20 7 34 20
15 22 9 59 79 55 73
22 65 10 52 34 67 64
52 34 67 64 60 22 51
11 77 2 10 41 19 39
82 40 61 55 40 53 8
57 39 76 13 76 56 42
38 47 21 68 25 25 22
8 62 78 44 26 18 69
8 62 78 11 77 2 77
12 57 27 34 79 56 36
71 79 40 61 77 10 30
50 61 49 56 29 6 53
19 17 50 51 70 70 56
77 47 51 1 35 54 12
18 55 22 9 43 60 39
76 69 57 74 46 18 45
64 60 22 43 81 67 49
54 26 21 25 39 54 35
73 10 73 70 38 30 51
13 76 56 64 60 22 37
27 41 0 58 25 70 71
15 22 9 70 38 30 26
18 55 22 78 47 61 39
66 14 15 10 41 19 27
2 8 43 62 33 38 25
1 35 54 34 79 56 44
38 47 21 26 59 54 35
32 81 17 22 65 10 17
80 40 71 37 47 8 63
17 62 76 24 64 41 35
21 30 77 57 39 76 9
61 77 10 17 62 76 67
38 47 21 82 40 61 40
7 62 73 31 33 71 29
6 38 55 57 39 76 21
45 18 41 55 40 53 25
26 59 54 66 14 15 59
21 30 77 7 62 73 32
57 39 76 29 69 0 81
67 40 80 20 7 34 56
6 38 55 23 70 24 44
23 70 24 30 77 5 20
21 30 77 8 62 78 32
73 10 73 44 26 18 57
79 14 81 3 1 54 29
59 79 55 16 3 7 89
35 3 43 75 62 49 59
0 38 17 65 14 18 24
31 33 71 26 59 54 31
23 70 24 57 39 76 60
79 14 81 4 62 58 53
4 62 58 78 47 61 15
39 77 77 49 26 21 75
72 82 39 43 81 67 28
7 62 73 26 59 54 19
34 79 56 59 79 55 1
16 3 7 5 47 77 82
68 25 25 50 61 49 43
21 30 77 15 22 9 68
80 40 71 61 77 10 71
49 26 21 17 62 76 65
37 47 8 17 62 76 69
72 82 39 28 35 22 49
36 41 13 46 79 78 75
17 62 76 19 17 50 51
76 69 57 5 47 77 29
77 47 51 49 26 21 36
6 38 55 41 69 44 32
59 79 55 38 47 21 46
27 41 0 54 26 21 25
33 14 35 4 62 58 53
30 77 5 7 62 73 69
36 41 13 2 8 43 44
12 57 27 55 40 53 31
3 1 54 68 25 25 37
19 17 50 64 60 22 51
49 26 21 23 70 24 44
15 22 9 26 59 54 58
53 46 57 21 30 77 25
74 46 18 53 46 57 39
61 77 10 24 64 41 33
46 79 78 25 39 54 46
24 64 41 36 41 13 36
41 69 44 14 7 79 71
0 38 17 44 26 18 12
33 14 35 27 41 0 44
16 3 7 70 38 30 41
48 30 64 70 38 30 34
71 79 40 16 3 7 82
55 40 53 49 26 21 34
59 79 55 65 14 18 74
32 81 17 37 47 8 35
47 80 59 26 59 54 21
13 76 56 44 26 18 62
28 35 22 57 39 76 54
81 50 24 45 18 41 36
61 77 10 4 62 58 50
74 46 18 75 62 49 34
19 17 50 75 62 49 45
4 62 58 51 70 70 14
74 46 18 20 7 34 42
49 26 21 57 39 76 56
28 35 22 52 34 67 45
2 8 43 65 14 18 25
44 26 18 56 29 6 12
64 60 22 4 62 58 36
78 47 61 23 70 24 43
76 69 57 3 1 54 68
27 41 0 12 57 27 31
55 40 53 21 30 77 26
36 41 13 34 79 56 57
58 25 70 13 76 56 52
55 40 53 62 33 38 16
7 62 73 12 57 27 46
11 77 2 52 34 67 77
68 25 25 64 60 22 35
56 29 6 16 3 7 26
60 59 62 38 47 21 42
70 38 30 8 62 78 53
17 62 76 60 59 62 14
68 25 25 27 41 0 29
32 81 17 0 38 17 43
34 79 56 9 43 60 36
72 82 39 2 8 43 74
81 50 24 71 79 40 33
25 39 54 36 41 13 41
30 77 5 19 17 50 75
65 14 18 64 60 22 46
71 79 40 74 46 18 39
54 26 21 56 29 6 15
68 25 25 10 41 19 17
14 7 79 43 81 67 74
22 65 10 18 55 22 15
32 81 17 72 82 39 22
13 76 56 14 7 79 72
13 76 56 59 79 55 3
42 36 59 29 69 0 67
50 61 49 80 40 71 30
49 26 21 43 81 67 71
35 3 43 56 29 6 45
31 33 71 76 69 57 38
56 29 6 6 38 55 49
44 26 18 43 81 67 73
7 62 73 68 25 25 60
72 82 39 22 65 10 33
79 14 81 14 7 79 7
76 69 57 62 33 38 40
82 40 61 57 39 76 15
71 79 40 50 61 49 20
0 38 17 68 25 25 15
64 60 22 35 3 43 60
70 38 30 80 40 71 41
27 41 0 34 79 56 67
47 80 59 82 40 61 40
30 77 5 15 22 9 55
8 62 78 27 41 0 80
71 79 40 18 55 22 30
16 3 7 28 35 22 35
9 43 60 66 14 15 53
0 38 17 8 62 78 65
44 26 18 10 41 19 15
81 50 24 54 26 21 24
54 26 21 5 47 77 59
77 47 51 68 25 25 34
47 80 59 68 25 25 64
35 3 43 28 35 22 38
51 70 70 30 77 5 65
14 7 79 70 38 30 57
42 36 59 69 1 6 63
59 79 55 32 81 17 38
63 41 44 20 7 34 35
69 1 6 72 82 39 87
39 77 77 67 40 80 37
20 7 34 54 26 21 23
25 39 54 3 1 54 38
58 25 70 5 47 77 23
49 26 21 16 3 7 26
57 39 76 62 33 38 38
2 8 43 17 62 76 63
37 47 8 77 47 51 43
81 50 24 24 64 41 22
58 25 70 79 14 81 15
24 64 41 52 34 67 39
81 50 24 5 47 77 53
5 47 77 31 33 71 15
52 34 67 69 1 6 69
73 10 73 21 30 77 20
14 7 79 30 77 5 101
44 26 18 20 7 34 24
15 22 9 5 47 77 72
59 79 55 55 40 53 39
71 79 40 7 62 73 37
5 47 77 72 82 39 51
26 59 54 17 62 76 22
23 70 24 44 26 18 44
47 80 59 58 25 70 56
78 47 61 11 77 2 66
73 10 73 47 80 59 71
2 8 43 25 39 54 32
17 62 76 10 41 19 60
6 38 55 65 14 18 44
78 47 61 58 25 70 23
0 38 17 37 47 8 12
26 59 54 34 79 56 20
41 69 44 16 3 7 75
53 46 57 14 7 79 44
56 29 6 19 17 50 45
35 3 43 30 77 5 83
73 10 73 48 30 64 21
6 38 55 12 57 27 33
72 82 39 23 70 24 19
80 40 71 54 26 21 51
46 79 78 66 14 15 90
35 3 43 40 69 6 75
71 79 40 22 65 10 33
38 47 21 34 79 56 47
52 34 67 15 22 9 59
13 76 56 37 47 8 56
66 14 15 16 3 7 13
74 46 18 12 57 27 14
70 38 30 42 36 59 29
5 47 77 71 79 40 48
17 62 76 82 40 61 26
22 65 10 50 61 49 39
7 62 73 43 81 67 19
27 41 0 20 7 34 48
36 41 13 15 22 9 19
51 70 70 20 7 34 72
25 39 54 51 70 70 34
21 30 77 16 3 7 75
25 39 54 55 40 53 1
6 38 55 73 10 73 33
14 7 79 21 30 77 23
58 25 70 61 77 10 79
50 61 49 58 25 70 41
9 43 60 63 41 44 16
68 25 25 9 43 60 39
36 41 13 51 70 70 63
35 3 43 61 77 10 81
8 62 78 6 38 55 33
4 62 58 7 62 73 15
78 47 61 53 46 57 4
45 18 41 24 64 41 46
24 64 41 8 62 78 37
56 29 6 49 26 21 15
19 17 50 0 38 17 39
34 79 56 80 40 71 41
55 40 53 70 38 30 23
24 64 41 46 79 78 39
79 14 81 48 30 64 23
32 81 17 44 26 18 55
59 79 55 54 26 21 62
65 14 18 54 26 21 12
61 77 10 52 34 67 71
43 81 67 17 62 76 21
53 46 57 52 34 67 15
2 8 43 74 46 18 45
50 61 49 57 39 76 34
48 30 64 77 47 51 21
77 47 51 15 22 9 48
51 70 70 45 18 41 59
11 77 2 69 1 6 76
24 64 41 12 57 27 15
26 59 54 20 7 34 55
53 46 57 29 69 0 61
65 14 18 29 69 0 57
70 38 30 3 1 54 44
80 40 71 28 35 22 49
49 26 21 29 69 0 47
22 65 10 14 7 79 90
40 69 6 26 59 54 49
32 81 17 69 1 6 80
48 30 64 19 17 50 19
24 64 41 9 43 60 28
42 36 59 7 62 73 29
18 55 22 29 69 0 26
49 26 21 81 50 24 24
42 36 59 68 25 25 35
8 62 78 63 41 44 39
9 43 60 81 50 24 36
56 29 6 61 77 10 48
53 46 57 77 47 51 6
64 60 22 48 30 64 51
10 41 19 13 76 56 50
80 40 71 60 59 62 21
1 35 54 67 40 80 26
45 18 41 70 38 30 22
77 47 51 62 33 38 19
18 55 22 1 35 54 37
76 69 57 67 40 80 37
73 10 73 80 40 71 30
20 7 34 6 38 55 37
16 3 7 23 70 24 69
69 1 6 53 46 57 68
78 47 61 49 26 21 45
62 33 38 29 69 0 52
2 8 43 31 33 71 37
25 39 54 76 69 57 30
63 41 44 82 40 61 17
57 39 76 11 77 2 83
20 7 34 82 40 61 42
58 25 70 22 65 10 72
39 77 77 36 41 13 73
63 41 44 73 10 73 42
57 39 76 0 38 17 59
75 62 49 5 47 77 31
61 77 10 18 55 22 25
75 62 49 33 14 35 50
75 62 49 26 59 54 5
43 81 67 6 38 55 44
31 33 71 79 14 81 21
48 30 64 49 26 21 43
12 57 27 37 47 8 21
74 46 18 32 81 17 35
19 17 50 32 81 17 72
27 41 0 3 1 54 67
50 61 49 7 62 73 24
42 36 59 72 82 39 50
48 30 64 68 25 25 39
57 39 76 65 14 18 63
36 41 13 54 26 21 17
17 62 76 72 82 39 42
35 3 43 51 70 70 72
25 39 54 17 62 76 31
34 79 56 49 26 21 63
24 64 41 35 3 43 61
48 30 64 7 62 73 33
42 36 59 53 46 57 10
2 8 43 23 70 24 64
39 77 77 69 1 6 104
57 39 76 54 26 21 56
50 61 49 25 39 54 22
44 26 18 4 62 58 53
8 62 78 64 60 22 56
78 47 61 66 14 15 56
61 77 10 21 30 77 81
40 69 6 10 41 19 30
60 59 62 72 82 39 32
69 1 6 80 40 71 75
81 50 24 3 1 54 57
6 38 55 29 69 0 63
73 10 73 79 14 81 8
23 70 24 77 47 51 35
35 3 43 81 50 24 50
64 60 22 7 62 73 51
31 33 71 52 34 67 4
74 46 18 80 40 71 53
7 62 73 15 22 9 75
54 26 21 0 38 17 12
44 26 18 16 3 7 25
42 36 59 38 47 21 39
5 47 77 4 62 58 24
68 25 25 74 46 18 22
65 14 18 31 33 71 56
14 7 79 82 40 61 37
81 50 24 23 70 24 20
15 22 9 44 26 18 9
8 62 78 75 62 49 29
68 25 25 44 26 18 7
12 57 27 3 1 54 62
16 3 7 2 8 43 36
70 38 30 71 79 40 42
34 79 56 45 18 41 62
80 40 71 31 33 71 7
63 41 44 10 41 19 25
33 14 35 22 65 10 56
23 70 24 19 17 50 59
70 38 30 5 47 77 47
34 79 56 33 14 35 68
43 81 67 48 30 64 51
63 41 44 56 29 6 39
3 1 54 24 64 41 64
14 7 79 40 69 6 95
9 43 60 33 14 35 38
40 69 6 7 62 73 67
38 47 21 22 65 10 21
46 79 78 53 46 57 39
29 69 0 3 1 54 86
17 62 76 74 46 18 60
47 80 59 8 62 78 26
58 25 70 63 41 44 30
47 80 59 2 8 43 73
25 39 54 56 29 6 49
24 64 41 56 29 6 49
73 10 73 12 57 27 65
28 35 22 12 57 27 22
58 25 70 29 69 0 82
8 62 78 4 62 58 20
79 14 81 53 46 57 40
57 39 76 30 77 5 80
10 41 19 3 1 54 53
21 30 77 70 38 30 47
20 7 34 36 41 13 39
36 41 13 67 40 80 67
73 10 73 38 47 21 63
46 79 78 20 7 34 84
79 14 81 82 40 61 32
41 69 44 27 41 0 52
23 70 24 71 79 40 18
23 70 24 69 1 6 71
26 59 54 29 69 0 54
9 43 60 45 18 41 31
8 62 78 82 40 61 27
34 79 56 35 3 43 77
2 8 43 52 34 67 35
31 33 71 21 30 77 6
51 70 70 5 47 77 24
15 22 9 67 40 80 73
42 36 59 43 81 67 45
29 69 0 44 26 18 46
51 70 70 26 59 54 19
82 40 61 71 79 40 44
3 1 54 15 22 9 49
76 69 57 61 77 10 47
39 77 77 46 79 78 2
14 7 79 67 40 80 33
28 35 22 49 26 21 9
74 46 18 10 41 19 5
40 69 6 53 46 57 55
43 81 67 56 29 6 80
61 77 10 23 70 24 15
12 57 27 10 41 19 17
17 62 76 8 62 78 2
29 69 0 25 39 54 61
29 69 0 37 47 8 23
64 60 22 53 46 57 37
38 47 21 46 79 78 65
6 38 55 4 62 58 24
74 46 18 77 47 51 33
23 70 24 4 62 58 34
22 65 10 56 29 6 36
10 41 19 60 59 62 46
15 22 9 42 36 59 51
45 18 41 0 38 17 31
20 7 34 11 77 2 76
17 62 76 22 65 10 66
8 62 78 65 14 18 76
2 8 43 54 26 21 28
63 41 44 3 1 54 41
15 22 9 61 77 10 55
39 77 77 65 14 18 86
24 64 41 27 41 0 47
60 59 62 29 69 0 62
0 38 17 11 77 2 41
42 36 59 52 34 67 8
12 57 27 76 69 57 32
74 46 18 29 69 0 29
46 79 78 1 35 54 50
16 3 7 55 40 53 59
33 14 35 20 7 34 7
4 62 58 42 36 59 26
71 79 40 2 8 43 71
46 79 78 81 50 24 61
45 18 41 18 55 22 41
19 17 50 34 79 56 62
59 79 55 45 18 41 62
19 17 50 54 26 21 30
27 41 0 37 47 8 10
57 39 76 72 82 39 56
19 17 50 82 40 61 25
32 81 17 3 1 54 88
26 59 54 54 26 21 46
14 7 79 0 38 17 69
46 79 78 80 40 71 39
45 18 41 62 33 38 15
79 14 81 17 62 76 48
26 59 54 0 38 17 42
71 79 40 9 43 60 41
41 69 44 37 47 8 42
16 3 7 42 36 59 61
15 22 9 35 3 43 38
78 47 61 2 8 43 42
15 22 9 78 47 61 57
17 62 76 64 60 22 54
13 76 56 82 40 61 36
35 3 43 74 46 18 49
55 40 53 61 77 10 56
8 62 78 35 3 43 68
66 14 15 44 26 18 12
14 7 79 4 62 58 58
18 55 22 63 41 44 26
75 62 49 59 79 55 18
65 14 18 53 46 57 50
30 77 5 65 14 18 64
21 30 77 76 69 57 43
9 43 60 43 81 67 38
31 33 71 75 62 49 36
41 69 44 45 18 41 51
44 26 18 28 35 22 9
67 40 80 30 77 5 83
36 41 13 43 81 67 67
30 77 5 66 14 15 63
69 1 6 10 41 19 42
33 14 35 3 1 54 23
4 62 58 48 30 64 32
7 62 73 53 46 57 22
55 40 53 63 41 44 9
44 26 18 69 1 6 27
35 3 43 38 47 21 49
67 40 80 58 25 70 18
0 38 17 39 77 77 71
11 77 2 28 35 22 46
25 39 54 69 1 6 61
10 41 19 59 79 55 52
55 40 53 65 14 18 43
40 69 6 16 3 7 66
43 81 67 18 55 22 51
2 8 43 12 57 27 51
25 39 54 79 14 81 36
7 62 73 77 47 51 26
7 62 73 10 41 19 57
15 22 9 57 39 76 69
73 10 73 42 36 59 29
4 62 58 69 1 6 80
67 40 80 41 69 44 46
62 33 38 26 59 54 30
39 77 77 78 47 61 34
22 65 10 11 77 2 14
42 36 59 77 47 51 13
41 69 44 54 26 21 48
20 7 34 19 17 50 18
49 26 21 69 1 6 29
31 33 71 73 10 73 23
54 26 21 67 40 80 60
31 33 71 61 77 10 75
66 14 15 24 64 41 56
54 26 21 75 62 49 45
29 69 0 35 3 43 78
40 69 6 18 55 22 21
18 55 22 4 62 58 36
7 62 73 23 70 24 49
58 25 70 38 47 21 53
44 26 18 51 70 70 68
7 62 73 2 8 43 61
59 79 55 44 26 18 64
63 41 44 17 62 76 38
68 25 25 79 14 81 57
7 62 73 65 14 18 73
39 77 77 75 62 49 31
56 29 6 65 14 18 19
11 77 2 79 14 81 101
74 46 18 34 79 56 50
45 18 41 1 35 54 21
26 59 54 37 47 8 47
76 69 57 30 77 5 52
47 80 59 25 39 54 41
42 36 59 41 69 44 36
1 35 54 47 80 59 45
35 3 43 6 38 55 37
77 47 51 61 77 10 50
26 59 54 21 30 77 37
42 36 59 82 40 61 4
79 14 81 34 79 56 69
41 69 44 8 62 78 34
18 55 22 69 1 6 56
65 14 18 80 40 71 59
15 22 9 47 80 59 76
48 30 64 9 43 60 13
54 26 21 16 3 7 26
0 38 17 74 46 18 8
47 80 59 29 69 0 60
35 3 43 16 3 7 36
38 47 21 6 38 55 35
35 3 43 54 26 21 31
12 57 27 22 65 10 18
42 36 59 60 59 62 23
70 38 30 41 69 44 34
42 36 59 65 14 18 46
8 62 78 31 33 71 29
40 69 6 43 81 67 62
47 80 59 51 70 70 14
55 40 53 47 80 59 40
11 77 2 40 69 6 8
41 69 44 58 25 70 51
53 46 57 80 40 71 15
25 39 54 21 30 77 24
43 81 67 54 26 21 71
47 80 59 64 60 22 42
59 79 55 52 34 67 46
18 55 22 80 40 71 51
62 33 38 75 62 49 31
50 61 49 78 47 61 18
19 17 50 38 47 21 41
8 62 78 55 40 53 33
60 59 62 57 39 76 24
27 41 0 17 62 76 78
43 81 67 31 33 71 48
1 35 54 12 57 27 34
80 40 71 71 79 40 49
57 39 76 79 14 81 25
35 3 43 45 18 41 15
32 81 17 39 77 77 60
80 40 71 44 26 18 54
50 61 49 1 35 54 26
6 38 55 27 41 0 55
66 14 15 41 69 44 62
23 70 24 25 39 54 43
52 34 67 80 40 71 7
56 29 6 27 41 0 13
28 35 22 43 81 67 64
77 47 51 26 59 54 12
67 40 80 72 82 39 58
66 14 15 1 35 54 44
80 40 71 14 7 79 33
61 77 10 65 14 18 63
24 64 41 39 77 77 38
19 17 50 68 25 25 26
55 40 53 24 64 41 26
70 38 30 40 69 6 39
78 47 61 27 41 0 61
66 14 15 40 69 6 55
59 79 55 27 41 0 66
16 3 7 6 38 55 59
20 7 34 2 8 43 9
68 25 25 36 41 13 20
76 69 57 50 61 49 11
51 70 70 57 39 76 31
43 81 67 46 79 78 11
35 3 43 73 10 73 30
13 76 56 72 82 39 18
53 46 57 4 62 58 16
66 14 15 2 8 43 28
25 39 54 70 38 30 24
30 77 5 28 35 22 45
77 47 51 13 76 56 29
19 17 50 16 3 7 45
77 47 51 25 39 54 8
24 64 41 58 25 70 48
43 81 67 69 1 6 100
30 77 5 43 81 67 62
38 47 21 57 39 76 55
28 35 22 9 43 60 38
18 55 22 53 46 57 36
77 47 51 18 55 22 30
36 41 13 60 59 62 52
64 60 22 21 30 77 62
34 79 56 30 77 5 51
68 25 25 52 34 67 42
62 33 38 32 81 17 52
29 69 0 39 77 77 77
10 41 19 14 7 79 68
61 77 10 64 60 22 20
56 29 6 46 79 78 87
60 59 62 71 79 40 29
70 38 30 35 3 43 37
24 64 41 11 77 2 41
38 47 21 79 14 81 68
29 69 0 75 62 49 49
41 69 44 26 59 54 14
1 35 54 42 36 59 5
17 62 76 52 34 67 29
48 30 64 56 29 6 58
71 79 40 35 3 43 76
67 40 80 73 10 73 30
25 39 54 0 38 17 37
61 77 10 66 14 15 63
23 70 24 8 62 78 54
61 77 10 25 39 54 58
34 79 56 82 40 61 39
81 50 24 30 77 5 33
23 70 24 50 61 49 26
41 69 44 36 41 13 41
41 69 44 69 1 6 77
46 79 78 6 38 55 47
73 10 73 50 61 49 56
55 40 53 29 69 0 60
78 47 61 40 69 6 59
9 43 60 54 26 21 42
65 14 18 40 69 6 56
23 70 24 18 55 22 15
66 14 15 54 26 21 13
36 41 13 16 3 7 38
26 59 54 64 60 22 32
52 34 67 45 18 41 30
54 26 21 49 26 21 0
44 26 18 33 14 35 20
2 8 43 64 60 22 56
31 33 71 58 25 70 8
13 76 56 71 79 40 16
55 40 53 36 41 13 40
18 55 22 49 26 21 29
13 76 56 53 46 57 30
39 77 77 61 77 10 67
76 69 57 11 77 2 55
24 64 41 65 14 18 55
73 10 73 45 18 41 32
37 47 8 33 14 35 42
48 30 64 10 41 19 46
71 79 40 44 26 18 57
69 1 6 45 18 41 38
60 59 62 79 14 81 48
14 7 79 72 82 39 85
25 39 54 63 41 44 10
55 40 53 44 26 18 37
8 62 78 76 69 57 22
31 33 71 49 26 21 50
17 62 76 11 77 2 75
75 62 49 78 47 61 19
73 10 73 23 70 24 77
8 62 78 12 57 27 51
40 69 6 64 60 22 18
78 47 61 34 79 56 32
24 64 41 47 80 59 24
80 40 71 26 59 54 25
28 35 22 13 76 56 53
3 1 54 65 14 18 38
1 35 54 14 7 79 37
26 59 54 10 41 19 39
26 59 54 58 25 70 37
11 77 2 18 55 22 29
46 79 78 30 77 5 73
6 38 55 72 82 39 46
62 33 38 73 10 73 41
7 62 73 67 40 80 23
25 39 54 37 47 8 46
75 62 49 72 82 39 22
78 47 61 62 33 38 26
35 3 43 13 76 56 74
45 18 41 80 40 71 37
44 26 18 25 39 54 38
41 69 44 56 29 6 55
41 69 44 2 8 43 61
44 26 18 11 77 2 53
39 77 77 64 60 22 57
35 3 43 3 1 54 11
48 30 64 59 79 55 49
74 46 18 58 25 70 56
26 59 54 48 30 64 30
56 29 6 42 36 59 53
6 38 55 82 40 61 6
68 25 25 40 69 6 47
11 77 2 9 43 60 67
10 41 19 20 7 34 37
29 69 0 27 41 0 28
0 38 17 29 69 0 35
75 62 49 24 64 41 8
61 77 10 53 46 57 56
81 50 24 64 60 22 10
68 25 25 26 59 54 44
15 22 9 8 62 78 79
21 30 77 0 38 17 60
29 69 0 63 41 44 52
59 79 55 30 77 5 50
48 30 64 31 33 71 7
13 76 56 79 14 81 66
28 35 22 7 62 73 57
10 41 19 51 70 70 58
58 25 70 35 3 43 34
76 69 57 32 81 17 41
17 62 76 68 25 25 63
58 25 70 72 82 39 64
38 47 21 13 76 56 45
8 62 78 2 8 43 64
78 47 61 41 69 44 27
40 69 6 57 39 76 76
3 1 54 47 80 59 79
48 30 64 8 62 78 34
10 41 19 2 8 43 40
60 59 62 27 41 0 64
34 79 56 46 79 78 22
49 26 21 10 41 19 15
19 17 50 65 14 18 32
75 62 49 46 79 78 33
62 33 38 46 79 78 60
12 57 27 72 82 39 27
62 33 38 51 70 70 48
70 38 30 75 62 49 30
24 64 41 7 62 73 32
65 14 18 48 30 64 48
75 62 49 12 57 27 22
43 81 67 23 70 24 44
32 81 17 81 50 24 31
55 40 53 54 26 21 34
5 47 77 35 3 43 55
68 25 25 33 14 35 14
15 22 9 56 29 6 7
6 38 55 13 76 56 38
12 57 27 46 79 78 55
60 59 62 28 35 22 46
16 3 7 10 41 19 39
14 7 79 2 8 43 36
36 41 13 27 41 0 13
72 82 39 64 60 22 27
27 41 0 66 14 15 30
34 79 56 29 69 0 56
77 47 51 17 62 76 29
12 57 27 56 29 6 35
30 77 5 42 36 59 67
55 40 53 41 69 44 30
43 81 67 24 64 41 31
37 47 8 61 77 10 30
75 62 49 40 69 6 43
54 26 21 11 77 2 54
47 80 59 21 30 77 53
11 77 2 30 77 5 3
20 7 34 47 80 59 77
38 47 21 20 7 34 42
55 40 53 52 34 67 15
36 41 13 78 47 61 48
80 40 71 67 40 80 9
64 60 22 75 62 49 27
15 22 9 40 69 6 47
61 77 10 46 79 78 68
35 3 43 46 79 78 83
47 80 59 36 41 13 60
23 70 24 21 30 77 66
53 46 57 28 35 22 36
5 47 77 17 62 76 15
54 26 21 30 77 5 53
79 14 81 21 30 77 16
34 79 56 69 1 6 92
56 29 6 57 39 76 70
29 69 0 15 22 9 47
71 79 40 39 77 77 37
55 40 53 46 79 78 46
16 3 7 22 65 10 62
11 77 2 68 25 25 56
41 69 44 61 77 10 34
3 1 54 46 79 78 81
38 47 21 47 80 59 50
14 7 79 36 41 13 74
65 14 18 20 7 34 17
56 29 6 72 82 39 62
71 79 40 73 10 73 76
24 64 41 53 46 57 24
66 14 15 53 46 57 52
53 46 57 76 69 57 23
27 41 0 61 77 10 37
59 79 55 40 69 6 50
67 40 80 81 50 24 56
14 7 79 42 36 59 35
68 25 25 15 22 9 16
12 57 27 70 38 30 19
68 25 25 66 14 15 14
57 39 76 77 47 51 26
77 47 51 3 1 54 46
14 7 79 62 33 38 48
74 46 18 41 69 44 34
31 33 71 22 65 10 68
55 40 53 27 41 0 53
73 10 73 39 77 77 67
52 34 67 78 47 61 14
41 69 44 47 80 59 18
46 79 78 72 82 39 39
15 22 9 48 30 64 55
28 35 22 47 80 59 58
41 69 44 49 26 21 48
30 77 5 45 18 41 69
82 40 61 30 77 5 67
34 79 56 37 47 8 57
19 17 50 28 35 22 33
64 60 22 56 29 6 34
67 40 80 37 47 8 72
74 46 18 33 14 35 36
64 60 22 9 43 60 41
68 25 25 31 33 71 46
62 33 38 30 77 5 55
69 1 6 62 33 38 45
63 41 44 30 77 5 53
16 3 7 50 61 49 71
53 46 57 62 33 38 23
55 40 53 33 14 35 31
1 35 54 71 79 40 46
81 50 24 12 57 27 7
29 69 0 1 35 54 63
46 79 78 45 18 41 71
50 61 49 62 33 38 30
29 69 0 14 7 79 100
6 38 55 3 1 54 37
19 17 50 8 62 78 53
49 26 21 52 34 67 46
72 82 39 47 80 59 20
62 33 38 67 40 80 42
44 26 18 17 62 76 68
43 81 67 68 25 25 70
6 38 55 22 65 10 52
65 14 18 66 14 15 3
30 77 5 49 26 21 53
3 1 54 55 40 53 39
5 47 77 13 76 56 35
46 79 78 50 61 49 34
36 41 13 6 38 55 42
24 64 41 32 81 17 29
9 43 60 52 34 67 11
23 70 24 62 33 38 39
66 14 15 80 40 71 61
45 18 41 7 62 73 54
43 81 67 34 79 56 11
1 35 54 40 69 6 58
36 41 13 21 30 77 64
53 46 57 19 17 50 29
32 81 17 36 41 13 40
52 34 67 74 46 18 50
56 29 6 79 14 81 76
38 47 21 9 43 60 39
16 3 7 13 76 56 87
82 40 61 72 82 39 47
77 47 51 33 14 35 36
65 14 18 44 26 18 12
43 81 67 32 81 17 50
1 35 54 10 41 19 35
31 33 71 59 79 55 48
77 47 51 56 29 6 48
3 1 54 5 47 77 51
54 26 21 79 14 81 61
19 17 50 39 77 77 65
48 30 64 52 34 67 5
53 46 57 34 79 56 33
68 25 25 54 26 21 4
28 35 22 17 62 76 60
78 47 61 63 41 44 18
34 79 56 8 62 78 27
37 47 8 31 33 71 64
7 62 73 38 47 21 54
70 38 30 24 64 41 28
47 80 59 32 81 17 42
23 70 24 74 46 18 24
67 40 80 70 38 30 50
77 47 51 76 69 57 22
56 29 6 51 70 70 76
51 70 70 14 7 79 63
24 64 41 40 69 6 35
35 3 43 37 47 8 56
46 79 78 0 38 17 73
14 7 79 28 35 22 63
49 26 21 67 40 80 60
61 77 10 67 40 80 79
52 34 67 37 47 8 60
23 70 24 54 26 21 44
23 70 24 35 3 43 69
17 62 76 9 43 60 24
19 17 50 43 81 67 66
62 33 38 60 59 62 35
14 7 79 7 62 73 55
0 38 17 55 40 53 36
76 69 57 1 35 54 34
9 43 60 78 47 61 4
41 69 44 53 46 57 26
23 70 24 5 47 77 57
75 62 49 43 81 67 26
48 30 64 0 38 17 47
3 1 54 56 29 6 55
19 17 50 52 34 67 24
49 26 21 79 14 81 61
33 14 35 25 39 54 31
26 59 54 22 65 10 44
67 40 80 24 64 41 45
34 79 56 72 82 39 17
25 39 54 10 41 19 35
63 41 44 33 14 35 28
56 29 6 31 33 71 65
1 35 54 11 77 2 66
75 62 49 69 1 6 74
5 47 77 1 35 54 25
27 41 0 73 10 73 79
30 77 5 39 77 77 72
39 77 77 62 33 38 58
65 14 18 74 46 18 32
64 60 22 20 7 34 54
32 81 17 54 26 21 55
39 77 77 8 62 78 15
0 38 17 24 64 41 35
4 62 58 73 10 73 54
24 64 41 31 33 71 43
19 17 50 13 76 56 59
28 35 22 81 50 24 15
2 8 43 11 77 2 80
21 30 77 27 41 0 77
10 41 19 33 14 35 31
55 40 53 38 47 21 32
7 62 73 52 34 67 28
5 47 77 56 29 6 73
69 1 6 81 50 24 52
8 62 78 22 65 10 68
34 79 56 22 65 10 48
6 38 55 18 55 22 37
53 46 57 36 41 13 44
17 62 76 35 3 43 67
1 35 54 16 3 7 56
30 77 5 5 47 77 78
10 41 19 36 41 13 6
58 25 70 6 38 55 19
73 10 73 72 82 39 79
72 82 39 0 38 17 49
9 43 60 77 47 51 9
38 47 21 71 79 40 37
59 79 55 22 65 10 47
60 59 62 0 38 17 49
19 17 50 44 26 18 33
54 26 21 28 35 22 9
21 30 77 22 65 10 75
73 10 73 77 47 51 43
17 62 76 7 62 73 3
59 79 55 66 14 15 76
51 70 70 71 79 40 31
38 47 21 29 69 0 30
7 62 73 47 80 59 22
82 40 61 5 47 77 17
23 70 24 14 7 79 83
57 39 76 20 7 34 52
17 62 76 18 55 22 54
11 77 2 74 46 18 34
73 10 73 49 26 21 54
36 41 13 37 47 8 7
45 18 41 16 3 7 37
46 79 78 28 35 22 71
62 33 38 61 77 10 52
18 55 22 55 40 53 34
62 33 38 35 3 43 30
62 33 38 25 39 54 17
20 7 34 41 69 44 62
12 57 27 82 40 61 38
20 7 34 70 38 30 31
40 69 6 62 33 38 48
4 62 58 49 26 21 51
39 77 77 79 14 81 63
74 46 18 73 10 73 65
52 34 67 16 3 7 67
21 30 77 37 47 8 71
71 79 40 43 81 67 27
11 77 2 60 59 62 62
54 26 21 72 82 39 58
3 1 54 43 81 67 81
48 30 64 40 69 6 69
38 47 21 14 7 79 70
45 18 41 61 77 10 66
25 39 54 16 3 7 59
0 38 17 30 77 5 40
27 41 0 19 17 50 55
54 26 21 34 79 56 63
43 81 67 62 33 38 56
57 39 76 47 80 59 44
18 55 22 70 38 30 18
66 14 15 45 18 41 26
35 3 43 63 41 44 38
75 62 49 82 40 61 25
63 41 44 65 14 18 37
63 41 44 6 38 55 11
53 46 57 6 38 55 8
65 14 18 21 30 77 61
50 61 49 60 59 62 13
19 17 50 40 69 6 68
58 25 70 80 40 71 15
70 38 30 47 80 59 51
12 57 27 4 62 58 31
22 65 10 3 1 54 77
79 14 81 70 38 30 56
39 77 77 53 46 57 36
2 8 43 35 3 43 5
67 40 80 16 3 7 81
82 40 61 59 79 55 39
38 47 21 17 62 76 57
76 69 57 9 43 60 26
74 46 18 5 47 77 59
6 38 55 11 77 2 65
31 33 71 39 77 77 44
17 62 76 48 30 64 34
68 25 25 24 64 41 42
80 40 71 10 41 19 52
50 61 49 64 60 22 27
10 41 19 54 26 21 15
48 30 64 71 79 40 54
13 76 56 26 59 54 17
20 7 34 45 18 41 13
34 79 56 14 7 79 75
81 50 24 82 40 61 38
59 79 55 0 38 17 55
43 81 67 80 40 71 41
16 3 7 57 39 76 77
52 34 67 72 82 39 55
51 70 70 0 38 17 61
25 39 54 68 25 25 32
71 79 40 28 35 22 47
38 47 21 76 69 57 42
2 8 43 51 70 70 67
59 79 55 25 39 54 40
14 7 79 31 33 71 27
46 79 78 78 47 61 36
68 25 25 62 33 38 15
32 81 17 66 14 15 67
54 26 21 64 60 22 34
12 57 27 31 33 71 50
42 36 59 50 61 49 26
41 69 44 57 39 76 43
27 41 0 25 39 54 54
9 43 60 50 61 49 21
62 33 38 20 7 34 26
22 65 10 45 18 41 56
15 22 9 27 41 0 21
55 40 53 30 77 5 60
27 41 0 62 33 38 38
21 30 77 38 47 21 58
70 38 30 19 17 50 29
19 17 50 50 61 49 44
58 25 70 68 25 25 45
40 69 6 5 47 77 74
16 3 7 39 77 77 101
81 50 24 18 55 22 5
31 33 71 60 59 62 27
34 79 56 51 70 70 16
9 43 60 4 62 58 19
79 14 81 76 69 57 60
28 35 22 8 62 78 62
31 33 71 82 40 61 12
50 61 49 53 46 57 17
24 64 41 30 77 5 38
59 79 55 57 39 76 45
10 41 19 50 61 49 36
44 26 18 50 61 49 46
43 81 67 5 47 77 35
60 59 62 70 38 30 38
43 81 67 59 79 55 12
53 46 57 58 25 70 24
39 77 77 5 47 77 30
32 81 17 46 79 78 61
52 34 67 4 62 58 29
15 22 9 23 70 24 50
77 47 51 79 14 81 44
39 77 77 57 39 76 38
15 22 9 22 65 10 43
13 76 56 50 61 49 16
57 39 76 73 10 73 29
36 41 13 12 57 27 21
54 26 21 46 79 78 77
70 38 30 30 77 5 46
19 17 50 72 82 39 65
41 69 44 33 14 35 55
44 26 18 5 47 77 62
78 47 61 32 81 17 55
9 43 60 29 69 0 65
41 69 44 52 34 67 41
6 38 55 68 25 25 32
49 26 21 26 59 54 46
45 18 41 37 47 8 43
65 14 18 34 79 56 75
30 77 5 29 69 0 9
80 40 71 59 79 55 42
58 25 70 40 69 6 77
13 76 56 33 14 35 65
4 62 58 72 82 39 27
72 82 39 37 47 8 46
32 81 17 15 22 9 59
54 26 21 13 76 56 61
1 35 54 72 82 39 49
29 69 0 33 14 35 65
68 25 25 37 47 8 27
59 79 55 72 82 39 16
80 40 71 63 41 44 27
2 8 43 48 30 64 30
0 38 17 82 40 61 44
73 10 73 68 25 25 50
68 25 25 13 76 56 59
55 40 53 19 17 50 23
67 40 80 82 40 61 19
28 35 22 79 14 81 62
22 65 10 36 41 13 24
55 40 53 39 77 77 44
48 30 64 29 69 0 74
18 55 22 8 62 78 56
28 35 22 31 33 71 49
35 3 43 11 77 2 84
10 41 19 65 14 18 27
53 46 57 17 62 76 24
23 70 24 76 69 57 33
0 38 17 38 47 21 9
82 40 61 36 41 13 48
15 22 9 17 62 76 78
51 70 70 61 77 10 60
74 46 18 56 29 6 20
22 65 10 42 36 59 56
18 55 22 72 82 39 31
33 14 35 69 1 6 31
22 65 10 70 38 30 33
11 77 2 67 40 80 86
18 55 22 44 26 18 29
49 26 21 42 36 59 39
18 55 22 21 30 77 60
12 57 27 17 62 76 49
52 34 67 25 39 54 13
4 62 58 45 18 41 47
55 40 53 40 69 6 55
66 14 15 58 25 70 56
43 81 67 37 47 8 68
56 29 6 47 80 59 73
47 80 59 46 79 78 19
3 1 54 71 79 40 79
44 26 18 26 59 54 48
72 82 39 48 30 64 57
53 46 57 15 22 9 53
40 69 6 74 46 18 25
11 77 2 55 40 53 63
46 79 78 70 38 30 63
60 59 62 56 29 6 63
55 40 53 53 46 57 7
57 39 76 7 62 73 23
2 8 43 29 69 0 74
28 35 22 40 69 6 37
21 30 77 49 26 21 56
28 35 22 76 69 57 48
19 17 50 12 57 27 46
76 69 57 24 64 41 16
63 41 44 48 30 64 22
6 38 55 77 47 51 9
73 10 73 14 7 79 6
45 18 41 40 69 6 61
56 29 6 2 8 43 42
11 77 2 51 70 70 68
4 62 58 58 25 70 38
67 40 80 60 59 62 26
18 55 22 10 41 19 14
32 81 17 17 62 76 61
21 30 77 60 59 62 32
22 65 10 61 77 10 12
5 47 77 38 47 21 56
9 43 60 73 10 73 35
71 79 40 49 26 21 56
39 77 77 1 35 54 47
20 7 34 76 69 57 66
14 7 79 46 79 78 72
65 14 18 14 7 79 61
32 81 17 23 70 24 13
6 38 55 2 8 43 32
44 26 18 61 77 10 51
37 47 8 56 29 6 18
36 41 13 4 62 58 49
29 69 0 73 10 73 93
34 79 56 31 33 71 48
0 38 17 78 47 61 44
36 41 13 28 35 22 10
54 26 21 73 10 73 54
11 77 2 47 80 59 57
56 29 6 39 77 77 85
3 1 54 69 1 6 48
81 50 24 66 14 15 37
18 55 22 35 3 43 56
62 33 38 7 62 73 45
5 47 77 14 7 79 40
81 50 24 73 10 73 63
11 77 2 81 50 24 34
64 60 22 29 69 0 23
72 82 39 26 59 54 27
28 35 22 41 69 44 40
69 1 6 60 59 62 80
12 57 27 48 30 64 45
14 7 79 44 26 18 63
1 35 54 65 14 18 41
69 1 6 30 77 5 76
36 41 13 58 25 70 59
34 79 56 60 59 62 20
60 59 62 18 55 22 40
48 30 64 14 7 79 27
14 7 79 61 77 10 98
65 14 18 27 41 0 32
75 62 49 7 62 73 24
38 47 21 3 1 54 56
60 59 62 40 69 6 56
77 47 51 52 34 67 20
1 35 54 82 40 61 8
59 79 55 69 1 6 92
67 40 80 28 35 22 58
80 40 71 30 77 5 75
53 46 57 12 57 27 31
23 70 24 9 43 60 45
59 79 55 14 7 79 75
75 62 49 41 69 44 8
82 40 61 4 62 58 22
50 61 49 29 69 0 49
4 62 58 24 64 41 17
57 39 76 8 62 78 23
81 50 24 41 69 44 27
35 3 43 79 14 81 39
5 47 77 42 36 59 21
52 34 67 35 3 43 39
36 41 13 45 18 41 36
49 26 21 8 62 78 67
59 79 55 7 62 73 24
47 80 59 61 77 10 49
9 43 60 22 65 10 54
64 60 22 11 77 2 26
5 47 77 0 38 17 60
65 14 18 76 69 57 67
26 59 54 71 79 40 24
25 39 54 1 35 54 4
82 40 61 65 14 18 50
42 36 59 48 30 64 7
65 14 18 68 25 25 13
6 38 55 64 60 22 39
0 38 17 58 25 70 54
14 7 79 63 41 44 48
8 62 78 71 79 40 41
62 33 38 11 77 2 56
78 47 61 37 47 8 53
32 81 17 26 59 54 43
78 47 61 67 40 80 20
50 61 49 4 62 58 9
54 26 21 50 61 49 44
48 30 64 34 79 56 49
30 77 5 74 46 18 33
14 7 79 55 40 53 42
45 18 41 5 47 77 46
67 40 80 40 69 6 79
21 30 77 52 34 67 10
46 79 78 63 41 44 50
36 41 13 7 62 73 63
52 34 67 50 61 49 32
22 65 10 1 35 54 53
37 47 8 3 1 54 65
0 38 17 67 40 80 63
66 14 15 29 69 0 57
26 59 54 19 17 50 42
7 62 73 73 10 73 52
51 70 70 69 1 6 94
81 50 24 39 77 77 59
5 47 77 46 79 78 32
7 62 73 41 69 44 29
30 77 5 33 14 35 69
78 47 61 77 47 51 10
71 79 40 19 17 50 62
54 26 21 42 36 59 39
8 62 78 3 1 54 65
0 38 17 70 38 30 13
70 38 30 82 40 61 31
38 47 21 8 62 78 58
82 40 61 24 64 41 31
13 76 56 62 33 38 46
64 60 22 55 40 53 36
18 55 22 57 39 76 56
14 7 79 6 38 55 39
31 33 71 42 36 59 12
53 46 57 33 14 35 38
8 62 78 52 34 67 30
33 14 35 72 82 39 68
10 41 19 22 65 10 25
3 1 54 51 70 70 70
76 69 57 40 69 6 51
72 82 39 10 41 19 45
8 62 78 72 82 39 43
73 10 73 76 69 57 61
59 79 55 11 77 2 53
67 40 80 21 30 77 10
45 18 41 32 81 17 67
71 79 40 14 7 79 81
22 65 10 25 39 54 51
17 62 76 16 3 7 90
59 79 55 70 38 30 48
77 47 51 16 3 7 62
63 41 44 74 46 18 26
82 40 61 46 79 78 42
71 79 40 75 62 49 19
34 79 56 21 30 77 53
52 34 67 23 70 24 56
17 62 76 51 70 70 10
55 40 53 31 33 71 19
24 64 41 5 47 77 39
69 1 6 67 40 80 83
33 14 35 71 79 40 65
26 59 54 30 77 5 52
22 65 10 2 8 43 65
26 59 54 57 39 76 29
27 41 0 80 40 71 71
47 80 59 16 3 7 92
69 1 6 29 69 0 68
80 40 71 15 22 9 64
13 76 56 22 65 10 47
5 47 77 73 10 73 37
2 8 43 9 43 60 38
78 47 61 61 77 10 59
75 62 49 49 26 21 45
11 77 2 15 22 9 55
36 41 13 48 30 64 52
1 35 54 73 10 73 31
74 46 18 4 62 58 43
24 64 41 80 40 71 38
12 57 27 58 25 70 53
0 38 17 20 7 34 35
34 79 56 2 8 43 72
30 77 5 53 46 57 60
79 14 81 15 22 9 72
6 38 55 74 46 18 37
51 70 70 55 40 53 34
32 81 17 12 57 27 26
21 30 77 63 41 44 34
16 3 7 8 62 78 92
70 38 30 69 1 6 44
59 79 55 58 25 70 56
1 35 54 58 25 70 18
53 46 57 71 79 40 37
58 25 70 25 39 54 21
49 26 21 35 3 43 31
62 33 38 36 41 13 26
14 7 79 66 14 15 64
31 33 71 77 47 51 24
39 77 77 12 57 27 53
3 1 54 7 62 73 63
56 29 6 4 62 58 61
68 25 25 29 69 0 50
12 57 27 65 14 18 43
19 17 50 46 79 78 68
81 50 24 44 26 18 24
57 39 76 64 60 22 57
34 79 56 23 70 24 33
79 14 81 41 69 44 66
12 57 27 9 43 60 35
57 39 76 33 14 35 48
80 40 71 4 62 58 25
75 62 49 50 61 49 1
53 46 57 49 26 21 41
21 30 77 48 30 64 13
22 65 10 62 33 38 42
30 77 5 77 47 51 54
12 57 27 21 30 77 56
74 46 18 15 22 9 25
32 81 17 64 60 22 21
60 59 62 7 62 73 11
48 30 64 27 41 0 64
3 1 54 60 59 62 58
53 46 57 2 8 43 40
6 38 55 51 70 70 35
61 77 10 13 76 56 46
74 46 18 78 47 61 43
7 62 73 9 43 60 23
24 64 41 64 60 22 19
19 17 50 79 14 81 31
50 61 49 8 62 78 29
69 1 6 20 7 34 28
10 41 19 78 47 61 42
34 79 56 44 26 18 65
73 10 73 19 17 50 24
75 62 49 38 47 21 31
6 38 55 40 69 6 57
17 62 76 47 80 59 24
71 79 40 62 33 38 46
58 25 70 33 14 35 36
74 46 18 61 77 10 32
61 77 10 49 26 21 52
58 25 70 14 7 79 20
65 14 18 37 47 8 34
53 46 57 0 38 17 40
46 79 78 69 1 6 106
77 47 51 60 59 62 16
81 50 24 50 61 49 27
43 81 67 45 18 41 68
64 60 22 66 14 15 46
12 57 27 23 70 24 13
82 40 61 21 30 77 18
39 77 77 28 35 22 69
15 22 9 43 81 67 82
14 7 79 76 69 57 65
78 47 61 82 40 61 7
5 47 77 22 65 10 69
66 14 15 36 41 13 27
38 47 21 70 38 30 12
70 38 30 78 47 61 32
4 62 58 21 30 77 37
11 77 2 37 47 8 30
28 35 22 48 30 64 42
42 36 59 11 77 2 70
59 79 55 51 70 70 17
67 40 80 59 79 55 46
5 47 77 66 14 15 70
22 65 10 53 46 57 50
12 57 27 54 26 21 31
18 55 22 48 30 64 48
6 38 55 79 14 81 35
18 55 22 82 40 61 41
76 69 57 49 26 21 56
35 3 43 65 14 18 27
23 70 24 37 47 8 28
38 47 21 72 82 39 39
5 47 77 68 25 25 56
23 70 24 10 41 19 29
17 62 76 42 36 59 31
13 76 56 48 30 64 46
19 17 50 9 43 60 27
28 35 22 34 79 56 55
80 40 71 0 38 17 54
30 77 5 75 62 49 46
9 43 60 80 40 71 11
63 41 44 49 26 21 27
52 34 67 39 77 77 44
11 77 2 39 77 77 75
43 81 67 82 40 61 41
39 77 77 6 38 55 44
35 3 43 57 39 76 48
8 62 78 30 77 5 74
49 26 21 82 40 61 42
22 65 10 74 46 18 20
33 14 35 28 35 22 24
80 40 71 56 29 6 65
81 50 24 13 76 56 41
52 34 67 44 26 18 49
8 62 78 43 81 67 21
26 59 54 14 7 79 57
13 76 56 47 80 59 5
56 29 6 75 62 49 54
6 38 55 70 38 30 25
22 65 10 81 50 24 20
11 77 2 80 40 71 78
13 76 56 4 62 58 14
38 47 21 44 26 18 21
65 14 18 52 34 67 52
12 57 27 15 22 9 39
25 39 54 65 14 18 43
65 14 18 46 79 78 88
79 14 81 30 77 5 98
82 40 61 52 34 67 8
52 34 67 38 47 21 47
81 50 24 6 38 55 33
59 79 55 9 43 60 36
72 82 39 21 30 77 64
47 80 59 23 70 24 36
6 38 55 50 61 49 23
3 1 54 26 59 54 58
20 7 34 18 55 22 49
72 82 39 20 7 34 75
54 26 21 71 79 40 56
71 79 40 56 29 6 60
56 29 6 0 38 17 14
59 79 55 37 47 8 56
11 77 2 5 47 77 80
63 41 44 66 14 15 39
82 40 61 26 59 54 20
25 39 54 49 26 21 35
70 38 30 26 59 54 31
67 40 80 2 8 43 48
56 29 6 78 47 61 57
33 14 35 40 69 6 62
35 3 43 20 7 34 9
16 3 7 76 69 57 82
41 69 44 64 60 22 23
58 25 70 71 79 40 61
40 69 6 20 7 34 68
61 77 10 16 3 7 74
20 7 34 71 79 40 72
50 61 49 63 41 44 20
78 47 61 44 26 18 47
68 25 25 55 40 53 31
23 70 24 56 29 6 44
44 26 18 57 39 76 59
17 62 76 1 35 54 34
63 41 44 22 65 10 41
60 59 62 74 46 18 45
16 3 7 73 10 73 66
51 70 70 33 14 35 66
63 41 44 36 41 13 31
20 7 34 31 33 71 45
0 38 17 52 34 67 50
13 76 56 69 1 6 90
15 22 9 1 35 54 46
16 3 7 20 7 34 27
60 59 62 75 62 49 13
44 26 18 62 33 38 21
22 65 10 68 25 25 42
17 62 76 20 7 34 69
5 47 77 41 69 44 39
54 26 21 69 1 6 29
32 81 17 71 79 40 23
20 7 34 48 30 64 37
62 33 38 49 26 21 18
32 81 17 67 40 80 75
64 60 22 33 14 35 47
71 79 40 31 33 71 55
5 47 77 21 30 77 17
60 59 62 8 62 78 16
75 62 49 81 50 24 27
34 79 56 73 10 73 71
32 81 17 35 3 43 82
44 26 18 53 46 57 43
76 69 57 27 41 0 63
57 39 76 12 57 27 52
53 46 57 54 26 21 41
59 79 55 4 62 58 17
59 79 55 81 50 24 42
69 1 6 78 47 61 71
1 35 54 49 26 21 34
58 25 70 43 81 67 56
51 70 70 16 3 7 91
42 36 59 67 40 80 21
11 77 2 38 47 21 35
21 30 77 62 33 38 39
60 59 62 12 57 27 35
10 41 19 37 47 8 12
1 35 54 75 62 49 27
7 62 73 58 25 70 37
13 76 56 32 81 17 39
51 70 70 63 41 44 38
45 18 41 6 38 55 24
71 79 40 47 80 59 19
44 26 18 76 69 57 58
8 62 78 45 18 41 57
16 3 7 60 59 62 78
1 35 54 6 38 55 3
53 46 57 9 43 60 4
15 22 9 24 64 41 52
81 50 24 4 62 58 36
41 69 44 44 26 18 50
76 69 57 4 62 58 7
24 64 41 33 14 35 50
54 26 21 38 47 21 21
38 47 21 67 40 80 59
39 77 77 43 81 67 10
19 17 50 81 50 24 42
6 38 55 78 47 61 10
5 47 77 80 40 71 9
80 40 71 82 40 61 10
48 30 64 51 70 70 40
68 25 25 75 62 49 44
34 79 56 70 38 30 48
78 47 61 26 59 54 13
56 29 6 36 41 13 13
35 3 43 59 79 55 76
65 14 18 79 14 81 63
70 38 30 64 60 22 23
34 79 56 5 47 77 38
0 38 17 49 26 21 12
30 77 5 58 25 70 83
58 25 70 28 35 22 49
60 59 62 15 22 9 64
50 61 49 77 47 51 14
55 40 53 23 70 24 41
26 59 54 28 35 22 40
46 79 78 77 47 51 41
66 14 15 35 3 43 30
46 79 78 41 69 44 35
18 55 22 65 14 18 41
58 25 70 39 77 77 52
52 34 67 62 33 38 29
52 34 67 33 14 35 37
4 62 58 16 3 7 77
61 77 10 33 14 35 67
68 25 25 57 39 76 52
76 69 57 37 47 8 53
30 77 5 3 1 54 90
66 14 15 77 47 51 48
61 77 10 70 38 30 43
78 47 61 65 14 18 54
36 41 13 9 43 60 47
23 70 24 66 14 15 56
71 79 40 25 39 54 42
55 40 53 28 35 22 31
62 33 38 24 64 41 31
25 39 54 53 46 57 7
11 77 2 70 38 30 48
45 18 41 14 7 79 39
17 62 76 54 26 21 65
26 59 54 76 69 57 10
67 40 80 53 46 57 23
8 62 78 46 79 78 17
24 64 41 13 76 56 19
37 47 8 79 14 81 80
74 46 18 19 17 50 43
63 41 44 62 33 38 10
53 46 57 27 41 0 57
58 25 70 15 22 9 61
37 47 8 42 36 59 52
44 26 18 2 8 43 30
68 25 25 53 46 57 38
49 26 21 60 59 62 52
62 33 38 17 62 76 47
55 40 53 78 47 61 10
17 62 76 46 79 78 17
40 69 6 51 70 70 64
11 77 2 82 40 61 69
35 3 43 4 62 58 60
47 80 59 27 41 0 70
13 76 56 43 81 67 12
40 69 6 49 26 21 45
30 77 5 20 7 34 75
68 25 25 21 30 77 52
82 40 61 10 41 19 42
79 14 81 67 40 80 26
40 69 6 2 8 43 71
79 14 81 74 46 18 70
3 1 54 20 7 34 20
19 17 50 37 47 8 51
49 26 21 68 25 25 4
71 79 40 12 57 27 25
42 36 59 3 1 54 35
2 8 43 39 77 77 76
21 30 77 59 79 55 53
34 79 56 32 81 17 39
1 35 54 69 1 6 58
74 46 18 43 81 67 60
61 77 10 36 41 13 36
12 57 27 25 39 54 32
27 41 0 10 41 19 19
33 14 35 67 40 80 51
81 50 24 76 69 57 38
16 3 7 31 33 71 70
34 79 56 55 40 53 39
63 41 44 28 35 22 22
52 34 67 70 38 30 37
64 60 22 62 33 38 31
28 35 22 38 47 21 12
33 14 35 42 36 59 32
69 1 6 71 79 40 85
58 25 70 60 59 62 34
81 50 24 68 25 25 25
22 65 10 60 59 62 52
64 60 22 42 36 59 44
17 62 76 67 40 80 22
50 61 49 70 38 30 29
68 25 25 35 3 43 28
81 50 24 56 29 6 27
31 33 71 3 1 54 36
15 22 9 34 79 56 73
18 55 22 56 29 6 30
61 77 10 50 61 49 42
75 62 49 25 39 54 23
2 8 43 70 38 30 32
2 8 43 42 36 59 32
40 69 6 30 77 5 8
0 38 17 41 69 44 41
38 47 21 41 69 44 31
17 62 76 3 1 54 64
35 3 43 43 81 67 81
73 10 73 24 64 41 62
77 47 51 21 30 77 31
8 62 78 25 39 54 33
63 41 44 60 59 62 25
45 18 41 60 59 62 46
32 81 17 38 47 21 34
32 81 17 82 40 61 60
31 33 71 54 26 21 50
32 81 17 80 40 71 67
47 80 59 77 47 51 33
15 22 9 18 55 22 35
27 41 0 74 46 18 18
11 77 2 13 76 56 54
21 30 77 3 1 54 37
47 80 59 76 69 57 11
66 14 15 56 29 6 17
8 62 78 7 62 73 5
72 82 39 74 46 18 41
18 55 22 0 38 17 17
17 62 76 45 18 41 56
61 77 10 29 69 0 12
68 25 25 14 7 79 56
35 3 43 12 57 27 56
25 39 54 73 10 73 34
40 69 6 27 41 0 28
46 79 78 68 25 25 75
41 69 44 17 62 76 32
3 1 54 74 46 18 57
9 43 60 15 22 9 55
1 35 54 43 81 67 47
29 69 0 43 81 67 68
12 57 27 47 80 59 39
60 59 62 68 25 25 50
9 43 60 67 40 80 20
45 18 41 23 70 24 54
38 47 21 56 29 6 23
26 59 54 11 77 2 55
13 76 56 75 62 49 15
51 70 70 76 69 57 13
51 70 70 18 55 22 50
62 33 38 37 47 8 33
82 40 61 28 35 22 39
64 60 22 74 46 18 14
80 40 71 39 77 77 37
9 43 60 8 62 78 26
63 41 44 77 47 51 9
12 57 27 67 40 80 55
69 1 6 0 38 17 38
73 10 73 56 29 6 69
72 82 39 45 18 41 64
44 26 18 21 30 77 59
22 65 10 19 17 50 62
27 41 0 51 70 70 75
21 30 77 46 79 78 49
46 79 78 10 41 19 70
26 59 54 33 14 35 48
23 70 24 80 40 71 55
22 65 10 41 69 44 34
51 70 70 79 14 81 57
43 81 67 47 80 59 8
64 60 22 28 35 22 25
53 46 57 3 1 54 45
2 8 43 43 81 67 76
57 39 76 14 7 79 32
69 1 6 40 69 6 68
49 26 21 74 46 18 20
63 41 44 15 22 9 39
36 41 13 64 60 22 21
1 35 54 59 79 55 44
48 30 64 55 40 53 14
70 38 30 32 81 17 44
33 14 35 21 30 77 44
76 69 57 60 59 62 11
68 25 25 59 79 55 61
79 14 81 16 3 7 74
80 40 71 7 62 73 22
43 81 67 65 14 18 83
5 47 77 8 62 78 15
17 62 76 40 69 6 70
22 65 10 75 62 49 39
12 57 27 52 34 67 46
37 47 8 18 55 22 16
7 62 73 69 1 6 90
68 25 25 18 55 22 30
2 8 43 38 47 21 44
42 36 59 24 64 41 33
33 14 35 45 18 41 7
28 35 22 70 38 30 8
40 69 6 32 81 17 16
2 8 43 59 79 55 72
52 34 67 13 76 56 43
34 79 56 76 69 57 10
76 69 57 82 40 61 29
77 47 51 19 17 50 30
32 81 17 53 46 57 53
12 57 27 62 33 38 26
63 41 44 23 70 24 35
39 77 77 10 41 19 68
77 47 51 75 62 49 15
16 3 7 63 41 44 53
53 46 57 47 80 59 34
31 33 71 67 40 80 11
29 69 0 7 62 73 73
17 62 76 33 14 35 63
78 47 61 28 35 22 40
14 7 79 37 47 8 81
25 39 54 31 33 71 18
67 40 80 25 39 54 26
13 76 56 21 30 77 50
17 62 76 69 1 6 92
48 30 64 47 80 59 50
58 25 70 37 47 8 65
70 38 30 56 29 6 25
60 59 62 1 35 54 25
70 38 30 53 46 57 28
47 80 59 30 77 5 54
72 82 39 55 40 53 44
82 40 61 16 3 7 65
35 3 43 1 35 54 33
55 40 53 5 47 77 25
29 69 0 78 47 61 64
62 33 38 42 36 59 21
46 79 78 57 39 76 40
2 8 43 15 22 9 36
7 62 73 55 40 53 29
67 40 80 13 76 56 43
9 43 60 72 82 39 44
58 25 70 19 17 50 21
74 46 18 13 76 56 48
41 69 44 3 1 54 68
11 77 2 63 41 44 55
9 43 60 0 38 17 43
69 1 6 47 80 59 95
32 81 17 2 8 43 77
3 1 54 67 40 80 46
48 30 64 22 65 10 64
30 77 5 41 69 44 39
73 10 73 78 47 61 38
59 79 55 64 60 22 38
58 25 70 75 62 49 42
69 1 6 8 62 78 94
33 14 35 59 79 55 68
80 40 71 22 65 10 65