86 3655
38 80 23 81 33 16 47
61 14 38 83 7 73 35
11 24 50 43 14 53 10
29 67 5 68 6 4 61
5 53 81 85 67 73 16
32 27 18 36 39 74 57
57 4 47 60 79 5 85
77 0 60 43 14 53 15
59 12 3 49 80 46 80
75 63 32 10 13 69 62
28 14 27 62 30 40 20
51 69 44 5 53 81 40
50 0 28 21 47 31 47
58 2 24 18 75 23 73
56 85 30 71 58 27 27
49 80 46 44 30 58 51
49 80 46 74 73 4 42
11 24 50 28 14 27 25
12 82 13 28 14 27 69
68 6 4 65 5 52 48
41 48 35 46 42 64 29
47 77 3 23 32 18 47
76 21 79 16 71 47 59
10 13 69 56 85 30 81
68 6 4 7 52 35 55
67 78 0 3 85 60 60
52 19 22 81 33 16 15
15 3 34 57 4 47 13
32 27 18 70 35 46 29
65 5 52 75 63 32 61
75 63 32 26 76 18 19
52 19 22 30 25 32 11
34 9 2 85 67 73 91
36 39 74 79 65 11 68
5 53 81 23 32 18 66
49 80 46 30 25 32 56
58 2 24 25 21 26 19
63 75 70 52 19 22 73
34 9 2 2 51 73 82
13 76 44 59 12 3 76
51 69 44 2 51 73 34
69 62 37 34 9 2 63
73 10 3 44 30 58 58
44 30 58 68 6 4 59
29 67 5 0 36 83 83
3 85 60 65 5 52 80
70 35 46 26 76 18 49
47 77 3 16 71 47 44
2 51 73 37 31 26 51
20 82 72 83 7 73 75
36 39 74 14 52 14 61
79 65 11 42 35 65 61
80 7 27 76 21 79 53
65 5 52 21 47 31 46
58 2 24 24 50 56 57
66 27 30 82 6 37 22
49 80 46 31 28 76 60
21 47 31 53 72 60 38
25 21 26 85 67 73 65
64 1 28 32 27 18 27
61 14 38 76 21 79 41
34 9 2 77 0 60 58
2 51 73 57 4 47 53
84 11 71 24 50 56 41
26 76 18 11 24 50 61
4 27 10 71 58 27 35
24 50 56 31 28 76 29
54 23 36 42 35 65 31
28 14 27 27 7 5 23
29 67 5 69 62 37 32
5 53 81 64 1 28 74
74 73 4 5 53 81 79
33 74 82 64 1 28 90
25 21 26 54 23 36 10
55 85 22 37 31 26 54
23 32 18 29 67 5 37
51 69 44 61 14 38 55
38 80 23 58 2 24 78
23 32 18 67 78 0 49
51 69 44 8 13 10 65
44 30 58 70 35 46 13
35 83 31 38 80 23 8
37 31 26 84 11 71 49
71 58 27 12 82 13 27
77 0 60 56 85 30 90
81 33 16 32 27 18 6
51 69 44 79 65 11 33
35 83 31 82 6 37 77
50 0 28 70 35 46 39
81 33 16 35 83 31 52
45 22 35 46 42 64 35
83 7 73 14 52 14 74
66 27 30 61 14 38 15
46 42 64 79 65 11 57
76 21 79 64 1 28 54
42 35 65 82 6 37 40
21 47 31 0 36 83 53
76 21 79 33 74 82 53
67 78 0 22 81 37 37
20 82 72 48 71 45 29
65 5 52 72 76 3 86
68 6 4 12 82 13 76
66 27 30 37 31 26 5
35 83 31 13 76 44 14
33 74 82 52 19 22 81
29 67 5 22 81 37 34
17 3 83 46 42 64 43
44 30 58 85 67 73 39
49 80 46 11 24 50 56
30 25 32 53 72 60 54
51 69 44 38 80 23 23
83 7 73 80 7 27 46
61 14 38 24 50 56 40
28 14 27 6 78 6 67
0 36 83 22 81 37 64
54 23 36 78 63 12 46
13 76 44 47 77 3 41
67 78 0 33 74 82 82
51 69 44 3 85 60 22
1 30 50 63 75 70 49
21 47 31 66 27 30 20
85 67 73 68 6 4 92
45 22 35 61 14 38 8
62 30 40 16 71 47 41
45 22 35 78 63 12 47
51 69 44 84 11 71 63
79 65 11 34 9 2 56
15 3 34 3 85 60 86
6 78 6 32 27 18 52
4 27 10 34 9 2 19
79 65 11 54 23 36 48
19 72 1 59 12 3 60
60 79 5 54 23 36 64
0 36 83 27 7 5 83
78 63 12 82 6 37 62
39 5 22 70 35 46 38
47 77 3 81 33 16 45
5 53 81 1 30 50 38
8 13 10 84 11 71 61
80 7 27 61 14 38 13
30 25 32 28 14 27 12
45 22 35 60 79 5 64
28 14 27 44 30 58 34
50 0 28 34 9 2 27
59 12 3 65 5 52 49
54 23 36 21 47 31 24
54 23 36 31 28 76 40
61 14 38 35 83 31 69
19 72 1 25 21 26 56
12 82 13 30 25 32 60
34 9 2 82 6 37 35
1 30 50 85 67 73 43
5 53 81 10 13 69 41
65 5 52 80 7 27 25
24 50 56 4 27 10 51
30 25 32 60 79 5 60
49 80 46 45 22 35 59
6 78 6 57 4 47 84
11 24 50 50 0 28 32
33 74 82 72 76 3 79
73 10 3 79 65 11 55
35 83 31 23 32 18 52
30 25 32 84 11 71 41
35 83 31 40 49 69 50
25 21 26 81 33 16 15
78 63 12 3 85 60 52
22 81 37 4 27 10 60
71 58 27 77 0 60 66
14 52 14 81 33 16 19
31 28 76 65 5 52 33
6 78 6 1 30 50 65
22 81 37 13 76 44 8
21 47 31 73 10 3 46
49 80 46 32 27 18 59
81 33 16 3 85 60 68
42 35 65 26 76 18 62
16 71 47 80 7 27 67
43 14 53 25 21 26 27
69 62 37 21 47 31 16
44 30 58 29 67 5 64
59 12 3 77 0 60 58
44 30 58 77 0 60 30
3 85 60 60 79 5 55
83 7 73 17 3 83 10
18 75 23 54 23 36 53
64 1 28 20 82 72 92
15 3 34 32 27 18 28
75 63 32 58 2 24 61
26 76 18 48 71 45 27
56 85 30 58 2 24 83
2 51 73 29 67 5 69
42 35 65 78 63 12 59
27 7 5 64 1 28 23
22 81 37 39 5 22 77
85 67 73 8 13 10 82
47 77 3 27 7 5 70
17 3 83 23 32 18 71
8 13 10 48 71 45 67
14 52 14 84 11 71 70
78 63 12 32 27 18 36
32 27 18 63 75 70 70
27 7 5 63 75 70 94
66 27 30 14 52 14 29
6 78 6 61 14 38 71
9 63 9 10 13 69 78
45 22 35 84 11 71 37
83 7 73 57 4 47 26
35 83 31 72 76 3 28
35 83 31 68 6 4 81
52 19 22 11 24 50 28
23 32 18 72 76 3 46
56 85 30 22 81 37 8
14 52 14 20 82 72 65
2 51 73 79 65 11 63
37 31 26 51 69 44 42
27 7 5 3 85 60 95
22 81 37 74 73 4 33
50 0 28 5 53 81 74
33 74 82 13 76 44 38
54 23 36 1 30 50 15
26 76 18 15 3 34 74
19 72 1 63 75 70 69
61 14 38 0 36 83 50
63 75 70 66 27 30 62
39 5 22 60 79 5 75
59 12 3 45 22 35 33
79 65 11 57 4 47 70
16 71 47 43 14 53 57
68 6 4 37 31 26 33
9 63 9 84 11 71 80
67 78 0 6 78 6 6
75 63 32 9 63 9 23
49 80 46 66 27 30 55
76 21 79 70 35 46 35
79 65 11 10 13 69 77
22 81 37 78 63 12 30
41 48 35 15 3 34 45
64 1 28 56 85 30 84
27 7 5 50 0 28 24
46 42 64 20 82 72 40
83 7 73 45 22 35 40
27 7 5 34 9 2 3
81 33 16 34 9 2 27
1 30 50 38 80 23 56
78 63 12 74 73 4 12
76 21 79 62 30 40 40
82 6 37 61 14 38 8
42 35 65 13 76 44 46
34 9 2 25 21 26 26
32 27 18 31 28 76 58
38 80 23 3 85 60 37
53 72 60 70 35 46 39
16 71 47 19 72 1 46
45 22 35 32 27 18 17
66 27 30 1 30 50 20
9 63 9 25 21 26 45
84 11 71 81 33 16 59
38 80 23 15 3 34 77
54 23 36 30 25 32 4
62 30 40 5 53 81 47
30 25 32 11 24 50 18
1 30 50 23 32 18 32
66 27 30 83 7 73 47
1 30 50 46 42 64 18
71 58 27 18 75 23 17
68 6 4 27 7 5 1
35 83 31 4 27 10 59
5 53 81 34 9 2 90
35 83 31 29 67 5 30
14 52 14 63 75 70 60
39 5 22 67 78 0 76
50 0 28 49 80 46 82
42 35 65 47 77 3 74
8 13 10 78 63 12 50
22 81 37 26 76 18 19
19 72 1 76 21 79 93
28 14 27 50 0 28 14
63 75 70 0 36 83 41
53 72 60 17 3 83 72
20 82 72 37 31 26 68
71 58 27 58 2 24 56
4 27 10 47 77 3 50
40 49 69 20 82 72 33
66 27 30 9 63 9 41
9 63 9 27 7 5 56
65 5 52 28 14 27 26
29 67 5 33 74 82 77
79 65 11 81 33 16 32
66 27 30 15 3 34 24
19 72 1 34 9 2 63
77 0 60 23 32 18 52
22 81 37 20 82 72 35
45 22 35 43 14 53 19
82 6 37 3 85 60 82
76 21 79 51 69 44 59
22 81 37 9 63 9 33
12 82 13 17 3 83 105
8 13 10 43 14 53 43
13 76 44 66 27 30 50
12 82 13 80 7 27 76
81 33 16 60 79 5 47
8 13 10 45 22 35 26
63 75 70 84 11 71 64
19 72 1 44 30 58 70
26 76 18 31 28 76 75
73 10 3 58 2 24 22
56 85 30 46 42 64 54
26 76 18 79 65 11 13
75 63 32 63 75 70 39
26 76 18 50 0 28 76
58 2 24 36 39 74 62
73 10 3 56 85 30 79
66 27 30 33 74 82 70
19 72 1 53 72 60 59
37 31 26 30 25 32 8
57 4 47 35 83 31 80
85 67 73 4 27 10 74
43 14 53 20 82 72 70
42 35 65 74 73 4 71
44 30 58 82 6 37 31
0 36 83 31 28 76 10
37 31 26 40 49 69 46
27 7 5 70 35 46 49
10 13 69 74 73 4 88
84 11 71 85 67 73 56
45 22 35 73 10 3 34
16 71 47 17 3 83 76
27 7 5 36 39 74 76
84 11 71 1 30 50 28
71 58 27 25 21 26 37
36 39 74 12 82 13 74
37 31 26 78 63 12 34
12 82 13 24 50 56 53
44 30 58 64 1 28 41
67 78 0 24 50 56 62
23 32 18 76 21 79 61
53 72 60 8 13 10 77
0 36 83 6 78 6 87
51 69 44 13 76 44 7
55 85 22 16 71 47 28
23 32 18 52 19 22 13
25 21 26 64 1 28 20
25 21 26 42 35 65 41
41 48 35 32 27 18 27
53 72 60 54 23 36 54
55 85 22 79 65 11 22
79 65 11 59 12 3 53
20 82 72 65 5 52 79
43 14 53 64 1 28 28
43 14 53 37 31 26 31
18 75 23 72 76 3 20
30 25 32 26 76 18 52
60 79 5 51 69 44 40
59 12 3 46 42 64 67
34 9 2 70 35 46 51
28 14 27 10 13 69 42
18 75 23 52 19 22 56
41 48 35 68 6 4 52
72 76 3 70 35 46 59
52 19 22 7 52 35 35
6 78 6 15 3 34 80
0 36 83 80 7 27 63
12 82 13 52 19 22 63
76 21 79 13 76 44 65
83 7 73 49 80 46 77
8 13 10 2 51 73 73
22 81 37 46 42 64 47
18 75 23 44 30 58 57
23 32 18 59 12 3 25
77 0 60 10 13 69 15
1 30 50 74 73 4 62
67 78 0 70 35 46 62
55 85 22 50 0 28 85
1 30 50 13 76 44 46
44 30 58 21 47 31 31
66 27 30 75 63 32 36
66 27 30 3 85 60 65
9 63 9 6 78 6 15
21 47 31 43 14 53 39
80 7 27 81 33 16 28
47 77 3 37 31 26 51
35 83 31 14 52 14 35
40 49 69 45 22 35 43
76 21 79 50 0 28 55
12 82 13 9 63 9 19
85 67 73 82 6 37 70
78 63 12 7 52 35 25
41 48 35 34 9 2 51
50 0 28 8 13 10 22
26 76 18 44 30 58 60
20 82 72 16 71 47 27
46 42 64 80 7 27 50
63 75 70 57 4 47 74
68 6 4 82 6 37 33
38 80 23 30 25 32 55
49 80 46 73 10 3 82
64 1 28 17 3 83 55
6 78 6 76 21 79 92
38 80 23 2 51 73 57
57 4 47 17 3 83 36
84 11 71 12 82 13 91
66 27 30 80 7 27 20
23 32 18 38 80 23 48
48 71 45 36 39 74 43
10 13 69 55 85 22 85
46 42 64 28 14 27 46
4 27 10 39 5 22 25
31 28 76 14 52 14 66
58 2 24 32 27 18 25
63 75 70 71 58 27 46
53 72 60 35 83 31 31
78 63 12 60 79 5 17
23 32 18 10 13 69 54
82 6 37 37 31 26 27
12 82 13 35 83 31 18
60 79 5 73 10 3 69
47 77 3 55 85 22 20
62 30 40 73 10 3 42
13 76 44 53 72 60 16
18 75 23 34 9 2 69
41 48 35 1 30 50 23
50 0 28 62 30 40 32
20 82 72 11 24 50 62
20 82 72 36 39 74 43
39 5 22 38 80 23 75
59 12 3 31 28 76 74
14 52 14 27 7 5 45
12 82 13 19 72 1 15
83 7 73 47 77 3 98
72 76 3 20 82 72 69
9 63 9 43 14 53 65
76 21 79 85 67 73 46
83 7 73 5 53 81 46
75 63 32 11 24 50 42
44 30 58 40 49 69 21
77 0 60 57 4 47 13
71 58 27 45 22 35 36
57 4 47 51 69 44 65
71 58 27 5 53 81 54
11 24 50 68 6 4 49
3 85 60 56 85 30 30
49 80 46 85 67 73 29
7 52 35 83 7 73 58
84 11 71 59 12 3 68
66 27 30 57 4 47 28
82 6 37 63 75 70 76
13 76 44 28 14 27 64
33 74 82 48 71 45 37
42 35 65 2 51 73 17
71 58 27 39 5 22 53
20 82 72 31 28 76 54
61 14 38 10 13 69 31
44 30 58 1 30 50 8
34 9 2 73 10 3 1
21 47 31 2 51 73 42
73 10 3 82 6 37 34
27 7 5 30 25 32 32
82 6 37 74 73 4 74
12 82 13 14 52 14 30
49 80 46 9 63 9 40
49 80 46 55 85 22 24
19 72 1 6 78 6 7
76 21 79 9 63 9 81
57 4 47 22 81 37 77
55 85 22 22 81 37 15
42 35 65 76 21 79 19
69 62 37 36 39 74 43
43 14 53 60 79 5 80
75 63 32 39 5 22 58
6 78 6 49 80 46 40
29 67 5 46 42 64 64
64 1 28 36 39 74 59
55 85 22 36 39 74 69
14 52 14 74 73 4 23
15 3 34 9 63 9 65
17 3 83 52 19 22 63
81 33 16 41 48 35 24
17 3 83 68 6 4 79
27 7 5 11 24 50 48
25 21 26 39 5 22 16
54 23 36 72 76 3 62
15 3 34 58 2 24 10
2 51 73 41 48 35 38
22 81 37 53 72 60 24
27 7 5 26 76 18 70
62 30 40 44 30 58 18
17 3 83 71 58 27 78
1 30 50 43 14 53 16
5 53 81 35 83 31 58
68 6 4 39 5 22 18
33 74 82 39 5 22 91
17 3 83 13 76 44 82
3 85 60 11 24 50 61
76 21 79 5 53 81 32
33 74 82 37 31 26 70
1 30 50 49 80 46 50
69 62 37 3 85 60 32
44 30 58 0 36 83 25
28 14 27 2 51 73 59
59 12 3 68 6 4 6
76 21 79 31 28 76 7
35 83 31 3 85 60 29
83 7 73 15 3 34 39
15 3 34 22 81 37 78
42 35 65 21 47 31 36
72 76 3 2 51 73 74
10 13 69 69 62 37 58
58 2 24 63 75 70 86
74 73 4 36 39 74 77
25 21 26 15 3 34 19
0 36 83 60 79 5 89
7 52 35 35 83 31 31
77 0 60 62 30 40 36
74 73 4 70 35 46 56
84 11 71 41 48 35 51
54 23 36 45 22 35 1
84 11 71 6 78 6 93
81 33 16 76 21 79 64
36 39 74 22 81 37 55
15 3 34 55 85 22 82
60 79 5 72 76 3 3
7 52 35 45 22 35 30
5 53 81 79 65 11 71
29 67 5 26 76 18 15
15 3 34 29 67 5 70
37 31 26 61 14 38 20
41 48 35 37 31 26 19
58 2 24 45 22 35 22
55 85 22 18 75 23 10
21 47 31 62 30 40 19
59 12 3 15 3 34 32
15 3 34 56 85 30 82
32 27 18 10 13 69 52
83 7 73 69 62 37 65
28 14 27 24 50 56 46
32 27 18 24 50 56 44
83 7 73 0 36 83 30
13 76 44 80 7 27 71
26 76 18 6 78 6 12
14 52 14 65 5 52 60
42 35 65 4 27 10 55
74 73 4 55 85 22 21
69 62 37 73 10 3 62
42 35 65 40 49 69 14
56 85 30 48 71 45 20
66 27 30 18 75 23 48
38 80 23 40 49 69 55
44 30 58 74 73 4 69
80 7 27 55 85 22 78
39 5 22 3 85 60 88
36 39 74 16 71 47 41
44 30 58 31 28 76 18
40 49 69 32 27 18 55
16 71 47 45 22 35 50
8 13 10 59 12 3 7
64 1 28 29 67 5 69
67 78 0 64 1 28 81
45 22 35 23 32 18 19
80 7 27 57 4 47 20
56 85 30 63 75 70 41
50 0 28 7 52 35 52
10 13 69 71 58 27 61
25 21 26 2 51 73 55
78 63 12 25 21 26 44
69 62 37 31 28 76 51
29 67 5 59 12 3 55
37 31 26 67 78 0 53
31 28 76 73 10 3 75
84 11 71 50 0 28 44
40 49 69 72 76 3 71
38 80 23 31 28 76 74
84 11 71 46 42 64 31
57 4 47 70 35 46 31
48 71 45 54 23 36 48
15 3 34 52 19 22 20
9 63 9 85 67 73 64
66 27 30 23 32 18 13
71 58 27 0 36 83 60
71 58 27 44 30 58 41
9 63 9 81 33 16 30
8 13 10 56 85 30 74
30 25 32 29 67 5 49
50 0 28 45 22 35 23
77 0 60 36 39 74 41
28 14 27 19 72 1 63
72 76 3 82 6 37 77
69 62 37 18 75 23 19
18 75 23 9 63 9 18
73 10 3 9 63 9 53
2 51 73 39 5 22 68
0 36 83 48 71 45 51
49 80 46 12 82 13 33
32 27 18 19 72 1 48
29 67 5 14 52 14 17
46 42 64 44 30 58 13
44 30 58 57 4 47 28
75 63 32 38 80 23 19
26 76 18 37 31 26 45
35 83 31 43 14 53 72
76 21 79 74 73 4 91
10 13 69 45 22 35 35
8 13 10 71 58 27 48
35 83 31 69 62 37 21
8 13 10 5 53 81 81
81 33 16 33 74 82 77
43 14 53 32 27 18 37
65 5 52 22 81 37 77
14 52 14 75 63 32 21
1 30 50 57 4 47 26
62 30 40 18 75 23 48
50 0 28 18 75 23 75
24 50 56 34 9 2 67
19 72 1 10 13 69 90
67 78 0 5 53 81 84
83 7 73 75 63 32 69
57 4 47 5 53 81 59
15 3 34 78 63 12 63
41 48 35 3 85 60 44
68 6 4 77 0 60 56
79 65 11 63 75 70 59
10 13 69 1 30 50 25
47 77 3 70 35 46 60
19 72 1 83 7 73 97
74 73 4 77 0 60 92
48 71 45 24 50 56 23
25 21 26 80 7 27 14
46 42 64 78 63 12 56
30 25 32 16 71 47 48
28 14 27 69 62 37 49
33 74 82 30 25 32 70
27 7 5 22 81 37 80
16 71 47 38 80 23 25
57 4 47 62 30 40 26
26 76 18 0 36 83 76
25 21 26 82 6 37 18
21 47 31 41 48 35 4
11 24 50 34 9 2 50
24 50 56 63 75 70 28
74 73 4 24 50 56 56
40 49 69 82 6 37 53
54 23 36 28 14 27 12
37 31 26 74 73 4 47
53 72 60 34 9 2 85
47 77 3 8 13 10 64
23 32 18 3 85 60 67
22 81 37 5 53 81 52
14 52 14 72 76 3 26
12 82 13 27 7 5 75
50 0 28 48 71 45 73
19 72 1 70 35 46 58
30 25 32 40 49 69 44
20 82 72 1 30 50 56
21 47 31 39 5 22 42
30 25 32 6 78 6 59
34 9 2 16 71 47 76
50 0 28 64 1 28 1
17 3 83 40 49 69 48
22 81 37 71 58 27 25
8 13 10 62 30 40 34
24 50 56 49 80 46 31
49 80 46 65 5 52 75
33 74 82 45 22 35 70
84 11 71 10 13 69 2
36 39 74 11 24 50 28
35 83 31 37 31 26 52
68 6 4 83 7 73 69
77 0 60 6 78 6 94
76 21 79 15 3 34 48
44 30 58 56 85 30 61
77 0 60 58 2 24 36
32 27 18 61 14 38 23
25 21 26 79 65 11 46
4 27 10 46 42 64 56
44 30 58 60 79 5 72
56 85 30 72 76 3 28
50 0 28 47 77 3 80
14 52 14 8 13 10 39
36 39 74 24 50 56 21
25 21 26 77 0 60 39
78 63 12 0 36 83 75
10 13 69 66 27 30 41
1 30 50 69 62 37 34
52 19 22 64 1 28 18
60 79 5 17 3 83 108
58 2 24 57 4 47 23
8 13 10 11 24 50 41
21 47 31 36 39 74 43
5 53 81 11 24 50 42
28 14 27 29 67 5 57
45 22 35 62 30 40 9
34 9 2 39 5 22 20
37 31 26 36 39 74 48
19 72 1 17 3 83 107
42 35 65 64 1 28 50
25 21 26 37 31 26 10
23 32 18 64 1 28 32
67 78 0 36 39 74 83
30 25 32 56 85 30 60
19 72 1 11 24 50 68
54 23 36 13 76 44 53
72 76 3 6 78 6 3
45 22 35 1 30 50 17
78 63 12 29 67 5 8
52 19 22 8 13 10 13
73 10 3 76 21 79 76
0 36 83 35 83 31 70
35 83 31 71 58 27 25
42 35 65 20 82 72 47
50 0 28 59 12 3 27
4 27 10 1 30 50 40
67 78 0 76 21 79 97
15 3 34 49 80 46 77
17 3 83 85 67 73 64
2 51 73 20 82 72 31
47 77 3 85 67 73 70
46 42 64 54 23 36 33
54 23 36 2 51 73 46
26 76 18 59 12 3 65
39 5 22 44 30 58 43
19 72 1 60 79 5 8
6 78 6 40 49 69 69
19 72 1 74 73 4 3
69 62 37 74 73 4 34
27 7 5 78 63 12 56
16 71 47 69 62 37 13
3 85 60 83 7 73 79
0 36 83 72 76 3 89
5 53 81 7 52 35 46
50 0 28 81 33 16 35
76 21 79 34 9 2 77
11 24 50 31 28 76 26
10 13 69 35 83 31 79
43 14 53 68 6 4 49
77 0 60 70 35 46 37
13 76 44 43 14 53 62
65 5 52 84 11 71 19
72 76 3 50 0 28 80
28 14 27 8 13 10 17
50 0 28 31 28 76 55
58 2 24 2 51 73 69
41 48 35 75 63 32 15
47 77 3 19 72 1 5
7 52 35 16 71 47 22
14 52 14 62 30 40 34
48 71 45 6 78 6 39
3 85 60 14 52 14 56
81 33 16 20 82 72 74
46 42 64 30 25 32 36
5 53 81 78 63 12 69
34 9 2 52 19 22 22
36 39 74 40 49 69 11
47 77 3 20 82 72 69
68 6 4 2 51 73 82
33 74 82 1 30 50 54
65 5 52 10 13 69 18
13 76 44 31 28 76 57
16 71 47 46 42 64 33
50 0 28 38 80 23 80
63 75 70 78 63 12 59
28 14 27 38 80 23 66
76 21 79 45 22 35 44
83 7 73 11 24 50 28
34 9 2 33 74 82 103
56 85 30 53 72 60 32
11 24 50 51 69 44 45
22 81 37 52 19 22 63
47 77 3 46 42 64 70
72 76 3 67 78 0 3
48 71 45 40 49 69 32
31 28 76 5 53 81 25
8 13 10 54 23 36 27
53 72 60 76 21 79 54
6 78 6 53 72 60 54
47 77 3 25 21 26 60
0 36 83 47 77 3 89
52 19 22 42 35 65 45
14 52 14 7 52 35 21
38 80 23 73 10 3 72
42 35 65 36 39 74 9
6 78 6 83 7 73 97
28 14 27 26 76 18 62
45 22 35 4 27 10 25
20 82 72 19 72 1 71
54 23 36 7 52 35 29
72 76 3 66 27 30 55
49 80 46 20 82 72 26
48 71 45 67 78 0 45
28 14 27 36 39 74 53
29 67 5 77 0 60 86
53 72 60 43 14 53 58
2 51 73 7 52 35 38
44 30 58 48 71 45 43
20 82 72 44 30 58 53
79 65 11 77 0 60 81
68 6 4 0 36 83 84
48 71 45 74 73 4 41
10 13 69 39 5 22 47
54 23 36 14 52 14 36
26 76 18 67 78 0 18
40 49 69 29 67 5 66
10 13 69 36 39 74 26
58 2 24 8 13 10 17
65 5 52 19 72 1 84
74 73 4 51 69 44 40
10 13 69 33 74 82 62
71 58 27 32 27 18 32
55 85 22 25 21 26 64
57 4 47 82 6 37 10
79 65 11 61 14 38 57
21 47 31 55 85 22 39
66 27 30 6 78 6 56
31 28 76 37 31 26 50
72 76 3 85 67 73 70
18 75 23 3 85 60 38
33 74 82 46 42 64 36
64 1 28 79 65 11 66
29 67 5 60 79 5 12
82 6 37 79 65 11 64
62 30 40 48 71 45 41
16 71 47 12 82 13 35
21 47 31 82 6 37 41
67 78 0 59 12 3 66
27 7 5 19 72 1 65
27 7 5 35 83 31 80
70 35 46 75 63 32 31
13 76 44 36 39 74 47
16 71 47 10 13 69 62
75 63 32 72 76 3 31
18 75 23 51 69 44 21
76 21 79 82 6 37 44
80 7 27 44 30 58 38
11 24 50 69 62 37 40
48 71 45 32 27 18 51
40 49 69 62 30 40 34
62 30 40 6 78 6 58
16 71 47 74 73 4 43
31 28 76 9 63 9 75
0 36 83 4 27 10 73
63 75 70 46 42 64 33
18 75 23 77 0 60 83
81 33 16 40 49 69 55
82 6 37 48 71 45 65
32 27 18 0 36 83 65
75 63 32 37 31 26 32
60 79 5 53 72 60 55
46 42 64 73 10 3 68
68 6 4 73 10 3 4
7 52 35 84 11 71 54
82 6 37 67 78 0 80
19 72 1 38 80 23 23
71 58 27 60 79 5 30
44 30 58 33 74 82 50
39 5 22 6 78 6 74
4 27 10 26 76 18 49
61 14 38 73 10 3 35
15 3 34 2 51 73 61
63 75 70 16 71 47 23
23 32 18 21 47 31 19
1 30 50 56 85 30 58
55 85 22 1 30 50 61
42 35 65 67 78 0 77
46 42 64 37 31 26 39
21 47 31 25 21 26 26
6 78 6 25 21 26 60
47 77 3 53 72 60 57
34 9 2 71 58 27 55
33 74 82 8 13 10 94
1 30 50 30 25 32 18
1 30 50 42 35 65 15
45 22 35 38 80 23 59
19 72 1 14 52 14 23
62 30 40 23 32 18 22
41 48 35 5 53 81 46
85 67 73 20 82 72 15
37 31 26 32 27 18 8
5 53 81 15 3 34 68
35 83 31 30 25 32 58
81 33 16 68 6 4 29
1 30 50 73 10 3 51
46 42 64 83 7 73 36
40 49 69 39 5 22 64
60 79 5 38 80 23 18
60 79 5 62 30 40 60
59 12 3 40 49 69 75
61 14 38 9 63 9 56
19 72 1 13 76 44 43
80 7 27 4 27 10 26
62 30 40 85 67 73 49
64 1 28 41 48 35 47
7 52 35 47 77 3 40
23 32 18 42 35 65 47
70 35 46 20 82 72 53
46 42 64 49 80 46 42
37 31 26 9 63 9 36
64 1 28 19 72 1 75
70 35 46 30 25 32 17
70 35 46 10 13 69 31
79 65 11 44 30 58 58
12 82 13 74 73 4 12
61 14 38 57 4 47 13
7 52 35 71 58 27 10
47 77 3 35 83 31 28
55 85 22 35 83 31 9
21 47 31 46 42 64 33
50 0 28 56 85 30 85
72 76 3 71 58 27 30
20 82 72 3 85 60 12
78 63 12 9 63 9 3
28 14 27 57 4 47 22
66 27 30 42 35 65 35
53 72 60 11 24 50 49
0 36 83 19 72 1 89
64 1 28 35 83 31 82
17 3 83 82 6 37 46
53 72 60 20 82 72 15
63 75 70 22 81 37 33
70 35 46 8 13 10 42
49 80 46 7 52 35 30
48 71 45 65 5 52 66
16 71 47 64 1 28 72
18 75 23 49 80 46 23
71 58 27 80 7 27 51
39 5 22 29 67 5 64
17 3 83 36 39 74 37
41 48 35 9 63 9 30
28 14 27 63 75 70 74
22 81 37 72 76 3 34
27 7 5 1 30 50 50
71 58 27 40 49 69 42
71 58 27 59 12 3 51
64 1 28 31 28 76 55
22 81 37 37 31 26 51
67 78 0 21 47 31 43
4 27 10 82 6 37 34
4 27 10 81 33 16 8
53 72 60 81 33 16 58
4 27 10 43 14 53 44
75 63 32 51 69 44 13
59 12 3 70 35 46 48
56 85 30 61 14 38 71
0 36 83 75 63 32 57
77 0 60 69 62 37 66
44 30 58 4 27 10 48
28 14 27 42 35 65 43
84 11 71 15 3 34 37
4 27 10 32 27 18 8
56 85 30 7 52 35 33
44 30 58 27 7 5 57
66 27 30 67 78 0 59
47 77 3 2 51 73 74
64 1 28 22 81 37 80
6 78 6 22 81 37 31
45 22 35 72 76 3 62
27 7 5 18 75 23 70
21 47 31 24 50 56 25
79 65 11 62 30 40 45
6 78 6 38 80 23 17
50 0 28 78 63 12 65
11 24 50 21 47 31 29
63 75 70 37 31 26 62
81 33 16 46 42 64 48
39 5 22 48 71 45 69
72 76 3 24 50 56 59
83 7 73 55 85 22 93
75 63 32 47 77 3 32
36 39 74 26 76 18 67
28 14 27 43 14 53 26
58 2 24 22 81 37 80
26 76 18 63 75 70 52
31 28 76 7 52 35 47
43 14 53 34 9 2 51
35 83 31 11 24 50 61
56 85 30 47 77 3 28
74 73 4 62 30 40 56
6 78 6 60 79 5 1
64 1 28 4 27 10 31
53 72 60 82 6 37 69
75 63 32 34 9 2 61
6 78 6 34 9 2 69
8 13 10 34 9 2 8
3 85 60 7 52 35 41
41 48 35 56 85 30 37
46 42 64 18 75 23 52
29 67 5 65 5 52 77
54 23 36 37 31 26 12
56 85 30 28 14 27 71
32 27 18 69 62 37 39
25 21 26 63 75 70 69
20 82 72 41 48 35 50
43 14 53 0 36 83 37
3 85 60 5 53 81 38
44 30 58 58 2 24 44
29 67 5 74 73 4 6
80 7 27 35 83 31 76
6 78 6 36 39 74 78
6 78 6 73 10 3 68
59 12 3 85 67 73 89
76 21 79 54 23 36 43
38 80 23 55 85 22 5
34 9 2 0 36 83 85
58 2 24 37 31 26 29
25 21 26 4 27 10 17
85 67 73 56 85 30 46
18 75 23 59 12 3 66
58 2 24 79 65 11 64
25 21 26 29 67 5 50
21 47 31 49 80 46 36
52 19 22 68 6 4 22
13 76 44 78 63 12 34
45 22 35 36 39 74 42
24 50 56 3 85 60 35
49 80 46 48 71 45 9
5 53 81 36 39 74 15
51 69 44 36 39 74 42
37 31 26 62 30 40 14
25 21 26 41 48 35 28
70 35 46 2 51 73 31
8 13 10 40 49 69 69
47 77 3 24 50 56 59
82 6 37 14 52 14 51
79 65 11 11 24 50 56
38 80 23 74 73 4 20
75 63 32 57 4 47 60
18 75 23 43 14 53 67
17 3 83 14 52 14 84
32 27 18 72 76 3 51
15 3 34 79 65 11 66
57 4 47 65 5 52 5
8 13 10 69 62 37 55
30 25 32 44 30 58 26
67 78 0 8 13 10 65
43 14 53 67 78 0 83
43 14 53 50 0 28 28
72 76 3 80 7 27 73
38 80 23 0 36 83 74
39 5 22 50 0 28 7
4 27 10 52 19 22 14
27 7 5 66 27 30 32
17 3 83 11 24 50 39
29 67 5 47 77 3 10
37 31 26 69 62 37 32
26 76 18 54 23 36 55
79 65 11 23 32 18 33
26 76 18 1 30 50 56
40 49 69 31 28 76 22
45 22 35 27 7 5 33
7 52 35 42 35 65 34
55 85 22 42 35 65 65
19 72 1 26 76 18 17
52 19 22 49 80 46 65
37 31 26 64 1 28 30
17 3 83 24 50 56 54
74 73 4 73 10 3 63
11 24 50 66 27 30 20
78 63 12 35 83 31 27
19 72 1 35 83 31 31
24 50 56 57 4 47 46
41 48 35 17 3 83 65
70 35 46 7 52 35 20
34 9 2 78 63 12 54
25 21 26 11 24 50 24
52 19 22 53 72 60 65
78 63 12 16 71 47 35
52 19 22 46 42 64 47
28 14 27 52 19 22 7
19 72 1 21 47 31 39
54 23 36 62 30 40 8
77 0 60 72 76 3 95
59 12 3 4 27 10 16
63 75 70 51 69 44 26
47 77 3 12 82 13 11
82 6 37 71 58 27 52
79 65 11 71 58 27 17
81 33 16 74 73 4 41
12 82 13 78 63 12 19
22 81 37 16 71 47 14
23 32 18 57 4 47 40
12 82 13 32 27 18 55
19 72 1 78 63 12 14
28 14 27 0 36 83 60
22 81 37 81 33 16 52
61 14 38 72 76 3 71
36 39 74 2 51 73 12
38 80 23 25 21 26 59
45 22 35 57 4 47 21
40 49 69 53 72 60 24
47 77 3 6 78 6 3
56 85 30 70 35 46 52
68 6 4 79 65 11 59
38 80 23 66 27 30 53
57 4 47 31 28 76 37
56 85 30 16 71 47 22
24 50 56 26 76 18 46
54 23 36 85 67 73 57
74 73 4 61 14 38 68
21 47 31 48 71 45 27
83 7 73 50 0 28 45
58 2 24 42 35 65 52
43 14 53 27 7 5 48
55 85 22 24 50 56 48
18 75 23 73 10 3 68
19 72 1 82 6 37 75
73 10 3 64 1 28 26
65 5 52 2 51 73 50
59 12 3 6 78 6 66
5 53 81 52 19 22 68
33 74 82 57 4 47 78
82 6 37 41 48 35 42
81 33 16 27 7 5 28
47 77 3 51 69 44 41
70 35 46 65 5 52 30
53 72 60 55 85 22 40
16 71 47 37 31 26 45
71 58 27 47 77 3 30
2 51 73 82 6 37 57
10 13 69 80 7 27 42
57 4 47 3 85 60 82
27 7 5 6 78 6 71
18 75 23 83 7 73 84
66 27 30 51 69 44 44
45 22 35 74 73 4 59
56 85 30 37 31 26 54
72 76 3 29 67 5 9
32 27 18 60 79 5 53
68 6 4 66 27 30 33
16 71 47 65 5 52 66
55 85 22 43 14 53 77
29 67 5 41 48 35 35
82 6 37 50 0 28 10
50 0 28 30 25 32 25
24 50 56 37 31 26 35
78 63 12 73 10 3 53
7 52 35 77 0 60 57
38 80 23 24 50 56 44
66 27 30 40 49 69 44
48 71 45 31 28 76 53
8 13 10 75 63 32 54
38 80 23 22 81 37 14
18 75 23 15 3 34 72
54 23 36 17 3 83 51
15 3 34 45 22 35 19
81 33 16 15 3 34 34
66 27 30 20 82 72 69
47 77 3 38 80 23 20
59 12 3 17 3 83 80
46 42 64 35 83 31 52
74 73 4 54 23 36 59
39 5 22 43 14 53 32
43 14 53 7 52 35 42
59 12 3 7 52 35 51
51 69 44 81 33 16 45
10 13 69 42 35 65 22
53 72 60 31 28 76 46
33 74 82 85 67 73 11
70 35 46 84 11 71 34
50 0 28 58 2 24 4
28 14 27 9 63 9 52
63 75 70 74 73 4 66
10 13 69 52 19 22 47
57 4 47 12 82 13 85
14 52 14 30 25 32 32
51 69 44 53 72 60 16
73 10 3 85 67 73 90
74 73 4 30 25 32 55
46 42 64 39 5 22 55
64 1 28 15 3 34 6
39 5 22 51 69 44 67
7 52 35 57 4 47 49
81 33 16 37 31 26 10
75 63 32 21 47 31 16
13 76 44 52 19 22 61
51 69 44 14 52 14 34
56 85 30 45 22 35 63
14 52 14 37 31 26 24
41 48 35 54 23 36 25
55 85 22 44 30 58 65
28 14 27 14 52 14 40
78 63 12 10 13 69 75
37 31 26 38 80 23 49
58 2 24 13 76 44 76
41 48 35 52 19 22 31
80 7 27 70 35 46 33
43 14 53 84 11 71 18
35 83 31 21 47 31 36
83 7 73 72 76 3 98
27 7 5 39 5 22 17
17 3 83 81 33 16 73
15 3 34 39 5 22 12
18 75 23 13 76 44 21
22 81 37 49 80 46 9
22 81 37 59 12 3 76
25 21 26 45 22 35 9
60 79 5 82 6 37 79
84 11 71 3 85 60 74
30 25 32 20 82 72 69
81 33 16 26 76 18 43
10 13 69 31 28 76 16
19 72 1 75 63 32 32
44 30 58 42 35 65 8
67 78 0 10 13 69 94
38 80 23 64 1 28 79
52 19 22 6 78 6 61
36 39 74 81 33 16 58
67 78 0 79 65 11 17
54 23 36 57 4 47 21
47 77 3 72 76 3 1
72 76 3 3 85 60 57
44 30 58 63 75 70 46
36 39 74 53 72 60 35
65 5 52 38 80 23 80
42 35 65 85 67 73 32
72 76 3 62 30 40 59
46 42 64 14 52 14 50
54 23 36 77 0 60 33
31 28 76 80 7 27 53
0 36 83 59 12 3 83
78 63 12 11 24 50 54
0 36 83 51 69 44 51
38 80 23 26 76 18 6
24 50 56 39 5 22 56
66 27 30 25 21 26 7
4 27 10 83 7 73 66
67 78 0 31 28 76 90
9 63 9 62 30 40 45
1 30 50 48 71 45 41
12 82 13 63 75 70 57
20 82 72 26 76 18 54
29 67 5 70 35 46 52
11 24 50 32 27 18 32
83 7 73 27 7 5 68
49 80 46 16 71 47 9
26 76 18 65 5 52 78
22 81 37 43 14 53 68
3 85 60 32 27 18 71
24 50 56 45 22 35 35
23 32 18 55 85 22 53
65 5 52 17 3 83 31
81 33 16 0 36 83 67
22 81 37 3 85 60 23
10 13 69 59 12 3 66
35 83 31 26 76 18 14
48 71 45 18 75 23 22
41 48 35 42 35 65 32
75 63 32 68 6 4 63
35 83 31 41 48 35 35
30 25 32 82 6 37 19
54 23 36 75 63 32 40
73 10 3 65 5 52 49
9 63 9 8 13 10 50
32 27 18 9 63 9 37
17 3 83 26 76 18 97
65 5 52 30 25 32 28
40 49 69 15 3 34 57
41 48 35 47 77 3 43
58 2 24 48 71 45 72
20 82 72 39 5 22 91
85 67 73 13 76 44 30
26 76 18 58 2 24 74
44 30 58 16 71 47 42
1 30 50 81 33 16 34
11 24 50 67 78 0 73
49 80 46 72 76 3 43
69 62 37 76 21 79 58
1 30 50 61 14 38 20
74 73 4 59 12 3 61
43 14 53 38 80 23 72
27 7 5 59 12 3 5
36 39 74 82 6 37 49
36 39 74 9 63 9 69
11 24 50 39 5 22 33
43 14 53 63 75 70 63
54 23 36 84 11 71 37
67 78 0 29 67 5 12
1 30 50 28 14 27 28
61 14 38 69 62 37 48
46 42 64 0 36 83 19
48 71 45 59 12 3 72
34 9 2 68 6 4 3
0 36 83 11 24 50 35
70 35 46 54 23 36 15
12 82 13 21 47 31 39
6 78 6 70 35 46 58
51 69 44 65 5 52 64
54 23 36 32 27 18 18
81 33 16 65 5 52 45
8 13 10 21 47 31 39
18 75 23 10 13 69 77
72 76 3 16 71 47 44
9 63 9 21 47 31 27
41 48 35 8 13 10 43
77 0 60 13 76 44 77
82 6 37 46 42 64 45
7 52 35 55 85 22 35
22 81 37 18 75 23 15
51 69 44 12 82 13 33
38 80 23 85 67 73 51
66 27 30 78 63 12 40
79 65 11 37 31 26 37
11 24 50 16 71 47 47
55 85 22 39 5 22 80
52 19 22 43 14 53 31
44 30 58 45 22 35 24
27 7 5 67 78 0 71
40 49 69 27 7 5 76
7 52 35 21 47 31 6
33 74 82 0 36 83 38
59 12 3 32 27 18 21
24 50 56 10 13 69 39
43 14 53 79 65 11 66
47 77 3 44 30 58 72
62 30 40 24 50 56 25
10 13 69 58 2 24 46
5 53 81 29 67 5 77
70 35 46 5 53 81 39
10 13 69 15 3 34 36
23 32 18 68 6 4 29
24 50 56 2 51 73 17
7 52 35 1 30 50 26
54 23 36 27 7 5 34
33 74 82 70 35 46 53
38 80 23 9 63 9 22
83 7 73 13 76 44 74
1 30 50 58 2 24 38
6 78 6 14 52 14 27
66 27 30 52 19 22 11
26 76 18 32 27 18 49
11 24 50 63 75 70 54
31 28 76 85 67 73 39
4 27 10 76 21 79 69
69 62 37 23 32 18 35
10 13 69 81 33 16 56
77 0 60 16 71 47 72
6 78 6 55 85 22 17
25 21 26 40 49 69 51
11 24 50 58 2 24 34
30 25 32 45 22 35 4
38 80 23 52 19 22 61
55 85 22 14 52 14 33
80 7 27 67 78 0 75
71 58 27 61 14 38 45
15 3 34 77 0 60 26
66 27 30 41 48 35 21
36 39 74 83 7 73 32
52 19 22 36 39 74 55
34 9 2 13 76 44 79
11 24 50 54 23 36 14
18 75 23 1 30 50 52
27 7 5 55 85 22 79
40 49 69 28 14 27 54
81 33 16 5 53 81 68
1 30 50 70 35 46 6
84 11 71 16 71 47 64
2 51 73 73 10 3 81
82 6 37 65 5 52 15
63 75 70 42 35 65 40
59 12 3 37 31 26 29
24 50 56 29 67 5 53
17 3 83 77 0 60 23
65 5 52 11 24 50 19
26 76 18 7 52 35 29
21 47 31 81 33 16 20
43 14 53 48 71 45 57
83 7 73 70 35 46 38
41 48 35 77 0 60 54
14 52 14 24 50 56 42
3 85 60 49 80 46 14
3 85 60 77 0 60 85
80 7 27 32 27 18 21
76 21 79 11 24 50 29
85 67 73 71 58 27 46
32 27 18 17 3 83 69
0 36 83 45 22 35 50
29 67 5 63 75 70 65
60 79 5 84 11 71 94
8 13 10 1 30 50 43
58 2 24 4 27 10 28
73 10 3 13 76 44 77
75 63 32 74 73 4 29
7 52 35 61 14 38 38
54 23 36 65 5 52 24
46 42 64 11 24 50 22
39 5 22 64 1 28 7
3 85 60 21 47 31 47
27 7 5 51 69 44 73
22 81 37 25 21 26 61
66 27 30 79 65 11 42
68 6 4 15 3 34 30
72 76 3 17 3 83 108
70 35 46 22 81 37 46
58 2 24 27 7 5 19
10 13 69 49 80 46 70
72 76 3 76 21 79 93
39 5 22 73 10 3 19
8 13 10 74 73 4 60
56 85 30 29 67 5 30
55 85 22 63 75 70 49
46 42 64 60 79 5 69
42 35 65 32 27 18 47
68 6 4 18 75 23 71
4 27 10 73 10 3 18
65 5 52 13 76 44 71
63 75 70 53 72 60 10
64 1 28 57 4 47 19
82 6 37 15 3 34 4
19 72 1 22 81 37 37
29 67 5 61 14 38 62
69 62 37 53 72 60 25
61 14 38 16 71 47 57
3 85 60 34 9 2 95
6 78 6 2 51 73 72
38 80 23 4 27 10 54
84 11 71 11 24 50 24
48 71 45 83 7 73 69
39 5 22 5 53 81 76
16 71 47 75 63 32 17
26 76 18 56 85 30 15
68 6 4 13 76 44 80
65 5 52 45 22 35 24
61 14 38 68 6 4 34
27 7 5 21 47 31 47
55 85 22 17 3 83 102
28 14 27 76 21 79 52
60 79 5 23 32 18 48
28 14 27 31 28 76 50
33 74 82 78 63 12 70
64 1 28 14 52 14 52
34 9 2 46 42 64 70
44 30 58 66 27 30 28
27 7 5 23 32 18 28
11 24 50 71 58 27 41
79 65 11 80 7 27 60
50 0 28 71 58 27 58
59 12 3 2 51 73 80
52 19 22 70 35 46 28
13 76 44 25 21 26 57
11 24 50 44 30 58 10
72 76 3 27 7 5 69
15 3 34 8 13 10 26
85 67 73 26 76 18 55
7 52 35 60 79 5 40
42 35 65 71 58 27 44
42 35 65 48 71 45 41
3 85 60 85 67 73 22
76 21 79 22 81 37 73
67 78 0 53 72 60 60
77 0 60 1 30 50 31
6 78 6 45 22 35 63
66 27 30 54 23 36 7
60 79 5 48 71 45 40
29 67 5 19 72 1 6
18 75 23 26 76 18 5
23 32 18 2 51 73 58
55 85 22 26 76 18 9
40 49 69 43 14 53 38
78 63 12 1 30 50 50
79 65 11 13 76 44 34
35 83 31 56 85 30 2
70 35 46 42 35 65 19
23 32 18 75 63 32 34
67 78 0 40 49 69 74
85 67 73 14 52 14 60
31 28 76 45 22 35 41
17 3 83 58 2 24 59
79 65 11 9 63 9 2
83 7 73 34 9 2 71
2 51 73 33 74 82 24
33 74 82 20 82 72 12
69 62 37 0 36 83 52
30 25 32 31 28 76 44
68 6 4 42 35 65 67
55 85 22 78 63 12 24
76 21 79 78 63 12 79
4 27 10 40 49 69 62
24 50 56 5 53 81 25
18 75 23 84 11 71 80
51 69 44 52 19 22 54
1 30 50 62 30 40 10
8 13 10 77 0 60 51
44 30 58 83 7 73 27
0 36 83 25 21 26 58
69 62 37 79 65 11 26
80 7 27 63 75 70 80
26 76 18 77 0 60 86
80 7 27 74 73 4 69
43 14 53 41 48 35 38
18 75 23 81 33 16 42
1 30 50 37 31 26 24
24 50 56 60 79 5 58
32 27 18 22 81 37 57
57 4 47 76 21 79 36
44 30 58 14 52 14 49
32 27 18 14 52 14 25
2 51 73 46 42 64 12
79 65 11 72 76 3 13
17 3 83 39 5 22 61
61 14 38 85 67 73 63
65 5 52 8 13 10 42
24 50 56 83 7 73 46
80 7 27 36 39 74 56
17 3 83 67 78 0 111
14 52 14 58 2 24 50
60 79 5 33 74 82 77
69 62 37 40 49 69 34
58 2 24 55 85 22 83
39 5 22 36 39 74 62
37 31 26 12 82 13 52
52 19 22 3 85 60 76
50 0 28 37 31 26 31
80 7 27 2 51 73 63
82 6 37 1 30 50 27
35 83 31 85 67 73 44
30 25 32 32 27 18 14
16 71 47 29 67 5 42
64 1 28 21 47 31 46
81 33 16 49 80 46 55
14 52 14 1 30 50 42
20 82 72 75 63 32 44
77 0 60 81 33 16 55
23 32 18 46 42 64 47
69 62 37 75 63 32 5
77 0 60 28 14 27 35
21 47 31 20 82 72 53
43 14 53 24 50 56 36
64 1 28 2 51 73 67
64 1 28 1 30 50 36
62 30 40 13 76 44 46
8 13 10 32 27 18 16
57 4 47 49 80 46 76
71 58 27 33 74 82 57
13 76 44 40 49 69 36
79 65 11 8 13 10 52
35 83 31 75 63 32 20
77 0 60 48 71 45 72
56 85 30 65 5 52 82
42 35 65 72 76 3 74
38 80 23 53 72 60 37
44 30 58 5 53 81 32
80 7 27 18 75 23 68
50 0 28 77 0 60 32
45 22 35 67 78 0 66
27 7 5 31 28 76 74
61 14 38 47 77 3 72
16 71 47 15 3 34 69
66 27 30 53 72 60 54
62 30 40 59 12 3 41
69 62 37 65 5 52 58
75 63 32 36 39 74 48
79 65 11 16 71 47 36
30 25 32 19 72 1 56
23 32 18 28 14 27 20
55 85 22 45 22 35 64
20 82 72 74 73 4 68
3 85 60 36 39 74 48
70 35 46 66 27 30 17
36 39 74 44 30 58 18
9 63 9 33 74 82 73
29 67 5 83 7 73 90
85 67 73 70 35 46 41
30 25 32 34 9 2 34
15 3 34 20 82 72 87
5 53 81 20 82 72 30
7 52 35 58 2 24 51
48 71 45 9 63 9 36
48 71 45 47 77 3 42
6 78 6 43 14 53 79
80 7 27 38 80 23 73
30 25 32 24 50 56 34
57 4 47 20 82 72 81
18 75 23 7 52 35 25
17 3 83 61 14 38 46
59 12 3 80 7 27 24
7 52 35 33 74 82 51
38 80 23 79 65 11 19
53 72 60 0 36 83 42
57 4 47 25 21 26 27
30 25 32 51 69 44 45
18 75 23 82 6 37 70
63 75 70 73 10 3 93
78 63 12 31 28 76 72
22 81 37 42 35 65 53
30 25 32 76 21 79 47
21 47 31 38 80 23 33
10 13 69 50 0 28 43
5 53 81 19 72 1 82
79 65 11 70 35 46 46
38 80 23 27 7 5 75
84 11 71 47 77 3 94
23 32 18 63 75 70 67
7 52 35 0 36 83 50
1 30 50 36 39 74 25
54 23 36 68 6 4 36
4 27 10 30 25 32 22
40 49 69 70 35 46 26
53 72 60 80 7 27 72
72 76 3 73 10 3 66
84 11 71 40 49 69 38
68 6 4 46 42 64 69
30 25 32 59 12 3 31
45 22 35 68 6 4 34
68 6 4 9 63 9 57
0 36 83 15 3 34 59
14 52 14 4 27 10 25
47 77 3 62 30 40 59
19 72 1 8 13 10 59
2 51 73 69 62 37 37
30 25 32 75 63 32 38
12 82 13 67 78 0 13
7 52 35 25 21 26 32
14 52 14 77 0 60 69
48 71 45 53 72 60 15
0 36 83 55 85 22 78
55 85 22 41 48 35 39
54 23 36 3 85 60 66
48 71 45 51 69 44 2
7 52 35 66 27 30 25
70 35 46 4 27 10 36
62 30 40 51 69 44 39
55 85 22 52 19 22 66
33 74 82 40 49 69 28
79 65 11 49 80 46 38
17 3 83 78 63 12 92
42 35 65 29 67 5 68
46 42 64 13 76 44 39
29 67 5 57 4 47 75
47 77 3 17 3 83 108
3 85 60 64 1 28 89
33 74 82 55 85 22 61
6 78 6 29 67 5 11
34 9 2 15 3 34 32
9 63 9 50 0 28 65
14 52 14 21 47 31 17
70 35 46 82 6 37 30
33 74 82 47 77 3 79
58 2 24 64 1 28 4
43 14 53 49 80 46 66
77 0 60 42 35 65 35
16 71 47 4 27 10 57
2 51 73 26 76 18 60
62 30 40 63 75 70 54
4 27 10 74 73 4 46
29 67 5 50 0 28 70
53 72 60 46 42 64 30
23 32 18 73 10 3 26
81 33 16 28 14 27 21
44 30 58 69 62 37 38
7 52 35 11 24 50 31
45 22 35 9 63 9 48
43 14 53 33 74 82 66
62 30 40 31 28 76 36
31 28 76 3 85 60 59
21 47 31 28 14 27 33
16 71 47 70 35 46 36
31 28 76 36 39 74 11
54 23 36 83 7 73 40
53 72 60 41 48 35 34
68 6 4 36 39 74 77
50 0 28 14 52 14 53
58 2 24 39 5 22 3
12 82 13 4 27 10 55
83 7 73 67 78 0 101
13 76 44 82 6 37 70
22 81 37 10 13 69 75
54 23 36 40 49 69 42
64 1 28 75 63 32 62
26 76 18 16 71 47 29
30 25 32 22 81 37 56
77 0 60 35 83 31 87
61 14 38 23 32 18 26
64 1 28 68 6 4 24
72 76 3 30 25 32 58
80 7 27 62 30 40 26
56 85 30 4 27 10 61
3 85 60 71 58 27 42
10 13 69 83 7 73 7
60 79 5 55 85 22 18
71 58 27 26 76 18 20
28 14 27 34 9 2 25
27 7 5 2 51 73 80
32 27 18 25 21 26 10
25 21 26 68 6 4 26
34 9 2 61 14 38 36
37 31 26 11 24 50 25
33 74 82 75 63 32 51
43 14 53 26 76 18 71
77 0 60 49 80 46 81
17 3 83 29 67 5 100
85 67 73 81 33 16 66
74 73 4 21 47 31 37
41 48 35 62 30 40 18
70 35 46 55 85 22 55
43 14 53 70 35 46 22
0 36 83 13 76 44 55
41 48 35 69 62 37 14
67 78 0 55 85 22 23
47 77 3 54 23 36 63
6 78 6 35 83 31 25
2 51 73 10 13 69 38
43 14 53 76 21 79 26
64 1 28 12 82 13 82
10 13 69 46 42 64 29
74 73 4 41 48 35 39
63 75 70 30 25 32 62
42 35 65 81 33 16 49
15 3 34 30 25 32 22
44 30 58 51 69 44 41
28 14 27 85 67 73 70
64 1 28 47 77 3 80
46 42 64 19 72 1 69
54 23 36 58 2 24 24
35 83 31 16 71 47 20
44 30 58 54 23 36 23
69 62 37 26 76 18 23
15 3 34 19 72 1 76
56 85 30 81 33 16 53
84 11 71 17 3 83 14
57 4 47 67 78 0 87
60 79 5 35 83 31 26
54 23 36 55 85 22 63
28 14 27 15 3 34 13
71 58 27 9 63 9 18
13 76 44 56 85 30 16
12 82 13 5 53 81 73
29 67 5 7 52 35 33
34 9 2 51 69 44 73
20 82 72 59 12 3 98
38 80 23 13 76 44 21
8 13 10 36 39 74 69
11 24 50 48 71 45 47
40 49 69 83 7 73 42
84 11 71 57 4 47 25
19 72 1 49 80 46 45
51 69 44 26 76 18 26
29 67 5 21 47 31 32
29 67 5 12 82 13 17
25 21 26 83 7 73 49
49 80 46 34 9 2 83
23 32 18 39 5 22 27
37 31 26 65 5 52 36
35 83 31 67 78 0 31
36 39 74 57 4 47 44
4 27 10 28 14 27 21
58 2 24 76 21 79 58
53 72 60 59 12 3 82
74 73 4 35 83 31 28
56 85 30 52 19 22 66
73 10 3 10 13 69 66
60 79 5 61 14 38 72
43 14 53 19 72 1 77
10 13 69 17 3 83 17
20 82 72 78 63 12 62
79 65 11 14 52 14 13
79 65 11 31 28 76 74
30 25 32 7 52 35 27
71 58 27 75 63 32 7
17 3 83 30 25 32 55
46 42 64 38 80 23 55
52 19 22 57 4 47 29
49 80 46 60 79 5 41
75 63 32 42 35 65 43
1 30 50 75 63 32 37
70 35 46 68 6 4 51
79 65 11 41 48 35 29
1 30 50 22 81 37 52
3 85 60 12 82 13 47
44 30 58 10 13 69 20
78 63 12 2 51 73 62
58 2 24 68 6 4 20
51 69 44 73 10 3 71
60 79 5 74 73 4 6
59 12 3 69 62 37 60
59 12 3 12 82 13 70
59 12 3 52 19 22 20
11 24 50 74 73 4 67
78 63 12 36 39 74 66
84 11 71 21 47 31 53
22 81 37 77 0 60 84
64 1 28 49 80 46 81
18 75 23 35 83 31 11
43 14 53 81 33 16 41
5 53 81 0 36 83 17
83 7 73 12 82 13 96
10 13 69 30 25 32 38
67 78 0 46 42 64 73
35 83 31 70 35 46 50
55 85 22 61 14 38 72
22 81 37 45 22 35 59
62 30 40 39 5 22 30
84 11 71 71 58 27 64
36 39 74 15 3 34 53
71 58 27 20 82 72 51
39 5 22 74 73 4 70
4 27 10 60 79 5 52
26 76 18 3 85 60 42
51 69 44 78 63 12 32
46 42 64 48 71 45 34
51 69 44 4 27 10 54
85 67 73 7 52 35 40
43 14 53 75 63 32 53
76 21 79 21 47 31 54
67 78 0 32 27 18 54
0 36 83 52 19 22 63
78 63 12 80 7 27 57
46 42 64 26 76 18 57
59 12 3 3 85 60 92
79 65 11 28 14 27 53
54 23 36 34 9 2 36
23 32 18 30 25 32 15
15 3 34 75 63 32 60
73 10 3 17 3 83 80
67 78 0 30 25 32 61
35 83 31 34 9 2 79
9 63 9 24 50 56 48
82 6 37 59 12 3 34
32 27 18 53 72 60 61
15 3 34 42 35 65 44
73 10 3 24 50 56 66
27 7 5 84 11 71 66
12 82 13 65 5 52 86
76 21 79 41 48 35 51
51 69 44 55 85 22 27
18 75 23 65 5 52 75
38 80 23 57 4 47 79
82 6 37 9 63 9 63
8 13 10 46 42 64 61
46 42 64 12 82 13 64
62 30 40 58 2 24 32
20 82 72 63 75 70 7
76 21 79 83 7 73 15
38 80 23 5 53 81 63
64 1 28 13 76 44 76
2 51 73 76 21 79 30
18 75 23 41 48 35 29
31 28 76 55 85 22 78
15 3 34 14 52 14 52
7 52 35 82 6 37 46
18 75 23 32 27 18 48
5 53 81 68 6 4 90
48 71 45 70 35 46 36
24 50 56 53 72 60 22
26 76 18 66 27 30 50
45 22 35 51 69 44 47
60 79 5 21 47 31 41
80 7 27 3 85 60 84
41 48 35 23 32 18 23
82 6 37 27 7 5 32
3 85 60 79 65 11 52
18 75 23 20 82 72 49
39 5 22 83 7 73 51
83 7 73 53 72 60 66
40 49 69 51 69 44 32
11 24 50 73 10 3 49
16 71 47 67 78 0 47
48 71 45 7 52 35 21
13 76 44 24 50 56 28
14 52 14 56 85 30 36
39 5 22 35 83 31 78
12 82 13 31 28 76 82
53 72 60 49 80 46 16
35 83 31 54 23 36 60
8 13 10 55 85 22 72
58 2 24 61 14 38 18
31 28 76 15 3 34 48
82 6 37 56 85 30 79
66 27 30 50 0 28 27
50 0 28 68 6 4 24
82 6 37 22 81 37 75
85 67 73 66 27 30 58
42 35 65 19 72 1 73
73 10 3 84 11 71 68
12 82 13 55 85 22 9
33 74 82 11 24 50 59
56 85 30 54 23 36 62
10 13 69 76 21 79 12
25 21 26 28 14 27 7
19 72 1 2 51 73 75
53 72 60 23 32 18 58
0 36 83 3 85 60 54
39 5 22 47 77 3 74
44 30 58 35 83 31 59
67 78 0 69 62 37 40
11 24 50 10 13 69 21
10 13 69 34 9 2 67
6 78 6 51 69 44 39
12 82 13 62 30 40 58
64 1 28 85 67 73 79
75 63 32 24 50 56 27
79 65 11 1 30 50 52
62 30 40 36 39 74 35
28 14 27 70 35 46 28
55 85 22 28 14 27 71
60 79 5 12 82 13 8
64 1 28 60 79 5 81
76 21 79 35 83 31 78
44 30 58 6 78 6 70
25 21 26 10 13 69 43
60 79 5 14 52 14 28
64 1 28 10 13 69 42
38 80 23 56 85 30 8
50 0 28 0 36 83 65
52 19 22 85 67 73 70
19 72 1 18 75 23 22
48 71 45 41 48 35 25
71 58 27 36 39 74 50
59 12 3 42 35 65 66
77 0 60 82 6 37 23
59 12 3 78 63 12 51
43 14 53 71 58 27 51
77 0 60 11 24 50 26
27 7 5 25 21 26 25
32 27 18 44 30 58 40
7 52 35 63 75 70 41
16 71 47 68 6 4 77
8 13 10 38 80 23 68
37 31 26 3 85 60 63
47 77 3 43 14 53 80
52 19 22 19 72 1 57
19 72 1 41 48 35 41
19 72 1 71 58 27 29
66 27 30 2 51 73 49
5 53 81 72 76 3 81
16 71 47 82 6 37 65
21 47 31 61 14 38 33
73 10 3 35 83 31 78
61 14 38 38 80 23 67
68 6 4 24 50 56 68
1 30 50 15 3 34 31
48 71 45 80 7 27 66
29 67 5 51 69 44 39
18 75 23 25 21 26 54
51 69 44 19 72 1 43
65 5 52 25 21 26 30
75 63 32 67 78 0 35
13 76 44 6 78 6 38
74 73 4 13 76 44 40
85 67 73 51 69 44 29
0 36 83 70 35 46 37
10 13 69 68 6 4 65
58 2 24 12 82 13 80
57 4 47 0 36 83 48
4 27 10 36 39 74 65
68 6 4 53 72 60 86
20 82 72 76 21 79 61
77 0 60 5 53 81 57
65 5 52 74 73 4 83
22 81 37 17 3 83 90
65 5 52 1 30 50 25
56 85 30 74 73 4 28
38 80 23 63 75 70 47
45 22 35 80 7 27 17
55 85 22 4 27 10 59
64 1 28 61 14 38 16
68 6 4 4 27 10 21
44 30 58 12 82 13 68
18 75 23 79 65 11 15
57 4 47 30 25 32 25
49 80 46 33 74 82 36
80 7 27 8 13 10 18
21 47 31 59 12 3 44
22 81 37 11 24 50 58
18 75 23 33 74 82 59
76 21 79 48 71 45 60
82 6 37 49 80 46 74
66 27 30 65 5 52 31
43 14 53 80 7 27 26
53 72 60 18 75 23 37
51 69 44 70 35 46 34
80 7 27 27 7 5 22
84 11 71 36 39 74 28
35 83 31 33 74 82 51
80 7 27 73 10 3 24
2 51 73 60 79 5 73
66 27 30 5 53 81 57
66 27 30 12 82 13 57
63 75 70 72 76 3 67
33 74 82 82 6 37 81
40 49 69 22 81 37 45
74 73 4 85 67 73 69
29 67 5 37 31 26 41
78 63 12 47 77 3 16
42 35 65 84 11 71 24
20 82 72 69 62 37 40
62 30 40 30 25 32 9
4 27 10 72 76 3 49
58 2 24 72 76 3 76
23 32 18 51 69 44 45
45 22 35 3 85 60 67
16 71 47 54 23 36 49
52 19 22 9 63 9 45
40 49 69 12 82 13 65
78 63 12 81 33 16 30
65 5 52 35 83 31 80
41 48 35 33 74 82 53
33 74 82 56 85 30 53
9 63 9 83 7 73 85
34 9 2 47 77 3 68
46 42 64 9 63 9 58
77 0 60 78 63 12 79
26 76 18 9 63 9 15
33 74 82 23 32 18 76
67 78 0 19 72 1 6
68 6 4 69 62 37 65
70 35 46 61 14 38 22
51 69 44 49 80 46 11
3 85 60 70 35 46 51
47 77 3 9 63 9 15
50 0 28 36 39 74 60
73 10 3 40 49 69 76
23 32 18 13 76 44 51
8 13 10 44 30 58 50
26 76 18 57 4 47 77
15 3 34 60 79 5 81
80 7 27 52 19 22 13
0 36 83 58 2 24 68
79 65 11 50 0 28 67
69 62 37 6 78 6 34
13 76 44 41 48 35 29
26 76 18 62 30 40 50
75 63 32 80 7 27 56
4 27 10 8 13 10 14
77 0 60 21 47 31 55
25 21 26 48 71 45 53
7 52 35 20 82 72 47
51 69 44 82 6 37 63
74 73 4 28 14 27 63
71 58 27 49 80 46 29
42 35 65 61 14 38 34
70 35 46 81 33 16 30
4 27 10 65 5 52 47
33 74 82 50 0 28 91
33 74 82 26 76 18 64
33 74 82 65 5 52 75
69 62 37 85 67 73 36
77 0 60 37 31 26 46
39 5 22 82 6 37 15
11 24 50 41 48 35 28
71 58 27 37 31 26 27
71 58 27 73 10 3 53
25 21 26 61 14 38 13
65 5 52 67 78 0 89
84 11 71 62 30 40 36
85 67 73 19 72 1 72
74 73 4 9 63 9 11
30 25 32 58 2 24 24
75 63 32 7 52 35 11
7 52 35 38 80 23 30
18 75 23 21 47 31 29
46 42 64 72 76 3 69
76 21 79 24 50 56 37
33 74 82 21 47 31 57
3 85 60 55 85 22 38
0 36 83 84 11 71 27
3 85 60 40 49 69 37
85 67 73 15 3 34 74
21 47 31 37 31 26 16
50 0 28 52 19 22 19
12 82 13 25 21 26 62
28 14 27 5 53 81 66
14 52 14 39 5 22 47
30 25 32 43 14 53 23
23 32 18 18 75 23 43
11 24 50 45 22 35 15
0 36 83 18 75 23 71
40 49 69 74 73 4 69
3 85 60 13 76 44 18
72 76 3 13 76 44 41
30 25 32 69 62 37 37
83 7 73 38 80 23 88
76 21 79 26 76 18 82
52 19 22 44 30 58 37
12 82 13 77 0 60 94
62 30 40 67 78 0 62
6 78 6 31 28 76 86
41 48 35 39 5 22 44
47 77 3 32 27 18 52
8 13 10 3 85 60 87
65 5 52 5 53 81 56
67 78 0 20 82 72 72
47 77 3 30 25 32 59
9 63 9 4 27 10 36
55 85 22 65 5 52 85
79 65 11 84 11 71 80
45 22 35 2 51 73 47
7 52 35 9 63 9 28
17 3 83 76 21 79 18
42 35 65 73 10 3 66
17 3 83 42 35 65 36
73 10 3 47 77 3 67
9 63 9 42 35 65 62
19 72 1 55 85 22 24
1 30 50 80 7 27 32
78 63 12 61 14 38 55
13 76 44 7 52 35 25
58 2 24 23 32 18 30
8 13 10 10 13 69 59
50 0 28 67 78 0 82
4 27 10 49 80 46 64
9 63 9 70 35 46 46
45 22 35 47 77 3 63
67 78 0 58 2 24 79
67 78 0 85 67 73 73
8 13 10 39 5 22 14
9 63 9 13 76 44 37
44 30 58 72 76 3 71
12 82 13 26 76 18 7
51 69 44 54 23 36 46
1 30 50 12 82 13 63
52 19 22 77 0 60 42
76 21 79 75 63 32 63
19 72 1 61 14 38 68
79 65 11 0 36 83 77
18 75 23 63 75 70 47
83 7 73 21 47 31 58
6 78 6 68 6 4 72
28 14 27 58 2 24 12
54 23 36 80 7 27 18
36 39 74 18 75 23 62
55 85 22 69 62 37 27
58 2 24 46 42 64 56
80 7 27 58 2 24 5
63 75 70 61 14 38 68
29 67 5 48 71 45 40
84 11 71 78 63 12 78
56 85 30 11 24 50 64
83 7 73 52 19 22 52
1 30 50 39 5 22 37
61 14 38 75 63 32 49
65 5 52 52 19 22 33
18 75 23 76 21 79 77
23 32 18 6 78 6 47
40 49 69 14 52 14 55
21 47 31 40 49 69 38
66 27 30 45 22 35 7
22 81 37 23 32 18 52
20 82 72 12 82 13 59
64 1 28 84 11 71 44
52 19 22 61 14 38 16
78 63 12 23 32 18 31
32 27 18 68 6 4 25
58 2 24 82 6 37 13
46 42 64 42 35 65 7
11 24 50 38 80 23 62
61 14 38 30 25 32 12
41 48 35 72 76 3 42
6 78 6 85 67 73 67
47 77 3 79 65 11 14
54 23 36 82 6 37 17
47 77 3 82 6 37 78
76 21 79 25 21 26 53
44 30 58 50 0 28 42
70 35 46 69 62 37 28
28 14 27 39 5 22 10
19 72 1 80 7 27 70
25 21 26 3 85 60 72
37 31 26 83 7 73 52
79 65 11 30 25 32 45
34 9 2 37 31 26 32
19 72 1 66 27 30 53
4 27 10 61 14 38 30
77 0 60 80 7 27 33
38 80 23 48 71 45 23
16 71 47 32 27 18 52
14 52 14 16 71 47 38
46 42 64 66 27 30 37
8 13 10 73 10 3 7
73 10 3 41 48 35 49
18 75 23 11 24 50 57
23 32 18 65 5 52 43
40 49 69 16 71 47 31
29 67 5 13 76 44 40
56 85 30 20 82 72 42
4 27 10 31 28 76 66
73 10 3 0 36 83 84
11 24 50 61 14 38 15
81 33 16 54 23 36 22
12 82 13 81 33 16 49
8 13 10 18 75 23 63
2 51 73 83 7 73 44
47 77 3 76 21 79 94
77 0 60 19 72 1 93
49 80 46 58 2 24 81
38 80 23 76 21 79 81
51 69 44 21 47 31 25
32 27 18 85 67 73 68
63 75 70 4 27 10 76
63 75 70 45 22 35 63
74 73 4 79 65 11 10
41 48 35 70 35 46 17
51 69 44 46 42 64 33
45 22 35 64 1 28 22
83 7 73 33 74 82 67
33 74 82 12 82 13 69
75 63 32 2 51 73 42
26 76 18 40 49 69 57
61 14 38 8 13 10 28
8 13 10 16 71 47 68
58 2 24 78 63 12 62
57 4 47 73 10 3 44
46 42 64 7 52 35 30
31 28 76 72 76 3 87
21 47 31 30 25 32 22
72 76 3 38 80 23 20
79 65 11 33 74 82 71
71 58 27 28 14 27 44
4 27 10 13 76 44 59
37 31 26 42 35 65 39
34 9 2 1 30 50 52
30 25 32 81 33 16 17
74 73 4 84 11 71 91
46 42 64 5 53 81 20
65 5 52 64 1 28 24
74 73 4 66 27 30 52
78 63 12 56 85 30 28
52 19 22 45 22 35 13
47 77 3 40 49 69 71
57 4 47 71 58 27 57
0 36 83 42 35 65 18
25 21 26 52 19 22 4
13 76 44 32 27 18 55
68 6 4 21 47 31 49
64 1 28 74 73 4 75
34 9 2 65 5 52 50
16 71 47 13 76 44 5
57 4 47 37 31 26 34
16 71 47 59 12 3 73
82 6 37 62 30 40 24
53 72 60 27 7 5 85
14 52 14 67 78 0 29
4 27 10 18 75 23 49
7 52 35 72 76 3 40
36 39 74 56 85 30 63
7 52 35 10 13 69 51
56 85 30 60 79 5 25
8 13 10 60 79 5 66
83 7 73 73 10 3 70
38 80 23 84 11 71 84
67 78 0 28 14 27 69
66 27 30 47 77 3 56
40 49 69 65 5 52 47
4 27 10 67 78 0 51
29 67 5 10 13 69 83
7 52 35 76 21 79 53
73 10 3 30 25 32 32
62 30 40 27 7 5 41
45 22 35 79 65 11 49
21 47 31 15 3 34 44
18 75 23 38 80 23 5
40 49 69 56 85 30 53
8 13 10 6 78 6 65
22 81 37 47 77 3 34
21 47 31 4 27 10 29
34 9 2 22 81 37 80
36 39 74 59 12 3 75
73 10 3 75 63 32 60
16 71 47 85 67 73 26
39 5 22 80 7 27 5
49 80 46 63 75 70 24
30 25 32 8 13 10 25
15 3 34 4 27 10 33
20 82 72 28 14 27 81
30 25 32 80 7 27 18
2 51 73 32 27 18 60
66 27 30 22 81 37 54
61 14 38 5 53 81 58
6 78 6 24 50 56 57
73 10 3 27 7 5 3
16 71 47 24 50 56 22
81 33 16 73 10 3 26
26 76 18 72 76 3 15
50 0 28 1 30 50 37
6 78 6 17 3 83 107
11 24 50 47 77 3 70
19 72 1 7 52 35 39
62 30 40 70 35 46 7
72 76 3 39 5 22 73
84 11 71 13 76 44 70
9 63 9 51 69 44 35
65 5 52 71 58 27 58
47 77 3 63 75 70 67
52 19 22 82 6 37 19
60 79 5 50 0 28 82
69 62 37 22 81 37 19
76 21 79 79 65 11 80
25 21 26 44 30 58 33
41 48 35 58 2 24 47
43 14 53 78 63 12 63
77 0 60 32 27 18 49
78 63 12 49 80 46 38
35 83 31 79 65 11 26
66 27 30 60 79 5 57
6 78 6 7 52 35 38
68 6 4 40 49 69 77
74 73 4 53 72 60 56
27 7 5 49 80 46 83
60 79 5 59 12 3 67
3 85 60 16 71 47 19
16 71 47 51 69 44 3
23 32 18 80 7 27 26
85 67 73 53 72 60 13
5 53 81 42 35 65 24
30 25 32 13 76 44 52
43 14 53 36 39 74 32
84 11 71 75 63 32 65
36 39 74 33 74 82 35
48 71 45 12 82 13 33
75 63 32 53 72 60 29
25 21 26 56 85 30 64
10 13 69 37 31 26 46
69 62 37 50 0 28 62
23 32 18 82 6 37 32
64 1 28 0 36 83 65
45 22 35 19 72 1 60
61 14 38 28 14 27 11
81 33 16 7 52 35 26
63 75 70 31 28 76 47
39 5 22 7 52 35 48
77 0 60 40 49 69 49
43 14 53 69 62 37 50
56 85 30 68 6 4 83
26 76 18 8 13 10 63
52 19 22 62 30 40 21
75 63 32 59 12 3 58
25 21 26 1 30 50 25
26 76 18 34 9 2 68
53 72 60 7 52 35 32
70 35 46 58 2 24 39
13 76 44 12 82 13 31
45 22 35 34 9 2 35
59 12 3 25 21 26 24
19 72 1 72 76 3 4
81 33 16 71 58 27 27
4 27 10 37 31 26 16
10 13 69 41 48 35 48
5 53 81 69 62 37 44
7 52 35 62 30 40 22
46 42 64 75 63 32 38
12 82 13 61 14 38 72
23 32 18 9 63 9 32
41 48 35 61 14 38 34
18 75 23 28 14 27 61
22 81 37 62 30 40 51
78 63 12 18 75 23 16
77 0 60 51 69 44 70
0 36 83 65 5 52 43
71 58 27 21 47 31 11
79 65 11 85 67 73 62
46 42 64 15 3 34 49
34 9 2 32 27 18 24
40 49 69 9 63 9 61
39 5 22 0 36 83 68
43 14 53 31 28 76 26
66 27 30 71 58 27 31
6 78 6 12 82 13 8
1 30 50 3 85 60 55
69 62 37 84 11 71 61
33 74 82 19 72 1 81
7 52 35 69 62 37 10
27 7 5 48 71 45 75
84 11 71 2 51 73 40
44 30 58 65 5 52 25
22 81 37 14 52 14 37
50 0 28 73 10 3 26
52 19 22 32 27 18 8
75 63 32 28 14 27 49
5 53 81 49 80 46 44
51 69 44 69 62 37 9
15 3 34 67 78 0 82
41 48 35 80 7 27 41
31 28 76 74 73 4 84
67 78 0 54 23 36 65
37 31 26 18 75 23 44
15 3 34 73 10 3 31
46 42 64 50 0 28 55
29 67 5 79 65 11 6
67 78 0 84 11 71 97
9 63 9 72 76 3 14
60 79 5 1 30 50 66
40 49 69 2 51 73 4
18 75 23 17 3 83 93
54 23 36 0 36 83 48
17 3 83 27 7 5 78
18 75 23 2 51 73 55
1 30 50 51 69 44 39
71 58 27 70 35 46 29
14 52 14 69 62 37 25
42 35 65 14 52 14 53
66 27 30 24 50 56 34
12 82 13 43 14 53 78
80 7 27 51 69 44 64
68 6 4 47 77 3 71
76 21 79 3 85 60 66
82 6 37 75 63 32 57
72 76 3 1 30 50 65
13 76 44 20 82 72 28
13 76 44 45 22 35 54
14 52 14 13 76 44 38
25 21 26 60 79 5 61
76 21 79 37 31 26 53
33 74 82 17 3 83 71
23 32 18 85 67 73 65
12 82 13 41 48 35 40
60 79 5 37 31 26 52
13 76 44 11 24 50 52
62 30 40 49 80 46 50
65 5 52 6 78 6 86
10 13 69 63 75 70 62
55 85 22 30 25 32 60
48 71 45 78 63 12 33
73 10 3 37 31 26 31
67 78 0 56 85 30 30
10 13 69 54 23 36 34
50 0 28 24 50 56 57
13 76 44 49 80 46 4
0 36 83 20 82 72 47
71 58 27 30 25 32 33
82 6 37 11 24 50 22
65 5 52 77 0 60 9
84 11 71 52 19 22 49
39 5 22 42 35 65 52
38 80 23 14 52 14 29
82 6 37 8 13 10 27
33 74 82 53 72 60 22
38 80 23 67 78 0 23
53 72 60 73 10 3 84
69 62 37 27 7 5 63
24 50 56 8 13 10 59
85 67 73 41 48 35 42
61 14 38 26 76 18 65
80 7 27 7 52 35 45
39 5 22 30 25 32 22
41 48 35 27 7 5 50
35 83 31 66 27 30 56
80 7 27 9 63 9 58
29 67 5 36 39 74 74
78 63 12 40 49 69 58
74 73 4 7 52 35 37
44 30 58 53 72 60 42
54 23 36 38 80 23 58
69 62 37 48 71 45 12
20 82 72 60 79 5 67
11 24 50 1 30 50 6
31 28 76 75 63 32 56
57 4 47 42 35 65 35
18 75 23 42 35 65 58
72 76 3 64 1 28 79
69 62 37 81 33 16 35
65 5 52 60 79 5 87
52 19 22 26 76 18 57
35 83 31 28 14 27 69
27 7 5 42 35 65 66
70 35 46 38 80 23 50
24 50 56 0 36 83 30
42 35 65 6 78 6 73
19 72 1 31 28 76 86
72 76 3 81 33 16 44
51 69 44 20 82 72 30
70 35 46 60 79 5 60
33 74 82 59 12 3 100
66 27 30 39 5 22 23
54 23 36 69 62 37 39
79 65 11 12 82 13 17
79 65 11 78 63 12 2
31 28 76 60 79 5 87
26 76 18 73 10 3 67
71 58 27 38 80 23 22
42 35 65 35 83 31 58
40 49 69 52 19 22 55
27 7 5 5 53 81 88
80 7 27 24 50 56 51
39 5 22 59 12 3 20
56 85 30 12 82 13 17
0 36 83 41 48 35 49
16 71 47 66 27 30 47
68 6 4 30 25 32 33
69 62 37 52 19 22 45
71 58 27 31 28 76 57
58 2 24 6 78 6 78
62 30 40 69 62 37 32
62 30 40 46 42 64 26
84 11 71 5 53 81 43
51 69 44 35 83 31 19
81 33 16 29 67 5 35
35 83 31 83 7 73 86
23 32 18 74 73 4 43
16 71 47 23 32 18 48
31 28 76 21 47 31 48
69 62 37 60 79 5 36
29 67 5 43 14 53 71
46 42 64 43 14 53 30
35 83 31 62 30 40 53
14 52 14 76 21 79 72
51 69 44 31 28 76 52
24 50 56 23 32 18 42
17 3 83 74 73 4 105
78 63 12 68 6 4 57
19 72 1 57 4 47 82
21 47 31 52 19 22 29
34 9 2 84 11 71 69
39 5 22 12 82 13 77
1 30 50 47 77 3 66
56 85 30 18 75 23 12
72 76 3 25 21 26 59
21 47 31 79 65 11 26
45 22 35 12 82 13 63
41 48 35 22 81 37 33
41 48 35 31 28 76 45
44 30 58 2 51 73 25
71 58 27 1 30 50 36
79 65 11 32 27 18 38
34 9 2 74 73 4 64
69 62 37 47 77 3 37
65 5 52 58 2 24 28
83 7 73 30 25 32 44
6 78 6 10 13 69 90
66 27 30 48 71 45 46
75 63 32 4 27 10 42
5 53 81 26 76 18 67
78 63 12 24 50 56 45
61 14 38 27 7 5 33
23 32 18 19 72 1 43
35 83 31 17 3 83 95
35 83 31 20 82 72 41
69 62 37 19 72 1 37
41 48 35 44 30 58 29
80 7 27 82 6 37 10
33 74 82 16 71 47 35
52 19 22 14 52 14 33
21 47 31 5 53 81 50
54 23 36 63 75 70 62
21 47 31 1 30 50 25
31 28 76 84 11 71 17
24 50 56 15 3 34 51
23 32 18 54 23 36 20
41 48 35 60 79 5 43
69 62 37 39 5 22 58
78 63 12 75 63 32 20
32 27 18 27 7 5 23
15 3 34 80 7 27 8
37 31 26 44 30 58 32
49 80 46 56 85 30 16
81 33 16 63 75 70 68
41 48 35 40 49 69 34
58 2 24 47 77 3 77
54 23 36 43 14 53 19
70 35 46 12 82 13 57
8 13 10 68 6 4 9
13 76 44 57 4 47 72
23 32 18 15 3 34 33
74 73 4 50 0 28 76
73 10 3 59 12 3 2
71 58 27 54 23 36 36
40 49 69 60 79 5 70
78 63 12 71 58 27 15
57 4 47 69 62 37 58
2 51 73 62 30 40 39
50 0 28 54 23 36 24
35 83 31 48 71 45 18
29 67 5 71 58 27 23
22 81 37 85 67 73 38
77 0 60 67 78 0 98
13 76 44 60 79 5 39
41 48 35 59 12 3 48
77 0 60 75 63 32 68
77 0 60 60 79 5 96
58 2 24 3 85 60 90
44 30 58 7 52 35 31
75 63 32 44 30 58 42
14 52 14 43 14 53 54
72 76 3 52 19 22 60
21 47 31 17 3 83 68
48 71 45 52 19 22 56
42 35 65 30 25 32 34
26 76 18 13 76 44 26
13 76 44 21 47 31 31
35 83 31 8 13 10 73
64 1 28 81 33 16 34
2 51 73 22 81 37 46
74 73 4 26 76 18 14
43 14 53 85 67 73 56
71 58 27 41 48 35 12
14 52 14 53 72 60 50
66 27 30 55 85 22 58
7 52 35 51 69 44 19
41 48 35 24 50 56 21
33 74 82 84 11 71 63
52 19 22 29 67 5 50
17 3 83 31 28 76 25
12 82 13 76 21 79 89
25 21 26 69 62 37 42
49 80 46 40 49 69 38
25 21 26 70 35 46 24
26 76 18 64 1 28 75
40 49 69 85 67 73 18
36 39 74 0 36 83 9
80 7 27 28 14 27 7
52 19 22 27 7 5 20
67 78 0 44 30 58 75
29 67 5 73 10 3 57
5 53 81 73 10 3 89
76 21 79 44 30 58 22
77 0 60 24 50 56 50
80 7 27 22 81 37 74
34 9 2 72 76 3 67
68 6 4 28 14 27 24
28 14 27 22 81 37 67
25 21 26 75 63 32 42
10 13 69 27 7 5 64
52 19 22 37 31 26 12
57 4 47 8 13 10 38
83 7 73 26 76 18 88
6 78 6 16 71 47 41
21 47 31 26 76 18 31
35 83 31 32 27 18 57
0 36 83 10 13 69 26
28 14 27 45 22 35 11
30 25 32 85 67 73 58
52 19 22 79 65 11 47
45 22 35 48 71 45 50
68 6 4 71 58 27 56
50 0 28 15 3 34 6
40 49 69 75 63 32 39
42 35 65 62 30 40 25
50 0 28 41 48 35 48
63 75 70 33 74 82 12
20 82 72 55 85 22 50
80 7 27 42 35 65 47
46 42 64 24 50 56 11
53 72 60 62 30 40 46
10 13 69 48 71 45 62
10 13 69 82 6 37 32
70 35 46 49 80 46 45
82 6 37 38 80 23 75
6 78 6 3 85 60 54
75 63 32 45 22 35 41
82 6 37 45 22 35 16
63 75 70 8 13 10 86
44 30 58 81 33 16 42
69 62 37 12 82 13 31
54 23 36 61 14 38 9
82 6 37 29 67 5 68
63 75 70 9 63 9 62
69 62 37 46 42 64 33
12 82 13 53 72 60 48
15 3 34 74 73 4 76
60 79 5 34 9 2 70
74 73 4 68 6 4 67
10 13 69 85 67 73 54
42 35 65 33 74 82 42
60 79 5 83 7 73 99
59 12 3 63 75 70 91
55 85 22 81 33 16 52
31 28 76 16 71 47 51
7 52 35 4 27 10 35
72 76 3 48 71 45 42
59 12 3 28 14 27 24
23 32 18 7 52 35 26
74 73 4 43 14 53 76
83 7 73 64 1 28 45
85 67 73 57 4 47 68
46 42 64 36 39 74 10
73 10 3 66 27 30 31
38 80 23 33 74 82 59
61 14 38 46 42 64 38
45 22 35 26 76 18 56
50 0 28 12 82 13 83
60 79 5 42 35 65 74
36 39 74 61 14 38 43
16 71 47 21 47 31 28
2 51 73 56 85 30 54
1 30 50 32 27 18 32
41 48 35 49 80 46 33
50 0 28 65 5 52 24
53 72 60 58 2 24 78
34 9 2 48 71 45 75
16 71 47 81 33 16 49
18 75 23 5 53 81 62
44 30 58 15 3 34 36
37 31 26 53 72 60 53
60 79 5 75 63 32 31
54 23 36 36 39 74 41
48 71 45 79 65 11 34
73 10 3 52 19 22 21
35 83 31 84 11 71 82
29 67 5 45 22 35 54
3 85 60 30 25 32 66
51 69 44 71 58 27 20
28 14 27 3 85 60 78
39 5 22 26 76 18 71
15 3 34 63 75 70 80
45 22 35 17 3 83 51
84 11 71 23 32 18 57
80 7 27 68 6 4 23
30 25 32 48 71 45 47
2 51 73 55 85 22 61
14 52 14 57 4 47 58
64 1 28 24 50 56 56
74 73 4 46 42 64 67
60 79 5 63 75 70 65
22 81 37 44 30 58 55
32 27 18 5 53 81 68
47 77 3 60 79 5 2
19 72 1 79 65 11 12
29 67 5 32 27 18 42
83 7 73 58 2 24 49
81 33 16 13 76 44 51
49 80 46 25 21 26 62
32 27 18 74 73 4 48
42 35 65 3 85 60 50
24 50 56 69 62 37 22
58 2 24 33 74 82 92
49 80 46 36 39 74 49
77 0 60 76 21 79 28
24 50 56 44 30 58 20
5 53 81 82 6 37 64
83 7 73 22 81 37 82
4 27 10 53 72 60 67
63 75 70 77 0 60 75
10 13 69 26 76 18 81
36 39 74 70 35 46 28
5 53 81 6 78 6 79
37 31 26 85 67 73 59
5 53 81 4 27 10 75
26 76 18 41 48 35 32
29 67 5 54 23 36 53
73 10 3 48 71 45 74
40 49 69 18 75 23 52
33 74 82 31 28 76 46
85 67 73 48 71 45 28
5 53 81 58 2 24 76
69 62 37 64 1 28 61
28 14 27 66 27 30 13
74 73 4 25 21 26 56
81 33 16 39 5 22 28
56 85 30 27 7 5 81
38 80 23 62 30 40 52
63 75 70 21 47 31 48
73 10 3 70 35 46 49
40 49 69 63 75 70 26
53 72 60 26 76 18 42
70 35 46 24 50 56 18
67 78 0 18 75 23 23
67 78 0 9 63 9 17
81 33 16 23 32 18 2
63 75 70 65 5 52 72
2 51 73 35 83 31 52
64 1 28 18 75 23 74
41 48 35 83 7 73 55
46 42 64 32 27 18 48
83 7 73 71 58 27 68
53 72 60 39 5 22 77
40 49 69 50 0 28 63
20 82 72 77 0 60 82
4 27 10 79 65 11 38
41 48 35 7 52 35 4
19 72 1 58 2 24 73
6 78 6 54 23 36 62
15 3 34 71 58 27 55
10 13 69 13 76 44 67
57 4 47 39 5 22 25
77 0 60 0 36 83 42
50 0 28 75 63 32 63
3 85 60 50 0 28 90
69 62 37 9 63 9 28
24 50 56 79 65 11 47
13 76 44 15 3 34 73
35 83 31 36 39 74 61
14 52 14 59 12 3 41
73 10 3 14 52 14 43
32 27 18 56 85 30 59
58 2 24 9 63 9 62
37 31 26 8 13 10 24
42 35 65 43 14 53 24
10 13 69 21 47 31 50
16 71 47 5 53 81 38
14 52 14 80 7 27 46
15 3 34 54 23 36 20
20 82 72 61 14 38 76
62 30 40 29 67 5 50
77 0 60 66 27 30 40
85 67 73 24 50 56 24
72 76 3 57 4 47 84
40 49 69 23 32 18 53
61 14 38 49 80 46 66
81 33 16 57 4 47 42
39 5 22 37 31 26 26
56 85 30 9 63 9 30
44 30 58 78 63 12 56
1 30 50 0 36 83 33
4 27 10 48 71 45 56
20 82 72 8 13 10 92
18 75 23 57 4 47 74
68 6 4 14 52 14 47
72 76 3 11 24 50 70
16 71 47 28 14 27 60
56 85 30 57 4 47 82
79 65 11 7 52 35 27
47 77 3 65 5 52 87
26 76 18 14 52 14 24
60 79 5 58 2 24 79
35 83 31 63 75 70 39
79 65 11 75 63 32 21
84 11 71 76 21 79 12
7 52 35 67 78 0 43
36 39 74 41 48 35 40
17 3 83 50 0 28 55
5 53 81 37 31 26 59
54 23 36 20 82 72 69
64 1 28 11 24 50 31
60 79 5 22 81 37 32
11 24 50 14 52 14 45
67 78 0 51 69 44 44
47 77 3 15 3 34 80
77 0 60 30 25 32 37
22 81 37 31 28 76 65
21 47 31 32 27 18 23
53 72 60 10 13 69 59
63 75 70 85 67 73 8
59 12 3 51 69 44 70
50 0 28 61 14 38 17
34 9 2 62 30 40 43
20 82 72 9 63 9 65
20 82 72 38 80 23 49
33 74 82 4 27 10 85
24 50 56 65 5 52 45
14 52 14 49 80 46 42
45 22 35 85 67 73 58
42 35 65 49 80 46 48
69 62 37 45 22 35 40
6 78 6 50 0 28 81
48 71 45 68 6 4 76
12 82 13 2 51 73 67
64 1 28 34 9 2 27
70 35 46 45 22 35 17
66 27 30 76 21 79 49
43 14 53 83 7 73 21
84 11 71 39 5 22 49
33 74 82 32 27 18 79
0 36 83 85 67 73 32
20 82 72 17 3 83 79
52 19 22 60 79 5 62
19 72 1 84 11 71 92
63 75 70 67 78 0 70
4 27 10 57 4 47 43
5 53 81 56 85 30 60
85 67 73 58 2 24 81
47 77 3 77 0 60 95
47 77 3 67 78 0 3
2 51 73 49 80 46 39
73 10 3 54 23 36 35
75 63 32 32 27 18 38
58 2 24 16 71 47 72
4 27 10 41 48 35 32
57 4 47 53 72 60 69
16 71 47 41 48 35 25
16 71 47 83 7 73 69
21 47 31 34 9 2 47
18 75 23 14 52 14 24
19 72 1 68 6 4 66
0 36 83 37 31 26 57
31 28 76 47 77 3 87
55 85 22 34 9 2 78
56 85 30 59 12 3 77
28 14 27 49 80 46 68
50 0 28 4 27 10 32
46 42 64 77 0 60 42
3 85 60 74 73 4 57
65 5 52 83 7 73 21
8 13 10 29 67 5 54
55 85 22 32 27 18 58
80 7 27 17 3 83 56
66 27 30 34 9 2 33
2 51 73 74 73 4 72
20 82 72 82 6 37 83
71 58 27 24 50 56 30
22 81 37 84 11 71 77
59 12 3 44 30 58 57
4 27 10 54 23 36 26
43 14 53 23 32 18 39
30 25 32 36 39 74 44
69 62 37 56 85 30 24
68 6 4 22 81 37 81
64 1 28 28 14 27 13
29 67 5 4 27 10 40
2 51 73 30 25 32 48
11 24 50 40 49 69 31
24 50 56 81 33 16 43
11 24 50 59 12 3 48
39 5 22 85 67 73 80
22 81 37 21 47 31 34
71 58 27 55 85 22 27
65 5 52 62 30 40 27
28 14 27 7 52 35 38
54 23 36 64 1 28 23
78 63 12 26 76 18 14
12 82 13 75 63 32 26
9 63 9 11 24 50 56
64 1 28 71 58 27 57
33 74 82 27 7 5 102
43 14 53 51 69 44 55
24 50 56 19 72 1 59
61 14 38 65 5 52 16
74 73 4 18 75 23 19
73 10 3 25 21 26 25
25 21 26 36 39 74 51
3 85 60 48 71 45 20
0 36 83 56 85 30 72
79 65 11 40 49 69 60
84 11 71 68 6 4 67
55 85 22 29 67 5 24
27 7 5 20 82 72 100
35 83 31 58 2 24 81
42 35 65 83 7 73 29
76 21 79 8 13 10 69
22 81 37 75 63 32 18
16 71 47 52 19 22 57
45 22 35 14 52 14 36
40 49 69 5 53 81 12
36 39 74 19 72 1 80
61 14 38 3 85 60 74
68 6 4 67 78 0 72
54 23 36 24 50 56 33
49 80 46 47 77 3 43
17 3 83 25 21 26 59
16 71 47 71 58 27 23
72 76 3 21 47 31 40
11 24 50 70 35 46 11
61 14 38 40 49 69 46
85 67 73 80 7 27 75
60 79 5 76 21 79 94
34 9 2 44 30 58 59
65 5 52 7 52 35 49
49 80 46 37 31 26 52
34 9 2 23 32 18 28
68 6 4 51 69 44 74
75 63 32 5 53 81 50
61 14 38 14 52 14 44
11 24 50 81 33 16 35
25 21 26 51 69 44 51
24 50 56 11 24 50 26
24 50 56 59 12 3 65
9 63 9 19 72 1 12
19 72 1 56 85 30 31
27 7 5 77 0 60 55
16 71 47 53 72 60 13
35 83 31 22 81 37 6
50 0 28 51 69 44 70
9 63 9 14 52 14 12
2 51 73 81 33 16 59
9 63 9 1 30 50 52
14 52 14 48 71 45 36
17 3 83 44 30 58 36
9 63 9 2 51 73 65
72 76 3 15 3 34 79
67 78 0 25 21 26 62
78 63 12 57 4 47 68
53 72 60 29 67 5 55
73 10 3 36 39 74 76
15 3 34 69 62 37 59
20 82 72 6 78 6 66
56 85 30 42 35 65 61
17 3 83 15 3 34 49
80 7 27 26 76 18 69
74 73 4 72 76 3 3
29 67 5 3 85 60 57
76 21 79 29 67 5 87
40 49 69 80 7 27 59
42 35 65 51 69 44 39
74 73 4 33 74 82 78
8 13 10 49 80 46 76
11 24 50 60 79 5 71
55 85 22 9 63 9 25
48 71 45 84 11 71 65
23 32 18 32 27 18 5
46 42 64 71 58 27 40
38 80 23 69 62 37 22
7 52 35 37 31 26 22
17 3 83 56 85 30 97
8 13 10 0 36 83 76
8 13 10 66 27 30 24
72 76 3 84 11 71 94
31 28 76 70 35 46 30
40 49 69 34 9 2 78
1 30 50 53 72 60 43
77 0 60 45 22 35 33
17 3 83 28 14 27 57
31 28 76 56 85 30 73
79 65 11 53 72 60 49
82 6 37 31 28 76 44
29 67 5 11 24 50 62
84 11 71 58 2 24 47
3 85 60 75 63 32 35
17 3 83 7 52 35 68
8 13 10 23 32 18 20
2 51 73 31 28 76 23
54 23 36 12 82 13 63
14 52 14 41 48 35 21
71 58 27 67 78 0 33
45 22 35 37 31 26 12
82 6 37 6 78 6 78
29 67 5 66 27 30 47
76 21 79 32 27 18 61
72 76 3 68 6 4 70
44 30 58 9 63 9 59
43 14 53 82 6 37 17
12 82 13 85 67 73 61
11 24 50 80 7 27 28
52 19 22 35 83 31 64
63 75 70 2 51 73 24
13 76 44 75 63 32 17
24 50 56 51 69 44 22
55 85 22 82 6 37 80
52 19 22 78 63 12 45
12 82 13 34 9 2 73
18 75 23 39 5 22 70
63 75 70 41 48 35 44
13 76 44 63 75 70 26
30 25 32 0 36 83 52
55 85 22 64 1 28 84
10 13 69 51 69 44 61
11 24 50 12 82 13 68
29 67 5 84 11 71 86
82 6 37 69 62 37 56
42 35 65 69 62 37 38
83 7 73 51 69 44 68
53 72 60 78 63 12 48
21 47 31 70 35 46 19
0 36 83 2 51 73 18
20 82 72 80 7 27 87
16 71 47 48 71 45 2
26 76 18 49 80 46 28
50 0 28 25 21 26 21
11 24 50 57 4 47 20
3 85 60 73 10 3 94
80 7 27 47 77 3 74
24 50 56 33 74 82 35
4 27 10 6 78 6 51
55 85 22 73 10 3 77
9 63 9 77 0 60 81
23 32 18 48 71 45 47
44 30 58 84 11 71 23
49 80 46 23 32 18 55
40 49 69 24 50 56 13
31 28 76 25 21 26 50
12 82 13 8 13 10 69
51 69 44 64 1 28 69
64 1 28 40 49 69 63
15 3 34 12 82 13 81
71 58 27 74 73 4 27
69 62 37 80 7 27 55
36 39 74 72 76 3 80
52 19 22 20 82 72 80
27 7 5 16 71 47 76
37 31 26 72 76 3 50
9 63 9 65 5 52 72
74 73 4 52 19 22 56
61 14 38 77 0 60 26
38 80 23 77 0 60 88
55 85 22 5 53 81 67
51 69 44 28 14 27 57
59 12 3 72 76 3 64
42 35 65 31 28 76 13
28 14 27 72 76 3 66
60 79 5 28 14 27 68
61 14 38 13 76 44 62
9 63 9 5 53 81 72
80 7 27 60 79 5 75
59 12 3 66 27 30 30
55 85 22 13 76 44 23
11 24 50 42 35 65 18
69 62 37 58 2 24 61
69 62 37 4 27 10 44
74 73 4 6 78 6 5
64 1 28 46 42 64 54
40 49 69 10 13 69 36
3 85 60 44 30 58 55
47 77 3 28 14 27 67
71 58 27 48 71 45 22
27 7 5 24 50 56 66
39 5 22 31 28 76 58
55 85 22 68 6 4 81
23 32 18 37 31 26 8
17 3 83 5 53 81 50
34 9 2 17 3 83 81
43 14 53 62 30 40 20
74 73 4 0 36 83 87
1 30 50 67 78 0 69
22 81 37 24 50 56 36
46 42 64 70 35 46 19
48 71 45 75 63 32 15
10 13 69 3 85 60 72
71 58 27 27 7 5 55
43 14 53 2 51 73 42
73 10 3 12 82 13 72
16 71 47 42 35 65 40
83 7 73 8 13 10 63
17 3 83 8 13 10 73
73 10 3 43 14 53 50
3 85 60 17 3 83 85
34 9 2 29 67 5 58
81 33 16 8 13 10 20
41 48 35 65 5 52 46
46 42 64 55 85 22 60
76 21 79 71 58 27 63
22 81 37 54 23 36 58
18 75 23 70 35 46 46
61 14 38 15 3 34 11
50 0 28 85 67 73 80
47 77 3 21 47 31 41
80 7 27 49 80 46 75
41 48 35 38 80 23 34
41 48 35 6 78 6 41
38 80 23 42 35 65 61
32 27 18 50 0 28 28
52 19 22 39 5 22 14
61 14 38 62 30 40 16
75 63 32 56 85 30 22
43 14 53 65 5 52 9
67 78 0 0 36 83 93
2 51 73 85 67 73 16
37 31 26 27 7 5 31
55 85 22 84 11 71 88
42 35 65 45 22 35 32
1 30 50 29 67 5 58
59 12 3 55 85 22 75
6 78 6 79 65 11 13
31 28 76 35 83 31 71
56 85 30 6 78 6 25
48 71 45 22 81 37 12
27 7 5 13 76 44 79
82 6 37 83 7 73 36
17 3 83 4 27 10 76
57 4 47 74 73 4 81
47 77 3 36 39 74 80
26 76 18 68 6 4 71
25 21 26 23 32 18 13
21 47 31 57 4 47 45
48 71 45 5 53 81 40
73 10 3 33 74 82 101
13 76 44 71 58 27 24
82 6 37 26 76 18 72
79 65 11 65 5 52 72
85 67 73 78 63 12 61
4 27 10 62 30 40 30
69 62 37 17 3 83 74
35 83 31 45 22 35 61
75 63 32 27 7 5 62
62 30 40 83 7 73 40
4 27 10 11 24 50 40
25 21 26 62 30 40 16
37 31 26 70 35 46 20
41 48 35 30 25 32 23
9 63 9 17 3 83 95
33 74 82 15 3 34 85
40 49 69 19 72 1 71
82 6 37 0 36 83 54
52 19 22 54 23 36 14
85 67 73 55 85 22 54
71 58 27 53 72 60 35
64 1 28 70 35 46 38
78 63 12 6 78 6 16
67 78 0 2 51 73 77
51 69 44 15 3 34 66
18 75 23 16 71 47 24
59 12 3 61 14 38 35
61 14 38 44 30 58 25
17 3 83 66 27 30 58
81 33 16 58 2 24 32
27 7 5 57 4 47 42
76 21 79 49 80 46 67
68 6 4 60 79 5 73
32 27 18 28 14 27 15
39 5 22 65 5 52 30
6 78 6 21 47 31 39
6 78 6 46 42 64 68
15 3 34 27 7 5 29
83 7 73 81 33 16 62
21 47 31 56 85 30 38
68 6 4 76 21 79 76
84 11 71 20 82 72 71
53 72 60 84 11 71 61
49 80 46 67 78 0 46
19 72 1 39 5 22 70
53 72 60 65 5 52 67
25 21 26 26 76 18 55
32 27 18 66 27 30 12
59 12 3 57 4 47 44
39 5 22 63 75 70 84
52 19 22 71 58 27 39
53 72 60 45 22 35 55
81 33 16 75 63 32 34
46 42 64 85 67 73 26
55 85 22 62 30 40 57
28 14 27 82 6 37 12
48 71 45 19 72 1 44
42 35 65 12 82 13 70
47 77 3 18 75 23 20
30 25 32 25 21 26 7
47 77 3 52 19 22 61
78 63 12 83 7 73 82
26 76 18 23 32 18 44
42 35 65 34 9 2 68
40 49 69 7 52 35 34
22 81 37 12 82 13 24
10 13 69 14 52 14 67
36 39 74 23 32 18 56
62 30 40 15 3 34 27
23 32 18 20 82 72 73
47 77 3 3 85 60 57
84 11 71 25 21 26 46
61 14 38 39 5 22 18
56 85 30 76 21 79 80
33 74 82 69 62 37 46
72 76 3 69 62 37 36
40 49 69 0 36 83 19
24 50 56 18 75 23 41
5 53 81 25 21 26 63
40 49 69 1 30 50 26
31 28 76 1 30 50 26
36 39 74 34 9 2 78
43 14 53 56 85 30 74
3 85 60 46 42 64 43
57 4 47 34 9 2 45
2 51 73 48 71 45 34
20 82 72 25 21 26 76
39 5 22 78 63 12 58
61 14 38 84 11 71 33
55 85 22 56 85 30 8
85 67 73 77 0 60 68
16 71 47 60 79 5 42
5 53 81 80 7 27 70
1 30 50 35 83 31 56
73 10 3 19 72 1 62
79 65 11 27 7 5 58
14 52 14 47 77 3 27
76 21 79 1 30 50 30
47 77 3 26 76 18 15
7 52 35 12 82 13 37
48 71 45 15 3 34 68
80 7 27 84 11 71 44
17 3 83 48 71 45 77
76 21 79 39 5 22 59
36 39 74 66 27 30 45
73 10 3 77 0 60 57
15 3 34 43 14 53 21
59 12 3 43 14 53 50
10 13 69 38 80 23 81
12 82 13 10 13 69 88
71 58 27 2 51 73 46
15 3 34 37 31 26 29
74 73 4 67 78 0 6
24 50 56 82 6 37 47
50 0 28 13 76 44 77
19 72 1 3 85 60 60
64 1 28 6 78 6 80
54 23 36 9 63 9 48
35 83 31 50 0 28 83
43 14 53 10 13 69 16
36 39 74 85 67 73 28
45 22 35 39 5 22 21
14 52 14 71 58 27 14
55 85 22 72 76 3 21
70 35 46 17 3 83 48
53 72 60 77 0 60 72
18 75 23 75 63 32 15
9 63 9 39 5 22 59
16 71 47 57 4 47 67
9 63 9 35 83 31 29
1 30 50 2 51 73 31
79 65 11 56 85 30 27
61 14 38 33 74 82 74
43 14 53 5 53 81 48
60 79 5 79 65 11 15
26 76 18 84 11 71 83
66 27 30 69 62 37 35
28 14 27 84 11 71 44
58 2 24 29 67 5 67
68 6 4 33 74 82 103
32 27 18 7 52 35 30
62 30 40 11 24 50 11
72 76 3 12 82 13 11
49 80 46 38 80 23 23
83 7 73 59 12 3 70
31 28 76 8 13 10 67
84 11 71 56 85 30 84
2 51 73 5 53 81 8
16 71 47 25 21 26 54
23 32 18 31 28 76 58
55 85 22 48 71 45 26
6 78 6 80 7 27 74
31 28 76 58 2 24 58
8 13 10 42 35 65 59
42 35 65 65 5 52 32
78 63 12 65 5 52 70
32 27 18 38 80 23 53
35 83 31 15 3 34 80
20 82 72 29 67 5 68
5 53 81 30 25 32 56
38 80 23 78 63 12 20
25 21 26 24 50 56 41
7 52 35 34 9 2 54
28 14 27 78 63 12 51
9 63 9 53 72 60 51
56 85 30 51 69 44 21
52 19 22 24 50 56 46
75 63 32 17 3 83 78
18 75 23 6 78 6 17
78 63 12 21 47 31 24
3 85 60 63 75 70 14
48 71 45 57 4 47 67
54 23 36 59 12 3 34
16 71 47 50 0 28 73
61 14 38 22 81 37 67
49 80 46 17 3 83 85
62 30 40 20 82 72 61
13 76 44 67 78 0 44
77 0 60 2 51 73 52
72 76 3 53 72 60 57
39 5 22 79 65 11 61
27 7 5 76 21 79 75
18 75 23 29 67 5 19
72 76 3 51 69 44 41
8 13 10 7 52 35 46
25 21 26 46 42 64 43
81 33 16 31 28 76 60
47 77 3 57 4 47 85
56 85 30 39 5 22 80
14 52 14 2 51 73 59
61 14 38 53 72 60 62
67 78 0 41 48 35 46
78 63 12 14 52 14 11
6 78 6 33 74 82 76
2 51 73 11 24 50 35
81 33 16 6 78 6 46
65 5 52 36 39 74 40
80 7 27 29 67 5 63
0 36 83 76 21 79 15
39 5 22 49 80 46 78
27 7 5 74 73 4 66
59 12 3 81 33 16 24
80 7 27 50 0 28 7
62 30 40 78 63 12 43
48 71 45 81 33 16 47
39 5 22 32 27 18 22
32 27 18 73 10 3 22
30 25 32 9 63 9 44
51 69 44 32 27 18 49
46 42 64 40 49 69 8
58 2 24 52 19 22 17
8 13 10 13 76 44 71
4 27 10 66 27 30 20
52 19 22 31 28 76 54
64 1 28 30 25 32 24
34 9 2 58 2 24 23
44 30 58 23 32 18 40
9 63 9 34 9 2 54
4 27 10 78 63 12 36
60 79 5 67 78 0 5
18 75 23 85 67 73 50
13 76 44 44 30 58 48
73 10 3 20 82 72 99
83 7 73 32 27 18 58
34 9 2 31 28 76 76
54 23 36 33 74 82 68
6 78 6 75 63 32 30
43 14 53 66 27 30 26
45 22 35 5 53 81 55
70 35 46 15 3 34 34
60 79 5 18 75 23 18
70 35 46 23 32 18 28
2 51 73 17 3 83 49
64 1 28 82 6 37 10
71 58 27 6 78 6 29
8 13 10 72 76 3 63
0 36 83 17 3 83 33
63 75 70 83 7 73 68
15 3 34 11 24 50 26
64 1 28 77 0 60 32
40 49 69 76 21 79 29
63 75 70 70 35 46 46
29 67 5 38 80 23 22
22 81 37 79 65 11 30
31 28 76 68 6 4 75
7 52 35 36 39 74 41
17 3 83 63 75 70 73
82 6 37 81 33 16 34
77 0 60 55 85 22 93
27 7 5 85 67 73 90
64 1 28 63 75 70 85
37 31 26 48 71 45 44
38 80 23 12 82 13 10
68 6 4 49 80 46 85
2 51 73 61 14 38 50
36 39 74 38 80 23 65
53 72 60 42 35 65 37
13 76 44 37 31 26 48
75 63 32 49 80 46 22
49 80 46 54 23 36 57
22 81 37 7 52 35 29
60 79 5 5 53 81 80
46 42 64 76 21 79 25
67 78 0 52 19 22 62
62 30 40 33 74 82 60
29 67 5 9 63 9 5
28 14 27 53 72 60 66
2 51 73 3 85 60 36
17 3 83 62 30 40 50
85 67 73 83 7 73 60
62 30 40 64 1 28 31
20 82 72 58 2 24 93
66 27 30 64 1 28 26
52 19 22 1 30 50 30
61 14 38 31 28 76 40
50 0 28 57 4 47 19
25 21 26 35 83 31 62
57 4 47 68 6 4 43
83 7 73 23 32 18 60
20 82 72 10 13 69 69
80 7 27 34 9 2 25
13 76 44 48 71 45 5
58 2 24 21 47 31 45
32 27 18 57 4 47 37
42 35 65 50 0 28 50
1 30 50 16 71 47 41
81 33 16 19 72 1 41
71 58 27 62 30 40 30
31 28 76 66 27 30 46
74 73 4 47 77 3 4
85 67 73 65 5 52 65
58 2 24 40 49 69 65
39 5 22 16 71 47 70
38 80 23 34 9 2 74
43 14 53 17 3 83 31
13 76 44 39 5 22 74
81 33 16 45 22 35 21
33 74 82 5 53 81 21
53 72 60 25 21 26 61
51 69 44 17 3 83 76
73 10 3 67 78 0 68
29 67 5 27 7 5 60
62 30 40 68 6 4 43
12 82 13 82 6 37 79
5 53 81 47 77 3 81
11 24 50 85 67 73 48
8 13 10 22 81 37 73
20 82 72 79 65 11 63
84 11 71 49 80 46 73
22 81 37 73 10 3 78
9 63 9 59 12 3 51
22 81 37 50 0 28 81
28 14 27 41 48 35 34
56 85 30 80 7 27 78
83 7 73 1 30 50 32
45 22 35 21 47 31 25
57 4 47 46 42 64 41
44 30 58 38 80 23 61
7 52 35 73 10 3 52
63 75 70 69 62 37 35
0 36 83 62 30 40 43
32 27 18 82 6 37 28
15 3 34 65 5 52 18
33 74 82 25 21 26 77
56 85 30 83 7 73 89
42 35 65 24 50 56 17
33 74 82 22 81 37 45
31 28 76 77 0 60 32
3 85 60 53 72 60 13
4 27 10 19 72 1 45
20 82 72 32 27 18 77
28 14 27 83 7 73 46
34 9 2 20 82 72 101
12 82 13 0 36 83 83
77 0 60 33 74 82 77
63 75 70 5 53 81 24
10 13 69 60 79 5 91
36 39 74 76 21 79 18
58 2 24 51 69 44 69
49 80 46 35 83 31 15
19 72 1 1 30 50 64
39 5 22 54 23 36 22
75 63 32 29 67 5 27
66 27 30 0 36 83 53
39 5 22 77 0 60 38
62 30 40 66 27 30 10
14 52 14 34 9 2 44
29 67 5 31 28 76 81
68 6 4 1 30 50 51
5 53 81 54 23 36 54
53 72 60 64 1 28 77
45 22 35 41 48 35 26
32 27 18 65 5 52 40
50 0 28 20 82 72 93
50 0 28 63 75 70 85
31 28 76 18 75 23 70
61 14 38 81 33 16 29
23 32 18 0 36 83 65
4 27 10 77 0 60 56
64 1 28 7 52 35 51
81 33 16 66 27 30 15
84 11 71 82 6 37 34
63 75 70 36 39 74 36
14 52 14 5 53 81 67
0 36 83 14 52 14 70
28 14 27 73 10 3 24
48 71 45 64 1 28 72
66 27 30 30 25 32 2
9 63 9 64 1 28 64
72 76 3 10 13 69 91
55 85 22 76 21 79 85
62 30 40 19 72 1 57
8 13 10 27 7 5 7
55 85 22 11 24 50 67
34 9 2 63 75 70 94
76 21 79 59 12 3 76
78 63 12 70 35 46 44
50 0 28 19 72 1 76
44 30 58 43 14 53 16
78 63 12 41 48 35 27
85 67 73 75 63 32 41
84 11 71 32 27 18 55
23 32 18 12 82 13 50
11 24 50 23 32 18 32
3 85 60 9 63 9 55
48 71 45 28 14 27 59
33 74 82 14 52 14 71
84 11 71 83 7 73 4
83 7 73 74 73 4 95
48 71 45 61 14 38 57
48 71 45 63 75 70 25
53 72 60 15 3 34 73
15 3 34 7 52 35 49
30 25 32 18 75 23 50
37 31 26 6 78 6 51
55 85 22 57 4 47 84
34 9 2 59 12 3 3
64 1 28 59 12 3 27
1 30 50 17 3 83 42
58 2 24 43 14 53 31
56 85 30 24 50 56 43
43 14 53 57 4 47 11
13 76 44 5 53 81 43
70 35 46 14 52 14 36
10 13 69 4 27 10 60
2 51 73 16 71 47 32
63 75 70 76 21 79 54
62 30 40 81 33 16 24
61 14 38 18 75 23 62
84 11 71 4 27 10 63
25 21 26 14 52 14 33
64 1 28 8 13 10 21
78 63 12 64 1 28 64
66 27 30 56 85 30 58
23 32 18 4 27 10 9
20 82 72 45 22 35 70
24 50 56 35 83 31 41
43 14 53 61 14 38 15
59 12 3 5 53 81 88
62 30 40 56 85 30 55
6 78 6 63 75 70 64
62 30 40 32 27 18 22
27 7 5 65 5 52 47
47 77 3 59 12 3 65
46 42 64 65 5 52 38
36 39 74 60 79 5 79
38 80 23 59 12 3 70
10 13 69 62 30 40 33
59 12 3 35 83 31 76
12 82 13 18 75 23 12
23 32 18 50 0 28 33
8 13 10 25 21 26 17
4 27 10 2 51 73 67
4 27 10 27 7 5 20
37 31 26 80 7 27 24
31 28 76 46 42 64 18
9 63 9 16 71 47 38
14 52 14 23 32 18 20
7 52 35 27 7 5 54
2 51 73 50 0 28 68
79 65 11 83 7 73 84
66 27 30 84 11 71 44
80 7 27 64 1 28 6
31 28 76 83 7 73 21
19 72 1 54 23 36 60
43 14 53 72 76 3 79
1 30 50 59 12 3 50
60 79 5 26 76 18 13
6 78 6 11 24 50 69
28 14 27 33 74 82 81
4 27 10 3 85 60 76
60 79 5 27 7 5 72
19 72 1 37 31 26 48
9 63 9 57 4 47 70
49 80 46 29 67 5 43
23 32 18 56 85 30 54
81 33 16 67 78 0 47
61 14 38 67 78 0 74
45 22 35 18 75 23 54
57 4 47 10 13 69 23
21 47 31 85 67 73 46
78 63 12 30 25 32 42
77 0 60 83 7 73 14
70 35 46 13 76 44 41
78 63 12 72 76 3 15
78 63 12 69 62 37 25
2 51 73 13 76 44 38
80 7 27 33 74 82 86
37 31 26 17 3 83 63
68 6 4 3 85 60 96
29 67 5 85 67 73 68
75 63 32 52 19 22 45
16 71 47 73 10 3 75
69 62 37 13 76 44 15
51 69 44 22 81 37 13
20 82 72 68 6 4 101
49 80 46 69 62 37 20
53 72 60 50 0 28 78
0 36 83 16 71 47 50
24 50 56 1 30 50 20
58 2 24 59 12 3 23
68 6 4 63 75 70 95
65 5 52 76 21 79 31
62 30 40 3 85 60 58
41 48 35 57 4 47 45
69 62 37 71 58 27 10
67 78 0 78 63 12 19
21 47 31 80 7 27 40
24 50 56 20 82 72 35
52 19 22 76 21 79 57
40 49 69 57 4 47 50
53 72 60 5 53 81 28
38 80 23 68 6 4 76
23 32 18 71 58 27 27
58 2 24 66 27 30 25
77 0 60 84 11 71 15
60 79 5 9 63 9 16
43 14 53 3 85 60 71
55 85 22 75 63 32 24
17 3 83 79 65 11 95
9 63 9 0 36 83 78
47 77 3 10 13 69 91
67 78 0 34 9 2 69
60 79 5 85 67 73 69
33 74 82 3 85 60 24
74 73 4 58 2 24 73
24 50 56 7 52 35 21
27 7 5 46 42 64 68
33 74 82 51 69 44 38
51 69 44 41 48 35 22
17 3 83 38 80 23 97
37 31 26 28 14 27 17
55 85 22 40 49 69 59
49 80 46 0 36 83 57
34 9 2 56 85 30 80
52 19 22 2 51 73 60
20 82 72 4 27 10 82
62 30 40 75 63 32 33
2 51 73 53 72 60 24