60 1770
12 55 4 54 52 34 30
52 52 38 38 42 35 10
23 3 5 45 32 14 30
24 54 54 2 26 46 29
27 6 39 57 14 38 8
50 52 54 40 38 5 50
16 42 0 3 48 19 19
37 29 0 14 15 45 47
30 53 27 46 54 54 27
30 53 27 39 6 21 47
19 21 52 6 15 32 20
57 14 38 30 53 27 40
40 38 5 17 12 53 54
8 18 38 59 22 51 13
25 3 17 6 15 32 19
46 54 54 8 18 38 39
14 15 45 13 56 40 41
12 55 4 18 13 36 52
20 50 36 47 52 38 2
12 55 4 59 22 51 57
45 32 14 39 6 21 26
18 13 36 27 6 39 7
25 3 17 24 54 54 63
4 40 26 43 55 5 25
48 26 24 1 7 14 21
53 6 11 18 13 36 25
12 55 4 45 32 14 25
37 29 0 3 48 19 26
49 34 3 1 7 14 29
40 38 5 58 21 47 45
44 32 29 0 22 24 11
51 0 31 19 21 52 29
53 6 11 0 22 24 20
8 18 38 40 38 5 38
50 52 54 36 56 12 42
23 3 5 10 51 48 64
11 4 4 46 54 54 70
24 54 54 9 26 47 28
38 42 35 28 35 44 11
33 22 54 30 53 27 41
39 6 21 59 22 51 34
15 56 29 31 53 43 14
26 22 51 39 6 21 34
4 40 26 33 22 54 33
17 12 53 12 55 4 65
57 14 38 16 42 0 47
54 52 34 57 14 38 38
16 42 0 56 48 57 57
27 6 39 23 3 5 34
12 55 4 31 53 43 39
36 56 12 8 18 38 46
19 21 52 29 38 47 17
25 3 17 37 29 0 31
54 52 34 5 34 49 23
19 21 52 15 56 29 41
8 18 38 7 44 48 27
52 52 38 19 21 52 34
4 40 26 13 56 40 21
10 51 48 25 3 17 57
35 54 19 54 52 34 15
4 40 26 58 21 47 28
13 56 40 39 6 21 53
50 52 54 29 38 47 15
43 55 5 33 22 54 59
40 38 5 2 26 46 42
56 48 57 48 26 24 39
41 4 5 1 7 14 9
13 56 40 50 52 54 14
28 35 44 14 15 45 20
22 47 55 58 21 47 27
58 21 47 45 32 14 34
38 42 35 56 48 57 22
1 7 14 13 56 40 55
55 51 58 52 52 38 20
44 32 29 57 14 38 20
36 56 12 20 50 36 24
48 26 24 21 5 15 22
35 54 19 5 34 49 36
59 22 51 43 55 5 56
9 26 47 21 5 15 38
24 54 54 6 15 32 44
19 21 52 41 4 5 49
8 18 38 13 56 40 38
49 34 3 51 0 31 44
25 3 17 1 7 14 5
44 32 29 53 6 11 31
21 5 15 5 34 49 44
23 3 5 34 32 55 57
18 13 36 11 4 4 33
20 50 36 41 4 5 55
7 44 48 39 6 21 46
58 21 47 16 42 0 51
26 22 51 29 38 47 16
17 12 53 0 22 24 30
56 48 57 28 35 44 18
14 15 45 41 4 5 41
55 51 58 12 55 4 54
30 53 27 13 56 40 13
53 6 11 3 48 19 42
48 26 24 39 6 21 20
1 7 14 19 21 52 40
46 54 54 48 26 24 41
31 53 43 39 6 21 51
8 18 38 21 5 15 26
28 35 44 2 26 46 9
39 6 21 58 21 47 30
27 6 39 3 48 19 46
14 15 45 42 38 24 31
15 56 29 4 40 26 16
24 54 54 14 15 45 40
49 34 3 25 3 17 34
28 35 44 18 13 36 23
11 4 4 41 4 5 1
34 32 55 15 56 29 35
20 50 36 27 6 39 44
32 45 16 4 40 26 11
34 32 55 40 38 5 50
14 15 45 26 22 51 9
46 54 54 10 51 48 6
39 6 21 51 0 31 11
32 45 16 45 32 14 13
35 54 19 24 54 54 35
36 56 12 10 51 48 36
11 4 4 32 45 16 42
13 56 40 44 32 29 26
2 26 46 5 34 49 8
31 53 43 27 6 39 47
3 48 19 45 32 14 16
7 44 48 1 7 14 50
26 22 51 44 32 29 24
34 32 55 44 32 29 26
8 18 38 55 51 58 38
38 42 35 8 18 38 24
16 42 0 13 56 40 42
13 56 40 21 5 15 56
39 6 21 18 13 36 16
59 22 51 42 38 24 31
38 42 35 15 56 29 15
41 4 5 8 18 38 35
47 52 38 32 45 16 23
23 3 5 19 21 52 50
34 32 55 59 22 51 10
47 52 38 7 44 48 12
30 53 27 49 34 3 30
56 48 57 26 22 51 26
4 40 26 9 26 47 25
9 26 47 52 52 38 27
2 26 46 37 29 0 46
4 40 26 23 3 5 42
30 53 27 20 50 36 9
38 42 35 54 52 34 10
5 34 49 32 45 16 34
52 52 38 58 21 47 32
21 5 15 58 21 47 35
41 4 5 33 22 54 52
47 52 38 35 54 19 19
55 51 58 15 56 29 29
13 56 40 52 52 38 4
19 21 52 56 48 57 27
5 34 49 46 54 54 20
5 34 49 16 42 0 49
8 18 38 23 3 5 36
47 52 38 11 4 4 58
29 38 47 8 18 38 21
17 12 53 55 51 58 39
48 26 24 20 50 36 26
37 29 0 46 54 54 59
29 38 47 4 40 26 21
24 54 54 47 52 38 16
1 7 14 9 26 47 38
53 6 11 26 22 51 43
32 45 16 19 21 52 43
11 4 4 51 0 31 27
54 52 34 4 40 26 14
33 22 54 58 21 47 7
1 7 14 36 56 12 49
40 38 5 57 14 38 40
1 7 14 32 45 16 38
11 4 4 31 53 43 62
28 35 44 48 26 24 21
19 21 52 11 4 4 50
23 3 5 37 29 0 26
10 51 48 50 52 54 6
35 54 19 32 45 16 9
42 38 24 10 51 48 27
59 22 51 37 29 0 51
4 40 26 3 48 19 10
43 55 5 29 38 47 45
10 51 48 52 52 38 10
19 21 52 13 56 40 37
3 48 19 31 53 43 24
0 22 24 6 15 32 10
41 4 5 47 52 38 58
33 22 54 32 45 16 44
6 15 32 49 34 3 34
10 51 48 41 4 5 63
48 26 24 5 34 49 26
44 32 29 18 13 36 20
1 7 14 46 54 54 61
47 52 38 36 56 12 26
26 22 51 46 54 54 32
12 55 4 26 22 51 57
12 55 4 9 26 47 51
2 26 46 6 15 32 17
16 42 0 43 55 5 13
30 53 27 54 52 34 7
57 14 38 59 22 51 15
4 40 26 34 32 55 30
41 4 5 45 32 14 29
16 42 0 35 54 19 22
6 15 32 45 32 14 24
1 7 14 18 13 36 22
36 56 12 32 45 16 11
10 51 48 40 38 5 44
9 26 47 47 52 38 27
0 22 24 18 13 36 15
19 21 52 58 21 47 5
1 7 14 29 38 47 45
2 26 46 22 47 55 22
18 13 36 42 38 24 27
25 3 17 48 26 24 24
27 6 39 40 38 5 46
49 34 3 36 56 12 23
47 52 38 48 26 24 29
33 22 54 57 14 38 17
37 29 0 57 14 38 40
27 6 39 51 0 31 10
43 55 5 39 6 21 51
9 26 47 30 53 27 33
16 42 0 50 52 54 54
47 52 38 17 12 53 42
0 22 24 29 38 47 28
3 48 19 39 6 21 42
44 32 29 33 22 54 26
24 54 54 58 21 47 33
1 7 14 34 32 55 48
40 38 5 5 34 49 44
20 50 36 15 56 29 9
2 26 46 7 44 48 18
36 56 12 30 53 27 15
17 12 53 10 51 48 39
39 6 21 1 7 14 7
21 5 15 6 15 32 19
39 6 21 35 54 19 48
57 14 38 36 56 12 49
29 38 47 46 54 54 17
17 12 53 49 34 3 54
20 50 36 40 38 5 33
18 13 36 50 52 54 42
23 3 5 20 50 36 56
42 38 24 4 40 26 2
3 48 19 40 38 5 17
10 51 48 20 50 36 12
28 35 44 19 21 52 16
48 26 24 54 52 34 27
34 32 55 16 42 0 55
21 5 15 22 47 55 58
14 15 45 6 15 32 13
46 54 54 39 6 21 58
12 55 4 29 38 47 46
40 38 5 51 0 31 46
28 35 44 46 54 54 21
17 12 53 43 55 5 64
10 51 48 26 22 51 29
20 50 36 14 15 45 36
49 34 3 45 32 14 11
6 15 32 57 14 38 6
18 13 36 45 32 14 29
2 26 46 8 18 38 11
44 32 29 41 4 5 36
33 22 54 22 47 55 25
11 4 4 36 56 12 52
2 26 46 51 0 31 30
35 54 19 49 34 3 25
14 15 45 53 6 11 35
41 4 5 42 38 24 38
53 6 11 57 14 38 28
51 0 31 52 52 38 52
29 38 47 39 6 21 41
8 18 38 58 21 47 9
52 52 38 4 40 26 16
13 56 40 17 12 53 45
23 3 5 21 5 15 10
4 40 26 49 34 3 23
25 3 17 21 5 15 2
50 52 54 11 4 4 69
34 32 55 19 21 52 11
16 42 0 26 22 51 54
16 42 0 21 5 15 39
31 53 43 16 42 0 44
23 3 5 22 47 55 66
59 22 51 19 21 52 1
18 13 36 2 26 46 16
42 38 24 50 52 54 33
24 54 54 48 26 24 41
14 15 45 43 55 5 56
43 55 5 46 54 54 49
52 52 38 39 6 21 49
47 52 38 13 56 40 4
47 52 38 8 18 38 34
54 52 34 32 45 16 19
6 15 32 46 54 54 44
56 48 57 32 45 16 41
3 48 19 54 52 34 15
41 4 5 23 3 5 1
4 40 26 5 34 49 23
47 52 38 30 53 27 11
33 22 54 5 34 49 13
26 22 51 36 56 12 51
48 26 24 13 56 40 34
47 52 38 2 26 46 27
40 38 5 47 52 38 35
15 56 29 1 7 14 51
50 52 54 1 7 14 60
51 0 31 1 7 14 18
45 32 14 0 22 24 14
1 7 14 55 51 58 62
18 13 36 57 14 38 2
38 42 35 2 26 46 19
10 51 48 44 32 29 26
30 53 27 14 15 45 42
48 26 24 58 21 47 23
8 18 38 31 53 43 35
15 56 29 39 6 21 50
3 48 19 51 0 31 49
18 13 36 16 42 0 46
39 6 21 17 12 53 32
25 3 17 17 12 53 37
59 22 51 1 7 14 39
26 22 51 37 29 0 51
12 55 4 35 54 19 15
45 32 14 46 54 54 45
45 32 14 4 40 26 14
50 52 54 19 21 52 31
19 21 52 10 51 48 30
58 21 47 9 26 47 5
9 26 47 45 32 14 33
24 54 54 15 56 29 25
57 14 38 19 21 52 15
35 54 19 38 42 35 20
2 26 46 55 51 58 27
39 6 21 9 26 47 32
13 56 40 0 22 24 37
24 54 54 21 5 15 62
17 12 53 6 15 32 21
39 6 21 44 32 29 27
36 56 12 4 40 26 21
40 38 5 22 47 55 50
17 12 53 56 48 57 36
53 6 11 21 5 15 4
5 34 49 25 3 17 44
41 4 5 49 34 3 30
17 12 53 31 53 43 42
38 42 35 48 26 24 19
33 22 54 54 52 34 36
54 52 34 27 6 39 46
56 48 57 37 29 0 60
33 22 54 25 3 17 41
24 54 54 26 22 51 32
36 56 12 0 22 24 36
15 56 29 5 34 49 29
36 56 12 53 6 11 50
16 42 0 33 22 54 57
42 38 24 16 42 0 24
5 34 49 6 15 32 25
10 51 48 33 22 54 29
15 56 29 6 15 32 41
3 48 19 59 22 51 41
43 55 5 19 21 52 58
33 22 54 42 38 24 34
18 13 36 46 54 54 44
31 53 43 47 52 38 5
53 6 11 42 38 24 34
58 21 47 11 4 4 46
41 4 5 40 38 5 34
45 32 14 19 21 52 39
58 21 47 34 32 55 13
43 55 5 53 6 11 49
6 15 32 9 26 47 18
3 48 19 42 38 24 11
39 6 21 2 26 46 32
15 56 29 43 55 5 24
7 44 48 3 48 19 29
34 32 55 52 52 38 26
43 55 5 1 7 14 48
11 4 4 13 56 40 63
49 34 3 37 29 0 5
40 38 5 56 48 57 52
22 47 55 51 0 31 52
3 48 19 23 3 5 47
46 54 54 57 14 38 43
31 53 43 46 54 54 11
43 55 5 27 6 39 59
24 54 54 28 35 44 21
58 21 47 13 56 40 35
50 52 54 21 5 15 61
35 54 19 11 4 4 52
5 34 49 36 56 12 43
37 29 0 55 51 58 62
57 14 38 24 54 54 43
2 26 46 20 50 36 26
19 21 52 31 53 43 33
36 56 12 23 3 5 53
1 7 14 17 12 53 39
41 4 5 39 6 21 16
50 52 54 58 21 47 31
20 50 36 8 18 38 32
44 32 29 22 47 55 30
56 48 57 24 54 54 6
46 54 54 51 0 31 58
20 50 36 49 34 3 36
40 38 5 43 55 5 17
35 54 19 19 21 52 46
28 35 44 5 34 49 5
8 18 38 4 40 26 25
20 50 36 54 52 34 2
28 35 44 8 18 38 18
4 40 26 26 22 51 30
0 22 24 33 22 54 30
58 21 47 1 7 14 35
2 26 46 10 51 48 25
44 32 29 52 52 38 21
3 48 19 6 15 32 35
51 0 31 14 15 45 20
7 44 48 42 38 24 24
21 5 15 7 44 48 51
43 55 5 20 50 36 31
30 53 27 29 38 47 25
35 54 19 40 38 5 21
22 47 55 49 34 3 53
5 34 49 45 32 14 35
36 56 12 15 56 29 17
18 13 36 56 48 57 40
2 26 46 1 7 14 37
33 22 54 59 22 51 3
45 32 14 2 26 46 32
12 55 4 47 52 38 34
7 44 48 37 29 0 50
57 14 38 32 45 16 38
12 55 4 16 42 0 13
31 53 43 26 22 51 32
8 18 38 27 6 39 12
32 45 16 18 13 36 37
34 32 55 38 42 35 22
26 22 51 42 38 24 31
58 21 47 59 22 51 4
27 6 39 6 15 32 11
29 38 47 11 4 4 54
12 55 4 38 42 35 33
41 4 5 34 32 55 57
15 56 29 42 38 24 18
0 22 24 30 53 27 31
16 42 0 52 52 38 39
51 0 31 24 54 54 58
35 54 19 4 40 26 15
6 15 32 29 38 47 27
25 3 17 31 53 43 56
13 56 40 9 26 47 30
53 6 11 28 35 44 43
50 52 54 2 26 46 27
2 26 46 59 22 51 6
52 52 38 30 53 27 11
27 6 39 22 47 55 44
16 42 0 19 21 52 56
19 21 52 48 26 24 28
33 22 54 21 5 15 42
57 14 38 21 5 15 24
58 21 47 0 22 24 23
53 6 11 29 38 47 48
41 4 5 56 48 57 68
31 53 43 28 35 44 18
6 15 32 41 4 5 29
19 21 52 55 51 58 30
19 21 52 5 34 49 13
53 6 11 47 52 38 53
40 38 5 19 21 52 49
36 56 12 13 56 40 28
45 32 14 27 6 39 36
0 22 24 52 52 38 33
10 51 48 30 53 27 21
13 56 40 12 55 4 36
58 21 47 53 6 11 39
49 34 3 54 52 34 35
58 21 47 57 14 38 11
33 22 54 40 38 5 51
49 34 3 28 35 44 41
25 3 17 44 32 29 31
58 21 47 27 6 39 17
42 38 24 55 51 58 36
26 22 51 19 21 52 1
32 45 16 20 50 36 20
9 26 47 35 54 19 39
45 32 14 20 50 36 28
35 54 19 18 13 36 44
10 51 48 13 56 40 9
11 4 4 44 32 29 37
2 26 46 9 26 47 1
13 56 40 3 48 19 22
16 42 0 7 44 48 48
49 34 3 14 15 45 46
30 53 27 48 26 24 27
11 4 4 43 55 5 51
10 51 48 1 7 14 55
16 42 0 8 18 38 44
29 38 47 56 48 57 14
53 6 11 12 55 4 49
42 38 24 34 32 55 31
5 34 49 50 52 54 18
55 51 58 21 5 15 62
48 26 24 2 26 46 22
59 22 51 5 34 49 12
15 56 29 57 14 38 42
31 53 43 55 51 58 15
50 52 54 15 56 29 25
47 52 38 1 7 14 51
22 47 55 24 54 54 7
28 35 44 55 51 58 21
2 26 46 46 54 54 29
41 4 5 54 52 34 56
25 3 17 45 32 14 29
23 3 5 15 56 29 58
32 45 16 16 42 0 16
38 42 35 27 6 39 36
28 35 44 11 4 4 50
33 22 54 9 26 47 8
52 52 38 54 52 34 4
11 4 4 21 5 15 11
57 14 38 5 34 49 22
54 52 34 21 5 15 50
22 47 55 16 42 0 55
17 12 53 4 40 26 38
27 6 39 30 53 27 48
6 15 32 16 42 0 41
21 5 15 59 22 51 39
18 13 36 49 34 3 39
22 47 55 35 54 19 36
49 34 3 46 54 54 54
55 51 58 6 15 32 44
28 35 44 43 55 5 43
24 54 54 54 52 34 20
16 42 0 27 6 39 53
34 32 55 37 29 0 55
0 22 24 55 51 58 44
29 38 47 52 52 38 16
48 26 24 9 26 47 23
32 45 16 13 56 40 26
2 26 46 26 22 51 6
30 53 27 4 40 26 13
55 51 58 22 47 55 5
45 32 14 51 0 31 36
47 52 38 14 15 45 37
14 15 45 12 55 4 57
39 6 21 5 34 49 39
34 32 55 6 15 32 28
1 7 14 35 54 19 47
38 42 35 29 38 47 12
30 53 27 42 38 24 15
55 51 58 53 6 11 65
59 22 51 53 6 11 43
47 52 38 16 42 0 39
37 29 0 41 4 5 25
5 34 49 18 13 36 24
51 0 31 6 15 32 15
29 38 47 25 3 17 46
25 3 17 12 55 4 53
44 32 29 24 54 54 33
42 38 24 47 52 38 19
1 7 14 31 53 43 54
23 3 5 14 15 45 41
59 22 51 48 26 24 27
33 22 54 15 56 29 42
30 53 27 19 21 52 40
7 44 48 22 47 55 7
29 38 47 7 44 48 6
46 54 54 58 21 47 33
39 6 21 24 54 54 58
55 51 58 47 52 38 20
43 55 5 30 53 27 22
43 55 5 13 56 40 35
18 13 36 47 52 38 39
2 26 46 56 48 57 24
56 48 57 0 22 24 42
47 52 38 28 35 44 18
6 15 32 10 51 48 39
7 44 48 23 3 5 59
11 4 4 26 22 51 50
47 52 38 37 29 0 44
56 48 57 47 52 38 19
44 32 29 40 38 5 24
8 18 38 17 12 53 16
3 48 19 55 51 58 39
58 21 47 17 12 53 10
33 22 54 52 52 38 34
0 22 24 12 55 4 38
58 21 47 15 56 29 39
32 45 16 22 47 55 39
54 52 34 23 3 5 56
1 7 14 40 38 5 32
3 48 19 41 4 5 46
16 42 0 30 53 27 29
35 54 19 20 50 36 17
51 0 31 56 48 57 54
33 22 54 49 34 3 52
55 51 58 56 48 57 3
6 15 32 44 32 29 17
22 47 55 43 55 5 50
31 53 43 2 26 46 27
29 38 47 54 52 34 19
35 54 19 59 22 51 45
21 5 15 27 6 39 24
45 32 14 34 32 55 41
56 48 57 15 56 29 29
16 42 0 54 52 34 35
26 22 51 25 3 17 38
35 54 19 37 29 0 31
6 15 32 40 38 5 35
9 26 47 46 54 54 28
55 51 58 51 0 31 57
15 56 29 41 4 5 57
24 54 54 13 56 40 14
33 22 54 37 29 0 54
40 38 5 28 35 44 39
28 35 44 37 29 0 44
32 45 16 53 6 11 39
38 42 35 19 21 52 27
17 12 53 42 38 24 38
54 52 34 43 55 5 29
50 52 54 41 4 5 68
35 54 19 51 0 31 55
0 22 24 22 47 55 39
45 32 14 47 52 38 31
49 34 3 16 42 0 8
23 3 5 30 53 27 54
47 52 38 49 34 3 39
5 34 49 31 53 43 19
4 40 26 27 6 39 36
59 22 51 11 4 4 50
4 40 26 55 51 58 33
3 48 19 2 26 46 34
38 42 35 5 34 49 16
36 56 12 45 32 14 24
36 56 12 6 15 32 45
34 32 55 22 47 55 15
56 48 57 53 6 11 62
34 32 55 36 56 12 49
31 53 43 37 29 0 49
25 3 17 30 53 27 50
11 4 4 17 12 53 49
22 47 55 31 53 43 13
3 48 19 8 18 38 35
47 52 38 54 52 34 4
19 21 52 46 54 54 33
57 14 38 55 51 58 42
30 53 27 26 22 51 39
21 5 15 52 52 38 52
49 34 3 19 21 52 50
0 22 24 1 7 14 18
23 3 5 49 34 3 31
56 48 57 31 53 43 14
44 32 29 37 29 0 29
57 14 38 42 38 24 27
15 56 29 0 22 24 34
44 32 29 30 53 27 21
27 6 39 19 21 52 19
53 6 11 19 21 52 43
17 12 53 5 34 49 22
56 48 57 20 50 36 21
58 21 47 55 51 58 31
30 53 27 53 6 11 49
47 52 38 39 6 21 49
0 22 24 35 54 19 32
17 12 53 30 53 27 48
7 44 48 11 4 4 59
40 38 5 23 3 5 35
2 26 46 36 56 12 45
1 7 14 26 22 51 39
3 48 19 38 42 35 17
9 26 47 49 34 3 44
40 38 5 24 54 54 51
29 38 47 32 45 16 31
17 12 53 15 56 29 50
38 42 35 9 26 47 20
25 3 17 7 44 48 51
24 54 54 33 22 54 32
29 38 47 9 26 47 12
34 32 55 29 38 47 10
12 55 4 34 32 55 55
12 55 4 36 56 12 8
39 6 21 53 6 11 10
52 52 38 18 13 36 39
59 22 51 6 15 32 20
27 6 39 52 52 38 46
6 15 32 53 6 11 22
47 52 38 15 56 29 9
26 22 51 27 6 39 20
7 44 48 15 56 29 22
59 22 51 15 56 29 40
0 22 24 28 35 44 23
58 21 47 51 0 31 26
5 34 49 13 56 40 23
49 34 3 12 55 4 21
23 3 5 57 14 38 34
8 18 38 53 6 11 29
25 3 17 43 55 5 53
39 6 21 36 56 12 50
57 14 38 26 22 51 15
30 53 27 11 4 4 54
41 4 5 58 21 47 45
44 32 29 20 50 36 19
15 56 29 35 54 19 10
29 38 47 58 21 47 17
54 52 34 58 21 47 33
31 53 43 52 52 38 5
49 34 3 26 22 51 49
38 42 35 20 50 36 8
17 12 53 48 26 24 32
21 5 15 17 12 53 38
48 26 24 32 45 16 20
6 15 32 52 52 38 37
41 4 5 27 6 39 34
30 53 27 55 51 58 31
14 15 45 8 18 38 7
9 26 47 55 51 58 27
34 32 55 46 54 54 22
34 32 55 11 4 4 58
56 48 57 33 22 54 26
58 21 47 36 56 12 49
5 34 49 52 52 38 21
38 42 35 32 45 16 19
8 18 38 6 15 32 6
44 32 29 8 18 38 16
7 44 48 24 54 54 11
21 5 15 43 55 5 50
52 52 38 25 3 17 53
34 32 55 35 54 19 42
32 45 16 51 0 31 47
12 55 4 46 54 54 50
7 44 48 31 53 43 10
27 6 39 29 38 47 32
44 32 29 15 56 29 24
36 56 12 37 29 0 29
43 55 5 32 45 16 14
40 38 5 37 29 0 10
42 38 24 2 26 46 25
38 42 35 1 7 14 40
36 56 12 56 48 57 45
24 54 54 31 53 43 11
23 3 5 46 54 54 70
16 42 0 41 4 5 38
27 6 39 15 56 29 50
21 5 15 0 22 24 19
58 21 47 6 15 32 16
3 48 19 25 3 17 45
23 3 5 42 38 24 39
24 54 54 16 42 0 55
43 55 5 52 52 38 33
8 18 38 1 7 14 26
36 56 12 7 44 48 37
22 47 55 6 15 32 39
0 22 24 50 52 54 42
34 32 55 51 0 31 40
45 32 14 43 55 5 24
30 53 27 2 26 46 33
24 54 54 3 48 19 35
19 21 52 2 26 46 7
49 34 3 38 42 35 32
59 22 51 54 52 34 34
40 38 5 38 42 35 30
7 44 48 0 22 24 32
16 42 0 40 38 5 6
13 56 40 29 38 47 19
59 22 51 20 50 36 31
18 13 36 30 53 27 41
12 55 4 42 38 24 26
23 3 5 31 53 43 62
19 21 52 7 44 48 23
24 54 54 5 34 49 20
3 48 19 18 13 36 38
14 15 45 39 6 21 25
51 0 31 13 56 40 56
7 44 48 14 15 45 29
20 50 36 46 54 54 18
30 53 27 32 45 16 13
35 54 19 8 18 38 40
59 22 51 22 47 55 25
42 38 24 48 26 24 12
9 26 47 26 22 51 5
33 22 54 55 51 58 29
0 22 24 47 52 38 33
31 53 43 13 56 40 4
33 22 54 23 3 5 52
47 52 38 5 34 49 21
47 52 38 4 40 26 16
33 22 54 19 21 52 2
33 22 54 3 48 19 43
5 34 49 26 22 51 12
45 32 14 22 47 55 43
52 52 38 1 7 14 51
51 0 31 41 4 5 26
48 26 24 3 48 19 22
45 32 14 26 22 51 38
48 26 24 52 52 38 29
1 7 14 37 29 0 26
8 18 38 11 4 4 36
56 48 57 5 34 49 16
11 4 4 45 32 14 29
27 6 39 11 4 4 35
38 42 35 53 6 11 43
18 13 36 43 55 5 52
52 52 38 47 52 38 0
35 54 19 36 56 12 7
0 22 24 27 6 39 21
27 6 39 49 34 3 45
33 22 54 36 56 12 54
54 52 34 26 22 51 34
28 35 44 30 53 27 24
15 56 29 52 52 38 9
46 54 54 55 51 58 5
31 53 43 48 26 24 33
34 32 55 43 55 5 55
4 40 26 10 51 48 24
28 35 44 17 12 53 24
52 52 38 45 32 14 31
13 56 40 27 6 39 50
58 21 47 14 15 45 6
4 40 26 18 13 36 28
54 52 34 11 4 4 56
32 45 16 15 56 29 17
27 6 39 59 22 51 20
49 34 3 53 6 11 29
57 14 38 1 7 14 25
12 55 4 33 22 54 59
6 15 32 20 50 36 35
1 7 14 30 53 27 47
41 4 5 32 45 16 42
14 15 45 57 14 38 7
23 3 5 1 7 14 9
56 48 57 11 4 4 68
51 0 31 16 42 0 52
1 7 14 20 50 36 48
12 55 4 32 45 16 15
51 0 31 28 35 44 37
29 38 47 49 34 3 44
29 38 47 48 26 24 25
23 3 5 32 45 16 43
38 42 35 21 5 15 42
40 38 5 0 22 24 24
46 54 54 0 22 24 43
36 56 12 22 47 55 43
32 45 16 58 21 47 39
23 3 5 55 51 58 71
18 13 36 15 56 29 43
58 21 47 10 51 48 30
44 32 29 46 54 54 33
7 44 48 27 6 39 39
2 26 46 25 3 17 37
59 22 51 17 12 53 10
48 26 24 53 6 11 23
58 21 47 28 35 44 14
29 38 47 15 56 29 25
55 51 58 41 4 5 70
56 48 57 57 14 38 38
39 6 21 50 52 54 56
56 48 57 46 54 54 6
20 50 36 50 52 54 18
33 22 54 8 18 38 16
39 6 21 20 50 36 46
44 32 29 49 34 3 26
22 47 55 54 52 34 21
38 42 35 22 47 55 20
36 56 12 16 42 0 18
9 26 47 57 14 38 15
41 4 5 5 34 49 53
5 34 49 34 32 55 6
42 38 24 11 4 4 39
36 56 12 52 52 38 26
41 4 5 26 22 51 49
54 52 34 45 32 14 28
20 50 36 13 56 40 7
55 51 58 16 42 0 58
38 42 35 45 32 14 23
58 21 47 3 48 19 38
11 4 4 4 40 26 42
34 32 55 32 45 16 41
37 29 0 20 50 36 41
2 26 46 0 22 24 22
27 6 39 28 35 44 29
16 42 0 46 54 54 55
16 42 0 37 29 0 13
40 38 5 53 6 11 32
7 44 48 34 32 55 13
34 32 55 26 22 51 10
35 54 19 44 32 29 24
46 54 54 21 5 15 62
37 29 0 39 6 21 31
44 32 29 32 45 16 18
17 12 53 53 6 11 42
50 52 54 22 47 55 5
6 15 32 4 40 26 25
2 26 46 57 14 38 14
38 42 35 17 12 53 34
0 22 24 11 4 4 26
18 13 36 33 22 54 20
45 32 14 50 52 54 44
5 34 49 42 38 24 25
38 42 35 31 53 43 13
38 42 35 16 42 0 35
11 4 4 2 26 46 47
49 34 3 31 53 43 44
56 48 57 1 7 14 59
27 6 39 10 51 48 45
26 22 51 20 50 36 31
54 52 34 37 29 0 41
7 44 48 44 32 29 22
4 40 26 22 47 55 29
43 55 5 57 14 38 52
48 26 24 11 4 4 29
39 6 21 19 21 52 34
18 13 36 19 21 52 17
33 22 54 20 50 36 33
31 53 43 35 54 19 24
54 52 34 56 48 57 23
28 35 44 36 56 12 38
2 26 46 4 40 26 24
14 15 45 34 32 55 19
7 44 48 28 35 44 9
36 56 12 59 22 51 51
59 22 51 4 40 26 30
22 47 55 26 22 51 25
24 54 54 18 13 36 44
10 51 48 48 26 24 34
28 35 44 6 15 32 23
8 18 38 54 52 34 34
43 55 5 12 55 4 1
0 22 24 23 3 5 26
0 22 24 49 34 3 24
19 21 52 17 12 53 9
54 52 34 51 0 31 52
22 47 55 18 13 36 38
44 32 29 55 51 58 34
51 0 31 59 22 51 29
45 32 14 15 56 29 28
46 54 54 40 38 5 51
55 51 58 14 15 45 38
49 34 3 8 18 38 38
21 5 15 31 53 43 55
16 42 0 23 3 5 39
26 22 51 59 22 51 0
37 29 0 58 21 47 47
24 54 54 43 55 5 49
25 3 17 53 6 11 6
2 26 46 12 55 4 51
15 56 29 22 47 55 27
43 55 5 5 34 49 48
23 3 5 58 21 47 45
30 53 27 22 47 55 28
53 6 11 33 22 54 45
45 32 14 10 51 48 38
33 22 54 47 52 38 34
10 51 48 22 47 55 8
39 6 21 49 34 3 33
35 54 19 57 14 38 44
39 6 21 16 42 0 41
8 18 38 32 45 16 34
30 53 27 3 48 19 9
3 48 19 15 56 29 12
42 38 24 40 38 5 19
35 54 19 46 54 54 35
50 52 54 14 15 45 38
24 54 54 37 29 0 59
34 32 55 21 5 15 48
52 52 38 49 34 3 39
29 38 47 47 52 38 16
18 13 36 14 15 45 9
42 38 24 36 56 12 21
51 0 31 53 6 11 20
4 40 26 44 32 29 8
15 56 29 8 18 38 39
40 38 5 30 53 27 26
7 44 48 33 22 54 22
23 3 5 44 32 29 37
54 52 34 2 26 46 28
50 52 54 52 52 38 16
56 48 57 52 52 38 19
41 4 5 9 26 47 47
38 42 35 4 40 26 9
45 32 14 7 44 48 36
43 55 5 35 54 19 14
22 47 55 42 38 24 32
2 26 46 58 21 47 5
25 3 17 46 54 54 63
51 0 31 31 53 43 54
1 7 14 33 22 54 42
27 6 39 50 52 54 48
5 34 49 55 51 58 19
57 14 38 34 32 55 24
41 4 5 31 53 43 62
0 22 24 42 38 24 16
37 29 0 17 12 53 55
34 32 55 2 26 46 10
58 21 47 43 55 5 54
9 26 47 40 38 5 43
48 26 24 45 32 14 11
37 29 0 21 5 15 28
52 52 38 28 35 44 18
8 18 38 51 0 31 19
2 26 46 43 55 5 50
28 35 44 57 14 38 21
17 12 53 41 4 5 48
21 5 15 40 38 5 34
0 22 24 8 18 38 14
29 38 47 44 32 29 18
3 48 19 9 26 47 35
37 29 0 22 47 55 57
34 32 55 9 26 47 10
39 6 21 54 52 34 47
20 50 36 21 5 15 49
32 45 16 9 26 47 36
7 44 48 46 54 54 11
45 32 14 40 38 5 10
42 38 24 19 21 52 32
24 54 54 42 38 24 34
24 54 54 49 34 3 54
4 40 26 46 54 54 31
9 26 47 27 6 39 21
33 22 54 38 42 35 27
24 54 54 45 32 14 45
43 55 5 38 42 35 32
14 15 45 38 42 35 28
14 15 45 9 26 47 11
20 50 36 53 6 11 50
3 48 19 26 22 51 41
55 51 58 11 4 4 71
19 21 52 4 40 26 32
24 54 54 10 51 48 6
34 32 55 53 6 11 51
0 22 24 41 4 5 26
44 32 29 54 52 34 20
59 22 51 47 52 38 32
28 35 44 50 52 54 19
51 0 31 0 22 24 23
32 45 16 3 48 19 4
38 42 35 26 22 51 25
38 42 35 10 51 48 15
51 0 31 7 44 48 47
29 38 47 18 13 36 27
58 21 47 20 50 36 31
17 12 53 2 26 46 15
13 56 40 28 35 44 21
35 54 19 6 15 32 41
26 22 51 35 54 19 45
13 56 40 41 4 5 62
42 38 24 58 21 47 28
52 52 38 22 47 55 17
31 53 43 44 32 29 25
26 22 51 40 38 5 48
11 4 4 20 50 36 56
25 3 17 57 14 38 23
53 6 11 54 52 34 51
17 12 53 24 54 54 42
25 3 17 15 56 29 54
50 52 54 17 12 53 40
41 4 5 29 38 47 54
6 15 32 23 3 5 29
18 13 36 13 56 40 43
22 47 55 19 21 52 26
15 56 29 2 26 46 34
29 38 47 21 5 15 45
23 3 5 52 52 38 59
10 51 48 14 15 45 36
11 4 4 25 3 17 13
11 4 4 24 54 54 70
18 13 36 48 26 24 17
5 34 49 11 4 4 54
26 22 51 7 44 48 22
22 47 55 12 55 4 51
7 44 48 56 48 57 9
56 48 57 50 52 54 5
6 15 32 30 53 27 38
48 26 24 40 38 5 22
43 55 5 10 51 48 43
42 38 24 38 42 35 11
42 38 24 51 0 31 38
49 34 3 21 5 15 31
2 26 46 27 6 39 21
25 3 17 18 13 36 21
23 3 5 9 26 47 47
15 56 29 49 34 3 34
38 42 35 46 54 54 22
43 55 5 7 44 48 44
55 51 58 24 54 54 5
28 35 44 39 6 21 37
25 3 17 13 56 40 57
39 6 21 55 51 58 58
0 22 24 25 3 17 20
0 22 24 39 6 21 16
15 56 29 30 53 27 3
16 42 0 20 50 36 36
27 6 39 36 56 12 56
44 32 29 48 26 24 7
58 21 47 18 13 36 13
11 4 4 9 26 47 48
18 13 36 26 22 51 17
6 15 32 50 52 54 43
14 15 45 56 48 57 35
24 54 54 12 55 4 50
26 22 51 15 56 29 40
53 6 11 2 26 46 40
39 6 21 22 47 55 53
44 32 29 17 12 53 31
4 40 26 53 6 11 37
40 38 5 55 51 58 54
2 26 46 13 56 40 30
7 44 48 5 34 49 10
57 14 38 11 4 4 35
26 22 51 6 15 32 20
50 52 54 55 51 58 4
20 50 36 29 38 47 16
35 54 19 28 35 44 31
49 34 3 13 56 40 43
47 52 38 46 54 54 16
14 15 45 33 22 54 11
57 14 38 38 42 35 28
41 4 5 25 3 17 12
49 34 3 5 34 49 46
53 6 11 5 34 49 47
38 42 35 23 3 5 49
4 40 26 57 14 38 28
54 52 34 15 56 29 6
30 53 27 8 18 38 36
24 54 54 19 21 52 33
3 48 19 29 38 47 29
0 22 24 43 55 5 38
25 3 17 56 48 57 60
55 51 58 13 56 40 18
16 42 0 9 26 47 49
55 51 58 10 51 48 10
29 38 47 45 32 14 33
55 51 58 27 6 39 48
9 26 47 25 3 17 37
51 0 31 21 5 15 16
36 56 12 14 15 45 52
13 56 40 22 47 55 17
10 51 48 37 29 0 52
8 18 38 39 6 21 20
0 22 24 4 40 26 18
36 56 12 18 13 36 49
31 53 43 45 32 14 35
58 21 47 25 3 17 34
25 3 17 39 6 21 5
28 35 44 29 38 47 4
45 32 14 37 29 0 14
42 38 24 39 6 21 32
9 26 47 19 21 52 7
48 26 24 27 6 39 25
24 54 54 8 18 38 39
40 38 5 15 56 29 30
29 38 47 2 26 46 12
53 6 11 46 54 54 64
23 3 5 12 55 4 52
23 3 5 5 34 49 53
53 6 11 13 56 40 57
13 56 40 34 32 55 28
2 26 46 16 42 0 48
19 21 52 47 52 38 34
57 14 38 51 0 31 15
15 56 29 46 54 54 25
35 54 19 13 56 40 21
59 22 51 25 3 17 38
31 53 43 30 53 27 16
24 54 54 36 56 12 42
36 56 12 38 42 35 26
59 22 51 52 52 38 32
55 51 58 45 32 14 47
0 22 24 54 52 34 31
21 5 15 30 53 27 49
2 26 46 32 45 16 35
38 42 35 6 15 32 27
49 34 3 43 55 5 21
7 44 48 53 6 11 53
38 42 35 59 22 51 25
59 22 51 44 32 29 24
46 54 54 41 4 5 70
32 45 16 52 52 38 23
34 32 55 31 53 43 24
12 55 4 7 44 48 45
22 47 55 25 3 17 58
34 32 55 17 12 53 20
32 45 16 14 15 45 41
52 52 38 42 38 24 19
52 52 38 11 4 4 58
35 54 19 50 52 54 35
52 52 38 2 26 46 27
52 52 38 24 54 54 16
44 32 29 36 56 12 29
52 52 38 14 15 45 37
31 53 43 42 38 24 24
20 50 36 18 13 36 37
24 54 54 4 40 26 31
30 53 27 50 52 54 27
31 53 43 18 13 36 40
29 38 47 33 22 54 17
49 34 3 55 51 58 57
10 51 48 0 22 24 37
24 54 54 38 42 35 22
49 34 3 50 52 54 54
44 32 29 28 35 44 15
44 32 29 5 34 49 20
10 51 48 3 48 19 29
3 48 19 50 52 54 35
39 6 21 57 14 38 18
27 6 39 25 3 17 22
27 6 39 33 22 54 21
30 53 27 7 44 48 22
13 56 40 59 22 51 35
55 51 58 20 50 36 22
12 55 4 10 51 48 44
53 6 11 22 47 55 60
43 55 5 8 18 38 49
48 26 24 43 55 5 34
24 54 54 34 32 55 22
4 40 26 37 29 0 28
47 52 38 58 21 47 32
22 47 55 17 12 53 35
59 22 51 56 48 57 26
6 15 32 18 13 36 4
0 22 24 48 26 24 4
18 13 36 17 12 53 17
8 18 38 52 52 38 34
37 29 0 42 38 24 25
27 6 39 56 48 57 45
14 15 45 46 54 54 40
40 38 5 11 4 4 34
9 26 47 0 22 24 23
9 26 47 17 12 53 15
4 40 26 56 48 57 32
30 53 27 58 21 47 37
47 52 38 57 14 38 38
53 6 11 50 52 54 62
59 22 51 18 13 36 17
33 22 54 31 53 43 32
57 14 38 29 38 47 25
8 18 38 37 29 0 39
21 5 15 36 56 12 51
41 4 5 59 22 51 49
9 26 47 10 51 48 25
32 45 16 24 54 54 39
48 26 24 26 22 51 27
52 52 38 7 44 48 12
1 7 14 6 15 32 19
55 51 58 26 22 51 29
48 26 24 51 0 31 26
21 5 15 45 32 14 27
33 22 54 28 35 44 16
44 32 29 12 55 4 33
54 52 34 7 44 48 16
11 4 4 53 6 11 7
41 4 5 24 54 54 70
52 52 38 17 12 53 42
19 21 52 12 55 4 58
8 18 38 50 52 54 37
9 26 47 36 56 12 46
7 44 48 10 51 48 7
2 26 46 23 3 5 47
35 54 19 30 53 27 8
1 7 14 54 52 34 49
43 55 5 37 29 0 26
7 44 48 13 56 40 14
14 15 45 2 26 46 11
26 22 51 52 52 38 32
17 12 53 32 45 16 49
6 15 32 47 52 38 37
11 4 4 14 15 45 42
56 48 57 23 3 5 68
21 5 15 19 21 52 40
9 26 47 5 34 49 8
1 7 14 44 32 29 29
42 38 24 1 7 14 32
50 52 54 59 22 51 30
20 50 36 22 47 55 19
13 56 40 6 15 32 41
25 3 17 28 35 44 41
56 48 57 3 48 19 38
15 56 29 53 6 11 53
8 18 38 57 14 38 4
59 22 51 31 53 43 32
12 55 4 58 21 47 54
12 55 4 30 53 27 23
4 40 26 51 0 31 40
16 42 0 11 4 4 38
4 40 26 20 50 36 14
39 6 21 33 22 54 36
3 48 19 46 54 54 35
26 22 51 8 18 38 13
13 56 40 56 48 57 18
21 5 15 35 54 19 49
49 34 3 2 26 46 43
8 18 38 56 48 57 35
14 15 45 17 12 53 8
42 38 24 49 34 3 21
56 48 57 34 32 55 16
54 52 34 9 26 47 29
27 6 39 17 12 53 15
13 56 40 54 52 34 7
37 29 0 6 15 32 34
41 4 5 35 54 19 51
25 3 17 50 52 54 61
20 50 36 28 35 44 17
20 50 36 3 48 19 17
50 52 54 37 29 0 58
3 48 19 11 4 4 46
35 54 19 10 51 48 29
56 48 57 10 51 48 9
34 32 55 50 52 54 20
59 22 51 0 22 24 27
12 55 4 56 48 57 53
50 52 54 54 52 34 20
34 32 55 49 34 3 52
21 5 15 32 45 16 40
31 53 43 50 52 54 11
56 48 57 30 53 27 30
38 42 35 11 4 4 49
19 21 52 0 22 24 28
21 5 15 56 48 57 60
51 0 31 26 22 51 29
36 56 12 25 3 17 53
59 22 51 30 53 27 39
25 3 17 32 45 16 42
39 6 21 23 3 5 16
57 14 38 12 55 4 53
39 6 21 40 38 5 35
26 22 51 58 21 47 4
29 38 47 14 15 45 23
7 44 48 18 13 36 33
21 5 15 18 13 36 22
12 55 4 28 35 44 44
51 0 31 38 42 35 42
3 48 19 47 52 38 19
23 3 5 17 12 53 48
42 38 24 56 48 57 34
48 26 24 4 40 26 14
42 38 24 54 52 34 17
10 51 48 5 34 49 17
45 32 14 17 12 53 43
4 40 26 1 7 14 35
16 42 0 10 51 48 48
9 26 47 15 56 29 34
13 56 40 33 22 54 36
49 34 3 57 14 38 40
20 50 36 24 54 54 18
10 51 48 28 35 44 16
51 0 31 50 52 54 56
55 51 58 59 22 51 29
26 22 51 43 55 5 56
28 35 44 4 40 26 18
1 7 14 27 6 39 25
8 18 38 19 21 52 14
23 3 5 53 6 11 6
30 53 27 51 0 31 53
16 42 0 48 26 24 28
33 22 54 45 32 14 41
28 35 44 23 3 5 50
42 38 24 29 38 47 23
23 3 5 25 3 17 12
57 14 38 31 53 43 39
5 34 49 20 50 36 20
29 38 47 37 29 0 47
57 14 38 17 12 53 15
17 12 53 33 22 54 10
22 47 55 5 34 49 14
58 21 47 5 34 49 13
51 0 31 9 26 47 30
3 48 19 44 32 29 18
20 50 36 34 32 55 26
1 7 14 22 47 55 57
28 35 44 32 45 16 29
37 29 0 15 56 29 39
9 26 47 22 47 55 22
37 29 0 48 26 24 24
50 52 54 24 54 54 2
41 4 5 43 55 5 51
27 6 39 53 6 11 28
34 32 55 0 22 24 32
51 0 31 29 38 47 41
41 4 5 28 35 44 49
42 38 24 32 45 16 10
34 32 55 39 6 21 42
56 48 57 45 32 14 45
50 52 54 23 3 5 69
57 14 38 52 52 38 38
3 48 19 43 55 5 15
27 6 39 12 55 4 60
4 40 26 14 15 45 31
30 53 27 38 42 35 13
12 55 4 21 5 15 51
19 21 52 3 48 19 42
45 32 14 53 6 11 26
22 47 55 48 26 24 37
43 55 5 51 0 31 60
56 48 57 9 26 47 24
8 18 38 48 26 24 16
37 29 0 13 56 40 48
43 55 5 23 3 5 52
4 40 26 7 44 48 22
6 15 32 54 52 34 37
9 26 47 7 44 48 18
53 6 11 1 7 14 3
33 22 54 11 4 4 53
28 35 44 59 22 51 14
51 0 31 20 50 36 50
3 48 19 36 56 12 10
15 56 29 11 4 4 57
16 42 0 25 3 17 42
42 38 24 9 26 47 25
22 47 55 3 48 19 36
29 38 47 22 47 55 12
6 15 32 32 45 16 34
37 29 0 32 45 16 22
21 5 15 3 48 19 43
31 53 43 54 52 34 9
6 15 32 43 55 5 48
49 34 3 59 22 51 49
4 40 26 21 5 15 36
11 4 4 49 34 3 30
8 18 38 45 32 14 27
0 22 24 5 34 49 27
0 22 24 16 42 0 31
28 35 44 22 47 55 16
44 32 29 19 21 52 25
37 29 0 27 6 39 45
13 56 40 38 42 35 14
20 50 36 9 26 47 26
13 56 40 42 38 24 24
10 51 48 8 18 38 34
28 35 44 1 7 14 41
18 13 36 37 29 0 39
38 42 35 41 4 5 48
6 15 32 31 53 43 39
7 44 48 58 21 47 23
40 38 5 4 40 26 21
46 54 54 22 47 55 7
30 53 27 37 29 0 36
23 3 5 51 0 31 26
32 45 16 0 22 24 24
29 38 47 24 54 54 17
48 26 24 15 56 29 30
47 52 38 22 47 55 17
12 55 4 6 15 32 48
25 3 17 47 52 38 53
2 26 46 44 32 29 18
8 18 38 34 32 55 22
12 55 4 8 18 38 50
54 52 34 17 12 53 44
3 48 19 34 32 55 39
15 56 29 21 5 15 52
9 26 47 59 22 51 5
5 34 49 30 53 27 29
58 21 47 38 42 35 24
13 56 40 40 38 5 39
36 56 12 19 21 52 53
12 55 4 40 38 5 17
37 29 0 9 26 47 47
11 4 4 1 7 14 10
0 22 24 37 29 0 25
14 15 45 3 48 19 42
47 52 38 44 32 29 21
34 32 55 30 53 27 35
14 15 45 45 32 14 35
31 53 43 40 38 5 40
59 22 51 24 54 54 32
59 22 51 40 38 5 48
7 44 48 35 54 19 30
35 54 19 53 6 11 48
9 26 47 44 32 29 18
55 51 58 43 55 5 53
27 6 39 32 45 16 45
51 0 31 5 34 49 38
52 52 38 3 48 19 19
50 52 54 46 54 54 2
48 26 24 50 52 54 39
37 29 0 12 55 4 26
58 21 47 35 54 19 43
20 50 36 0 22 24 30
48 26 24 41 4 5 29
11 4 4 12 55 4 51
21 5 15 26 22 51 39
50 52 54 43 55 5 49
34 32 55 33 22 54 10
56 48 57 6 15 32 41
36 56 12 55 51 58 46
55 51 58 35 54 19 39
56 48 57 22 47 55 2
49 34 3 32 45 16 17
31 53 43 20 50 36 7
15 56 29 13 56 40 11
56 48 57 49 34 3 55
47 52 38 51 0 31 52
14 15 45 44 32 29 23
53 6 11 24 54 54 64
50 52 54 57 14 38 41
36 56 12 31 53 43 31
59 22 51 14 15 45 9
45 32 14 35 54 19 22
29 38 47 55 51 58 17
38 42 35 7 44 48 13
7 44 48 49 34 3 46
4 40 26 41 4 5 41
53 6 11 16 42 0 37
21 5 15 41 4 5 10
38 42 35 50 52 54 21
38 42 35 25 3 17 42
16 42 0 45 32 14 17
25 3 17 35 54 19 51
4 40 26 31 53 43 21
15 56 29 16 42 0 32
33 22 54 48 26 24 30
7 44 48 17 12 53 32
32 45 16 39 6 21 39
10 51 48 21 5 15 56
1 7 14 16 42 0 37
54 52 34 18 13 36 39
53 6 11 37 29 0 25
1 7 14 12 55 4 49
40 38 5 29 38 47 42
44 32 29 58 21 47 21
59 22 51 23 3 5 49
36 56 12 46 54 54 42
55 51 58 48 26 24 42
18 13 36 40 38 5 39
45 32 14 30 53 27 24
51 0 31 10 51 48 53
46 54 54 24 54 54 0
7 44 48 57 14 38 31
10 51 48 49 34 3 48
37 29 0 5 34 49 49
42 38 24 21 5 15 34
0 22 24 14 15 45 22
9 26 47 53 6 11 41
29 38 47 31 53 43 15
57 14 38 45 32 14 30
56 48 57 44 32 29 32
47 52 38 38 42 35 10
42 38 24 43 55 5 25
35 54 19 56 48 57 38
44 32 29 50 52 54 32
31 53 43 9 26 47 27
39 6 21 10 51 48 52
54 52 34 10 51 48 14
27 6 39 47 52 38 46
56 48 57 58 21 47 28
25 3 17 8 18 38 25
53 6 11 10 51 48 58
35 54 19 17 12 53 54
45 32 14 42 38 24 11
24 54 54 23 3 5 70
37 29 0 51 0 31 42
20 50 36 25 3 17 50
25 3 17 55 51 58 63
49 34 3 48 26 24 22
27 6 39 34 32 55 30
46 54 54 13 56 40 14
18 13 36 8 18 38 5
10 51 48 34 32 55 20
10 51 48 47 52 38 10
42 38 24 6 15 32 24
35 54 19 29 38 47 32
42 38 24 46 54 54 34
28 35 44 34 32 55 11
4 40 26 39 6 21 34
38 42 35 18 13 36 29
32 45 16 31 53 43 28
29 38 47 59 22 51 16
22 47 55 14 15 45 33
50 52 54 47 52 38 16
26 22 51 32 45 16 41
53 6 11 41 4 5 6
11 4 4 6 15 32 30
43 55 5 44 32 29 33
26 22 51 0 22 24 27
23 3 5 18 13 36 32
50 52 54 26 22 51 30
8 18 38 9 26 47 12
2 26 46 21 5 15 37
56 48 57 39 6 21 55
12 55 4 20 50 36 32
8 18 38 22 47 55 33
17 12 53 3 48 19 49
15 56 29 28 35 44 25
50 52 54 4 40 26 30
28 35 44 42 38 24 20
47 52 38 43 55 5 33
51 0 31 25 3 17 14
44 32 29 45 32 14 15
19 21 52 54 52 34 35
25 3 17 19 21 52 39
27 6 39 5 34 49 29
41 4 5 36 56 12 52
21 5 15 1 7 14 2
38 42 35 37 29 0 37
3 48 19 5 34 49 33
40 38 5 14 15 45 46
28 35 44 16 42 0 44
52 52 38 20 50 36 2
31 53 43 53 6 11 56
36 56 12 29 38 47 39
32 45 16 40 38 5 13
10 51 48 31 53 43 5
3 48 19 1 7 14 41
14 15 45 21 5 15 31
50 52 54 9 26 47 26
32 45 16 46 54 54 39
43 55 5 56 48 57 52
6 15 32 48 26 24 13
49 34 3 3 48 19 21
10 51 48 18 13 36 39
43 55 5 31 53 43 38
0 22 24 57 14 38 16
15 56 29 14 15 45 44
0 22 24 3 48 19 26
36 56 12 17 12 53 60
59 22 51 45 32 14 38
45 32 14 1 7 14 25
3 48 19 35 54 19 6
33 22 54 2 26 46 8
47 52 38 21 5 15 52
50 52 54 33 22 54 30
5 34 49 14 15 45 19
41 4 5 2 26 46 46
47 52 38 26 22 51 32
14 15 45 35 54 19 46
42 38 24 35 54 19 16
37 29 0 19 21 52 52
12 55 4 50 52 54 50
49 34 3 40 38 5 4
59 22 51 32 45 16 41
40 38 5 54 52 34 32
11 4 4 23 3 5 1
39 6 21 12 55 4 51
4 40 26 12 55 4 26
16 42 0 4 40 26 26
18 13 36 51 0 31 13
44 32 29 27 6 39 27
17 12 53 46 54 54 42
41 4 5 7 44 48 58
34 32 55 25 3 17 47
34 32 55 55 51 58 19
10 51 48 11 4 4 64
25 3 17 40 38 5 37
28 35 44 26 22 51 14
27 6 39 35 54 19 52
38 42 35 0 22 24 22
48 26 24 7 44 48 30
6 15 32 39 6 21 14
35 54 19 2 26 46 38
12 55 4 3 48 19 16
41 4 5 57 14 38 34
5 34 49 1 7 14 44
11 4 4 39 6 21 17
21 5 15 39 6 21 6
55 51 58 18 13 36 43
29 38 47 23 3 5 54
1 7 14 24 54 54 61
52 52 38 40 38 5 35
42 38 24 20 50 36 16
44 32 29 16 42 0 30
33 22 54 26 22 51 3
32 45 16 50 52 54 38
3 48 19 57 14 38 38
15 56 29 12 55 4 25
48 26 24 34 32 55 31
17 12 53 16 42 0 60
34 32 55 47 52 38 26
31 53 43 0 22 24 36
3 48 19 28 35 44 28
51 0 31 17 12 53 25
12 55 4 52 52 38 34
5 34 49 29 38 47 4
51 0 31 15 56 29 56
31 53 43 58 21 47 32
23 3 5 26 22 51 49
16 42 0 59 22 51 54
13 56 40 26 22 51 35
15 56 29 10 51 48 19
33 22 54 35 54 19 47
46 54 54 52 52 38 16
54 52 34 14 15 45 38
33 22 54 46 54 54 32
36 56 12 51 0 31 59
11 4 4 37 29 0 25
29 38 47 10 51 48 13
25 3 17 4 40 26 38
11 4 4 22 47 55 66
24 54 54 30 53 27 27
22 47 55 41 4 5 65
19 21 52 20 50 36 33
27 6 39 46 54 54 50
42 38 24 8 18 38 24
14 15 45 19 21 52 9
57 14 38 22 47 55 37
54 52 34 36 56 12 22
18 13 36 41 4 5 32
7 44 48 59 22 51 22
51 0 31 33 22 54 31
23 3 5 48 26 24 29
43 55 5 9 26 47 51
25 3 17 42 38 24 35
54 52 34 25 3 17 51
1 7 14 14 15 45 32
57 14 38 48 26 24 18
6 15 32 7 44 48 33
46 54 54 59 22 51 32
5 34 49 12 55 4 49
29 38 47 16 42 0 47
21 5 15 28 35 44 41
25 3 17 14 15 45 30
24 54 54 27 6 39 50
29 38 47 17 12 53 26
54 52 34 34 32 55 29
33 22 54 6 15 32 23
48 26 24 36 56 12 32
44 32 29 21 5 15 30
5 34 49 8 18 38 19
41 4 5 52 52 38 58
9 26 47 28 35 44 9
23 3 5 35 54 19 52
50 52 54 7 44 48 10
57 14 38 20 50 36 36
55 51 58 38 42 35 24
18 13 36 9 26 47 17
17 12 53 20 50 36 41
35 54 19 52 52 38 19
10 51 48 57 14 38 38
48 26 24 12 55 4 35
52 52 38 37 29 0 44
24 54 54 0 22 24 43
14 15 45 48 26 24 23
13 56 40 23 3 5 63
55 51 58 7 44 48 12
17 12 53 26 22 51 10
38 42 35 44 32 29 11
46 54 54 54 52 34 20
27 6 39 39 6 21 18
41 4 5 30 53 27 53
40 38 5 7 44 48 43
40 38 5 36 56 12 19
12 55 4 51 0 31 61
42 38 24 44 32 29 7
52 52 38 53 6 11 53
31 53 43 14 15 45 38
10 51 48 32 45 16 32
32 45 16 55 51 58 42
12 55 4 41 4 5 51
7 44 48 20 50 36 13
55 51 58 54 52 34 24
36 56 12 43 55 5 7
16 42 0 14 15 45 52
28 35 44 45 32 14 30
57 14 38 13 56 40 42
34 32 55 18 13 36 26
39 6 21 38 42 35 38
47 52 38 23 3 5 59
14 15 45 27 6 39 10
13 56 40 45 32 14 35
27 6 39 42 38 24 35
7 44 48 32 45 16 32
48 26 24 35 54 19 28
49 34 3 58 21 47 45
28 35 44 54 52 34 19
51 0 31 44 32 29 32
10 51 48 59 22 51 29