3 99
4 131
5 140
6 73
7 80
8 167
9 178
10 162
11 129
12 94
13 105
14 114
15 62
16 94
17 142
18 44
19 81
20 173
21 52
22 111
23 128
24 76
25 241
26 196
27 54
28 71
29 161
30 151
31 180
32 178
33 138
34 156
35 102
36 242
37 282
38 134
39 98
40 132
41 119
42 206
43 235
44 179
45 166
46 99
47 165
48 144
49 132
50 175
51 207
52 212
53 275
54 220
55 417
56 178
57 325
58 257
59 185
60 202
61 394
62 759
63 304
64 504
65 200
66 211
67 372
68 449
69 312
70 332
71 444
72 458
73 420
74 510
75 487
76 258
77 340
78 368
79 245
80 308
81 277
82 264
83 323
84 479
85 306
86 461
87 397
88 342
89 507
90 512
91 389
92 444
93 336
94 349
95 503
96 684
97 1725
98 514
99 498
100 412
101 371
102 365
103 379
104 461
105 437
106 1027
107 721
108 412
109 569
110 634
111 554
112 469
113 1329
114 453
115 693
116 674
117 773
118 731
119 1002
120 947
121 731
122 765
123 507
124 610
125 884
126 583
127 764
128 1175
129 675
130 547
131 569
132 659
133 2078
134 935
135 609
136 658
137 659
138 869
139 861
140 783
141 796
142 911
143 851
144 819
145 713
146 731
147 1895
148 819
149 756
150 807
151 777
152 768
153 806
154 813
155 806
156 823
157 838
158 776
159 846
160 865
161 877
162 897
163 891
